0,62,19,0.5,-0.70163,180,0,0,763745
0,23,3,0.5,-0.698525,180,0,0,763755
0,23,2,0.5,-0.69542,180,0,0,763762
0,0,0,0.5,-0.69542,180,0,0,763769
0,39,0,0.5,-0.690155,180,0,0,763793
0,0,0,0.5,-0.690155,180,0,0,763805
0,18,0,0.5,-0.687725,180,0,0,763822
0,28,2,0.5,-0.683945,180,0,0,763838
0,15,3,0.5,-0.68192,180,0,0,763855
0,18,7,0.5,-0.67949,180,0,0,763874
0,18,5,0.5,-0.67706,180,0,0,763891
0,20,5,0.5,-0.67436,180,0,0,763908
0,20,5,0.5,-0.67166,180,0,0,763921
0,17,5,0.5,-0.669365,180,0,0,763942
0,12,5,0.5,-0.667745,180,0,0,763957
0,7,6,0.5,-0.6668,180,0,0,763974
0,3,6,0.5,-0.666395,180,0,0,763990
0,1,7,0.5,-0.66626,180,0,0,764008
0,0,8,0.5,-0.66626,180,0,0,764024
0,0,9,0.5,-0.66626,180,0,0,764041
0,0,8,0.5,-0.66626,180,0,0,764059
0,0,8,0.5,-0.66626,180,0,0,764074
0,1,7,0.5,-0.666125,180,0,0,764090
0,2,6,0.5,-0.665855,180,0,0,764109
0,5,5,0.5,-0.66518,180,0,0,764122
0,6,4,0.5,-0.66437,180,0,0,764138
0,7,4,0.5,-0.663425,180,0,0,764157
0,8,3,0.5,-0.662345,180,0,0,764173
0,11,4,0.5,-0.66086,180,0,0,764190
0,26,8,0.5,-0.65735,180,0,0,764209
0,16,0,0.5,-0.65519,180,0,0,764221
0,16,13,0.5,-0.65303,180,0,0,764248
0,17,9,0.5,-0.650735,180,0,0,764263
0,19,10,0.5,-0.64817,180,0,0,764275
0,22,10,0.5,-0.6452,180,0,0,764291
0,24,11,0.5,-0.64196,180,0,0,764309
0,27,10,0.5,-0.638315,180,0,0,764327
0,29,10,0.5,-0.6344,180,0,0,764342
0,29,8,0.5,-0.630485,180,0,0,764356
0,28,8,0.5,-0.626705,180,0,0,764376
0,26,7,0.5,-0.623195,180,0,0,764391
0,28,6,0.5,-0.619415,180,0,0,764408
0,25,6,0.5,-0.61604,180,0,0,764424
0,23,6,0.5,-0.612935,180,0,0,764443
0,20,7,0.5,-0.610235,180,0,0,764457
0,18,6,0.5,-0.607805,180,0,0,764474
0,16,6,0.5,-0.605645,180,0,0,764491
0,16,6,0.5,-0.603485,180,0,0,764507
0,30,7,0.5,-0.599435,180,0,0,764536
0,14,2,0.5,-0.597545,180,0,0,764550
0,13,1,0.5,-0.59579,180,0,0,764559
0,0,0,0.5,-0.59579,180,0,0,764571
0,9,0,0.5,-0.594575,180,0,0,764588
0,5,2,0.5,-0.5939,180,0,0,764608
0,0,3,0.5,-0.5939,180,0,0,764625
0,-1,5,0.5,-0.594035,180,0,0,764640
0,-1,6,0.5,-0.59417,180,0,0,764664
0,1,6,0.5,-0.594035,180,0,0,764677
0,2,5,0.5,-0.593765,180,0,0,764691
0,3,3,0.5,-0.59336,180,0,0,764706
0,5,3,0.5,-0.592685,180,0,0,764724
0,5,2,0.5,-0.59201,180,0,0,764739
0,7,1,0.5,-0.591065,180,0,0,764755
0,8,0,0.5,-0.589985,180,0,0,764774
0,10,0,0.5,-0.588635,180,0,0,764788
0,12,-1,0.5,-0.587015,180,0,0,764808
0,15,-2,0.5,-0.58499,180,0,0,764827
0,16,-2,0.5,-0.58283,180,0,0,764844
0,20,-3,0.5,-0.58013,180,0,0,764857
0,22,-2,0.5,-0.57716,180,0,0,764873
0,26,-2,0.5,-0.57365,180,0,0,764892
0,27,-2,0.5,-0.570005,180,0,0,764907
0,32,0,0.5,-0.565685,180,0,0,764923
0,34,-1,0.5,-0.561095,180,0,0,764938
0,34,0,0.5,-0.556505,180,0,0,764955
0,36,0,0.5,-0.551645,180,0,0,764974
0,35,-2,0.5,-0.54692,180,0,0,764991
0,50,-7,0.5,-0.54017,180,0,0,765010
0,18,-4,0.5,-0.53774,180,0,0,765027
0,15,-3,0.5,-0.535715,180,0,0,765040
0,11,-3,0.5,-0.53423,180,0,0,765056
0,11,-2,0.5,-0.532745,180,0,0,765075
0,13,0,0.5,-0.53099,180,0,0,765090
0,15,0,0.5,-0.528965,180,0,0,765107
0,17,2,0.5,-0.52667,180,0,0,765127
0,18,3,0.5,-0.52424,180,0,0,765139
0,17,2,0.5,-0.521945,180,0,0,765158
0,17,2,0.5,-0.51965,180,0,0,765174
0,19,1,0.5,-0.517085,180,0,0,765190
0,18,0,0.5,-0.514655,180,0,0,765207
0,16,0,0.5,-0.512495,180,0,0,765223
0,11,-2,0.5,-0.51101,180,0,0,765241
0,8,-2,0.5,-0.50993,180,0,0,765257
0,5,-2,0.5,-0.509255,180,0,0,765274
0,4,-2,0.5,-0.508715,180,0,0,765289
0,2,0,0.5,-0.508445,180,0,0,765309
0,1,0,0.5,-0.50831,180,0,0,765325
0,2,0,0.5,-0.50804,180,0,0,765342
0,4,0,0.5,-0.5075,180,0,0,765356
0,14,-4,0.5,-0.50561,180,0,0,765376
0,13,-4,0.5,-0.503855,180,0,0,765391
0,13,-4,0.5,-0.5021,180,0,0,765411
0,16,-3,0.5,-0.49994,180,0,0,765426
0,18,-2,0.5,-0.49751,180,0,0,765441
0,18,-2,0.5,-0.49508,180,0,0,765458
0,20,-2,0.5,-0.49238,180,0,0,765476
0,23,-5,0.5,-0.489275,180,0,0,765497
0,26,-5,0.5,-0.485765,180,0,0,765507
0,26,-8,0.5,-0.482255,180,0,0,765524
0,25,-7,0.5,-0.47888,180,0,0,765542
0,23,-7,0.5,-0.475775,180,0,0,765559
0,26,-8,0.5,-0.472265,180,0,0,765575
0,27,-7,0.5,-0.46862,180,0,0,765593
0,31,-8,0.5,-0.464435,180,0,0,765608
0,31,-8,0.5,-0.46025,180,0,0,765626
0,31,-8,0.5,-0.456065,180,0,0,765643
0,28,-8,0.5,-0.452285,180,0,0,765662
0,38,-13,0.5,-0.447155,180,0,0,765683
0,0,0,0.5,-0.447155,180,0,0,765692
0,14,-7,0.5,-0.445265,180,0,0,765709
0,6,-5,0.5,-0.444455,180,0,0,765728
0,7,-7,0.5,-0.44351,180,0,0,765743
0,4,-2,0.5,-0.44297,180,0,0,765760
0,7,0,0.5,-0.442025,180,0,0,765775
0,10,0,0.5,-0.440675,180,0,0,765790
0,14,0,0.5,-0.438785,180,0,0,765807
0,14,0,0.5,-0.436895,180,0,0,765830
0,14,0,0.5,-0.435005,180,0,0,765841
0,13,-1,0.5,-0.43325,180,0,0,765859
0,14,-3,0.5,-0.43136,180,0,0,765875
0,14,-3,0.5,-0.42947,180,0,0,765900
0,15,-3,0.5,-0.427445,180,0,0,765913
0,15,-4,0.5,-0.42542,180,0,0,765926
0,18,-4,0.5,-0.42299,180,0,0,765942
0,19,-5,0.5,-0.420425,180,0,0,765960
0,19,-5,0.5,-0.41786,180,0,0,765980
0,22,-6,0.5,-0.41489,180,0,0,765996
0,22,-8,0.5,-0.41192,180,0,0,766011
0,18,-9,0.5,-0.40949,180,0,0,766027
0,14,-11,0.5,-0.4076,180,0,0,766047
0,9,-12,0.5,-0.406385,180,0,0,766065
0,13,-25,0.5,-0.40463,180,0,0,766099
0,21,-21,0.5,-0.401795,180,0,0,766126
0,37,-17,0.5,-0.3968,180,0,0,766147
0,26,-8,0.5,-0.39329,180,0,0,766162
0,0,0,0.5,-0.39329,180,0,0,766168
0,27,-7,0.5,-0.389645,180,0,0,766177
0,29,-8,0.5,-0.38573,180,0,0,766195
0,29,-7,0.5,-0.381815,180,0,0,766212
0,26,-6,0.5,-0.378305,180,0,0,766229
0,25,-6,0.5,-0.37493,180,0,0,766248
0,21,-7,0.5,-0.372095,180,0,0,766262
0,15,-8,0.5,-0.37007,180,0,0,766277
0,12,-10,0.5,-0.36845,180,0,0,766296
0,8,-11,0.5,-0.36737,180,0,0,766313
0,5,-10,0.5,-0.366695,180,0,0,766329
0,7,-9,0.5,-0.36575,180,0,0,766347
0,9,-7,0.5,-0.364535,180,0,0,766365
0,15,-7,0.5,-0.36251,180,0,0,766381
0,18,-5,0.5,-0.36008,180,0,0,766394
0,22,-6,0.5,-0.35711,180,0,0,766411
0,25,-5,0.5,-0.353735,180,0,0,766428
0,28,-4,0.5,-0.349955,180,0,0,766446
0,31,-4,0.5,-0.34577,180,0,0,766461
0,29,-3,0.5,-0.341855,180,0,0,766476
0,29,-4,0.5,-0.33794,180,0,0,766496
0,27,-3,0.5,-0.334295,180,0,0,766511
0,51,-9,0.5,-0.32741,180,0,0,766533
0,23,-8,0.5,-0.324305,180,0,0,766549
0,18,-9,0.5,-0.321875,180,0,0,766566
0,17,-11,0.5,-0.31958,180,0,0,766583
0,12,-12,0.5,-0.31796,180,0,0,766596
0,13,-11,0.5,-0.316205,180,0,0,766616
0,16,-10,0.5,-0.314045,180,0,0,766630
0,22,-9,0.5,-0.311075,180,0,0,766648
0,27,-9,0.5,-0.30743,180,0,0,766666
0,31,-8,0.5,-0.303245,180,0,0,766680
0,33,-7,0.5,-0.29879,180,0,0,766696
0,35,-6,0.5,-0.294065,180,0,0,766711
0,35,-5,0.5,-0.28934,180,0,0,766729
0,35,-5,0.5,-0.284615,180,0,0,766747
0,33,-4,0.5,-0.28016,180,0,0,766761
0,33,-5,0.5,-0.275705,180,0,0,766777
0,28,-6,0.5,-0.271925,180,0,0,766795
0,25,-8,0.5,-0.26855,180,0,31,766815
0,42,-17,0.5,-0.26288,180,0,31,766836
0,19,-9,0.5,-0.260315,180,0,31,766851
0,0,0,0.5,-0.260315,180,0,0,766859
0,23,-8,0.5,-0.25721,180,0,0,766881
0,54,-12,0.5,-0.24992,180,0,0,766898
0,34,-10,0.5,-0.24533,180,0,0,766915
0,35,-6,0.5,-0.240605,180,0,0,766930
0,36,-6,0.5,-0.235745,180,0,0,766944
0,36,-5,0.5,-0.230885,180,0,0,766962
0,33,-5,0.5,-0.22643,180,0,31,766979
0,33,-5,0.5,-0.221975,180,0,31,766995
0,28,-5,0.5,-0.218195,180,0,31,767014
0,31,-6,0.5,-0.21401,180,0,0,767034
0,27,-5,0.5,-0.210365,180,0,0,767049
0,25,-6,0.5,-0.20699,180,0,0,767062
0,24,-7,0.5,-0.20375,180,0,0,767082
0,20,-7,0.5,-0.20105,180,0,0,767094
0,20,-7,0.5,-0.19835,180,0,0,767116
0,21,-7,0.5,-0.195515,180,0,0,767133
0,22,-6,0.5,-0.192545,180,0,0,767147
0,25,-5,0.5,-0.18917,180,0,31,767161
0,26,-5,0.5,-0.18566,180,0,0,767194
0,53,-8,0.5,-0.178505,180,0,0,767207
0,27,-2,0.5,-0.17486,180,0,0,767220
0,0,0,0.5,-0.17486,180,0,0,767226
0,27,-2,0.5,-0.171215,180,0,0,767247
0,26,-1,0.5,-0.167705,180,0,0,767261
0,27,-2,0.5,-0.16406,180,0,0,767278
0,61,-5,0.5,-0.155825,180,0,0,767297
0,32,-3,0.5,-0.151505,180,0,0,767310
0,32,-8,0.5,-0.147185,180,0,0,767332
0,26,-8,0.5,-0.143675,180,0,0,767346
0,25,-10,0.5,-0.1403,180,0,0,767369
0,23,-11,0.5,-0.137195,180,0,0,767381
0,25,-11,0.5,-0.13382,180,0,0,767403
0,28,-9,0.5,-0.13004,180,0,0,767414
0,31,-9,0.5,-0.125855,180,0,31,767429
0,32,-8,0.5,-0.121535,180,0,31,767446
0,32,-6,0.5,-0.117215,180,0,31,767462
0,30,-7,0.5,-0.113165,180,0,0,767482
0,29,-6,0.5,-0.10925,180,0,0,767502
0,27,-7,0.5,-0.105605,180,0,0,767516
0,27,-8,0.5,-0.10196,180,0,0,767530
0,28,-9,0.5,-0.09818,180,0,0,767548
0,27,-10,0.5,-0.094535,180,0,31,767569
0,26,-11,0.5,-0.091025,180,0,31,767583
0,23,-12,0.5,-0.08792,180,0,31,767601
0,20,-13,0.5,-0.08522,180,0,31,767616
0,39,-25,0.5,-0.079955,180,0,0,767640
0,21,-11,0.5,-0.07712,180,0,0,767655
0,22,-10,0.5,-0.07415,180,0,0,767668
0,22,-9,0.5,-0.07118,180,0,0,767682
0,21,-1,0.5,-0.068345,180,0,0,767696
0,21,-18,0.5,-0.06551,180,0,0,767718
0,19,-8,0.5,-0.062945,180,0,0,767731
0,18,-8,0.5,-0.060515,180,0,31,767750
0,21,-9,0.5,-0.05768,180,0,31,767763
0,24,-9,0.5,-0.05444,180,0,31,767779
0,28,-8,0.5,-0.05066,180,0,31,767799
0,30,-8,0.5,-0.04661,180,0,0,767813
0,33,-9,0.5,-0.042155,180,0,0,767830
0,34,-9,0.5,-0.037565,180,0,0,767847
0,36,-9,0.5,-0.032705,180,0,0,767863
0,35,-10,0.5,-0.02798,180,0,0,767880
0,32,-10,0.5,-0.02366,180,0,31,767901
0,29,-12,0.5,-0.019745,180,0,31,767915
0,27,-12,0.5,-0.0161,180,0,31,767932
0,25,-11,0.5,-0.012725,180,0,31,767950
0,25,-9,0.5,-0.00935,180,0,0,767966
0,52,-12,0.5,-0.00233,180,0,0,767985
0,0,-1,0.5,-0.00233,180,0,0,768000
0,28,-6,0.5,0.00145,180,0,0,768014
0,29,-7,0.5,0.005365,180,0,0,768030
0,58,-15,0.5,0.013195,180,0,0,768051
0,32,-10,0.5,0.017515,180,0,31,768068
0,34,-9,0.5,0.022105,180,0,31,768082
0,33,-9,0.5,0.02656,180,0,31,768099
0,33,-10,0.5,0.031015,180,0,0,768114
0,29,-11,0.5,0.03493,180,0,0,768136
0,28,-12,0.5,0.03871,180,0,0,768150
0,26,-12,0.5,0.04222,180,0,0,768165
0,26,-11,0.5,0.04573,180,0,0,768184
0,27,-11,0.5,0.049375,180,0,0,768200
0,26,-10,0.5,0.052885,180,0,0,768215
0,22,-10,0.5,0.055855,180,0,31,768232
0,18,-11,0.5,0.058285,180,0,31,768255
0,15,-11,0.5,0.06031,180,0,31,768267
0,15,-11,0.5,0.062335,180,0,0,768284
0,16,-12,0.5,0.064495,180,0,0,768302
0,19,-13,0.5,0.06706,180,0,0,768319
0,21,-13,0.5,0.069895,180,0,0,768334
0,26,-13,0.5,0.073405,180,0,0,768351
0,28,-12,0.5,0.077185,180,0,31,768368
0,32,-12,0.5,0.081505,180,0,31,768387
0,35,-11,0.5,0.08623,180,0,31,768400
0,75,-21,0.5,0.096355,180,0,31,768425
0,35,-10,0.5,0.10108,180,0,0,768443
0,34,-9,0.5,0.10567,180,0,0,768460
0,30,-8,0.5,0.10972,180,0,0,768469
0,28,-2,0.5,0.1135,180,0,0,768480
0,24,-15,0.5,0.11674,180,0,0,768501
0,23,-11,0.5,0.119845,180,0,0,768520
0,19,-12,0.5,0.12241,180,0,0,768534
0,18,-13,0.5,0.12484,180,0,0,768552
0,17,-14,0.5,0.127135,180,0,0,768567
0,16,-13,0.5,0.129295,180,0,31,768583
0,19,-13,0.5,0.13186,180,0,31,768600
0,23,-13,0.5,0.134965,180,0,31,768621
0,28,-13,0.5,0.138745,180,0,0,768641
0,29,-11,0.5,0.14266,180,0,0,768650
0,32,-11,0.5,0.14698,180,0,0,768668
0,31,-11,0.5,0.151165,180,0,0,768683
0,32,-11,0.5,0.155485,180,0,0,768702
0,54,-22,0.5,0.162775,180,0,0,768726
0,0,0,0.5,0.162775,180,0,0,768732
0,24,-11,0.5,0.166015,180,0,0,768750
0,24,-12,0.5,0.169255,180,0,0,768767
0,54,-22,0.5,0.176545,180,0,0,768789
0,0,-2,0.5,0.176545,180,0,0,768796
0,70,-25,0.5,0.185995,180,0,0,768823
0,38,-12,0.5,0.191125,180,0,31,768837
0,38,-13,0.5,0.196255,180,0,31,768852
0,36,-13,0.5,0.201115,180,0,31,768868
0,32,-13,0.5,0.205435,180,0,31,768887
0,28,-13,0.5,0.209215,180,0,0,768906
0,26,-12,0.5,0.212725,180,0,0,768916
0,23,-11,0.5,0.21583,180,0,0,768938
0,25,-11,0.5,0.219205,180,0,0,768949
0,27,-12,0.5,0.22285,180,0,0,768967
0,28,-12,0.5,0.22663,180,0,0,768987
0,28,-12,0.5,0.23041,180,0,31,769003
0,30,-13,0.5,0.23446,180,0,31,769018
0,30,-12,0.5,0.23851,180,0,31,769034
0,30,-12,0.5,0.24256,180,0,31,769053
0,30,-11,0.5,0.24661,180,0,31,769069
0,28,-11,0.5,0.25039,180,0,0,769086
0,26,-10,0.5,0.2539,180,0,0,769100
0,25,-9,0.5,0.257275,180,0,0,769121
0,25,-10,0.5,0.26065,180,0,0,769138
0,23,-10,0.5,0.263755,180,0,0,769150
0,22,-10,0.5,0.266725,180,1,31,769168
0,21,-11,0.5,0.26956,180,1,31,769184
0,35,-20,0.5,0.274285,180,1,31,769208
0,13,-9,0.5,0.27604,180,0,31,769219
0,12,-9,0.5,0.27766,180,0,31,769235
0,7,-7,0.5,0.278605,180,0,31,769252
0,6,-6,0.5,0.279415,180,0,0,769271
0,4,-5,0.5,0.279955,180,0,0,769285
0,1,-4,0.5,0.28009,180,0,0,769300
0,-1,-3,0.5,0.279955,180,0,31,769316
0,-2,-3,0.5,0.279685,180,0,31,769332
0,-4,-3,0.5,0.279145,180,0,31,769355
0,-4,-3,0.5,0.278605,180,0,31,769365
0,-7,-4,0.5,0.27766,180,0,31,769381
0,-6,-4,0.5,0.27685,180,0,0,769399
0,-7,-4,0.5,0.275905,180,0,0,769417
0,-5,-3,0.5,0.27523,180,0,31,769432
0,-4,-2,0.5,0.27469,180,0,31,769449
0,0,-1,0.5,0.27469,180,0,0,769468
0,1,-1,0.5,0.274825,180,0,0,769482
0,4,-2,0.5,0.275365,180,0,0,769498
0,7,-5,0.5,0.27631,180,0,0,769521
0,0,0,0.5,0.27631,180,0,0,769533
0,4,-4,0.5,0.27685,180,0,0,769548
0,5,-4,0.5,0.277525,180,0,0,769569
0,10,-8,0.5,0.278875,180,0,31,769588
0,7,-4,0.5,0.27982,180,0,31,769600
0,6,-3,0.5,0.28063,180,0,0,769617
0,7,-3,0.5,0.281575,180,0,0,769634
0,7,-2,0.5,0.28252,180,0,0,769649
0,9,-1,0.5,0.283735,180,0,0,769668
0,8,-1,0.5,0.284815,180,0,31,769684
0,6,-1,0.5,0.285625,180,0,31,769700
0,2,-2,0.5,0.285895,180,0,31,769718
0,0,-2,0.5,0.285895,180,0,0,769732
0,-3,-4,0.5,0.28549,180,0,0,769749
0,-1,-4,0.5,0.285355,180,0,0,769769
0,1,-3,0.5,0.28549,180,0,0,769785
0,4,-2,0.5,0.28603,180,0,0,769799
0,6,-2,0.5,0.28684,180,0,31,769815
0,5,0,0.5,0.287515,180,0,31,769832
0,6,0,0.5,0.288325,180,0,31,769850
0,5,0,0.5,0.289,180,0,0,769865
0,5,0,0.5,0.289675,180,0,0,769883
0,11,1,0.5,0.29116,180,0,0,769903
0,6,1,0.5,0.29197,180,0,0,769920
0,0,0,0.5,0.29197,180,0,31,769933
0,7,0,0.5,0.292915,180,0,31,769949
0,16,1,0.5,0.295075,180,0,31,769970
0,7,0,0.5,0.29602,180,0,0,769983
0,7,0,0.5,0.296965,180,0,0,769998
0,6,-1,0.5,0.297775,180,0,0,770018
0,6,-1,0.5,0.298585,180,0,0,770032
0,6,-1,0.5,0.299395,180,0,0,770048
0,5,-1,0.5,0.30007,180,0,0,770067
0,5,-1,0.5,0.300745,180,0,31,770084
0,6,-1,0.5,0.301555,180,0,31,770099
0,5,-1,0.5,0.30223,180,0,0,770122
0,5,-1,0.5,0.302905,180,0,0,770133
0,5,-1,0.5,0.30358,180,0,0,770150
0,4,0,0.5,0.30412,180,0,0,770174
0,5,0,0.5,0.304795,180,0,0,770186
0,5,0,0.5,0.30547,180,0,0,770201
0,6,0,0.5,0.30628,180,0,31,770216
0,6,0,0.5,0.30709,180,0,31,770233
0,5,0,0.5,0.307765,180,0,0,770250
0,5,-1,0.5,0.30844,180,0,0,770267
0,4,0,0.5,0.30898,180,0,0,770282
0,4,0,0.5,0.30952,180,0,0,770298
0,11,0,0.5,0.311005,180,0,31,770316
0,0,0,0.5,0.311005,180,0,31,770331
0,6,1,0.5,0.311815,180,0,31,770350
0,10,0,0.5,0.313165,180,0,0,770367
0,4,0,0.5,0.313705,180,0,0,770383
0,4,-1,0.5,0.314245,180,0,0,770399
0,6,-1,0.5,0.315055,180,0,0,770422
0,6,0,0.5,0.315865,180,0,31,770439
0,7,0,0.5,0.31681,180,0,31,770451
0,7,0,0.5,0.317755,180,0,31,770467
0,6,0,0.5,0.318565,180,0,31,770482
0,6,-1,0.5,0.319375,180,0,0,770499
0,3,-1,0.5,0.31978,180,0,0,770517
0,3,-2,0.5,0.320185,180,0,0,770536
0,4,-1,0.5,0.320725,180,0,0,770552
0,4,-1,0.5,0.321265,180,0,31,770572
0,5,-1,0.5,0.32194,180,0,31,770584
0,5,-1,0.5,0.322615,180,0,31,770601
0,6,-1,0.5,0.323425,180,0,31,770617
0,5,-1,0.5,0.3241,180,0,0,770636
0,13,-2,0.5,0.325855,180,0,0,770656
0,0,0,0.5,0.325855,180,0,0,770667
0,7,-1,0.5,0.3268,180,0,0,770683
0,9,-1,0.5,0.328015,180,0,31,770702
0,20,-2,0.5,0.330715,180,0,31,770720
0,9,0,0.5,0.33193,180,0,31,770737
0,9,0,0.5,0.333145,180,0,0,770751
0,7,0,0.5,0.33409,180,0,0,770769
0,6,0,0.5,0.3349,180,0,0,770784
0,4,0,0.5,0.33544,180,0,0,770800
0,4,1,0.5,0.33598,180,0,0,770817
0,5,0,0.5,0.336655,180,0,31,770839
0,5,0,0.5,0.33733,180,0,31,770852
0,5,1,0.5,0.338005,180,0,31,770867
0,2,0,0.5,0.338275,180,0,31,770883
0,0,1,0.5,0.338275,180,0,0,770901
0,1,1,0.5,0.33841,180,0,0,770919
0,0,1,0.5,0.33841,180,0,0,770934
0,1,1,0.5,0.338545,180,0,0,770951
0,2,1,0.5,0.338815,180,0,31,770971
0,3,2,0.5,0.33922,180,0,31,770986
0,4,2,0.5,0.33976,180,0,31,771001
0,4,2,0.5,0.3403,180,0,0,771020
0,8,3,0.5,0.34138,180,0,0,771042
0,0,0,0.5,0.34138,180,0,0,771050
0,7,2,0.5,0.342325,180,0,0,771068
0,6,2,0.5,0.343135,180,0,31,771087
0,14,2,0.5,0.345025,180,0,31,771102
0,0,0,0.5,0.345025,180,0,31,771118
0,6,1,0.5,0.345835,180,0,0,771135
0,11,2,0.5,0.34732,180,0,0,771153
0,6,1,0.5,0.34813,180,0,0,771174
0,8,0,0.5,0.34921,180,0,0,771185
0,9,0,0.5,0.350425,180,0,31,771201
0,9,0,0.5,0.35164,180,0,31,771217
0,8,0,0.5,0.35272,180,0,31,771234
0,5,0,0.5,0.353395,180,0,31,771251
0,3,0,0.5,0.3538,180,0,0,771268
0,2,0,0.5,0.35407,180,0,0,771285
0,0,0,0.5,0.35407,180,0,0,771304
0,0,0,0.5,0.35407,180,0,0,771320
0,0,0,0.5,0.35407,180,0,0,771334
0,-1,-1,0.5,0.353935,180,0,31,771354
0,3,0,0.5,0.35434,180,0,31,771367
0,6,0,0.5,0.35515,180,0,31,771384
0,6,0,0.5,0.35596,180,0,31,771401
0,6,0,0.5,0.35677,180,0,0,771418
0,4,0,0.5,0.35731,180,0,0,771434
0,3,0,0.5,0.357715,180,0,0,771451
0,4,0,0.5,0.358255,180,0,0,771467
0,4,0,0.5,0.358795,180,0,31,771487
0,7,1,0.5,0.35974,180,0,31,771501
0,14,2,0.5,0.36163,180,0,31,771518
0,3,1,0.5,0.362035,180,0,0,771536
0,3,1,0.5,0.36244,180,0,0,771551
0,3,1,0.5,0.362845,180,0,0,771570
0,3,1,0.5,0.36325,180,0,0,771586
0,4,1,0.5,0.36379,180,0,0,771602
0,4,1,0.5,0.36433,180,0,31,771619
0,4,1,0.5,0.36487,180,0,31,771639
0,2,1,0.5,0.36514,180,0,31,771653
0,1,2,0.5,0.365275,180,0,0,771672
0,0,1,0.5,0.365275,180,0,0,771688
0,0,1,0.5,0.365275,180,0,0,771702
0,1,1,0.5,0.36541,180,0,0,771719
0,2,1,0.5,0.36568,180,0,0,771742
0,3,1,0.5,0.366085,180,0,31,771753
0,3,1,0.5,0.36649,180,0,31,771768
0,3,2,0.5,0.366895,180,0,31,771791
0,0,0,0.5,0.366895,180,0,0,771806
0,0,0,0.5,0.366895,180,0,0,771822
0,0,1,0.5,0.366895,180,0,0,771836
0,3,0,0.5,0.3673,180,0,0,771852
0,3,0,0.5,0.367705,180,0,31,771871
0,2,0,0.5,0.367975,180,0,31,771886
0,0,0,0.5,0.367975,180,0,31,771902
0,-2,0,0.5,0.367705,180,0,0,771919
0,-3,0,0.5,0.3673,180,0,0,771935
0,-3,0,0.5,0.366895,180,0,0,771956
0,-2,0,0.5,0.366625,180,0,0,771969
0,0,0,0.5,0.366625,180,0,0,771985
0,4,0,0.5,0.367165,180,0,0,772002
0,2,0,0.5,0.367435,180,0,31,772020
0,2,0,0.5,0.367705,180,0,31,772038
0,1,0,0.5,0.36784,180,0,31,772052
0,0,0,0.5,0.36784,180,0,0,772069
0,0,0,0.5,0.36784,180,0,0,772086
0,-1,0,0.5,0.367705,180,0,0,772103
0,0,0,0.5,0.367705,180,0,0,772119
0,0,0,0.5,0.367705,180,0,31,772136
0,2,0,0.5,0.367975,180,0,31,772152
0,0,0,0.5,0.367975,180,0,31,772169
0,0,0,0.5,0.367975,180,0,31,772186
0,0,0,0.5,0.367975,180,0,0,772202
0,4,0,0.5,0.368515,180,0,0,772221
0,0,0,0.5,0.368515,180,0,0,772236
0,3,0,0.5,0.36892,180,0,0,772252
0,7,0,0.5,0.369865,180,0,31,772272
0,0,0,0.5,0.369865,180,0,31,772288
0,0,0,0.5,0.369865,180,0,31,772303
0,-4,1,0.5,0.369325,180,0,0,772324
0,-2,0,0.5,0.369055,180,0,0,772338
0,-1,0,0.5,0.36892,180,0,0,772352
0,0,0,0.5,0.36892,180,0,0,772370
0,0,0,0.5,0.36892,180,0,31,772387
0,0,0,0.5,0.36892,180,0,31,772403
0,0,0,0.5,0.36892,180,0,31,772419
0,-2,0,0.5,0.36865,180,0,31,772437
0,-6,0,0.5,0.36784,180,0,0,772455
0,-5,0,0.5,0.367165,180,0,0,772470
0,-5,0,0.5,0.36649,180,0,0,772486
0,-4,0,0.5,0.36595,180,0,0,772503
0,-3,0,0.5,0.365545,180,0,0,772522
0,-1,0,0.5,0.36541,180,0,31,772536
0,-1,0,0.5,0.365275,180,0,31,772554
0,-2,0,0.5,0.365005,180,0,31,772571
0,-3,0,0.5,0.3646,180,0,0,772587
0,-5,0,0.5,0.363925,180,0,0,772603
0,-10,0,0.5,0.362575,180,0,0,772622
0,-3,0,0.5,0.36217,180,0,0,772637
0,-2,0,0.5,0.3619,180,0,0,772654
0,0,0,0.5,0.3619,180,0,0,772672
0,0,-1,0.5,0.3619,180,0,31,772687
0,4,0,0.5,0.36244,180,0,31,772704
0,3,0,0.5,0.362845,180,0,31,772720
0,2,-1,0.5,0.363115,180,0,0,772738
0,3,-1,0.5,0.36352,180,0,0,772755
0,1,-1,0.5,0.363655,180,0,0,772773
0,1,0,0.5,0.36379,180,0,0,772789
0,2,-1,0.5,0.36406,180,0,0,772805
0,2,0,0.5,0.36433,180,0,31,772824
0,0,0,0.5,0.36433,180,0,31,772838
0,-1,-1,0.5,0.364195,180,0,31,772860
0,-5,0,0.5,0.36352,180,0,31,772871
0,-6,0,0.5,0.36271,180,0,0,772888
0,-9,0,0.5,0.361495,180,0,0,772906
0,-13,0,0.5,0.35974,180,0,0,772923
0,-16,0,0.5,0.35758,180,0,0,772939
0,-20,0,0.5,0.35488,180,0,0,772954
0,-22,0,0.5,0.35191,180,0,0,772971
0,-25,0,0.5,0.348535,180,0,0,772987
0,-48,0,0.5,0.342055,180,0,0,773006
0,0,0,0.5,0.342055,180,0,0,773020
0,-41,0,0.5,0.33652,180,0,0,773039
0,-18,1,0.5,0.33409,180,0,0,773055
0,-15,0,0.5,0.332065,180,0,0,773071
0,-13,0,0.5,0.33031,180,0,0,773088
0,-10,0,0.5,0.32896,180,0,0,773104
0,-8,0,0.5,0.32788,180,0,0,773121
0,-5,1,0.5,0.327205,180,0,0,773139
0,-2,1,0.5,0.326935,180,0,0,773159
0,-1,2,0.5,0.3268,180,0,0,773172
0,0,1,0.5,0.3268,180,0,0,773190
0,0,1,0.5,0.3268,180,0,0,773208
0,0,1,0.5,0.3268,180,0,0,773222
0,0,0,0.5,0.3268,180,0,0,773239
0,0,0,0.5,0.3268,180,0,0,773255
0,1,0,0.5,0.326935,180,0,0,773271
0,1,0,0.5,0.32707,180,0,0,773288
0,6,1,0.5,0.32788,180,0,0,773308
0,4,1,0.5,0.32842,180,0,0,773322
0,4,1,0.5,0.32896,180,0,0,773339
0,6,1,0.5,0.32977,180,0,0,773355
0,7,0,0.5,0.330715,180,0,0,773371
0,7,0,0.5,0.33166,180,0,0,773393
0,0,0,0.5,0.33166,180,0,0,773405
0,-2,0,0.5,0.33139,180,0,0,773423
0,-5,0,0.5,0.330715,180,0,0,773439
0,-9,0,0.5,0.3295,180,0,0,773457
0,-11,-1,0.5,0.328015,180,0,0,773475
0,-14,0,0.5,0.326125,180,0,0,773488
0,-14,0,0.5,0.324235,180,0,0,773505
0,-16,0,0.5,0.322075,180,0,0,773526
0,-13,0,0.5,0.32032,180,0,0,773541
0,-11,0,0.5,0.318835,180,0,0,773558
0,-9,-1,0.5,0.31762,180,0,0,773573
0,-7,-2,0.5,0.316675,180,0,0,773591
0,-5,-2,0.5,0.316,180,0,0,773609
0,-5,-2,0.5,0.315325,180,0,0,773625
0,-5,-2,0.5,0.31465,180,0,0,773640
0,-6,-3,0.5,0.31384,180,0,0,773663
0,-3,-2,0.5,0.313435,180,0,0,773678
0,-4,-2,0.5,0.312895,180,0,0,773690
0,-9,-3,0.5,0.31168,180,0,0,773709
0,0,0,0.5,0.31168,180,0,0,773724
0,-9,-1,0.5,0.310465,180,0,0,773739
0,-9,0,0.5,0.30925,180,0,0,773757
0,-18,0,0.5,0.30682,180,0,0,773773
0,-4,0,0.5,0.30628,180,0,0,773789
0,-1,0,0.5,0.306145,180,0,0,773806
0,-1,0,0.5,0.30601,180,0,0,773825
0,-1,0,0.5,0.305875,180,0,0,773838
0,1,1,0.5,0.30601,180,0,0,773857
0,2,1,0.5,0.30628,180,0,0,773872
0,4,1,0.5,0.30682,180,0,0,773889
0,0,0,0.5,0.30682,180,0,0,773906
0,0,0,0.5,0.30682,180,0,0,773922
0,-4,0,0.5,0.30628,180,0,0,773940
0,-5,0,0.5,0.305605,180,0,0,773958
0,-6,0,0.5,0.304795,180,0,0,773973
0,-3,0,0.5,0.30439,180,0,0,773989
0,-1,0,0.5,0.304255,180,0,0,774008
0,3,0,0.5,0.30466,180,0,0,774023
0,5,-1,0.5,0.305335,180,0,0,774041
0,5,-1,0.5,0.30601,180,0,0,774060
0,4,-1,0.5,0.30655,180,0,0,774074
0,2,-1,0.5,0.30682,180,0,0,774090
0,-2,-2,0.5,0.30655,180,0,0,774109
0,0,0,0.5,0.30655,180,0,0,774123
0,-7,-2,0.5,0.305605,180,0,0,774142
0,-1,-1,0.5,0.30547,180,0,0,774159
0,0,-1,0.5,0.30547,180,0,0,774173
0,2,-1,0.5,0.30574,180,0,0,774190
0,1,0,0.5,0.305875,180,0,0,774208
0,-1,0,0.5,0.30574,180,0,0,774223
0,-3,0,0.5,0.305335,180,0,0,774246
0,-6,0,0.5,0.304525,180,0,0,774258
0,-8,0,0.5,0.303445,180,0,0,774273
0,-7,0,0.5,0.3025,180,0,0,774291
0,-6,0,0.5,0.30169,180,0,0,774309
0,-3,0,0.5,0.301285,180,0,0,774324
0,-3,-1,0.5,0.30088,180,0,0,774340
0,-1,-2,0.5,0.300745,180,0,0,774358
0,-1,-2,0.5,0.30061,180,0,0,774377
0,-3,-3,0.5,0.300205,180,0,0,774393
0,-5,-2,0.5,0.29953,180,0,0,774408
0,-5,-1,0.5,0.298855,180,0,0,774424
0,-8,0,0.5,0.297775,180,0,0,774444
0,-12,1,0.5,0.296155,180,0,0,774459
0,-14,1,0.5,0.294265,180,0,0,774474
0,-16,0,0.5,0.292105,180,0,0,774490
0,-39,-1,0.5,0.28684,180,0,0,774509
0,-19,-3,0.5,0.284275,180,0,0,774526
0,-17,-3,0.5,0.28198,180,0,0,774547
0,-14,-3,0.5,0.28009,180,0,0,774560
0,-11,-3,0.5,0.278605,180,0,0,774574
0,-7,-3,0.5,0.27766,180,0,0,774592
0,-2,-3,0.5,0.27739,180,0,0,774609
0,2,-3,0.5,0.27766,180,0,0,774627
0,8,-3,0.5,0.27874,180,0,0,774647
0,10,-1,0.5,0.28009,180,0,0,774658
0,14,-1,0.5,0.28198,180,0,0,774674
0,13,0,0.5,0.283735,180,0,0,774692
0,16,1,0.5,0.285895,180,0,0,774710
0,16,2,0.5,0.288055,180,0,0,774727
0,15,2,0.5,0.29008,180,0,0,774741
0,15,2,0.5,0.292105,180,0,0,774758
0,14,3,0.5,0.293995,180,0,0,774778
0,15,3,0.5,0.29602,180,0,0,774793
0,14,4,0.5,0.29791,180,0,0,774809
0,13,4,0.5,0.299665,180,0,0,774830
0,14,5,0.5,0.301555,180,0,0,774843
0,15,5,0.5,0.30358,180,0,0,774860
0,18,6,0.5,0.30601,180,0,0,774878
0,18,6,0.5,0.30844,180,0,0,774898
0,41,11,0.5,0.313975,180,0,0,774916
0,21,5,0.5,0.31681,180,0,0,774930
0,21,4,0.5,0.319645,180,0,0,774944
0,16,2,0.5,0.321805,180,0,0,774961
0,13,2,0.5,0.32356,180,0,0,774978
0,10,1,0.5,0.32491,180,0,0,774992
0,6,0,0.5,0.32572,180,0,0,775008
0,3,0,0.5,0.326125,180,0,0,775025
0,2,0,0.5,0.326395,180,0,0,775044
0,1,0,0.5,0.32653,180,0,0,775060
0,0,-1,0.5,0.32653,180,0,0,775077
0,3,-1,0.5,0.326935,180,0,0,775097
0,8,-2,0.5,0.328015,180,0,0,775109
0,13,-1,0.5,0.32977,180,0,0,775126
0,16,-1,0.5,0.33193,180,0,0,775142
0,18,-1,0.5,0.33436,180,0,0,775161
0,15,-1,0.5,0.336385,180,0,0,775176
0,14,0,0.5,0.338275,180,0,0,775194
0,13,1,0.5,0.34003,180,0,0,775211
0,33,5,0.5,0.344485,180,0,0,775231
0,0,0,0.5,0.344485,180,0,0,775244
0,23,4,0.5,0.34759,180,0,0,775260
0,26,4,0.5,0.3511,180,0,0,775277
0,30,5,0.5,0.35515,180,0,0,775294
0,65,9,0.5,0.363925,180,0,0,775311
0,33,5,0.5,0.36838,180,0,0,775337
0,33,4,0.5,0.372835,180,0,0,775352
0,32,3,0.5,0.377155,180,0,0,775366
0,30,4,0.5,0.381205,180,0,0,775378
0,27,4,0.5,0.38485,180,0,0,775394
0,23,4,0.5,0.387955,180,0,0,775413
0,20,4,0.5,0.390655,180,0,0,775426
0,22,4,0.5,0.393625,180,0,0,775448
0,22,4,0.5,0.396595,180,0,0,775461
0,22,4,0.5,0.399565,180,0,0,775477
0,22,4,0.5,0.402535,180,0,0,775497
0,24,3,0.5,0.405775,180,0,0,775511
0,25,1,0.5,0.40915,180,0,0,775530
0,24,0,0.5,0.41239,180,0,0,775546
0,21,0,0.5,0.415225,180,0,0,775561
0,16,0,0.5,0.417385,180,0,0,775576
0,8,0,0.5,0.418465,180,0,0,775595
0,2,0,0.5,0.418735,180,0,0,775609
0,-1,0,0.5,0.4186,180,0,0,775627
0,-8,0,0.5,0.41752,180,0,0,775643
0,-7,-1,0.5,0.416575,180,0,0,775660
0,-8,-2,0.5,0.415495,180,0,0,775678
0,-18,-4,0.5,0.413065,180,0,0,775694
0,-8,-2,0.5,0.411985,180,0,0,775710
0,-4,-2,0.5,0.411445,180,0,0,775728
0,-1,-2,0.5,0.41131,180,0,0,775745
0,2,-1,0.5,0.41158,180,0,0,775762
0,4,0,0.5,0.41212,180,0,0,775777
0,5,1,0.5,0.412795,180,0,0,775795
0,0,2,0.5,0.412795,180,0,0,775812
0,0,1,0.5,0.412795,180,0,0,775827
0,-3,0,0.5,0.41239,180,0,0,775844
0,-1,0,0.5,0.412255,180,0,0,775863
0,0,0,0.5,0.412255,180,0,0,775879
0,7,0,0.5,0.4132,180,0,0,775894
0,9,0,0.5,0.414415,180,0,0,775916
0,14,0,0.5,0.416305,180,0,0,775930
0,17,0,0.5,0.4186,180,0,0,775945
0,18,-2,0.5,0.42103,180,0,0,775962
0,18,-5,0.5,0.42346,180,0,0,775981
0,17,-5,0.5,0.425755,180,0,0,775994
0,15,-5,0.5,0.42778,180,0,0,776012
0,13,-5,0.5,0.429535,180,0,0,776028
0,17,-6,0.5,0.43183,180,0,0,776049
0,0,0,0.5,0.43183,180,0,0,776060
0,7,-4,0.5,0.432775,180,0,0,776079
0,1,-3,0.5,0.43291,180,0,0,776097
0,-5,-5,0.5,0.432235,180,0,0,776114
0,-10,-7,0.5,0.430885,180,0,0,776130
0,-12,-8,0.5,0.429265,180,0,0,776146
0,-14,-7,0.5,0.427375,180,0,0,776164
0,-14,-6,0.5,0.425485,180,0,0,776179
0,-11,-4,0.5,0.424,180,0,0,776202
0,-6,-3,0.5,0.42319,180,0,0,776215
0,-2,-3,0.5,0.42292,180,0,0,776230
0,1,-3,0.5,0.423055,180,0,0,776245
0,5,-2,0.5,0.42373,180,0,0,776261
0,8,-1,0.5,0.42481,180,0,0,776278
0,10,-1,0.5,0.42616,180,0,0,776295
0,13,0,0.5,0.427915,180,0,0,776316
0,12,0,0.5,0.429535,180,0,0,776328
0,14,0,0.5,0.431425,180,0,0,776345
0,13,-2,0.5,0.43318,180,0,0,776362
0,14,-3,0.5,0.43507,180,0,0,776379
0,29,-7,0.5,0.438985,180,0,0,776400
0,18,-4,0.5,0.441415,180,0,0,776417
0,19,-3,0.5,0.44398,180,0,0,776430
0,19,-3,0.5,0.446545,180,0,0,776451
0,17,-2,0.5,0.44884,180,0,0,776463
0,15,-1,0.5,0.450865,180,0,0,776479
0,15,0,0.5,0.45289,180,0,0,776496
0,12,0,0.5,0.45451,180,0,0,776516
0,10,1,0.5,0.45586,180,0,0,776530
0,9,2,0.5,0.457075,180,0,0,776549
0,4,1,0.5,0.457615,180,0,0,776562
0,0,0,0.5,0.457615,180,0,0,776577
0,-10,0,0.5,0.456265,180,0,0,776598
0,-15,0,0.5,0.45424,180,0,0,776616
0,-19,0,0.5,0.451675,180,0,0,776630
0,-20,1,0.5,0.448975,180,0,0,776648
0,-18,1,0.5,0.446545,180,0,0,776662
0,-13,0,0.5,0.44479,180,0,0,776679
0,-8,0,0.5,0.44371,180,0,0,776699
0,-2,-1,0.5,0.44344,180,0,0,776711
0,1,-2,0.5,0.443575,180,0,0,776730
0,4,-3,0.5,0.444115,180,0,0,776748
0,6,-3,0.5,0.444925,180,0,0,776764
0,6,-1,0.5,0.445735,180,0,0,776779
0,13,-1,0.5,0.44749,180,0,0,776799
0,0,0,0.5,0.44749,180,0,0,776812
0,16,1,0.5,0.44965,180,0,0,776830
0,13,2,0.5,0.451405,180,0,0,776848
0,15,2,0.5,0.45343,180,0,0,776864
0,17,1,0.5,0.455725,180,0,0,776882
0,16,2,0.5,0.457885,180,0,0,776897
0,13,1,0.5,0.45964,180,0,0,776913
0,4,0,0.5,0.46018,180,0,0,776929
0,4,0,0.5,0.46072,180,0,0,776946
0,1,0,0.5,0.460855,180,0,0,776962
0,-6,0,0.5,0.460045,180,0,0,776979
0,-9,-2,0.5,0.45883,180,0,0,776996
0,-15,-4,0.5,0.456805,180,0,0,777017
0,-16,-6,0.5,0.454645,180,0,0,777034
0,-15,-6,0.5,0.45262,180,0,0,777049
0,-12,-7,0.5,0.451,180,0,0,777069
0,-8,-7,0.5,0.44992,180,0,0,777087
0,-3,-7,0.5,0.449515,180,0,0,777099
0,3,-6,0.5,0.44992,180,0,0,777114
0,9,-6,0.5,0.451135,180,0,0,777133
0,14,-5,0.5,0.453025,180,0,0,777149
0,18,-4,0.5,0.455455,180,0,0,777171
0,44,-5,0.5,0.461395,180,0,0,777189
0,24,-1,0.5,0.464635,180,0,0,777198
0,0,0,0.5,0.464635,180,0,0,777212
0,41,0,0.5,0.47017,180,0,0,777229
0,10,0,0.5,0.47152,180,0,0,777252
0,4,0,0.5,0.47206,180,0,0,777265
0,2,0,0.5,0.47233,180,0,0,777279
0,0,1,0.5,0.47233,180,0,0,777295
0,-3,0,0.5,0.471925,180,0,0,777319
0,-9,0,0.5,0.47071,180,0,0,777332
0,-13,-2,0.5,0.468955,180,0,0,777348
0,-16,-3,0.5,0.466795,180,0,0,777370
0,-17,-3,0.5,0.4645,180,0,0,777383
0,-14,-4,0.5,0.46261,180,0,0,777401
0,-9,-3,0.5,0.461395,180,0,0,777416
0,-4,-3,0.5,0.460855,180,0,0,777431
0,0,-4,0.5,0.460855,180,0,0,777447
0,1,-3,0.5,0.46099,180,0,0,777465
0,3,-3,0.5,0.461395,180,0,0,777481
0,0,-1,0.5,0.461395,180,0,0,777500
0,1,0,0.5,0.46153,180,0,0,777513
0,1,1,0.5,0.461665,180,0,0,777531
0,2,3,0.5,0.461935,180,0,0,777550
0,0,4,0.5,0.461935,180,0,0,777564
0,2,4,0.5,0.462205,180,0,0,777581
0,8,6,0.5,0.463285,180,0,0,777601
0,5,5,0.5,0.46396,180,0,0,777620
0,6,1,0.5,0.46477,180,0,0,777631
0,0,0,0.5,0.46477,180,0,0,777646
0,3,1,0.5,0.465175,180,0,0,777664
0,0,0,0.5,0.465175,180,0,0,777681
0,-5,-3,0.5,0.4645,180,0,0,777702
0,-4,-2,0.5,0.46396,180,0,0,777716
0,-5,-3,0.5,0.463285,180,0,0,777736
0,-6,-2,0.5,0.462475,180,0,0,777748
0,-5,-1,0.5,0.4618,180,0,0,777764
0,-3,1,0.5,0.461395,180,0,0,777785
0,0,2,0.5,0.461395,180,0,0,777801
0,2,3,0.5,0.461665,180,0,0,777815
0,3,2,0.5,0.46207,180,0,0,777833
0,10,3,0.5,0.46342,180,0,0,777851
0,12,3,0.5,0.46504,180,0,0,777867
0,12,2,0.5,0.46666,180,0,0,777881
0,9,2,0.5,0.467875,180,0,0,777898
0,0,0,0.5,0.467875,180,0,0,777914
0,-5,0,0.5,0.4672,180,0,0,777931
0,-9,-1,0.5,0.465985,180,0,0,777948
0,-9,-2,0.5,0.46477,180,0,0,777967
0,-15,-3,0.5,0.462745,180,0,0,777984
0,-5,-2,0.5,0.46207,180,0,0,778001
0,-4,-2,0.5,0.46153,180,0,0,778017
0,-3,0,0.5,0.461125,180,0,0,778030
0,-1,1,0.5,0.46099,180,0,0,778052
0,0,3,0.5,0.46099,180,0,0,778065
0,2,4,0.5,0.46126,180,0,0,778082
0,3,4,0.5,0.461665,180,0,0,778098
0,5,5,0.5,0.46234,180,0,0,778118
0,7,4,0.5,0.463285,180,0,0,778132
0,9,5,0.5,0.4645,180,0,0,778150
0,11,4,0.5,0.465985,180,0,0,778166
0,12,5,0.5,0.467605,180,0,0,778184
0,13,5,0.5,0.46936,180,0,0,778201
0,13,5,0.5,0.471115,180,0,0,778218
0,10,5,0.5,0.472465,180,0,0,778233
0,6,5,0.5,0.473275,180,0,0,778255
0,2,4,0.5,0.473545,180,0,0,778266
0,-1,3,0.5,0.47341,180,0,0,778282
0,-7,3,0.5,0.472465,180,0,0,778299
0,-10,1,0.5,0.471115,180,0,0,778316
0,-12,0,0.5,0.469495,180,0,0,778333
0,-14,0,0.5,0.467605,180,0,0,778349
0,-15,-2,0.5,0.46558,180,0,0,778367
0,-26,-7,0.5,0.46207,180,0,0,778389
0,-7,-3,0.5,0.461125,180,0,0,778401
0,-2,-2,0.5,0.460855,180,0,0,778415
0,2,-6,0.5,0.461125,180,0,0,778438
0,5,-3,0.5,0.4618,180,0,0,778449
0,7,-1,0.5,0.462745,180,0,0,778466
0,7,0,0.5,0.46369,180,0,0,778483
0,5,2,0.5,0.464365,180,0,0,778502
0,3,4,0.5,0.46477,180,0,0,778519
0,1,5,0.5,0.464905,180,0,0,778536
0,0,6,0.5,0.464905,180,0,0,778554
0,1,6,0.5,0.46504,180,0,0,778567
0,4,6,0.5,0.46558,180,0,0,778583
0,5,6,0.5,0.466255,180,0,0,778601
0,7,6,0.5,0.4672,180,0,0,778618
0,7,6,0.5,0.468145,180,0,0,778637
0,7,6,0.5,0.46909,180,0,0,778650
0,6,5,0.5,0.4699,180,0,0,778669
0,5,5,0.5,0.470575,180,0,0,778686
0,7,8,0.5,0.47152,180,0,0,778706
0,3,4,0.5,0.471925,180,0,0,778720
0,0,0,0.5,0.471925,180,0,0,778732
0,5,4,0.5,0.4726,180,0,0,778753
0,16,9,0.5,0.47476,180,0,0,778770
0,11,5,0.5,0.476245,180,0,0,778788
0,15,6,0.5,0.47827,180,0,0,778804
0,16,5,0.5,0.48043,180,0,0,778818
0,19,5,0.5,0.482995,180,0,0,778839
0,21,6,0.5,0.48583,180,0,0,778857
0,23,7,0.5,0.488935,180,0,0,778868
0,26,7,0.5,0.492445,180,0,0,778890
0,26,8,0.5,0.495955,180,0,0,778905
0,28,8,0.5,0.499735,180,0,0,778918
0,29,8,0.5,0.50365,180,0,0,778935
0,28,7,0.5,0.50743,180,0,0,778952
0,24,6,0.5,0.51067,180,0,0,778971
0,20,6,0.5,0.51337,180,0,0,778986
0,13,6,0.5,0.515125,180,0,0,779002
0,8,7,0.5,0.516205,180,0,0,779022
0,3,7,0.5,0.51661,180,0,0,779036
0,-2,6,0.5,0.51634,180,0,0,779054
0,-5,4,0.5,0.515665,180,0,0,779071
0,-18,5,0.5,0.513235,180,0,0,779093
0,0,0,0.5,0.513235,180,0,0,779101
0,-8,2,0.5,0.512155,180,0,0,779117
0,-9,7,0.5,0.51094,180,0,0,779135
0,-1,6,0.5,0.510805,180,0,0,779151
0,1,6,0.5,0.51094,180,0,0,779170
0,0,7,0.5,0.51094,180,0,0,779188
0,0,8,0.5,0.51094,180,0,0,779202
0,0,8,0.5,0.51094,180,0,0,779221
0,0,8,0.5,0.51094,180,0,0,779241
0,0,8,0.5,0.51094,180,0,0,779253
0,2,8,0.5,0.51121,180,0,0,779270
0,4,9,0.5,0.51175,180,0,0,779285
0,5,8,0.5,0.512425,180,0,0,779302
0,6,9,0.5,0.513235,180,0,0,779319
0,5,9,0.5,0.51391,180,0,0,779337
0,5,9,0.5,0.514585,180,0,0,779353
0,6,8,0.5,0.515395,180,0,0,779373
0,7,8,0.5,0.51634,180,0,0,779390
0,9,7,0.5,0.517555,180,0,0,779402
0,9,8,0.5,0.51877,180,0,0,779422
0,11,8,0.5,0.520255,180,0,0,779438
0,13,8,0.5,0.52201,180,0,0,779457
0,31,19,0.5,0.526195,180,0,0,779478
0,0,0,0.5,0.526195,180,0,0,779484
0,22,11,0.5,0.529165,180,0,0,779503
0,45,21,0.5,0.53524,180,0,0,779527
0,20,10,0.5,0.53794,180,0,0,779540
0,16,9,0.5,0.5401,180,0,0,779557
0,7,8,0.5,0.541045,180,0,0,779576
0,3,8,0.5,0.54145,180,0,0,779587
0,-4,8,0.5,0.54091,180,0,0,779609
0,-9,7,0.5,0.539695,180,0,0,779622
0,-12,4,0.5,0.538075,180,0,0,779638
0,-14,3,0.5,0.536185,180,0,0,779654
0,-14,1,0.5,0.534295,180,0,0,779669
0,-10,1,0.5,0.532945,180,0,0,779684
0,-7,2,0.5,0.532,180,0,0,779701
0,-1,3,0.5,0.531865,180,0,0,779718
0,2,3,0.5,0.532135,180,0,0,779736
0,5,5,0.5,0.53281,180,0,0,779753
0,5,5,0.5,0.533485,180,0,0,779772
0,5,6,0.5,0.53416,180,0,0,779789
0,4,7,0.5,0.5347,180,0,0,779807
0,4,6,0.5,0.53524,180,0,31,779820
0,10,12,0.5,0.53659,180,0,0,779848
0,0,0,0.5,0.53659,180,0,0,779853
0,6,7,0.5,0.5374,180,0,0,779869
0,20,15,0.5,0.5401,180,0,0,779890
0,14,8,0.5,0.54199,180,0,0,779909
0,16,9,0.5,0.54415,180,0,0,779924
0,17,9,0.5,0.546445,180,0,0,779939
0,18,9,0.5,0.548875,180,0,0,779958
0,20,8,0.5,0.551575,180,0,0,779972
0,23,8,0.5,0.55468,180,0,0,779989
0,25,8,0.5,0.558055,180,0,0,780007
0,27,7,0.5,0.5617,180,0,0,780024
0,29,9,0.5,0.565615,180,0,0,780037
0,29,8,0.5,0.56953,180,0,0,780054
0,33,9,0.5,0.573985,180,0,0,780070
0,33,9,0.5,0.57844,180,0,0,780090
0,31,8,0.5,0.582625,180,0,0,780107
0,30,7,0.5,0.586675,180,0,0,780121
0,27,8,0.5,0.59032,180,0,0,780138
0,23,8,0.5,0.593425,180,0,0,780154
0,18,9,0.5,0.595855,180,0,0,780175
0,16,9,0.5,0.598015,180,0,0,780192
0,12,9,0.5,0.599635,180,0,0,780206
0,11,9,0.5,0.60112,180,0,0,780221
0,9,8,0.5,0.602335,180,0,0,780239
0,16,12,0.5,0.604495,180,0,0,780258
0,0,0,0.5,0.604495,180,0,0,780271
0,2,5,0.5,0.604765,180,0,0,780292
0,1,2,0.5,0.6049,180,0,0,780308
0,0,3,0.5,0.6049,180,0,0,780320
0,-1,3,0.5,0.604765,180,0,0,780337
0,-3,4,0.5,0.60436,180,0,0,780354
0,-2,4,0.5,0.60409,180,0,0,780372
0,-2,5,0.5,0.60382,180,0,0,780388
0,0,5,0.5,0.60382,180,0,0,780404
0,1,5,0.5,0.603955,180,0,0,780422
0,2,4,0.5,0.604225,180,0,0,780439
0,4,6,0.5,0.604765,180,0,0,780453
0,4,6,0.5,0.605305,180,0,0,780473
0,8,6,0.5,0.606385,180,0,0,780487
0,11,7,0.5,0.60787,180,0,0,780505
0,15,7,0.5,0.609895,180,0,0,780527
0,20,8,0.5,0.612595,180,0,0,780541
0,25,9,0.5,0.61597,180,0,0,780559
0,23,9,0.5,0.619075,180,0,0,780574
0,22,10,0.5,0.622045,180,0,0,780592
0,22,10,0.5,0.625015,180,0,0,780608
0,20,9,0.5,0.627715,180,0,0,780621
0,40,14,0.5,0.633115,180,0,0,780642
0,18,6,0.5,0.635545,180,0,0,780658
0,11,7,0.5,0.63703,180,0,0,780679
0,3,1,0.5,0.637435,180,0,0,780687
0,-2,16,0.5,0.637165,180,0,0,780712
0,-9,9,0.5,0.63595,180,0,0,780723
0,-11,10,0.5,0.634465,180,0,0,780741
0,-10,11,0.5,0.633115,180,0,0,780756
0,-6,10,0.5,0.632305,180,0,0,780775
0,-2,11,0.5,0.632035,180,0,0,780792
0,1,11,0.5,0.63217,180,0,0,780809
0,2,10,0.5,0.63244,180,0,0,780824
0,3,9,0.5,0.632845,180,0,0,780840
0,3,9,0.5,0.63325,180,0,0,780855
0,4,9,0.5,0.63379,180,0,0,780876
0,5,10,0.5,0.634465,180,0,0,780896
0,4,9,0.5,0.635005,180,0,0,780907
0,6,9,0.5,0.635815,180,0,0,780925
0,3,9,0.5,0.63622,180,0,0,780943
0,1,15,0.5,0.636355,180,0,0,780962
0,0,6,0.5,0.636355,180,0,0,780972
0,-1,10,0.5,0.63622,180,0,0,780994
0,0,10,0.5,0.63622,180,0,0,781008
0,12,22,0.5,0.63784,180,0,0,781027
0,13,12,0.5,0.639595,180,0,0,781043
0,15,12,0.5,0.64162,180,0,0,781058
0,18,13,0.5,0.64405,180,0,0,781079
0,22,14,0.5,0.64702,180,0,0,781097
0,22,14,0.5,0.64999,180,0,0,781113
0,26,14,0.5,0.6535,180,0,0,781125
0,28,13,0.5,0.65728,180,0,0,781143
0,29,13,0.5,0.661195,180,0,0,781158
0,32,13,0.5,0.665515,180,0,0,781177
0,34,13,0.5,0.670105,180,0,0,781192
0,33,12,0.5,0.67456,180,0,0,781207
0,32,10,0.5,0.67888,180,0,0,781224
0,26,8,0.5,0.68239,180,0,0,781244
0,20,7,0.5,0.68509,180,0,0,781258
0,18,7,0.5,0.68752,180,0,0,781273
0,16,6,0.5,0.68968,180,0,0,781294
0,13,6,0.5,0.691435,180,0,0,781308
0,14,6,0.5,0.693325,180,0,0,781323
0,15,6,0.5,0.69535,180,0,0,781338
0,18,6,0.5,0.69778,180,0,0,781356
0,21,5,0.5,0.700615,180,0,0,781372
0,25,4,0.5,0.70399,180,0,0,781389
0,59,5,0.5,0.71,180,0,0,781412
