0,92,-79,0.5,-0.69758,180,0,0,917634
0,34,-27,0.5,-0.69299,180,0,0,917654
0,17,-12,0.5,-0.690695,180,0,0,917663
0,0,0,0.5,-0.690695,180,0,0,917671
0,17,-10,0.5,-0.6884,180,0,0,917681
0,18,-9,0.5,-0.68597,180,0,0,917699
0,17,-8,0.5,-0.683675,180,0,0,917721
0,19,-11,0.5,-0.68111,180,0,0,917732
0,18,-12,0.5,-0.67868,180,0,0,917748
0,18,-14,0.5,-0.67625,180,0,0,917765
0,18,-16,0.5,-0.67382,180,0,0,917786
0,17,-16,0.5,-0.671525,180,0,0,917801
0,17,-15,0.5,-0.66923,180,0,0,917818
0,17,-16,0.5,-0.666935,180,0,0,917834
0,16,-15,0.5,-0.664775,180,0,0,917851
0,27,-31,0.5,-0.66113,180,0,0,917873
0,14,-5,0.5,-0.65924,180,0,0,917882
0,12,-25,0.5,-0.65762,180,0,0,917910
0,13,-14,0.5,-0.655865,180,0,0,917928
0,15,-13,0.5,-0.65384,180,0,0,917941
0,15,-11,0.5,-0.651815,180,0,0,917957
0,19,-12,0.5,-0.64925,180,0,0,917972
0,22,-13,0.5,-0.64628,180,0,0,917986
0,22,-14,0.5,-0.64331,180,0,0,917998
0,23,-15,0.5,-0.640205,180,0,0,918017
0,23,-16,0.5,-0.6371,180,0,0,918036
0,23,-18,0.5,-0.633995,180,0,0,918052
0,22,-17,0.5,-0.631025,180,0,0,918069
0,23,-19,0.5,-0.62792,180,0,0,918084
0,19,-19,0.5,-0.625355,180,0,0,918103
0,17,-18,0.5,-0.62306,180,0,0,918122
0,15,-18,0.5,-0.621035,180,0,0,918138
0,14,-19,0.5,-0.619145,180,0,0,918149
0,14,-17,0.5,-0.617255,180,0,0,918168
0,16,-17,0.5,-0.615095,180,0,0,918186
0,17,-18,0.5,-0.6128,180,0,0,918204
0,21,-17,0.5,-0.609965,180,0,0,918224
0,44,-37,0.5,-0.604025,180,0,0,918248
0,22,-18,0.5,-0.601055,180,0,0,918265
0,21,-16,0.5,-0.59822,180,0,0,918276
0,22,-17,0.5,-0.59525,180,0,0,918293
0,20,-15,0.5,-0.59255,180,0,0,918310
0,20,-17,0.5,-0.58985,180,0,0,918329
0,20,-17,0.5,-0.58715,180,0,0,918343
0,20,-18,0.5,-0.58445,180,0,0,918357
0,20,-19,0.5,-0.58175,180,0,0,918374
0,18,-19,0.5,-0.57932,180,0,0,918391
0,19,-20,0.5,-0.576755,180,0,0,918408
0,17,-20,0.5,-0.57446,180,0,0,918422
0,18,-21,0.5,-0.57203,180,0,0,918438
0,16,-22,0.5,-0.56987,180,0,0,918455
0,18,-23,0.5,-0.56744,180,0,0,918473
0,18,-22,0.5,-0.56501,180,0,0,918489
0,19,-21,0.5,-0.562445,180,0,0,918504
0,18,-21,0.5,-0.560015,180,0,0,918517
0,20,-20,0.5,-0.557315,180,0,0,918538
0,19,-20,0.5,-0.55475,180,0,0,918554
0,20,-20,0.5,-0.55205,180,0,0,918573
0,21,-20,0.5,-0.549215,180,0,0,918587
0,40,-38,0.5,-0.543815,180,0,0,918617
0,19,-17,0.5,-0.54125,180,0,0,918635
0,20,-17,0.5,-0.53855,180,0,0,918653
0,18,-17,0.5,-0.53612,180,0,0,918670
0,18,-16,0.5,-0.53369,180,0,0,918687
0,19,-19,0.5,-0.531125,180,0,0,918702
0,17,-19,0.5,-0.52883,180,0,0,918713
0,20,-20,0.5,-0.52613,180,0,0,918734
0,20,-20,0.5,-0.52343,180,0,0,918750
0,37,-42,0.5,-0.518435,180,0,0,918772
0,16,-23,0.5,-0.516275,180,0,0,918788
0,16,-24,0.5,-0.514115,180,0,0,918804
0,14,-22,0.5,-0.512225,180,0,0,918823
0,14,-24,0.5,-0.510335,180,0,0,918841
0,14,-22,0.5,-0.508445,180,0,0,918859
0,14,-21,0.5,-0.506555,180,0,0,918874
0,15,-20,0.5,-0.50453,180,0,0,918889
0,16,-21,0.5,-0.50237,180,0,31,918906
0,17,-21,0.5,-0.500075,180,0,31,918922
0,17,-21,0.5,-0.49778,180,0,31,918938
0,16,-20,0.5,-0.49562,180,0,0,918954
0,15,-20,0.5,-0.493595,180,0,0,918970
0,16,-19,0.5,-0.491435,180,0,0,918988
0,17,-18,0.5,-0.48914,180,0,0,919003
0,18,-17,0.5,-0.48671,180,0,0,919015
0,18,-19,0.5,-0.48428,180,0,0,919032
0,20,-20,0.5,-0.48158,180,0,0,919048
0,20,-19,0.5,-0.47888,180,0,0,919064
0,22,-21,0.5,-0.47591,180,0,31,919080
0,22,-20,0.5,-0.47294,180,0,31,919097
0,23,-21,0.5,-0.469835,180,0,31,919117
0,24,-21,0.5,-0.466595,180,0,0,919128
0,23,-22,0.5,-0.46349,180,0,0,919149
0,23,-22,0.5,-0.460385,180,0,0,919164
0,50,-44,0.5,-0.453635,180,0,0,919190
0,24,-21,0.5,-0.450395,180,0,0,919205
0,26,-23,0.5,-0.446885,180,0,0,919223
0,25,-22,0.5,-0.44351,180,0,0,919238
0,27,-20,0.5,-0.439865,180,0,0,919253
0,29,-20,0.5,-0.43595,180,0,0,919269
0,28,-18,0.5,-0.43217,180,0,0,919285
0,27,-17,0.5,-0.428525,180,0,0,919301
0,27,-18,0.5,-0.42488,180,0,0,919315
0,25,-19,0.5,-0.421505,180,0,0,919331
0,24,-20,0.5,-0.418265,180,0,0,919345
0,24,-21,0.5,-0.415025,180,0,31,919361
0,24,-20,0.5,-0.411785,180,0,31,919377
0,23,-20,0.5,-0.40868,180,0,31,919396
0,23,-20,0.5,-0.405575,180,0,31,919413
0,24,-21,0.5,-0.402335,180,0,0,919429
0,22,-20,0.5,-0.399365,180,0,0,919442
0,18,-22,0.5,-0.396935,180,0,0,919460
0,16,-21,0.5,-0.394775,180,0,0,919475
0,13,-21,0.5,-0.39302,180,0,0,919495
0,10,-21,0.5,-0.39167,180,0,0,919512
0,12,-21,0.5,-0.39005,180,0,0,919533
0,13,-21,0.5,-0.388295,180,0,0,919550
0,17,-22,0.5,-0.386,180,0,0,919568
0,40,-44,0.5,-0.3806,180,0,0,919593
0,24,-21,0.5,-0.37736,180,0,0,919613
0,24,-21,0.5,-0.37412,180,0,31,919629
0,23,-20,0.5,-0.371015,180,0,31,919644
0,25,-21,0.5,-0.36764,180,0,31,919658
0,26,-19,0.5,-0.36413,180,0,31,919674
0,27,-18,0.5,-0.360485,180,0,0,919690
0,30,-18,0.5,-0.356435,180,0,0,919703
0,29,-16,0.5,-0.35252,180,0,0,919716
0,28,-16,0.5,-0.34874,180,0,0,919732
0,26,-15,0.5,-0.34523,180,0,0,919747
0,26,-16,0.5,-0.34172,180,0,0,919762
0,27,-17,0.5,-0.338075,180,0,0,919778
0,25,-20,0.5,-0.3347,180,0,0,919798
0,24,-20,0.5,-0.33146,180,0,0,919812
0,24,-21,0.5,-0.32822,180,0,31,919828
0,24,-20,0.5,-0.32498,180,0,31,919844
0,24,-20,0.5,-0.32174,180,0,31,919861
0,23,-20,0.5,-0.318635,180,0,31,919879
0,24,-19,0.5,-0.315395,180,0,31,919896
0,25,-19,0.5,-0.31202,180,0,0,919913
0,27,-19,0.5,-0.308375,180,0,0,919928
0,25,-17,0.5,-0.305,180,0,0,919944
0,24,-16,0.5,-0.30176,180,0,0,919960
0,22,-16,0.5,-0.29879,180,0,0,919978
0,21,-15,0.5,-0.295955,180,0,0,919997
0,46,-31,0.5,-0.289745,180,0,0,920022
0,26,-17,0.5,-0.286235,180,0,0,920035
0,28,-17,0.5,-0.282455,180,0,31,920049
0,29,-16,0.5,-0.27854,180,0,31,920063
0,28,0,0.5,-0.27476,180,0,31,920073
0,28,-31,0.5,-0.27098,180,0,31,920104
0,27,-16,0.5,-0.267335,180,0,0,920119
0,27,-16,0.5,-0.26369,180,0,0,920129
0,25,-14,0.5,-0.260315,180,0,0,920145
0,26,-14,0.5,-0.256805,180,0,0,920160
0,21,-13,0.5,-0.25397,180,0,0,920177
0,20,-13,0.5,-0.25127,180,0,0,920198
0,15,-14,0.5,-0.249245,180,0,0,920216
0,14,-16,0.5,-0.247355,180,0,0,920225
0,14,-17,0.5,-0.245465,180,1,31,920248
0,17,-18,0.5,-0.24317,180,1,31,920267
0,37,-21,0.5,-0.238175,180,1,31,920285
0,0,-16,0.5,-0.238175,180,0,31,920300
0,19,-19,0.5,-0.23561,180,0,0,920314
0,41,-18,0.5,-0.230075,180,0,0,920333
0,0,-18,0.5,-0.230075,180,0,0,920347
0,18,-17,0.5,-0.227645,180,0,0,920365
0,18,-16,0.5,-0.225215,180,0,0,920380
0,30,-31,0.5,-0.221165,180,0,31,920405
0,9,-14,0.5,-0.21995,180,0,31,920416
0,7,-12,0.5,-0.219005,180,0,31,920431
0,3,-10,0.5,-0.2186,180,0,31,920443
0,-1,-8,0.5,-0.218735,180,0,31,920460
0,-4,-7,0.5,-0.219275,180,0,0,920486
0,-7,-7,0.5,-0.22022,180,0,0,920494
0,-8,-7,0.5,-0.2213,180,0,0,920508
0,-8,-5,0.5,-0.22238,180,0,0,920525
0,-9,-5,0.5,-0.223595,180,0,31,920545
0,-10,-5,0.5,-0.224945,180,0,0,920559
0,-10,-4,0.5,-0.226295,180,0,0,920573
0,-9,-3,0.5,-0.22751,180,0,0,920591
0,-10,-3,0.5,-0.22886,180,0,0,920607
0,-8,-3,0.5,-0.22994,180,0,0,920627
0,-7,-3,0.5,-0.230885,180,0,31,920642
0,-6,-3,0.5,-0.231695,180,0,31,920660
0,-6,-4,0.5,-0.232505,180,0,0,920674
0,-4,-4,0.5,-0.233045,180,0,0,920691
0,-2,-4,0.5,-0.233315,180,0,0,920707
0,-2,-4,0.5,-0.233585,180,0,0,920724
0,0,-4,0.5,-0.233585,180,0,0,920746
0,0,-4,0.5,-0.233585,180,0,31,920756
0,1,-4,0.5,-0.23345,180,0,31,920775
0,0,-4,0.5,-0.23345,180,0,31,920791
0,0,-5,0.5,-0.23345,180,0,0,920809
0,2,-8,0.5,-0.23318,180,0,0,920829
0,0,0,0.5,-0.23318,180,0,0,920839
0,3,-7,0.5,-0.232775,180,0,0,920858
0,1,-3,0.5,-0.23264,180,0,0,920876
0,-2,-2,0.5,-0.23291,180,0,31,920890
0,-2,-3,0.5,-0.23318,180,0,31,920908
0,-4,-4,0.5,-0.23372,180,0,0,920928
0,-2,-4,0.5,-0.23399,180,0,0,920944
0,-1,-5,0.5,-0.234125,180,0,0,920959
0,4,-5,0.5,-0.233585,180,0,0,920975
0,7,-5,0.5,-0.23264,180,0,0,920991
0,9,-6,0.5,-0.231425,180,0,0,921009
0,10,-5,0.5,-0.230075,180,0,31,921025
0,10,-5,0.5,-0.228725,180,0,31,921042
0,11,-6,0.5,-0.22724,180,0,31,921058
0,11,-6,0.5,-0.225755,180,0,0,921076
0,10,-6,0.5,-0.224405,180,0,0,921091
0,7,-5,0.5,-0.22346,180,0,0,921107
0,8,-5,0.5,-0.22238,180,0,0,921124
0,8,-6,0.5,-0.2213,180,0,0,921143
0,9,-5,0.5,-0.220085,180,0,31,921157
0,8,-5,0.5,-0.219005,180,0,31,921177
0,9,-5,0.5,-0.21779,180,0,31,921192
0,19,-8,0.5,-0.215225,180,0,0,921208
0,8,-4,0.5,-0.214145,180,0,0,921225
0,9,-4,0.5,-0.21293,180,0,0,921244
0,8,-4,0.5,-0.21185,180,0,0,921259
0,7,-3,0.5,-0.210905,180,0,0,921275
0,7,-3,0.5,-0.20996,180,0,31,921290
0,6,-3,0.5,-0.20915,180,0,31,921308
0,4,-3,0.5,-0.20861,180,0,31,921324
0,3,-2,0.5,-0.208205,180,0,0,921340
0,2,-2,0.5,-0.207935,180,0,0,921357
0,1,-2,0.5,-0.2078,180,0,0,921373
0,1,-1,0.5,-0.207665,180,0,0,921390
0,2,-1,0.5,-0.207395,180,0,0,921406
0,1,0,0.5,-0.20726,180,0,31,921422
0,1,0,0.5,-0.207125,180,0,31,921440
0,1,0,0.5,-0.20699,180,0,31,921457
0,1,-1,0.5,-0.206855,180,0,0,921474
0,1,-1,0.5,-0.20672,180,0,0,921490
0,0,-1,0.5,-0.20672,180,0,0,921511
0,-1,-1,0.5,-0.206855,180,0,0,921523
0,0,-1,0.5,-0.206855,180,0,31,921540
0,0,-1,0.5,-0.206855,180,0,31,921557
0,0,0,0.5,-0.206855,180,0,31,921573
0,1,0,0.5,-0.20672,180,0,31,921591
0,2,-1,0.5,-0.20645,180,0,0,921606
0,0,0,0.5,-0.20645,180,0,0,921622
0,1,-1,0.5,-0.206315,180,0,0,921640
0,0,0,0.5,-0.206315,180,0,0,921656
0,1,-1,0.5,-0.20618,180,0,0,921675
0,0,0,0.5,-0.20618,180,0,31,921689
0,0,0,0.5,-0.20618,180,0,31,921707
0,1,0,0.5,-0.206045,180,0,31,921723
0,0,0,0.5,-0.206045,180,0,0,921739
0,1,-1,0.5,-0.20591,180,0,0,921756
0,0,0,0.5,-0.20591,180,0,0,921773
0,0,0,0.5,-0.20591,180,0,0,921790
0,0,0,0.5,-0.20591,180,0,0,921806
0,0,0,0.5,-0.20591,180,0,31,921824
0,0,0,0.5,-0.20591,180,0,31,921840
0,0,0,0.5,-0.20591,180,0,31,921855
0,0,0,0.5,-0.20591,180,0,0,921872
0,0,0,0.5,-0.20591,180,0,0,921889
0,0,0,0.5,-0.20591,180,0,0,921906
0,0,0,0.5,-0.20591,180,0,0,921923
0,0,0,0.5,-0.20591,180,0,0,921939
0,0,0,0.5,-0.20591,180,0,31,921956
0,0,0,0.5,-0.20591,180,0,31,921972
0,0,0,0.5,-0.20591,180,0,31,921989
0,-1,1,0.5,-0.206045,180,0,31,922006
0,0,0,0.5,-0.206045,180,0,0,922023
0,0,0,0.5,-0.206045,180,0,0,922039
0,0,0,0.5,-0.206045,180,0,0,922055
0,-1,0,0.5,-0.20618,180,0,0,922073
0,-1,0,0.5,-0.206315,180,0,31,922090
0,-2,1,0.5,-0.206585,180,0,31,922106
0,0,0,0.5,-0.206585,180,0,31,922123
0,0,1,0.5,-0.206585,180,0,0,922141
0,0,0,0.5,-0.206585,180,0,0,922156
0,0,0,0.5,-0.206585,180,0,0,922173
0,0,0,0.5,-0.206585,180,0,0,922189
0,-1,0,0.5,-0.20672,180,0,0,922208
0,0,0,0.5,-0.20672,180,0,31,922222
0,0,1,0.5,-0.20672,180,0,31,922239
0,0,0,0.5,-0.20672,180,0,31,922256
0,0,1,0.5,-0.20672,180,0,31,922273
0,0,0,0.5,-0.20672,180,0,0,922289
0,0,0,0.5,-0.20672,180,0,0,922305
0,-1,0,0.5,-0.206855,180,0,0,922322
0,0,0,0.5,-0.206855,180,0,0,922339
0,-1,0,0.5,-0.20699,180,0,0,922356
0,-1,1,0.5,-0.207125,180,0,31,922374
0,-1,0,0.5,-0.20726,180,0,31,922389
0,0,2,0.5,-0.20726,180,0,31,922408
0,0,1,0.5,-0.20726,180,0,0,922425
0,0,1,0.5,-0.20726,180,0,0,922442
0,0,0,0.5,-0.20726,180,0,0,922457
0,0,0,0.5,-0.20726,180,0,0,922473
0,0,0,0.5,-0.20726,180,0,0,922490
0,0,0,0.5,-0.20726,180,0,0,922505
0,0,0,0.5,-0.20726,180,0,31,922522
0,0,1,0.5,-0.20726,180,0,31,922539
0,0,0,0.5,-0.20726,180,0,31,922555
0,1,1,0.5,-0.207125,180,0,0,922573
0,0,0,0.5,-0.207125,180,0,0,922589
0,1,1,0.5,-0.20699,180,0,0,922607
0,0,0,0.5,-0.20699,180,0,0,922623
0,0,1,0.5,-0.20699,180,0,0,922641
0,0,1,0.5,-0.20699,180,0,31,922656
0,0,1,0.5,-0.20699,180,0,31,922673
0,0,1,0.5,-0.20699,180,0,31,922689
0,1,1,0.5,-0.206855,180,0,31,922706
0,0,1,0.5,-0.206855,180,0,0,922723
0,0,0,0.5,-0.206855,180,0,0,922740
0,0,0,0.5,-0.206855,180,0,0,922756
0,0,0,0.5,-0.206855,180,0,0,922773
0,0,0,0.5,-0.206855,180,0,0,922790
0,0,0,0.5,-0.206855,180,0,31,922806
0,0,2,0.5,-0.206855,180,0,31,922823
0,1,1,0.5,-0.20672,180,0,31,922841
0,0,1,0.5,-0.20672,180,0,31,922856
0,1,1,0.5,-0.206585,180,0,0,922873
0,0,1,0.5,-0.206585,180,0,0,922889
0,0,0,0.5,-0.206585,180,0,0,922905
0,0,0,0.5,-0.206585,180,0,0,922922
0,0,1,0.5,-0.206585,180,0,0,922939
0,0,1,0.5,-0.206585,180,0,31,922956
0,1,1,0.5,-0.20645,180,0,31,922973
0,0,1,0.5,-0.20645,180,0,31,922989
0,1,1,0.5,-0.206315,180,0,31,923006
0,0,1,0.5,-0.206315,180,0,0,923023
0,1,1,0.5,-0.20618,180,0,0,923039
0,0,0,0.5,-0.20618,180,0,0,923055
0,0,0,0.5,-0.20618,180,0,0,923072
0,0,0,0.5,-0.20618,180,0,0,923090
0,0,1,0.5,-0.20618,180,0,31,923108
0,1,1,0.5,-0.206045,180,0,31,923123
0,1,1,0.5,-0.20591,180,0,31,923142
0,1,1,0.5,-0.205775,180,0,31,923157
0,0,1,0.5,-0.205775,180,0,0,923174
0,0,0,0.5,-0.205775,180,0,0,923189
0,0,0,0.5,-0.205775,180,0,0,923205
0,-2,0,0.5,-0.206045,180,0,0,923224
0,-2,0,0.5,-0.206315,180,0,0,923239
0,0,2,0.5,-0.206315,180,0,31,923256
0,1,1,0.5,-0.20618,180,0,31,923276
0,2,1,0.5,-0.20591,180,0,31,923293
0,1,1,0.5,-0.205775,180,0,31,923310
0,1,1,0.5,-0.20564,180,0,0,923325
0,0,1,0.5,-0.20564,180,0,0,923339
0,0,0,0.5,-0.20564,180,0,0,923355
0,0,0,0.5,-0.20564,180,0,0,923372
0,-1,0,0.5,-0.205775,180,0,0,923390
0,0,0,0.5,-0.205775,180,0,31,923407
0,2,1,0.5,-0.205505,180,0,31,923425
0,2,1,0.5,-0.205235,180,0,31,923444
0,1,0,0.5,-0.2051,180,0,31,923456
0,1,1,0.5,-0.204965,180,0,0,923474
0,0,0,0.5,-0.204965,180,0,0,923496
0,0,0,0.5,-0.204965,180,0,0,923508
0,0,0,0.5,-0.204965,180,0,0,923523
0,-1,0,0.5,-0.2051,180,0,0,923539
0,0,1,0.5,-0.2051,180,0,31,923558
0,0,0,0.5,-0.2051,180,0,31,923574
0,1,0,0.5,-0.204965,180,0,31,923591
0,3,2,0.5,-0.20456,180,0,31,923608
0,1,1,0.5,-0.204425,180,0,0,923629
0,0,0,0.5,-0.204425,180,0,0,923639
0,0,0,0.5,-0.204425,180,0,0,923656
0,-1,1,0.5,-0.20456,180,0,0,923677
0,0,0,0.5,-0.20456,180,0,0,923690
0,1,1,0.5,-0.204425,180,0,0,923708
0,1,0,0.5,-0.20429,180,0,31,923723
0,2,0,0.5,-0.20402,180,0,31,923742
0,1,1,0.5,-0.203885,180,0,31,923756
0,1,0,0.5,-0.20375,180,0,0,923775
0,0,0,0.5,-0.20375,180,0,0,923792
0,0,0,0.5,-0.20375,180,0,0,923807
0,0,0,0.5,-0.20375,180,0,0,923823
0,-1,0,0.5,-0.203885,180,0,0,923840
0,0,0,0.5,-0.203885,180,0,0,923855
0,1,0,0.5,-0.20375,180,0,31,923873
0,1,0,0.5,-0.203615,180,0,31,923889
0,2,1,0.5,-0.203345,180,0,31,923907
0,1,1,0.5,-0.20321,180,0,31,923926
0,1,0,0.5,-0.203075,180,0,0,923947
0,0,0,0.5,-0.203075,180,0,0,923957
0,-1,0,0.5,-0.20321,180,0,0,923975
0,0,0,0.5,-0.20321,180,0,0,923991
0,0,0,0.5,-0.20321,180,0,0,924007
0,1,0,0.5,-0.203075,180,0,31,924023
0,2,0,0.5,-0.202805,180,0,31,924040
0,1,0,0.5,-0.20267,180,0,31,924057
0,1,0,0.5,-0.202535,180,0,31,924073
0,0,0,0.5,-0.202535,180,0,0,924089
0,0,0,0.5,-0.202535,180,0,0,924108
0,-1,0,0.5,-0.20267,180,0,0,924125
0,0,0,0.5,-0.20267,180,0,0,924140
0,-1,0,0.5,-0.202805,180,0,0,924157
0,0,0,0.5,-0.202805,180,0,31,924173
0,2,0,0.5,-0.202535,180,0,31,924190
0,2,0,0.5,-0.202265,180,0,31,924207
0,0,0,0.5,-0.202265,180,0,31,924225
0,0,0,0.5,-0.202265,180,0,0,924245
0,0,0,0.5,-0.202265,180,0,0,924259
0,0,0,0.5,-0.202265,180,0,0,924273
0,-2,0,0.5,-0.202535,180,0,0,924290
0,-1,0,0.5,-0.20267,180,0,0,924307
0,0,0,0.5,-0.20267,180,0,31,924323
0,0,0,0.5,-0.20267,180,0,31,924341
0,3,0,0.5,-0.202265,180,0,31,924356
0,1,0,0.5,-0.20213,180,0,31,924376
0,0,0,0.5,-0.20213,180,0,31,924390
0,0,0,0.5,-0.20213,180,0,0,924407
0,0,0,0.5,-0.20213,180,0,0,924425
0,-2,0,0.5,-0.2024,180,0,0,924440
0,0,0,0.5,-0.2024,180,0,0,924457
0,0,0,0.5,-0.2024,180,0,31,924473
0,0,0,0.5,-0.2024,180,0,31,924490
0,0,0,0.5,-0.2024,180,0,31,924508
0,0,0,0.5,-0.2024,180,0,31,924523
0,0,0,0.5,-0.2024,180,0,31,924540
0,0,0,0.5,-0.2024,180,0,0,924557
0,0,0,0.5,-0.2024,180,0,0,924574
0,0,-1,0.5,-0.2024,180,0,0,924591
0,-1,0,0.5,-0.202535,180,0,0,924607
0,0,0,0.5,-0.202535,180,0,0,924623
0,0,0,0.5,-0.202535,180,0,31,924641
0,1,0,0.5,-0.2024,180,0,31,924657
0,1,0,0.5,-0.202265,180,0,31,924680
0,1,0,0.5,-0.20213,180,0,0,924695
0,0,0,0.5,-0.20213,180,0,0,924711
0,0,0,0.5,-0.20213,180,0,0,924728
0,-2,0,0.5,-0.2024,180,0,0,924742
0,-1,0,0.5,-0.202535,180,0,0,924761
0,0,0,0.5,-0.202535,180,0,31,924776
0,2,0,0.5,-0.202265,180,0,31,924791
0,1,0,0.5,-0.20213,180,0,31,924813
0,0,0,0.5,-0.20213,180,0,31,924826
0,0,0,0.5,-0.20213,180,0,0,924841
0,0,0,0.5,-0.20213,180,0,0,924857
0,-1,0,0.5,-0.202265,180,0,0,924875
0,-1,0,0.5,-0.2024,180,0,0,924891
0,-1,0,0.5,-0.202535,180,0,0,924907
0,0,0,0.5,-0.202535,180,0,31,924924
0,1,0,0.5,-0.2024,180,0,31,924941
0,1,0,0.5,-0.202265,180,0,31,924960
0,0,0,0.5,-0.202265,180,0,31,924974
0,0,0,0.5,-0.202265,180,0,0,924991
0,0,0,0.5,-0.202265,180,0,0,925009
0,-1,0,0.5,-0.2024,180,0,0,925025
0,-1,0,0.5,-0.202535,180,0,0,925041
0,-1,0,0.5,-0.20267,180,0,31,925060
0,0,0,0.5,-0.20267,180,0,31,925074
0,0,0,0.5,-0.20267,180,0,31,925091
0,2,0,0.5,-0.2024,180,0,31,925108
0,2,0,0.5,-0.20213,180,0,0,925129
0,0,0,0.5,-0.20213,180,0,0,925141
0,-1,0,0.5,-0.202265,180,0,0,925159
0,-3,0,0.5,-0.20267,180,0,0,925175
0,0,0,0.5,-0.20267,180,0,0,925191
0,-1,0,0.5,-0.202805,180,0,31,925211
0,0,0,0.5,-0.202805,180,0,31,925229
0,1,0,0.5,-0.20267,180,0,31,925243
0,0,0,0.5,-0.20267,180,0,31,925259
0,1,0,0.5,-0.202535,180,0,31,925275
0,0,0,0.5,-0.202535,180,0,0,925293
0,-1,0,0.5,-0.20267,180,0,0,925309
0,-2,0,0.5,-0.20294,180,0,0,925325
0,-1,0,0.5,-0.203075,180,0,0,925342
0,-1,0,0.5,-0.20321,180,0,31,925362
0,0,0,0.5,-0.20321,180,0,31,925375
0,2,0,0.5,-0.20294,180,0,31,925393
0,2,0,0.5,-0.20267,180,0,31,925410
0,2,0,0.5,-0.2024,180,0,0,925426
0,0,0,0.5,-0.2024,180,0,0,925442
0,0,0,0.5,-0.2024,180,0,0,925462
0,-2,0,0.5,-0.20267,180,0,0,925479
0,0,0,0.5,-0.20267,180,0,0,925493
0,-1,0,0.5,-0.202805,180,0,31,925509
0,-1,0,0.5,-0.20294,180,0,31,925527
0,1,0,0.5,-0.202805,180,0,31,925543
0,2,0,0.5,-0.202535,180,0,31,925560
0,0,0,0.5,-0.202535,180,0,31,925576
0,-1,0,0.5,-0.20267,180,0,0,925594
0,0,0,0.5,-0.20267,180,0,0,925609
0,-2,-1,0.5,-0.20294,180,0,0,925631
0,-1,0,0.5,-0.203075,180,0,0,925645
0,0,0,0.5,-0.203075,180,0,0,925661
0,0,0,0.5,-0.203075,180,0,31,925676
0,2,0,0.5,-0.202805,180,0,31,925693
0,2,0,0.5,-0.202535,180,0,31,925710
0,2,0,0.5,-0.202265,180,0,31,925728
0,0,0,0.5,-0.202265,180,0,31,925743
0,0,0,0.5,-0.202265,180,0,0,925759
0,-2,-1,0.5,-0.202535,180,0,0,925777
0,-1,0,0.5,-0.20267,180,0,0,925793
0,-1,0,0.5,-0.202805,180,0,0,925811
0,-1,0,0.5,-0.20294,180,0,31,925827
0,0,0,0.5,-0.20294,180,0,31,925846
0,3,0,0.5,-0.202535,180,0,31,925862
0,1,0,0.5,-0.2024,180,0,31,925877
0,1,0,0.5,-0.202265,180,0,31,925895
0,0,0,0.5,-0.202265,180,0,0,925911
0,0,0,0.5,-0.202265,180,0,0,925926
0,-1,0,0.5,-0.2024,180,0,0,925944
0,0,0,0.5,-0.2024,180,0,0,925960
0,0,0,0.5,-0.2024,180,0,31,925976
0,1,0,0.5,-0.202265,180,0,31,925995
0,1,0,0.5,-0.20213,180,0,31,926010
0,1,0,0.5,-0.201995,180,0,31,926027
0,0,0,0.5,-0.201995,180,0,0,926043
0,0,0,0.5,-0.201995,180,0,0,926060
0,0,0,0.5,-0.201995,180,0,0,926078
0,-1,0,0.5,-0.20213,180,0,0,926096
0,0,0,0.5,-0.20213,180,0,31,926110
0,0,0,0.5,-0.20213,180,0,31,926128
0,1,0,0.5,-0.201995,180,0,31,926143
0,0,0,0.5,-0.201995,180,0,31,926162
0,1,0,0.5,-0.20186,180,0,31,926181
0,0,0,0.5,-0.20186,180,0,0,926193
0,0,0,0.5,-0.20186,180,0,0,926210
0,0,0,0.5,-0.20186,180,0,0,926228
0,0,0,0.5,-0.20186,180,0,0,926244
0,-3,0,0.5,-0.202265,180,0,31,926260
0,0,0,0.5,-0.202265,180,0,31,926277
0,0,0,0.5,-0.202265,180,0,31,926293
0,2,0,0.5,-0.201995,180,0,31,926311
0,1,0,0.5,-0.20186,180,0,31,926327
0,0,0,0.5,-0.20186,180,0,0,926345
0,0,0,0.5,-0.20186,180,0,0,926361
0,0,0,0.5,-0.20186,180,0,0,926377
0,0,0,0.5,-0.20186,180,0,0,926397
0,0,0,0.5,-0.20186,180,0,0,926413
0,0,0,0.5,-0.20186,180,0,31,926428
0,0,0,0.5,-0.20186,180,0,31,926444
0,2,0,0.5,-0.20159,180,0,31,926461
0,1,0,0.5,-0.201455,180,0,31,926480
0,1,0,0.5,-0.20132,180,0,0,926497
0,0,0,0.5,-0.20132,180,0,0,926511
0,0,0,0.5,-0.20132,180,0,0,926528
0,0,0,0.5,-0.20132,180,0,0,926545
0,0,0,0.5,-0.20132,180,0,0,926562
0,0,0,0.5,-0.20132,180,0,31,926578
0,0,0,0.5,-0.20132,180,0,31,926597
0,2,0,0.5,-0.20105,180,0,31,926615
0,0,0,0.5,-0.20105,180,0,31,926628
0,0,0,0.5,-0.20105,180,0,0,926647
0,0,0,0.5,-0.20105,180,0,0,926662
0,0,0,0.5,-0.20105,180,0,0,926678
0,-2,0,0.5,-0.20132,180,0,0,926695
0,0,0,0.5,-0.20132,180,0,0,926714
0,0,0,0.5,-0.20132,180,0,31,926728
0,3,0,0.5,-0.200915,180,0,31,926744
0,1,0,0.5,-0.20078,180,0,31,926761
0,1,0,0.5,-0.200645,180,0,31,926778
0,0,0,0.5,-0.200645,180,0,0,926795
0,0,0,0.5,-0.200645,180,0,0,926812
0,0,0,0.5,-0.200645,180,0,0,926828
0,-3,0,0.5,-0.20105,180,0,0,926846
0,0,0,0.5,-0.20105,180,0,0,926862
0,0,0,0.5,-0.20105,180,0,31,926878
0,0,1,0.5,-0.20105,180,0,31,926895
0,2,1,0.5,-0.20078,180,0,31,926912
0,1,0,0.5,-0.200645,180,0,31,926929
0,0,0,0.5,-0.200645,180,0,31,926945
0,0,0,0.5,-0.200645,180,0,0,926962
0,-1,0,0.5,-0.20078,180,0,0,926979
0,-1,0,0.5,-0.200915,180,0,0,926995
0,0,0,0.5,-0.200915,180,0,0,927013
0,0,0,0.5,-0.200915,180,0,31,927030
0,0,0,0.5,-0.200915,180,0,31,927046
0,3,1,0.5,-0.20051,180,0,31,927063
0,1,0,0.5,-0.200375,180,0,31,927080
0,0,0,0.5,-0.200375,180,0,31,927096
0,0,0,0.5,-0.200375,180,0,0,927112
0,0,0,0.5,-0.200375,180,0,0,927129
0,-1,0,0.5,-0.20051,180,0,0,927147
0,-2,0,0.5,-0.20078,180,0,0,927164
0,0,0,0.5,-0.20078,180,0,0,927178
0,0,0,0.5,-0.20078,180,0,31,927198
0,0,0,0.5,-0.20078,180,0,31,927212
0,1,0,0.5,-0.200645,180,0,31,927229
0,0,0,0.5,-0.200645,180,0,31,927247
0,1,0,0.5,-0.20051,180,0,0,927268
0,-1,0,0.5,-0.200645,180,0,0,927280
0,-1,0,0.5,-0.20078,180,0,0,927296
0,-2,0,0.5,-0.20105,180,0,0,927312
0,-1,0,0.5,-0.201185,180,0,0,927329
0,-1,0,0.5,-0.20132,180,0,31,927348
0,0,0,0.5,-0.20132,180,0,31,927362
0,0,0,0.5,-0.20132,180,0,31,927380
0,4,1,0.5,-0.20078,180,0,31,927396
0,2,0,0.5,-0.20051,180,0,31,927416
0,1,0,0.5,-0.200375,180,0,0,927435
0,0,0,0.5,-0.200375,180,0,0,927446
0,0,0,0.5,-0.200375,180,0,0,927464
0,0,0,0.5,-0.200375,180,0,0,927480
0,0,0,0.5,-0.200375,180,0,0,927496
0,0,0,0.5,-0.200375,180,0,31,927515
0,2,0,0.5,-0.200105,180,0,31,927530
0,3,0,0.5,-0.1997,180,0,31,927547
0,1,0,0.5,-0.199565,180,0,31,927564
0,1,0,0.5,-0.19943,180,0,31,927582
0,0,0,0.5,-0.19943,180,0,0,927596
0,0,0,0.5,-0.19943,180,0,0,927613
0,-3,0,0.5,-0.199835,180,0,0,927632
0,-1,0,0.5,-0.19997,180,0,0,927647
0,0,0,0.5,-0.19997,180,0,0,927664
0,0,0,0.5,-0.19997,180,0,31,927680
0,1,0,0.5,-0.199835,180,0,31,927697
0,3,0,0.5,-0.19943,180,0,31,927713
0,1,0,0.5,-0.199295,180,0,31,927731
0,1,0,0.5,-0.19916,180,0,31,927747
0,0,0,0.5,-0.19916,180,0,0,927763
0,0,0,0.5,-0.19916,180,0,0,927780
0,-2,0,0.5,-0.19943,180,0,0,927797
0,-1,0,0.5,-0.199565,180,0,0,927814
0,0,0,0.5,-0.199565,180,0,0,927830
0,1,0,0.5,-0.19943,180,0,31,927847
0,0,0,0.5,-0.19943,180,0,31,927864
0,0,0,0.5,-0.19943,180,0,31,927881
0,0,0,0.5,-0.19943,180,0,31,927897
0,0,0,0.5,-0.19943,180,0,31,927913
0,0,0,0.5,-0.19943,180,0,0,927930
0,-1,0,0.5,-0.199565,180,0,0,927947
0,0,0,0.5,-0.199565,180,0,0,927963
0,-1,0,0.5,-0.1997,180,0,0,927980
0,0,0,0.5,-0.1997,180,0,0,927997
0,0,0,0.5,-0.1997,180,0,0,928015
0,0,0,0.5,-0.1997,180,0,31,928031
0,1,0,0.5,-0.199565,180,0,31,928048
0,0,0,0.5,-0.199565,180,0,31,928064
0,2,0,0.5,-0.199295,180,0,31,928080
0,0,0,0.5,-0.199295,180,0,31,928100
0,0,0,0.5,-0.199295,180,0,0,928114
0,-3,0,0.5,-0.1997,180,0,0,928131
0,-1,0,0.5,-0.199835,180,0,0,928148
0,-1,0,0.5,-0.19997,180,0,0,928164
0,0,0,0.5,-0.19997,180,0,0,928181
0,0,0,0.5,-0.19997,180,0,0,928198
0,0,0,0.5,-0.19997,180,0,0,928215
0,0,0,0.5,-0.19997,180,0,31,928235
0,3,0,0.5,-0.199565,180,0,31,928248
0,1,0,0.5,-0.19943,180,0,31,928266
0,1,0,0.5,-0.199295,180,0,31,928283
0,0,0,0.5,-0.199295,180,0,0,928298
0,0,0,0.5,-0.199295,180,0,0,928314
0,-3,0,0.5,-0.1997,180,0,0,928332
0,-2,0,0.5,-0.19997,180,0,0,928348
0,-1,0,0.5,-0.200105,180,0,0,928364
0,-1,0,0.5,-0.20024,180,0,0,928381
0,0,0,0.5,-0.20024,180,0,0,928397
0,0,0,0.5,-0.20024,180,0,31,928415
0,0,0,0.5,-0.20024,180,0,31,928432
0,1,0,0.5,-0.200105,180,0,31,928448
0,1,0,0.5,-0.19997,180,0,31,928465
0,0,0,0.5,-0.19997,180,0,31,928483
0,0,0,0.5,-0.19997,180,0,0,928498
0,0,0,0.5,-0.19997,180,0,0,928514
0,0,0,0.5,-0.19997,180,0,0,928531
0,0,0,0.5,-0.19997,180,0,0,928548
0,0,-1,0.5,-0.19997,180,0,0,928565
0,0,0,0.5,-0.19997,180,0,0,928581
0,0,0,0.5,-0.19997,180,0,0,928598
0,0,0,0.5,-0.19997,180,0,0,928615
0,0,0,0.5,-0.19997,180,0,0,928632
0,0,0,0.5,-0.19997,180,0,0,928649
0,0,0,0.5,-0.19997,180,0,0,928665
0,0,0,0.5,-0.19997,180,0,0,928683
0,-1,0,0.5,-0.200105,180,0,0,928700
0,0,0,0.5,-0.200105,180,0,0,928715
0,-1,0,0.5,-0.20024,180,0,0,928732
0,-1,0,0.5,-0.200375,180,0,0,928749
0,-2,0,0.5,-0.200645,180,0,0,928765
0,-1,0,0.5,-0.20078,180,0,0,928782
0,-1,0,0.5,-0.200915,180,0,0,928799
0,-1,0,0.5,-0.20105,180,0,0,928818
0,-1,0,0.5,-0.201185,180,0,0,928833
0,0,0,0.5,-0.201185,180,0,0,928849
0,0,0,0.5,-0.201185,180,0,0,928867
0,0,0,0.5,-0.201185,180,0,0,928881
0,0,0,0.5,-0.201185,180,0,0,928899
0,0,0,0.5,-0.201185,180,0,0,928915
0,0,0,0.5,-0.201185,180,0,0,928932
0,0,0,0.5,-0.201185,180,0,0,928949
0,0,0,0.5,-0.201185,180,0,0,928965
0,0,0,0.5,-0.201185,180,0,0,928982
0,-1,0,0.5,-0.20132,180,0,0,929000
0,0,0,0.5,-0.20132,180,0,0,929016
0,0,0,0.5,-0.20132,180,0,0,929032
0,0,0,0.5,-0.20132,180,0,0,929049
0,0,0,0.5,-0.20132,180,0,0,929068
0,0,0,0.5,-0.20132,180,0,0,929084
0,0,1,0.5,-0.20132,180,0,0,929099
0,0,0,0.5,-0.20132,180,0,0,929117
0,0,0,0.5,-0.20132,180,0,0,929134
0,0,0,0.5,-0.20132,180,0,0,929151
0,0,0,0.5,-0.20132,180,0,0,929170
0,0,0,0.5,-0.20132,180,0,0,929185
0,0,0,0.5,-0.20132,180,0,0,929199
0,0,0,0.5,-0.20132,180,0,0,929218
0,0,0,0.5,-0.20132,180,0,0,929233
0,0,0,0.5,-0.20132,180,0,0,929254
0,0,0,0.5,-0.20132,180,0,0,929268
0,0,0,0.5,-0.20132,180,0,0,929284
0,0,0,0.5,-0.20132,180,0,0,929301
0,0,0,0.5,-0.20132,180,0,0,929317
0,0,0,0.5,-0.20132,180,0,0,929335
0,-1,0,0.5,-0.201455,180,0,0,929353
0,0,0,0.5,-0.201455,180,0,0,929368
0,0,0,0.5,-0.201455,180,0,0,929384
0,0,0,0.5,-0.201455,180,0,0,929400
0,0,0,0.5,-0.201455,180,0,0,929416
0,0,0,0.5,-0.201455,180,0,0,929434
0,0,0,0.5,-0.201455,180,0,0,929450
0,0,0,0.5,-0.201455,180,0,0,929468
0,0,0,0.5,-0.201455,180,0,0,929484
0,0,0,0.5,-0.201455,180,0,0,929500
0,0,0,0.5,-0.201455,180,0,0,929517
0,0,0,0.5,-0.201455,180,0,0,929533
0,0,0,0.5,-0.201455,180,0,0,929551
0,0,0,0.5,-0.201455,180,0,0,929567
0,0,0,0.5,-0.201455,180,0,0,929584
0,0,0,0.5,-0.201455,180,0,0,929600
0,0,0,0.5,-0.201455,180,0,0,929617
0,0,0,0.5,-0.201455,180,0,0,929634
0,0,0,0.5,-0.201455,180,0,0,929652
0,-1,0,0.5,-0.20159,180,0,0,929668
0,0,0,0.5,-0.20159,180,0,0,929684
0,0,0,0.5,-0.20159,180,0,0,929701
0,0,0,0.5,-0.20159,180,0,0,929717
0,0,0,0.5,-0.20159,180,0,0,929734
0,-1,0,0.5,-0.201725,180,0,0,929753
0,-1,0,0.5,-0.20186,180,0,0,929769
0,0,0,0.5,-0.20186,180,0,0,929787
0,0,0,0.5,-0.20186,180,0,0,929802
0,0,0,0.5,-0.20186,180,0,0,929817
0,1,0,0.5,-0.201725,180,0,0,929835
0,0,0,0.5,-0.201725,180,0,0,929851
0,0,0,0.5,-0.201725,180,0,0,929867
0,0,0,0.5,-0.201725,180,0,0,929885
0,0,0,0.5,-0.201725,180,0,0,929900
0,0,0,0.5,-0.201725,180,0,0,929917
0,0,0,0.5,-0.201725,180,0,0,929934
0,0,0,0.5,-0.201725,180,0,0,929950
0,0,0,0.5,-0.201725,180,0,0,929967
0,0,0,0.5,-0.201725,180,0,0,929985
0,0,0,0.5,-0.201725,180,0,0,930001
0,0,0,0.5,-0.201725,180,0,0,930017
0,0,0,0.5,-0.201725,180,0,0,930034
0,0,0,0.5,-0.201725,180,0,0,930051
0,1,0,0.5,-0.20159,180,0,0,930069
0,0,0,0.5,-0.20159,180,0,0,930084
0,0,0,0.5,-0.20159,180,0,0,930101
0,0,0,0.5,-0.20159,180,0,0,930118
0,-1,0,0.5,-0.201725,180,0,0,930135
0,0,0,0.5,-0.201725,180,0,0,930154
0,0,0,0.5,-0.201725,180,0,0,930167
0,0,0,0.5,-0.201725,180,0,0,930185
0,0,0,0.5,-0.201725,180,0,0,930202
0,0,0,0.5,-0.201725,180,0,0,930219
0,0,0,0.5,-0.201725,180,0,0,930235
0,0,0,0.5,-0.201725,180,0,0,930253
0,0,0,0.5,-0.201725,180,0,0,930268
0,0,0,0.5,-0.201725,180,0,0,930285
0,0,0,0.5,-0.201725,180,0,0,930302
0,0,0,0.5,-0.201725,180,0,0,930318
0,0,0,0.5,-0.201725,180,0,0,930336
0,0,0,0.5,-0.201725,180,0,0,930351
0,0,0,0.5,-0.201725,180,0,0,930368
0,0,0,0.5,-0.201725,180,0,0,930385
0,0,0,0.5,-0.201725,180,0,0,930402
0,0,0,0.5,-0.201725,180,0,0,930418
0,0,0,0.5,-0.201725,180,0,0,930436
0,0,0,0.5,-0.201725,180,0,0,930451
0,0,0,0.5,-0.201725,180,0,0,930468
0,0,0,0.5,-0.201725,180,0,0,930485
0,0,0,0.5,-0.201725,180,0,0,930502
0,0,0,0.5,-0.201725,180,0,0,930519
0,0,0,0.5,-0.201725,180,0,0,930536
0,0,0,0.5,-0.201725,180,0,0,930553
0,0,0,0.5,-0.201725,180,0,0,930570
0,0,0,0.5,-0.201725,180,0,0,930587
0,0,0,0.5,-0.201725,180,0,0,930603
0,0,0,0.5,-0.201725,180,0,0,930620
0,0,0,0.5,-0.201725,180,0,0,930636
0,0,0,0.5,-0.201725,180,0,0,930652
0,0,0,0.5,-0.201725,180,0,0,930669
0,0,0,0.5,-0.201725,180,0,0,930686
0,0,0,0.5,-0.201725,180,0,0,930703
0,0,0,0.5,-0.201725,180,0,0,930719
0,0,0,0.5,-0.201725,180,0,0,930736
0,0,0,0.5,-0.201725,180,0,0,930754
0,0,0,0.5,-0.201725,180,0,0,930771
0,0,0,0.5,-0.201725,180,0,0,930786
0,0,0,0.5,-0.201725,180,0,0,930803
0,0,0,0.5,-0.201725,180,0,0,930820
0,0,0,0.5,-0.201725,180,0,0,930836
0,0,0,0.5,-0.201725,180,0,0,930853
0,0,0,0.5,-0.201725,180,0,0,930870
0,0,0,0.5,-0.201725,180,0,0,930886
0,0,0,0.5,-0.201725,180,0,0,930904
0,0,0,0.5,-0.201725,180,0,0,930920
0,0,0,0.5,-0.201725,180,0,0,930936
0,0,0,0.5,-0.201725,180,0,0,930953
0,0,0,0.5,-0.201725,180,0,0,930971
0,0,0,0.5,-0.201725,180,0,0,930987
0,0,0,0.5,-0.201725,180,0,0,931004
0,0,0,0.5,-0.201725,180,0,0,931020
0,0,0,0.5,-0.201725,180,0,0,931036
0,0,0,0.5,-0.201725,180,0,0,931056
0,0,0,0.5,-0.201725,180,0,0,931071
0,0,0,0.5,-0.201725,180,0,0,931087
0,0,0,0.5,-0.201725,180,0,0,931103
0,0,0,0.5,-0.201725,180,0,0,931120
0,0,0,0.5,-0.201725,180,0,0,931142
0,0,0,0.5,-0.201725,180,0,0,931155
0,0,0,0.5,-0.201725,180,0,0,931171
0,0,0,0.5,-0.201725,180,0,0,931187
0,0,0,0.5,-0.201725,180,0,0,931204
0,0,0,0.5,-0.201725,180,0,0,931224
0,0,0,0.5,-0.201725,180,0,0,931237
0,0,0,0.5,-0.201725,180,0,0,931254
0,0,0,0.5,-0.201725,180,0,0,931273
0,0,0,0.5,-0.201725,180,0,0,931287
0,0,0,0.5,-0.201725,180,0,0,931305
0,0,0,0.5,-0.201725,180,0,0,931320
0,0,0,0.5,-0.201725,180,0,0,931337
0,0,0,0.5,-0.201725,180,0,0,931353
0,0,0,0.5,-0.201725,180,0,0,931370
0,0,0,0.5,-0.201725,180,0,0,931387
0,0,0,0.5,-0.201725,180,0,0,931403
0,0,0,0.5,-0.201725,180,0,0,931420
0,0,0,0.5,-0.201725,180,0,0,931437
0,0,0,0.5,-0.201725,180,0,0,931456
0,0,0,0.5,-0.201725,180,0,0,931470
0,0,0,0.5,-0.201725,180,0,0,931487
0,0,0,0.5,-0.201725,180,0,0,931504
0,0,0,0.5,-0.201725,180,0,0,931521
0,0,0,0.5,-0.201725,180,0,0,931537
0,0,0,0.5,-0.201725,180,0,0,931555
0,0,0,0.5,-0.201725,180,0,0,931571
0,0,0,0.5,-0.201725,180,0,0,931588
0,0,0,0.5,-0.201725,180,0,0,931605
0,0,0,0.5,-0.201725,180,0,0,931621
0,0,0,0.5,-0.201725,180,0,0,931640
0,0,0,0.5,-0.201725,180,0,0,931657
0,0,0,0.5,-0.201725,180,0,0,931672
0,0,0,0.5,-0.201725,180,0,0,931688
0,0,0,0.5,-0.201725,180,0,0,931705
0,0,0,0.5,-0.201725,180,0,0,931721
0,0,0,0.5,-0.201725,180,0,0,931738
0,0,0,0.5,-0.201725,180,0,0,931755
0,0,0,0.5,-0.201725,180,0,0,931772
0,0,0,0.5,-0.201725,180,0,0,931788
0,0,0,0.5,-0.201725,180,0,0,931805
0,0,0,0.5,-0.201725,180,0,0,931822
0,0,0,0.5,-0.201725,180,0,0,931838
0,0,0,0.5,-0.201725,180,0,0,931855
0,0,0,0.5,-0.201725,180,0,0,931873
0,0,0,0.5,-0.201725,180,0,0,931889
0,0,0,0.5,-0.201725,180,0,0,931905
0,0,0,0.5,-0.201725,180,0,0,931922
0,0,0,0.5,-0.201725,180,0,0,931938
0,0,0,0.5,-0.201725,180,0,0,931955
0,0,0,0.5,-0.201725,180,0,0,931971
0,0,0,0.5,-0.201725,180,0,0,931988
0,0,0,0.5,-0.201725,180,0,0,932005
0,0,0,0.5,-0.201725,180,0,0,932021
0,0,0,0.5,-0.201725,180,0,0,932038
0,0,0,0.5,-0.201725,180,0,0,932055
0,0,0,0.5,-0.201725,180,0,0,932072
0,0,0,0.5,-0.201725,180,0,0,932088
0,0,0,0.5,-0.201725,180,0,0,932105
0,0,0,0.5,-0.201725,180,0,0,932121
0,0,0,0.5,-0.201725,180,0,0,932139
0,0,0,0.5,-0.201725,180,0,0,932155
0,0,0,0.5,-0.201725,180,0,0,932172
0,0,0,0.5,-0.201725,180,0,0,932193
0,0,0,0.5,-0.201725,180,0,0,932208
0,0,0,0.5,-0.201725,180,0,0,932224
0,0,0,0.5,-0.201725,180,0,0,932240
0,0,0,0.5,-0.201725,180,0,0,932255
0,0,0,0.5,-0.201725,180,0,0,932272
0,0,0,0.5,-0.201725,180,0,0,932289
0,0,0,0.5,-0.201725,180,0,0,932305
0,0,0,0.5,-0.201725,180,0,0,932322
0,0,0,0.5,-0.201725,180,0,0,932338
0,0,0,0.5,-0.201725,180,0,0,932355
0,0,0,0.5,-0.201725,180,0,0,932372
0,0,0,0.5,-0.201725,180,0,0,932389
0,0,0,0.5,-0.201725,180,0,0,932405
0,0,0,0.5,-0.201725,180,0,0,932422
0,0,0,0.5,-0.201725,180,0,0,932439
0,0,0,0.5,-0.201725,180,0,0,932455
0,0,0,0.5,-0.201725,180,0,0,932472
0,0,0,0.5,-0.201725,180,0,0,932490
0,0,0,0.5,-0.201725,180,0,0,932505
0,0,0,0.5,-0.201725,180,0,0,932522
0,0,0,0.5,-0.201725,180,0,0,932539
0,0,0,0.5,-0.201725,180,0,0,932555
0,0,0,0.5,-0.201725,180,0,0,932572
0,0,0,0.5,-0.201725,180,0,0,932590
0,0,0,0.5,-0.201725,180,0,0,932605
0,0,0,0.5,-0.201725,180,0,0,932625
0,0,0,0.5,-0.201725,180,0,0,932640
0,0,0,0.5,-0.201725,180,0,0,932657
0,0,0,0.5,-0.201725,180,0,0,932673
0,0,0,0.5,-0.201725,180,0,0,932690
0,0,0,0.5,-0.201725,180,0,0,932706
0,0,0,0.5,-0.201725,180,0,0,932723
0,0,0,0.5,-0.201725,180,0,0,932740
0,0,0,0.5,-0.201725,180,0,0,932757
0,0,0,0.5,-0.201725,180,0,0,932773
0,0,0,0.5,-0.201725,180,0,0,932790
0,0,0,0.5,-0.201725,180,0,0,932806
0,0,0,0.5,-0.201725,180,0,0,932827
0,0,0,0.5,-0.201725,180,0,0,932841
0,0,0,0.5,-0.201725,180,0,0,932857
0,0,0,0.5,-0.201725,180,0,0,932875
0,0,0,0.5,-0.201725,180,0,0,932891
0,0,0,0.5,-0.201725,180,0,0,932908
0,0,0,0.5,-0.201725,180,0,0,932923
0,0,0,0.5,-0.201725,180,0,0,932940
0,0,0,0.5,-0.201725,180,0,0,932956
0,0,0,0.5,-0.201725,180,0,0,932974
0,0,0,0.5,-0.201725,180,0,0,932989
0,0,0,0.5,-0.201725,180,0,0,933006
0,0,0,0.5,-0.201725,180,0,0,933023
0,0,0,0.5,-0.201725,180,0,0,933040
0,0,0,0.5,-0.201725,180,0,0,933056
0,0,0,0.5,-0.201725,180,0,0,933074
0,0,0,0.5,-0.201725,180,0,0,933090
0,0,0,0.5,-0.201725,180,0,0,933106
0,0,0,0.5,-0.201725,180,0,0,933123
0,0,0,0.5,-0.201725,180,0,0,933140
0,0,0,0.5,-0.201725,180,0,0,933157
0,0,0,0.5,-0.201725,180,0,0,933174
0,0,0,0.5,-0.201725,180,0,0,933191
0,0,0,0.5,-0.201725,180,0,0,933207
0,0,0,0.5,-0.201725,180,0,0,933226
0,0,0,0.5,-0.201725,180,0,0,933241
0,0,0,0.5,-0.201725,180,0,0,933257
0,0,0,0.5,-0.201725,180,0,0,933274
0,0,0,0.5,-0.201725,180,0,0,933290
0,0,0,0.5,-0.201725,180,0,0,933307
0,0,0,0.5,-0.201725,180,0,0,933324
0,0,0,0.5,-0.201725,180,0,0,933340
0,0,0,0.5,-0.201725,180,0,0,933357
0,0,0,0.5,-0.201725,180,0,0,933374
0,0,0,0.5,-0.201725,180,0,0,933390
0,0,0,0.5,-0.201725,180,0,0,933407
0,0,0,0.5,-0.201725,180,0,0,933424
0,0,0,0.5,-0.201725,180,0,0,933442
0,0,0,0.5,-0.201725,180,0,0,933457
0,0,0,0.5,-0.201725,180,0,0,933475
0,0,0,0.5,-0.201725,180,0,0,933491
0,0,0,0.5,-0.201725,180,0,0,933508
0,0,0,0.5,-0.201725,180,0,0,933525
0,0,0,0.5,-0.201725,180,0,0,933541
0,0,0,0.5,-0.201725,180,0,0,933559
0,0,0,0.5,-0.201725,180,0,0,933574
0,0,0,0.5,-0.201725,180,0,0,933591
0,0,0,0.5,-0.201725,180,0,0,933608
0,0,0,0.5,-0.201725,180,0,0,933625
0,0,0,0.5,-0.201725,180,0,0,933643
0,0,0,0.5,-0.201725,180,0,0,933658
0,0,0,0.5,-0.201725,180,0,0,933676
0,0,0,0.5,-0.201725,180,0,0,933692
0,0,0,0.5,-0.201725,180,0,0,933708
0,0,0,0.5,-0.201725,180,0,0,933725
0,0,0,0.5,-0.201725,180,0,0,933743
0,0,0,0.5,-0.201725,180,0,0,933759
0,0,0,0.5,-0.201725,180,0,0,933775
0,0,0,0.5,-0.201725,180,0,0,933792
0,0,0,0.5,-0.201725,180,0,0,933809
0,0,0,0.5,-0.201725,180,0,0,933825
0,0,0,0.5,-0.201725,180,0,0,933842
0,0,0,0.5,-0.201725,180,0,0,933859
0,0,0,0.5,-0.201725,180,0,0,933875
0,0,0,0.5,-0.201725,180,0,0,933894
0,0,0,0.5,-0.201725,180,0,0,933909
0,0,0,0.5,-0.201725,180,0,0,933925
0,0,0,0.5,-0.201725,180,0,0,933942
0,0,0,0.5,-0.201725,180,0,0,933959
0,0,0,0.5,-0.201725,180,0,0,933975
0,0,0,0.5,-0.201725,180,0,0,933992
0,0,0,0.5,-0.201725,180,0,0,934011
0,0,0,0.5,-0.201725,180,0,0,934026
0,0,0,0.5,-0.201725,180,0,0,934042
0,0,0,0.5,-0.201725,180,0,0,934059
0,0,0,0.5,-0.201725,180,0,0,934076
0,0,0,0.5,-0.201725,180,0,0,934092
0,0,0,0.5,-0.201725,180,0,0,934109
0,0,0,0.5,-0.201725,180,0,0,934126
0,0,0,0.5,-0.201725,180,0,0,934142
0,0,0,0.5,-0.201725,180,0,0,934160
0,0,0,0.5,-0.201725,180,0,0,934176
0,0,0,0.5,-0.201725,180,0,0,934195
0,0,0,0.5,-0.201725,180,0,0,934210
0,0,0,0.5,-0.201725,180,0,0,934226
0,0,0,0.5,-0.201725,180,0,0,934244
0,0,0,0.5,-0.201725,180,0,0,934260
0,0,0,0.5,-0.201725,180,0,0,934276
0,0,0,0.5,-0.201725,180,0,0,934293
0,0,0,0.5,-0.201725,180,0,0,934310
0,0,0,0.5,-0.201725,180,0,0,934326
0,0,0,0.5,-0.201725,180,0,0,934345
0,0,0,0.5,-0.201725,180,0,0,934359
0,0,0,0.5,-0.201725,180,0,0,934376
0,0,0,0.5,-0.201725,180,0,0,934393
0,0,0,0.5,-0.201725,180,0,0,934409
0,0,0,0.5,-0.201725,180,0,0,934426
0,0,0,0.5,-0.201725,180,0,0,934444
0,0,0,0.5,-0.201725,180,0,0,934459
0,0,0,0.5,-0.201725,180,0,0,934476
0,0,0,0.5,-0.201725,180,0,0,934493
0,0,0,0.5,-0.201725,180,0,0,934509
0,0,0,0.5,-0.201725,180,0,0,934526
0,2,0,0.5,-0.201455,180,0,0,934544
0,0,0,0.5,-0.201455,180,0,0,934559
0,0,0,0.5,-0.201455,180,0,0,934576
0,0,0,0.5,-0.201455,180,0,0,934593
0,0,0,0.5,-0.201455,180,0,0,934609
0,0,0,0.5,-0.201455,180,0,0,934628
0,0,0,0.5,-0.201455,180,0,0,934644
0,0,0,0.5,-0.201455,180,0,0,934659
0,0,0,0.5,-0.201455,180,0,0,934676
0,0,0,0.5,-0.201455,180,0,0,934693
0,0,0,0.5,-0.201455,180,0,0,934709
0,0,0,0.5,-0.201455,180,0,0,934726
0,0,0,0.5,-0.201455,180,0,0,934744
0,0,0,0.5,-0.201455,180,0,0,934760
0,0,0,0.5,-0.201455,180,0,0,934777
0,0,0,0.5,-0.201455,180,0,0,934793
0,0,0,0.5,-0.201455,180,0,0,934810
0,0,0,0.5,-0.201455,180,0,0,934827
0,0,0,0.5,-0.201455,180,0,0,934844
0,0,0,0.5,-0.201455,180,0,0,934860
0,0,0,0.5,-0.201455,180,0,0,934877
0,0,0,0.5,-0.201455,180,0,0,934894
0,0,0,0.5,-0.201455,180,0,0,934910
0,0,0,0.5,-0.201455,180,0,0,934929
0,0,0,0.5,-0.201455,180,0,0,934944
0,0,0,0.5,-0.201455,180,0,0,934960
0,0,0,0.5,-0.201455,180,0,0,934977
0,0,0,0.5,-0.201455,180,0,0,934994
0,0,0,0.5,-0.201455,180,0,0,935010
0,0,0,0.5,-0.201455,180,0,0,935027
0,0,0,0.5,-0.201455,180,0,0,935047
0,0,0,0.5,-0.201455,180,0,0,935064
0,0,0,0.5,-0.201455,180,0,0,935078
0,0,0,0.5,-0.201455,180,0,0,935095
0,0,0,0.5,-0.201455,180,0,0,935111
0,0,0,0.5,-0.201455,180,0,0,935128
0,0,0,0.5,-0.201455,180,0,0,935147
0,0,0,0.5,-0.201455,180,0,0,935161
0,0,0,0.5,-0.201455,180,0,0,935178
0,0,0,0.5,-0.201455,180,0,0,935196
0,0,0,0.5,-0.201455,180,0,0,935211
0,0,0,0.5,-0.201455,180,0,0,935229
0,0,0,0.5,-0.201455,180,0,0,935246
0,0,0,0.5,-0.201455,180,0,0,935262
0,0,0,0.5,-0.201455,180,0,0,935280
0,0,0,0.5,-0.201455,180,0,0,935295
0,0,0,0.5,-0.201455,180,0,0,935312
0,0,0,0.5,-0.201455,180,0,0,935328
0,0,0,0.5,-0.201455,180,0,0,935345
0,0,0,0.5,-0.201455,180,0,0,935364
0,0,0,0.5,-0.201455,180,0,0,935380
0,0,0,0.5,-0.201455,180,0,0,935396
0,0,0,0.5,-0.201455,180,0,0,935412
0,0,0,0.5,-0.201455,180,0,0,935428
0,0,0,0.5,-0.201455,180,0,0,935445
0,0,0,0.5,-0.201455,180,0,0,935462
0,0,0,0.5,-0.201455,180,0,0,935479
0,0,0,0.5,-0.201455,180,0,0,935496
0,0,0,0.5,-0.201455,180,0,0,935512
0,0,0,0.5,-0.201455,180,0,0,935528
0,0,0,0.5,-0.201455,180,0,0,935548
0,0,0,0.5,-0.201455,180,0,0,935562
0,0,0,0.5,-0.201455,180,0,0,935579
0,0,0,0.5,-0.201455,180,0,0,935595
0,0,0,0.5,-0.201455,180,0,0,935612
0,0,0,0.5,-0.201455,180,0,0,935628
0,0,0,0.5,-0.201455,180,0,0,935645
0,0,0,0.5,-0.201455,180,0,0,935664
0,0,0,0.5,-0.201455,180,0,0,935679
0,0,0,0.5,-0.201455,180,0,0,935696
0,0,0,0.5,-0.201455,180,0,0,935712
0,0,0,0.5,-0.201455,180,0,0,935729
0,0,0,0.5,-0.201455,180,0,0,935747
0,0,0,0.5,-0.201455,180,0,0,935763
0,0,0,0.5,-0.201455,180,0,0,935779
0,0,0,0.5,-0.201455,180,0,0,935796
0,0,0,0.5,-0.201455,180,0,0,935813
0,0,0,0.5,-0.201455,180,0,0,935829
0,0,0,0.5,-0.201455,180,0,0,935846
0,0,0,0.5,-0.201455,180,0,0,935864
0,0,0,0.5,-0.201455,180,0,0,935879
0,0,0,0.5,-0.201455,180,0,0,935896
0,0,0,0.5,-0.201455,180,0,0,935914
0,0,0,0.5,-0.201455,180,0,0,935929
0,0,0,0.5,-0.201455,180,0,0,935947
0,0,0,0.5,-0.201455,180,0,0,935964
0,0,0,0.5,-0.201455,180,0,0,935979
0,0,0,0.5,-0.201455,180,0,0,935996
0,0,0,0.5,-0.201455,180,0,0,936013
0,0,0,0.5,-0.201455,180,0,0,936029
0,0,0,0.5,-0.201455,180,0,0,936046
0,0,0,0.5,-0.201455,180,0,0,936063
0,0,0,0.5,-0.201455,180,0,0,936079
0,-2,0,0.5,-0.201725,180,0,0,936099
0,0,0,0.5,-0.201725,180,0,0,936114
0,-1,0,0.5,-0.20186,180,0,0,936129
0,0,0,0.5,-0.20186,180,0,0,936146
0,-1,0,0.5,-0.201995,180,0,0,936164
0,0,0,0.5,-0.201995,180,0,0,936180
0,0,0,0.5,-0.201995,180,0,0,936201
0,0,0,0.5,-0.201995,180,0,0,936213
0,-1,0,0.5,-0.20213,180,0,0,936232
0,-4,0,0.5,-0.20267,180,0,0,936247
0,-11,1,0.5,-0.204155,180,0,0,936265
0,-7,1,0.5,-0.2051,180,0,0,936281
0,-8,1,0.5,-0.20618,180,0,0,936297
0,-9,0,0.5,-0.207395,180,0,0,936313
0,-9,0,0.5,-0.20861,180,0,0,936330
0,-10,0,0.5,-0.20996,180,0,0,936350
0,-11,0,0.5,-0.211445,180,0,0,936365
0,-11,0,0.5,-0.21293,180,0,0,936383
0,-12,0,0.5,-0.21455,180,0,0,936397
0,-11,1,0.5,-0.216035,180,0,0,936416
0,-12,1,0.5,-0.217655,180,0,0,936434
0,-10,0,0.5,-0.219005,180,0,0,936447
0,-10,1,0.5,-0.220355,180,0,0,936469
0,-10,1,0.5,-0.221705,180,0,0,936484
0,-9,1,0.5,-0.22292,180,0,0,936498
0,-10,1,0.5,-0.22427,180,0,0,936516
0,-8,1,0.5,-0.22535,180,0,0,936536
0,-8,0,0.5,-0.22643,180,0,0,936548
0,-4,0,0.5,-0.22697,180,0,0,936566
0,-3,0,0.5,-0.227375,180,0,0,936581
0,-1,0,0.5,-0.22751,180,0,0,936597
0,0,0,0.5,-0.22751,180,0,0,936614
0,4,0,0.5,-0.22697,180,0,0,936631
0,14,0,0.5,-0.22508,180,0,0,936651
0,10,0,0.5,-0.22373,180,0,0,936667
0,11,0,0.5,-0.222245,180,0,0,936681
0,11,1,0.5,-0.22076,180,0,0,936699
0,12,1,0.5,-0.21914,180,0,0,936716
0,12,1,0.5,-0.21752,180,0,0,936731
0,12,1,0.5,-0.2159,180,0,0,936747
0,12,1,0.5,-0.21428,180,0,0,936765
0,12,0,0.5,-0.21266,180,0,0,936783
0,13,0,0.5,-0.210905,180,0,0,936799
0,14,0,0.5,-0.209015,180,0,0,936815
0,18,0,0.5,-0.206585,180,0,0,936834
0,19,0,0.5,-0.20402,180,0,0,936849
0,22,0,0.5,-0.20105,180,0,0,936865
0,26,0,0.5,-0.19754,180,0,0,936881
0,27,0,0.5,-0.193895,180,0,0,936900
0,29,2,0.5,-0.18998,180,0,0,936918
0,28,2,0.5,-0.1862,180,0,0,936932
0,29,3,0.5,-0.182285,180,0,0,936950
0,27,3,0.5,-0.17864,180,0,0,936966
0,26,2,0.5,-0.17513,180,0,0,936983
0,25,2,0.5,-0.171755,180,0,0,937000
0,45,1,0.5,-0.16568,180,0,0,937019
0,16,0,0.5,-0.16352,180,0,0,937035
0,13,-1,0.5,-0.161765,180,0,0,937049
0,10,-1,0.5,-0.160415,180,0,0,937068
0,8,-1,0.5,-0.159335,180,0,0,937082
0,8,-1,0.5,-0.158255,180,0,0,937102
0,9,-1,0.5,-0.15704,180,0,0,937116
0,9,-2,0.5,-0.155825,180,0,0,937133
0,11,-3,0.5,-0.15434,180,0,0,937149
0,10,-2,0.5,-0.15299,180,0,0,937172
0,9,-1,0.5,-0.151775,180,0,0,937183
0,9,-1,0.5,-0.15056,180,0,0,937199
0,9,0,0.5,-0.149345,180,0,0,937215
0,8,-1,0.5,-0.148265,180,0,0,937233
0,4,-1,0.5,-0.147725,180,0,0,937251
0,2,-1,0.5,-0.147455,180,0,0,937271
0,-3,-2,0.5,-0.14786,180,0,0,937282
0,-10,-1,0.5,-0.14921,180,0,0,937300
0,-12,0,0.5,-0.15083,180,0,0,937317
0,-16,0,0.5,-0.15299,180,0,0,937333
0,-18,0,0.5,-0.15542,180,0,0,937350
0,-37,0,0.5,-0.160415,180,0,0,937372
0,-15,0,0.5,-0.16244,180,0,0,937386
0,0,0,0.5,-0.16244,180,0,0,937399
0,-22,2,0.5,-0.16541,180,0,0,937417
0,-7,2,0.5,-0.166355,180,0,0,937435
0,-5,1,0.5,-0.16703,180,0,0,937453
0,-5,0,0.5,-0.167705,180,0,0,937470
0,-5,0,0.5,-0.16838,180,0,0,937482
0,-6,-1,0.5,-0.16919,180,0,0,937501
0,-3,-1,0.5,-0.169595,180,0,0,937517
0,-4,-2,0.5,-0.170135,180,0,0,937534
0,-1,-2,0.5,-0.17027,180,0,0,937552
0,0,-2,0.5,-0.17027,180,0,0,937567
0,1,-3,0.5,-0.170135,180,0,0,937585
0,3,-2,0.5,-0.16973,180,0,0,937601
0,6,-1,0.5,-0.16892,180,0,0,937619
0,5,-1,0.5,-0.168245,180,0,0,937635
0,5,0,0.5,-0.16757,180,0,0,937649
0,1,0,0.5,-0.167435,180,0,0,937668
0,1,0,0.5,-0.1673,180,0,0,937683
0,-2,0,0.5,-0.16757,180,0,0,937705
0,-7,0,0.5,-0.168515,180,0,0,937721
0,0,0,0.5,-0.168515,180,0,0,937737
0,-4,0,0.5,-0.169055,180,0,0,937750
0,-4,0,0.5,-0.169595,180,0,0,937766
0,-7,3,0.5,-0.17054,180,0,0,937786
0,-4,3,0.5,-0.17108,180,0,0,937806
0,-3,2,0.5,-0.171485,180,0,0,937819
0,-2,3,0.5,-0.171755,180,0,0,937835
0,-1,2,0.5,-0.17189,180,0,0,937852
0,0,2,0.5,-0.17189,180,0,0,937867
0,2,2,0.5,-0.17162,180,0,0,937885
0,3,1,0.5,-0.171215,180,0,0,937901
0,5,1,0.5,-0.17054,180,0,0,937923
0,3,0,0.5,-0.170135,180,0,0,937934
0,3,1,0.5,-0.16973,180,0,0,937951
0,4,1,0.5,-0.16919,180,0,0,937967
0,5,1,0.5,-0.168515,180,0,0,937986
0,6,1,0.5,-0.167705,180,0,0,938004
0,7,0,0.5,-0.16676,180,0,0,938019
0,5,-1,0.5,-0.166085,180,0,0,938034
0,5,-2,0.5,-0.16541,180,0,0,938050
0,4,-4,0.5,-0.16487,180,0,0,938071
0,2,-5,0.5,-0.1646,180,0,0,938088
0,0,-5,0.5,-0.1646,180,0,0,938104
0,-1,-5,0.5,-0.164735,180,0,0,938121
0,0,-6,0.5,-0.164735,180,0,0,938139
0,-4,-6,0.5,-0.165275,180,0,0,938155
0,-5,-11,0.5,-0.16595,180,0,0,938174
0,-2,-5,0.5,-0.16622,180,0,0,938187
0,-1,-3,0.5,-0.166355,180,0,0,938206
0,1,-3,0.5,-0.16622,180,0,0,938219
0,3,-2,0.5,-0.165815,180,0,0,938237
0,3,-2,0.5,-0.16541,180,0,0,938252
0,4,-1,0.5,-0.16487,180,0,0,938268
0,5,0,0.5,-0.164195,180,0,0,938292
0,6,0,0.5,-0.163385,180,0,0,938302
0,6,0,0.5,-0.162575,180,0,0,938319
0,6,1,0.5,-0.161765,180,0,0,938337
0,7,2,0.5,-0.16082,180,0,0,938356
0,6,2,0.5,-0.16001,180,0,0,938371
0,5,2,0.5,-0.159335,180,0,0,938387
0,4,2,0.5,-0.158795,180,0,0,938403
0,4,0,0.5,-0.158255,180,0,0,938419
0,4,0,0.5,-0.157715,180,0,0,938438
0,4,-2,0.5,-0.157175,180,0,0,938456
0,3,-2,0.5,-0.15677,180,0,0,938468
0,2,-3,0.5,-0.1565,180,0,0,938487
0,1,-3,0.5,-0.156365,180,0,0,938506
0,1,-3,0.5,-0.15623,180,0,0,938519
0,2,-7,0.5,-0.15596,180,0,0,938539
0,0,0,0.5,-0.15596,180,0,0,938553
0,5,-8,0.5,-0.155285,180,0,0,938576
0,4,-4,0.5,-0.154745,180,0,0,938587
0,4,-3,0.5,-0.154205,180,0,0,938602
0,4,-3,0.5,-0.153665,180,0,0,938621
0,2,-2,0.5,-0.153395,180,0,0,938638
0,3,-2,0.5,-0.15299,180,0,0,938655
0,2,-2,0.5,-0.15272,180,0,0,938670
0,2,-3,0.5,-0.15245,180,0,0,938686
0,1,-4,0.5,-0.152315,180,0,0,938706
0,2,-5,0.5,-0.152045,180,0,0,938721
0,4,-6,0.5,-0.151505,180,0,0,938739
0,5,-6,0.5,-0.15083,180,0,0,938754
0,7,-7,0.5,-0.149885,180,0,0,938771
0,7,-8,0.5,-0.14894,180,0,0,938788
0,7,-8,0.5,-0.147995,180,0,0,938804
0,7,-7,0.5,-0.14705,180,0,0,938826
0,9,-8,0.5,-0.145835,180,0,0,938838
0,11,-7,0.5,-0.14435,180,0,0,938855
0,11,-9,0.5,-0.142865,180,0,0,938875
0,23,-20,0.5,-0.13976,180,0,0,938897
0,13,-10,0.5,-0.138005,180,0,0,938914
0,0,0,0.5,-0.138005,180,0,0,938919
0,26,-22,0.5,-0.134495,180,0,0,938946
0,13,-11,0.5,-0.13274,180,0,0,938957
0,14,-11,0.5,-0.13085,180,0,0,938974
0,14,-11,0.5,-0.12896,180,0,0,938992
0,15,-10,0.5,-0.126935,180,0,0,939011
0,17,-10,0.5,-0.12464,180,0,0,939028
0,17,-9,0.5,-0.122345,180,0,0,939041
0,19,-8,0.5,-0.11978,180,0,0,939061
0,21,-7,0.5,-0.116945,180,0,0,939076
0,22,-6,0.5,-0.113975,180,0,0,939092
0,22,-5,0.5,-0.111005,180,0,0,939105
0,23,-5,0.5,-0.1079,180,0,0,939127
0,25,-7,0.5,-0.104525,180,0,0,939147
0,23,-8,0.5,-0.10142,180,0,0,939157
0,21,-8,0.5,-0.098585,180,0,0,939174
0,20,-10,0.5,-0.095885,180,0,0,939195
0,35,-21,0.5,-0.09116,180,0,0,939220
0,16,-10,0.5,-0.089,180,0,0,939232
0,0,0,0.5,-0.089,180,0,0,939239
0,18,-10,0.5,-0.08657,180,0,0,939256
0,20,-9,0.5,-0.08387,180,0,0,939273
0,45,-18,0.5,-0.077795,180,0,0,939294
0,24,-9,0.5,-0.074555,180,0,0,939310
0,25,-9,0.5,-0.07118,180,0,0,939325
0,23,-9,0.5,-0.068075,180,0,0,939345
0,23,-8,0.5,-0.06497,180,0,0,939357
0,18,-7,0.5,-0.06254,180,0,0,939373
0,17,-7,0.5,-0.060245,180,0,0,939389
0,15,-8,0.5,-0.05822,180,0,0,939408
0,12,-9,0.5,-0.0566,180,0,0,939427
0,10,-11,0.5,-0.05525,180,0,0,939440
0,9,-11,0.5,-0.054035,180,0,0,939459
0,8,-11,0.5,-0.052955,180,0,0,939476
0,8,-10,0.5,-0.051875,180,0,0,939491
0,7,-9,0.5,-0.05093,180,0,0,939513
0,5,-8,0.5,-0.050255,180,0,0,939530
0,2,-7,0.5,-0.049985,180,0,0,939546
0,-1,-6,0.5,-0.05012,180,0,0,939556
0,-4,-6,0.5,-0.05066,180,0,0,939572
0,-6,-5,0.5,-0.05147,180,0,0,939590
0,-7,-4,0.5,-0.052415,180,0,0,939606
0,-11,-3,0.5,-0.0539,180,0,0,939625
0,-11,-3,0.5,-0.055385,180,0,0,939637
0,-15,-2,0.5,-0.05741,180,0,0,939658
0,-15,-3,0.5,-0.059435,180,0,0,939671
0,-15,-2,0.5,-0.06146,180,0,0,939689
0,-13,-2,0.5,-0.063215,180,0,0,939707
0,-18,-3,0.5,-0.065645,180,0,0,939722
0,-9,-4,0.5,-0.06686,180,0,0,939738
0,-8,-4,0.5,-0.06794,180,0,0,939756
0,-10,-6,0.5,-0.06929,180,0,0,939772
0,-8,-6,0.5,-0.07037,180,0,0,939790
0,-8,-6,0.5,-0.07145,180,0,0,939811
0,-7,-6,0.5,-0.072395,180,0,0,939824
0,-6,-5,0.5,-0.073205,180,0,0,939839
0,-4,-5,0.5,-0.073745,180,0,0,939856
0,-1,-3,0.5,-0.07388,180,0,0,939875
0,-1,-3,0.5,-0.074015,180,0,0,939891
0,2,-2,0.5,-0.073745,180,0,0,939907
0,5,0,0.5,-0.07307,180,0,0,939921
0,7,0,0.5,-0.072125,180,0,0,939937
0,6,1,0.5,-0.071315,180,0,0,939956
0,5,1,0.5,-0.07064,180,0,0,939973
0,5,2,0.5,-0.069965,180,0,0,939990
0,4,3,0.5,-0.069425,180,0,0,940006
0,6,4,0.5,-0.068615,180,0,0,940023
0,7,6,0.5,-0.06767,180,0,0,940040
0,8,6,0.5,-0.06659,180,0,0,940057
0,21,10,0.5,-0.063755,180,0,0,940076
0,10,3,0.5,-0.062405,180,0,0,940094
0,8,1,0.5,-0.061325,180,0,0,940109
0,8,-1,0.5,-0.060245,180,0,0,940123
0,6,-2,0.5,-0.059435,180,0,0,940138
0,5,-6,0.5,-0.05876,180,0,0,940160
0,1,-6,0.5,-0.058625,180,0,0,940178
0,-1,-8,0.5,-0.05876,180,0,0,940195
0,-4,-9,0.5,-0.0593,180,0,0,940208
0,-6,-10,0.5,-0.06011,180,0,0,940224
0,-6,-10,0.5,-0.06092,180,0,0,940242
0,-6,-9,0.5,-0.06173,180,0,0,940261
0,-5,-7,0.5,-0.062405,180,0,0,940278
0,-3,-5,0.5,-0.06281,180,0,0,940292
0,-1,-3,0.5,-0.062945,180,0,0,940310
0,0,-2,0.5,-0.062945,180,0,0,940324
0,1,-1,0.5,-0.06281,180,0,0,940338
0,2,0,0.5,-0.06254,180,0,0,940356
0,2,0,0.5,-0.06227,180,0,0,940371
0,1,2,0.5,-0.062135,180,0,0,940389
0,0,2,0.5,-0.062135,180,0,0,940405
0,0,2,0.5,-0.062135,180,0,0,940423
0,-2,3,0.5,-0.062405,180,0,0,940442
0,-1,3,0.5,-0.06254,180,0,0,940457
0,-6,7,0.5,-0.06335,180,0,0,940474
0,-1,3,0.5,-0.063485,180,0,0,940493
0,-2,2,0.5,-0.063755,180,0,0,940510
0,-1,2,0.5,-0.06389,180,0,0,940526
0,-1,1,0.5,-0.064025,180,0,0,940540
0,-1,0,0.5,-0.06416,180,0,0,940555
0,0,0,0.5,-0.06416,180,0,0,940575
0,-3,0,0.5,-0.064565,180,0,0,940591
0,0,-1,0.5,-0.064565,180,0,0,940608
0,0,-1,0.5,-0.064565,180,0,0,940624
0,0,-1,0.5,-0.064565,180,0,0,940640
0,1,-2,0.5,-0.06443,180,0,0,940656
0,1,-1,0.5,-0.064295,180,0,0,940672
0,2,-1,0.5,-0.064025,180,0,0,940690
0,2,-1,0.5,-0.063755,180,0,0,940706
0,3,-1,0.5,-0.06335,180,0,31,940723
0,5,0,0.5,-0.062675,180,0,31,940740
0,6,0,0.5,-0.061865,180,0,31,940756
0,9,0,0.5,-0.06065,180,0,31,940773
0,11,0,0.5,-0.059165,180,0,31,940791
0,12,0,0.5,-0.057545,180,0,0,940806
0,15,0,0.5,-0.05552,180,0,0,940822
0,15,0,0.5,-0.053495,180,0,0,940839
0,32,0,0.5,-0.049175,180,0,0,940859
0,16,0,0.5,-0.047015,180,0,0,940876
0,16,1,0.5,-0.044855,180,0,0,940890
0,18,1,0.5,-0.042425,180,0,0,940907
0,17,1,0.5,-0.04013,180,0,0,940927
0,17,1,0.5,-0.037835,180,0,0,940943
0,16,0,0.5,-0.035675,180,0,0,940956
0,15,0,0.5,-0.03365,180,0,0,940973
0,15,0,0.5,-0.031625,180,0,0,940990
0,14,0,0.5,-0.029735,180,0,0,941008
0,15,0,0.5,-0.02771,180,0,0,941024
0,16,-1,0.5,-0.02555,180,0,0,941039
0,15,-2,0.5,-0.023525,180,0,0,941060
0,16,-2,0.5,-0.021365,180,0,0,941075
0,15,-2,0.5,-0.01934,180,0,0,941092
0,15,-3,0.5,-0.017315,180,0,0,941107
0,15,-4,0.5,-0.01529,180,0,0,941129
0,14,-4,0.5,-0.0134,180,0,0,941144
0,13,-5,0.5,-0.011645,180,0,0,941159
0,11,-5,0.5,-0.01016,180,0,0,941175
0,16,-8,0.5,-0.008,180,0,0,941195
0,0,0,0.5,-0.008,180,0,0,941208
0,17,-6,0.5,-0.005705,180,0,0,941225
0,12,-3,0.5,-0.004085,180,0,0,941241
0,0,0,0.5,-0.004085,180,0,0,941256
0,31,-6,0.5,0.0001,180,0,0,941279
0,17,-4,0.5,0.002395,180,0,0,941295
0,16,-4,0.5,0.004555,180,0,0,941308
0,15,-6,0.5,0.00658,180,0,0,941329
0,14,-7,0.5,0.00847,180,0,0,941348
0,16,-7,0.5,0.01063,180,0,0,941360
0,17,-7,0.5,0.012925,180,0,0,941378
0,17,-5,0.5,0.01522,180,0,0,941393
0,18,-5,0.5,0.01765,180,0,0,941408
0,17,-5,0.5,0.019945,180,0,0,941433
0,20,-5,0.5,0.022645,180,0,0,941449
0,19,-6,0.5,0.02521,180,0,0,941458
0,20,-6,0.5,0.02791,180,0,0,941477
0,22,-7,0.5,0.03088,180,0,0,941494
0,23,-8,0.5,0.033985,180,0,0,941511
0,25,-8,0.5,0.03736,180,0,0,941529
0,23,-6,0.5,0.040465,180,0,0,941544
0,42,-5,0.5,0.046135,180,0,0,941559
0,19,-10,0.5,0.0487,180,0,0,941578
0,17,-5,0.5,0.050995,180,0,0,941596
0,17,-6,0.5,0.05329,180,0,0,941615
0,14,-5,0.5,0.05518,180,0,0,941628
0,13,-5,0.5,0.056935,180,0,0,941643
0,11,-6,0.5,0.05842,180,0,0,941659
0,11,-6,0.5,0.059905,180,0,0,941677
0,11,-6,0.5,0.06139,180,0,0,941698
0,13,-6,0.5,0.063145,180,0,0,941718
0,15,-6,0.5,0.06517,180,0,0,941727
0,16,-5,0.5,0.06733,180,0,0,941751
0,16,-5,0.5,0.06949,180,0,0,941764
0,18,-7,0.5,0.07192,180,0,0,941780
0,17,-7,0.5,0.074215,180,0,0,941796
0,18,-7,0.5,0.076645,180,0,0,941816
0,20,-8,0.5,0.079345,180,0,0,941829
0,19,-6,0.5,0.08191,180,0,0,941853
0,40,-12,0.5,0.08731,180,0,0,941868
0,18,-7,0.5,0.08974,180,0,0,941881
0,0,0,0.5,0.08974,180,0,0,941892
0,16,-7,0.5,0.0919,180,0,0,941913
0,16,-7,0.5,0.09406,180,0,0,941930
0,24,-15,0.5,0.0973,180,0,0,941947
0,8,-8,0.5,0.09838,180,0,0,941961
0,9,-7,0.5,0.099595,180,0,0,941980
0,9,-7,0.5,0.10081,180,0,0,941997
0,10,-7,0.5,0.10216,180,0,0,942014
0,7,-6,0.5,0.103105,180,0,0,942028
0,3,-7,0.5,0.10351,180,0,0,942044
0,0,-7,0.5,0.10351,180,0,0,942060
0,-4,-6,0.5,0.10297,180,0,0,942079
0,-8,-6,0.5,0.10189,180,0,0,942095
0,-10,-5,0.5,0.10054,180,0,0,942111
0,-16,-4,0.5,0.09838,180,0,0,942126
0,-18,-3,0.5,0.09595,180,0,0,942144
0,-22,-3,0.5,0.09298,180,0,0,942162
0,-23,-2,0.5,0.089875,180,0,0,942176
0,-21,-2,0.5,0.08704,180,0,0,942194
0,-20,-2,0.5,0.08434,180,0,0,942210
0,-14,-2,0.5,0.08245,180,0,0,942226
0,-13,-2,0.5,0.080695,180,0,0,942243
0,-7,-3,0.5,0.07975,180,0,0,942259
0,-2,-3,0.5,0.07948,180,0,0,942276
0,6,-9,0.5,0.08029,180,0,0,942302
0,5,-6,0.5,0.080965,180,0,0,942314
0,0,0,0.5,0.080965,180,0,0,942326
0,6,-6,0.5,0.081775,180,0,0,942343
0,11,-15,0.5,0.08326,180,0,0,942365
0,2,-7,0.5,0.08353,180,0,0,942382
0,2,-7,0.5,0.0838,180,0,0,942399
0,0,-6,0.5,0.0838,180,0,0,942410
0,0,-6,0.5,0.0838,180,0,0,942432
0,-2,-5,0.5,0.08353,180,0,0,942446
0,-3,-4,0.5,0.083125,180,0,0,942460
0,-3,-4,0.5,0.08272,180,0,0,942481
0,-1,-3,0.5,0.082585,180,0,0,942495
0,-3,-3,0.5,0.08218,180,0,0,942510
0,-2,-3,0.5,0.08191,180,0,0,942528
0,-1,-3,0.5,0.081775,180,0,0,942548
0,1,-2,0.5,0.08191,180,0,0,942560
0,1,-3,0.5,0.082045,180,0,0,942577
0,4,-3,0.5,0.082585,180,0,0,942594
0,8,-3,0.5,0.083665,180,0,0,942611
0,11,-2,0.5,0.08515,180,0,0,942627
0,15,-2,0.5,0.087175,180,0,0,942645
0,19,-2,0.5,0.08974,180,0,0,942661
0,19,-2,0.5,0.092305,180,0,0,942677
0,21,-2,0.5,0.09514,180,0,0,942695
0,22,-2,0.5,0.09811,180,0,0,942710
0,44,-6,0.5,0.10405,180,0,0,942731
0,24,-4,0.5,0.10729,180,0,0,942747
0,25,-4,0.5,0.110665,180,0,0,942763
0,23,-5,0.5,0.11377,180,0,0,942779
0,18,-6,0.5,0.1162,180,0,0,942796
0,15,-7,0.5,0.118225,180,0,0,942816
0,14,-8,0.5,0.120115,180,0,0,942832
0,12,-8,0.5,0.121735,180,0,0,942847
0,11,-9,0.5,0.12322,180,0,0,942865
0,9,-9,0.5,0.124435,180,0,0,942879
0,9,-11,0.5,0.12565,180,0,0,942899
0,8,-12,0.5,0.12673,180,0,0,942917
0,8,-13,0.5,0.12781,180,0,0,942930
0,10,-14,0.5,0.12916,180,0,0,942948
0,11,-12,0.5,0.130645,180,0,0,942967
0,11,-12,0.5,0.13213,180,0,0,942980
0,15,-11,0.5,0.134155,180,0,0,943000
0,17,-10,0.5,0.13645,180,0,0,943019
0,18,-10,0.5,0.13888,180,0,0,943030
0,19,-9,0.5,0.141445,180,0,0,943047
0,22,-8,0.5,0.144415,180,0,0,943065
0,24,-8,0.5,0.147655,180,0,0,943082
0,23,-6,0.5,0.15076,180,0,0,943097
0,43,-9,0.5,0.156565,180,0,0,943117
0,19,-5,0.5,0.15913,180,0,0,943129
0,18,-6,0.5,0.16156,180,0,0,943153
0,19,-7,0.5,0.164125,180,0,0,943170
0,17,-8,0.5,0.16642,180,0,0,943180
0,16,-8,0.5,0.16858,180,0,0,943197
0,14,-9,0.5,0.17047,180,0,0,943213
0,14,-10,0.5,0.17236,180,0,0,943230
0,17,-10,0.5,0.174655,180,0,0,943249
0,18,-9,0.5,0.177085,180,0,0,943267
0,20,-8,0.5,0.179785,180,0,0,943284
0,23,-8,0.5,0.18289,180,0,0,943296
0,25,-8,0.5,0.186265,180,0,0,943314
0,26,-8,0.5,0.189775,180,0,0,943331
0,26,-7,0.5,0.193285,180,0,0,943348
0,26,-6,0.5,0.196795,180,0,0,943362
0,23,-6,0.5,0.1999,180,0,0,943384
0,22,-7,0.5,0.20287,180,0,0,943396
0,21,-8,0.5,0.205705,180,0,0,943415
0,21,-9,0.5,0.20854,180,0,0,943431
0,21,-10,0.5,0.211375,180,0,0,943449
0,21,-11,0.5,0.21421,180,0,0,943466
0,41,-19,0.5,0.219745,180,0,0,943487
0,25,-8,0.5,0.22312,180,0,0,943500
0,25,-8,0.5,0.226495,180,0,0,943514
0,29,-8,0.5,0.23041,180,0,0,943536
0,31,-9,0.5,0.234595,180,0,0,943552
0,32,-9,0.5,0.238915,180,0,0,943566
0,29,-8,0.5,0.24283,180,0,0,943582
0,26,-6,0.5,0.24634,180,0,0,943597
0,25,-6,0.5,0.249715,180,0,0,943619
0,23,-7,0.5,0.25282,180,0,0,943635
0,26,-9,0.5,0.25633,180,0,0,943647
0,24,-10,0.5,0.25957,180,0,0,943665
0,26,-11,0.5,0.26308,180,0,0,943682
0,24,-12,0.5,0.26632,180,0,0,943699
0,22,-10,0.5,0.26929,180,0,0,943715
0,23,-9,0.5,0.272395,180,0,0,943733
0,24,-7,0.5,0.275635,180,0,0,943748
0,26,-7,0.5,0.279145,180,0,0,943766
0,26,-7,0.5,0.282655,180,0,0,943782
0,27,-7,0.5,0.2863,180,0,0,943798
0,25,-7,0.5,0.289675,180,0,0,943816
0,45,-12,0.5,0.29575,180,0,0,943838
0,0,0,0.5,0.29575,180,0,0,943846
0,19,-7,0.5,0.298315,180,0,0,943867
0,32,-20,0.5,0.302635,180,0,0,943887
0,14,-12,0.5,0.304525,180,0,0,943905
0,14,-13,0.5,0.306415,180,0,0,943918
0,11,-12,0.5,0.3079,180,0,0,943932
0,10,-11,0.5,0.30925,180,0,0,943949
0,10,-9,0.5,0.3106,180,0,0,943966
0,8,-8,0.5,0.31168,180,0,0,943983
0,4,-6,0.5,0.31222,180,0,0,943998
0,2,-6,0.5,0.31249,180,0,0,944016
0,0,-5,0.5,0.31249,180,0,0,944031
0,-5,-4,0.5,0.311815,180,0,0,944052
0,-10,-3,0.5,0.310465,180,0,0,944063
0,-15,-3,0.5,0.30844,180,0,0,944081
0,-18,-2,0.5,0.30601,180,0,0,944096
0,-19,-3,0.5,0.303445,180,0,0,944113
0,-18,-2,0.5,0.301015,180,0,0,944129
0,-17,-2,0.5,0.29872,180,0,0,944147
0,-12,-1,0.5,0.2971,180,0,0,944164
0,-8,-2,0.5,0.29602,180,0,0,944183
0,-4,-2,0.5,0.29548,180,0,0,944199
0,-2,-2,0.5,0.29521,180,0,0,944213
0,1,-4,0.5,0.295345,180,0,0,944235
0,4,-4,0.5,0.295885,180,0,0,944254
0,0,0,0.5,0.295885,180,0,0,944264
0,10,-6,0.5,0.297235,180,0,0,944287
0,5,-2,0.5,0.29791,180,0,0,944297
0,4,-2,0.5,0.29845,180,0,0,944317
0,6,-1,0.5,0.29926,180,0,0,944335
0,5,0,0.5,0.299935,180,0,0,944347
0,2,0,0.5,0.300205,180,0,0,944365
0,6,0,0.5,0.301015,180,0,0,944380
0,6,1,0.5,0.301825,180,0,0,944397
0,6,1,0.5,0.302635,180,0,0,944417
0,7,1,0.5,0.30358,180,0,0,944437
0,7,0,0.5,0.304525,180,0,0,944446
0,9,0,0.5,0.30574,180,0,0,944463
0,10,-2,0.5,0.30709,180,0,0,944480
0,9,-3,0.5,0.308305,180,0,0,944497
0,9,-5,0.5,0.30952,180,0,0,944516
0,13,-5,0.5,0.311275,180,0,0,944535
0,14,-5,0.5,0.313165,180,0,0,944550
0,18,-6,0.5,0.315595,180,0,0,944567
0,38,-10,0.5,0.320725,180,0,0,944587
0,20,-6,0.5,0.323425,180,0,0,944602
0,0,0,0.5,0.323425,180,0,0,944615
0,19,-5,0.5,0.32599,180,0,0,944633
0,43,-9,0.5,0.331795,180,0,0,944653
0,20,-5,0.5,0.334495,180,0,0,944667
0,0,0,0.5,0.334495,180,0,0,944682
0,29,-11,0.5,0.33841,180,0,0,944700
0,9,-6,0.5,0.339625,180,0,0,944718
0,8,-6,0.5,0.340705,180,0,0,944734
0,8,-8,0.5,0.341785,180,0,0,944748
0,9,-8,0.5,0.343,180,0,0,944769
0,9,-9,0.5,0.344215,180,0,0,944785
0,9,-10,0.5,0.34543,180,0,0,944806
0,11,-10,0.5,0.346915,180,0,0,944817
0,12,-9,0.5,0.348535,180,0,0,944840
0,14,-8,0.5,0.350425,180,0,0,944856
0,18,-7,0.5,0.352855,180,0,0,944871
0,18,-7,0.5,0.355285,180,0,0,944883
0,20,-8,0.5,0.357985,180,0,0,944900
0,19,-7,0.5,0.36055,180,0,0,944920
0,20,-7,0.5,0.36325,180,0,0,944935
0,18,-6,0.5,0.36568,180,0,0,944949
0,16,-6,0.5,0.36784,180,0,0,944967
0,13,-5,0.5,0.369595,180,0,0,944983
0,11,-6,0.5,0.37108,180,0,0,945005
0,22,-15,0.5,0.37405,180,0,0,945022
0,12,-1,0.5,0.37567,180,0,0,945034
0,14,-19,0.5,0.37756,180,0,0,945054
0,13,-11,0.5,0.379315,180,0,0,945069
0,14,-11,0.5,0.381205,180,0,0,945091
0,13,-11,0.5,0.38296,180,0,0,945101
0,14,-10,0.5,0.38485,180,0,0,945119
0,14,-10,0.5,0.38674,180,0,0,945134
0,16,-10,0.5,0.3889,180,0,0,945151
0,16,-10,0.5,0.39106,180,0,0,945171
0,18,-10,0.5,0.39349,180,0,0,945186
0,18,-11,0.5,0.39592,180,0,0,945202
0,20,-10,0.5,0.39862,180,0,0,945221
0,19,-9,0.5,0.401185,180,0,0,945235
0,19,-7,0.5,0.40375,180,0,0,945250
0,20,-7,0.5,0.40645,180,0,0,945270
0,20,-7,0.5,0.40915,180,0,0,945284
0,18,-8,0.5,0.41158,180,0,0,945302
0,18,-9,0.5,0.41401,180,0,0,945318
0,17,-10,0.5,0.416305,180,0,0,945338
0,18,-12,0.5,0.418735,180,0,0,945356
0,17,-13,0.5,0.42103,180,0,0,945375
0,17,-13,0.5,0.423325,180,0,0,945387
0,34,-24,0.5,0.427915,180,0,0,945413
0,18,-12,0.5,0.430345,180,0,0,945424
0,0,0,0.5,0.430345,180,0,0,945432
0,40,-24,0.5,0.435745,180,0,0,945459
0,23,-11,0.5,0.43885,180,0,0,945469
0,22,-9,0.5,0.44182,180,0,0,945486
0,24,-9,0.5,0.44506,180,0,0,945502
0,21,-8,0.5,0.447895,180,0,0,945521
0,20,-9,0.5,0.450595,180,0,0,945535
0,20,-11,0.5,0.453295,180,0,0,945555
0,19,-13,0.5,0.45586,180,0,0,945571
0,20,-14,0.5,0.45856,180,0,0,945587
0,21,-15,0.5,0.461395,180,0,0,945606
0,21,-14,0.5,0.46423,180,0,0,945619
0,20,-12,0.5,0.46693,180,0,0,945638
0,22,-12,0.5,0.4699,180,0,0,945655
0,24,-11,0.5,0.47314,180,0,0,945670
0,24,-11,0.5,0.47638,180,0,0,945686
0,27,-11,0.5,0.480025,180,0,0,945702
0,26,-9,0.5,0.483535,180,0,0,945719
0,50,-17,0.5,0.490285,180,0,0,945743
0,0,0,0.5,0.490285,180,0,0,945749
0,22,-8,0.5,0.493255,180,0,0,945769
0,41,-22,0.5,0.49879,180,0,0,945791
0,19,-14,0.5,0.501355,180,0,0,945806
0,19,-15,0.5,0.50392,180,0,0,945822
0,21,-16,0.5,0.506755,180,0,0,945838
0,19,-14,0.5,0.50932,180,0,0,945859
0,18,-13,0.5,0.51175,180,0,0,945871
0,18,-13,0.5,0.51418,180,0,0,945888
0,17,-11,0.5,0.516475,180,0,0,945906
0,17,-12,0.5,0.51877,180,0,0,945920
0,16,-11,0.5,0.52093,180,0,0,945937
0,16,-11,0.5,0.52309,180,0,0,945952
0,14,-10,0.5,0.52498,180,0,0,945971
0,13,-10,0.5,0.526735,180,0,0,945991
0,14,-9,0.5,0.528625,180,0,0,946002
0,16,-11,0.5,0.530785,180,0,0,946020
0,16,-11,0.5,0.532945,180,0,0,946036
0,15,-13,0.5,0.53497,180,0,0,946059
0,31,-31,0.5,0.539155,180,0,0,946098
0,31,-31,0.5,0.54334,180,0,0,946117
0,15,-14,0.5,0.545365,180,0,0,946133
0,14,-15,0.5,0.547255,180,0,0,946145
0,11,-14,0.5,0.54874,180,0,0,946158
0,0,0,0.5,0.54874,180,0,0,946161
0,10,-15,0.5,0.55009,180,0,0,946183
0,9,-14,0.5,0.551305,180,0,0,946198
0,6,-13,0.5,0.552115,180,0,0,946222
0,6,-13,0.5,0.552925,180,0,0,946232
0,5,-11,0.5,0.5536,180,0,0,946249
0,11,-12,0.5,0.555085,180,0,0,946264
0,28,-25,0.5,0.558865,180,0,0,946287
0,0,-1,0.5,0.558865,180,0,0,946294
0,33,-29,0.5,0.56332,180,0,0,946330
0,17,-15,0.5,0.565615,180,0,0,946347
0,18,-15,0.5,0.568045,180,0,0,946360
0,20,-16,0.5,0.570745,180,0,0,946372
0,19,-14,0.5,0.57331,180,0,0,946386
0,19,-13,0.5,0.575875,180,0,0,946406
0,21,-12,0.5,0.57871,180,0,0,946414
0,20,-11,0.5,0.58141,180,0,0,946437
0,17,-10,0.5,0.583705,180,0,0,946448
0,16,-10,0.5,0.585865,180,0,0,946463
0,17,-13,0.5,0.58816,180,0,0,946483
0,17,-15,0.5,0.590455,180,0,0,946504
0,20,-16,0.5,0.593155,180,0,0,946515
0,20,-17,0.5,0.595855,180,0,0,946532
0,22,-18,0.5,0.598825,180,0,0,946549
0,22,-17,0.5,0.601795,180,0,0,946567
0,22,-16,0.5,0.604765,180,0,0,946584
0,24,-16,0.5,0.608005,180,0,0,946599
0,22,-16,0.5,0.610975,180,0,0,946617
0,21,-16,0.5,0.61381,180,0,0,946631
0,21,-16,0.5,0.616645,180,0,0,946649
0,18,-16,0.5,0.619075,180,0,0,946667
0,16,-15,0.5,0.621235,180,0,0,946680
0,17,-14,0.5,0.62353,180,0,0,946697
0,17,-13,0.5,0.625825,180,0,0,946716
0,34,-12,0.5,0.630415,180,0,0,946732
0,16,-23,0.5,0.632575,180,0,0,946751
0,17,-17,0.5,0.63487,180,0,0,946768
0,18,-15,0.5,0.6373,180,0,0,946782
0,19,-16,0.5,0.639865,180,0,0,946799
0,20,-16,0.5,0.642565,180,0,0,946818
0,21,-15,0.5,0.6454,180,0,0,946841
0,22,-14,0.5,0.64837,180,0,0,946853
0,22,-12,0.5,0.65134,180,0,0,946865
0,23,-12,0.5,0.654445,180,0,0,946887
0,21,-11,0.5,0.65728,180,0,0,946896
0,20,-9,0.5,0.65998,180,0,0,946917
0,19,-9,0.5,0.662545,180,0,0,946931
0,18,-9,0.5,0.664975,180,0,0,946949
0,17,-8,0.5,0.66727,180,0,0,946963
0,16,-9,0.5,0.66943,180,0,0,946984
0,18,-9,0.5,0.67186,180,0,0,946998
0,18,-10,0.5,0.67429,180,0,0,947013
0,19,-13,0.5,0.676855,180,0,0,947031
0,18,-13,0.5,0.679285,180,0,0,947049
0,18,-15,0.5,0.681715,180,0,0,947067
0,20,-16,0.5,0.684415,180,0,0,947081
0,20,-15,0.5,0.687115,180,0,0,947103
0,23,-15,0.5,0.69022,180,0,0,947116
0,44,-18,0.5,0.69616,180,0,0,947135
0,21,-23,0.5,0.698995,180,0,0,947151
0,19,-13,0.5,0.70156,180,0,0,947165
0,17,-12,0.5,0.703855,180,0,0,947184
0,18,-14,0.5,0.706285,180,0,0,947202
0,17,-12,0.5,0.70858,180,0,0,947216
0,17,-12,0.5,0.71,180,0,0,947232
