0,60,31,0.5,-0.7019,180,0,0,181338
0,18,14,0.5,-0.69947,180,0,0,181353
0,16,15,0.5,-0.69731,180,0,0,181367
0,17,15,0.5,-0.695015,180,0,0,181378
0,19,15,0.5,-0.69245,180,0,0,181390
0,0,0,0.5,-0.69245,180,0,0,181398
0,20,13,0.5,-0.68975,180,0,0,181418
0,24,12,0.5,-0.68651,180,0,0,181434
0,26,10,0.5,-0.683,180,0,0,181453
0,57,9,0.5,-0.675305,180,0,0,181470
0,31,11,0.5,-0.67112,180,0,0,181487
0,0,9,0.5,-0.67112,180,0,0,181503
0,64,21,0.5,-0.66248,180,0,0,181527
0,28,10,0.5,-0.6587,180,0,0,181541
0,26,9,0.5,-0.65519,180,0,0,181553
0,22,9,0.5,-0.65222,180,0,0,181566
0,21,11,0.5,-0.649385,180,0,0,181583
0,18,3,0.5,-0.646955,180,0,0,181599
0,19,25,0.5,-0.64439,180,0,0,181620
0,20,18,0.5,-0.64169,180,0,0,181636
0,21,18,0.5,-0.638855,180,0,0,181654
0,21,16,0.5,-0.63602,180,0,0,181670
0,24,15,0.5,-0.63278,180,0,0,181686
0,27,13,0.5,-0.629135,180,0,0,181700
0,29,12,0.5,-0.62522,180,0,0,181718
0,34,10,0.5,-0.62063,180,0,0,181733
0,34,9,0.5,-0.61604,180,0,0,181753
0,35,11,0.5,-0.611315,180,0,0,181767
0,34,11,0.5,-0.606725,180,0,0,181794
0,33,10,0.5,-0.60227,180,0,0,181808
0,27,9,0.5,-0.598625,180,0,0,181818
0,48,21,0.5,-0.592145,180,0,0,181839
0,22,15,0.5,-0.589175,180,0,0,181855
0,0,0,0.5,-0.589175,180,0,0,181864
0,45,30,0.5,-0.5831,180,0,0,181902
0,26,22,0.5,-0.57959,180,0,0,181921
0,64,29,0.5,-0.57095,180,0,0,181943
0,35,11,0.5,-0.566225,180,0,0,181956
0,37,10,0.5,-0.56123,180,0,0,181966
0,0,0,0.5,-0.56123,180,0,0,181971
0,37,9,0.5,-0.556235,180,0,0,181989
0,36,8,0.5,-0.551375,180,0,0,182006
0,37,9,0.5,-0.54638,180,0,0,182022
0,34,9,0.5,-0.54179,180,0,0,182040
0,32,8,0.5,-0.53747,180,0,0,182056
0,26,7,0.5,-0.53396,180,0,0,182072
0,22,8,0.5,-0.53099,180,0,0,182090
0,20,9,0.5,-0.52829,180,0,0,182106
0,21,11,0.5,-0.525455,180,0,0,182124
0,22,12,0.5,-0.522485,180,0,0,182141
0,18,13,0.5,-0.520055,180,0,0,182162
0,28,24,0.5,-0.516275,180,0,0,182182
0,7,10,0.5,-0.51533,180,0,0,182196
0,0,9,0.5,-0.51533,180,0,0,182209
0,-1,8,0.5,-0.515465,180,0,0,182225
0,-6,8,0.5,-0.516275,180,0,0,182240
0,-6,8,0.5,-0.517085,180,0,0,182256
0,-5,9,0.5,-0.51776,180,0,0,182276
0,-3,9,0.5,-0.518165,180,0,0,182292
0,-1,8,0.5,-0.5183,180,0,0,182308
0,3,8,0.5,-0.517895,180,0,0,182323
0,4,6,0.5,-0.517355,180,0,0,182346
0,6,5,0.5,-0.516545,180,0,0,182355
0,6,4,0.5,-0.515735,180,0,0,182373
0,8,3,0.5,-0.514655,180,0,0,182388
0,10,3,0.5,-0.513305,180,0,0,182404
0,12,2,0.5,-0.511685,180,0,31,182422
0,13,2,0.5,-0.50993,180,0,31,182440
0,14,2,0.5,-0.50804,180,0,0,182456
0,14,2,0.5,-0.50615,180,0,0,182473
0,16,3,0.5,-0.50399,180,0,0,182490
0,30,6,0.5,-0.49994,180,0,0,182509
0,0,0,0.5,-0.49994,180,0,0,182521
0,15,3,0.5,-0.497915,180,0,0,182539
0,28,5,0.5,-0.494135,180,0,0,182557
0,16,1,0.5,-0.491975,180,0,0,182573
0,19,2,0.5,-0.48941,180,0,0,182588
0,20,2,0.5,-0.48671,180,0,0,182606
0,21,1,0.5,-0.483875,180,0,0,182622
0,22,0,0.5,-0.480905,180,0,0,182638
0,21,0,0.5,-0.47807,180,0,0,182653
0,22,-1,0.5,-0.4751,180,0,0,182670
0,21,-2,0.5,-0.472265,180,0,0,182689
0,20,-3,0.5,-0.469565,180,0,0,182705
0,20,-2,0.5,-0.466865,180,0,0,182721
0,22,-2,0.5,-0.463895,180,0,0,182737
0,22,-1,0.5,-0.460925,180,0,0,182754
0,22,0,0.5,-0.457955,180,0,0,182770
0,22,0,0.5,-0.454985,180,0,0,182787
0,24,0,0.5,-0.451745,180,0,0,182804
0,27,0,0.5,-0.4481,180,0,0,182821
0,28,0,0.5,-0.44432,180,0,0,182837
0,35,0,0.5,-0.439595,180,0,0,182853
0,37,0,0.5,-0.4346,180,0,0,182872
0,38,0,0.5,-0.42947,180,0,0,182887
0,39,0,0.5,-0.424205,180,0,0,182905
0,40,0,0.5,-0.418805,180,0,0,182920
0,38,0,0.5,-0.413675,180,0,0,182937
0,61,0,0.5,-0.40544,180,0,0,182953
0,28,0,0.5,-0.40166,180,0,0,182970
0,25,0,0.5,-0.398285,180,0,0,182987
0,25,0,0.5,-0.39491,180,0,0,183003
0,24,0,0.5,-0.39167,180,0,0,183020
0,23,2,0.5,-0.388565,180,0,0,183037
0,25,3,0.5,-0.38519,180,0,0,183055
0,26,2,0.5,-0.38168,180,0,0,183076
0,27,3,0.5,-0.378035,180,0,0,183094
0,28,3,0.5,-0.374255,180,0,0,183110
0,30,4,0.5,-0.370205,180,0,0,183121
0,33,4,0.5,-0.36575,180,0,0,183137
0,33,4,0.5,-0.361295,180,0,0,183155
0,31,3,0.5,-0.35711,180,0,0,183172
0,31,3,0.5,-0.352925,180,0,0,183189
0,32,3,0.5,-0.348605,180,0,0,183205
0,32,3,0.5,-0.344285,180,0,0,183220
0,32,3,0.5,-0.339965,180,0,0,183238
0,33,1,0.5,-0.33551,180,0,0,183256
0,34,0,0.5,-0.33092,180,0,0,183271
0,34,0,0.5,-0.32633,180,0,0,183287
0,32,0,0.5,-0.32201,180,0,0,183303
0,30,0,0.5,-0.31796,180,0,0,183321
0,29,0,0.5,-0.314045,180,0,0,183338
0,29,0,0.5,-0.31013,180,0,0,183355
0,61,0,0.5,-0.301895,180,0,0,183371
0,29,0,0.5,-0.29798,180,0,0,183387
0,29,0,0.5,-0.294065,180,0,0,183406
0,31,1,0.5,-0.28988,180,0,0,183421
0,31,1,0.5,-0.285695,180,0,0,183437
0,32,0,0.5,-0.281375,180,0,0,183455
0,34,0,0.5,-0.276785,180,0,0,183470
0,35,0,0.5,-0.27206,180,0,0,183487
0,36,-1,0.5,-0.2672,180,0,0,183505
0,36,0,0.5,-0.26234,180,0,0,183520
0,32,0,0.5,-0.25802,180,0,0,183537
0,27,0,0.5,-0.254375,180,0,0,183554
0,27,0,0.5,-0.25073,180,0,0,183571
0,25,0,0.5,-0.247355,180,0,0,183587
0,25,0,0.5,-0.24398,180,0,0,183604
0,24,0,0.5,-0.24074,180,0,0,183620
0,26,1,0.5,-0.23723,180,0,0,183637
0,26,1,0.5,-0.23372,180,0,0,183654
0,27,1,0.5,-0.230075,180,0,0,183670
0,28,1,0.5,-0.226295,180,0,0,183687
0,26,2,0.5,-0.222785,180,0,0,183704
0,26,3,0.5,-0.219275,180,0,0,183721
0,26,3,0.5,-0.215765,180,0,0,183739
0,51,5,0.5,-0.20888,180,0,0,183757
0,26,2,0.5,-0.20537,180,0,0,183771
0,27,2,0.5,-0.201725,180,0,0,183787
0,30,2,0.5,-0.197675,180,0,0,183805
0,30,2,0.5,-0.193625,180,0,0,183820
0,32,2,0.5,-0.189305,180,0,0,183839
0,30,0,0.5,-0.185255,180,0,0,183854
0,31,0,0.5,-0.18107,180,0,0,183870
0,32,-1,0.5,-0.17675,180,0,0,183888
0,29,-1,0.5,-0.172835,180,0,0,183905
0,28,0,0.5,-0.169055,180,0,0,183922
0,28,0,0.5,-0.165275,180,0,0,183938
0,26,0,0.5,-0.161765,180,0,0,183955
0,27,0,0.5,-0.15812,180,0,0,183970
0,26,0,0.5,-0.15461,180,0,0,183987
0,24,0,0.5,-0.15137,180,0,0,184004
0,24,0,0.5,-0.14813,180,0,0,184021
0,23,0,0.5,-0.145025,180,0,0,184037
0,25,1,0.5,-0.14165,180,0,0,184055
0,25,0,0.5,-0.138275,180,0,0,184070
0,27,0,0.5,-0.13463,180,0,0,184086
0,28,0,0.5,-0.13085,180,0,0,184104
0,30,0,0.5,-0.1268,180,0,0,184123
0,32,-1,0.5,-0.12248,180,0,0,184137
0,59,0,0.5,-0.114515,180,0,0,184155
0,25,-2,0.5,-0.11114,180,0,0,184172
0,23,-3,0.5,-0.108035,180,0,0,184188
0,19,-4,0.5,-0.10547,180,0,0,184207
0,18,-4,0.5,-0.10304,180,0,0,184222
0,14,-4,0.5,-0.10115,180,0,0,184238
0,11,-3,0.5,-0.099665,180,0,0,184255
0,7,-3,0.5,-0.09872,180,0,0,184273
0,6,-4,0.5,-0.09791,180,0,0,184289
0,5,-4,0.5,-0.097235,180,0,0,184309
0,7,-4,0.5,-0.09629,180,0,0,184322
0,12,-3,0.5,-0.09467,180,0,0,184339
0,18,-2,0.5,-0.09224,180,0,0,184354
0,20,-1,0.5,-0.08954,180,0,0,184372
0,22,0,0.5,-0.08657,180,0,0,184388
0,24,0,0.5,-0.08333,180,0,0,184403
0,24,0,0.5,-0.08009,180,0,0,184420
0,26,0,0.5,-0.07658,180,0,0,184440
0,29,0,0.5,-0.072665,180,0,0,184453
0,32,0,0.5,-0.068345,180,0,0,184473
0,63,0,0.5,-0.05984,180,0,0,184489
0,0,0,0.5,-0.05984,180,0,0,184503
0,31,0,0.5,-0.055655,180,0,0,184520
0,28,0,0.5,-0.051875,180,0,0,184537
0,28,0,0.5,-0.048095,180,0,0,184555
0,62,-2,0.5,-0.039725,180,0,0,184570
0,34,-2,0.5,-0.035135,180,0,0,184589
0,37,-1,0.5,-0.03014,180,0,0,184604
0,35,0,0.5,-0.025415,180,0,0,184620
0,32,0,0.5,-0.021095,180,0,0,184636
0,27,-1,0.5,-0.01745,180,0,0,184655
0,24,0,0.5,-0.01421,180,0,0,184672
0,22,1,0.5,-0.01124,180,0,0,184689
0,21,1,0.5,-0.008405,180,0,0,184709
0,21,3,0.5,-0.00557,180,0,0,184722
0,23,3,0.5,-0.002465,180,0,0,184738
0,25,3,0.5,0.00091,180,0,0,184756
0,28,2,0.5,0.00469,180,0,0,184773
0,28,2,0.5,0.00847,180,0,0,184792
0,28,3,0.5,0.01225,180,0,0,184804
0,29,2,0.5,0.016165,180,0,0,184824
0,30,0,0.5,0.020215,180,0,0,184840
0,31,0,0.5,0.0244,180,0,0,184860
0,31,-2,0.5,0.028585,180,0,0,184870
0,31,-3,0.5,0.03277,180,0,0,184888
0,31,-2,0.5,0.036955,180,0,0,184904
0,30,0,0.5,0.041005,180,0,0,184922
0,31,0,0.5,0.04519,180,0,0,184937
0,61,0,0.5,0.053425,180,0,0,184954
0,28,0,0.5,0.057205,180,0,0,184973
0,26,1,0.5,0.060715,180,0,0,184991
0,25,3,0.5,0.06409,180,0,0,185009
0,25,4,0.5,0.067465,180,0,0,185021
0,26,4,0.5,0.070975,180,0,0,185041
0,24,5,0.5,0.074215,180,0,0,185057
0,19,4,0.5,0.07678,180,0,0,185077
0,18,6,0.5,0.07921,180,0,0,185090
0,15,5,0.5,0.081235,180,0,0,185106
0,13,4,0.5,0.08299,180,0,0,185121
0,5,2,0.5,0.083665,180,0,0,185140
0,1,0,0.5,0.0838,180,0,0,185158
0,-6,0,0.5,0.08299,180,0,0,185171
0,-11,0,0.5,0.081505,180,0,0,185188
0,-15,1,0.5,0.07948,180,0,0,185204
0,-17,3,0.5,0.077185,180,0,0,185225
0,-17,4,0.5,0.07489,180,0,0,185239
0,-23,4,0.5,0.071785,180,0,0,185259
0,0,5,0.5,0.071785,180,0,0,185275
0,-4,5,0.5,0.071245,180,0,0,185291
0,0,6,0.5,0.071245,180,0,0,185306
0,6,11,0.5,0.072055,180,0,0,185329
0,4,5,0.5,0.072595,180,0,0,185346
0,4,4,0.5,0.073135,180,0,0,185362
0,5,3,0.5,0.07381,180,0,0,185373
0,5,3,0.5,0.074485,180,0,0,185390
0,7,3,0.5,0.07543,180,0,0,185405
0,5,1,0.5,0.076105,180,0,0,185422
0,4,1,0.5,0.076645,180,0,0,185442
0,1,1,0.5,0.07678,180,0,0,185458
0,-2,2,0.5,0.07651,180,0,0,185473
0,-9,2,0.5,0.075295,180,0,0,185488
0,-10,1,0.5,0.073945,180,0,0,185505
0,-11,0,0.5,0.07246,180,0,0,185525
0,-9,0,0.5,0.071245,180,0,0,185541
0,-6,0,0.5,0.070435,180,0,0,185556
0,-3,-1,0.5,0.07003,180,0,0,185571
0,1,-1,0.5,0.070165,180,0,0,185589
0,3,-2,0.5,0.07057,180,0,0,185606
0,4,-3,0.5,0.07111,180,0,0,185624
0,4,-4,0.5,0.07165,180,0,0,185638
0,4,-3,0.5,0.07219,180,0,0,185658
0,3,-4,0.5,0.072595,180,0,0,185674
0,2,-2,0.5,0.072865,180,0,0,185689
0,3,-2,0.5,0.07327,180,0,0,185705
0,6,0,0.5,0.07408,180,0,0,185723
0,3,4,0.5,0.074485,180,0,0,185739
0,3,5,0.5,0.07489,180,0,0,185756
0,3,5,0.5,0.075295,180,0,0,185778
0,2,5,0.5,0.075565,180,0,0,185791
0,0,5,0.5,0.075565,180,0,0,185806
0,1,5,0.5,0.0757,180,0,0,185829
0,1,4,0.5,0.075835,180,0,0,185842
0,1,2,0.5,0.07597,180,0,0,185857
0,-2,1,0.5,0.0757,180,0,0,185873
0,-8,0,0.5,0.07462,180,0,0,185889
0,-9,0,0.5,0.073405,180,0,0,185905
0,-11,-1,0.5,0.07192,180,0,0,185926
0,-10,-1,0.5,0.07057,180,0,0,185939
0,-7,-2,0.5,0.069625,180,0,0,185956
0,-5,-2,0.5,0.06895,180,0,0,185973
0,-3,-4,0.5,0.068545,180,0,0,185993
0,0,-3,0.5,0.068545,180,0,0,186009
0,3,-4,0.5,0.06895,180,0,0,186024
0,4,-2,0.5,0.06949,180,0,0,186040
0,7,-2,0.5,0.070435,180,0,0,186058
0,7,-1,0.5,0.07138,180,0,0,186073
0,7,-1,0.5,0.072325,180,0,0,186090
0,12,-4,0.5,0.073945,180,0,0,186107
0,7,-3,0.5,0.07489,180,0,0,186126
0,7,-2,0.5,0.075835,180,0,0,186141
0,7,-1,0.5,0.07678,180,0,0,186156
0,7,0,0.5,0.077725,180,0,0,186172
0,4,0,0.5,0.078265,180,0,0,186192
0,1,2,0.5,0.0784,180,0,0,186209
0,-5,1,0.5,0.077725,180,0,0,186223
0,-7,1,0.5,0.07678,180,0,0,186241
0,-10,1,0.5,0.07543,180,0,0,186260
0,-11,1,0.5,0.073945,180,0,0,186277
0,-11,1,0.5,0.07246,180,0,0,186290
0,-10,1,0.5,0.07111,180,0,0,186306
0,-8,1,0.5,0.07003,180,0,0,186322
0,-2,0,0.5,0.06976,180,0,0,186340
0,0,0,0.5,0.06976,180,0,31,186356
0,8,-1,0.5,0.07084,180,0,31,186374
0,8,-1,0.5,0.07192,180,0,31,186392
0,7,0,0.5,0.072865,180,0,31,186407
0,7,-1,0.5,0.07381,180,0,31,186425
0,7,0,0.5,0.074755,180,0,31,186439
0,4,0,0.5,0.075295,180,0,0,186456
0,2,0,0.5,0.075565,180,0,0,186474
0,0,0,0.5,0.075565,180,0,0,186490
0,-13,0,0.5,0.07381,180,0,0,186506
0,-7,1,0.5,0.072865,180,0,0,186523
0,-7,1,0.5,0.07192,180,0,0,186542
0,-6,1,0.5,0.07111,180,0,0,186558
0,-5,2,0.5,0.070435,180,0,0,186574
0,-2,2,0.5,0.070165,180,0,0,186590
0,0,2,0.5,0.070165,180,0,0,186607
0,2,2,0.5,0.070435,180,0,0,186626
0,2,1,0.5,0.070705,180,0,31,186641
0,5,0,0.5,0.07138,180,0,31,186658
0,5,0,0.5,0.072055,180,0,31,186674
0,5,0,0.5,0.07273,180,0,31,186691
0,4,0,0.5,0.07327,180,0,31,186707
0,2,0,0.5,0.07354,180,0,31,186724
0,2,0,0.5,0.07381,180,0,31,186739
0,2,0,0.5,0.07408,180,0,31,186756
0,3,0,0.5,0.074485,180,0,31,186774
0,2,0,0.5,0.074755,180,0,31,186791
0,2,0,0.5,0.075025,180,0,31,186808
0,3,1,0.5,0.07543,180,0,31,186823
0,4,0,0.5,0.07597,180,0,31,186840
0,11,0,0.5,0.077455,180,0,31,186858
0,0,0,0.5,0.077455,180,0,0,186874
0,7,-4,0.5,0.0784,180,0,0,186891
0,3,-3,0.5,0.078805,180,0,0,186910
0,2,-3,0.5,0.079075,180,0,0,186926
0,0,-3,0.5,0.079075,180,0,0,186942
0,-2,-3,0.5,0.078805,180,0,0,186960
0,-2,-3,0.5,0.078535,180,0,0,186974
0,-3,-3,0.5,0.07813,180,0,0,186991
0,-1,-4,0.5,0.077995,180,0,0,187010
0,-1,-4,0.5,0.07786,180,0,0,187029
0,0,-4,0.5,0.07786,180,0,0,187046
0,0,-4,0.5,0.07786,180,0,0,187058
0,-1,-4,0.5,0.077725,180,0,0,187079
0,-2,-4,0.5,0.077455,180,0,0,187093
0,-2,-4,0.5,0.077185,180,0,0,187109
0,-2,-4,0.5,0.076915,180,0,0,187125
0,-1,-3,0.5,0.07678,180,0,0,187145
0,0,-4,0.5,0.07678,180,0,0,187158
0,-1,-3,0.5,0.076645,180,0,0,187176
0,1,-3,0.5,0.07678,180,0,0,187192
0,2,-3,0.5,0.07705,180,0,0,187211
0,3,-3,0.5,0.077455,180,0,0,187227
0,6,-3,0.5,0.078265,180,0,0,187243
0,12,-9,0.5,0.079885,180,0,0,187262
0,4,-6,0.5,0.080425,180,0,0,187281
0,3,-7,0.5,0.08083,180,0,0,187295
0,4,-7,0.5,0.08137,180,0,0,187309
0,4,-7,0.5,0.08191,180,0,0,187334
0,7,-8,0.5,0.082855,180,0,0,187343
0,10,-8,0.5,0.084205,180,0,0,187362
0,12,-8,0.5,0.085825,180,0,0,187383
0,17,-9,0.5,0.08812,180,0,0,187395
0,19,-8,0.5,0.090685,180,0,0,187410
0,20,-7,0.5,0.093385,180,0,0,187430
0,22,-7,0.5,0.096355,180,0,0,187448
0,22,-5,0.5,0.099325,180,0,0,187460
0,21,-4,0.5,0.10216,180,0,0,187477
0,22,-3,0.5,0.10513,180,0,0,187492
0,23,-3,0.5,0.108235,180,0,0,187509
0,25,-5,0.5,0.11161,180,0,0,187531
0,22,-7,0.5,0.11458,180,0,0,187551
0,22,-9,0.5,0.11755,180,0,0,187562
0,18,-10,0.5,0.11998,180,0,0,187582
0,33,-20,0.5,0.124435,180,0,0,187601
0,19,-8,0.5,0.127,180,0,0,187618
0,22,-7,0.5,0.12997,180,0,0,187642
0,24,-6,0.5,0.13321,180,0,0,187665
0,25,-4,0.5,0.136585,180,0,0,187676
0,26,-3,0.5,0.140095,180,0,0,187684
0,26,-3,0.5,0.143605,180,0,0,187697
0,26,-2,0.5,0.147115,180,0,0,187713
0,30,-2,0.5,0.151165,180,0,0,187726
0,29,-2,0.5,0.15508,180,0,0,187744
0,31,-1,0.5,0.159265,180,0,0,187759
0,29,-1,0.5,0.16318,180,0,0,187778
0,30,-2,0.5,0.16723,180,0,0,187797
0,31,-3,0.5,0.171415,180,0,0,187811
0,33,-5,0.5,0.17587,180,0,0,187827
0,34,-4,0.5,0.18046,180,0,0,187843
0,36,-3,0.5,0.18532,180,0,0,187865
0,36,-2,0.5,0.19018,180,0,0,187879
0,35,-3,0.5,0.194905,180,0,0,187897
0,31,-2,0.5,0.19909,180,0,0,187909
0,26,-3,0.5,0.2026,180,0,0,187926
0,24,-3,0.5,0.20584,180,0,0,187944
0,20,-2,0.5,0.20854,180,0,0,187960
0,18,-1,0.5,0.21097,180,0,0,187980
0,31,0,0.5,0.215155,180,0,0,187995
0,0,0,0.5,0.215155,180,0,0,188008
0,15,0,0.5,0.21718,180,0,0,188026
0,17,0,0.5,0.219475,180,0,0,188044
0,46,0,0.5,0.225685,180,0,0,188060
0,31,-2,0.5,0.22987,180,0,0,188078
0,34,-4,0.5,0.23446,180,0,0,188094
0,36,-4,0.5,0.23932,180,0,0,188111
0,39,-4,0.5,0.244585,180,0,0,188129
0,40,-4,0.5,0.249985,180,0,0,188146
0,38,-3,0.5,0.255115,180,0,0,188160
0,33,-4,0.5,0.25957,180,0,0,188183
0,28,-4,0.5,0.26335,180,0,0,188197
0,24,-4,0.5,0.26659,180,0,0,188212
0,21,-3,0.5,0.269425,180,0,0,188227
0,21,-3,0.5,0.27226,180,0,0,188244
0,18,-1,0.5,0.27469,180,0,0,188262
0,16,0,0.5,0.27685,180,0,0,188277
0,16,0,0.5,0.27901,180,0,0,188296
0,20,-1,0.5,0.28171,180,0,0,188310
0,24,-2,0.5,0.28495,180,0,0,188327
0,28,-3,0.5,0.28873,180,0,0,188345
0,34,-4,0.5,0.29332,180,0,0,188362
0,73,-10,0.5,0.303175,180,0,0,188387
0,38,-5,0.5,0.308305,180,0,0,188397
0,36,-5,0.5,0.313165,180,0,0,188414
0,33,-4,0.5,0.31762,180,0,0,188430
0,29,-4,0.5,0.321535,180,0,0,188445
0,24,-3,0.5,0.324775,180,0,0,188467
0,21,-2,0.5,0.32761,180,0,0,188480
0,16,-2,0.5,0.32977,180,0,0,188495
0,13,-1,0.5,0.331525,180,0,0,188511
0,12,-1,0.5,0.333145,180,0,0,188528
0,13,-2,0.5,0.3349,180,0,0,188544
0,15,-4,0.5,0.336925,180,0,0,188566
0,19,-5,0.5,0.33949,180,0,0,188579
0,23,-6,0.5,0.342595,180,0,0,188604
0,27,-6,0.5,0.34624,180,0,0,188613
0,32,-6,0.5,0.35056,180,0,0,188629
0,34,-5,0.5,0.35515,180,0,0,188645
0,36,-4,0.5,0.36001,180,0,0,188667
0,36,-4,0.5,0.36487,180,0,0,188687
0,33,-3,0.5,0.369325,180,0,0,188695
0,31,-4,0.5,0.37351,180,0,0,188714
0,26,-3,0.5,0.37702,180,0,0,188728
0,19,-2,0.5,0.379585,180,0,0,188747
0,25,-4,0.5,0.38296,180,0,0,188766
0,0,0,0.5,0.38296,180,0,0,188777
0,22,-4,0.5,0.38593,180,0,0,188800
0,13,-8,0.5,0.387685,180,0,0,188817
0,14,-6,0.5,0.389575,180,0,0,188834
0,14,-7,0.5,0.391465,180,0,0,188846
0,14,-6,0.5,0.393355,180,0,0,188863
0,14,-6,0.5,0.395245,180,0,0,188880
0,10,-5,0.5,0.396595,180,0,0,188897
0,10,-6,0.5,0.397945,180,0,0,188913
0,6,-6,0.5,0.398755,180,0,0,188929
0,4,-4,0.5,0.399295,180,0,0,188948
0,4,-4,0.5,0.399835,180,0,0,188963
0,1,-4,0.5,0.39997,180,0,0,188980
0,-2,-3,0.5,0.3997,180,0,31,188998
0,-3,-2,0.5,0.399295,180,0,31,189012
0,-3,-1,0.5,0.39889,180,0,31,189029
0,-5,-1,0.5,0.398215,180,0,31,189046
0,-4,0,0.5,0.397675,180,0,0,189066
0,0,0,0.5,0.397675,180,0,0,189079
0,-1,0,0.5,0.39754,180,0,0,189096
0,0,0,0.5,0.39754,180,0,0,189111
0,1,2,0.5,0.397675,180,0,0,189128
0,8,5,0.5,0.398755,180,0,0,189147
0,8,3,0.5,0.399835,180,0,0,189162
0,11,4,0.5,0.40132,180,0,0,189184
0,12,4,0.5,0.40294,180,0,0,189202
0,13,5,0.5,0.404695,180,0,0,189217
0,11,6,0.5,0.40618,180,0,0,189232
0,9,7,0.5,0.407395,180,0,0,189247
0,5,8,0.5,0.40807,180,0,0,189263
0,5,7,0.5,0.408745,180,0,0,189281
0,5,5,0.5,0.40942,180,0,0,189297
0,6,4,0.5,0.41023,180,0,0,189316
0,10,3,0.5,0.41158,180,0,0,189332
0,13,2,0.5,0.413335,180,0,0,189346
0,15,1,0.5,0.41536,180,0,0,189365
0,18,0,0.5,0.41779,180,0,0,189383
0,22,1,0.5,0.42076,180,0,0,189398
0,24,0,0.5,0.424,180,0,0,189415
0,26,1,0.5,0.42751,180,0,0,189428
0,28,1,0.5,0.43129,180,0,0,189445
0,29,1,0.5,0.435205,180,0,0,189464
0,29,1,0.5,0.43912,180,0,0,189480
0,52,0,0.5,0.44614,180,0,0,189499
0,23,1,0.5,0.449245,180,0,0,189513
0,0,0,0.5,0.449245,180,0,0,189528
0,38,7,0.5,0.454375,180,0,0,189549
0,13,5,0.5,0.45613,180,0,0,189565
0,11,5,0.5,0.457615,180,0,0,189581
0,5,5,0.5,0.45829,180,0,0,189599
0,3,5,0.5,0.458695,180,0,0,189616
0,4,5,0.5,0.459235,180,0,0,189630
0,6,6,0.5,0.460045,180,0,0,189647
0,10,5,0.5,0.461395,180,0,0,189670
0,15,5,0.5,0.46342,180,0,0,189681
0,21,4,0.5,0.466255,180,0,0,189697
0,25,4,0.5,0.46963,180,0,0,189714
0,27,3,0.5,0.473275,180,0,0,189731
0,30,3,0.5,0.477325,180,0,0,189749
0,32,3,0.5,0.481645,180,0,0,189765
0,32,2,0.5,0.485965,180,0,0,189783
0,62,3,0.5,0.494335,180,0,0,189804
0,0,0,0.5,0.494335,180,0,0,189812
0,28,0,0.5,0.498115,180,0,0,189829
0,24,0,0.5,0.501355,180,0,0,189846
0,23,2,0.5,0.50446,180,0,0,189864
0,38,4,0.5,0.50959,180,0,0,189883
0,14,7,0.5,0.51148,180,0,0,189903
0,12,4,0.5,0.5131,180,0,0,189918
0,0,0,0.5,0.5131,180,0,0,189929
0,21,9,0.5,0.515935,180,0,0,189954
0,10,5,0.5,0.517285,180,0,0,189965
0,10,5,0.5,0.518635,180,0,0,189982
0,16,5,0.5,0.520795,180,0,0,189999
0,18,3,0.5,0.523225,180,0,0,190017
0,23,2,0.5,0.52633,180,0,0,190031
0,26,0,0.5,0.52984,180,0,0,190047
0,28,0,0.5,0.53362,180,0,0,190064
0,27,0,0.5,0.537265,180,0,0,190081
0,28,0,0.5,0.541045,180,0,0,190097
0,27,-1,0.5,0.54469,180,0,0,190114
0,27,0,0.5,0.548335,180,0,0,190130
0,27,0,0.5,0.55198,180,0,0,190148
0,27,0,0.5,0.555625,180,0,0,190167
0,25,0,0.5,0.559,180,0,0,190180
0,22,0,0.5,0.56197,180,0,0,190198
0,19,0,0.5,0.564535,180,0,0,190215
0,15,1,0.5,0.56656,180,0,0,190231
0,16,2,0.5,0.56872,180,0,0,190249
0,13,3,0.5,0.570475,180,0,0,190264
0,13,5,0.5,0.57223,180,0,0,190281
0,19,12,0.5,0.574795,180,0,0,190308
0,6,7,0.5,0.575605,180,0,0,190325
0,5,8,0.5,0.57628,180,0,0,190341
0,5,8,0.5,0.576955,180,0,0,190354
0,8,9,0.5,0.578035,180,0,0,190370
0,12,7,0.5,0.579655,180,0,0,190384
0,16,6,0.5,0.581815,180,0,0,190399
0,19,5,0.5,0.58438,180,0,0,190426
0,21,4,0.5,0.587215,180,0,0,190433
0,24,4,0.5,0.590455,180,0,0,190448
0,26,5,0.5,0.593965,180,0,0,190465
0,28,5,0.5,0.597745,180,0,0,190482
0,29,7,0.5,0.60166,180,0,0,190501
0,29,7,0.5,0.605575,180,0,0,190519
0,25,6,0.5,0.60895,180,0,0,190533
0,23,5,0.5,0.612055,180,0,0,190551
0,21,4,0.5,0.61489,180,0,0,190568
0,17,4,0.5,0.617185,180,0,0,190584
0,15,5,0.5,0.61921,180,0,0,190599
0,14,6,0.5,0.6211,180,0,0,190617
0,12,6,0.5,0.62272,180,0,0,190633
0,10,6,0.5,0.62407,180,0,0,190651
0,16,13,0.5,0.62623,180,0,0,190669
0,0,0,0.5,0.62623,180,0,0,190682
0,13,14,0.5,0.627985,180,0,0,190707
0,8,7,0.5,0.629065,180,0,0,190718
0,13,6,0.5,0.63082,180,0,0,190733
0,16,5,0.5,0.63298,180,0,0,190754
0,20,4,0.5,0.63568,180,0,0,190766
0,20,3,0.5,0.63838,180,0,0,190782
0,22,3,0.5,0.64135,180,0,0,190799
0,22,3,0.5,0.64432,180,0,0,190817
0,22,3,0.5,0.64729,180,0,0,190834
0,25,5,0.5,0.650665,180,0,0,190851
0,25,5,0.5,0.65404,180,0,0,190867
0,25,6,0.5,0.657415,180,0,0,190883
0,27,6,0.5,0.66106,180,0,0,190908
0,24,5,0.5,0.6643,180,0,0,190921
0,22,4,0.5,0.66727,180,0,0,190935
0,19,3,0.5,0.669835,180,0,0,190949
0,17,3,0.5,0.67213,180,0,0,190970
0,16,3,0.5,0.67429,180,0,0,190986
0,12,4,0.5,0.67591,180,0,0,191000
0,8,3,0.5,0.67699,180,0,0,191016
0,7,3,0.5,0.677935,180,0,0,191033
0,15,7,0.5,0.67996,180,0,0,191051
0,8,4,0.5,0.68104,180,0,0,191070
0,7,5,0.5,0.681985,180,0,0,191085
0,9,5,0.5,0.6832,180,0,0,191102
0,13,5,0.5,0.684955,180,0,0,191118
0,15,4,0.5,0.68698,180,0,0,191135
0,21,4,0.5,0.689815,180,0,0,191151
0,23,3,0.5,0.69292,180,0,0,191171
0,25,3,0.5,0.696295,180,0,0,191183
0,26,3,0.5,0.699805,180,0,0,191200
0,26,2,0.5,0.703315,180,0,0,191218
0,25,2,0.5,0.70669,180,0,0,191236
0,25,3,0.5,0.71,180,0,0,191251
