0,59,-8,0.5,-0.702035,180,0,0,204788
0,31,-1,0.5,-0.69785,180,0,0,204797
0,33,0,0.5,-0.693395,180,0,0,204809
0,0,0,0.5,-0.693395,180,0,0,204818
0,33,0,0.5,-0.68894,180,0,0,204836
0,34,0,0.5,-0.68435,180,0,0,204855
0,37,0,0.5,-0.679355,180,0,0,204869
0,42,-3,0.5,-0.673685,180,0,0,204886
0,44,-3,0.5,-0.667745,180,0,0,204904
0,90,-6,0.5,-0.655595,180,0,0,204921
0,42,-4,0.5,-0.649925,180,0,0,204938
0,39,-3,0.5,-0.64466,180,0,0,204953
0,36,-3,0.5,-0.6398,180,0,0,204969
0,33,-2,0.5,-0.635345,180,0,0,204986
0,32,-2,0.5,-0.631025,180,0,0,205005
0,30,-2,0.5,-0.626975,180,0,0,205019
0,31,-2,0.5,-0.62279,180,0,0,205041
0,35,-4,0.5,-0.618065,180,0,0,205054
0,41,-5,0.5,-0.61253,180,0,0,205072
0,42,-5,0.5,-0.60686,180,0,0,205087
0,47,-6,0.5,-0.600515,180,0,0,205104
0,44,-5,0.5,-0.594575,180,0,0,205121
0,39,-6,0.5,-0.58931,180,0,0,205138
0,38,-6,0.5,-0.58418,180,0,0,205154
0,34,-5,0.5,-0.57959,180,0,0,205170
0,34,-4,0.5,-0.575,180,0,0,205192
0,67,-7,0.5,-0.565955,180,0,0,205210
0,0,0,0.5,-0.565955,180,0,0,205223
0,34,-3,0.5,-0.561365,180,0,0,205236
0,33,-3,0.5,-0.55691,180,0,0,205254
0,69,-5,0.5,-0.547595,180,0,0,205272
0,0,-6,0.5,-0.547595,180,0,0,205288
0,75,-17,0.5,-0.53747,180,0,0,205312
0,38,-8,0.5,-0.53234,180,0,0,205323
0,35,-9,0.5,-0.527615,180,0,0,205340
0,35,-9,0.5,-0.52289,180,0,0,205355
0,0,0,0.5,-0.52289,180,0,0,205370
0,68,-10,0.5,-0.51371,180,0,0,205389
0,33,-10,0.5,-0.509255,180,0,0,205406
0,34,-5,0.5,-0.504665,180,0,0,205421
0,33,-4,0.5,-0.50021,180,0,0,205436
0,35,-4,0.5,-0.495485,180,0,0,205455
0,37,-3,0.5,-0.49049,180,0,0,205473
0,37,-4,0.5,-0.485495,180,0,0,205487
0,40,-6,0.5,-0.480095,180,0,0,205504
0,39,-7,0.5,-0.47483,180,0,0,205522
0,41,-7,0.5,-0.469295,180,0,0,205538
0,38,-6,0.5,-0.464165,180,0,0,205554
0,37,-7,0.5,-0.45917,180,0,0,205572
0,35,-5,0.5,-0.454445,180,0,0,205590
0,34,-5,0.5,-0.449855,180,0,0,205605
0,34,-3,0.5,-0.445265,180,0,0,205620
0,29,-2,0.5,-0.44135,180,0,0,205636
0,26,-3,0.5,-0.43784,180,0,0,205654
0,23,-2,0.5,-0.434735,180,0,0,205669
0,20,-4,0.5,-0.432035,180,0,0,205688
0,34,-11,0.5,-0.427445,180,0,0,205706
0,15,-5,0.5,-0.42542,180,0,0,205721
0,0,0,0.5,-0.42542,180,0,0,205736
0,39,-11,0.5,-0.420155,180,0,0,205758
0,22,-5,0.5,-0.417185,180,0,0,205772
0,26,-5,0.5,-0.413675,180,0,0,205787
0,29,-5,0.5,-0.40976,180,0,0,205804
0,32,-6,0.5,-0.40544,180,0,0,205820
0,32,-5,0.5,-0.40112,180,0,0,205839
0,31,-4,0.5,-0.396935,180,0,0,205853
0,30,-3,0.5,-0.392885,180,0,0,205869
0,31,-2,0.5,-0.3887,180,0,0,205886
0,31,-2,0.5,-0.384515,180,0,0,205904
0,31,-2,0.5,-0.38033,180,0,0,205925
0,32,-2,0.5,-0.37601,180,0,0,205936
0,30,-2,0.5,-0.37196,180,0,0,205956
0,31,-1,0.5,-0.367775,180,0,0,205970
0,30,-1,0.5,-0.363725,180,0,0,205989
0,33,-2,0.5,-0.35927,180,0,0,206004
0,35,-4,0.5,-0.354545,180,0,0,206021
0,35,-4,0.5,-0.34982,180,0,0,206036
0,37,-5,0.5,-0.344825,180,0,0,206056
0,37,-4,0.5,-0.33983,180,0,0,206070
0,36,-4,0.5,-0.33497,180,0,0,206087
0,34,-4,0.5,-0.33038,180,0,0,206106
0,63,-7,0.5,-0.321875,180,0,0,206123
0,28,-2,0.5,-0.318095,180,0,0,206137
0,24,-3,0.5,-0.314855,180,0,0,206153
0,23,-2,0.5,-0.31175,180,0,0,206170
0,22,-1,0.5,-0.30878,180,0,0,206188
0,20,-2,0.5,-0.30608,180,0,0,206204
0,22,-3,0.5,-0.30311,180,0,0,206220
0,25,-4,0.5,-0.299735,180,0,0,206240
0,26,-6,0.5,-0.296225,180,0,0,206255
0,25,-7,0.5,-0.29285,180,0,0,206271
0,24,-7,0.5,-0.28961,180,0,0,206287
0,24,-8,0.5,-0.28637,180,0,0,206307
0,25,-9,0.5,-0.282995,180,0,0,206321
0,25,-9,0.5,-0.27962,180,0,0,206338
0,27,-10,0.5,-0.275975,180,0,0,206362
0,27,-9,0.5,-0.27233,180,0,0,206373
0,28,-7,0.5,-0.26855,180,0,0,206388
0,28,-6,0.5,-0.26477,180,0,0,206407
0,27,-4,0.5,-0.261125,180,0,0,206423
0,25,-3,0.5,-0.25775,180,0,0,206437
0,24,-3,0.5,-0.25451,180,0,0,206453
0,22,-2,0.5,-0.25154,180,0,0,206470
0,18,-1,0.5,-0.24911,180,0,0,206486
0,37,-3,0.5,-0.244115,180,0,0,206505
0,22,-3,0.5,-0.241145,180,0,0,206522
0,25,-4,0.5,-0.23777,180,0,0,206536
0,27,-5,0.5,-0.234125,180,0,0,206554
0,28,-5,0.5,-0.230345,180,0,0,206571
0,28,-5,0.5,-0.226565,180,0,0,206586
0,29,-6,0.5,-0.22265,180,0,0,206607
0,29,-4,0.5,-0.218735,180,0,0,206620
0,32,-5,0.5,-0.214415,180,0,0,206637
0,30,-3,0.5,-0.210365,180,1,31,206655
0,28,-3,0.5,-0.206585,180,1,31,206669
0,26,-2,0.5,-0.203075,180,1,0,206689
0,22,-1,0.5,-0.200105,180,0,0,206704
0,17,-2,0.5,-0.19781,180,0,0,206720
0,14,-4,0.5,-0.19592,180,0,0,206741
0,13,-5,0.5,-0.194165,180,0,0,206754
0,14,-7,0.5,-0.192275,180,0,31,206777
0,12,-7,0.5,-0.190655,180,0,31,206791
0,13,-8,0.5,-0.1889,180,0,31,206806
0,13,-8,0.5,-0.187145,180,0,31,206820
0,10,-8,0.5,-0.185795,180,0,31,206838
0,10,-8,0.5,-0.184445,180,0,0,206856
0,7,-8,0.5,-0.1835,180,0,0,206873
0,4,-7,0.5,-0.18296,180,0,0,206888
0,3,-7,0.5,-0.182555,180,0,31,206904
0,4,-10,0.5,-0.182015,180,0,0,206924
0,1,-4,0.5,-0.18188,180,0,0,206939
0,2,-3,0.5,-0.18161,180,0,0,206955
0,2,-3,0.5,-0.18134,180,0,0,206973
0,4,-2,0.5,-0.1808,180,0,31,206986
0,3,-3,0.5,-0.180395,180,0,31,207003
0,4,-3,0.5,-0.179855,180,0,0,207020
0,3,-3,0.5,-0.17945,180,0,0,207038
0,3,-2,0.5,-0.179045,180,0,0,207056
0,3,-3,0.5,-0.17864,180,0,0,207073
0,4,-2,0.5,-0.1781,180,0,31,207086
0,4,-2,0.5,-0.17756,180,0,31,207102
0,3,-2,0.5,-0.177155,180,0,31,207121
0,0,-2,0.5,-0.177155,180,0,0,207137
0,0,-2,0.5,-0.177155,180,0,0,207157
0,-2,-2,0.5,-0.177425,180,0,0,207170
0,-2,-1,0.5,-0.177695,180,0,0,207185
0,-3,-1,0.5,-0.1781,180,0,31,207204
0,-2,-1,0.5,-0.17837,180,0,31,207220
0,-4,-2,0.5,-0.17891,180,0,0,207240
0,-2,0,0.5,-0.17918,180,0,0,207255
0,0,-2,0.5,-0.17918,180,0,0,207269
0,-1,-1,0.5,-0.179315,180,0,0,207285
0,0,-1,0.5,-0.179315,180,0,0,207302
0,0,-1,0.5,-0.179315,180,0,31,207323
0,1,0,0.5,-0.17918,180,0,31,207337
0,1,0,0.5,-0.179045,180,0,31,207353
0,2,-1,0.5,-0.178775,180,0,0,207369
0,1,0,0.5,-0.17864,180,0,0,207385
0,2,0,0.5,-0.17837,180,0,0,207403
0,2,0,0.5,-0.1781,180,0,0,207421
0,1,3,0.5,-0.177965,180,0,0,207436
0,0,1,0.5,-0.177965,180,0,31,207452
0,-1,1,0.5,-0.1781,180,0,31,207471
0,-4,0,0.5,-0.17864,180,0,31,207485
0,-4,-1,0.5,-0.17918,180,0,0,207504
0,-2,-2,0.5,-0.17945,180,0,0,207520
0,-1,-3,0.5,-0.179585,180,0,0,207538
0,2,-3,0.5,-0.179315,180,0,0,207554
0,5,-3,0.5,-0.17864,180,0,31,207570
0,8,-3,0.5,-0.17756,180,0,31,207588
0,11,-4,0.5,-0.176075,180,0,31,207604
0,12,-4,0.5,-0.174455,180,0,0,207621
0,11,-4,0.5,-0.17297,180,0,0,207640
0,26,-10,0.5,-0.16946,180,0,0,207661
0,13,-6,0.5,-0.167705,180,0,0,207674
0,0,0,0.5,-0.167705,180,0,0,207686
0,27,-16,0.5,-0.16406,180,0,31,207711
0,11,-8,0.5,-0.162575,180,0,31,207724
0,11,-9,0.5,-0.16109,180,0,0,207738
0,11,-9,0.5,-0.159605,180,0,0,207760
0,11,-9,0.5,-0.15812,180,0,0,207773
0,10,-9,0.5,-0.15677,180,0,0,207795
0,11,-8,0.5,-0.155285,180,0,0,207809
0,10,-8,0.5,-0.153935,180,0,0,207822
0,7,-8,0.5,-0.15299,180,0,0,207840
0,5,-8,0.5,-0.152315,180,0,0,207860
0,3,-6,0.5,-0.15191,180,0,0,207874
0,0,-6,0.5,-0.15191,180,0,0,207888
0,-1,-5,0.5,-0.152045,180,0,0,207907
0,-2,-4,0.5,-0.152315,180,0,0,207926
0,-1,-3,0.5,-0.15245,180,0,0,207939
0,-1,-3,0.5,-0.152585,180,0,0,207955
0,0,-3,0.5,-0.152585,180,0,0,207970
0,1,-3,0.5,-0.15245,180,0,0,207991
0,0,-3,0.5,-0.15245,180,0,0,208006
0,5,-8,0.5,-0.151775,180,0,0,208029
0,0,0,0.5,-0.151775,180,0,0,208039
0,4,-4,0.5,-0.151235,180,0,0,208055
0,15,-6,0.5,-0.14921,180,0,0,208075
0,10,-3,0.5,-0.14786,180,0,0,208088
0,13,-3,0.5,-0.146105,180,0,0,208107
0,14,-4,0.5,-0.144215,180,0,0,208123
0,15,-4,0.5,-0.14219,180,0,0,208141
0,16,-4,0.5,-0.14003,180,0,0,208157
0,17,-5,0.5,-0.137735,180,0,0,208173
0,19,-5,0.5,-0.13517,180,0,0,208189
0,22,-6,0.5,-0.1322,180,0,0,208208
0,23,-7,0.5,-0.129095,180,0,0,208225
0,25,-6,0.5,-0.12572,180,0,0,208241
0,25,-7,0.5,-0.122345,180,0,0,208264
0,22,-7,0.5,-0.119375,180,0,0,208273
0,19,-8,0.5,-0.11681,180,0,0,208290
0,16,-9,0.5,-0.11465,180,0,0,208309
0,16,-10,0.5,-0.11249,180,0,0,208325
0,14,-10,0.5,-0.1106,180,0,0,208343
0,12,-10,0.5,-0.10898,180,0,0,208357
0,9,-9,0.5,-0.107765,180,0,0,208375
0,10,-8,0.5,-0.106415,180,0,0,208393
0,21,-12,0.5,-0.10358,180,0,0,208411
0,0,0,0.5,-0.10358,180,0,0,208421
0,12,-5,0.5,-0.10196,180,0,0,208439
0,34,-12,0.5,-0.09737,180,0,0,208460
0,22,-8,0.5,-0.0944,180,0,0,208478
0,24,-8,0.5,-0.09116,180,0,0,208495
0,26,-8,0.5,-0.08765,180,0,0,208510
0,27,-7,0.5,-0.084005,180,0,0,208526
0,26,-7,0.5,-0.080495,180,0,0,208540
0,28,-8,0.5,-0.076715,180,0,0,208558
0,25,-10,0.5,-0.07334,180,0,0,208575
0,22,-11,0.5,-0.07037,180,0,0,208591
0,19,-12,0.5,-0.067805,180,0,0,208608
0,17,-13,0.5,-0.06551,180,0,0,208626
0,15,-13,0.5,-0.063485,180,0,0,208641
0,14,-11,0.5,-0.061595,180,0,0,208662
0,36,-19,0.5,-0.056735,180,0,0,208685
0,0,0,0.5,-0.056735,180,0,0,208696
0,21,-9,0.5,-0.0539,180,0,0,208706
0,23,-10,0.5,-0.050795,180,0,0,208728
0,23,-10,0.5,-0.04769,180,0,0,208744
0,26,-11,0.5,-0.04418,180,0,0,208757
0,30,-11,0.5,-0.04013,180,0,0,208778
0,58,-21,0.5,-0.0323,180,0,0,208802
0,30,-12,0.5,-0.02825,180,0,0,208814
0,28,-13,0.5,-0.02447,180,0,0,208828
0,27,0,0.5,-0.020825,180,0,0,208839
0,23,-28,0.5,-0.01772,180,0,0,208863
0,21,-13,0.5,-0.014885,180,0,0,208877
0,21,-13,0.5,-0.01205,180,0,0,208895
0,22,-11,0.5,-0.00908,180,0,0,208912
0,26,-10,0.5,-0.00557,180,0,0,208927
0,30,-9,0.5,-0.00152,180,0,0,208945
0,34,-10,0.5,0.00307,180,0,0,208960
0,36,-11,0.5,0.00793,180,0,0,208977
0,38,-11,0.5,0.01306,180,0,0,208993
0,33,-10,0.5,0.017515,180,0,0,209011
0,29,-10,0.5,0.02143,180,0,0,209026
0,23,-10,0.5,0.024535,180,0,0,209042
0,14,-10,0.5,0.026425,180,0,0,209058
0,8,-9,0.5,0.027505,180,0,0,209077
0,2,-8,0.5,0.027775,180,0,0,209099
0,-2,-6,0.5,0.027505,180,0,0,209109
0,-8,-4,0.5,0.026425,180,0,0,209126
0,-11,-3,0.5,0.02494,180,0,0,209140
0,-15,-4,0.5,0.022915,180,0,0,209158
0,-13,-4,0.5,0.02116,180,0,0,209173
0,-28,-8,0.5,0.01738,180,0,0,209196
0,-12,-4,0.5,0.01576,180,0,0,209211
0,0,0,0.5,0.01576,180,0,0,209223
0,-18,-10,0.5,0.01333,180,0,0,209254
0,-4,-4,0.5,0.01279,180,0,0,209268
0,0,-4,0.5,0.01279,180,0,0,209278
0,0,-4,0.5,0.01279,180,0,0,209291
0,5,-3,0.5,0.013465,180,0,0,209306
0,7,-3,0.5,0.01441,180,0,0,209328
0,12,-4,0.5,0.01603,180,0,0,209342
0,13,-4,0.5,0.017785,180,0,0,209356
0,15,-4,0.5,0.01981,180,0,0,209373
0,16,-3,0.5,0.02197,180,0,0,209391
0,21,-3,0.5,0.024805,180,0,0,209409
0,21,-2,0.5,0.02764,180,0,0,209424
0,22,-1,0.5,0.03061,180,0,0,209442
0,19,-1,0.5,0.033175,180,0,0,209458
0,17,-1,0.5,0.03547,180,0,0,209478
0,13,-1,0.5,0.037225,180,0,0,209490
0,12,-2,0.5,0.038845,180,0,0,209508
0,13,-3,0.5,0.0406,180,0,0,209524
0,16,-5,0.5,0.04276,180,0,0,209545
0,17,-7,0.5,0.045055,180,0,0,209560
0,41,-18,0.5,0.05059,180,0,0,209581
0,0,0,0.5,0.05059,180,0,0,209589
0,47,-22,0.5,0.056935,180,0,0,209617
0,25,-12,0.5,0.06031,180,0,0,209630
0,26,-13,0.5,0.06382,180,0,0,209647
0,24,-12,0.5,0.06706,180,0,0,209660
0,23,-12,0.5,0.070165,180,0,0,209679
0,23,-12,0.5,0.07327,180,0,0,209694
0,22,-12,0.5,0.07624,180,0,0,209712
0,19,-12,0.5,0.078805,180,0,0,209727
0,18,-12,0.5,0.081235,180,0,0,209745
0,18,-12,0.5,0.083665,180,0,0,209761
0,17,-12,0.5,0.08596,180,0,0,209777
0,19,-12,0.5,0.088525,180,0,0,209797
0,18,-12,0.5,0.090955,180,0,0,209810
0,16,-14,0.5,0.093115,180,0,0,209832
0,13,-14,0.5,0.09487,180,0,0,209847
0,14,-14,0.5,0.09676,180,0,0,209867
0,27,-25,0.5,0.100405,180,0,0,209887
0,0,0,0.5,0.100405,180,0,0,209894
0,16,-13,0.5,0.102565,180,0,0,209915
0,16,-12,0.5,0.104725,180,0,0,209928
0,18,-13,0.5,0.107155,180,0,0,209947
0,39,-21,0.5,0.11242,180,0,0,209965
0,0,-4,0.5,0.11242,180,0,0,209977
0,22,-12,0.5,0.11539,180,0,0,209997
0,50,-26,0.5,0.12214,180,0,0,210014
0,27,-14,0.5,0.125785,180,0,0,210029
0,24,-16,0.5,0.129025,180,0,0,210052
0,22,-16,0.5,0.131995,180,0,0,210071
0,19,-16,0.5,0.13456,180,0,0,210080
0,20,-15,0.5,0.13726,180,0,0,210096
0,24,-13,0.5,0.1405,180,0,0,210115
0,25,-13,0.5,0.143875,180,0,0,210132
0,27,-11,0.5,0.14752,180,0,0,210145
0,31,-13,0.5,0.151705,180,0,0,210162
0,32,-14,0.5,0.156025,180,0,0,210180
0,34,-14,0.5,0.160615,180,0,0,210200
0,31,-13,0.5,0.1648,180,0,0,210216
0,30,-14,0.5,0.16885,180,0,0,210228
0,25,-14,0.5,0.172225,180,0,0,210249
0,26,-16,0.5,0.175735,180,0,0,210265
0,41,-32,0.5,0.18127,180,0,0,210296
0,21,-15,0.5,0.184105,180,0,0,210306
0,20,-13,0.5,0.186805,180,0,0,210321
0,23,-10,0.5,0.18991,180,0,0,210331
0,0,-2,0.5,0.18991,180,0,0,210345
0,53,-24,0.5,0.197065,180,0,0,210368
0,0,0,0.5,0.197065,180,0,0,210375
0,65,-25,0.5,0.20584,180,0,0,210416
0,32,-12,0.5,0.21016,180,0,0,210425
0,31,-13,0.5,0.214345,180,0,0,210439
0,31,-15,0.5,0.21853,180,0,0,210450
0,27,-16,0.5,0.222175,180,0,0,210464
0,23,-16,0.5,0.22528,180,0,0,210480
0,22,-17,0.5,0.22825,180,0,0,210495
0,20,-16,0.5,0.23095,180,0,0,210519
0,21,-13,0.5,0.233785,180,0,0,210544
0,25,-12,0.5,0.23716,180,0,0,210555
0,27,-12,0.5,0.240805,180,0,0,210566
0,30,-11,0.5,0.244855,180,0,0,210580
0,34,-11,0.5,0.249445,180,0,0,210596
0,36,-11,0.5,0.254305,180,0,0,210613
0,37,-11,0.5,0.2593,180,0,0,210631
0,39,-11,0.5,0.264565,180,0,0,210646
0,36,-14,0.5,0.269425,180,0,0,210666
0,34,-16,0.5,0.274015,180,0,0,210687
0,31,-17,0.5,0.2782,180,0,0,210698
0,28,-16,0.5,0.28198,180,0,0,210714
0,51,-16,0.5,0.288865,180,0,0,210732
0,27,-22,0.5,0.29251,180,0,0,210749
0,0,-5,0.5,0.29251,180,0,0,210761
0,53,-24,0.5,0.299665,180,0,0,210788
0,29,-13,0.5,0.30358,180,0,0,210802
0,31,-14,0.5,0.307765,180,0,0,210822
0,31,-13,0.5,0.31195,180,0,0,210837
0,30,-13,0.5,0.316,180,0,0,210854
0,31,-15,0.5,0.320185,180,0,0,210876
0,30,-16,0.5,0.324235,180,0,0,210893
0,28,-18,0.5,0.328015,180,0,0,210903
0,27,-18,0.5,0.33166,180,0,0,210916
0,26,-18,0.5,0.33517,180,0,0,210932
0,27,-18,0.5,0.338815,180,0,0,210949
0,29,-16,0.5,0.34273,180,0,0,210964
0,35,-15,0.5,0.347455,180,0,0,210980
0,36,-15,0.5,0.352315,180,0,0,210999
0,39,-16,0.5,0.35758,180,0,0,211018
0,41,-15,0.5,0.363115,180,0,0,211034
0,37,-15,0.5,0.36811,180,0,0,211052
0,34,-16,0.5,0.3727,180,0,0,211069
0,33,-17,0.5,0.377155,180,0,0,211083
0,31,-18,0.5,0.38134,180,0,0,211099
0,30,-19,0.5,0.38539,180,0,0,211120
0,62,-34,0.5,0.39376,180,0,0,211153
0,33,-15,0.5,0.398215,180,0,0,211164
0,39,-15,0.5,0.40348,180,0,0,211174
0,38,-15,0.5,0.40861,180,0,0,211185
0,41,-16,0.5,0.414145,180,0,0,211199
0,39,-15,0.5,0.41941,180,0,0,211218
0,37,-16,0.5,0.424405,180,0,0,211233
0,36,-17,0.5,0.429265,180,0,0,211249
0,34,-19,0.5,0.433855,180,0,0,211268
0,34,-19,0.5,0.438445,180,0,0,211294
0,33,-18,0.5,0.4429,180,0,0,211309
0,36,-16,0.5,0.44776,180,0,0,211325
0,77,-30,0.5,0.458155,180,0,0,211350
0,43,-16,0.5,0.46396,180,0,0,211367
0,43,-16,0.5,0.469765,180,0,0,211381
0,39,-14,0.5,0.47503,180,0,0,211393
0,40,-15,0.5,0.48043,180,0,0,211408
0,0,0,0.5,0.48043,180,0,0,211414
0,38,-16,0.5,0.48556,180,0,0,211435
0,35,-17,0.5,0.490285,180,0,0,211453
0,35,-18,0.5,0.49501,180,0,0,211470
0,31,-18,0.5,0.499195,180,0,0,211487
0,64,-31,0.5,0.507835,180,0,0,211505
0,0,0,0.5,0.507835,180,0,0,211510
0,71,-27,0.5,0.51742,180,0,0,211537
0,39,-14,0.5,0.522685,180,0,0,211549
0,42,-14,0.5,0.528355,180,0,0,211568
0,40,-13,0.5,0.533755,180,0,0,211588
0,39,-14,0.5,0.53902,180,0,0,211601
0,39,-15,0.5,0.544285,180,0,0,211617
0,40,-17,0.5,0.549685,180,0,0,211631
0,37,-17,0.5,0.55468,180,0,0,211655
0,38,-17,0.5,0.55981,180,0,0,211666
0,38,-16,0.5,0.56494,180,0,0,211686
0,37,-14,0.5,0.569935,180,0,0,211698
0,37,-14,0.5,0.57493,180,0,0,211720
0,37,-13,0.5,0.579925,180,0,0,211731
0,38,-14,0.5,0.585055,180,0,0,211750
0,36,-13,0.5,0.589915,180,0,0,211765
0,34,-13,0.5,0.594505,180,0,0,211781
0,30,-14,0.5,0.598555,180,0,0,211798
0,28,-15,0.5,0.602335,180,0,0,211815
0,25,-17,0.5,0.60571,180,0,0,211834
0,44,-21,0.5,0.61165,180,0,0,211852
0,0,-13,0.5,0.61165,180,0,0,211865
0,19,-14,0.5,0.614215,180,0,0,211882
0,30,-26,0.5,0.618265,180,0,0,211907
0,11,-13,0.5,0.61975,180,0,0,211917
0,8,-12,0.5,0.62083,180,0,0,211935
0,0,0,0.5,0.62083,180,0,0,211944
0,5,-24,0.5,0.621505,180,0,0,211972
0,-5,-12,0.5,0.62083,180,0,0,211984
0,-11,-14,0.5,0.619345,180,0,0,211999
0,-16,-14,0.5,0.617185,180,0,0,212015
0,-17,-15,0.5,0.61489,180,0,0,212033
0,-16,-14,0.5,0.61273,180,0,0,212052
0,-15,-12,0.5,0.610705,180,0,0,212067
0,-10,-11,0.5,0.609355,180,0,0,212081
0,-5,-9,0.5,0.60868,180,0,0,212098
0,-1,-7,0.5,0.608545,180,0,0,212117
0,3,-6,0.5,0.60895,180,0,0,212133
0,4,-4,0.5,0.60949,180,0,0,212154
0,5,-3,0.5,0.610165,180,0,0,212163
0,4,0,0.5,0.610705,180,0,0,212178
0,2,0,0.5,0.610975,180,0,0,212195
0,1,0,0.5,0.61111,180,0,0,212213
0,-2,0,0.5,0.61084,180,0,0,212229
0,0,-2,0.5,0.61084,180,0,0,212244
0,1,-4,0.5,0.610975,180,0,0,212262
0,1,-3,0.5,0.61111,180,0,0,212280
0,5,-6,0.5,0.611785,180,0,0,212297
0,5,-3,0.5,0.61246,180,0,0,212315
0,5,-4,0.5,0.613135,180,0,0,212330
0,7,-4,0.5,0.61408,180,0,0,212352
0,11,-4,0.5,0.615565,180,0,0,212363
0,14,-4,0.5,0.617455,180,0,0,212380
0,18,-4,0.5,0.619885,180,0,0,212396
0,21,-4,0.5,0.62272,180,0,0,212417
0,22,-2,0.5,0.62569,180,0,0,212436
0,26,-3,0.5,0.6292,180,0,0,212447
0,26,-2,0.5,0.63271,180,0,0,212463
0,27,-2,0.5,0.636355,180,0,0,212484
0,29,-1,0.5,0.64027,180,0,0,212497
0,28,-1,0.5,0.64405,180,0,0,212512
0,27,-3,0.5,0.647695,180,0,0,212529
0,24,-3,0.5,0.650935,180,0,0,212547
0,21,-4,0.5,0.65377,180,0,0,212564
0,15,-5,0.5,0.655795,180,0,0,212580
0,12,-7,0.5,0.657415,180,0,0,212602
0,13,-19,0.5,0.65917,180,0,0,212621
0,0,0,0.5,0.65917,180,0,0,212629
0,-3,-26,0.5,0.658765,180,0,0,212654
0,0,0,0.5,0.658765,180,0,0,212663
0,-23,-35,0.5,0.65566,180,0,0,212691
0,-14,-18,0.5,0.65377,180,0,0,212707
0,-16,-17,0.5,0.65161,180,0,0,212718
0,-13,-15,0.5,0.649855,180,0,0,212738
0,-11,-14,0.5,0.64837,180,0,0,212750
0,-9,-12,0.5,0.647155,180,0,0,212766
0,-7,-11,0.5,0.64621,180,0,0,212782
0,-5,-11,0.5,0.645535,180,0,0,212802
0,-2,-9,0.5,0.645265,180,0,0,212815
0,0,-7,0.5,0.645265,180,0,0,212831
0,1,-6,0.5,0.6454,180,0,0,212847
0,0,-5,0.5,0.6454,180,0,0,212866
0,1,-4,0.5,0.645535,180,0,0,212880
0,1,-3,0.5,0.64567,180,0,0,212896
0,1,-2,0.5,0.645805,180,0,0,212914
0,2,-3,0.5,0.646075,180,0,0,212931
0,5,-3,0.5,0.64675,180,0,0,212948
0,8,-3,0.5,0.64783,180,0,0,212970
0,12,-5,0.5,0.64945,180,0,0,212986
0,13,-5,0.5,0.651205,180,0,0,212998
0,13,-7,0.5,0.65296,180,0,0,213016
0,11,-8,0.5,0.654445,180,0,0,213034
0,11,-9,0.5,0.65593,180,0,0,213048
0,18,-20,0.5,0.65836,180,0,0,213070
0,12,-10,0.5,0.65998,180,0,0,213085
0,14,-10,0.5,0.66187,180,0,0,213099
0,16,-11,0.5,0.66403,180,0,0,213118
0,16,-11,0.5,0.66619,180,0,0,213133
0,17,-11,0.5,0.668485,180,0,0,213154
0,16,-11,0.5,0.670645,180,0,0,213171
0,17,-10,0.5,0.67294,180,0,31,213188
0,17,-9,0.5,0.675235,180,0,31,213204
0,18,-9,0.5,0.677665,180,0,0,213217
0,14,-8,0.5,0.679555,180,0,0,213232
0,11,-10,0.5,0.68104,180,0,0,213250
0,7,-11,0.5,0.681985,180,0,0,213275
0,4,-11,0.5,0.682525,180,0,0,213287
0,3,-11,0.5,0.68293,180,0,31,213300
0,3,-11,0.5,0.683335,180,0,31,213323
0,4,-11,0.5,0.683875,180,0,31,213336
0,5,-11,0.5,0.68455,180,0,0,213357
0,7,-12,0.5,0.685495,180,0,0,213369
0,8,-11,0.5,0.686575,180,0,0,213384
0,9,-11,0.5,0.68779,180,0,0,213403
0,19,-21,0.5,0.690355,180,0,31,213422
0,11,-10,0.5,0.69184,180,0,31,213437
0,13,-10,0.5,0.693595,180,0,31,213452
0,16,-4,0.5,0.695755,180,0,0,213466
0,19,-9,0.5,0.69832,180,0,0,213486
0,19,-19,0.5,0.700885,180,0,0,213506
0,20,-11,0.5,0.703585,180,0,0,213523
0,20,-11,0.5,0.706285,180,0,0,213537
0,21,-11,0.5,0.70912,180,0,31,213550
0,17,-10,0.5,0.71,180,0,31,213569
