0,21,14,0.5,-0.707165,180,0,0,442116
0,-7,5,0.5,-0.70811,180,0,0,442126
0,-13,6,0.5,-0.709865,180,0,0,442134
0,-17,6,0.5,-0.71,180,0,0,442151
0,-18,4,0.5,-0.71,180,0,0,442164
0,-17,3,0.5,-0.71,180,0,0,442182
0,-12,3,0.5,-0.71,180,0,0,442196
0,-7,2,0.5,-0.71,180,0,0,442213
0,-2,2,0.5,-0.71,180,0,0,442231
0,-1,1,0.5,-0.71,180,0,0,442245
0,0,1,0.5,-0.71,180,0,0,442262
0,0,1,0.5,-0.71,180,0,0,442278
0,0,2,0.5,-0.71,180,0,31,442297
0,0,2,0.5,-0.71,180,0,31,442312
0,1,2,0.5,-0.709865,180,0,31,442329
0,2,2,0.5,-0.709595,180,0,31,442345
0,2,1,0.5,-0.709325,180,0,31,442361
0,3,1,0.5,-0.70892,180,0,31,442379
0,2,1,0.5,-0.70865,180,0,31,442401
0,4,0,0.5,-0.70811,180,0,31,442412
0,3,0,0.5,-0.707705,180,0,0,442428
0,3,0,0.5,-0.7073,180,0,0,442444
0,2,0,0.5,-0.70703,180,0,0,442463
0,0,-3,0.5,-0.70703,180,0,0,442481
0,-2,-6,0.5,-0.7073,180,0,0,442498
0,-2,-2,0.5,-0.70757,180,0,0,442513
0,-1,-1,0.5,-0.707705,180,0,0,442528
0,-2,-1,0.5,-0.707975,180,0,0,442547
0,-2,-1,0.5,-0.708245,180,0,0,442562
0,-1,-1,0.5,-0.70838,180,0,0,442579
0,3,0,0.5,-0.707975,180,0,0,442597
0,6,0,0.5,-0.707165,180,0,0,442613
0,10,0,0.5,-0.705815,180,0,0,442628
0,9,0,0.5,-0.7046,180,0,0,442645
0,7,0,0.5,-0.703655,180,0,0,442662
0,7,1,0.5,-0.70271,180,0,0,442678
0,7,1,0.5,-0.701765,180,0,0,442700
0,7,0,0.5,-0.70082,180,0,0,442713
0,10,0,0.5,-0.69947,180,0,0,442729
0,10,0,0.5,-0.69812,180,0,0,442746
0,8,0,0.5,-0.69704,180,0,0,442763
0,4,-1,0.5,-0.6965,180,0,0,442781
0,1,0,0.5,-0.696365,180,0,0,442799
0,0,0,0.5,-0.696365,180,0,0,442813
0,-8,2,0.5,-0.697445,180,0,0,442833
0,-12,5,0.5,-0.699065,180,0,0,442851
0,0,0,0.5,-0.699065,180,0,0,442863
0,-11,4,0.5,-0.70055,180,0,0,442881
0,-5,2,0.5,-0.701225,180,0,0,442900
0,-5,0,0.5,-0.7019,180,0,0,442915
0,-6,0,0.5,-0.70271,180,0,0,442930
0,-5,0,0.5,-0.703385,180,0,0,442945
0,-5,0,0.5,-0.70406,180,0,31,442963
0,-3,0,0.5,-0.704465,180,0,31,442979
0,0,0,0.5,-0.704465,180,0,31,442995
0,0,0,0.5,-0.704465,180,0,31,443012
0,0,0,0.5,-0.704465,180,0,31,443028
0,2,0,0.5,-0.704195,180,0,31,443046
0,1,0,0.5,-0.70406,180,0,31,443062
0,0,-1,0.5,-0.70406,180,0,31,443079
0,1,-1,0.5,-0.703925,180,0,31,443096
0,0,-1,0.5,-0.703925,180,0,31,443113
0,3,-1,0.5,-0.70352,180,0,31,443131
0,7,-2,0.5,-0.702575,180,0,31,443149
0,11,-1,0.5,-0.70109,180,0,31,443167
0,14,0,0.5,-0.6992,180,0,31,443180
0,14,0,0.5,-0.69731,180,0,31,443197
0,21,0,0.5,-0.694475,180,0,31,443218
0,0,0,0.5,-0.694475,180,0,31,443230
0,0,1,0.5,-0.694475,180,0,31,443246
0,-2,2,0.5,-0.694745,180,0,31,443263
0,-20,2,0.5,-0.697445,180,0,31,443280
0,-15,0,0.5,-0.69947,180,0,31,443299
0,-14,0,0.5,-0.70136,180,0,0,443312
0,-14,-1,0.5,-0.70325,180,0,0,443333
0,-12,-2,0.5,-0.70487,180,0,31,443352
0,-7,-2,0.5,-0.705815,180,0,31,443367
0,-3,-2,0.5,-0.70622,180,0,31,443381
0,0,-2,0.5,-0.70622,180,0,31,443397
0,4,-1,0.5,-0.70568,180,0,31,443418
0,6,-1,0.5,-0.70487,180,0,31,443430
0,5,0,0.5,-0.704195,180,0,31,443447
0,4,0,0.5,-0.703655,180,0,0,443463
0,1,0,0.5,-0.70352,180,0,0,443479
0,-1,0,0.5,-0.703655,180,0,0,443498
0,-5,-1,0.5,-0.70433,180,0,0,443514
0,-8,0,0.5,-0.70541,180,0,0,443530
0,-7,0,0.5,-0.706355,180,0,31,443549
0,-5,-1,0.5,-0.70703,180,0,31,443568
0,-2,-1,0.5,-0.7073,180,0,31,443583
0,0,0,0.5,-0.7073,180,0,31,443598
0,0,0,0.5,-0.7073,180,0,31,443612
0,4,0,0.5,-0.70676,180,0,31,443630
0,3,0,0.5,-0.706355,180,0,31,443647
0,8,0,0.5,-0.705275,180,0,0,443664
0,0,0,0.5,-0.705275,180,0,0,443681
0,-1,0,0.5,-0.70541,180,0,0,443696
0,-6,-1,0.5,-0.70622,180,0,0,443714
0,-8,-2,0.5,-0.7073,180,0,0,443731
0,-8,-1,0.5,-0.70838,180,0,0,443752
0,-7,-1,0.5,-0.709325,180,0,31,443769
0,-3,-1,0.5,-0.70973,180,0,31,443783
0,-1,-1,0.5,-0.709865,180,0,31,443803
0,3,0,0.5,-0.70946,180,0,31,443820
0,2,0,0.5,-0.70919,180,0,31,443834
0,2,1,0.5,-0.70892,180,0,31,443847
0,3,1,0.5,-0.708515,180,0,31,443868
0,4,0,0.5,-0.707975,180,0,31,443887
0,7,0,0.5,-0.70703,180,0,31,443897
0,7,0,0.5,-0.706085,180,0,31,443913
0,8,0,0.5,-0.705005,180,0,31,443930
0,6,0,0.5,-0.704195,180,0,31,443948
0,5,0,0.5,-0.70352,180,0,31,443965
0,1,0,0.5,-0.703385,180,0,0,443980
0,-4,0,0.5,-0.703925,180,0,0,443999
0,-6,-1,0.5,-0.704735,180,0,0,444016
0,-18,-3,0.5,-0.707165,180,0,0,444033
0,-9,-3,0.5,-0.70838,180,0,0,444052
0,-6,-3,0.5,-0.70919,180,0,0,444067
0,-3,-3,0.5,-0.709595,180,0,0,444082
0,-2,-3,0.5,-0.709865,180,0,0,444099
0,0,-2,0.5,-0.709865,180,0,0,444115
0,1,-2,0.5,-0.70973,180,0,0,444136
0,0,-1,0.5,-0.70973,180,0,0,444154
0,-1,0,0.5,-0.709865,180,0,0,444165
0,-3,0,0.5,-0.71,180,0,0,444181
0,-3,0,0.5,-0.71,180,0,0,444197
0,-3,1,0.5,-0.71,180,0,0,444216
0,-2,0,0.5,-0.71,180,0,0,444231
0,-4,1,0.5,-0.71,180,0,0,444248
0,-4,0,0.5,-0.71,180,0,0,444266
0,-4,0,0.5,-0.71,180,0,0,444281
0,-3,0,0.5,-0.71,180,0,0,444298
0,-4,0,0.5,-0.71,180,0,0,444315
0,-4,0,0.5,-0.71,180,0,0,444332
0,-5,1,0.5,-0.71,180,0,31,444352
0,-3,1,0.5,-0.71,180,0,31,444366
0,-2,0,0.5,-0.71,180,0,31,444382
0,-2,0,0.5,-0.71,180,0,31,444398
0,-1,-1,0.5,-0.71,180,0,31,444418
0,1,-1,0.5,-0.709865,180,0,31,444435
0,1,-1,0.5,-0.70973,180,0,31,444449
0,5,-1,0.5,-0.709055,180,0,31,444467
0,4,0,0.5,-0.708515,180,0,31,444482
0,3,0,0.5,-0.70811,180,0,31,444498
0,0,0,0.5,-0.70811,180,0,31,444517
0,-3,-1,0.5,-0.708515,180,0,31,444532
0,-7,-1,0.5,-0.70946,180,0,31,444549
0,-7,-2,0.5,-0.71,180,0,0,444568
0,-6,-1,0.5,-0.71,180,0,0,444584
0,-6,-2,0.5,-0.71,180,0,0,444599
0,-4,-2,0.5,-0.71,180,0,0,444620
0,-2,-2,0.5,-0.71,180,0,0,444634
0,-1,-2,0.5,-0.71,180,0,31,444650
0,0,-1,0.5,-0.71,180,0,31,444665
0,-1,0,0.5,-0.71,180,0,31,444682
0,1,0,0.5,-0.709865,180,0,31,444699
0,4,0,0.5,-0.709325,180,0,31,444716
0,2,0,0.5,-0.709055,180,0,31,444732
0,2,0,0.5,-0.708785,180,0,31,444750
0,1,0,0.5,-0.70865,180,0,31,444766
0,1,-1,0.5,-0.708515,180,0,31,444783
0,4,0,0.5,-0.707975,180,0,31,444798
0,7,0,0.5,-0.70703,180,0,31,444815
0,21,2,0.5,-0.704195,180,0,31,444834
0,10,1,0.5,-0.702845,180,0,31,444851
0,8,1,0.5,-0.701765,180,0,31,444868
0,3,1,0.5,-0.70136,180,0,31,444886
0,0,0,0.5,-0.70136,180,0,0,444901
0,-8,1,0.5,-0.70244,180,0,0,444917
0,-10,0,0.5,-0.70379,180,0,0,444933
0,-12,0,0.5,-0.70541,180,0,0,444951
0,-12,-1,0.5,-0.70703,180,0,0,444966
0,-11,-1,0.5,-0.708515,180,0,0,444983
0,-9,-1,0.5,-0.70973,180,0,0,445002
0,-6,0,0.5,-0.71,180,0,0,445016
0,-2,0,0.5,-0.71,180,0,0,445033
0,0,0,0.5,-0.71,180,0,31,445050
0,5,2,0.5,-0.709325,180,0,31,445070
0,4,2,0.5,-0.708785,180,0,31,445086
0,4,1,0.5,-0.708245,180,0,31,445100
0,1,0,0.5,-0.70811,180,0,31,445116
0,1,0,0.5,-0.707975,180,0,31,445137
0,0,0,0.5,-0.707975,180,0,31,445149
0,-1,0,0.5,-0.70811,180,0,31,445168
0,-2,2,0.5,-0.70838,180,0,31,445185
0,0,1,0.5,-0.70838,180,0,31,445201
0,1,1,0.5,-0.708245,180,0,31,445217
0,1,2,0.5,-0.70811,180,0,31,445234
0,3,2,0.5,-0.707705,180,0,31,445250
0,3,1,0.5,-0.7073,180,0,31,445269
0,4,2,0.5,-0.70676,180,0,31,445284
0,6,1,0.5,-0.70595,180,0,31,445300
0,6,1,0.5,-0.70514,180,0,31,445318
0,8,1,0.5,-0.70406,180,0,31,445334
0,10,1,0.5,-0.70271,180,0,31,445356
0,12,2,0.5,-0.70109,180,0,31,445368
0,12,1,0.5,-0.69947,180,0,31,445383
0,13,2,0.5,-0.697715,180,0,31,445404
0,14,2,0.5,-0.695825,180,0,31,445418
0,13,2,0.5,-0.69407,180,0,31,445436
0,15,3,0.5,-0.692045,180,0,31,445451
0,16,3,0.5,-0.689885,180,0,31,445468
0,16,4,0.5,-0.687725,180,0,31,445486
0,15,3,0.5,-0.6857,180,0,31,445502
0,15,5,0.5,-0.683675,180,0,0,445525
0,0,0,0.5,-0.683675,180,0,0,445539
0,6,4,0.5,-0.682865,180,0,0,445555
0,4,2,0.5,-0.682325,180,0,0,445569
0,3,1,0.5,-0.68192,180,0,0,445587
0,7,2,0.5,-0.680975,180,0,0,445603
0,9,2,0.5,-0.67976,180,0,0,445617
0,15,3,0.5,-0.677735,180,0,0,445637
0,18,3,0.5,-0.675305,180,0,0,445652
0,23,4,0.5,-0.6722,180,0,0,445669
0,27,4,0.5,-0.668555,180,0,0,445688
0,31,5,0.5,-0.66437,180,0,0,445706
0,33,6,0.5,-0.659915,180,0,0,445722
0,34,5,0.5,-0.655325,180,0,0,445737
0,32,5,0.5,-0.651005,180,0,0,445752
0,29,5,0.5,-0.64709,180,0,0,445771
0,25,5,0.5,-0.643715,180,0,0,445789
0,21,5,0.5,-0.64088,180,0,0,445805
0,36,9,0.5,-0.63602,180,0,0,445827
0,0,0,0.5,-0.63602,180,0,0,445837
0,15,3,0.5,-0.633995,180,0,0,445852
0,14,1,0.5,-0.632105,180,0,0,445869
0,15,0,0.5,-0.63008,180,0,0,445885
0,18,-1,0.5,-0.62765,180,0,0,445902
0,20,-3,0.5,-0.62495,180,0,0,445919
0,47,-6,0.5,-0.618605,180,0,0,445946
0,23,-3,0.5,-0.6155,180,0,0,445953
0,28,-3,0.5,-0.61172,180,0,0,445970
0,31,-1,0.5,-0.607535,180,0,0,445988
0,32,0,0.5,-0.603215,180,0,0,446002
0,36,0,0.5,-0.598355,180,0,0,446018
0,38,1,0.5,-0.593225,180,0,0,446036
0,39,3,0.5,-0.58796,180,0,0,446052
0,42,4,0.5,-0.58229,180,0,0,446069
0,41,4,0.5,-0.576755,180,0,0,446091
0,41,3,0.5,-0.57122,180,0,0,446107
0,38,3,0.5,-0.56609,180,0,0,446120
0,36,2,0.5,-0.56123,180,0,0,446136
0,28,2,0.5,-0.55745,180,0,0,446154
0,26,2,0.5,-0.55394,180,0,0,446171
0,24,2,0.5,-0.5507,180,0,0,446187
0,22,2,0.5,-0.54773,180,0,0,446205
0,19,2,0.5,-0.545165,180,0,0,446221
0,12,3,0.5,-0.543545,180,0,0,446236
0,5,4,0.5,-0.54287,180,0,31,446256
0,0,5,0.5,-0.54287,180,0,31,446275
0,-4,4,0.5,-0.54341,180,0,31,446287
0,-7,4,0.5,-0.544355,180,0,0,446306
0,-12,8,0.5,-0.545975,180,0,0,446328
0,-4,4,0.5,-0.546515,180,0,0,446341
0,-2,0,0.5,-0.546785,180,0,0,446354
0,-1,5,0.5,-0.54692,180,0,0,446371
0,1,0,0.5,-0.546785,180,0,0,446386
0,2,-2,0.5,-0.546515,180,0,31,446404
0,2,-5,0.5,-0.546245,180,0,31,446423
0,0,-6,0.5,-0.546245,180,0,31,446441
0,-5,-5,0.5,-0.54692,180,0,31,446456
0,-7,-4,0.5,-0.547865,180,0,0,446470
0,-8,-1,0.5,-0.548945,180,0,0,446487
0,-8,0,0.5,-0.550025,180,0,0,446505
0,-8,3,0.5,-0.551105,180,0,31,446520
0,-5,4,0.5,-0.55178,180,0,31,446537
0,-4,4,0.5,-0.55232,180,0,31,446556
0,-5,4,0.5,-0.552995,180,0,0,446571
0,-3,2,0.5,-0.5534,180,0,0,446589
0,-5,2,0.5,-0.554075,180,0,0,446606
0,-4,1,0.5,-0.554615,180,0,31,446622
0,-3,0,0.5,-0.55502,180,0,31,446636
0,-2,0,0.5,-0.55529,180,0,31,446654
0,-6,-4,0.5,-0.5561,180,0,31,446673
0,-3,-2,0.5,-0.556505,180,0,0,446690
0,-4,-3,0.5,-0.557045,180,0,0,446707
0,0,0,0.5,-0.557045,180,0,0,446719
0,-4,-3,0.5,-0.557585,180,0,31,446738
0,-1,-1,0.5,-0.55772,180,0,31,446754
0,-1,-1,0.5,-0.557855,180,0,31,446772
0,-1,0,0.5,-0.55799,180,0,31,446787
0,1,1,0.5,-0.557855,180,0,31,446803
0,0,1,0.5,-0.557855,180,0,0,446820
0,-2,1,0.5,-0.558125,180,0,0,446836
0,-5,0,0.5,-0.5588,180,0,0,446855
0,-5,0,0.5,-0.559475,180,0,0,446871
0,-7,0,0.5,-0.56042,180,0,31,446889
0,-10,0,0.5,-0.56177,180,0,31,446907
0,-14,0,0.5,-0.56366,180,0,31,446920
0,-14,1,0.5,-0.56555,180,0,31,446940
0,-12,3,0.5,-0.56717,180,0,0,446956
0,-8,3,0.5,-0.56825,180,0,31,446975
0,-4,3,0.5,-0.56879,180,0,31,446988
0,1,1,0.5,-0.568655,180,0,31,447003
0,7,0,0.5,-0.56771,180,0,31,447028
0,0,0,0.5,-0.56771,180,0,31,447041
0,-3,0,0.5,-0.568115,180,0,31,447056
0,-9,-1,0.5,-0.56933,180,0,31,447070
0,-13,-1,0.5,-0.571085,180,0,0,447088
0,-29,0,0.5,-0.575,180,0,0,447106
0,-17,0,0.5,-0.577295,180,0,0,447121
0,-13,0,0.5,-0.57905,180,0,0,447137
0,-8,1,0.5,-0.58013,180,0,31,447157
0,-2,2,0.5,-0.5804,180,0,31,447172
0,1,3,0.5,-0.580265,180,0,31,447189
0,2,3,0.5,-0.579995,180,0,31,447208
0,0,2,0.5,-0.579995,180,0,0,447224
0,0,1,0.5,-0.579995,180,0,0,447238
0,-1,0,0.5,-0.58013,180,0,0,447254
0,-4,-1,0.5,-0.58067,180,0,0,447272
0,-6,-2,0.5,-0.58148,180,0,0,447290
0,-13,-5,0.5,-0.583235,180,0,0,447310
0,-33,-6,0.5,-0.58769,180,0,31,447330
0,0,-4,0.5,-0.58769,180,0,31,447345
0,-12,-4,0.5,-0.58931,180,0,31,447357
0,-5,-2,0.5,-0.589985,180,0,31,447371
0,0,0,0.5,-0.589985,180,0,31,447388
0,7,2,0.5,-0.58904,180,0,31,447407
0,6,4,0.5,-0.58823,180,0,31,447422
0,2,4,0.5,-0.58796,180,0,31,447438
0,-3,6,0.5,-0.588365,180,0,31,447457
0,-7,2,0.5,-0.58931,180,0,31,447475
0,-6,1,0.5,-0.59012,180,0,0,447491
0,-5,-1,0.5,-0.590795,180,0,0,447506
0,-4,-1,0.5,-0.591335,180,0,0,447521
0,-4,-4,0.5,-0.591875,180,0,0,447538
0,-2,-4,0.5,-0.592145,180,0,31,447558
0,-1,-3,0.5,-0.59228,180,0,31,447576
0,-1,-3,0.5,-0.592415,180,0,31,447592
0,0,-2,0.5,-0.592415,180,0,31,447605
0,1,-1,0.5,-0.59228,180,0,31,447624
0,0,0,0.5,-0.59228,180,0,31,447640
0,0,0,0.5,-0.59228,180,0,31,447654
0,-1,0,0.5,-0.592415,180,0,31,447672
0,-4,0,0.5,-0.592955,180,0,31,447689
0,-4,0,0.5,-0.593495,180,0,31,447705
0,-3,0,0.5,-0.5939,180,0,31,447721
0,-2,-1,0.5,-0.59417,180,0,31,447739
0,-1,-2,0.5,-0.594305,180,0,31,447755
0,0,-2,0.5,-0.594305,180,0,31,447771
0,-2,-3,0.5,-0.594575,180,0,31,447794
0,-8,-6,0.5,-0.595655,180,0,0,447809
0,-3,-3,0.5,-0.59606,180,0,0,447826
0,-1,-4,0.5,-0.596195,180,0,31,447843
0,4,-1,0.5,-0.595655,180,0,31,447856
0,4,-11,0.5,-0.595115,180,0,31,447878
0,3,-6,0.5,-0.59471,180,0,31,447894
0,0,-5,0.5,-0.59471,180,0,31,447909
0,-3,-3,0.5,-0.595115,180,0,31,447925
0,-4,-2,0.5,-0.595655,180,0,31,447940
0,-5,-1,0.5,-0.59633,180,0,31,447956
0,-3,0,0.5,-0.596735,180,0,31,447972
0,-4,1,0.5,-0.597275,180,0,31,447990
0,-3,2,0.5,-0.59768,180,0,31,448012
0,-3,1,0.5,-0.598085,180,0,31,448022
0,-3,0,0.5,-0.59849,180,0,31,448040
0,-3,-1,0.5,-0.598895,180,0,31,448056
0,-4,-1,0.5,-0.599435,180,0,0,448078
0,-5,-2,0.5,-0.60011,180,0,0,448090
0,-6,-4,0.5,-0.60092,180,0,0,448107
0,-6,-3,0.5,-0.60173,180,0,0,448128
0,-5,-2,0.5,-0.602405,180,0,0,448141
0,-4,-2,0.5,-0.602945,180,0,31,448159
0,-3,-1,0.5,-0.60335,180,0,31,448174
0,-1,-1,0.5,-0.603485,180,0,31,448190
0,-1,0,0.5,-0.60362,180,0,31,448206
0,-2,0,0.5,-0.60389,180,0,31,448223
0,-4,-1,0.5,-0.60443,180,0,31,448239
0,-4,-1,0.5,-0.60497,180,0,31,448259
0,-5,-1,0.5,-0.605645,180,0,31,448277
0,-5,-1,0.5,-0.60632,180,0,31,448290
0,-5,-1,0.5,-0.606995,180,0,0,448308
0,-5,-2,0.5,-0.60767,180,0,0,448327
0,-5,-2,0.5,-0.608345,180,0,0,448343
0,-4,-3,0.5,-0.608885,180,0,0,448362
0,-4,-3,0.5,-0.609425,180,0,0,448378
0,-3,-4,0.5,-0.60983,180,0,0,448392
0,-1,-3,0.5,-0.609965,180,0,0,448407
0,0,-3,0.5,-0.609965,180,0,0,448424
0,1,-2,0.5,-0.60983,180,0,0,448441
0,0,-1,0.5,-0.60983,180,0,0,448459
0,1,0,0.5,-0.609695,180,0,31,448476
0,0,0,0.5,-0.609695,180,0,31,448489
0,-1,0,0.5,-0.60983,180,0,31,448506
0,-4,0,0.5,-0.61037,180,0,31,448527
0,0,0,0.5,-0.61037,180,0,31,448540
0,-3,-2,0.5,-0.610775,180,0,31,448560
0,-10,-4,0.5,-0.612125,180,0,0,448579
0,-3,-2,0.5,-0.61253,180,0,0,448593
0,-1,-2,0.5,-0.612665,180,0,0,448607
0,-1,-2,0.5,-0.6128,180,0,0,448629
0,-1,0,0.5,-0.612935,180,0,0,448639
0,0,0,0.5,-0.612935,180,0,0,448657
0,-1,0,0.5,-0.61307,180,0,0,448673
0,-3,0,0.5,-0.613475,180,0,0,448691
0,-4,0,0.5,-0.614015,180,0,0,448709
0,-5,0,0.5,-0.61469,180,0,0,448724
0,-7,0,0.5,-0.615635,180,0,0,448739
0,-6,1,0.5,-0.616445,180,0,0,448757
0,-4,0,0.5,-0.616985,180,0,0,448779
0,-1,0,0.5,-0.61712,180,0,0,448790
0,0,0,0.5,-0.61712,180,0,0,448807
0,3,-2,0.5,-0.616715,180,0,0,448824
0,2,-2,0.5,-0.616445,180,0,0,448845
0,2,-3,0.5,-0.616175,180,0,0,448859
0,1,-3,0.5,-0.61604,180,0,0,448878
0,1,-3,0.5,-0.615905,180,0,31,448892
0,0,-2,0.5,-0.615905,180,0,31,448908
0,0,-2,0.5,-0.615905,180,0,31,448925
0,-1,-2,0.5,-0.61604,180,0,31,448943
0,-3,-3,0.5,-0.616445,180,0,0,448965
0,0,0,0.5,-0.616445,180,0,0,448974
0,-3,-1,0.5,-0.61685,180,0,0,448991
0,-1,0,0.5,-0.616985,180,0,0,449009
0,-1,0,0.5,-0.61712,180,0,0,449026
0,-2,0,0.5,-0.61739,180,0,0,449041
0,-1,0,0.5,-0.617525,180,0,0,449057
0,-2,2,0.5,-0.617795,180,0,0,449078
0,-2,1,0.5,-0.618065,180,0,0,449094
0,-3,0,0.5,-0.61847,180,0,0,449108
0,-1,0,0.5,-0.618605,180,0,0,449124
0,-1,0,0.5,-0.61874,180,0,0,449142
0,1,-1,0.5,-0.618605,180,0,0,449160
0,3,-2,0.5,-0.6182,180,0,31,449178
0,4,-2,0.5,-0.61766,180,0,31,449193
0,5,-1,0.5,-0.616985,180,0,31,449208
0,4,-1,0.5,-0.616445,180,0,31,449225
0,3,-1,0.5,-0.61604,180,0,31,449241
0,1,-1,0.5,-0.615905,180,0,31,449260
0,0,0,0.5,-0.615905,180,0,31,449276
0,0,0,0.5,-0.615905,180,0,31,449295
0,-1,-1,0.5,-0.61604,180,0,31,449308
0,-2,-1,0.5,-0.61631,180,0,31,449325
0,-1,-1,0.5,-0.616445,180,0,31,449342
0,0,-1,0.5,-0.616445,180,0,31,449359
0,0,0,0.5,-0.616445,180,0,31,449375
0,-2,0,0.5,-0.616715,180,0,0,449392
0,-2,2,0.5,-0.616985,180,0,0,449411
0,-1,2,0.5,-0.61712,180,0,0,449426
0,-2,3,0.5,-0.61739,180,0,0,449445
0,-2,2,0.5,-0.61766,180,0,0,449459
0,-3,3,0.5,-0.618065,180,0,0,449476
0,-3,2,0.5,-0.61847,180,0,0,449494
0,-4,3,0.5,-0.61901,180,0,0,449509
0,-4,2,0.5,-0.61955,180,0,0,449527
0,-3,2,0.5,-0.619955,180,0,0,449543
0,-1,2,0.5,-0.62009,180,0,0,449559
0,0,1,0.5,-0.62009,180,0,0,449580
0,1,1,0.5,-0.619955,180,0,0,449592
0,3,0,0.5,-0.61955,180,0,31,449609
0,3,0,0.5,-0.619145,180,0,31,449629
0,2,0,0.5,-0.618875,180,0,31,449641
0,3,0,0.5,-0.61847,180,0,31,449661
0,1,0,0.5,-0.618335,180,0,31,449676
0,0,-1,0.5,-0.618335,180,0,31,449692
0,1,0,0.5,-0.6182,180,0,31,449708
0,0,0,0.5,-0.6182,180,0,31,449725
0,-2,0,0.5,-0.61847,180,0,31,449743
0,-2,1,0.5,-0.61874,180,0,31,449761
0,-2,2,0.5,-0.61901,180,0,31,449781
0,-2,1,0.5,-0.61928,180,0,31,449796
0,0,1,0.5,-0.61928,180,0,31,449811
0,0,1,0.5,-0.61928,180,0,31,449829
0,0,1,0.5,-0.61928,180,0,31,449842
0,0,1,0.5,-0.61928,180,0,0,449862
0,0,1,0.5,-0.61928,180,0,0,449877
0,2,2,0.5,-0.61901,180,0,0,449893
0,2,2,0.5,-0.61874,180,0,0,449910
0,1,2,0.5,-0.618605,180,0,0,449928
0,1,1,0.5,-0.61847,180,0,0,449942
0,-3,1,0.5,-0.618875,180,0,0,449964
0,-3,0,0.5,-0.61928,180,0,0,449976
0,-3,1,0.5,-0.619685,180,0,0,449993
0,-3,0,0.5,-0.62009,180,0,0,450015
0,-3,0,0.5,-0.620495,180,0,0,450031
0,0,0,0.5,-0.620495,180,0,0,450042
0,0,0,0.5,-0.620495,180,0,0,450064
0,0,0,0.5,-0.620495,180,0,0,450076
0,3,0,0.5,-0.62009,180,0,31,450094
0,4,0,0.5,-0.61955,180,0,31,450110
0,4,0,0.5,-0.61901,180,0,31,450127
0,1,1,0.5,-0.618875,180,0,31,450143
0,0,1,0.5,-0.618875,180,0,31,450160
0,-1,1,0.5,-0.61901,180,0,31,450177
0,-2,1,0.5,-0.61928,180,0,31,450193
0,0,1,0.5,-0.61928,180,0,31,450210
0,0,0,0.5,-0.61928,180,0,31,450226
0,0,1,0.5,-0.61928,180,0,31,450242
0,1,1,0.5,-0.619145,180,0,31,450260
0,1,1,0.5,-0.61901,180,0,31,450279
0,0,1,0.5,-0.61901,180,0,31,450293
0,1,1,0.5,-0.618875,180,0,0,450311
0,2,1,0.5,-0.618605,180,0,0,450329
0,3,2,0.5,-0.6182,180,0,0,450347
0,3,2,0.5,-0.617795,180,0,0,450360
0,4,2,0.5,-0.617255,180,0,0,450377
0,4,1,0.5,-0.616715,180,0,0,450395
0,8,3,0.5,-0.615635,180,0,0,450417
0,0,0,0.5,-0.615635,180,0,0,450427
0,5,2,0.5,-0.61496,180,0,0,450443
0,4,1,0.5,-0.61442,180,0,0,450462
0,7,0,0.5,-0.613475,180,0,0,450477
0,8,0,0.5,-0.612395,180,0,0,450493
0,10,-1,0.5,-0.611045,180,0,0,450514
0,20,-2,0.5,-0.608345,180,0,0,450530
0,9,-1,0.5,-0.60713,180,0,0,450546
0,8,-1,0.5,-0.60605,180,0,0,450566
0,6,-1,0.5,-0.60524,180,0,0,450582
0,5,0,0.5,-0.604565,180,0,0,450596
0,6,0,0.5,-0.603755,180,0,0,450611
0,5,0,0.5,-0.60308,180,0,0,450627
0,3,0,0.5,-0.602675,180,0,0,450644
0,1,1,0.5,-0.60254,180,0,0,450660
0,-2,1,0.5,-0.60281,180,0,0,450680
0,-6,1,0.5,-0.60362,180,0,0,450697
0,-5,1,0.5,-0.604295,180,0,0,450712
0,-8,1,0.5,-0.605375,180,0,0,450728
0,-10,2,0.5,-0.606725,180,0,0,450745
0,-13,1,0.5,-0.60848,180,0,0,450761
0,-14,1,0.5,-0.61037,180,0,0,450777
0,-16,1,0.5,-0.61253,180,0,0,450795
0,-14,0,0.5,-0.61442,180,0,0,450811
0,-14,0,0.5,-0.61631,180,0,0,450830
0,-11,-1,0.5,-0.617795,180,0,0,450844
0,-9,-1,0.5,-0.61901,180,0,0,450863
0,-8,-5,0.5,-0.62009,180,0,0,450880
0,0,0,0.5,-0.62009,180,0,0,450894
0,-1,-7,0.5,-0.620225,180,0,0,450914
0,4,-3,0.5,-0.619685,180,0,0,450930
0,3,-2,0.5,-0.61928,180,0,0,450946
0,4,-2,0.5,-0.61874,180,0,31,450962
0,5,-1,0.5,-0.618065,180,0,31,450979
0,3,0,0.5,-0.61766,180,0,31,450996
0,2,0,0.5,-0.61739,180,0,31,451013
0,0,0,0.5,-0.61739,180,0,31,451029
0,0,0,0.5,-0.61739,180,0,31,451046
0,-1,1,0.5,-0.617525,180,0,31,451063
0,-4,2,0.5,-0.618065,180,0,31,451079
0,-2,2,0.5,-0.618335,180,0,31,451097
0,-2,2,0.5,-0.618605,180,0,31,451111
0,0,3,0.5,-0.618605,180,0,31,451129
0,0,2,0.5,-0.618605,180,0,31,451146
0,0,1,0.5,-0.618605,180,0,31,451167
0,0,0,0.5,-0.618605,180,0,31,451181
0,0,0,0.5,-0.618605,180,0,0,451196
0,-4,-1,0.5,-0.619145,180,0,0,451211
0,-3,-1,0.5,-0.61955,180,0,0,451229
0,-3,-2,0.5,-0.619955,180,0,0,451246
0,-5,-3,0.5,-0.62063,180,0,0,451266
0,0,-3,0.5,-0.62063,180,0,0,451282
0,-6,-7,0.5,-0.62144,180,0,0,451299
0,-2,-3,0.5,-0.62171,180,0,0,451317
0,-2,-3,0.5,-0.62198,180,0,0,451329
0,-1,-3,0.5,-0.622115,180,0,0,451349
0,-1,-2,0.5,-0.62225,180,0,0,451367
0,0,-2,0.5,-0.62225,180,0,0,451383
0,0,-1,0.5,-0.62225,180,0,0,451396
0,-1,-1,0.5,-0.622385,180,0,0,451412
0,0,0,0.5,-0.622385,180,0,31,451429
0,-1,0,0.5,-0.62252,180,0,31,451445
0,-1,0,0.5,-0.622655,180,0,31,451466
0,0,0,0.5,-0.622655,180,0,31,451479
0,-2,-1,0.5,-0.622925,180,0,31,451498
0,-1,-1,0.5,-0.62306,180,0,31,451512
0,-1,-1,0.5,-0.623195,180,0,31,451529
0,-2,-1,0.5,-0.623465,180,0,31,451551
0,-1,0,0.5,-0.6236,180,0,31,451565
0,-1,0,0.5,-0.623735,180,0,31,451583
0,-1,0,0.5,-0.62387,180,0,31,451596
0,0,-1,0.5,-0.62387,180,0,31,451612
0,1,-2,0.5,-0.623735,180,0,0,451632
0,2,-3,0.5,-0.623465,180,0,0,451650
0,0,-1,0.5,-0.623465,180,0,0,451666
0,-3,-1,0.5,-0.62387,180,0,0,451683
0,-3,0,0.5,-0.624275,180,0,0,451696
0,-5,0,0.5,-0.62495,180,0,0,451713
0,-4,0,0.5,-0.62549,180,0,0,451729
0,-4,0,0.5,-0.62603,180,0,0,451746
0,-4,0,0.5,-0.62657,180,0,0,451763
0,-2,0,0.5,-0.62684,180,0,0,451784
0,-2,0,0.5,-0.62711,180,0,0,451797
0,-1,-1,0.5,-0.627245,180,0,0,451813
0,-1,0,0.5,-0.62738,180,0,0,451829
0,-2,0,0.5,-0.62765,180,0,0,451847
0,-1,-1,0.5,-0.627785,180,0,0,451865
0,-1,0,0.5,-0.62792,180,0,0,451879
0,-2,0,0.5,-0.62819,180,0,0,451898
0,-2,0,0.5,-0.62846,180,0,0,451913
0,-2,0,0.5,-0.62873,180,0,0,451929
0,-3,0,0.5,-0.629135,180,0,0,451948
0,-4,-1,0.5,-0.629675,180,0,0,451966
0,-3,-2,0.5,-0.63008,180,0,0,451981
0,-3,-3,0.5,-0.630485,180,0,0,451998
0,-5,-3,0.5,-0.63116,180,0,0,452015
0,-7,-4,0.5,-0.632105,180,0,0,452031
0,-22,-8,0.5,-0.635075,180,0,0,452054
0,-13,-3,0.5,-0.63683,180,0,0,452068
0,-12,-3,0.5,-0.63845,180,0,0,452085
0,-12,-3,0.5,-0.64007,180,0,0,452097
0,-11,-3,0.5,-0.641555,180,0,0,452116
0,-10,-3,0.5,-0.642905,180,0,0,452131
0,-8,-2,0.5,-0.643985,180,0,0,452149
0,-5,-2,0.5,-0.64466,180,0,0,452169
0,-3,-1,0.5,-0.645065,180,0,31,452181
0,-1,-1,0.5,-0.6452,180,0,31,452198
0,0,-1,0.5,-0.6452,180,0,31,452216
0,0,0,0.5,-0.6452,180,0,31,452230
0,2,-1,0.5,-0.64493,180,0,31,452252
0,0,0,0.5,-0.64493,180,0,31,452266
0,0,0,0.5,-0.64493,180,0,31,452280
0,-1,-1,0.5,-0.645065,180,0,31,452297
0,-2,-1,0.5,-0.645335,180,0,31,452313
0,-4,-2,0.5,-0.645875,180,0,31,452333
0,-2,-1,0.5,-0.646145,180,0,0,452348
0,-1,-2,0.5,-0.64628,180,0,0,452365
0,0,-1,0.5,-0.64628,180,0,0,452380
0,0,-1,0.5,-0.64628,180,0,0,452398
0,-2,-1,0.5,-0.64655,180,0,0,452415
0,-8,-1,0.5,-0.64763,180,0,0,452433
0,-8,0,0.5,-0.64871,180,0,0,452449
0,-9,0,0.5,-0.649925,180,0,0,452464
0,-10,0,0.5,-0.651275,180,0,0,452481
0,-10,0,0.5,-0.652625,180,0,0,452499
0,-8,0,0.5,-0.653705,180,0,0,452520
0,-6,0,0.5,-0.654515,180,0,0,452531
0,-4,0,0.5,-0.655055,180,0,0,452549
0,-2,0,0.5,-0.655325,180,0,31,452566
0,0,0,0.5,-0.655325,180,0,31,452581
0,1,-1,0.5,-0.65519,180,0,31,452601
0,2,0,0.5,-0.65492,180,0,31,452614
0,1,-1,0.5,-0.654785,180,0,31,452631
0,0,0,0.5,-0.654785,180,0,31,452647
0,0,-1,0.5,-0.654785,180,0,31,452668
0,-3,-1,0.5,-0.65519,180,0,31,452682
0,-4,-1,0.5,-0.65573,180,0,31,452698
0,-3,-2,0.5,-0.656135,180,0,31,452722
0,-2,-2,0.5,-0.656405,180,0,31,452733
0,0,-1,0.5,-0.656405,180,0,31,452750
0,0,-1,0.5,-0.656405,180,0,31,452766
0,0,0,0.5,-0.656405,180,0,31,452781
0,1,0,0.5,-0.65627,180,0,31,452798
0,4,0,0.5,-0.65573,180,0,31,452815
0,0,1,0.5,-0.65573,180,0,31,452834
0,0,1,0.5,-0.65573,180,0,31,452849
0,-1,1,0.5,-0.655865,180,0,31,452867
0,0,0,0.5,-0.655865,180,0,31,452882
0,-3,0,0.5,-0.65627,180,0,0,452898
0,-1,-1,0.5,-0.656405,180,0,0,452915
0,0,-2,0.5,-0.656405,180,0,0,452932
0,1,-2,0.5,-0.65627,180,0,0,452949
0,-1,-2,0.5,-0.656405,180,0,0,452967
0,-4,-3,0.5,-0.656945,180,0,0,452986
0,-6,-3,0.5,-0.657755,180,0,0,453001
0,-9,-3,0.5,-0.65897,180,0,0,453016
0,-8,-3,0.5,-0.66005,180,0,0,453032
0,-9,-3,0.5,-0.661265,180,0,0,453053
0,-8,-3,0.5,-0.662345,180,0,0,453068
0,-6,-3,0.5,-0.663155,180,0,0,453082
0,-4,-2,0.5,-0.663695,180,0,0,453104
0,-3,-3,0.5,-0.6641,180,0,0,453122
0,-1,-2,0.5,-0.664235,180,0,0,453133
0,-1,-2,0.5,-0.66437,180,0,0,453150
0,-1,-1,0.5,-0.664505,180,0,31,453171
0,0,0,0.5,-0.664505,180,0,31,453182
0,0,0,0.5,-0.664505,180,0,31,453198
0,0,1,0.5,-0.664505,180,0,31,453216
0,0,1,0.5,-0.664505,180,0,31,453235
0,-2,1,0.5,-0.664775,180,0,31,453249
0,-2,1,0.5,-0.665045,180,0,31,453266
0,-1,0,0.5,-0.66518,180,0,31,453284
0,0,0,0.5,-0.66518,180,0,31,453298
0,0,0,0.5,-0.66518,180,0,31,453318
0,4,0,0.5,-0.66464,180,0,0,453337
0,4,0,0.5,-0.6641,180,0,0,453350
0,4,0,0.5,-0.66356,180,0,0,453365
0,3,0,0.5,-0.663155,180,0,0,453382
0,1,0,0.5,-0.66302,180,0,0,453398
0,0,0,0.5,-0.66302,180,0,0,453416
0,-3,0,0.5,-0.663425,180,0,0,453432
0,-5,-1,0.5,-0.6641,180,0,0,453451
0,-5,0,0.5,-0.664775,180,0,0,453467
0,-3,0,0.5,-0.66518,180,0,0,453482
0,-4,0,0.5,-0.66572,180,0,0,453500
0,-3,0,0.5,-0.666125,180,0,0,453516
0,-2,1,0.5,-0.666395,180,0,0,453533
0,-3,2,0.5,-0.6668,180,0,0,453553
0,0,1,0.5,-0.6668,180,0,0,453570
0,0,0,0.5,-0.6668,180,0,0,453582
0,2,2,0.5,-0.66653,180,0,0,453600
0,0,0,0.5,-0.66653,180,0,0,453618
0,0,0,0.5,-0.66653,180,0,0,453633
0,2,0,0.5,-0.66626,180,0,0,453649
0,1,0,0.5,-0.666125,180,0,0,453667
0,1,-2,0.5,-0.66599,180,0,0,453684
0,0,-2,0.5,-0.66599,180,0,0,453700
0,0,-2,0.5,-0.66599,180,0,0,453717
0,-1,0,0.5,-0.666125,180,0,0,453740
0,0,0,0.5,-0.666125,180,0,0,453750
0,0,0,0.5,-0.666125,180,0,0,453767
0,2,0,0.5,-0.665855,180,0,0,453783
0,5,1,0.5,-0.66518,180,0,0,453800
0,6,1,0.5,-0.66437,180,0,0,453819
0,7,1,0.5,-0.663425,180,0,0,453835
0,9,1,0.5,-0.66221,180,0,0,453851
0,8,1,0.5,-0.66113,180,0,0,453868
0,5,0,0.5,-0.660455,180,0,0,453885
0,-2,0,0.5,-0.660725,180,0,0,453904
0,0,0,0.5,-0.660725,180,0,0,453918
0,-7,0,0.5,-0.66167,180,0,0,453933
0,-9,-1,0.5,-0.662885,180,0,0,453953
0,-23,-2,0.5,-0.66599,180,0,0,453968
0,-13,0,0.5,-0.667745,180,0,0,453983
0,-11,0,0.5,-0.66923,180,0,0,454001
0,-7,0,0.5,-0.670175,180,0,31,454019
0,-2,0,0.5,-0.670445,180,0,31,454034
0,1,1,0.5,-0.67031,180,0,31,454051
0,5,0,0.5,-0.669635,180,0,31,454069
0,5,1,0.5,-0.66896,180,0,31,454086
0,1,1,0.5,-0.668825,180,0,31,454101
0,-1,1,0.5,-0.66896,180,0,31,454119
0,-3,2,0.5,-0.669365,180,0,31,454135
0,-2,1,0.5,-0.669635,180,0,31,454151
0,-3,1,0.5,-0.67004,180,0,31,454170
0,-1,1,0.5,-0.670175,180,0,31,454187
0,0,0,0.5,-0.670175,180,0,31,454201
0,2,0,0.5,-0.669905,180,0,31,454218
0,2,0,0.5,-0.669635,180,0,31,454235
0,2,0,0.5,-0.669365,180,0,0,454252
0,1,0,0.5,-0.66923,180,0,0,454268
0,2,0,0.5,-0.66896,180,0,0,454284
0,3,0,0.5,-0.668555,180,0,0,454304
0,0,0,0.5,-0.668555,180,0,0,454317
0,3,0,0.5,-0.66815,180,0,0,454337
0,0,0,0.5,-0.66815,180,0,0,454350
0,1,0,0.5,-0.668015,180,0,0,454369
0,2,0,0.5,-0.667745,180,0,0,454386
0,3,0,0.5,-0.66734,180,0,0,454400
0,5,1,0.5,-0.666665,180,0,0,454418
0,6,0,0.5,-0.665855,180,0,0,454435
0,7,0,0.5,-0.66491,180,0,0,454451
0,5,0,0.5,-0.664235,180,0,0,454473
0,5,0,0.5,-0.66356,180,0,0,454486
0,2,0,0.5,-0.66329,180,0,0,454501
0,1,0,0.5,-0.663155,180,0,0,454518
0,0,0,0.5,-0.663155,180,0,0,454538
0,-1,-1,0.5,-0.66329,180,0,0,454552
0,-1,0,0.5,-0.663425,180,0,0,454568
0,-1,0,0.5,-0.66356,180,0,0,454586
0,-1,0,0.5,-0.663695,180,0,0,454601
0,0,0,0.5,-0.663695,180,0,0,454618
0,-1,0,0.5,-0.66383,180,0,0,454640
0,0,0,0.5,-0.66383,180,0,0,454653
0,-3,0,0.5,-0.664235,180,0,0,454670
0,-1,0,0.5,-0.66437,180,0,0,454685
0,-2,0,0.5,-0.66464,180,0,0,454702
0,-2,1,0.5,-0.66491,180,0,0,454718
0,-3,0,0.5,-0.665315,180,0,0,454737
0,-2,1,0.5,-0.665585,180,0,0,454752
0,0,0,0.5,-0.665585,180,0,0,454768
0,0,0,0.5,-0.665585,180,0,0,454785
0,1,0,0.5,-0.66545,180,0,0,454803
0,3,-1,0.5,-0.665045,180,0,0,454821
0,2,-2,0.5,-0.664775,180,0,0,454836
0,0,-2,0.5,-0.664775,180,0,0,454852
0,-3,-2,0.5,-0.66518,180,0,0,454869
0,-2,-1,0.5,-0.66545,180,0,0,454886
0,-2,-1,0.5,-0.66572,180,0,0,454902
0,-1,0,0.5,-0.665855,180,0,0,454919
0,0,-1,0.5,-0.665855,180,0,0,454935
0,0,0,0.5,-0.665855,180,0,0,454952
0,1,0,0.5,-0.66572,180,0,0,454970
0,3,0,0.5,-0.665315,180,0,0,454985
0,1,0,0.5,-0.66518,180,0,0,455003
0,0,0,0.5,-0.66518,180,0,0,455019
0,0,1,0.5,-0.66518,180,0,0,455036
0,0,1,0.5,-0.66518,180,0,0,455053
0,-1,2,0.5,-0.665315,180,0,0,455075
0,0,0,0.5,-0.665315,180,0,0,455089
0,0,1,0.5,-0.665315,180,0,0,455105
0,0,0,0.5,-0.665315,180,0,0,455120
0,0,0,0.5,-0.665315,180,0,0,455140
0,0,0,0.5,-0.665315,180,0,0,455156
0,0,0,0.5,-0.665315,180,0,0,455170
0,0,0,0.5,-0.665315,180,0,0,455186
0,0,0,0.5,-0.665315,180,0,0,455204
0,0,0,0.5,-0.665315,180,0,0,455222
0,0,0,0.5,-0.665315,180,0,0,455236
0,0,-1,0.5,-0.665315,180,0,0,455252
0,-1,0,0.5,-0.66545,180,0,0,455269
0,1,0,0.5,-0.665315,180,0,0,455286
0,1,0,0.5,-0.66518,180,0,0,455303
0,1,0,0.5,-0.665045,180,0,0,455320
0,1,0,0.5,-0.66491,180,0,0,455341
0,0,0,0.5,-0.66491,180,0,0,455355
0,0,0,0.5,-0.66491,180,0,0,455369
0,0,1,0.5,-0.66491,180,0,0,455388
0,-1,0,0.5,-0.665045,180,0,0,455407
0,0,0,0.5,-0.665045,180,0,0,455419
0,0,0,0.5,-0.665045,180,0,0,455437
0,0,0,0.5,-0.665045,180,0,0,455454
0,-3,0,0.5,-0.66545,180,0,0,455471
0,0,0,0.5,-0.66545,180,0,0,455486
0,0,0,0.5,-0.66545,180,0,0,455505
0,0,0,0.5,-0.66545,180,0,0,455520
0,0,0,0.5,-0.66545,180,0,0,455536
0,2,0,0.5,-0.66518,180,0,0,455553
0,0,0,0.5,-0.66518,180,0,0,455569
0,0,0,0.5,-0.66518,180,0,0,455586
0,0,0,0.5,-0.66518,180,0,0,455603
0,0,0,0.5,-0.66518,180,0,0,455619
0,0,0,0.5,-0.66518,180,0,0,455637
0,0,0,0.5,-0.66518,180,0,0,455653
0,0,0,0.5,-0.66518,180,0,0,455670
0,0,0,0.5,-0.66518,180,0,0,455687
0,0,0,0.5,-0.66518,180,0,0,455703
0,0,0,0.5,-0.66518,180,0,0,455721
0,1,0,0.5,-0.665045,180,0,0,455736
0,0,0,0.5,-0.665045,180,0,0,455753
0,0,0,0.5,-0.665045,180,0,0,455770
0,0,0,0.5,-0.665045,180,0,0,455787
0,0,0,0.5,-0.665045,180,0,0,455804
0,-3,0,0.5,-0.66545,180,0,0,455820
0,0,0,0.5,-0.66545,180,0,0,455836
0,0,0,0.5,-0.66545,180,0,0,455854
0,0,0,0.5,-0.66545,180,0,0,455871
0,1,0,0.5,-0.665315,180,0,0,455890
0,0,0,0.5,-0.665315,180,0,0,455903
0,0,0,0.5,-0.665315,180,0,0,455920
0,-1,0,0.5,-0.66545,180,0,0,455937
0,-1,0,0.5,-0.665585,180,0,0,455954
0,0,0,0.5,-0.665585,180,0,0,455971
0,0,0,0.5,-0.665585,180,0,0,455987
0,0,0,0.5,-0.665585,180,0,0,456003
0,0,0,0.5,-0.665585,180,0,0,456021
0,0,0,0.5,-0.665585,180,0,0,456037
0,0,0,0.5,-0.665585,180,0,0,456053
0,-3,0,0.5,-0.66599,180,0,0,456071
0,-2,1,0.5,-0.66626,180,0,0,456087
0,-1,0,0.5,-0.666395,180,0,0,456104
0,-2,1,0.5,-0.666665,180,0,0,456122
0,-3,1,0.5,-0.66707,180,0,0,456140
0,-3,1,0.5,-0.667475,180,0,0,456157
0,-5,1,0.5,-0.66815,180,0,0,456171
0,-6,0,0.5,-0.66896,180,0,0,456188
0,-6,0,0.5,-0.66977,180,0,0,456206
0,-4,0,0.5,-0.67031,180,0,0,456224
0,-4,-1,0.5,-0.67085,180,0,0,456240
0,-3,-1,0.5,-0.671255,180,0,0,456260
0,1,-1,0.5,-0.67112,180,0,0,456274
0,6,-1,0.5,-0.67031,180,0,0,456297
0,5,0,0.5,-0.669635,180,0,0,456311
0,4,0,0.5,-0.669095,180,0,0,456324
0,3,0,0.5,-0.66869,180,0,0,456339
0,1,0,0.5,-0.668555,180,0,0,456355
0,0,1,0.5,-0.668555,180,0,0,456373
0,-1,1,0.5,-0.66869,180,0,0,456389
0,-2,1,0.5,-0.66896,180,0,0,456410
0,0,1,0.5,-0.66896,180,0,0,456423
0,-1,2,0.5,-0.669095,180,0,0,456440
0,0,2,0.5,-0.669095,180,0,0,456458
0,0,3,0.5,-0.669095,180,0,0,456473
0,0,3,0.5,-0.669095,180,0,0,456489
0,0,3,0.5,-0.669095,180,0,0,456507
0,0,3,0.5,-0.669095,180,0,0,456526
0,2,3,0.5,-0.668825,180,0,0,456539
0,3,4,0.5,-0.66842,180,0,0,456562
0,3,4,0.5,-0.668015,180,0,0,456572
0,4,4,0.5,-0.667475,180,0,0,456591
0,12,9,0.5,-0.665855,180,0,0,456611
0,7,5,0.5,-0.66491,180,0,0,456625
0,7,6,0.5,-0.663965,180,0,0,456641
0,6,7,0.5,-0.663155,180,0,0,456660
0,4,8,0.5,-0.662615,180,0,0,456675
0,2,7,0.5,-0.662345,180,0,0,456694
0,1,7,0.5,-0.66221,180,0,0,456710
0,-1,7,0.5,-0.662345,180,0,0,456725
0,1,7,0.5,-0.66221,180,0,0,456742
0,1,6,0.5,-0.662075,180,0,0,456758
0,2,7,0.5,-0.661805,180,0,0,456774
0,3,8,0.5,-0.6614,180,0,0,456793
0,1,8,0.5,-0.661265,180,0,0,456809
0,0,9,0.5,-0.661265,180,0,0,456825
0,0,9,0.5,-0.661265,180,0,0,456844
0,0,10,0.5,-0.661265,180,0,0,456860
0,-1,9,0.5,-0.6614,180,0,0,456876
0,-1,10,0.5,-0.661535,180,0,0,456891
0,-3,10,0.5,-0.66194,180,0,0,456917
0,-3,9,0.5,-0.662345,180,0,0,456929
0,-5,18,0.5,-0.66302,180,0,0,456951
0,-4,9,0.5,-0.66356,180,0,0,456973
0,-4,10,0.5,-0.6641,180,0,0,456984
0,-4,10,0.5,-0.66464,180,0,0,456999
0,0,0,0.5,-0.66464,180,0,0,457006
0,-6,18,0.5,-0.66545,180,0,0,457032
0,0,8,0.5,-0.66545,180,0,0,457047
0,1,8,0.5,-0.665315,180,0,0,457064
0,3,7,0.5,-0.66491,180,0,0,457079
0,3,8,0.5,-0.664505,180,0,0,457095
0,2,8,0.5,-0.664235,180,0,0,457112
0,3,9,0.5,-0.66383,180,0,0,457129
0,4,9,0.5,-0.66329,180,0,0,457143
0,6,9,0.5,-0.66248,180,0,0,457160
0,8,9,0.5,-0.6614,180,0,0,457176
0,10,9,0.5,-0.66005,180,0,0,457194
0,11,9,0.5,-0.658565,180,0,0,457211
0,11,8,0.5,-0.65708,180,0,0,457229
0,12,8,0.5,-0.65546,180,0,0,457244
0,13,8,0.5,-0.653705,180,0,31,457262
0,12,6,0.5,-0.652085,180,0,31,457278
0,11,6,0.5,-0.6506,180,0,31,457294
0,9,5,0.5,-0.649385,180,0,0,457310
0,7,5,0.5,-0.64844,180,0,0,457326
0,5,5,0.5,-0.647765,180,0,0,457342
0,5,7,0.5,-0.64709,180,0,0,457362
0,7,9,0.5,-0.646145,180,0,0,457379
0,14,21,0.5,-0.644255,180,0,0,457401
0,8,11,0.5,-0.643175,180,0,0,457416
0,7,11,0.5,-0.64223,180,0,31,457429
0,7,11,0.5,-0.641285,180,0,31,457447
0,7,11,0.5,-0.64034,180,0,31,457464
0,7,11,0.5,-0.639395,180,0,31,457481
0,7,11,0.5,-0.63845,180,0,31,457497
0,9,11,0.5,-0.637235,180,0,31,457512
0,10,11,0.5,-0.635885,180,0,31,457528
0,9,10,0.5,-0.63467,180,0,0,457544
0,11,11,0.5,-0.633185,180,0,0,457565
0,12,10,0.5,-0.631565,180,0,0,457582
0,12,10,0.5,-0.629945,180,0,0,457598
0,13,9,0.5,-0.62819,180,0,31,457610
0,10,9,0.5,-0.62684,180,0,31,457629
0,7,9,0.5,-0.625895,180,0,31,457646
0,4,8,0.5,-0.625355,180,0,31,457663
0,2,9,0.5,-0.625085,180,0,0,457676
0,2,7,0.5,-0.624815,180,0,0,457696
0,-1,7,0.5,-0.62495,180,0,0,457710
0,0,7,0.5,-0.62495,180,0,0,457727
0,-3,7,0.5,-0.625355,180,0,0,457747
0,-4,7,0.5,-0.625895,180,0,0,457761
0,-4,7,0.5,-0.626435,180,0,0,457778
0,-8,14,0.5,-0.627515,180,0,0,457795
0,-3,13,0.5,-0.62792,180,0,0,457817
0,0,10,0.5,-0.62792,180,0,0,457836
0,0,11,0.5,-0.62792,180,0,0,457851
0,3,12,0.5,-0.627515,180,0,0,457861
0,5,12,0.5,-0.62684,180,0,0,457879
0,6,13,0.5,-0.62603,180,0,0,457897
0,6,14,0.5,-0.62522,180,0,0,457914
0,6,14,0.5,-0.62441,180,0,0,457933
0,3,13,0.5,-0.624005,180,0,0,457946
0,2,13,0.5,-0.623735,180,0,0,457962
0,0,14,0.5,-0.623735,180,0,0,457979
0,-1,14,0.5,-0.62387,180,0,0,457997
0,0,14,0.5,-0.62387,180,0,0,458018
0,-2,14,0.5,-0.62414,180,0,0,458034
0,-2,13,0.5,-0.62441,180,0,0,458045
0,-4,13,0.5,-0.62495,180,0,0,458061
0,-10,28,0.5,-0.6263,180,0,0,458092
0,-3,14,0.5,-0.626705,180,0,0,458102
0,0,0,0.5,-0.626705,180,0,0,458111
0,0,14,0.5,-0.626705,180,0,0,458134
0,0,15,0.5,-0.626705,180,0,0,458149
0,1,28,0.5,-0.62657,180,0,0,458169
0,0,0,0.5,-0.62657,180,0,0,458175
0,4,13,0.5,-0.62603,180,0,0,458194
0,9,26,0.5,-0.624815,180,0,0,458218
0,6,13,0.5,-0.624005,180,0,0,458229
0,5,12,0.5,-0.62333,180,0,0,458248
0,3,13,0.5,-0.622925,180,0,0,458266
0,3,13,0.5,-0.62252,180,0,0,458280
0,2,12,0.5,-0.62225,180,0,0,458298
0,1,12,0.5,-0.622115,180,0,0,458316
0,0,12,0.5,-0.622115,180,0,0,458331
0,0,11,0.5,-0.622115,180,0,0,458344
0,-1,12,0.5,-0.62225,180,0,0,458366
0,-1,11,0.5,-0.622385,180,0,0,458379
0,-1,12,0.5,-0.62252,180,0,0,458397
0,-1,13,0.5,-0.622655,180,0,0,458412
0,0,13,0.5,-0.622655,180,0,0,458431
0,1,14,0.5,-0.62252,180,0,0,458450
0,-1,15,0.5,-0.622655,180,0,0,458463
0,3,16,0.5,-0.62225,180,0,0,458481
0,4,17,0.5,-0.62171,180,0,0,458499
0,2,17,0.5,-0.62144,180,0,0,458519
0,0,32,0.5,-0.62144,180,0,0,458537
0,0,19,0.5,-0.62144,180,0,0,458558
0,0,17,0.5,-0.62144,180,0,0,458575
0,0,18,0.5,-0.62144,180,0,0,458591
0,1,18,0.5,-0.621305,180,0,0,458604
0,-1,18,0.5,-0.62144,180,0,0,458617
0,1,16,0.5,-0.621305,180,0,0,458633
0,0,17,0.5,-0.621305,180,0,0,458651
0,5,17,0.5,-0.62063,180,0,0,458667
0,7,16,0.5,-0.619685,180,0,0,458680
0,8,16,0.5,-0.618605,180,0,0,458698
0,7,16,0.5,-0.61766,180,0,0,458716
0,8,15,0.5,-0.61658,180,0,0,458733
0,7,15,0.5,-0.615635,180,0,0,458748
0,5,16,0.5,-0.61496,180,0,0,458765
0,4,15,0.5,-0.61442,180,0,0,458782
0,0,15,0.5,-0.61442,180,0,0,458800
0,0,16,0.5,-0.61442,180,0,0,458819
0,-1,24,0.5,-0.614555,180,0,0,458839
0,1,21,0.5,-0.61442,180,0,0,458861
0,0,15,0.5,-0.61442,180,0,0,458874
0,0,15,0.5,-0.61442,180,0,0,458884
0,0,0,0.5,-0.61442,180,0,0,458894
0,0,16,0.5,-0.61442,180,0,0,458918
0,7,32,0.5,-0.613475,180,0,0,458939
0,0,0,0.5,-0.613475,180,0,0,458943
0,8,16,0.5,-0.612395,180,0,0,458963
0,25,33,0.5,-0.60902,180,0,0,458985
0,0,0,0.5,-0.60902,180,0,0,458996
0,37,32,0.5,-0.604025,180,0,0,459024
0,21,16,0.5,-0.60119,180,0,0,459041
0,22,15,0.5,-0.59822,180,0,0,459059
0,21,14,0.5,-0.595385,180,0,0,459069
0,19,14,0.5,-0.59282,180,0,0,459091
0,17,13,0.5,-0.590525,180,0,0,459103
0,18,13,0.5,-0.588095,180,0,0,459119
0,19,13,0.5,-0.58553,180,0,0,459135
0,21,14,0.5,-0.582695,180,0,0,459149
0,19,14,0.5,-0.58013,180,0,0,459164
0,17,14,0.5,-0.577835,180,0,0,459181
0,15,14,0.5,-0.57581,180,0,0,459200
0,16,15,0.5,-0.57365,180,0,0,459216
0,18,14,0.5,-0.57122,180,0,0,459232
0,20,15,0.5,-0.56852,180,0,0,459249
0,22,14,0.5,-0.56555,180,0,0,459267
0,49,23,0.5,-0.558935,180,0,0,459287
0,0,0,0.5,-0.558935,180,0,0,459295
0,23,10,0.5,-0.55583,180,0,0,459320
0,42,17,0.5,-0.55016,180,0,0,459338
0,20,9,0.5,-0.54746,180,0,0,459352
0,20,8,0.5,-0.54476,180,0,0,459370
0,42,19,0.5,-0.53909,180,0,0,459399
0,23,10,0.5,-0.535985,180,0,0,459414
0,26,11,0.5,-0.532475,180,0,0,459429
0,28,13,0.5,-0.528695,180,0,0,459449
0,0,0,0.5,-0.528695,180,0,0,459456
0,28,12,0.5,-0.524915,180,0,0,459471
0,28,12,0.5,-0.521135,180,0,0,459483
0,26,9,0.5,-0.517625,180,0,0,459499
0,28,10,0.5,-0.513845,180,0,0,459514
0,26,8,0.5,-0.510335,180,0,0,459530
0,28,8,0.5,-0.506555,180,0,0,459551
0,22,6,0.5,-0.503585,180,0,0,459567
0,18,4,0.5,-0.501155,180,0,0,459580
0,14,3,0.5,-0.499265,180,0,0,459597
0,12,3,0.5,-0.497645,180,0,0,459612
0,9,3,0.5,-0.49643,180,0,0,459629
0,7,2,0.5,-0.495485,180,0,0,459646
0,6,4,0.5,-0.494675,180,0,0,459662
0,17,11,0.5,-0.49238,180,0,0,459689
0,12,8,0.5,-0.49076,180,0,0,459698
0,0,0,0.5,-0.49076,180,0,0,459711
0,27,16,0.5,-0.487115,180,0,0,459733
0,18,7,0.5,-0.484685,180,0,0,459749
0,19,6,0.5,-0.48212,180,0,0,459768
0,20,7,0.5,-0.47942,180,0,0,459784
0,20,5,0.5,-0.47672,180,0,0,459798
0,24,5,0.5,-0.47348,180,0,0,459814
0,29,3,0.5,-0.469565,180,0,0,459830
0,30,3,0.5,-0.465515,180,0,0,459848
0,31,2,0.5,-0.46133,180,0,0,459868
0,31,2,0.5,-0.457145,180,0,0,459880
0,27,0,0.5,-0.4535,180,0,0,459895
0,22,0,0.5,-0.45053,180,0,0,459911
0,19,0,0.5,-0.447965,180,0,0,459929
0,14,-1,0.5,-0.446075,180,0,0,459948
0,11,-1,0.5,-0.44459,180,0,0,459968
0,7,-1,0.5,-0.443645,180,0,0,459980
0,7,-1,0.5,-0.4427,180,0,0,459996
0,9,0,0.5,-0.441485,180,0,0,460011
0,28,5,0.5,-0.437705,180,0,0,460035
0,21,4,0.5,-0.43487,180,0,0,460052
0,0,0,0.5,-0.43487,180,0,0,460063
0,24,4,0.5,-0.43163,180,0,0,460082
0,58,6,0.5,-0.4238,180,0,0,460102
0,32,1,0.5,-0.41948,180,0,0,460115
0,35,0,0.5,-0.414755,180,0,0,460129
0,33,0,0.5,-0.4103,180,0,0,460148
0,29,0,0.5,-0.406385,180,0,0,460163
0,23,0,0.5,-0.40328,180,0,0,460180
0,18,-1,0.5,-0.40085,180,0,0,460201
0,14,-3,0.5,-0.39896,180,0,0,460216
0,7,-2,0.5,-0.398015,180,0,0,460231
0,2,-4,0.5,-0.397745,180,0,0,460249
0,-1,-3,0.5,-0.39788,180,0,0,460266
0,-2,-1,0.5,-0.39815,180,0,0,460282
0,-1,0,0.5,-0.398285,180,0,0,460296
0,-4,0,0.5,-0.398825,180,0,0,460312
0,-5,1,0.5,-0.3995,180,0,0,460330
0,-6,1,0.5,-0.40031,180,0,0,460350
0,-10,0,0.5,-0.40166,180,0,0,460369
0,-12,0,0.5,-0.40328,180,0,0,460381
0,-9,0,0.5,-0.404495,180,0,0,460397
0,-7,0,0.5,-0.40544,180,0,0,460413
0,-3,0,0.5,-0.405845,180,0,0,460429
0,1,1,0.5,-0.40571,180,0,0,460447
0,12,0,0.5,-0.40409,180,0,0,460467
0,0,0,0.5,-0.40409,180,0,0,460479
0,9,0,0.5,-0.402875,180,0,0,460496
0,21,0,0.5,-0.40004,180,0,0,460512
0,13,0,0.5,-0.398285,180,0,0,460531
0,12,0,0.5,-0.396665,180,0,0,460547
0,13,0,0.5,-0.39491,180,0,0,460565
0,13,0,0.5,-0.393155,180,0,0,460579
0,15,1,0.5,-0.39113,180,0,0,460596
0,17,1,0.5,-0.388835,180,0,0,460613
0,18,1,0.5,-0.386405,180,0,0,460631
0,22,2,0.5,-0.383435,180,0,0,460650
0,23,2,0.5,-0.38033,180,0,0,460668
0,26,2,0.5,-0.37682,180,0,0,460682
0,28,2,0.5,-0.37304,180,0,0,460702
0,29,1,0.5,-0.369125,180,0,0,460720
0,31,1,0.5,-0.36494,180,0,0,460730
0,32,0,0.5,-0.36062,180,0,0,460746
0,33,0,0.5,-0.356165,180,0,0,460764
0,56,-2,0.5,-0.348605,180,0,0,460786
0,0,0,0.5,-0.348605,180,0,0,460797
0,21,-3,0.5,-0.34577,180,0,0,460814
0,17,-4,0.5,-0.343475,180,0,0,460831
0,18,-11,0.5,-0.341045,180,0,0,460855
0,0,0,0.5,-0.341045,180,0,0,460864
0,7,-9,0.5,-0.3401,180,0,0,460883
0,4,-2,0.5,-0.33956,180,0,0,460898
0,4,-1,0.5,-0.33902,180,0,0,460919
0,4,0,0.5,-0.33848,180,0,0,460932
0,2,0,0.5,-0.33821,180,0,0,460948
0,1,0,0.5,-0.338075,180,0,0,460964
0,2,1,0.5,-0.337805,180,0,0,460981
0,0,1,0.5,-0.337805,180,0,0,460998
0,0,0,0.5,-0.337805,180,0,0,461014
0,0,0,0.5,-0.337805,180,0,0,461030
0,-5,0,0.5,-0.33848,180,0,0,461047
0,-7,-2,0.5,-0.339425,180,0,0,461070
0,-9,-1,0.5,-0.34064,180,0,0,461081
0,-11,0,0.5,-0.342125,180,0,0,461097
0,-13,0,0.5,-0.34388,180,0,0,461115
0,-14,1,0.5,-0.34577,180,0,0,461133
0,-13,0,0.5,-0.347525,180,0,0,461152
0,-11,0,0.5,-0.34901,180,0,0,461167
0,-7,0,0.5,-0.349955,180,0,0,461182
0,-6,-2,0.5,-0.350765,180,0,0,461200
0,-5,-6,0.5,-0.35144,180,0,0,461220
0,-1,-3,0.5,-0.351575,180,0,0,461234
0,0,-2,0.5,-0.351575,180,0,31,461248
0,0,0,0.5,-0.351575,180,0,31,461264
0,3,0,0.5,-0.35117,180,0,31,461281
0,2,0,0.5,-0.3509,180,0,31,461300
0,3,2,0.5,-0.350495,180,0,31,461319
0,6,2,0.5,-0.349685,180,0,31,461332
0,7,2,0.5,-0.34874,180,0,31,461348
0,10,1,0.5,-0.34739,180,0,31,461369
0,12,1,0.5,-0.34577,180,0,31,461382
0,11,1,0.5,-0.344285,180,0,31,461400
0,11,1,0.5,-0.3428,180,0,31,461415
0,9,2,0.5,-0.341585,180,0,31,461432
0,8,3,0.5,-0.340505,180,0,31,461449
0,9,4,0.5,-0.33929,180,0,31,461469
0,12,5,0.5,-0.33767,180,0,31,461483
0,15,5,0.5,-0.335645,180,0,31,461504
0,17,5,0.5,-0.33335,180,0,31,461522
0,17,5,0.5,-0.331055,180,0,31,461533
0,15,5,0.5,-0.32903,180,0,31,461550
0,14,5,0.5,-0.32714,180,0,31,461570
0,29,10,0.5,-0.323225,180,0,31,461592
0,0,0,0.5,-0.323225,180,0,31,461600
0,37,10,0.5,-0.31823,180,0,31,461622
0,23,5,0.5,-0.315125,180,0,31,461634
0,25,6,0.5,-0.31175,180,0,31,461651
0,26,5,0.5,-0.30824,180,0,31,461667
0,28,6,0.5,-0.30446,180,0,31,461684
0,27,5,0.5,-0.300815,180,0,31,461706
0,25,3,0.5,-0.29744,180,0,31,461717
0,21,1,0.5,-0.294605,180,0,31,461732
0,19,0,0.5,-0.29204,180,0,31,461750
0,18,-2,0.5,-0.28961,180,0,31,461770
0,19,-2,0.5,-0.287045,180,0,31,461786
0,20,-3,0.5,-0.284345,180,0,31,461802
0,18,-3,0.5,-0.281915,180,0,31,461817
0,15,-4,0.5,-0.27989,180,0,31,461833
0,10,-3,0.5,-0.27854,180,0,31,461853
0,8,-3,0.5,-0.27746,180,0,31,461868
0,5,-2,0.5,-0.276785,180,0,31,461889
0,4,-3,0.5,-0.276245,180,0,31,461903
0,4,-3,0.5,-0.275705,180,0,31,461917
0,1,-2,0.5,-0.27557,180,0,31,461933
0,-1,-3,0.5,-0.275705,180,0,31,461950
0,-3,-2,0.5,-0.27611,180,0,31,461970
0,-2,-1,0.5,-0.27638,180,0,31,461985
0,0,0,0.5,-0.27638,180,0,31,461999
0,3,0,0.5,-0.275975,180,0,31,462015
0,17,3,0.5,-0.27368,180,0,31,462038
0,12,3,0.5,-0.27206,180,0,31,462051
0,13,4,0.5,-0.270305,180,0,31,462071
0,12,5,0.5,-0.268685,180,0,31,462085
0,10,7,0.5,-0.267335,180,0,31,462104
0,9,8,0.5,-0.26612,180,0,31,462120
0,11,8,0.5,-0.264635,180,0,31,462138
0,14,8,0.5,-0.262745,180,0,31,462153
0,19,8,0.5,-0.26018,180,0,31,462173
0,23,7,0.5,-0.257075,180,0,31,462186
0,23,6,0.5,-0.25397,180,0,31,462201
0,24,5,0.5,-0.25073,180,0,31,462218
0,24,4,0.5,-0.24749,180,0,31,462236
0,24,4,0.5,-0.24425,180,0,31,462253
0,24,3,0.5,-0.24101,180,0,31,462268
0,25,3,0.5,-0.237635,180,0,31,462284
0,26,2,0.5,-0.234125,180,0,31,462301
0,49,1,0.5,-0.22751,180,0,31,462321
0,0,0,0.5,-0.22751,180,0,31,462334
0,19,0,0.5,-0.224945,180,0,31,462350
0,17,0,0.5,-0.22265,180,0,31,462367
0,16,0,0.5,-0.22049,180,0,31,462384
0,15,0,0.5,-0.218465,180,0,31,462401
0,35,1,0.5,-0.21374,180,0,31,462418
0,18,0,0.5,-0.21131,180,0,31,462434
0,16,0,0.5,-0.20915,180,0,31,462450
0,15,-1,0.5,-0.207125,180,0,31,462469
0,15,-1,0.5,-0.2051,180,0,31,462488
0,14,-2,0.5,-0.20321,180,0,31,462503
0,15,-3,0.5,-0.201185,180,0,31,462524
0,16,-4,0.5,-0.199025,180,0,31,462535
0,15,-4,0.5,-0.197,180,0,31,462553
0,18,-5,0.5,-0.19457,180,0,31,462571
0,17,-5,0.5,-0.192275,180,0,31,462586
0,29,-10,0.5,-0.18836,180,0,31,462612
0,0,0,0.5,-0.18836,180,0,31,462621
0,8,-6,0.5,-0.18728,180,0,31,462636
0,6,-7,0.5,-0.18647,180,0,31,462653
0,5,-7,0.5,-0.185795,180,0,31,462669
0,5,-6,0.5,-0.18512,180,0,31,462689
0,7,-5,0.5,-0.184175,180,0,31,462702
0,10,-4,0.5,-0.182825,180,0,31,462719
0,13,-4,0.5,-0.18107,180,0,31,462738
0,13,-3,0.5,-0.179315,180,0,31,462753
0,14,-4,0.5,-0.177425,180,0,31,462770
0,14,-4,0.5,-0.175535,180,0,31,462786
0,28,-8,0.5,-0.171755,180,0,31,462808
0,13,-6,0.5,-0.17,180,0,31,462821
0,12,-6,0.5,-0.16838,180,0,31,462838
0,9,-7,0.5,-0.167165,180,0,31,462852
0,8,-8,0.5,-0.166085,180,0,31,462870
0,7,-9,0.5,-0.16514,180,0,31,462892
0,9,-9,0.5,-0.163925,180,0,31,462905
0,5,-11,0.5,-0.16325,180,0,31,462922
0,3,-12,0.5,-0.162845,180,0,31,462940
0,0,-13,0.5,-0.162845,180,0,31,462960
0,0,-13,0.5,-0.162845,180,0,31,462972
0,0,-12,0.5,-0.162845,180,0,31,462990
0,3,-12,0.5,-0.16244,180,0,31,463005
0,6,-12,0.5,-0.16163,180,0,31,463024
0,7,-11,0.5,-0.160685,180,0,31,463039
0,6,-11,0.5,-0.159875,180,0,31,463055
0,4,-10,0.5,-0.159335,180,0,31,463071
0,3,-10,0.5,-0.15893,180,0,31,463088
0,4,-9,0.5,-0.15839,180,0,31,463105
0,5,-8,0.5,-0.157715,180,0,31,463124
0,13,-14,0.5,-0.15596,180,0,31,463140
0,0,0,0.5,-0.15596,180,0,31,463152
0,10,-5,0.5,-0.15461,180,0,31,463170
0,21,-5,0.5,-0.151775,180,0,31,463193
0,8,-1,0.5,-0.150695,180,0,31,463208
0,5,-1,0.5,-0.15002,180,0,31,463218
0,4,-1,0.5,-0.14948,180,0,31,463237
0,6,-2,0.5,-0.14867,180,0,31,463254
0,4,-2,0.5,-0.14813,180,0,31,463271
0,3,-3,0.5,-0.147725,180,0,31,463288
0,0,-3,0.5,-0.147725,180,0,31,463302
0,-3,-3,0.5,-0.14813,180,0,31,463320
0,-3,-2,0.5,-0.148535,180,0,31,463340
0,-3,-1,0.5,-0.14894,180,0,31,463352
0,-6,0,0.5,-0.14975,180,0,31,463368
0,-3,1,0.5,-0.150155,180,0,31,463386
0,-2,0,0.5,-0.150425,180,0,0,463402
0,-4,0,0.5,-0.150965,180,0,0,463419
0,-5,-2,0.5,-0.15164,180,0,0,463437
0,-4,-3,0.5,-0.15218,180,0,0,463457
0,-1,-3,0.5,-0.152315,180,0,0,463472
0,4,-6,0.5,-0.151775,180,0,0,463499
0,7,-1,0.5,-0.15083,180,0,0,463513
0,8,0,0.5,-0.14975,180,0,0,463528
0,0,0,0.5,-0.14975,180,0,0,463536
0,7,0,0.5,-0.148805,180,0,0,463552
0,22,3,0.5,-0.145835,180,0,0,463574
0,15,4,0.5,-0.14381,180,0,0,463589
0,17,4,0.5,-0.141515,180,0,0,463608
0,20,5,0.5,-0.138815,180,0,0,463628
0,21,5,0.5,-0.13598,180,0,0,463639
0,19,4,0.5,-0.133415,180,0,0,463654
0,16,3,0.5,-0.131255,180,0,0,463669
0,14,3,0.5,-0.129365,180,0,0,463689
0,11,2,0.5,-0.12788,180,0,0,463703
0,7,1,0.5,-0.126935,180,0,0,463723
0,6,1,0.5,-0.126125,180,0,0,463739
0,1,0,0.5,-0.12599,180,0,0,463753
0,-1,1,0.5,-0.126125,180,0,0,463770
0,0,0,0.5,-0.126125,180,0,0,463786
0,0,0,0.5,-0.126125,180,0,0,463803
0,3,0,0.5,-0.12572,180,0,0,463820
0,10,0,0.5,-0.12437,180,0,0,463837
0,32,0,0.5,-0.12005,180,0,0,463856
0,0,0,0.5,-0.12005,180,0,0,463871
0,18,0,0.5,-0.11762,180,0,0,463889
0,19,-1,0.5,-0.115055,180,0,0,463903
0,21,-3,0.5,-0.11222,180,0,0,463922
0,22,-3,0.5,-0.10925,180,0,0,463942
0,53,-6,0.5,-0.102095,180,0,0,463958
0,29,-3,0.5,-0.09818,180,0,0,463972
0,25,-4,0.5,-0.094805,180,0,0,463990
0,22,-4,0.5,-0.091835,180,0,0,464008
0,17,-4,0.5,-0.08954,180,0,0,464026
0,13,-3,0.5,-0.087785,180,0,0,464039
0,9,-2,0.5,-0.08657,180,0,0,464055
0,7,-2,0.5,-0.085625,180,0,0,464071
0,5,-2,0.5,-0.08495,180,0,0,464088
0,2,-3,0.5,-0.08468,180,0,0,464107
0,3,-2,0.5,-0.084275,180,0,0,464122
0,2,-2,0.5,-0.084005,180,0,0,464140
0,5,-2,0.5,-0.08333,180,0,0,464154
0,8,-2,0.5,-0.08225,180,0,0,464173
0,10,-3,0.5,-0.0809,180,0,0,464190
0,11,-3,0.5,-0.079415,180,0,0,464206
0,11,-3,0.5,-0.07793,180,0,0,464223
0,13,-6,0.5,-0.076175,180,0,0,464243
0,0,0,0.5,-0.076175,180,0,0,464257
0,3,-4,0.5,-0.07577,180,0,0,464272
0,3,-6,0.5,-0.075365,180,0,0,464295
0,1,-2,0.5,-0.07523,180,0,0,464310
0,1,-2,0.5,-0.075095,180,0,0,464322
0,1,-2,0.5,-0.07496,180,0,0,464338
0,0,-3,0.5,-0.07496,180,0,0,464359
0,0,-2,0.5,-0.07496,180,0,0,464373
0,3,-2,0.5,-0.074555,180,0,0,464392
0,3,-3,0.5,-0.07415,180,0,0,464406
0,2,-2,0.5,-0.07388,180,0,0,464421
0,1,-2,0.5,-0.073745,180,0,0,464439
0,0,-3,0.5,-0.073745,180,0,0,464456
0,-5,-4,0.5,-0.07442,180,0,0,464478
0,-8,-5,0.5,-0.0755,180,0,0,464489
0,-14,-5,0.5,-0.07739,180,0,0,464506
0,-17,-5,0.5,-0.079685,180,0,0,464523
0,-16,-4,0.5,-0.081845,180,0,0,464540
0,-17,-3,0.5,-0.08414,180,0,0,464557
0,-15,-3,0.5,-0.086165,180,0,0,464577
0,-15,-3,0.5,-0.08819,180,0,0,464592
0,-14,-2,0.5,-0.09008,180,0,0,464607
0,-14,-3,0.5,-0.09197,180,0,0,464622
0,-12,-3,0.5,-0.09359,180,0,0,464638
0,-8,-2,0.5,-0.09467,180,0,0,464655
0,-3,-1,0.5,-0.095075,180,0,0,464671
0,1,-4,0.5,-0.09494,180,0,0,464692
0,0,-2,0.5,-0.09494,180,0,0,464706
0,-1,-1,0.5,-0.095075,180,0,0,464722
0,3,-1,0.5,-0.09467,180,0,0,464740
0,6,0,0.5,-0.09386,180,0,0,464754
0,6,-1,0.5,-0.09305,180,0,0,464772
0,5,-2,0.5,-0.092375,180,0,0,464790
0,5,-2,0.5,-0.0917,180,0,0,464807
0,6,-3,0.5,-0.09089,180,0,0,464829
0,7,-3,0.5,-0.089945,180,0,0,464841
0,10,-5,0.5,-0.088595,180,0,0,464856
0,10,-6,0.5,-0.087245,180,0,0,464877
0,9,-8,0.5,-0.08603,180,0,0,464891
0,8,-9,0.5,-0.08495,180,0,0,464912
0,5,-9,0.5,-0.084275,180,0,0,464930
0,3,-10,0.5,-0.08387,180,0,0,464945
0,0,-9,0.5,-0.08387,180,0,0,464961
0,3,-9,0.5,-0.083465,180,0,0,464976
0,3,-9,0.5,-0.08306,180,0,0,464991
0,1,-8,0.5,-0.082925,180,0,0,465009
0,-1,-7,0.5,-0.08306,180,0,0,465024
0,-3,-7,0.5,-0.083465,180,0,0,465042
0,-7,-7,0.5,-0.08441,180,0,0,465065
0,-1,-14,0.5,-0.084545,180,0,0,465079
0,3,-9,0.5,-0.08414,180,0,0,465094
0,4,-8,0.5,-0.0836,180,0,0,465110
0,5,-10,0.5,-0.082925,180,0,0,465128
0,2,-10,0.5,-0.082655,180,0,0,465147
0,-1,-9,0.5,-0.08279,180,0,0,465161
0,0,-9,0.5,-0.08279,180,0,0,465178
0,4,-8,0.5,-0.08225,180,0,0,465193
0,4,-7,0.5,-0.08171,180,0,0,465210
0,3,-7,0.5,-0.081305,180,0,0,465229
0,3,-6,0.5,-0.0809,180,0,0,465241
0,4,-6,0.5,-0.08036,180,0,0,465258
0,4,-6,0.5,-0.07982,180,0,0,465278
0,4,-6,0.5,-0.07928,180,0,0,465291
0,3,-7,0.5,-0.078875,180,0,0,465309
0,4,-8,0.5,-0.078335,180,0,0,465325
0,5,-9,0.5,-0.07766,180,0,0,465346
0,2,-10,0.5,-0.07739,180,0,0,465363
0,1,-10,0.5,-0.077255,180,0,0,465377
0,15,-12,0.5,-0.07523,180,0,0,465397
0,13,-11,0.5,-0.073475,180,0,0,465413
0,0,-1,0.5,-0.073475,180,0,0,465423
0,18,-6,0.5,-0.071045,180,0,0,465442
0,18,-6,0.5,-0.068615,180,0,0,465458
0,18,-6,0.5,-0.066185,180,0,0,465475
0,28,-18,0.5,-0.062405,180,0,0,465501
0,6,-11,0.5,-0.061595,180,0,0,465511
0,4,-9,0.5,-0.061055,180,0,0,465528
0,4,-9,0.5,-0.060515,180,0,0,465542
0,1,-8,0.5,-0.06038,180,0,0,465560
0,-2,-9,0.5,-0.06065,180,0,0,465576
0,-4,-10,0.5,-0.06119,180,0,0,465595
0,-5,-10,0.5,-0.061865,180,0,0,465617
0,-7,-11,0.5,-0.06281,180,0,0,465634
0,-10,-11,0.5,-0.06416,180,0,0,465645
0,-11,-12,0.5,-0.065645,180,0,0,465663
0,-12,-13,0.5,-0.067265,180,0,0,465683
0,-10,-12,0.5,-0.068615,180,0,0,465700
0,-8,-11,0.5,-0.069695,180,0,0,465711
0,-9,-10,0.5,-0.07091,180,0,0,465725
0,-9,-10,0.5,-0.072125,180,0,0,465745
0,-9,-8,0.5,-0.07334,180,0,0,465760
0,-7,-8,0.5,-0.074285,180,0,0,465780
0,-6,-8,0.5,-0.075095,180,0,0,465793
0,-7,-19,0.5,-0.07604,180,0,0,465822
0,-5,-8,0.5,-0.076715,180,0,0,465831
0,-6,-7,0.5,-0.077525,180,0,0,465844
0,-5,-6,0.5,-0.0782,180,0,0,465863
0,-2,-4,0.5,-0.07847,180,0,0,465876
0,-2,-3,0.5,-0.07874,180,0,0,465892
0,-1,-2,0.5,-0.078875,180,0,0,465908
0,-2,-1,0.5,-0.079145,180,0,0,465924
0,0,0,0.5,-0.079145,180,0,0,465941
0,-6,3,0.5,-0.079955,180,0,0,465961
0,-5,3,0.5,-0.08063,180,0,0,465975
0,-4,4,0.5,-0.08117,180,0,0,465991
0,-4,4,0.5,-0.08171,180,0,0,466008
0,0,4,0.5,-0.08171,180,0,0,466025
0,0,2,0.5,-0.08171,180,0,0,466043
0,0,0,0.5,-0.08171,180,0,0,466057
0,-2,-2,0.5,-0.08198,180,0,0,466075
0,-3,-3,0.5,-0.082385,180,0,0,466095
0,-3,-5,0.5,-0.08279,180,0,0,466110
0,-2,-5,0.5,-0.08306,180,0,0,466129
0,1,-5,0.5,-0.082925,180,0,0,466145
0,12,-7,0.5,-0.081305,180,0,0,466168
0,9,-2,0.5,-0.08009,180,0,0,466179
0,10,0,0.5,-0.07874,180,0,0,466191
0,0,0,0.5,-0.07874,180,0,0,466208
0,18,0,0.5,-0.07631,180,0,0,466225
0,8,0,0.5,-0.07523,180,0,0,466240
0,10,1,0.5,-0.07388,180,0,0,466259
0,11,2,0.5,-0.072395,180,0,0,466276
0,11,1,0.5,-0.07091,180,0,0,466292
0,12,1,0.5,-0.06929,180,0,0,466308
0,9,0,0.5,-0.068075,180,0,0,466325
0,8,0,0.5,-0.066995,180,0,0,466341
0,8,0,0.5,-0.065915,180,0,0,466358
0,7,-1,0.5,-0.06497,180,0,0,466375
0,5,-1,0.5,-0.064295,180,0,0,466396
0,5,-2,0.5,-0.06362,180,0,0,466409
0,5,-2,0.5,-0.062945,180,0,0,466425
0,5,-2,0.5,-0.06227,180,0,0,466442
0,8,-3,0.5,-0.06119,180,0,0,466462
0,10,-3,0.5,-0.05984,180,0,0,466478
0,34,-5,0.5,-0.05525,180,0,0,466499
0,0,0,0.5,-0.05525,180,0,0,466509
0,23,-2,0.5,-0.052145,180,0,0,466525
0,26,0,0.5,-0.048635,180,0,0,466545
0,29,0,0.5,-0.04472,180,0,0,466558
0,29,0,0.5,-0.040805,180,0,0,466576
0,60,0,0.5,-0.032705,180,0,0,466594
0,29,0,0.5,-0.02879,180,0,0,466615
0,27,0,0.5,-0.025145,180,0,0,466627
0,24,0,0.5,-0.021905,180,0,0,466641
0,22,0,0.5,-0.018935,180,0,0,466658
0,19,1,0.5,-0.01637,180,0,0,466677
0,15,2,0.5,-0.014345,180,0,0,466693
0,13,2,0.5,-0.01259,180,0,0,466708
0,10,2,0.5,-0.01124,180,0,0,466726
0,7,1,0.5,-0.010295,180,0,0,466744
0,4,1,0.5,-0.009755,180,0,0,466761
0,5,1,0.5,-0.00908,180,0,0,466776
0,6,0,0.5,-0.00827,180,0,0,466793
0,9,0,0.5,-0.007055,180,0,0,466810
0,14,0,0.5,-0.005165,180,0,0,466826
0,19,0,0.5,-0.0026,180,0,0,466843
0,23,0,0.5,0.000505,180,0,0,466859
0,26,0,0.5,0.004015,180,0,0,466877
0,30,0,0.5,0.008065,180,0,0,466895
0,30,0,0.5,0.012115,180,0,0,466909
0,29,0,0.5,0.01603,180,0,0,466925
0,44,-1,0.5,0.02197,180,0,0,466943
0,22,0,0.5,0.02494,180,0,0,466959
0,23,0,0.5,0.028045,180,0,0,466976
0,26,0,0.5,0.031555,180,0,0,466998
0,28,1,0.5,0.035335,180,0,0,467009
0,29,1,0.5,0.03925,180,0,0,467026
0,27,2,0.5,0.042895,180,0,0,467046
0,24,3,0.5,0.046135,180,0,0,467061
0,22,3,0.5,0.049105,180,0,0,467077
0,20,3,0.5,0.051805,180,0,0,467098
0,17,2,0.5,0.0541,180,0,0,467112
0,14,2,0.5,0.05599,180,0,0,467128
0,12,1,0.5,0.05761,180,0,0,467143
0,10,0,0.5,0.05896,180,0,0,467160
0,11,0,0.5,0.060445,180,0,0,467182
0,11,-1,0.5,0.06193,180,0,0,467194
0,13,-2,0.5,0.063685,180,0,0,467209
0,13,-2,0.5,0.06544,180,0,0,467231
0,17,-2,0.5,0.067735,180,0,0,467246
0,16,-2,0.5,0.069895,180,0,0,467261
0,16,-3,0.5,0.072055,180,0,0,467280
0,29,-8,0.5,0.07597,180,0,0,467301
0,0,0,0.5,0.07597,180,0,0,467309
0,14,-5,0.5,0.07786,180,0,0,467328
0,14,-4,0.5,0.07975,180,0,0,467345
0,36,-7,0.5,0.08461,180,0,0,467367
0,24,-1,0.5,0.08785,180,0,0,467380
0,26,0,0.5,0.09136,180,0,0,467393
0,33,0,0.5,0.095815,180,0,0,467410
0,34,0,0.5,0.100405,180,0,0,467428
0,35,0,0.5,0.10513,180,0,0,467444
0,34,1,0.5,0.10972,180,0,0,467464
0,33,1,0.5,0.114175,180,0,0,467477
0,30,1,0.5,0.118225,180,0,0,467493
0,26,0,0.5,0.121735,180,0,0,467511
0,27,0,0.5,0.12538,180,0,31,467527
0,24,-1,0.5,0.12862,180,0,31,467544
0,23,-3,0.5,0.131725,180,0,31,467567
0,39,-9,0.5,0.13699,180,0,0,467589
0,0,0,0.5,0.13699,180,0,0,467595
0,17,-6,0.5,0.139285,180,0,0,467612
0,16,-6,0.5,0.141445,180,0,0,467634
0,19,-6,0.5,0.14401,180,0,0,467646
0,20,-5,0.5,0.14671,180,0,31,467668
0,24,-4,0.5,0.14995,180,0,31,467678
0,28,-2,0.5,0.15373,180,0,31,467698
0,62,-4,0.5,0.1621,180,0,0,467715
0,32,-2,0.5,0.16642,180,0,0,467732
0,30,-1,0.5,0.17047,180,0,0,467746
0,29,-2,0.5,0.174385,180,0,0,467762
0,26,-2,0.5,0.177895,180,0,0,467780
0,24,-2,0.5,0.181135,180,0,0,467799
0,21,-3,0.5,0.18397,180,0,0,467813
0,20,-3,0.5,0.18667,180,0,31,467833
0,17,-4,0.5,0.188965,180,0,31,467848
0,14,-7,0.5,0.190855,180,0,31,467863
0,11,-8,0.5,0.19234,180,0,0,467881
0,9,-9,0.5,0.193555,180,0,0,467897
0,10,-10,0.5,0.194905,180,0,0,467917
0,12,-10,0.5,0.196525,180,0,0,467935
0,15,-9,0.5,0.19855,180,0,0,467948
0,20,-9,0.5,0.20125,180,0,0,467963
0,23,-7,0.5,0.204355,180,0,0,467981
0,26,-6,0.5,0.207865,180,0,0,467998
0,30,-5,0.5,0.211915,180,0,0,468014
0,32,-4,0.5,0.216235,180,0,0,468031
0,32,-3,0.5,0.220555,180,0,0,468048
0,32,-3,0.5,0.224875,180,0,0,468066
0,31,-3,0.5,0.22906,180,0,0,468079
0,28,-3,0.5,0.23284,180,0,0,468097
0,25,-4,0.5,0.236215,180,0,0,468119
0,36,-15,0.5,0.241075,180,0,0,468138
0,10,-9,0.5,0.242425,180,0,0,468151
0,7,-11,0.5,0.24337,180,0,0,468165
0,5,-10,0.5,0.244045,180,0,31,468188
0,7,-9,0.5,0.24499,180,0,31,468202
0,9,-7,0.5,0.246205,180,0,0,468219
0,13,-6,0.5,0.24796,180,0,0,468230
0,17,-5,0.5,0.250255,180,0,0,468250
0,21,-4,0.5,0.25309,180,0,0,468267
0,23,-4,0.5,0.256195,180,0,0,468280
0,25,-4,0.5,0.25957,180,0,0,468297
0,25,-4,0.5,0.262945,180,0,0,468319
0,26,-4,0.5,0.266455,180,0,0,468330
0,25,-4,0.5,0.26983,180,0,0,468346
0,23,-4,0.5,0.272935,180,0,0,468363
0,24,-5,0.5,0.276175,180,0,0,468380
0,50,-14,0.5,0.282925,180,1,31,468405
0,0,0,0.5,0.282925,180,1,31,468412
0,25,-9,0.5,0.2863,180,1,31,468437
0,23,-12,0.5,0.289405,180,0,0,468451
0,16,-13,0.5,0.291565,180,0,0,468470
0,23,-30,0.5,0.29467,180,0,0,468491
0,10,-16,0.5,0.29602,180,0,0,468511
0,12,-14,0.5,0.29764,180,0,0,468529
0,14,-13,0.5,0.29953,180,0,31,468543
0,16,-13,0.5,0.30169,180,0,31,468555
0,16,-11,0.5,0.30385,180,0,31,468569
0,14,-10,0.5,0.30574,180,0,31,468584
0,13,-10,0.5,0.307495,180,0,31,468602
0,10,-8,0.5,0.308845,180,0,31,468614
0,9,-8,0.5,0.31006,180,0,31,468631
0,4,-7,0.5,0.3106,180,0,0,468651
0,0,-5,0.5,0.3106,180,0,0,468667
0,-4,-4,0.5,0.31006,180,0,0,468681
0,-6,-4,0.5,0.30925,180,0,0,468700
0,-6,-2,0.5,0.30844,180,0,0,468713
0,-7,-1,0.5,0.307495,180,0,0,468729
0,-5,0,0.5,0.30682,180,0,0,468747
0,-4,0,0.5,0.30628,180,0,0,468768
0,-1,0,0.5,0.306145,180,0,0,468780
0,0,0,0.5,0.306145,180,0,0,468796
0,0,0,0.5,0.306145,180,0,0,468812
0,5,0,0.5,0.30682,180,0,31,468829
0,5,-1,0.5,0.307495,180,0,31,468847
0,11,-3,0.5,0.30898,180,0,0,468868
0,6,-3,0.5,0.30979,180,0,0,468880
0,5,-4,0.5,0.310465,180,0,0,468898
0,4,-5,0.5,0.311005,180,0,0,468921
0,6,-5,0.5,0.311815,180,0,31,468934
0,6,-5,0.5,0.312625,180,0,31,468948
0,7,-5,0.5,0.31357,180,0,31,468965
0,6,-5,0.5,0.31438,180,0,0,468982
0,5,-5,0.5,0.315055,180,0,0,469001
0,3,-4,0.5,0.31546,180,0,0,469018
0,2,-3,0.5,0.31573,180,0,0,469032
0,1,-3,0.5,0.315865,180,0,0,469047
0,1,-2,0.5,0.316,180,0,31,469063
0,0,-2,0.5,0.316,180,0,31,469081
0,0,-1,0.5,0.316,180,0,0,469099
0,-1,-1,0.5,0.315865,180,0,0,469113
0,-1,0,0.5,0.31573,180,0,0,469132
0,0,0,0.5,0.31573,180,0,0,469147
0,-3,0,0.5,0.315325,180,0,0,469163
0,0,1,0.5,0.315325,180,0,31,469180
0,2,1,0.5,0.315595,180,0,31,469198
0,2,1,0.5,0.315865,180,0,0,469214
0,5,0,0.5,0.31654,180,0,0,469234
0,1,0,0.5,0.316675,180,0,0,469250
0,0,0,0.5,0.316675,180,0,0,469263
0,-3,0,0.5,0.31627,180,0,0,469280
0,-3,-1,0.5,0.315865,180,0,0,469299
0,-2,-3,0.5,0.315595,180,0,31,469316
0,0,-4,0.5,0.315595,180,0,0,469332
0,2,-4,0.5,0.315865,180,0,0,469352
0,3,-3,0.5,0.31627,180,0,0,469365
0,5,-3,0.5,0.316945,180,0,0,469382
0,6,-3,0.5,0.317755,180,0,0,469398
0,8,-3,0.5,0.318835,180,0,0,469418
0,10,-3,0.5,0.320185,180,0,31,469435
0,10,-3,0.5,0.321535,180,0,31,469450
0,10,-3,0.5,0.322885,180,0,31,469468
0,10,-3,0.5,0.324235,180,0,0,469484
0,8,-3,0.5,0.325315,180,0,0,469497
0,7,-3,0.5,0.32626,180,0,0,469518
0,7,-3,0.5,0.327205,180,0,0,469534
0,7,-3,0.5,0.32815,180,0,31,469549
0,15,-5,0.5,0.330175,180,0,31,469576
0,5,-2,0.5,0.33085,180,0,31,469588
0,0,0,0.5,0.33085,180,0,0,469598
0,5,-2,0.5,0.331525,180,0,0,469615
0,5,-5,0.5,0.3322,180,0,0,469636
0,3,-2,0.5,0.332605,180,0,0,469650
0,4,-2,0.5,0.333145,180,0,31,469667
0,3,-2,0.5,0.33355,180,0,31,469681
0,2,-1,0.5,0.33382,180,0,31,469698
0,2,-1,0.5,0.33409,180,0,0,469716
0,0,-1,0.5,0.33409,180,0,0,469732
0,-1,-1,0.5,0.333955,180,0,0,469748
0,0,0,0.5,0.333955,180,0,0,469764
0,0,0,0.5,0.333955,180,0,0,469781
0,1,0,0.5,0.33409,180,0,31,469798
0,2,0,0.5,0.33436,180,0,31,469814
0,1,0,0.5,0.334495,180,0,0,469831
0,2,-1,0.5,0.334765,180,0,0,469848
0,1,-1,0.5,0.3349,180,0,0,469866
0,2,0,0.5,0.33517,180,0,0,469882
0,3,-1,0.5,0.335575,180,0,0,469900
0,4,-1,0.5,0.336115,180,0,31,469920
0,4,0,0.5,0.336655,180,0,31,469933
0,4,-1,0.5,0.337195,180,0,31,469949
0,2,-1,0.5,0.337465,180,0,0,469966
0,6,-2,0.5,0.338275,180,0,0,469988
0,4,0,0.5,0.338815,180,0,0,470005
0,4,0,0.5,0.339355,180,0,0,470019
0,0,0,0.5,0.339355,180,0,31,470031
0,9,0,0.5,0.34057,180,0,31,470050
0,4,0,0.5,0.34111,180,0,31,470065
0,2,0,0.5,0.34138,180,0,0,470085
0,0,0,0.5,0.34138,180,0,0,470098
0,0,0,0.5,0.34138,180,0,0,470116
0,-1,0,0.5,0.341245,180,0,0,470135
0,-4,0,0.5,0.340705,180,0,0,470150
0,-2,-1,0.5,0.340435,180,0,31,470165
0,0,-2,0.5,0.340435,180,0,31,470183
0,2,-2,0.5,0.340705,180,0,31,470199
0,4,-2,0.5,0.341245,180,0,0,470216
0,7,-2,0.5,0.34219,180,0,0,470232
0,8,-2,0.5,0.34327,180,0,0,470252
0,10,-3,0.5,0.34462,180,0,0,470268
0,11,-2,0.5,0.346105,180,0,0,470284
0,12,-3,0.5,0.347725,180,0,31,470306
0,13,-3,0.5,0.34948,180,0,31,470317
0,14,-4,0.5,0.35137,180,0,0,470335
0,13,-4,0.5,0.353125,180,0,0,470350
0,15,-5,0.5,0.35515,180,0,0,470368
0,26,-8,0.5,0.35866,180,0,0,470389
0,0,0,0.5,0.35866,180,0,0,470399
0,25,-6,0.5,0.362035,180,0,31,470419
0,11,-2,0.5,0.36352,180,0,31,470434
0,11,-2,0.5,0.365005,180,0,31,470449
0,11,-1,0.5,0.36649,180,0,0,470471
0,10,-1,0.5,0.36784,180,0,0,470484
0,10,-1,0.5,0.36919,180,0,0,470499
0,9,0,0.5,0.370405,180,0,0,470518
0,10,0,0.5,0.371755,180,0,0,470534
0,9,0,0.5,0.37297,180,0,31,470550
0,7,0,0.5,0.373915,180,0,31,470565
0,4,0,0.5,0.374455,180,0,31,470586
0,1,0,0.5,0.37459,180,0,0,470604
0,0,1,0.5,0.37459,180,0,0,470618
0,1,1,0.5,0.374725,180,0,0,470634
0,2,0,0.5,0.374995,180,0,0,470650
0,4,0,0.5,0.375535,180,0,31,470667
0,6,0,0.5,0.376345,180,0,31,470685
0,8,0,0.5,0.377425,180,0,31,470699
0,8,-1,0.5,0.378505,180,0,31,470719
0,9,-1,0.5,0.37972,180,0,0,470734
0,11,-2,0.5,0.381205,180,0,0,470751
0,25,-2,0.5,0.38458,180,0,0,470768
0,16,-1,0.5,0.38674,180,0,0,470787
0,14,-1,0.5,0.38863,180,0,0,470801
0,13,-1,0.5,0.390385,180,0,31,470818
0,13,-1,0.5,0.39214,180,0,31,470833
0,10,0,0.5,0.39349,180,0,31,470849
0,12,0,0.5,0.39511,180,0,0,470870
0,14,0,0.5,0.397,180,0,0,470883
0,16,1,0.5,0.39916,180,0,0,470901
0,17,1,0.5,0.401455,180,0,0,470918
0,18,2,0.5,0.403885,180,0,0,470936
0,18,1,0.5,0.406315,180,0,31,470954
0,18,1,0.5,0.408745,180,0,31,470968
0,13,1,0.5,0.4105,180,0,31,470983
0,11,1,0.5,0.411985,180,0,31,471003
0,7,0,0.5,0.41293,180,0,0,471019
0,4,0,0.5,0.41347,180,0,0,471038
0,3,0,0.5,0.413875,180,0,0,471050
0,4,0,0.5,0.414415,180,0,0,471066
0,5,0,0.5,0.41509,180,0,31,471085
0,7,0,0.5,0.416035,180,0,31,471101
0,7,0,0.5,0.41698,180,0,31,471118
0,4,0,0.5,0.41752,180,0,31,471134
0,1,0,0.5,0.417655,180,0,31,471150
0,-4,-2,0.5,0.417115,180,0,0,471168
0,-4,-1,0.5,0.416575,180,0,0,471185
0,-3,-1,0.5,0.41617,180,0,0,471201
0,0,-2,0.5,0.41617,180,0,31,471220
0,1,-2,0.5,0.416305,180,0,31,471238
0,2,-2,0.5,0.416575,180,0,31,471252
0,0,-2,0.5,0.416575,180,0,31,471268
0,0,0,0.5,0.416575,180,0,0,471284
0,-3,0,0.5,0.41617,180,0,0,471302
0,-6,0,0.5,0.41536,180,0,0,471321
0,-9,0,0.5,0.414145,180,0,0,471337
0,-9,1,0.5,0.41293,180,0,0,471352
0,-9,1,0.5,0.411715,180,0,0,471368
0,-7,1,0.5,0.41077,180,0,0,471384
0,-3,0,0.5,0.410365,180,0,31,471401
0,-2,1,0.5,0.410095,180,0,31,471421
0,-2,1,0.5,0.409825,180,0,31,471436
0,-4,1,0.5,0.409285,180,0,0,471452
0,-5,0,0.5,0.40861,180,0,0,471468
0,-8,0,0.5,0.40753,180,0,0,471485
0,-15,0,0.5,0.405505,180,0,0,471506
0,0,0,0.5,0.405505,180,0,0,471520
0,-5,-1,0.5,0.40483,180,0,0,471534
0,-11,-4,0.5,0.403345,180,0,0,471553
0,-7,-3,0.5,0.4024,180,0,0,471569
0,-9,-3,0.5,0.401185,180,0,0,471589
0,-8,-2,0.5,0.400105,180,0,0,471607
0,-9,-2,0.5,0.39889,180,0,0,471621
0,-5,-1,0.5,0.398215,180,0,0,471636
0,-2,-1,0.5,0.397945,180,0,31,471657
0,3,0,0.5,0.39835,180,0,31,471674
0,7,0,0.5,0.399295,180,0,31,471685
0,8,1,0.5,0.400375,180,0,31,471703
0,10,3,0.5,0.401725,180,0,0,471721
0,9,2,0.5,0.40294,180,0,0,471736
0,10,3,0.5,0.40429,180,0,0,471754
0,11,3,0.5,0.405775,180,0,0,471771
0,13,3,0.5,0.40753,180,0,0,471787
0,15,3,0.5,0.409555,180,0,0,471802
0,13,3,0.5,0.41131,180,0,0,471819
0,10,3,0.5,0.41266,180,0,0,471837
0,5,3,0.5,0.413335,180,0,0,471853
0,1,2,0.5,0.41347,180,0,0,471870
0,-1,1,0.5,0.413335,180,0,0,471886
0,-11,0,0.5,0.41185,180,0,0,471903
0,-31,-1,0.5,0.407665,180,0,0,471921
0,0,0,0.5,0.407665,180,0,0,471934
0,-45,-4,0.5,0.40159,180,0,0,471957
0,-26,-2,0.5,0.39808,180,0,0,471974
0,-26,-2,0.5,0.39457,180,0,0,471991
0,-23,-2,0.5,0.391465,180,0,0,472003
0,-21,-1,0.5,0.38863,180,0,0,472020
0,-19,0,0.5,0.386065,180,0,0,472039
0,-15,0,0.5,0.38404,180,0,0,472058
0,-7,0,0.5,0.383095,180,0,0,472077
0,-3,2,0.5,0.38269,180,0,0,472086
0,1,2,0.5,0.382825,180,0,0,472102
0,2,2,0.5,0.383095,180,0,0,472122
0,3,2,0.5,0.3835,180,0,0,472137
0,2,1,0.5,0.38377,180,0,0,472153
0,0,0,0.5,0.38377,180,0,0,472168
0,0,0,0.5,0.38377,180,0,0,472186
0,-3,-2,0.5,0.383365,180,0,0,472202
0,-2,-2,0.5,0.383095,180,0,0,472222
0,-1,-2,0.5,0.38296,180,0,0,472242
0,2,-1,0.5,0.38323,180,0,0,472252
0,8,-1,0.5,0.38431,180,0,0,472272
0,28,1,0.5,0.38809,180,0,0,472291
0,19,1,0.5,0.390655,180,0,0,472305
0,23,2,0.5,0.39376,180,0,0,472323
0,25,0,0.5,0.397135,180,0,0,472335
0,25,4,0.5,0.40051,180,0,0,472354
0,24,0,0.5,0.40375,180,0,0,472370
0,20,0,0.5,0.40645,180,0,0,472389
0,15,-1,0.5,0.408475,180,0,0,472409
0,11,-2,0.5,0.40996,180,0,0,472422
0,11,-2,0.5,0.411445,180,0,0,472437
0,11,-1,0.5,0.41293,180,0,0,472454
0,11,-1,0.5,0.414415,180,0,0,472473
0,13,-1,0.5,0.41617,180,0,0,472489
0,15,0,0.5,0.418195,180,0,0,472506
0,17,0,0.5,0.42049,180,0,0,472520
0,16,0,0.5,0.42265,180,0,0,472535
0,15,0,0.5,0.424675,180,0,0,472556
0,9,0,0.5,0.42589,180,0,0,472570
0,4,2,0.5,0.42643,180,0,0,472588
0,0,2,0.5,0.42643,180,0,0,472604
0,-7,3,0.5,0.425485,180,0,0,472623
0,-11,2,0.5,0.424,180,0,0,472638
0,-15,1,0.5,0.421975,180,0,0,472654
0,-20,1,0.5,0.419275,180,0,0,472672
0,-22,0,0.5,0.416305,180,0,0,472686
0,-52,0,0.5,0.409285,180,0,0,472707
0,-28,0,0.5,0.405505,180,0,0,472720
0,-27,0,0.5,0.40186,180,0,0,472737
0,-27,-1,0.5,0.398215,180,0,0,472757
0,-24,-3,0.5,0.394975,180,0,0,472774
0,-22,-3,0.5,0.392005,180,0,0,472788
0,-19,-3,0.5,0.38944,180,0,0,472806
0,-16,-3,0.5,0.38728,180,0,0,472822
0,-11,-3,0.5,0.385795,180,0,0,472843
0,-6,-2,0.5,0.384985,180,0,0,472857
0,-1,-3,0.5,0.38485,180,0,0,472872
0,1,-2,0.5,0.384985,180,0,0,472888
0,3,-1,0.5,0.38539,180,0,0,472906
0,5,0,0.5,0.386065,180,0,0,472921
0,7,0,0.5,0.38701,180,0,0,472937
0,10,0,0.5,0.38836,180,0,0,472956
0,14,0,0.5,0.39025,180,0,0,472972
0,17,0,0.5,0.392545,180,0,31,472991
0,20,1,0.5,0.395245,180,0,31,473005
0,20,1,0.5,0.397945,180,0,31,473027
0,20,0,0.5,0.400645,180,0,31,473037
0,20,0,0.5,0.403345,180,0,31,473054
0,19,0,0.5,0.40591,180,0,0,473074
0,25,0,0.5,0.409285,180,0,0,473088
0,7,-5,0.5,0.41023,180,0,0,473106
0,3,-2,0.5,0.410635,180,0,0,473124
0,0,-1,0.5,0.410635,180,0,0,473139
0,0,0,0.5,0.410635,180,0,0,473155
0,-3,0,0.5,0.41023,180,0,0,473170
0,-2,2,0.5,0.40996,180,0,0,473189
0,-1,1,0.5,0.409825,180,0,0,473208
0,5,1,0.5,0.4105,180,0,0,473226
0,10,0,0.5,0.41185,180,0,0,473239
0,14,-1,0.5,0.41374,180,0,0,473255
0,18,-2,0.5,0.41617,180,0,0,473272
0,19,-3,0.5,0.418735,180,0,0,473289
0,19,-4,0.5,0.4213,180,0,0,473309
0,16,-3,0.5,0.42346,180,0,0,473323
0,12,-3,0.5,0.42508,180,0,0,473340
0,9,-3,0.5,0.426295,180,0,0,473356
0,8,-4,0.5,0.427375,180,0,0,473380
0,5,-4,0.5,0.42805,180,0,0,473395
0,7,-4,0.5,0.428995,180,0,0,473406
0,9,-3,0.5,0.43021,180,0,0,473424
0,14,-3,0.5,0.4321,180,0,0,473439
0,40,-3,0.5,0.4375,180,0,0,473462
0,26,-1,0.5,0.44101,180,0,0,473478
0,28,-1,0.5,0.44479,180,0,0,473491
0,30,-1,0.5,0.44884,180,0,0,473505
0,29,0,0.5,0.452755,180,0,0,473521
0,32,0,0.5,0.457075,180,0,0,473541
0,30,0,0.5,0.461125,180,0,0,473557
0,29,0,0.5,0.46504,180,0,0,473576
0,26,0,0.5,0.46855,180,0,0,473588
0,23,0,0.5,0.471655,180,0,0,473605
0,20,-1,0.5,0.474355,180,0,0,473624
0,19,-3,0.5,0.47692,180,0,0,473642
0,20,-4,0.5,0.47962,180,0,31,473659
0,19,-6,0.5,0.482185,180,0,31,473674
0,20,-7,0.5,0.484885,180,0,31,473690
0,20,-6,0.5,0.487585,180,0,31,473707
0,21,-5,0.5,0.49042,180,0,0,473727
0,23,-4,0.5,0.493525,180,0,0,473741
0,25,-3,0.5,0.4969,180,0,0,473757
0,32,-3,0.5,0.50122,180,0,0,473776
0,34,-3,0.5,0.50581,180,0,0,473789
0,68,-3,0.5,0.51499,180,0,0,473813
0,0,0,0.5,0.51499,180,0,0,473822
0,31,0,0.5,0.519175,180,0,31,473841
0,54,0,0.5,0.526465,180,0,31,473857
0,22,-2,0.5,0.529435,180,0,31,473874
0,19,-5,0.5,0.532,180,0,0,473891
0,19,-7,0.5,0.534565,180,0,0,473909
0,17,-8,0.5,0.53686,180,0,0,473925
0,16,-9,0.5,0.53902,180,0,0,473942
0,15,-10,0.5,0.541045,180,0,0,473961
0,15,-10,0.5,0.54307,180,0,0,473977
0,16,-9,0.5,0.54523,180,0,0,473993
0,16,-9,0.5,0.54739,180,0,0,474012
0,16,-7,0.5,0.54955,180,0,0,474028
0,15,-6,0.5,0.551575,180,0,0,474045
0,14,-5,0.5,0.553465,180,0,0,474060
0,14,-5,0.5,0.555355,180,0,0,474076
0,16,-4,0.5,0.557515,180,0,0,474091
0,18,-5,0.5,0.559945,180,0,0,474109
0,21,-5,0.5,0.56278,180,0,31,474124
0,22,-5,0.5,0.56575,180,0,31,474140
0,21,-6,0.5,0.568585,180,0,31,474160
0,20,-7,0.5,0.571285,180,0,0,474176
0,19,-9,0.5,0.57385,180,0,0,474195
0,37,-21,0.5,0.578845,180,0,0,474222
0,17,-10,0.5,0.58114,180,0,0,474233
0,19,-10,0.5,0.583705,180,0,0,474243
0,18,-8,0.5,0.586135,180,0,0,474259
0,20,-8,0.5,0.588835,180,0,31,474281
0,22,-6,0.5,0.591805,180,0,31,474292
0,23,-6,0.5,0.59491,180,0,0,474308
0,23,-6,0.5,0.598015,180,0,0,474329
0,23,-6,0.5,0.60112,180,0,0,474343
0,22,-5,0.5,0.60409,180,0,0,474359
0,22,-6,0.5,0.60706,180,0,0,474375
0,20,-7,0.5,0.60976,180,0,0,474397
0,19,-9,0.5,0.612325,180,0,0,474414
0,15,-11,0.5,0.61435,180,0,0,474428
0,11,-13,0.5,0.615835,180,0,0,474445
0,5,-13,0.5,0.61651,180,0,0,474465
0,2,-13,0.5,0.61678,180,0,0,474481
0,-1,-13,0.5,0.616645,180,0,31,474494
0,0,-11,0.5,0.616645,180,0,31,474512
0,0,-9,0.5,0.616645,180,0,0,474529
0,1,-7,0.5,0.61678,180,0,0,474546
0,0,-6,0.5,0.61678,180,0,0,474562
0,2,-6,0.5,0.61705,180,0,0,474578
0,3,-5,0.5,0.617455,180,0,31,474592
0,14,-9,0.5,0.619345,180,0,31,474613
0,0,0,0.5,0.619345,180,0,31,474628
0,26,-7,0.5,0.622855,180,0,0,474642
0,16,-2,0.5,0.625015,180,0,0,474659
0,18,-2,0.5,0.627445,180,0,0,474679
0,18,-2,0.5,0.629875,180,0,0,474691
0,18,-2,0.5,0.632305,180,0,0,474708
0,19,-2,0.5,0.63487,180,0,0,474724
0,17,-2,0.5,0.637165,180,0,0,474744
0,18,-3,0.5,0.639595,180,0,0,474758
0,16,-3,0.5,0.641755,180,0,0,474775
0,15,-3,0.5,0.64378,180,0,0,474792
0,13,-2,0.5,0.645535,180,0,0,474812
0,10,-1,0.5,0.646885,180,0,0,474829
0,10,-2,0.5,0.648235,180,0,0,474844
0,12,-2,0.5,0.649855,180,0,0,474858
0,13,-2,0.5,0.65161,180,0,0,474876
0,14,-3,0.5,0.6535,180,0,0,474897
0,16,-3,0.5,0.65566,180,0,0,474909
0,16,-3,0.5,0.65782,180,0,31,474926
0,15,-3,0.5,0.659845,180,0,31,474947
0,14,-3,0.5,0.661735,180,0,31,474960
0,12,-4,0.5,0.663355,180,0,31,474977
0,16,-9,0.5,0.665515,180,0,31,474995
0,7,-1,0.5,0.66646,180,0,31,475012
0,0,-4,0.5,0.66646,180,0,31,475027
0,17,-10,0.5,0.668755,180,0,31,475045
0,11,-5,0.5,0.67024,180,0,31,475060
0,13,-5,0.5,0.671995,180,0,31,475077
0,14,-5,0.5,0.673885,180,0,31,475093
0,13,-4,0.5,0.67564,180,0,31,475110
0,15,-4,0.5,0.677665,180,0,31,475126
0,15,-3,0.5,0.67969,180,0,0,475144
0,16,-4,0.5,0.68185,180,0,0,475160
0,17,-4,0.5,0.684145,180,0,0,475178
0,16,-3,0.5,0.686305,180,0,0,475193
0,16,-3,0.5,0.688465,180,0,0,475210
0,16,-3,0.5,0.690625,180,0,0,475228
0,12,-2,0.5,0.692245,180,0,31,475243
0,9,-3,0.5,0.69346,180,0,31,475261
0,7,-4,0.5,0.694405,180,0,0,475276
0,4,-5,0.5,0.694945,180,0,0,475294
0,0,-13,0.5,0.694945,180,0,0,475324
0,-3,-7,0.5,0.69454,180,0,0,475334
0,0,0,0.5,0.69454,180,0,0,475342
0,-5,-6,0.5,0.693865,180,0,0,475360
0,-7,-10,0.5,0.69292,180,0,0,475383
0,1,-4,0.5,0.693055,180,0,31,475394
0,3,-3,0.5,0.69346,180,0,31,475415
0,6,-2,0.5,0.69427,180,0,31,475430
0,5,-1,0.5,0.694945,180,0,0,475442
0,5,0,0.5,0.69562,180,0,0,475459
0,4,0,0.5,0.69616,180,0,0,475476
0,3,0,0.5,0.696565,180,0,0,475493
0,4,1,0.5,0.697105,180,0,0,475510
0,4,1,0.5,0.697645,180,0,0,475527
0,5,3,0.5,0.69832,180,0,0,475547
0,5,4,0.5,0.698995,180,0,0,475564
0,4,5,0.5,0.699535,180,0,0,475578
0,4,5,0.5,0.700075,180,0,0,475594
0,2,9,0.5,0.700345,180,0,0,475622
0,0,0,0.5,0.700345,180,0,0,475629
0,4,2,0.5,0.700885,180,0,0,475642
0,6,1,0.5,0.701695,180,0,0,475662
0,9,1,0.5,0.70291,180,0,0,475678
0,13,1,0.5,0.704665,180,0,0,475694
0,15,1,0.5,0.70669,180,0,0,475710
0,15,1,0.5,0.708715,180,0,0,475726
0,17,1,0.5,0.71,180,0,0,475744
