0,28,0,0.5,-0.70622,180,0,0,114272
0,13,0,0.5,-0.704465,180,0,0,114281
0,0,0,0.5,-0.704465,180,0,0,114292
0,14,0,0.5,-0.702575,180,0,0,114306
0,15,0,0.5,-0.70055,180,0,0,114323
0,26,-2,0.5,-0.69704,180,0,0,114342
0,9,-2,0.5,-0.695825,180,0,0,114358
0,4,-3,0.5,-0.695285,180,0,0,114374
0,-2,-4,0.5,-0.695555,180,0,0,114395
0,-8,-5,0.5,-0.696635,180,0,0,114408
0,-10,-6,0.5,-0.697985,180,0,0,114424
0,-10,-7,0.5,-0.699335,180,0,0,114442
0,-10,-8,0.5,-0.700685,180,0,0,114460
0,-7,-7,0.5,-0.70163,180,0,0,114477
0,-4,-6,0.5,-0.70217,180,0,0,114492
0,0,-6,0.5,-0.70217,180,0,0,114507
0,5,-5,0.5,-0.701495,180,0,0,114524
0,8,-5,0.5,-0.700415,180,0,0,114543
0,9,-5,0.5,-0.6992,180,0,0,114559
0,12,-4,0.5,-0.69758,180,0,0,114575
0,13,-3,0.5,-0.695825,180,0,0,114596
0,15,-2,0.5,-0.6938,180,0,0,114607
0,16,-1,0.5,-0.69164,180,0,0,114624
0,15,0,0.5,-0.689615,180,0,31,114640
0,29,0,0.5,-0.6857,180,0,31,114659
0,0,0,0.5,-0.6857,180,0,31,114672
0,17,0,0.5,-0.683405,180,0,0,114695
0,19,1,0.5,-0.68084,180,0,0,114708
0,48,2,0.5,-0.67436,180,0,0,114726
0,31,1,0.5,-0.670175,180,0,0,114741
0,35,0,0.5,-0.66545,180,0,0,114756
0,38,2,0.5,-0.66032,180,0,0,114778
0,38,1,0.5,-0.65519,180,0,0,114791
0,36,2,0.5,-0.65033,180,0,0,114809
0,34,3,0.5,-0.64574,180,0,0,114827
0,30,1,0.5,-0.64169,180,0,0,114844
0,27,1,0.5,-0.638045,180,0,0,114863
0,24,0,0.5,-0.634805,180,0,0,114873
0,24,-1,0.5,-0.631565,180,0,0,114891
0,22,-2,0.5,-0.628595,180,0,0,114907
0,23,-3,0.5,-0.62549,180,0,0,114927
0,24,-4,0.5,-0.62225,180,0,0,114941
0,26,-4,0.5,-0.61874,180,0,0,114963
0,27,-3,0.5,-0.615095,180,0,0,114975
0,31,-1,0.5,-0.61091,180,0,0,114991
0,35,0,0.5,-0.606185,180,0,0,115006
0,35,0,0.5,-0.60146,180,0,0,115023
0,35,1,0.5,-0.596735,180,0,0,115043
0,33,2,0.5,-0.59228,180,0,0,115058
0,31,2,0.5,-0.588095,180,0,0,115074
0,29,2,0.5,-0.58418,180,0,0,115092
0,27,2,0.5,-0.580535,180,0,0,115110
0,50,1,0.5,-0.573785,180,0,0,115125
0,23,-1,0.5,-0.57068,180,0,0,115143
0,22,-3,0.5,-0.56771,180,0,0,115158
0,23,-4,0.5,-0.564605,180,0,0,115175
0,24,-4,0.5,-0.561365,180,0,0,115190
0,28,-4,0.5,-0.557585,180,0,0,115208
0,30,-3,0.5,-0.553535,180,0,0,115224
0,31,-2,0.5,-0.54935,180,0,0,115244
0,34,-1,0.5,-0.54476,180,0,0,115257
0,34,0,0.5,-0.54017,180,0,0,115275
0,33,0,0.5,-0.535715,180,0,0,115291
0,32,0,0.5,-0.531395,180,0,0,115307
0,30,0,0.5,-0.527345,180,0,0,115325
0,26,0,0.5,-0.523835,180,0,0,115342
0,24,0,0.5,-0.520595,180,0,0,115362
0,21,-2,0.5,-0.51776,180,0,0,115374
0,20,-4,0.5,-0.51506,180,0,0,115392
0,16,-4,0.5,-0.5129,180,0,0,115407
0,15,-4,0.5,-0.510875,180,0,0,115426
0,31,-7,0.5,-0.50669,180,0,31,115449
0,19,0,0.5,-0.504125,180,0,31,115462
0,0,-3,0.5,-0.504125,180,0,0,115475
0,22,-2,0.5,-0.501155,180,0,0,115490
0,26,-2,0.5,-0.497645,180,0,0,115507
0,60,-1,0.5,-0.489545,180,0,0,115526
0,33,0,0.5,-0.48509,180,0,0,115543
0,30,0,0.5,-0.48104,180,0,0,115559
0,26,0,0.5,-0.47753,180,0,0,115578
0,22,0,0.5,-0.47456,180,0,0,115591
0,21,1,0.5,-0.471725,180,0,0,115606
0,18,0,0.5,-0.469295,180,0,0,115623
0,17,-3,0.5,-0.467,180,0,0,115643
0,15,-3,0.5,-0.464975,180,0,0,115658
0,16,-3,0.5,-0.462815,180,0,0,115676
0,16,-4,0.5,-0.460655,180,0,0,115693
0,16,-3,0.5,-0.458495,180,0,0,115708
0,21,-3,0.5,-0.45566,180,0,0,115727
0,23,-1,0.5,-0.452555,180,0,0,115743
0,25,-2,0.5,-0.44918,180,0,0,115759
0,28,-1,0.5,-0.4454,180,0,0,115774
0,32,-1,0.5,-0.44108,180,0,0,115790
0,32,0,0.5,-0.43676,180,0,0,115808
0,35,0,0.5,-0.432035,180,0,0,115826
0,31,0,0.5,-0.42785,180,0,0,115841
0,29,0,0.5,-0.423935,180,0,0,115857
0,23,1,0.5,-0.42083,180,0,0,115876
0,36,-1,0.5,-0.41597,180,0,0,115894
0,0,0,0.5,-0.41597,180,0,0,115907
0,30,-5,0.5,-0.41192,180,0,0,115928
0,17,-2,0.5,-0.409625,180,0,0,115943
0,19,-2,0.5,-0.40706,180,0,0,115961
0,24,-1,0.5,-0.40382,180,0,0,115976
0,25,-1,0.5,-0.400445,180,0,0,115992
0,31,0,0.5,-0.39626,180,0,0,116008
0,35,0,0.5,-0.391535,180,0,0,116024
0,37,0,0.5,-0.38654,180,0,0,116043
0,42,0,0.5,-0.38087,180,0,0,116059
0,40,0,0.5,-0.37547,180,0,0,116076
0,36,0,0.5,-0.37061,180,0,0,116091
0,30,0,0.5,-0.36656,180,0,0,116109
0,26,0,0.5,-0.36305,180,0,0,116124
0,20,0,0.5,-0.36035,180,0,0,116142
0,14,-1,0.5,-0.35846,180,0,0,116159
0,11,-1,0.5,-0.356975,180,0,0,116177
0,9,-1,0.5,-0.35576,180,0,0,116192
0,10,-1,0.5,-0.35441,180,0,0,116208
0,12,0,0.5,-0.35279,180,0,0,116224
0,14,0,0.5,-0.3509,180,0,0,116241
0,16,0,0.5,-0.34874,180,0,0,116258
0,38,0,0.5,-0.34361,180,0,31,116276
0,22,0,0.5,-0.34064,180,0,31,116293
0,22,0,0.5,-0.33767,180,0,31,116309
0,27,0,0.5,-0.334025,180,0,0,116326
0,29,-1,0.5,-0.33011,180,0,0,116343
0,29,0,0.5,-0.326195,180,0,0,116362
0,29,-1,0.5,-0.32228,180,0,0,116378
0,28,-1,0.5,-0.3185,180,0,0,116391
0,24,-1,0.5,-0.31526,180,0,0,116411
0,22,-1,0.5,-0.31229,180,0,0,116425
0,17,0,0.5,-0.309995,180,0,0,116441
0,15,0,0.5,-0.30797,180,0,0,116462
0,11,1,0.5,-0.306485,180,0,0,116480
0,10,1,0.5,-0.305135,180,0,0,116493
0,10,1,0.5,-0.303785,180,0,0,116510
0,11,0,0.5,-0.3023,180,0,0,116525
0,14,0,0.5,-0.30041,180,0,0,116542
0,15,0,0.5,-0.298385,180,0,0,116563
0,16,0,0.5,-0.296225,180,0,0,116575
0,19,0,0.5,-0.29366,180,0,0,116593
0,44,0,0.5,-0.28772,180,0,31,116613
0,0,0,0.5,-0.28772,180,0,31,116628
0,53,0,0.5,-0.280565,180,0,31,116644
0,0,0,0.5,-0.280565,180,0,31,116658
0,65,0,0.5,-0.27179,180,0,0,116676
0,34,0,0.5,-0.2672,180,0,0,116692
0,32,0,0.5,-0.26288,180,0,0,116708
0,30,0,0.5,-0.25883,180,0,0,116725
0,30,0,0.5,-0.25478,180,0,0,116742
0,27,-1,0.5,-0.251135,180,0,0,116759
0,27,-2,0.5,-0.24749,180,0,0,116776
0,25,-2,0.5,-0.244115,180,0,0,116793
0,22,-2,0.5,-0.241145,180,1,31,116812
0,22,-3,0.5,-0.238175,180,1,31,116830
0,21,-2,0.5,-0.23534,180,1,31,116843
0,21,-3,0.5,-0.232505,180,0,0,116866
0,19,-2,0.5,-0.22994,180,0,0,116880
0,20,-2,0.5,-0.22724,180,0,0,116896
0,17,-2,0.5,-0.224945,180,0,0,116912
0,17,-3,0.5,-0.22265,180,0,0,116928
0,15,-3,0.5,-0.220625,180,0,0,116944
0,13,-3,0.5,-0.21887,180,0,31,116961
0,12,-3,0.5,-0.21725,180,0,31,116976
0,10,-3,0.5,-0.2159,180,0,31,116995
0,6,-3,0.5,-0.21509,180,0,31,117012
0,2,-2,0.5,-0.21482,180,0,31,117028
0,-2,-2,0.5,-0.21509,180,0,31,117045
0,0,-1,0.5,-0.21509,180,0,31,117059
0,-11,-3,0.5,-0.216575,180,0,31,117079
0,-4,-2,0.5,-0.217115,180,0,0,117098
0,-2,-2,0.5,-0.217385,180,0,0,117112
0,0,-1,0.5,-0.217385,180,0,0,117127
0,1,-1,0.5,-0.21725,180,0,0,117144
0,3,-1,0.5,-0.216845,180,0,31,117160
0,3,-1,0.5,-0.21644,180,0,31,117183
0,1,0,0.5,-0.216305,180,0,0,117194
0,2,-1,0.5,-0.216035,180,0,0,117210
0,2,-1,0.5,-0.215765,180,0,0,117230
0,2,-1,0.5,-0.215495,180,0,0,117246
0,3,0,0.5,-0.21509,180,0,31,117263
0,2,-1,0.5,-0.21482,180,0,31,117280
0,1,-1,0.5,-0.214685,180,0,31,117293
0,0,-1,0.5,-0.214685,180,0,0,117319
0,-1,-1,0.5,-0.21482,180,0,0,117330
0,-1,-1,0.5,-0.214955,180,0,0,117345
0,0,-1,0.5,-0.214955,180,0,0,117361
0,0,-1,0.5,-0.214955,180,0,31,117378
0,0,-1,0.5,-0.214955,180,0,31,117396
0,0,-2,0.5,-0.214955,180,0,31,117411
0,0,-1,0.5,-0.214955,180,0,0,117427
0,0,-1,0.5,-0.214955,180,0,0,117444
0,1,-2,0.5,-0.21482,180,0,0,117464
0,1,0,0.5,-0.214685,180,0,0,117476
0,3,-1,0.5,-0.21428,180,0,31,117497
0,3,-1,0.5,-0.213875,180,0,31,117511
0,1,-1,0.5,-0.21374,180,0,31,117527
0,1,-1,0.5,-0.213605,180,0,0,117547
0,0,-2,0.5,-0.213605,180,0,0,117564
0,-1,-1,0.5,-0.21374,180,0,0,117579
0,1,-1,0.5,-0.213605,180,0,31,117595
0,3,-2,0.5,-0.2132,180,0,31,117612
0,2,-1,0.5,-0.21293,180,0,31,117627
0,2,-2,0.5,-0.21266,180,0,31,117645
0,1,-2,0.5,-0.212525,180,0,0,117663
0,0,-1,0.5,-0.212525,180,0,0,117678
0,1,-1,0.5,-0.21239,180,0,0,117694
0,2,-1,0.5,-0.21212,180,0,0,117711
0,2,-1,0.5,-0.21185,180,0,31,117730
0,2,-1,0.5,-0.21158,180,0,31,117747
0,2,0,0.5,-0.21131,180,0,31,117761
0,5,0,0.5,-0.210635,180,0,0,117782
0,0,0,0.5,-0.210635,180,0,0,117795
0,3,0,0.5,-0.21023,180,0,0,117811
0,15,0,0.5,-0.208205,180,0,0,117829
0,0,0,0.5,-0.208205,180,0,0,117844
0,25,0,0.5,-0.20483,180,0,0,117862
0,16,0,0.5,-0.20267,180,0,0,117878
0,16,0,0.5,-0.20051,180,0,0,117894
0,17,0,0.5,-0.198215,180,0,0,117911
0,17,0,0.5,-0.19592,180,0,0,117930
0,14,1,0.5,-0.19403,180,0,0,117945
0,11,1,0.5,-0.192545,180,0,0,117961
0,6,0,0.5,-0.191735,180,0,0,117978
0,1,0,0.5,-0.1916,180,0,0,117995
0,0,0,0.5,-0.1916,180,0,0,118013
0,-6,1,0.5,-0.19241,180,0,0,118028
0,-7,0,0.5,-0.193355,180,0,0,118051
0,-5,0,0.5,-0.19403,180,0,0,118064
0,-6,-1,0.5,-0.19484,180,0,0,118079
0,-2,0,0.5,-0.19511,180,0,0,118094
0,-1,0,0.5,-0.195245,180,0,0,118112
0,0,0,0.5,-0.195245,180,0,0,118129
0,2,1,0.5,-0.194975,180,0,31,118145
0,2,1,0.5,-0.194705,180,0,31,118162
0,1,0,0.5,-0.19457,180,0,31,118178
0,0,0,0.5,-0.19457,180,0,0,118196
0,-2,-2,0.5,-0.19484,180,0,0,118215
0,0,-2,0.5,-0.19484,180,0,0,118232
0,2,-3,0.5,-0.19457,180,0,0,118246
0,3,-3,0.5,-0.194165,180,0,0,118263
0,6,-3,0.5,-0.193355,180,0,0,118282
0,7,-2,0.5,-0.19241,180,0,0,118297
0,10,-2,0.5,-0.19106,180,0,0,118316
0,13,-2,0.5,-0.189305,180,0,0,118331
0,14,-3,0.5,-0.187415,180,0,0,118349
0,13,-3,0.5,-0.18566,180,0,0,118364
0,13,-3,0.5,-0.183905,180,0,0,118380
0,13,-3,0.5,-0.18215,180,0,0,118398
0,9,-2,0.5,-0.180935,180,0,0,118414
0,9,-3,0.5,-0.17972,180,0,0,118432
0,6,-2,0.5,-0.17891,180,0,0,118446
0,4,-3,0.5,-0.17837,180,0,0,118472
0,4,-2,0.5,-0.17783,180,0,0,118483
0,6,-3,0.5,-0.17702,180,0,0,118497
0,5,-3,0.5,-0.176345,180,0,0,118518
0,7,-3,0.5,-0.1754,180,0,0,118531
0,8,-3,0.5,-0.17432,180,0,0,118547
0,9,-3,0.5,-0.173105,180,0,0,118564
0,14,-3,0.5,-0.171215,180,0,0,118581
0,8,-4,0.5,-0.170135,180,0,0,118600
0,7,-2,0.5,-0.16919,180,0,0,118618
0,8,-3,0.5,-0.16811,180,0,0,118631
0,9,-3,0.5,-0.166895,180,0,0,118648
0,9,-3,0.5,-0.16568,180,0,0,118666
0,9,-2,0.5,-0.164465,180,0,0,118681
0,11,-2,0.5,-0.16298,180,0,0,118697
0,14,-1,0.5,-0.16109,180,0,0,118713
0,16,-1,0.5,-0.15893,180,0,0,118731
0,22,-1,0.5,-0.15596,180,0,0,118749
0,23,-1,0.5,-0.152855,180,0,0,118765
0,24,-1,0.5,-0.149615,180,0,0,118781
0,27,-2,0.5,-0.14597,180,0,0,118800
0,27,-2,0.5,-0.142325,180,0,0,118813
0,28,-2,0.5,-0.138545,180,0,0,118832
0,29,-2,0.5,-0.13463,180,0,0,118848
0,27,-2,0.5,-0.130985,180,0,0,118864
0,51,-6,0.5,-0.1241,180,0,0,118890
0,23,-4,0.5,-0.120995,180,0,0,118901
0,0,0,0.5,-0.120995,180,0,0,118914
0,21,-5,0.5,-0.11816,180,0,0,118938
0,20,-5,0.5,-0.11546,180,0,0,118950
0,19,-6,0.5,-0.112895,180,0,0,118965
0,26,-12,0.5,-0.109385,180,0,0,118986
0,6,-5,0.5,-0.108575,180,0,0,118998
0,1,-4,0.5,-0.10844,180,0,0,119017
0,-5,-3,0.5,-0.109115,180,0,0,119034
0,-10,-2,0.5,-0.110465,180,0,0,119048
0,-14,-2,0.5,-0.112355,180,0,0,119066
0,-15,-3,0.5,-0.11438,180,0,0,119082
0,-15,-3,0.5,-0.116405,180,0,0,119098
0,-14,-3,0.5,-0.118295,180,0,0,119116
0,-10,-4,0.5,-0.119645,180,0,0,119133
0,-6,-3,0.5,-0.120455,180,0,0,119150
0,-3,-3,0.5,-0.12086,180,0,0,119166
0,0,-2,0.5,-0.12086,180,0,0,119184
0,3,-2,0.5,-0.120455,180,0,0,119197
0,6,-1,0.5,-0.119645,180,0,0,119214
0,6,-1,0.5,-0.118835,180,0,0,119235
0,6,0,0.5,-0.118025,180,0,0,119250
0,5,-1,0.5,-0.11735,180,0,0,119264
0,1,-2,0.5,-0.117215,180,0,0,119281
0,-2,-4,0.5,-0.117485,180,0,0,119299
0,-4,-5,0.5,-0.118025,180,0,0,119316
0,-5,-5,0.5,-0.1187,180,0,0,119335
0,-12,-10,0.5,-0.12032,180,0,0,119356
0,-6,-4,0.5,-0.12113,180,0,0,119369
0,-5,-3,0.5,-0.121805,180,0,0,119392
0,-5,-3,0.5,-0.12248,180,0,0,119406
0,-2,-1,0.5,-0.12275,180,0,0,119416
0,-3,-2,0.5,-0.123155,180,0,0,119435
0,0,-1,0.5,-0.123155,180,0,0,119447
0,1,0,0.5,-0.12302,180,0,0,119464
0,5,0,0.5,-0.122345,180,0,0,119481
0,7,0,0.5,-0.1214,180,0,0,119500
0,10,0,0.5,-0.12005,180,0,0,119515
0,12,-1,0.5,-0.11843,180,0,0,119532
0,14,-3,0.5,-0.11654,180,0,0,119553
0,16,-5,0.5,-0.11438,180,0,0,119566
0,13,-5,0.5,-0.112625,180,0,0,119586
0,11,-7,0.5,-0.11114,180,0,0,119602
0,6,-7,0.5,-0.11033,180,0,0,119622
0,1,-7,0.5,-0.110195,180,0,0,119639
0,-1,-8,0.5,-0.11033,180,0,0,119653
0,-2,-8,0.5,-0.1106,180,0,0,119667
0,0,-7,0.5,-0.1106,180,0,0,119685
0,0,-7,0.5,-0.1106,180,0,0,119701
0,8,-14,0.5,-0.10952,180,0,0,119724
0,0,0,0.5,-0.10952,180,0,0,119732
0,3,-13,0.5,-0.109115,180,0,0,119752
0,0,-11,0.5,-0.109115,180,0,0,119772
0,0,-6,0.5,-0.109115,180,0,0,119784
0,-2,-6,0.5,-0.109385,180,0,0,119805
0,-4,-3,0.5,-0.109925,180,0,0,119821
0,-5,-2,0.5,-0.1106,180,0,0,119835
0,-13,-2,0.5,-0.112355,180,0,0,119849
0,-17,-1,0.5,-0.11465,180,0,0,119865
0,-22,0,0.5,-0.11762,180,0,0,119885
0,-25,0,0.5,-0.120995,180,0,0,119898
0,-23,0,0.5,-0.1241,180,0,0,119915
0,-21,1,0.5,-0.126935,180,0,0,119933
0,-16,2,0.5,-0.129095,180,0,0,119953
0,-11,2,0.5,-0.13058,180,0,0,119973
0,-6,2,0.5,-0.13139,180,0,0,119988
0,-3,1,0.5,-0.131795,180,0,0,120000
0,-1,3,0.5,-0.13193,180,0,0,120015
0,1,2,0.5,-0.131795,180,0,0,120033
0,3,1,0.5,-0.13139,180,0,0,120050
0,4,0,0.5,-0.13085,180,0,0,120066
0,3,0,0.5,-0.130445,180,0,0,120082
0,5,-2,0.5,-0.12977,180,0,31,120103
0,4,-2,0.5,-0.12923,180,0,31,120118
0,8,-8,0.5,-0.12815,180,0,31,120138
0,6,-4,0.5,-0.12734,180,0,31,120158
0,8,-3,0.5,-0.12626,180,0,31,120170
0,9,-2,0.5,-0.125045,180,0,31,120184
0,11,-1,0.5,-0.12356,180,0,0,120202
0,12,0,0.5,-0.12194,180,0,0,120215
0,12,0,0.5,-0.12032,180,0,0,120232
0,12,1,0.5,-0.1187,180,0,0,120251
0,7,0,0.5,-0.117755,180,0,0,120267
0,2,-1,0.5,-0.117485,180,0,0,120284
0,-3,-2,0.5,-0.11789,180,0,0,120304
0,-9,-3,0.5,-0.119105,180,0,0,120317
0,-12,-4,0.5,-0.120725,180,0,0,120335
0,-12,-4,0.5,-0.122345,180,0,0,120354
0,-13,-4,0.5,-0.1241,180,0,0,120373
0,-11,-4,0.5,-0.125585,180,0,0,120389
0,-9,-3,0.5,-0.1268,180,0,0,120400
0,-7,-3,0.5,-0.127745,180,0,0,120418
0,-5,-1,0.5,-0.12842,180,0,0,120434
0,-2,-1,0.5,-0.12869,180,0,0,120450
0,-2,0,0.5,-0.12896,180,0,0,120467
0,-1,0,0.5,-0.129095,180,0,0,120484
0,-2,2,0.5,-0.129365,180,0,0,120502
0,0,5,0.5,-0.129365,180,0,0,120520
0,2,2,0.5,-0.129095,180,0,0,120533
0,3,2,0.5,-0.12869,180,0,0,120554
0,6,1,0.5,-0.12788,180,0,0,120567
0,7,1,0.5,-0.126935,180,0,0,120584
0,7,0,0.5,-0.12599,180,0,0,120600
0,7,0,0.5,-0.125045,180,0,0,120619
0,8,0,0.5,-0.123965,180,0,0,120633
0,6,0,0.5,-0.123155,180,0,0,120655
0,5,0,0.5,-0.12248,180,0,0,120671
0,5,0,0.5,-0.121805,180,0,0,120687
0,3,0,0.5,-0.1214,180,0,0,120700
0,1,0,0.5,-0.121265,180,0,0,120717
0,0,0,0.5,-0.121265,180,0,0,120733
0,-4,-2,0.5,-0.121805,180,0,0,120752
0,-6,-3,0.5,-0.122615,180,0,0,120767
0,-13,-8,0.5,-0.12437,180,0,0,120792
0,0,0,0.5,-0.12437,180,0,0,120804
0,-7,-4,0.5,-0.125315,180,0,0,120817
0,-8,-4,0.5,-0.126395,180,0,31,120839
0,0,0,0.5,-0.126395,180,0,31,120852
0,-1,-1,0.5,-0.12653,180,0,31,120867
0,1,-1,0.5,-0.126395,180,0,31,120884
0,5,0,0.5,-0.12572,180,0,31,120902
0,2,1,0.5,-0.12545,180,0,31,120918
0,3,1,0.5,-0.125045,180,0,0,120935
0,3,0,0.5,-0.12464,180,0,0,120950
0,2,0,0.5,-0.12437,180,0,0,120969
0,3,0,0.5,-0.123965,180,0,0,120985
0,2,-1,0.5,-0.123695,180,0,0,121001
0,0,-2,0.5,-0.123695,180,0,0,121023
0,-1,-2,0.5,-0.12383,180,0,0,121034
0,-5,-4,0.5,-0.124505,180,0,0,121053
0,-5,-5,0.5,-0.12518,180,0,0,121071
0,-8,-6,0.5,-0.12626,180,0,0,121085
0,-10,-6,0.5,-0.12761,180,0,0,121106
0,-10,-6,0.5,-0.12896,180,0,0,121121
0,-8,-5,0.5,-0.13004,180,0,0,121137
0,-6,-5,0.5,-0.13085,180,0,0,121155
0,-2,-5,0.5,-0.13112,180,0,0,121175
0,-1,-5,0.5,-0.131255,180,0,0,121185
0,1,-3,0.5,-0.13112,180,0,0,121202
0,5,-3,0.5,-0.130445,180,0,0,121222
0,0,0,0.5,-0.130445,180,0,31,121237
0,3,0,0.5,-0.13004,180,0,31,121252
0,1,2,0.5,-0.129905,180,0,31,121271
0,0,0,0.5,-0.129905,180,0,31,121285
0,0,3,0.5,-0.129905,180,0,31,121301
0,-1,1,0.5,-0.13004,180,0,31,121324
0,0,1,0.5,-0.13004,180,0,31,121341
0,-1,2,0.5,-0.130175,180,0,31,121353
0,1,2,0.5,-0.13004,180,0,31,121368
0,0,2,0.5,-0.13004,180,0,31,121389
0,3,2,0.5,-0.129635,180,0,31,121404
0,5,2,0.5,-0.12896,180,0,31,121419
0,6,1,0.5,-0.12815,180,0,31,121435
0,11,1,0.5,-0.126665,180,0,31,121452
0,14,0,0.5,-0.124775,180,0,31,121469
0,16,-1,0.5,-0.122615,180,0,31,121485
0,19,-1,0.5,-0.12005,180,0,0,121504
0,18,-2,0.5,-0.11762,180,0,0,121521
0,17,-1,0.5,-0.115325,180,0,0,121536
0,18,0,0.5,-0.112895,180,0,0,121552
0,21,2,0.5,-0.11006,180,0,0,121569
0,23,3,0.5,-0.106955,180,0,0,121591
0,53,9,0.5,-0.0998,180,0,0,121609
0,0,0,0.5,-0.0998,180,0,0,121619
0,28,4,0.5,-0.09602,180,0,0,121637
0,28,5,0.5,-0.09224,180,0,0,121653
0,56,8,0.5,-0.08468,180,0,0,121674
0,29,3,0.5,-0.080765,180,0,0,121691
0,28,2,0.5,-0.076985,180,0,0,121703
0,25,1,0.5,-0.07361,180,0,0,121719
0,24,0,0.5,-0.07037,180,0,0,121740
0,21,-1,0.5,-0.067535,180,0,0,121754
0,18,-2,0.5,-0.065105,180,0,0,121771
0,14,-2,0.5,-0.063215,180,0,0,121785
0,12,-3,0.5,-0.061595,180,0,0,121806
0,10,-3,0.5,-0.060245,180,0,0,121820
0,7,-3,0.5,-0.0593,180,0,0,121838
0,6,-3,0.5,-0.05849,180,0,0,121854
0,7,-3,0.5,-0.057545,180,0,0,121870
0,6,-3,0.5,-0.056735,180,0,0,121888
0,6,-5,0.5,-0.055925,180,0,0,121905
0,5,-4,0.5,-0.05525,180,0,0,121923
0,5,-4,0.5,-0.054575,180,0,0,121937
0,1,-3,0.5,-0.05444,180,0,0,121954
0,-1,-3,0.5,-0.054575,180,0,0,121974
0,-4,-3,0.5,-0.055115,180,0,0,121989
0,-7,-3,0.5,-0.05606,180,0,0,122005
0,-22,-5,0.5,-0.05903,180,0,0,122026
0,0,0,0.5,-0.05903,180,0,0,122036
0,-11,-2,0.5,-0.060515,180,0,0,122053
0,-24,-1,0.5,-0.063755,180,0,0,122071
0,-12,-1,0.5,-0.065375,180,0,0,122090
0,-13,-1,0.5,-0.06713,180,0,0,122104
0,-13,0,0.5,-0.068885,180,0,0,122119
0,-9,-1,0.5,-0.0701,180,0,0,122141
0,-7,-1,0.5,-0.071045,180,0,0,122155
0,-4,-1,0.5,-0.071585,180,0,0,122170
0,-6,-1,0.5,-0.072395,180,0,0,122187
0,-9,0,0.5,-0.07361,180,0,0,122204
0,-10,0,0.5,-0.07496,180,0,0,122223
0,-9,0,0.5,-0.076175,180,0,0,122240
0,-7,0,0.5,-0.07712,180,0,0,122253
0,-4,0,0.5,-0.07766,180,0,0,122271
0,-1,0,0.5,-0.077795,180,0,0,122286
0,0,0,0.5,-0.077795,180,0,0,122303
0,7,-3,0.5,-0.07685,180,0,0,122326
0,0,0,0.5,-0.07685,180,0,0,122337
0,6,-2,0.5,-0.07604,180,0,0,122354
0,7,-2,0.5,-0.075095,180,0,0,122370
0,9,-2,0.5,-0.07388,180,0,0,122390
0,26,-4,0.5,-0.07037,180,0,0,122406
0,0,0,0.5,-0.07037,180,0,0,122420
0,43,-5,0.5,-0.064565,180,0,0,122442
0,25,-2,0.5,-0.06119,180,0,0,122455
0,25,-1,0.5,-0.057815,180,0,0,122472
0,24,0,0.5,-0.054575,180,0,0,122486
0,23,0,0.5,-0.05147,180,0,0,122504
0,24,0,0.5,-0.04823,180,0,0,122521
0,26,-1,0.5,-0.04472,180,0,0,122538
0,26,0,0.5,-0.04121,180,0,0,122553
0,27,-1,0.5,-0.037565,180,0,0,122572
0,30,-2,0.5,-0.033515,180,0,0,122592
0,30,-2,0.5,-0.029465,180,0,0,122604
0,29,-3,0.5,-0.02555,180,0,0,122622
0,30,-5,0.5,-0.0215,180,0,0,122639
0,29,-6,0.5,-0.017585,180,0,0,122657
0,24,-8,0.5,-0.014345,180,0,0,122676
0,20,-9,0.5,-0.011645,180,0,0,122691
0,35,-19,0.5,-0.00692,180,0,0,122717
0,0,0,0.5,-0.00692,180,0,0,122723
0,13,-8,0.5,-0.005165,180,0,0,122741
0,19,-15,0.5,-0.0026,180,0,0,122761
0,0,0,0.5,-0.0026,180,0,0,122772
0,9,-13,0.5,-0.001385,180,0,0,122792
0,1,-6,0.5,-0.00125,180,0,0,122807
0,-2,-2,0.5,-0.00152,180,0,0,122823
0,-6,-10,0.5,-0.00233,180,0,0,122845
0,-10,-6,0.5,-0.00368,180,0,0,122863
0,-12,-5,0.5,-0.0053,180,0,0,122874
0,-18,-4,0.5,-0.00773,180,0,0,122889
0,-19,-2,0.5,-0.010295,180,0,0,122905
0,-19,-3,0.5,-0.01286,180,0,0,122922
0,-18,-2,0.5,-0.01529,180,0,0,122938
0,-14,-2,0.5,-0.01718,180,0,0,122958
0,-8,-2,0.5,-0.01826,180,0,0,122973
0,-4,-2,0.5,-0.0188,180,0,0,122988
0,0,-2,0.5,-0.0188,180,0,0,123005
0,3,-2,0.5,-0.018395,180,0,0,123023
0,7,-2,0.5,-0.01745,180,0,0,123042
0,8,-2,0.5,-0.01637,180,0,0,123057
0,10,-1,0.5,-0.01502,180,0,0,123080
0,13,-2,0.5,-0.013265,180,0,0,123089
0,16,-2,0.5,-0.011105,180,0,0,123107
0,19,-2,0.5,-0.00854,180,0,0,123124
0,23,-2,0.5,-0.005435,180,0,0,123138
0,50,-3,0.5,0.001315,180,0,0,123164
0,0,-3,0.5,0.001315,180,0,0,123174
0,44,-6,0.5,0.007255,180,0,0,123191
0,21,-2,0.5,0.01009,180,0,0,123207
0,21,-3,0.5,0.012925,180,0,0,123223
0,18,-2,0.5,0.015355,180,0,0,123243
0,17,-3,0.5,0.01765,180,0,0,123260
0,14,-4,0.5,0.01954,180,0,0,123274
0,13,-5,0.5,0.021295,180,0,0,123290
0,15,-5,0.5,0.02332,180,0,0,123308
0,16,-6,0.5,0.02548,180,0,0,123325
0,18,-7,0.5,0.02791,180,0,0,123342
0,20,-8,0.5,0.03061,180,0,0,123359
0,23,-10,0.5,0.033715,180,0,0,123375
0,22,-11,0.5,0.036685,180,0,0,123392
0,23,-13,0.5,0.03979,180,0,0,123410
0,20,-14,0.5,0.04249,180,0,0,123425
0,19,-13,0.5,0.045055,180,0,0,123446
0,16,-11,0.5,0.047215,180,0,0,123463
0,17,-10,0.5,0.04951,180,0,0,123477
0,14,-9,0.5,0.0514,180,0,0,123494
0,14,-10,0.5,0.05329,180,0,0,123510
0,33,-21,0.5,0.057745,180,0,0,123531
0,19,-11,0.5,0.06031,180,0,0,123549
0,22,-10,0.5,0.06328,180,0,0,123563
0,24,-10,0.5,0.06652,180,0,0,123576
0,26,-11,0.5,0.07003,180,0,0,123592
0,25,-12,0.5,0.073405,180,0,0,123614
0,22,-14,0.5,0.076375,180,0,0,123646
0,38,-30,0.5,0.081505,180,0,0,123666
0,17,-14,0.5,0.0838,180,0,0,123678
0,18,-13,0.5,0.08623,180,0,0,123697
0,20,-12,0.5,0.08893,180,0,0,123716
0,18,-11,0.5,0.09136,180,0,0,123731
0,21,-12,0.5,0.094195,180,0,0,123744
0,23,-11,0.5,0.0973,180,0,0,123756
0,0,0,0.5,0.0973,180,0,0,123762
0,26,-11,0.5,0.10081,180,0,0,123784
0,31,-11,0.5,0.104995,180,0,0,123799
0,66,-22,0.5,0.113905,180,0,0,123828
0,33,-13,0.5,0.11836,180,0,0,123842
0,31,-15,0.5,0.122545,180,0,0,123855
0,27,-15,0.5,0.12619,180,0,0,123868
0,26,-16,0.5,0.1297,180,0,0,123884
0,25,-14,0.5,0.133075,180,0,0,123902
0,25,-13,0.5,0.13645,180,0,0,123924
0,24,-12,0.5,0.13969,180,0,0,123940
0,27,-12,0.5,0.143335,180,0,0,123952
0,29,-12,0.5,0.14725,180,0,0,123965
0,31,-13,0.5,0.151435,180,0,0,123985
0,32,-12,0.5,0.155755,180,0,0,124002
0,35,-11,0.5,0.16048,180,0,0,124016
0,34,-12,0.5,0.16507,180,0,0,124033
0,34,-14,0.5,0.16966,180,0,0,124050
0,33,-15,0.5,0.174115,180,0,0,124068
0,28,-16,0.5,0.177895,180,0,0,124088
0,27,-14,0.5,0.18154,180,0,0,124100
0,30,-13,0.5,0.18559,180,0,0,124117
0,30,-12,0.5,0.18964,180,0,0,124134
0,34,-12,0.5,0.19423,180,0,0,124149
0,36,-13,0.5,0.19909,180,0,0,124168
0,81,-18,0.5,0.210025,180,0,0,124186
0,39,-20,0.5,0.21529,180,0,0,124204
0,39,-14,0.5,0.220555,180,0,0,124218
0,34,-15,0.5,0.225145,180,0,0,124235
0,33,-17,0.5,0.2296,180,0,0,124251
0,28,-16,0.5,0.23338,180,0,0,124269
0,29,-14,0.5,0.237295,180,0,0,124283
0,30,-13,0.5,0.241345,180,0,0,124301
0,27,-13,0.5,0.24499,180,0,0,124316
0,27,-11,0.5,0.248635,180,0,0,124334
0,29,-12,0.5,0.25255,180,0,0,124353
0,30,-13,0.5,0.2566,180,0,0,124365
0,33,-13,0.5,0.261055,180,0,0,124381
0,29,-10,0.5,0.26497,180,0,0,124400
0,17,-4,0.5,0.267265,180,0,0,124414
0,33,-13,0.5,0.27172,180,0,0,124435
0,30,-14,0.5,0.27577,180,0,0,124456
0,55,-33,0.5,0.283195,180,0,0,124480
0,25,-16,0.5,0.28657,180,0,0,124492
0,0,0,0.5,0.28657,180,0,0,124497
0,23,-14,0.5,0.289675,180,0,0,124516
0,23,-13,0.5,0.29278,180,0,0,124533
0,24,-12,0.5,0.29602,180,0,0,124550
0,59,-12,0.5,0.303985,180,0,0,124568
0,33,-12,0.5,0.30844,180,0,0,124582
0,0,-12,0.5,0.30844,180,0,0,124598
0,75,-22,0.5,0.318565,180,0,0,124619
0,39,-14,0.5,0.32383,180,0,0,124635
0,38,-15,0.5,0.32896,180,0,0,124652
0,35,-16,0.5,0.333685,180,0,0,124667
0,34,-17,0.5,0.338275,180,0,0,124682
0,32,-16,0.5,0.342595,180,0,0,124699
0,32,-14,0.5,0.346915,180,0,0,124718
0,33,-13,0.5,0.35137,180,0,0,124741
0,36,-13,0.5,0.35623,180,0,0,124755
0,39,-12,0.5,0.361495,180,0,0,124766
0,42,-12,0.5,0.367165,180,0,0,124782
0,43,-12,0.5,0.37297,180,0,0,124798
0,43,-12,0.5,0.378775,180,0,0,124815
0,40,-13,0.5,0.384175,180,0,0,124834
0,37,-15,0.5,0.38917,180,0,0,124852
0,35,-16,0.5,0.393895,180,0,0,124866
0,31,-16,0.5,0.39808,180,0,0,124884
0,32,-15,0.5,0.4024,180,0,0,124901
0,67,-27,0.5,0.411445,180,0,0,124922
0,0,0,0.5,0.411445,180,0,0,124929
0,38,-12,0.5,0.416575,180,0,0,124954
0,39,-11,0.5,0.42184,180,0,0,124966
0,79,-24,0.5,0.432505,180,0,0,124988
0,40,-12,0.5,0.437905,180,0,0,125003
0,37,-13,0.5,0.4429,180,0,0,125016
0,38,-13,0.5,0.44803,180,0,0,125034
0,35,-14,0.5,0.452755,180,0,0,125052
0,33,-15,0.5,0.45721,180,0,0,125066
0,32,-16,0.5,0.46153,180,0,0,125084
0,27,-15,0.5,0.465175,180,0,0,125101
0,26,-15,0.5,0.468685,180,0,0,125118
0,24,-13,0.5,0.471925,180,0,0,125132
0,22,-12,0.5,0.474895,180,0,0,125148
0,19,-11,0.5,0.47746,180,0,0,125167
0,19,-11,0.5,0.480025,180,0,0,125184
0,21,-11,0.5,0.48286,180,0,0,125199
0,23,-11,0.5,0.485965,180,0,0,125215
0,25,-11,0.5,0.48934,180,0,0,125232
0,26,-11,0.5,0.49285,180,0,0,125249
0,25,-10,0.5,0.496225,180,0,0,125266
0,26,-9,0.5,0.499735,180,0,0,125282
0,26,-9,0.5,0.503245,180,0,0,125297
0,28,-10,0.5,0.507025,180,0,0,125316
0,64,-15,0.5,0.515665,180,0,0,125338
0,33,-22,0.5,0.52012,180,0,0,125358
0,32,-12,0.5,0.52444,180,0,0,125375
0,29,-11,0.5,0.528355,180,0,0,125388
0,30,-3,0.5,0.532405,180,0,0,125400
0,30,-16,0.5,0.536455,180,0,0,125418
0,32,-8,0.5,0.540775,180,0,0,125431
0,33,-7,0.5,0.54523,180,0,0,125449
0,35,-7,0.5,0.549955,180,0,0,125467
0,38,-7,0.5,0.555085,180,0,0,125483
0,39,-7,0.5,0.56035,180,0,0,125498
0,37,-7,0.5,0.565345,180,0,0,125515
0,43,-10,0.5,0.57115,180,0,0,125531
0,42,-10,0.5,0.57682,180,0,0,125548
0,44,-12,0.5,0.58276,180,0,0,125566
0,43,-11,0.5,0.588565,180,0,0,125583
0,40,-12,0.5,0.593965,180,0,0,125599
0,37,-11,0.5,0.59896,180,0,0,125616
0,38,-10,0.5,0.60409,180,0,0,125632
0,36,-9,0.5,0.60895,180,0,0,125651
0,36,-8,0.5,0.61381,180,0,0,125668
0,38,-7,0.5,0.61894,180,0,0,125682
0,38,-7,0.5,0.62407,180,0,0,125698
0,39,-7,0.5,0.629335,180,0,0,125715
0,39,-7,0.5,0.6346,180,0,0,125732
0,38,-7,0.5,0.63973,180,0,0,125750
0,38,-8,0.5,0.64486,180,0,0,125765
0,83,-14,0.5,0.656065,180,0,0,125786
0,41,-12,0.5,0.6616,180,0,0,125801
0,41,-13,0.5,0.667135,180,0,0,125817
0,36,-9,0.5,0.671995,180,0,0,125833
0,36,-9,0.5,0.676855,180,0,0,125849
0,33,-7,0.5,0.68131,180,0,0,125865
0,31,-6,0.5,0.685495,180,0,0,125881
0,30,-6,0.5,0.689545,180,0,0,125901
0,27,-5,0.5,0.69319,180,0,0,125915
0,26,-6,0.5,0.6967,180,0,0,125933
0,22,-6,0.5,0.69967,180,0,0,125948
0,19,-8,0.5,0.702235,180,0,0,125967
0,14,-10,0.5,0.704125,180,0,0,125982
0,11,-11,0.5,0.70561,180,0,0,125998
0,6,-11,0.5,0.70642,180,0,0,126015
0,0,-11,0.5,0.70642,180,0,0,126032
0,-5,-11,0.5,0.705745,180,0,0,126054
0,-10,-11,0.5,0.704395,180,0,0,126067
0,-12,-11,0.5,0.702775,180,0,0,126085
0,-13,-11,0.5,0.70102,180,0,0,126098
0,-9,-10,0.5,0.699805,180,0,0,126116
0,-8,-10,0.5,0.698725,180,0,0,126137
0,-6,-15,0.5,0.697915,180,0,0,126154
0,0,-6,0.5,0.697915,180,0,0,126167
0,0,0,0.5,0.697915,180,0,0,126178
0,1,-6,0.5,0.69805,180,0,0,126197
0,0,-9,0.5,0.69805,180,0,0,126214
0,0,-3,0.5,0.69805,180,0,0,126234
0,0,-3,0.5,0.69805,180,0,0,126247
0,0,-4,0.5,0.69805,180,0,0,126264
0,1,-5,0.5,0.698185,180,0,0,126281
0,5,-5,0.5,0.69886,180,0,0,126297
0,6,-4,0.5,0.69967,180,0,0,126314
0,9,-3,0.5,0.700885,180,0,0,126330
0,9,-2,0.5,0.7021,180,0,0,126348
0,8,-1,0.5,0.70318,180,0,0,126363
0,7,-2,0.5,0.704125,180,0,0,126380
0,7,-1,0.5,0.70507,180,0,0,126396
0,7,-2,0.5,0.706015,180,0,0,126413
0,9,-2,0.5,0.70723,180,0,0,126429
0,12,-3,0.5,0.70885,180,0,0,126449
0,15,-4,0.5,0.71,180,0,0,126467
