0,57,39,0.5,-0.702305,180,0,0,231753
0,1,9,0.5,-0.70217,180,0,0,231760
0,-1,6,0.5,-0.702305,180,0,0,231768
0,0,0,0.5,-0.702305,180,0,0,231775
0,-1,4,0.5,-0.70244,180,0,0,231794
0,0,4,0.5,-0.70244,180,0,0,231811
0,2,3,0.5,-0.70217,180,0,0,231826
0,7,4,0.5,-0.701225,180,0,0,231843
0,10,4,0.5,-0.699875,180,0,0,231860
0,11,5,0.5,-0.69839,180,0,0,231876
0,26,12,0.5,-0.69488,180,0,0,231903
0,16,7,0.5,-0.69272,180,0,0,231913
0,16,8,0.5,-0.69056,180,0,0,231928
0,18,8,0.5,-0.68813,180,0,0,231944
0,18,9,0.5,-0.6857,180,0,0,231961
0,17,9,0.5,-0.683405,180,0,0,231981
0,17,7,0.5,-0.68111,180,0,0,231994
0,15,7,0.5,-0.679085,180,0,0,232010
0,12,6,0.5,-0.677465,180,0,0,232026
0,10,6,0.5,-0.676115,180,0,0,232043
0,6,6,0.5,-0.675305,180,0,0,232060
0,4,8,0.5,-0.674765,180,0,0,232077
0,1,10,0.5,-0.67463,180,0,0,232097
0,-1,10,0.5,-0.674765,180,0,0,232113
0,-5,11,0.5,-0.67544,180,0,0,232130
0,-8,11,0.5,-0.67652,180,0,0,232148
0,-11,8,0.5,-0.678005,180,0,0,232162
0,-11,7,0.5,-0.67949,180,0,0,232178
0,-13,4,0.5,-0.681245,180,0,0,232194
0,-11,1,0.5,-0.68273,180,0,0,232210
0,-8,0,0.5,-0.68381,180,0,0,232225
0,-8,-1,0.5,-0.68489,180,0,0,232242
0,-7,-1,0.5,-0.685835,180,0,0,232259
0,-9,-1,0.5,-0.68705,180,0,0,232276
0,-27,-4,0.5,-0.690695,180,0,0,232295
0,-17,-2,0.5,-0.69299,180,0,0,232311
0,-20,-1,0.5,-0.69569,180,0,0,232326
0,-23,0,0.5,-0.698795,180,0,0,232342
0,-22,0,0.5,-0.701765,180,0,0,232359
0,-20,0,0.5,-0.704465,180,0,0,232375
0,-19,0,0.5,-0.70703,180,0,0,232392
0,-14,0,0.5,-0.70892,180,0,0,232409
0,-12,0,0.5,-0.71,180,0,0,232426
0,-8,1,0.5,-0.71,180,0,0,232443
0,-5,1,0.5,-0.71,180,0,0,232459
0,-2,2,0.5,-0.71,180,0,0,232477
0,1,2,0.5,-0.709865,180,0,0,232493
0,2,3,0.5,-0.709595,180,0,0,232510
0,4,2,0.5,-0.709055,180,0,0,232525
0,4,3,0.5,-0.708515,180,0,0,232543
0,3,3,0.5,-0.70811,180,0,0,232560
0,3,3,0.5,-0.707705,180,0,0,232576
0,3,2,0.5,-0.7073,180,0,0,232592
0,6,3,0.5,-0.70649,180,0,0,232611
0,5,2,0.5,-0.705815,180,0,0,232627
0,9,2,0.5,-0.7046,180,0,0,232644
0,9,4,0.5,-0.703385,180,0,0,232661
0,9,5,0.5,-0.70217,180,0,0,232677
0,17,12,0.5,-0.699875,180,0,0,232696
0,8,9,0.5,-0.698795,180,0,0,232712
0,9,9,0.5,-0.69758,180,0,0,232729
0,10,10,0.5,-0.69623,180,0,0,232748
0,12,10,0.5,-0.69461,180,0,0,232768
0,13,10,0.5,-0.692855,180,0,0,232779
0,15,12,0.5,-0.69083,180,0,0,232794
0,15,12,0.5,-0.688805,180,0,0,232817
0,16,12,0.5,-0.686645,180,0,0,232832
0,19,11,0.5,-0.68408,180,0,0,232848
0,20,11,0.5,-0.68138,180,0,0,232862
0,22,10,0.5,-0.67841,180,0,0,232879
0,24,10,0.5,-0.67517,180,0,0,232894
0,26,10,0.5,-0.67166,180,0,0,232913
0,27,10,0.5,-0.668015,180,0,0,232928
0,28,10,0.5,-0.664235,180,0,0,232951
0,28,10,0.5,-0.660455,180,0,0,232961
0,28,10,0.5,-0.656675,180,0,0,232978
0,29,10,0.5,-0.65276,180,0,0,232994
0,29,10,0.5,-0.648845,180,0,0,233013
0,29,10,0.5,-0.64493,180,0,0,233029
0,29,11,0.5,-0.641015,180,0,0,233046
0,44,22,0.5,-0.635075,180,0,0,233074
0,16,11,0.5,-0.632915,180,0,0,233089
0,15,11,0.5,-0.63089,180,0,0,233100
0,13,10,0.5,-0.629135,180,0,0,233117
0,14,10,0.5,-0.627245,180,0,0,233129
0,14,9,0.5,-0.625355,180,0,0,233144
0,14,8,0.5,-0.623465,180,0,0,233167
0,15,7,0.5,-0.62144,180,0,0,233180
0,13,5,0.5,-0.619685,180,0,0,233194
0,12,4,0.5,-0.618065,180,0,0,233211
0,10,4,0.5,-0.616715,180,0,0,233228
0,8,4,0.5,-0.615635,180,0,0,233248
0,4,4,0.5,-0.615095,180,0,0,233260
0,1,3,0.5,-0.61496,180,0,0,233276
0,0,3,0.5,-0.61496,180,0,0,233292
0,-2,2,0.5,-0.61523,180,0,0,233310
0,-8,1,0.5,-0.61631,180,0,0,233325
0,-10,0,0.5,-0.61766,180,0,0,233343
0,-18,0,0.5,-0.62009,180,0,0,233358
0,-21,0,0.5,-0.622925,180,0,0,233375
0,-24,0,0.5,-0.626165,180,0,0,233394
0,-25,0,0.5,-0.62954,180,0,0,233409
0,-24,0,0.5,-0.63278,180,0,0,233428
0,-20,0,0.5,-0.63548,180,0,0,233442
0,-18,1,0.5,-0.63791,180,0,0,233460
0,-15,3,0.5,-0.639935,180,0,0,233477
0,-18,7,0.5,-0.642365,180,0,0,233495
0,-3,3,0.5,-0.64277,180,0,0,233510
0,0,3,0.5,-0.64277,180,0,0,233526
0,3,3,0.5,-0.642365,180,0,0,233543
0,4,2,0.5,-0.641825,180,0,0,233559
0,6,3,0.5,-0.641015,180,0,0,233577
0,5,2,0.5,-0.64034,180,0,0,233592
0,5,2,0.5,-0.639665,180,0,31,233610
0,4,2,0.5,-0.639125,180,0,31,233626
0,4,2,0.5,-0.638585,180,0,31,233643
0,3,2,0.5,-0.63818,180,0,0,233661
0,0,2,0.5,-0.63818,180,0,0,233677
0,2,3,0.5,-0.63791,180,0,0,233693
0,1,2,0.5,-0.637775,180,0,0,233709
0,2,1,0.5,-0.637505,180,0,0,233726
0,3,1,0.5,-0.6371,180,0,0,233742
0,6,1,0.5,-0.63629,180,0,0,233761
0,4,1,0.5,-0.63575,180,0,31,233776
0,3,1,0.5,-0.635345,180,0,31,233792
0,4,2,0.5,-0.634805,180,0,31,233811
0,5,4,0.5,-0.63413,180,0,31,233830
0,7,4,0.5,-0.633185,180,0,31,233845
0,8,5,0.5,-0.632105,180,0,31,233863
0,8,6,0.5,-0.631025,180,0,31,233878
0,7,6,0.5,-0.63008,180,0,0,233893
0,10,11,0.5,-0.62873,180,0,0,233911
0,5,7,0.5,-0.628055,180,0,0,233929
0,3,6,0.5,-0.62765,180,0,0,233947
0,0,6,0.5,-0.62765,180,0,0,233961
0,-5,6,0.5,-0.628325,180,0,0,233980
0,-11,6,0.5,-0.62981,180,0,0,233994
0,-15,5,0.5,-0.631835,180,0,0,234011
0,-13,4,0.5,-0.63359,180,0,0,234027
0,-13,3,0.5,-0.635345,180,0,0,234044
0,-12,2,0.5,-0.636965,180,0,0,234060
0,-10,2,0.5,-0.638315,180,0,0,234076
0,-5,1,0.5,-0.63899,180,0,0,234093
0,-2,1,0.5,-0.63926,180,0,0,234110
0,0,0,0.5,-0.63926,180,0,0,234125
0,3,0,0.5,-0.638855,180,0,31,234143
0,2,0,0.5,-0.638585,180,0,31,234158
0,3,0,0.5,-0.63818,180,0,31,234175
0,3,1,0.5,-0.637775,180,0,31,234193
0,1,1,0.5,-0.63764,180,0,31,234211
0,2,1,0.5,-0.63737,180,0,31,234225
0,1,2,0.5,-0.637235,180,0,31,234245
0,4,3,0.5,-0.636695,180,0,31,234259
0,5,4,0.5,-0.63602,180,0,31,234278
0,6,5,0.5,-0.63521,180,0,31,234294
0,14,12,0.5,-0.63332,180,0,31,234314
0,6,7,0.5,-0.63251,180,0,31,234328
0,6,7,0.5,-0.6317,180,0,31,234346
0,7,6,0.5,-0.630755,180,0,31,234360
0,7,5,0.5,-0.62981,180,0,31,234377
0,8,4,0.5,-0.62873,180,0,31,234394
0,9,4,0.5,-0.627515,180,0,31,234409
0,9,2,0.5,-0.6263,180,0,31,234426
0,8,1,0.5,-0.62522,180,0,31,234442
0,6,0,0.5,-0.62441,180,0,31,234459
0,7,-2,0.5,-0.623465,180,0,31,234476
0,10,-2,0.5,-0.622115,180,0,31,234492
0,12,-1,0.5,-0.620495,180,0,0,234510
0,13,-1,0.5,-0.61874,180,0,0,234526
0,11,0,0.5,-0.617255,180,0,0,234543
0,5,0,0.5,-0.61658,180,0,0,234558
0,2,1,0.5,-0.61631,180,0,0,234576
0,-2,1,0.5,-0.61658,180,0,0,234592
0,-7,1,0.5,-0.617525,180,0,0,234609
0,-8,1,0.5,-0.618605,180,0,0,234625
0,-10,2,0.5,-0.619955,180,0,0,234645
0,-15,4,0.5,-0.62198,180,0,0,234667
0,-6,2,0.5,-0.62279,180,0,0,234677
0,0,0,0.5,-0.62279,180,0,0,234692
0,-5,4,0.5,-0.623465,180,0,0,234710
0,-2,4,0.5,-0.623735,180,0,0,234727
0,-1,4,0.5,-0.62387,180,0,0,234744
0,-1,4,0.5,-0.624005,180,0,31,234761
0,-4,6,0.5,-0.624545,180,0,0,234782
0,-5,5,0.5,-0.62522,180,0,0,234796
0,-6,5,0.5,-0.62603,180,0,0,234809
0,-5,5,0.5,-0.626705,180,0,0,234828
0,-6,5,0.5,-0.627515,180,0,0,234843
0,-7,4,0.5,-0.62846,180,0,0,234860
0,-10,5,0.5,-0.62981,180,0,0,234877
0,-12,4,0.5,-0.63143,180,0,0,234895
0,-14,3,0.5,-0.63332,180,0,0,234911
0,-15,2,0.5,-0.635345,180,0,0,234925
0,-16,1,0.5,-0.637505,180,0,0,234942
0,-16,0,0.5,-0.639665,180,0,0,234964
0,-15,0,0.5,-0.64169,180,0,0,234976
0,-13,0,0.5,-0.643445,180,0,0,234992
0,-9,0,0.5,-0.64466,180,0,0,235008
0,-7,0,0.5,-0.645605,180,0,0,235025
0,-1,0,0.5,-0.64574,180,0,0,235042
0,0,0,0.5,-0.64574,180,0,0,235059
0,8,0,0.5,-0.64466,180,0,31,235078
0,0,0,0.5,-0.64466,180,0,31,235091
0,8,1,0.5,-0.64358,180,0,31,235109
0,2,0,0.5,-0.64331,180,0,31,235126
0,1,0,0.5,-0.643175,180,0,31,235142
0,0,0,0.5,-0.643175,180,0,31,235158
0,0,0,0.5,-0.643175,180,0,31,235175
0,-2,-2,0.5,-0.643445,180,0,31,235194
0,0,-1,0.5,-0.643445,180,0,31,235211
0,3,0,0.5,-0.64304,180,0,31,235226
0,4,0,0.5,-0.6425,180,0,31,235242
0,6,0,0.5,-0.64169,180,0,31,235258
0,9,0,0.5,-0.640475,180,0,31,235275
0,9,1,0.5,-0.63926,180,0,31,235293
0,12,1,0.5,-0.63764,180,0,31,235309
0,12,2,0.5,-0.63602,180,0,31,235326
0,13,3,0.5,-0.634265,180,0,31,235344
0,12,4,0.5,-0.632645,180,0,31,235362
0,9,3,0.5,-0.63143,180,0,31,235377
0,6,4,0.5,-0.63062,180,0,0,235393
0,4,3,0.5,-0.63008,180,0,0,235409
0,2,2,0.5,-0.62981,180,0,0,235426
0,0,2,0.5,-0.62981,180,0,0,235443
0,-1,2,0.5,-0.629945,180,0,0,235459
0,-2,2,0.5,-0.630215,180,0,0,235475
0,-7,1,0.5,-0.63116,180,0,0,235492
0,-8,1,0.5,-0.63224,180,0,0,235510
0,-22,0,0.5,-0.63521,180,0,0,235525
0,-15,0,0.5,-0.637235,180,0,0,235542
0,-16,0,0.5,-0.639395,180,0,0,235559
0,-18,-1,0.5,-0.641825,180,0,0,235577
0,-18,-2,0.5,-0.644255,180,0,0,235593
0,-17,-2,0.5,-0.64655,180,0,0,235611
0,-16,-3,0.5,-0.64871,180,0,0,235626
0,-11,-2,0.5,-0.650195,180,0,0,235642
0,-8,-1,0.5,-0.651275,180,0,0,235660
0,-5,-1,0.5,-0.65195,180,0,0,235676
0,-2,0,0.5,-0.65222,180,0,31,235694
0,0,0,0.5,-0.65222,180,0,31,235711
0,1,1,0.5,-0.652085,180,0,31,235725
0,0,0,0.5,-0.652085,180,0,31,235743
0,1,0,0.5,-0.65195,180,0,31,235759
0,-1,0,0.5,-0.652085,180,0,31,235775
0,-2,0,0.5,-0.652355,180,0,31,235792
0,-1,0,0.5,-0.65249,180,0,31,235809
0,-2,-2,0.5,-0.65276,180,0,31,235826
0,-1,-1,0.5,-0.652895,180,0,31,235842
0,-1,-1,0.5,-0.65303,180,0,31,235861
0,0,0,0.5,-0.65303,180,0,31,235875
0,3,0,0.5,-0.652625,180,0,31,235892
0,13,-1,0.5,-0.65087,180,0,31,235915
0,9,-1,0.5,-0.649655,180,0,31,235928
0,12,0,0.5,-0.648035,180,0,31,235942
0,13,-1,0.5,-0.64628,180,0,31,235958
0,16,0,0.5,-0.64412,180,0,31,235979
0,17,0,0.5,-0.641825,180,0,31,235996
0,18,0,0.5,-0.639395,180,0,31,236008
0,17,0,0.5,-0.6371,180,0,31,236029
0,19,0,0.5,-0.634535,180,0,31,236042
0,18,0,0.5,-0.632105,180,0,31,236058
0,16,0,0.5,-0.629945,180,0,31,236077
0,16,0,0.5,-0.627785,180,0,31,236093
0,17,0,0.5,-0.62549,180,0,31,236109
0,17,0,0.5,-0.623195,180,0,31,236125
0,17,0,0.5,-0.6209,180,0,31,236143
0,18,0,0.5,-0.61847,180,0,31,236158
0,14,0,0.5,-0.61658,180,0,31,236177
0,12,0,0.5,-0.61496,180,0,31,236192
0,10,1,0.5,-0.61361,180,0,0,236210
0,7,1,0.5,-0.612665,180,0,0,236225
0,5,2,0.5,-0.61199,180,0,0,236242
0,7,4,0.5,-0.611045,180,0,0,236262
0,3,3,0.5,-0.61064,180,0,0,236280
0,0,0,0.5,-0.61064,180,0,0,236291
0,1,3,0.5,-0.610505,180,0,0,236309
0,-6,5,0.5,-0.611315,180,0,0,236326
0,-7,2,0.5,-0.61226,180,0,0,236345
0,-7,3,0.5,-0.613205,180,0,0,236360
0,-4,2,0.5,-0.613745,180,0,0,236379
0,-2,2,0.5,-0.614015,180,0,0,236393
0,-1,2,0.5,-0.61415,180,0,0,236411
0,0,1,0.5,-0.61415,180,0,0,236426
0,2,2,0.5,-0.61388,180,0,0,236443
0,0,2,0.5,-0.61388,180,0,0,236459
0,-1,2,0.5,-0.614015,180,0,0,236478
0,-3,2,0.5,-0.61442,180,0,0,236494
0,-3,2,0.5,-0.614825,180,0,0,236511
0,-2,3,0.5,-0.615095,180,0,0,236527
0,-2,3,0.5,-0.615365,180,0,0,236546
0,-3,3,0.5,-0.61577,180,0,0,236564
0,-3,3,0.5,-0.616175,180,0,0,236581
0,-2,4,0.5,-0.616445,180,0,0,236602
0,-2,5,0.5,-0.616715,180,0,0,236612
0,-1,5,0.5,-0.61685,180,0,0,236629
0,0,11,0.5,-0.61685,180,0,0,236651
0,1,6,0.5,-0.616715,180,0,0,236671
0,0,7,0.5,-0.616715,180,0,0,236684
0,0,7,0.5,-0.616715,180,0,0,236695
0,-1,7,0.5,-0.61685,180,0,0,236714
0,0,7,0.5,-0.61685,180,0,0,236728
0,-1,7,0.5,-0.616985,180,0,0,236748
0,1,7,0.5,-0.61685,180,0,0,236761
0,1,7,0.5,-0.616715,180,0,0,236780
0,3,6,0.5,-0.61631,180,0,0,236794
0,5,6,0.5,-0.615635,180,0,0,236817
0,6,6,0.5,-0.614825,180,0,0,236829
0,8,7,0.5,-0.613745,180,0,0,236846
0,8,8,0.5,-0.612665,180,0,0,236862
0,9,8,0.5,-0.61145,180,0,0,236880
0,7,8,0.5,-0.610505,180,0,0,236898
0,8,8,0.5,-0.609425,180,0,0,236914
0,9,9,0.5,-0.60821,180,0,0,236933
0,8,9,0.5,-0.60713,180,0,0,236947
0,8,9,0.5,-0.60605,180,0,0,236963
0,7,9,0.5,-0.605105,180,0,0,236981
0,6,9,0.5,-0.604295,180,0,0,236996
0,5,9,0.5,-0.60362,180,0,0,237015
0,2,9,0.5,-0.60335,180,0,0,237030
0,1,9,0.5,-0.603215,180,0,0,237047
0,-4,9,0.5,-0.603755,180,0,0,237064
0,-6,18,0.5,-0.604565,180,0,0,237084
0,-6,8,0.5,-0.605375,180,0,0,237099
0,-5,8,0.5,-0.60605,180,0,0,237116
0,-5,7,0.5,-0.606725,180,0,0,237134
0,-3,7,0.5,-0.60713,180,0,0,237147
0,-2,8,0.5,-0.6074,180,0,0,237164
0,-2,9,0.5,-0.60767,180,0,0,237180
0,-2,10,0.5,-0.60794,180,0,0,237200
0,1,11,0.5,-0.607805,180,0,0,237216
0,0,11,0.5,-0.607805,180,0,0,237230
0,0,12,0.5,-0.607805,180,0,0,237251
0,1,13,0.5,-0.60767,180,0,0,237266
0,3,14,0.5,-0.607265,180,0,0,237282
0,6,15,0.5,-0.606455,180,0,0,237298
0,9,15,0.5,-0.60524,180,0,0,237315
0,11,15,0.5,-0.603755,180,0,0,237334
0,15,16,0.5,-0.60173,180,0,0,237348
0,16,15,0.5,-0.59957,180,0,0,237367
0,17,14,0.5,-0.597275,180,0,0,237385
0,15,12,0.5,-0.59525,180,0,0,237399
0,15,10,0.5,-0.593225,180,0,0,237415
0,20,14,0.5,-0.590525,180,0,0,237436
0,4,4,0.5,-0.589985,180,0,0,237449
0,1,6,0.5,-0.58985,180,0,0,237466
0,-3,6,0.5,-0.590255,180,0,0,237480
0,-6,8,0.5,-0.591065,180,0,0,237497
0,-6,9,0.5,-0.591875,180,0,0,237517
0,-4,9,0.5,-0.592415,180,0,0,237534
0,0,10,0.5,-0.592415,180,0,0,237548
0,0,10,0.5,-0.592415,180,0,0,237564
0,0,11,0.5,-0.592415,180,0,0,237584
0,1,12,0.5,-0.59228,180,0,0,237600
0,4,13,0.5,-0.59174,180,0,0,237618
0,5,13,0.5,-0.591065,180,0,0,237630
0,7,13,0.5,-0.59012,180,0,0,237650
0,7,15,0.5,-0.589175,180,0,0,237671
0,6,15,0.5,-0.588365,180,0,0,237684
0,7,16,0.5,-0.58742,180,0,0,237700
0,7,17,0.5,-0.586475,180,0,0,237722
0,8,17,0.5,-0.585395,180,0,0,237737
0,9,18,0.5,-0.58418,180,0,0,237755
0,11,18,0.5,-0.582695,180,0,0,237766
0,16,18,0.5,-0.580535,180,0,0,237784
0,17,18,0.5,-0.57824,180,0,0,237807
0,38,30,0.5,-0.57311,180,0,0,237830
0,21,13,0.5,-0.570275,180,0,0,237841
0,18,12,0.5,-0.567845,180,0,0,237857
0,17,10,0.5,-0.56555,180,0,0,237869
0,17,9,0.5,-0.563255,180,0,0,237881
0,15,8,0.5,-0.56123,180,0,0,237901
0,17,7,0.5,-0.558935,180,0,0,237914
0,17,8,0.5,-0.55664,180,0,0,237931
0,17,9,0.5,-0.554345,180,0,0,237950
0,13,10,0.5,-0.55259,180,0,0,237968
0,10,11,0.5,-0.55124,180,0,0,237984
0,9,11,0.5,-0.550025,180,0,0,238000
0,8,11,0.5,-0.548945,180,0,0,238016
0,9,11,0.5,-0.54773,180,0,0,238035
0,11,11,0.5,-0.546245,180,0,0,238051
0,14,11,0.5,-0.544355,180,0,0,238066
0,14,11,0.5,-0.542465,180,0,0,238082
0,15,12,0.5,-0.54044,180,0,0,238104
0,14,11,0.5,-0.53855,180,0,0,238120
0,9,10,0.5,-0.537335,180,0,0,238133
0,5,9,0.5,-0.53666,180,0,0,238152
0,0,10,0.5,-0.53666,180,0,0,238169
0,-7,17,0.5,-0.537605,180,0,0,238191
0,-4,10,0.5,-0.538145,180,0,0,238211
0,0,10,0.5,-0.538145,180,0,0,238226
0,0,11,0.5,-0.538145,180,0,0,238236
0,4,12,0.5,-0.537605,180,0,0,238251
0,6,12,0.5,-0.536795,180,0,0,238267
0,6,11,0.5,-0.535985,180,0,0,238291
0,8,12,0.5,-0.534905,180,0,0,238306
0,10,11,0.5,-0.533555,180,0,0,238319
0,12,12,0.5,-0.531935,180,0,0,238334
0,14,13,0.5,-0.530045,180,0,0,238351
0,12,13,0.5,-0.528425,180,0,0,238371
0,12,14,0.5,-0.526805,180,0,0,238389
0,13,15,0.5,-0.52505,180,0,0,238407
0,15,15,0.5,-0.523025,180,0,0,238425
0,39,30,0.5,-0.51776,180,0,0,238447
0,25,15,0.5,-0.514385,180,0,0,238465
0,27,14,0.5,-0.51074,180,0,0,238478
0,30,13,0.5,-0.50669,180,0,0,238493
0,29,5,0.5,-0.502775,180,0,0,238502
0,0,7,0.5,-0.502775,180,0,0,238518
0,29,11,0.5,-0.49886,180,0,0,238541
0,53,18,0.5,-0.491705,180,0,0,238554
0,0,0,0.5,-0.491705,180,0,0,238563
0,26,8,0.5,-0.488195,180,0,0,238581
0,21,7,0.5,-0.48536,180,0,0,238598
0,28,17,0.5,-0.48158,180,0,0,238620
0,8,10,0.5,-0.4805,180,0,0,238633
0,3,10,0.5,-0.480095,180,0,0,238649
0,-1,7,0.5,-0.48023,180,0,0,238664
0,-5,7,0.5,-0.480905,180,0,0,238684
0,-7,5,0.5,-0.48185,180,0,0,238699
0,-8,3,0.5,-0.48293,180,0,0,238714
0,-9,2,0.5,-0.484145,180,0,0,238731
0,-11,0,0.5,-0.48563,180,0,0,238747
0,-13,0,0.5,-0.487385,180,0,0,238765
0,-16,1,0.5,-0.489545,180,0,0,238783
0,-19,3,0.5,-0.49211,180,0,0,238799
0,-22,3,0.5,-0.49508,180,0,0,238814
0,-23,3,0.5,-0.498185,180,0,0,238834
0,-21,3,0.5,-0.50102,180,0,0,238851
0,-17,3,0.5,-0.503315,180,0,0,238869
0,-13,3,0.5,-0.50507,180,0,0,238880
0,-10,3,0.5,-0.50642,180,0,0,238897
0,-6,3,0.5,-0.50723,180,0,0,238917
0,-3,4,0.5,-0.507635,180,0,0,238931
0,0,3,0.5,-0.507635,180,0,0,238947
0,1,2,0.5,-0.5075,180,0,0,238965
0,2,3,0.5,-0.50723,180,0,31,238981
0,8,7,0.5,-0.50615,180,0,31,239000
0,7,4,0.5,-0.505205,180,0,31,239017
0,8,5,0.5,-0.504125,180,0,0,239035
0,11,6,0.5,-0.50264,180,0,0,239052
0,9,5,0.5,-0.501425,180,0,0,239065
0,10,5,0.5,-0.500075,180,0,0,239081
0,11,4,0.5,-0.49859,180,0,0,239102
0,10,5,0.5,-0.49724,180,0,0,239119
0,9,6,0.5,-0.496025,180,0,0,239135
0,7,7,0.5,-0.49508,180,0,0,239161
0,3,8,0.5,-0.494675,180,0,0,239176
0,-1,8,0.5,-0.49481,180,0,0,239185
0,-5,6,0.5,-0.495485,180,0,0,239202
0,-8,6,0.5,-0.496565,180,0,0,239216
0,-20,10,0.5,-0.499265,180,0,0,239242
0,0,0,0.5,-0.499265,180,0,0,239252
0,-11,4,0.5,-0.50075,180,0,0,239265
0,-8,4,0.5,-0.50183,180,0,0,239282
0,-6,3,0.5,-0.50264,180,0,0,239298
0,-2,3,0.5,-0.50291,180,0,0,239319
0,1,5,0.5,-0.502775,180,0,0,239332
0,11,5,0.5,-0.50129,180,0,0,239352
0,7,9,0.5,-0.500345,180,0,0,239370
0,7,3,0.5,-0.4994,180,0,0,239386
0,8,2,0.5,-0.49832,180,0,0,239402
0,6,1,0.5,-0.49751,180,0,0,239414
0,7,0,0.5,-0.496565,180,0,0,239433
0,6,0,0.5,-0.495755,180,0,0,239451
0,6,0,0.5,-0.494945,180,0,0,239465
0,7,0,0.5,-0.494,180,0,0,239482
0,5,1,0.5,-0.493325,180,0,0,239498
0,6,2,0.5,-0.492515,180,0,0,239519
0,5,4,0.5,-0.49184,180,0,0,239539
0,5,6,0.5,-0.491165,180,0,0,239551
0,7,7,0.5,-0.49022,180,0,0,239566
0,11,6,0.5,-0.488735,180,0,0,239583
0,12,7,0.5,-0.487115,180,0,0,239600
0,10,6,0.5,-0.485765,180,0,0,239617
0,8,6,0.5,-0.484685,180,0,0,239633
0,5,6,0.5,-0.48401,180,0,0,239650
0,2,6,0.5,-0.48374,180,0,0,239669
0,0,6,0.5,-0.48374,180,0,0,239684
0,1,13,0.5,-0.483605,180,0,0,239707
0,2,7,0.5,-0.483335,180,0,0,239725
0,4,7,0.5,-0.482795,180,0,0,239737
0,4,8,0.5,-0.482255,180,0,0,239752
0,0,0,0.5,-0.482255,180,0,0,239765
0,11,15,0.5,-0.48077,180,0,0,239788
0,8,8,0.5,-0.47969,180,0,0,239801
0,8,7,0.5,-0.47861,180,0,0,239817
0,10,7,0.5,-0.47726,180,0,0,239838
0,11,7,0.5,-0.475775,180,0,0,239854
0,12,7,0.5,-0.474155,180,0,0,239869
0,12,6,0.5,-0.472535,180,0,0,239887
0,12,6,0.5,-0.470915,180,0,0,239901
0,12,7,0.5,-0.469295,180,0,0,239917
0,12,7,0.5,-0.467675,180,0,0,239940
0,11,7,0.5,-0.46619,180,0,0,239952
0,13,7,0.5,-0.464435,180,0,0,239971
0,13,8,0.5,-0.46268,180,0,0,239990
0,15,8,0.5,-0.460655,180,0,0,240005
0,15,8,0.5,-0.45863,180,0,0,240019
0,17,9,0.5,-0.456335,180,0,0,240036
0,16,8,0.5,-0.454175,180,0,0,240054
0,18,8,0.5,-0.451745,180,0,0,240069
0,20,8,0.5,-0.449045,180,0,0,240087
0,21,8,0.5,-0.44621,180,0,0,240103
0,23,8,0.5,-0.443105,180,0,0,240121
0,43,16,0.5,-0.4373,180,0,0,240142
0,21,8,0.5,-0.434465,180,0,0,240155
0,19,7,0.5,-0.4319,180,0,0,240171
0,16,7,0.5,-0.42974,180,0,0,240186
0,13,7,0.5,-0.427985,180,0,0,240208
0,10,7,0.5,-0.426635,180,0,0,240220
0,7,7,0.5,-0.42569,180,0,0,240236
0,4,7,0.5,-0.42515,180,0,0,240252
0,3,8,0.5,-0.424745,180,0,0,240274
0,3,9,0.5,-0.42434,180,0,0,240292
0,3,9,0.5,-0.423935,180,0,0,240303
0,1,10,0.5,-0.4238,180,0,0,240323
0,0,10,0.5,-0.4238,180,0,0,240338
0,0,10,0.5,-0.4238,180,0,0,240355
0,-1,10,0.5,-0.423935,180,0,0,240368
0,-2,10,0.5,-0.424205,180,0,0,240391
0,-6,9,0.5,-0.425015,180,0,0,240403
0,-6,8,0.5,-0.425825,180,0,0,240419
0,-6,8,0.5,-0.426635,180,0,0,240435
0,-7,8,0.5,-0.42758,180,0,0,240451
0,-16,12,0.5,-0.42974,180,0,0,240477
0,-8,5,0.5,-0.43082,180,0,0,240489
0,-7,3,0.5,-0.431765,180,0,0,240504
0,0,0,0.5,-0.431765,180,0,0,240516
0,-22,3,0.5,-0.434735,180,0,0,240538
0,-12,1,0.5,-0.436355,180,0,0,240553
0,-14,1,0.5,-0.438245,180,0,0,240569
0,-14,2,0.5,-0.440135,180,0,0,240585
0,-15,1,0.5,-0.44216,180,0,0,240601
0,-15,1,0.5,-0.444185,180,0,0,240617
0,-15,0,0.5,-0.44621,180,0,0,240633
0,-13,0,0.5,-0.447965,180,0,0,240652
0,-13,0,0.5,-0.44972,180,0,0,240667
0,-10,0,0.5,-0.45107,180,0,0,240683
0,-6,1,0.5,-0.45188,180,0,0,240704
0,-6,1,0.5,-0.45269,180,0,0,240721
0,-3,2,0.5,-0.453095,180,0,0,240735
0,-1,3,0.5,-0.45323,180,0,0,240751
0,0,3,0.5,-0.45323,180,0,0,240771
0,2,3,0.5,-0.45296,180,0,0,240786
0,4,4,0.5,-0.45242,180,0,0,240802
0,5,4,0.5,-0.451745,180,0,0,240818
0,4,3,0.5,-0.451205,180,0,0,240834
0,8,4,0.5,-0.450125,180,0,0,240851
0,6,3,0.5,-0.449315,180,0,0,240869
0,14,6,0.5,-0.447425,180,0,0,240890
0,9,4,0.5,-0.44621,180,0,0,240904
0,7,6,0.5,-0.445265,180,0,0,240921
0,5,7,0.5,-0.44459,180,0,0,240937
0,2,7,0.5,-0.44432,180,0,0,240955
0,-3,7,0.5,-0.444725,180,0,0,240973
0,-7,6,0.5,-0.44567,180,0,0,240990
0,-11,5,0.5,-0.447155,180,0,0,241004
0,-15,4,0.5,-0.44918,180,0,0,241020
0,-14,4,0.5,-0.45107,180,0,0,241036
0,-15,3,0.5,-0.453095,180,0,0,241052
0,-11,2,0.5,-0.45458,180,0,0,241074
0,-9,2,0.5,-0.455795,180,0,0,241087
0,-4,1,0.5,-0.456335,180,0,0,241102
0,0,0,0.5,-0.456335,180,0,0,241120
0,4,0,0.5,-0.455795,180,0,0,241134
0,6,0,0.5,-0.454985,180,0,31,241151
0,6,0,0.5,-0.454175,180,0,31,241170
0,7,0,0.5,-0.45323,180,0,31,241184
0,5,0,0.5,-0.452555,180,0,31,241201
0,5,0,0.5,-0.45188,180,0,31,241218
0,7,2,0.5,-0.450935,180,0,31,241241
0,0,0,0.5,-0.450935,180,0,31,241253
0,5,4,0.5,-0.45026,180,0,31,241272
0,4,4,0.5,-0.44972,180,0,31,241288
0,6,4,0.5,-0.44891,180,0,31,241303
0,7,6,0.5,-0.447965,180,0,31,241320
0,8,8,0.5,-0.446885,180,0,31,241342
0,9,8,0.5,-0.44567,180,0,31,241356
0,7,9,0.5,-0.444725,180,0,31,241372
0,8,9,0.5,-0.443645,180,0,31,241389
0,7,9,0.5,-0.4427,180,0,31,241407
0,8,8,0.5,-0.44162,180,0,31,241421
0,7,8,0.5,-0.440675,180,0,31,241438
0,6,7,0.5,-0.439865,180,0,31,241456
0,4,6,0.5,-0.439325,180,0,31,241473
0,2,5,0.5,-0.439055,180,0,31,241491
0,1,5,0.5,-0.43892,180,0,31,241507
0,1,4,0.5,-0.438785,180,0,31,241520
0,1,3,0.5,-0.43865,180,0,0,241537
0,3,4,0.5,-0.438245,180,0,0,241558
0,5,3,0.5,-0.43757,180,0,0,241577
0,8,4,0.5,-0.43649,180,0,0,241587
0,9,4,0.5,-0.435275,180,0,0,241603
0,10,4,0.5,-0.433925,180,0,0,241621
0,20,10,0.5,-0.431225,180,0,0,241641
0,10,5,0.5,-0.429875,180,0,0,241659
0,0,0,0.5,-0.429875,180,0,0,241668
0,11,5,0.5,-0.42839,180,0,0,241686
0,22,10,0.5,-0.42542,180,0,0,241712
0,14,6,0.5,-0.42353,180,0,0,241733
0,15,6,0.5,-0.421505,180,0,0,241747
0,17,6,0.5,-0.41921,180,0,0,241755
0,20,7,0.5,-0.41651,180,0,0,241773
0,19,7,0.5,-0.413945,180,0,0,241787
0,26,8,0.5,-0.410435,180,0,0,241806
0,24,7,0.5,-0.407195,180,0,0,241826
0,21,8,0.5,-0.40436,180,0,0,241840
0,21,8,0.5,-0.401525,180,0,0,241854
0,17,8,0.5,-0.39923,180,0,0,241878
0,15,8,0.5,-0.397205,180,0,0,241890
0,13,8,0.5,-0.39545,180,0,0,241904
0,13,9,0.5,-0.393695,180,0,0,241926
0,13,9,0.5,-0.39194,180,0,0,241941
0,13,9,0.5,-0.390185,180,0,0,241955
0,12,10,0.5,-0.388565,180,0,0,241973
0,13,9,0.5,-0.38681,180,0,0,241992
0,15,10,0.5,-0.384785,180,0,0,242006
0,15,10,0.5,-0.38276,180,0,0,242024
0,22,20,0.5,-0.37979,180,0,0,242045
0,6,4,0.5,-0.37898,180,0,0,242055
0,3,11,0.5,-0.378575,180,0,0,242075
0,2,10,0.5,-0.378305,180,0,0,242090
0,-1,6,0.5,-0.37844,180,0,0,242106
0,-1,4,0.5,-0.378575,180,0,0,242124
0,-5,3,0.5,-0.37925,180,0,0,242138
0,-10,3,0.5,-0.3806,180,0,0,242154
0,-12,1,0.5,-0.38222,180,0,0,242172
0,-15,2,0.5,-0.384245,180,0,0,242190
0,-15,2,0.5,-0.38627,180,0,0,242205
0,-15,3,0.5,-0.388295,180,0,0,242223
0,-16,3,0.5,-0.390455,180,0,0,242238
0,-15,3,0.5,-0.39248,180,0,0,242258
0,-16,3,0.5,-0.39464,180,0,0,242273
0,-16,4,0.5,-0.3968,180,0,0,242289
0,-14,5,0.5,-0.39869,180,0,0,242307
0,-15,5,0.5,-0.400715,180,0,0,242325
0,-16,4,0.5,-0.402875,180,0,0,242341
0,-19,4,0.5,-0.40544,180,0,0,242355
0,-19,3,0.5,-0.408005,180,0,0,242372
0,-33,3,0.5,-0.41246,180,0,0,242388
0,-15,1,0.5,-0.414485,180,0,0,242407
0,0,0,0.5,-0.414485,180,0,0,242420
0,-12,1,0.5,-0.416105,180,0,0,242438
0,-16,0,0.5,-0.418265,180,0,0,242455
0,-3,0,0.5,-0.41867,180,0,0,242471
0,0,1,0.5,-0.41867,180,0,0,242488
0,1,1,0.5,-0.418535,180,0,0,242504
0,2,1,0.5,-0.418265,180,0,0,242523
0,-1,0,0.5,-0.4184,180,0,0,242538
0,-1,2,0.5,-0.418535,180,0,0,242553
0,-3,3,0.5,-0.41894,180,0,0,242574
0,-5,3,0.5,-0.419615,180,0,0,242592
0,-5,4,0.5,-0.42029,180,0,0,242605
0,-3,4,0.5,-0.420695,180,0,0,242624
0,-1,4,0.5,-0.42083,180,0,0,242641
0,1,3,0.5,-0.420695,180,0,0,242654
0,2,2,0.5,-0.420425,180,0,0,242671
0,4,2,0.5,-0.419885,180,0,31,242695
0,0,0,0.5,-0.419885,180,0,31,242704
0,3,0,0.5,-0.41948,180,0,31,242721
0,1,0,0.5,-0.419345,180,0,31,242739
0,1,0,0.5,-0.41921,180,0,31,242757
0,1,0,0.5,-0.419075,180,0,31,242772
0,-4,1,0.5,-0.419615,180,0,31,242788
0,5,2,0.5,-0.41894,180,0,31,242805
0,5,3,0.5,-0.418265,180,0,31,242823
0,5,3,0.5,-0.41759,180,0,31,242839
0,5,4,0.5,-0.416915,180,0,31,242855
0,5,4,0.5,-0.41624,180,0,31,242872
0,5,5,0.5,-0.415565,180,0,31,242892
0,5,6,0.5,-0.41489,180,0,31,242909
0,6,6,0.5,-0.41408,180,0,31,242926
0,5,7,0.5,-0.413405,180,0,31,242941
0,5,8,0.5,-0.41273,180,0,31,242963
0,7,7,0.5,-0.411785,180,0,31,242975
0,7,8,0.5,-0.41084,180,0,31,242992
0,9,6,0.5,-0.409625,180,0,31,243008
0,11,6,0.5,-0.40814,180,0,31,243027
0,12,4,0.5,-0.40652,180,0,31,243042
0,13,4,0.5,-0.404765,180,0,0,243056
0,14,3,0.5,-0.402875,180,0,0,243072
0,13,3,0.5,-0.40112,180,0,0,243088
0,16,4,0.5,-0.39896,180,0,0,243110
0,2,1,0.5,-0.39869,180,0,0,243129
0,0,0,0.5,-0.39869,180,0,0,243140
0,1,2,0.5,-0.398555,180,0,0,243156
0,-2,4,0.5,-0.398825,180,0,0,243174
0,-2,2,0.5,-0.399095,180,0,0,243190
0,-2,2,0.5,-0.399365,180,0,0,243209
0,-2,3,0.5,-0.399635,180,0,0,243223
0,0,4,0.5,-0.399635,180,0,0,243240
0,2,4,0.5,-0.399365,180,0,0,243258
0,3,5,0.5,-0.39896,180,0,0,243274
0,4,5,0.5,-0.39842,180,0,0,243291
0,3,6,0.5,-0.398015,180,0,0,243311
0,3,6,0.5,-0.39761,180,0,0,243330
0,2,6,0.5,-0.39734,180,0,0,243342
0,2,7,0.5,-0.39707,180,0,0,243357
0,2,8,0.5,-0.3968,180,0,0,243377
0,4,7,0.5,-0.39626,180,0,0,243395
0,9,15,0.5,-0.395045,180,0,0,243417
0,0,0,0.5,-0.395045,180,0,0,243428
0,7,7,0.5,-0.3941,180,0,0,243446
0,5,8,0.5,-0.393425,180,0,0,243459
0,3,6,0.5,-0.39302,180,0,0,243473
0,0,13,0.5,-0.39302,180,0,0,243501
0,0,6,0.5,-0.39302,180,0,0,243515
0,0,7,0.5,-0.39302,180,0,0,243530
0,0,0,0.5,-0.39302,180,0,0,243539
0,0,13,0.5,-0.39302,180,0,0,243559
0,1,12,0.5,-0.392885,180,0,0,243577
0,2,8,0.5,-0.392615,180,0,0,243593
0,4,9,0.5,-0.392075,180,0,0,243609
0,3,8,0.5,-0.39167,180,0,0,243626
0,4,7,0.5,-0.39113,180,0,0,243643
0,2,8,0.5,-0.39086,180,0,0,243658
0,2,9,0.5,-0.39059,180,0,0,243684
0,2,10,0.5,-0.39032,180,0,0,243694
0,3,12,0.5,-0.389915,180,0,0,243712
0,3,12,0.5,-0.38951,180,0,0,243733
0,3,13,0.5,-0.389105,180,0,0,243751
0,1,13,0.5,-0.38897,180,0,0,243765
0,0,12,0.5,-0.38897,180,0,0,243780
0,-1,12,0.5,-0.389105,180,0,0,243799
0,0,12,0.5,-0.389105,180,0,0,243814
0,1,12,0.5,-0.38897,180,0,0,243828
0,2,11,0.5,-0.3887,180,0,0,243843
0,4,12,0.5,-0.38816,180,0,0,243864
0,4,11,0.5,-0.38762,180,0,0,243880
0,15,19,0.5,-0.385595,180,0,0,243901
0,9,9,0.5,-0.38438,180,0,0,243917
0,0,0,0.5,-0.38438,180,0,0,243924
0,22,18,0.5,-0.38141,180,0,0,243947
0,14,9,0.5,-0.37952,180,0,0,243960
0,12,9,0.5,-0.3779,180,0,0,243978
0,12,9,0.5,-0.37628,180,0,0,243994
0,11,9,0.5,-0.374795,180,0,0,244013
0,11,9,0.5,-0.37331,180,0,0,244028
0,8,8,0.5,-0.37223,180,0,0,244043
0,7,9,0.5,-0.371285,180,0,0,244060
0,6,9,0.5,-0.370475,180,0,0,244077
0,3,10,0.5,-0.37007,180,0,0,244093
0,0,12,0.5,-0.37007,180,0,0,244117
0,0,14,0.5,-0.37007,180,0,0,244130
0,0,13,0.5,-0.37007,180,0,0,244143
0,0,14,0.5,-0.37007,180,0,0,244160
0,-2,14,0.5,-0.37034,180,0,0,244182
0,-1,14,0.5,-0.370475,180,0,0,244197
0,-3,14,0.5,-0.37088,180,0,0,244213
0,-1,15,0.5,-0.371015,180,0,0,244230
0,0,32,0.5,-0.371015,180,0,0,244255
0,0,16,0.5,-0.371015,180,0,0,244268
0,0,0,0.5,-0.371015,180,0,0,244274
0,0,17,0.5,-0.371015,180,0,0,244297
0,1,34,0.5,-0.37088,180,0,0,244318
0,1,17,0.5,-0.370745,180,0,0,244333
0,4,17,0.5,-0.370205,180,0,0,244350
0,6,18,0.5,-0.369395,180,0,0,244365
0,6,17,0.5,-0.368585,180,0,0,244381
0,9,16,0.5,-0.36737,180,0,0,244398
0,10,17,0.5,-0.36602,180,0,0,244415
0,12,16,0.5,-0.3644,180,0,0,244434
0,13,15,0.5,-0.362645,180,0,0,244450
0,13,15,0.5,-0.36089,180,0,0,244465
0,12,14,0.5,-0.35927,180,0,0,244482
0,9,13,0.5,-0.358055,180,0,0,244495
0,8,12,0.5,-0.356975,180,0,0,244513
0,6,12,0.5,-0.356165,180,0,0,244528
0,4,13,0.5,-0.355625,180,0,0,244549
0,0,15,0.5,-0.355625,180,0,0,244562
0,-1,15,0.5,-0.35576,180,0,0,244581
0,-6,20,0.5,-0.35657,180,0,0,244604
0,-6,16,0.5,-0.35738,180,0,0,244622
0,-7,9,0.5,-0.358325,180,0,0,244635
0,0,0,0.5,-0.358325,180,0,0,244642
0,-11,14,0.5,-0.35981,180,0,0,244671
0,-4,7,0.5,-0.36035,180,0,0,244683
0,-3,8,0.5,-0.360755,180,0,0,244700
0,1,8,0.5,-0.36062,180,0,0,244713
0,2,10,0.5,-0.36035,180,0,0,244735
0,3,10,0.5,-0.359945,180,0,0,244750
0,2,11,0.5,-0.359675,180,0,0,244766
0,2,13,0.5,-0.359405,180,0,0,244785
0,0,13,0.5,-0.359405,180,0,0,244803
0,2,14,0.5,-0.359135,180,0,0,244817
0,5,15,0.5,-0.35846,180,0,0,244849
0,14,31,0.5,-0.35657,180,0,0,244866
0,10,17,0.5,-0.35522,180,0,0,244878
0,0,0,0.5,-0.35522,180,0,0,244888
0,11,17,0.5,-0.353735,180,0,0,244902
0,14,17,0.5,-0.351845,180,0,0,244921
0,16,18,0.5,-0.349685,180,0,0,244933
0,17,17,0.5,-0.34739,180,0,0,244950
0,18,17,0.5,-0.34496,180,0,0,244969
0,37,32,0.5,-0.339965,180,0,0,244992
0,18,15,0.5,-0.337535,180,0,0,245007
0,15,14,0.5,-0.33551,180,0,0,245021
0,13,14,0.5,-0.333755,180,0,0,245037
0,12,12,0.5,-0.332135,180,0,0,245052
0,9,12,0.5,-0.33092,180,0,0,245067
0,0,0,0.5,-0.33092,180,0,0,245075
0,19,16,0.5,-0.328355,180,0,0,245097
0,5,24,0.5,-0.32768,180,0,0,245117
0,3,15,0.5,-0.327275,180,0,0,245131
0,1,15,0.5,-0.32714,180,0,0,245154
0,0,14,0.5,-0.32714,180,0,0,245166
0,0,14,0.5,-0.32714,180,0,0,245181
0,2,14,0.5,-0.32687,180,0,0,245198
0,-1,13,0.5,-0.327005,180,0,0,245216
0,0,11,0.5,-0.327005,180,0,0,245233
0,0,10,0.5,-0.327005,180,0,0,245250
0,0,9,0.5,-0.327005,180,0,0,245266
0,3,8,0.5,-0.3266,180,0,0,245281
0,6,8,0.5,-0.32579,180,0,0,245295
0,7,7,0.5,-0.324845,180,0,0,245312
0,5,7,0.5,-0.32417,180,0,0,245328
0,3,7,0.5,-0.323765,180,0,0,245345
0,0,7,0.5,-0.323765,180,0,0,245363
0,-2,8,0.5,-0.324035,180,0,0,245380
0,-6,9,0.5,-0.324845,180,0,0,245395
0,-5,11,0.5,-0.32552,180,0,0,245414
0,-5,11,0.5,-0.326195,180,0,0,245430
0,-2,26,0.5,-0.326465,180,0,0,245452
0,-3,12,0.5,-0.32687,180,0,0,245465
0,-6,5,0.5,-0.32768,180,0,0,245479
0,-6,16,0.5,-0.32849,180,0,0,245498
0,-7,10,0.5,-0.329435,180,0,0,245515
0,-7,8,0.5,-0.33038,180,0,0,245533
0,-4,8,0.5,-0.33092,180,0,0,245549
0,-2,7,0.5,-0.33119,180,0,0,245561
0,1,7,0.5,-0.331055,180,0,0,245584
0,4,8,0.5,-0.330515,180,0,0,245601
0,8,8,0.5,-0.329435,180,0,0,245613
0,7,7,0.5,-0.32849,180,0,0,245631
0,7,7,0.5,-0.327545,180,0,0,245645
0,4,5,0.5,-0.327005,180,0,0,245665
0,3,4,0.5,-0.3266,180,0,0,245678
0,1,5,0.5,-0.326465,180,0,0,245695
0,0,5,0.5,-0.326465,180,0,0,245711
0,0,5,0.5,-0.326465,180,0,0,245730
0,2,9,0.5,-0.326195,180,0,0,245750
0,0,0,0.5,-0.326195,180,0,0,245762
0,7,4,0.5,-0.32525,180,0,0,245778
0,22,9,0.5,-0.32228,180,0,0,245799
0,16,6,0.5,-0.32012,180,0,0,245818
0,17,6,0.5,-0.317825,180,0,0,245830
0,18,8,0.5,-0.315395,180,0,0,245846
0,17,7,0.5,-0.3131,180,0,0,245864
0,21,8,0.5,-0.310265,180,0,0,245882
0,23,8,0.5,-0.30716,180,0,0,245899
0,26,8,0.5,-0.30365,180,0,0,245916
0,29,7,0.5,-0.299735,180,0,0,245930
0,33,7,0.5,-0.29528,180,0,0,245950
0,35,6,0.5,-0.290555,180,0,0,245965
0,37,6,0.5,-0.28556,180,0,0,245980
0,35,5,0.5,-0.280835,180,0,0,245996
0,33,5,0.5,-0.27638,180,0,0,246012
0,33,5,0.5,-0.271925,180,0,0,246028
0,28,4,0.5,-0.268145,180,0,0,246045
0,27,5,0.5,-0.2645,180,0,0,246065
0,24,4,0.5,-0.26126,180,0,0,246080
0,19,4,0.5,-0.258695,180,0,0,246095
0,19,5,0.5,-0.25613,180,0,0,246115
0,17,5,0.5,-0.253835,180,0,0,246129
0,19,6,0.5,-0.25127,180,0,0,246146
0,19,6,0.5,-0.248705,180,0,0,246164
0,23,7,0.5,-0.2456,180,0,0,246180
0,54,11,0.5,-0.23831,180,0,0,246203
0,0,2,0.5,-0.23831,180,0,0,246214
0,68,11,0.5,-0.22913,180,0,0,246236
0,36,5,0.5,-0.22427,180,0,0,246250
0,33,4,0.5,-0.219815,180,0,0,246262
0,31,3,0.5,-0.21563,180,0,0,246279
0,27,2,0.5,-0.211985,180,0,0,246296
0,23,2,0.5,-0.20888,180,0,0,246312
0,20,2,0.5,-0.20618,180,0,0,246333
0,13,3,0.5,-0.204425,180,0,0,246346
0,10,5,0.5,-0.203075,180,0,0,246362
0,10,6,0.5,-0.201725,180,0,0,246385
0,8,6,0.5,-0.200645,180,0,0,246401
0,6,7,0.5,-0.199835,180,0,0,246418
0,4,7,0.5,-0.199295,180,0,0,246430
0,0,5,0.5,-0.199295,180,0,0,246445
0,-3,5,0.5,-0.1997,180,0,0,246466
0,-4,6,0.5,-0.20024,180,0,0,246479
0,-6,5,0.5,-0.20105,180,0,0,246498
0,-10,3,0.5,-0.2024,180,0,0,246514
0,-14,2,0.5,-0.20429,180,0,0,246530
0,-18,0,0.5,-0.20672,180,0,0,246545
0,-20,0,0.5,-0.20942,180,0,0,246563
0,-23,0,0.5,-0.212525,180,0,0,246578
0,-24,2,0.5,-0.215765,180,0,0,246596
0,-52,6,0.5,-0.222785,180,0,0,246619
0,-26,4,0.5,-0.226295,180,0,0,246632
0,-24,5,0.5,-0.229535,180,0,0,246648
0,-21,5,0.5,-0.23237,180,0,0,246667
0,-18,5,0.5,-0.2348,180,0,0,246684
0,-15,5,0.5,-0.236825,180,0,0,246697
0,-12,5,0.5,-0.238445,180,0,0,246714
0,-8,4,0.5,-0.239525,180,0,0,246730
0,-3,4,0.5,-0.23993,180,0,0,246749
0,-1,3,0.5,-0.240065,180,0,0,246763
0,3,2,0.5,-0.23966,180,0,0,246781
0,2,2,0.5,-0.23939,180,0,0,246799
0,3,2,0.5,-0.238985,180,0,0,246812
0,2,2,0.5,-0.238715,180,0,0,246830
0,3,2,0.5,-0.23831,180,0,0,246845
0,5,3,0.5,-0.237635,180,0,0,246865
0,7,3,0.5,-0.23669,180,0,0,246881
0,8,4,0.5,-0.23561,180,0,0,246901
0,12,4,0.5,-0.23399,180,0,0,246913
0,11,5,0.5,-0.232505,180,0,0,246936
0,20,13,0.5,-0.229805,180,0,0,246952
0,9,3,0.5,-0.22859,180,0,0,246965
0,7,14,0.5,-0.227645,180,0,0,246986
0,8,9,0.5,-0.226565,180,0,0,247000
0,7,13,0.5,-0.22562,180,0,0,247017
0,6,11,0.5,-0.22481,180,0,0,247032
0,7,12,0.5,-0.223865,180,0,0,247053
0,8,13,0.5,-0.222785,180,0,0,247070
0,8,12,0.5,-0.221705,180,0,0,247086
0,9,13,0.5,-0.22049,180,0,0,247102
0,8,13,0.5,-0.21941,180,0,0,247117
0,11,13,0.5,-0.217925,180,0,0,247134
0,11,12,0.5,-0.21644,180,0,0,247149
0,13,11,0.5,-0.214685,180,0,0,247166
0,16,11,0.5,-0.212525,180,0,0,247185
0,18,10,0.5,-0.210095,180,0,0,247204
0,19,10,0.5,-0.20753,180,0,0,247215
0,19,9,0.5,-0.204965,180,0,0,247233
0,20,9,0.5,-0.202265,180,0,0,247250
0,18,10,0.5,-0.199835,180,0,0,247272
0,18,10,0.5,-0.197405,180,0,0,247290
0,17,9,0.5,-0.19511,180,0,0,247303
0,19,9,0.5,-0.192545,180,0,0,247317
0,17,9,0.5,-0.19025,180,0,0,247333
0,18,9,0.5,-0.18782,180,0,0,247353
0,26,20,0.5,-0.18431,180,0,0,247375
0,8,12,0.5,-0.18323,180,0,0,247391
0,7,13,0.5,-0.182285,180,0,0,247401
0,8,12,0.5,-0.181205,180,0,0,247419
0,10,13,0.5,-0.179855,180,0,0,247438
0,12,12,0.5,-0.178235,180,0,0,247454
0,12,13,0.5,-0.176615,180,0,0,247469
0,14,14,0.5,-0.174725,180,0,0,247484
0,16,14,0.5,-0.172565,180,0,0,247502
0,19,14,0.5,-0.17,180,0,0,247520
0,20,12,0.5,-0.1673,180,0,0,247535
0,21,12,0.5,-0.164465,180,0,0,247550
0,21,10,0.5,-0.16163,180,0,0,247566
0,19,9,0.5,-0.159065,180,0,0,247584
0,19,9,0.5,-0.1565,180,0,0,247602
0,20,10,0.5,-0.1538,180,0,0,247618
0,18,10,0.5,-0.15137,180,0,0,247637
0,14,12,0.5,-0.14948,180,0,0,247650
0,13,12,0.5,-0.147725,180,0,0,247668
0,12,12,0.5,-0.146105,180,0,0,247686
0,15,12,0.5,-0.14408,180,0,0,247704
0,40,23,0.5,-0.13868,180,0,0,247725
0,25,12,0.5,-0.135305,180,0,0,247739
0,0,0,0.5,-0.135305,180,0,0,247748
0,54,19,0.5,-0.128015,180,0,0,247775
0,28,7,0.5,-0.124235,180,0,0,247789
0,26,6,0.5,-0.120725,180,0,0,247804
0,25,5,0.5,-0.11735,180,0,0,247819
0,23,4,0.5,-0.114245,180,0,0,247833
0,20,4,0.5,-0.111545,180,0,0,247849
0,18,5,0.5,-0.109115,180,0,0,247870
0,16,6,0.5,-0.106955,180,0,0,247885
0,17,8,0.5,-0.10466,180,0,0,247901
0,18,8,0.5,-0.10223,180,0,0,247916
0,18,9,0.5,-0.0998,180,0,0,247941
0,18,9,0.5,-0.09737,180,0,0,247954
0,14,8,0.5,-0.09548,180,0,0,247968
0,9,7,0.5,-0.094265,180,0,0,247990
0,4,5,0.5,-0.093725,180,0,0,248000
0,-1,3,0.5,-0.09386,180,0,0,248021
0,-6,2,0.5,-0.09467,180,0,0,248034
0,-12,1,0.5,-0.09629,180,0,0,248050
0,-16,2,0.5,-0.09845,180,0,0,248067
0,-20,2,0.5,-0.10115,180,0,0,248082
0,-25,3,0.5,-0.104525,180,0,0,248101
0,-25,2,0.5,-0.1079,180,0,0,248117
0,-21,1,0.5,-0.110735,180,0,0,248132
0,-35,5,0.5,-0.11546,180,0,0,248151
0,-11,4,0.5,-0.116945,180,0,0,248168
0,-7,6,0.5,-0.11789,180,0,0,248187
0,-3,6,0.5,-0.118295,180,0,0,248203
0,0,6,0.5,-0.118295,180,0,0,248217
0,1,7,0.5,-0.11816,180,0,0,248234
0,7,7,0.5,-0.117215,180,0,0,248251
0,8,7,0.5,-0.116135,180,0,0,248269
0,12,8,0.5,-0.114515,180,0,0,248286
0,14,8,0.5,-0.112625,180,0,0,248301
0,17,9,0.5,-0.11033,180,0,0,248318
0,21,10,0.5,-0.107495,180,0,0,248336
0,20,11,0.5,-0.104795,180,0,0,248353
0,24,11,0.5,-0.101555,180,0,0,248370
0,26,12,0.5,-0.098045,180,0,0,248386
0,26,12,0.5,-0.094535,180,0,0,248406
0,28,12,0.5,-0.090755,180,0,0,248423
0,29,13,0.5,-0.08684,180,0,0,248436
0,29,12,0.5,-0.082925,180,0,0,248453
0,30,12,0.5,-0.078875,180,0,0,248469
0,59,20,0.5,-0.07091,180,0,0,248503
0,29,8,0.5,-0.066995,180,0,0,248512
0,26,7,0.5,-0.063485,180,0,0,248521
0,22,4,0.5,-0.060515,180,0,0,248533
0,20,4,0.5,-0.057815,180,0,0,248552
0,19,5,0.5,-0.05525,180,0,0,248567
0,17,6,0.5,-0.052955,180,0,0,248588
0,15,8,0.5,-0.05093,180,0,0,248604
0,14,8,0.5,-0.04904,180,0,0,248619
0,15,10,0.5,-0.047015,180,0,0,248635
0,13,9,0.5,-0.04526,180,0,0,248652
0,10,9,0.5,-0.04391,180,0,0,248672
0,3,7,0.5,-0.043505,180,0,0,248686
0,-1,5,0.5,-0.04364,180,0,0,248700
0,-8,3,0.5,-0.04472,180,0,0,248717
0,-9,1,0.5,-0.045935,180,0,0,248734
0,-14,0,0.5,-0.047825,180,0,0,248750
0,-16,-1,0.5,-0.049985,180,0,0,248767
0,-17,-2,0.5,-0.05228,180,0,0,248788
0,-12,-1,0.5,-0.0539,180,0,0,248801
0,-7,0,0.5,-0.054845,180,0,0,248817
0,-4,1,0.5,-0.055385,180,0,0,248832
0,0,1,0.5,-0.055385,180,0,0,248853
0,5,2,0.5,-0.05471,180,0,0,248868
0,9,2,0.5,-0.053495,180,0,0,248883
0,11,3,0.5,-0.05201,180,0,0,248901
0,18,7,0.5,-0.04958,180,0,0,248922
0,8,5,0.5,-0.0485,180,0,0,248939
0,10,5,0.5,-0.04715,180,0,0,248956
0,15,7,0.5,-0.045125,180,0,0,248969
0,17,7,0.5,-0.04283,180,0,0,248984
0,21,8,0.5,-0.039995,180,0,0,249005
0,24,9,0.5,-0.036755,180,0,0,249021
0,26,10,0.5,-0.033245,180,0,0,249037
0,28,9,0.5,-0.029465,180,0,0,249057
0,32,9,0.5,-0.025145,180,0,0,249073
0,36,10,0.5,-0.020285,180,0,0,249090
0,36,9,0.5,-0.015425,180,0,0,249104
0,40,9,0.5,-0.010025,180,0,0,249120
0,38,8,0.5,-0.004895,180,0,0,249138
0,35,5,0.5,-0.00017,180,0,0,249152
0,30,3,0.5,0.00388,180,0,0,249168
0,27,2,0.5,0.007525,180,0,0,249185
0,21,2,0.5,0.01036,180,0,0,249206
0,30,4,0.5,0.01441,180,0,0,249222
0,0,0,0.5,0.01441,180,0,0,249234
0,9,3,0.5,0.015625,180,0,0,249252
0,17,8,0.5,0.01792,180,0,0,249271
0,0,0,0.5,0.01792,180,0,0,249284
0,24,9,0.5,0.02116,180,0,0,249304
0,15,5,0.5,0.023185,180,0,0,249318
0,21,5,0.5,0.02602,180,0,0,249337
0,23,5,0.5,0.029125,180,0,0,249352
0,27,5,0.5,0.03277,180,0,0,249369
0,29,4,0.5,0.036685,180,0,0,249389
0,27,2,0.5,0.04033,180,0,0,249403
0,26,0,0.5,0.04384,180,0,0,249417
0,23,0,0.5,0.046945,180,0,0,249436
0,20,-1,0.5,0.049645,180,0,0,249454
0,16,-2,0.5,0.051805,180,0,0,249468
0,16,-2,0.5,0.053965,180,0,0,249487
0,14,0,0.5,0.055855,180,0,0,249502
0,14,1,0.5,0.057745,180,0,0,249519
0,14,3,0.5,0.059635,180,0,0,249536
0,15,4,0.5,0.06166,180,0,0,249552
0,17,5,0.5,0.063955,180,0,0,249571
0,18,5,0.5,0.066385,180,0,0,249586
0,19,5,0.5,0.06895,180,0,0,249602
0,20,5,0.5,0.07165,180,0,0,249622
0,23,4,0.5,0.074755,180,0,0,249636
0,27,4,0.5,0.0784,180,0,0,249652
0,65,7,0.5,0.087175,180,0,0,249671
0,39,4,0.5,0.09244,180,0,0,249686
0,39,2,0.5,0.097705,180,0,0,249704
0,38,1,0.5,0.102835,180,0,0,249718
0,35,0,0.5,0.10756,180,0,0,249734
0,31,0,0.5,0.111745,180,0,0,249752
0,26,0,0.5,0.115255,180,0,0,249768
0,24,0,0.5,0.118495,180,0,0,249784
0,21,0,0.5,0.12133,180,0,0,249804
0,21,2,0.5,0.124165,180,0,0,249821
0,23,3,0.5,0.12727,180,0,0,249837
0,23,3,0.5,0.130375,180,0,0,249854
0,27,3,0.5,0.13402,180,0,0,249868
0,28,3,0.5,0.1378,180,0,0,249887
0,30,2,0.5,0.14185,180,0,0,249902
0,30,2,0.5,0.1459,180,0,0,249923
0,29,0,0.5,0.149815,180,0,0,249935
0,25,0,0.5,0.15319,180,0,0,249952
0,22,-1,0.5,0.15616,180,0,0,249970
0,18,-3,0.5,0.15859,180,0,0,249988
0,15,-2,0.5,0.160615,180,0,0,250003
0,13,-1,0.5,0.16237,180,0,0,250019
0,13,0,0.5,0.164125,180,0,0,250035
0,17,0,0.5,0.16642,180,0,0,250051
0,48,0,0.5,0.1729,180,0,0,250071
0,31,0,0.5,0.177085,180,0,0,250090
0,32,0,0.5,0.181405,180,0,0,250103
0,33,0,0.5,0.18586,180,0,0,250119
0,34,0,0.5,0.19045,180,0,0,250135
0,33,0,0.5,0.194905,180,0,0,250152
0,31,0,0.5,0.19909,180,0,0,250168
0,27,0,0.5,0.202735,180,0,0,250185
0,22,-3,0.5,0.205705,180,0,0,250203
0,18,-3,0.5,0.208135,180,0,0,250221
0,16,-3,0.5,0.210295,180,0,0,250237
0,15,-1,0.5,0.21232,180,0,0,250254
0,17,-1,0.5,0.214615,180,0,0,250271
0,19,0,0.5,0.21718,180,0,0,250286
0,25,0,0.5,0.220555,180,0,0,250303
0,27,0,0.5,0.2242,180,0,0,250319
0,30,0,0.5,0.22825,180,0,0,250335
0,29,0,0.5,0.232165,180,0,0,250353
0,26,0,0.5,0.235675,180,0,0,250371
0,24,0,0.5,0.238915,180,0,0,250385
0,20,0,0.5,0.241615,180,0,0,250402
0,18,0,0.5,0.244045,180,0,0,250419
0,13,-1,0.5,0.2458,180,0,0,250438
0,18,-6,0.5,0.24823,180,0,0,250454
0,6,-2,0.5,0.24904,180,0,0,250473
0,5,-2,0.5,0.249715,180,0,0,250486
0,5,-1,0.5,0.25039,180,0,0,250503
0,6,-1,0.5,0.2512,180,0,0,250520
0,6,0,0.5,0.25201,180,0,0,250537
0,5,0,0.5,0.252685,180,0,0,250558
0,5,0,0.5,0.25336,180,0,0,250573
0,1,0,0.5,0.253495,180,0,0,250586
0,-3,0,0.5,0.25309,180,0,0,250602
0,-8,0,0.5,0.25201,180,0,0,250622
0,-12,-1,0.5,0.25039,180,0,0,250638
0,-15,-1,0.5,0.248365,180,0,0,250654
0,-21,-2,0.5,0.24553,180,0,0,250673
0,-22,-3,0.5,0.24256,180,0,0,250687
0,-24,-2,0.5,0.23932,180,0,0,250704
0,-24,0,0.5,0.23608,180,0,0,250719
0,-26,0,0.5,0.23257,180,0,0,250738
0,-28,1,0.5,0.22879,180,0,0,250755
0,-27,0,0.5,0.225145,180,0,0,250769
0,-54,2,0.5,0.217855,180,0,0,250793
0,0,0,0.5,0.217855,180,0,0,250803
0,-47,6,0.5,0.21151,180,0,0,250822
0,-22,3,0.5,0.20854,180,0,0,250843
0,-18,3,0.5,0.20611,180,0,0,250855
0,-16,2,0.5,0.20395,180,0,0,250872
0,-11,1,0.5,0.202465,180,0,0,250889
0,-7,0,0.5,0.20152,180,0,0,250904
0,-4,0,0.5,0.20098,180,0,0,250921
0,-1,-2,0.5,0.200845,180,0,0,250938
0,2,-2,0.5,0.201115,180,0,0,250955
0,5,-2,0.5,0.20179,180,0,0,250971
0,5,-1,0.5,0.202465,180,0,0,250988
0,6,0,0.5,0.203275,180,0,0,251003
0,6,0,0.5,0.204085,180,0,0,251022
0,6,0,0.5,0.204895,180,0,0,251037
0,6,1,0.5,0.205705,180,0,0,251056
0,4,1,0.5,0.206245,180,0,0,251074
0,2,1,0.5,0.206515,180,0,0,251089
0,2,3,0.5,0.206785,180,0,0,251108
0,-1,4,0.5,0.20665,180,0,0,251121
0,-4,4,0.5,0.20611,180,0,0,251141
0,-7,4,0.5,0.205165,180,0,0,251156
0,-9,3,0.5,0.20395,180,0,0,251172
0,-20,4,0.5,0.20125,180,0,0,251191
0,-10,1,0.5,0.1999,180,0,0,251205
0,-9,0,0.5,0.198685,180,0,0,251222
0,-8,0,0.5,0.197605,180,0,0,251240
0,-7,-1,0.5,0.19666,180,0,0,251255
0,-4,-1,0.5,0.19612,180,0,31,251275
0,-2,0,0.5,0.19585,180,0,31,251289
0,0,0,0.5,0.19585,180,0,31,251305
0,0,-1,0.5,0.19585,180,0,31,251321
0,6,0,0.5,0.19666,180,0,31,251338
0,4,0,0.5,0.1972,180,0,31,251354
0,5,1,0.5,0.197875,180,0,31,251371
0,4,2,0.5,0.198415,180,0,31,251389
0,4,4,0.5,0.198955,180,0,31,251405
0,4,3,0.5,0.199495,180,0,31,251423
0,4,5,0.5,0.200035,180,0,31,251439
0,5,5,0.5,0.20071,180,0,31,251456
0,5,5,0.5,0.201385,180,0,31,251473
0,6,6,0.5,0.202195,180,0,31,251490
0,9,6,0.5,0.20341,180,0,31,251508
0,10,5,0.5,0.20476,180,0,31,251523
0,10,4,0.5,0.20611,180,0,31,251541
0,11,4,0.5,0.207595,180,0,31,251557
0,9,4,0.5,0.20881,180,0,31,251573
0,8,3,0.5,0.20989,180,0,31,251589
0,12,6,0.5,0.21151,180,0,31,251607
0,4,2,0.5,0.21205,180,0,31,251622
0,2,2,0.5,0.21232,180,0,31,251642
0,1,1,0.5,0.212455,180,0,31,251657
0,-1,1,0.5,0.21232,180,0,31,251673
0,0,2,0.5,0.21232,180,0,31,251690
0,2,3,0.5,0.21259,180,0,31,251707
0,7,4,0.5,0.213535,180,0,0,251725
0,11,4,0.5,0.21502,180,0,0,251743
0,9,4,0.5,0.216235,180,0,0,251758
0,7,4,0.5,0.21718,180,0,0,251774
0,4,4,0.5,0.21772,180,0,0,251794
0,2,3,0.5,0.21799,180,0,0,251810
0,-2,2,0.5,0.21772,180,0,0,251823
0,-7,1,0.5,0.216775,180,0,0,251840
0,-6,2,0.5,0.215965,180,0,0,251857
0,-3,1,0.5,0.21556,180,0,0,251874
0,-1,2,0.5,0.215425,180,0,0,251893
0,1,2,0.5,0.21556,180,0,0,251910
0,2,2,0.5,0.21583,180,0,0,251923
0,3,2,0.5,0.216235,180,0,0,251939
0,7,2,0.5,0.21718,180,0,0,251959
0,15,3,0.5,0.219205,180,0,0,251977
0,9,0,0.5,0.22042,180,0,0,251990
0,0,0,0.5,0.22042,180,0,0,252006
0,12,0,0.5,0.22204,180,0,0,252024
0,0,1,0.5,0.22204,180,0,0,252041
0,-2,2,0.5,0.22177,180,0,0,252059
0,-3,3,0.5,0.221365,180,0,0,252073
0,-2,5,0.5,0.221095,180,0,0,252098
0,0,7,0.5,0.221095,180,0,0,252109
0,0,7,0.5,0.221095,180,0,0,252123
0,0,9,0.5,0.221095,180,0,0,252141
0,1,9,0.5,0.22123,180,0,0,252163
0,1,10,0.5,0.221365,180,0,0,252177
0,0,10,0.5,0.221365,180,0,0,252192
0,-1,10,0.5,0.22123,180,0,0,252210
0,0,10,0.5,0.22123,180,0,0,252229
0,-1,9,0.5,0.221095,180,0,0,252247
0,-4,9,0.5,0.220555,180,0,0,252260
0,-5,9,0.5,0.21988,180,0,0,252275
0,-4,9,0.5,0.21934,180,0,0,252293
0,-2,16,0.5,0.21907,180,0,0,252315
0,1,8,0.5,0.219205,180,0,0,252330
0,0,0,0.5,0.219205,180,0,0,252340
0,2,8,0.5,0.219475,180,0,0,252359
0,0,16,0.5,0.219475,180,0,0,252381
0,0,7,0.5,0.219475,180,0,0,252393
0,-2,7,0.5,0.219205,180,0,0,252410
0,-2,6,0.5,0.218935,180,0,0,252426
0,-1,7,0.5,0.2188,180,0,0,252444
0,-1,8,0.5,0.218665,180,0,0,252458
0,1,8,0.5,0.2188,180,0,0,252478
0,0,9,0.5,0.2188,180,0,0,252492
0,2,9,0.5,0.21907,180,0,0,252514
0,3,9,0.5,0.219475,180,0,0,252529
0,5,10,0.5,0.22015,180,0,0,252544
0,4,11,0.5,0.22069,180,0,0,252562
0,3,12,0.5,0.221095,180,0,0,252578
0,0,13,0.5,0.221095,180,0,0,252602
0,-1,14,0.5,0.22096,180,0,0,252615
0,0,14,0.5,0.22096,180,0,0,252629
0,-2,14,0.5,0.22069,180,0,0,252644
0,-1,15,0.5,0.220555,180,0,0,252662
0,0,15,0.5,0.220555,180,0,0,252683
0,0,16,0.5,0.220555,180,0,0,252696
0,1,16,0.5,0.22069,180,0,0,252713
0,0,14,0.5,0.22069,180,0,0,252727
0,8,16,0.5,0.22177,180,0,0,252745
0,22,29,0.5,0.22474,180,0,0,252765
0,16,14,0.5,0.2269,180,0,0,252777
0,18,14,0.5,0.22933,180,0,0,252794
0,18,14,0.5,0.23176,180,0,0,252811
0,19,14,0.5,0.234325,180,0,0,252828
0,21,14,0.5,0.23716,180,0,0,252848
0,21,13,0.5,0.239995,180,0,0,252866
0,19,12,0.5,0.24256,180,0,0,252881
0,15,12,0.5,0.244585,180,0,0,252897
0,10,12,0.5,0.245935,180,0,0,252910
0,6,12,0.5,0.246745,180,0,0,252927
0,2,12,0.5,0.247015,180,0,0,252944
0,0,10,0.5,0.247015,180,0,0,252963
0,0,10,0.5,0.247015,180,0,0,252981
0,0,10,0.5,0.247015,180,0,0,252996
0,0,10,0.5,0.247015,180,0,0,253011
0,0,11,0.5,0.247015,180,0,0,253028
0,0,11,0.5,0.247015,180,0,0,253047
0,1,12,0.5,0.24715,180,0,0,253063
0,3,13,0.5,0.247555,180,0,0,253088
0,14,28,0.5,0.249445,180,0,0,253104
0,8,14,0.5,0.250525,180,0,0,253115
0,9,15,0.5,0.25174,180,0,0,253133
0,9,15,0.5,0.252955,180,0,0,253149
0,13,15,0.5,0.25471,180,0,0,253163
0,17,15,0.5,0.257005,180,0,0,253179
0,20,14,0.5,0.259705,180,0,0,253195
0,18,13,0.5,0.262135,180,0,0,253214
0,17,11,0.5,0.26443,180,0,0,253229
0,12,10,0.5,0.26605,180,0,0,253245
0,8,9,0.5,0.26713,180,0,0,253267
0,4,9,0.5,0.26767,180,0,0,253279
0,4,10,0.5,0.26821,180,0,0,253294
0,3,10,0.5,0.268615,180,0,0,253313
0,3,10,0.5,0.26902,180,0,0,253328
0,1,11,0.5,0.269155,180,0,0,253346
0,0,11,0.5,0.269155,180,0,0,253369
0,0,24,0.5,0.269155,180,0,0,253387
0,0,0,0.5,0.269155,180,0,0,253393
0,0,13,0.5,0.269155,180,0,0,253417
0,6,13,0.5,0.269965,180,0,0,253433
0,0,14,0.5,0.269965,180,0,0,253446
0,4,16,0.5,0.270505,180,0,0,253464
0,3,16,0.5,0.27091,180,0,0,253481
0,3,34,0.5,0.271315,180,0,0,253508
0,6,17,0.5,0.272125,180,0,0,253520
0,8,17,0.5,0.273205,180,0,0,253532
0,8,17,0.5,0.274285,180,0,0,253552
0,10,19,0.5,0.275635,180,0,0,253564
0,8,16,0.5,0.276715,180,0,0,253582
0,7,18,0.5,0.27766,180,0,0,253600
0,4,17,0.5,0.2782,180,0,0,253619
0,1,15,0.5,0.278335,180,0,0,253633
0,0,15,0.5,0.278335,180,0,0,253646
0,0,15,0.5,0.278335,180,0,0,253665
0,0,15,0.5,0.278335,180,0,0,253682
0,0,15,0.5,0.278335,180,0,0,253697
0,0,16,0.5,0.278335,180,0,0,253718
0,0,17,0.5,0.278335,180,0,0,253734
0,0,17,0.5,0.278335,180,0,0,253749
0,5,17,0.5,0.27901,180,0,0,253765
0,5,16,0.5,0.279685,180,0,0,253780
0,7,17,0.5,0.28063,180,0,0,253798
0,9,17,0.5,0.281845,180,0,0,253816
0,11,17,0.5,0.28333,180,0,0,253834
0,14,16,0.5,0.28522,180,0,0,253849
0,39,28,0.5,0.290485,180,0,0,253873
0,23,20,0.5,0.29359,180,0,0,253888
0,25,15,0.5,0.296965,180,0,0,253898
0,27,14,0.5,0.30061,180,0,0,253918
0,27,14,0.5,0.304255,180,0,0,253933
0,26,12,0.5,0.307765,180,0,0,253947
0,26,13,0.5,0.311275,180,0,0,253971
0,19,12,0.5,0.31384,180,0,0,253986
0,15,12,0.5,0.315865,180,0,0,254000
0,9,11,0.5,0.31708,180,0,0,254015
0,7,11,0.5,0.318025,180,0,0,254035
0,6,11,0.5,0.318835,180,0,0,254049
0,5,11,0.5,0.31951,180,0,0,254063
0,8,22,0.5,0.32059,180,0,0,254092
0,0,0,0.5,0.32059,180,0,0,254096
0,2,11,0.5,0.32086,180,0,0,254112
0,3,12,0.5,0.321265,180,0,0,254130
0,4,12,0.5,0.321805,180,0,0,254149
0,5,12,0.5,0.32248,180,0,0,254163
0,8,13,0.5,0.32356,180,0,0,254180
0,8,12,0.5,0.32464,180,0,0,254202
0,16,23,0.5,0.3268,180,0,0,254227
0,4,11,0.5,0.32734,180,0,0,254239
0,0,11,0.5,0.32734,180,0,0,254252
0,-1,6,0.5,0.327205,180,0,0,254263
0,-1,14,0.5,0.32707,180,0,0,254284
0,0,17,0.5,0.32707,180,0,0,254298
0,0,14,0.5,0.32707,180,0,0,254320
0,-2,14,0.5,0.3268,180,0,0,254335
0,-1,15,0.5,0.326665,180,0,0,254354
0,-2,16,0.5,0.326395,180,0,0,254374
0,-1,15,0.5,0.32626,180,0,0,254384
0,-2,15,0.5,0.32599,180,0,0,254401
0,-5,14,0.5,0.325315,180,0,0,254414
0,-6,12,0.5,0.324505,180,0,0,254432
0,-7,11,0.5,0.32356,180,0,0,254451
0,-6,8,0.5,0.32275,180,0,0,254467
0,-3,6,0.5,0.322345,180,0,0,254479
0,-2,5,0.5,0.322075,180,0,0,254495
0,0,3,0.5,0.322075,180,0,0,254512
0,1,3,0.5,0.32221,180,0,0,254529
0,6,4,0.5,0.32302,180,0,0,254547
0,9,4,0.5,0.324235,180,0,0,254562
0,12,5,0.5,0.325855,180,0,0,254579
0,23,9,0.5,0.32896,180,0,0,254600
0,8,5,0.5,0.33004,180,0,0,254616
0,6,5,0.5,0.33085,180,0,0,254631
0,6,6,0.5,0.33166,180,0,0,254651
0,6,6,0.5,0.33247,180,0,0,254662
0,0,2,0.5,0.33247,180,0,0,254681
0,12,19,0.5,0.33409,180,0,0,254700
0,8,11,0.5,0.33517,180,0,0,254717
0,10,12,0.5,0.33652,180,0,0,254732
0,9,11,0.5,0.337735,180,0,0,254749
0,7,14,0.5,0.33868,180,0,0,254766
0,6,14,0.5,0.33949,180,0,0,254785
0,7,14,0.5,0.340435,180,0,0,254801
0,10,15,0.5,0.341785,180,0,0,254818
0,13,15,0.5,0.34354,180,0,0,254832
0,15,15,0.5,0.345565,180,0,0,254850
0,18,15,0.5,0.347995,180,0,0,254869
0,20,15,0.5,0.350695,180,0,0,254887
0,22,14,0.5,0.353665,180,0,0,254902
0,23,14,0.5,0.35677,180,0,0,254915
0,23,13,0.5,0.359875,180,0,0,254932
0,21,13,0.5,0.36271,180,0,0,254951
0,19,11,0.5,0.365275,180,0,0,254969
0,19,10,0.5,0.36784,180,0,0,254983
0,17,9,0.5,0.370135,180,0,0,255000
0,15,7,0.5,0.37216,180,0,0,255018
0,28,16,0.5,0.37594,180,0,0,255035
0,11,8,0.5,0.377425,180,0,0,255049
0,8,8,0.5,0.378505,180,0,0,255064
0,6,7,0.5,0.379315,180,0,0,255084
0,1,6,0.5,0.37945,180,0,0,255104
0,-3,4,0.5,0.379045,180,0,0,255116
0,-7,2,0.5,0.3781,180,0,0,255132
0,-12,0,0.5,0.37648,180,0,0,255145
0,-16,0,0.5,0.37432,180,0,0,255163
0,-19,0,0.5,0.371755,180,0,0,255182
0,-24,0,0.5,0.368515,180,0,0,255195
0,-23,2,0.5,0.36541,180,0,0,255212
0,-25,2,0.5,0.362035,180,0,0,255229
0,-24,2,0.5,0.358795,180,0,0,255249
0,-24,2,0.5,0.355555,180,0,0,255265
0,-22,1,0.5,0.352585,180,0,0,255281
0,-19,2,0.5,0.35002,180,0,0,255296
0,-14,3,0.5,0.34813,180,0,0,255319
0,-10,4,0.5,0.34678,180,0,0,255331
0,-8,5,0.5,0.3457,180,0,0,255347
0,-3,4,0.5,0.345295,180,0,0,255363
0,4,10,0.5,0.345835,180,0,0,255388
0,5,6,0.5,0.34651,180,0,0,255403
0,0,0,0.5,0.34651,180,0,0,255412
0,7,7,0.5,0.347455,180,0,0,255431
0,17,14,0.5,0.34975,180,0,0,255450
0,10,8,0.5,0.3511,180,0,0,255464
0,11,9,0.5,0.352585,180,0,0,255484
0,11,10,0.5,0.35407,180,0,0,255501
0,12,11,0.5,0.35569,180,0,0,255515
0,12,11,0.5,0.35731,180,0,0,255532
0,14,11,0.5,0.3592,180,0,0,255550
0,13,11,0.5,0.360955,180,0,0,255570
0,12,11,0.5,0.362575,180,0,0,255587
0,15,11,0.5,0.3646,180,0,0,255603
0,16,12,0.5,0.36676,180,0,0,255621
0,18,12,0.5,0.36919,180,0,0,255633
0,20,13,0.5,0.37189,180,0,0,255653
0,21,13,0.5,0.374725,180,0,0,255667
0,23,12,0.5,0.37783,180,0,0,255686
0,55,23,0.5,0.385255,180,0,0,255710
0,0,2,0.5,0.385255,180,0,0,255717
0,30,12,0.5,0.389305,180,0,0,255735
0,32,12,0.5,0.393625,180,0,0,255751
0,32,10,0.5,0.397945,180,0,0,255768
0,57,15,0.5,0.40564,180,0,0,255788
0,0,0,0.5,0.40564,180,0,0,255796
0,27,6,0.5,0.409285,180,0,0,255820
0,47,11,0.5,0.41563,180,0,0,255834
0,21,4,0.5,0.418465,180,0,0,255849
0,23,3,0.5,0.42157,180,0,0,255864
0,28,3,0.5,0.42535,180,0,0,255881
0,31,2,0.5,0.429535,180,0,0,255899
0,30,2,0.5,0.433585,180,0,0,255913
0,26,1,0.5,0.437095,180,0,0,255931
0,22,0,0.5,0.440065,180,0,0,255947
0,20,0,0.5,0.442765,180,0,0,255964
0,17,-1,0.5,0.44506,180,0,0,255980
0,17,-1,0.5,0.447355,180,0,0,255997
0,15,0,0.5,0.44938,180,0,0,256018
0,13,0,0.5,0.451135,180,0,0,256032
0,13,0,0.5,0.45289,180,0,0,256048
0,12,1,0.5,0.45451,180,0,0,256063
0,17,1,0.5,0.456805,180,0,0,256082
0,20,2,0.5,0.459505,180,0,0,256098
0,26,1,0.5,0.463015,180,0,0,256114
0,32,2,0.5,0.467335,180,0,0,256132
0,73,1,0.5,0.47719,180,0,0,256156
0,0,0,0.5,0.47719,180,0,0,256163
0,74,3,0.5,0.48718,180,0,0,256184
0,0,0,0.5,0.48718,180,0,0,256198
0,59,0,0.5,0.495145,180,0,0,256214
0,25,0,0.5,0.49852,180,0,0,256233
0,22,-1,0.5,0.50149,180,0,0,256247
0,18,0,0.5,0.50392,180,0,0,256264
0,14,1,0.5,0.50581,180,0,0,256280
0,9,3,0.5,0.507025,180,0,0,256303
0,7,4,0.5,0.50797,180,0,0,256321
0,7,5,0.5,0.508915,180,0,0,256336
0,11,5,0.5,0.5104,180,0,0,256349
0,14,5,0.5,0.51229,180,0,0,256370
0,17,6,0.5,0.514585,180,0,0,256384
0,17,6,0.5,0.51688,180,0,0,256404
0,13,6,0.5,0.518635,180,0,0,256416
0,9,6,0.5,0.51985,180,0,0,256432
0,5,6,0.5,0.520525,180,0,0,256453
0,2,5,0.5,0.520795,180,0,0,256466
0,-4,3,0.5,0.520255,180,0,0,256485
0,-21,0,0.5,0.51742,180,0,0,256502
0,0,0,0.5,0.51742,180,0,0,256513
0,-36,-2,0.5,0.51256,180,0,0,256535
0,-23,-1,0.5,0.509455,180,0,0,256551
0,-26,0,0.5,0.505945,180,0,0,256566
0,0,0,0.5,0.505945,180,0,0,256581
0,-57,0,0.5,0.49825,180,0,0,256599
0,-27,0,0.5,0.494605,180,0,0,256615
0,-26,0,0.5,0.491095,180,0,0,256631
0,-23,1,0.5,0.48799,180,0,0,256648
0,-20,1,0.5,0.48529,180,0,0,256666
0,-16,2,0.5,0.48313,180,0,0,256683
0,-10,3,0.5,0.48178,180,0,0,256701
0,-5,3,0.5,0.481105,180,0,0,256715
0,-1,3,0.5,0.48097,180,0,0,256734
0,1,3,0.5,0.481105,180,0,0,256751
0,2,3,0.5,0.481375,180,0,0,256768
0,3,2,0.5,0.48178,180,0,0,256782
0,2,1,0.5,0.48205,180,0,0,256804
0,0,0,0.5,0.48205,180,0,0,256816
0,3,0,0.5,0.482455,180,0,0,256832
0,1,-3,0.5,0.48259,180,0,0,256849
0,2,-2,0.5,0.48286,180,0,31,256871
0,2,-1,0.5,0.48313,180,0,31,256884
0,1,0,0.5,0.483265,180,0,31,256899
0,1,0,0.5,0.4834,180,0,31,256915
0,3,5,0.5,0.483805,180,0,31,256939
0,0,0,0.5,0.483805,180,0,31,256948
0,5,8,0.5,0.48448,180,0,31,256969
0,4,5,0.5,0.48502,180,0,31,256984
0,4,4,0.5,0.48556,180,0,31,257000
0,6,4,0.5,0.48637,180,0,31,257020
0,5,3,0.5,0.487045,180,0,31,257034
0,4,3,0.5,0.487585,180,0,31,257055
0,4,2,0.5,0.488125,180,0,31,257070
0,1,1,0.5,0.48826,180,0,31,257082
0,2,1,0.5,0.48853,180,0,31,257099
0,2,1,0.5,0.4888,180,0,31,257118
0,3,1,0.5,0.489205,180,0,31,257134
0,4,2,0.5,0.489745,180,0,31,257150
0,6,3,0.5,0.490555,180,0,0,257172
0,6,4,0.5,0.491365,180,0,0,257190
0,9,5,0.5,0.49258,180,0,0,257203
0,9,5,0.5,0.493795,180,0,0,257221
0,9,5,0.5,0.49501,180,0,0,257233
0,10,5,0.5,0.49636,180,0,0,257251
0,20,10,0.5,0.49906,180,0,0,257272
0,0,0,0.5,0.49906,180,0,0,257283
0,14,8,0.5,0.50095,180,0,0,257307
0,3,3,0.5,0.501355,180,0,0,257319
0,0,0,0.5,0.501355,180,0,0,257332
0,3,5,0.5,0.50176,180,0,0,257351
0,10,9,0.5,0.50311,180,0,0,257372
0,6,5,0.5,0.50392,180,0,0,257385
0,5,6,0.5,0.504595,180,0,0,257401
0,6,7,0.5,0.505405,180,0,0,257418
0,7,9,0.5,0.50635,180,0,0,257439
0,9,9,0.5,0.507565,180,0,0,257455
0,10,10,0.5,0.508915,180,0,0,257470
0,11,10,0.5,0.5104,180,0,0,257485
0,12,11,0.5,0.51202,180,0,0,257507
0,13,10,0.5,0.513775,180,0,0,257521
0,16,11,0.5,0.515935,180,0,0,257535
0,16,10,0.5,0.518095,180,0,0,257552
0,16,9,0.5,0.520255,180,0,0,257572
0,12,8,0.5,0.521875,180,0,0,257589
0,8,6,0.5,0.522955,180,0,0,257605
0,4,4,0.5,0.523495,180,0,0,257621
0,5,3,0.5,0.52417,180,0,0,257640
0,0,0,0.5,0.52417,180,0,0,257650
0,3,3,0.5,0.524575,180,0,0,257670
0,3,3,0.5,0.52498,180,0,0,257686
0,1,4,0.5,0.525115,180,0,0,257701
0,0,5,0.5,0.525115,180,0,0,257718
0,2,13,0.5,0.525385,180,0,0,257740
0,2,7,0.5,0.525655,180,0,0,257755
0,3,8,0.5,0.52606,180,0,0,257770
0,5,9,0.5,0.526735,180,0,0,257785
0,7,9,0.5,0.52768,180,0,0,257803
0,10,10,0.5,0.52903,180,0,0,257822
0,13,10,0.5,0.530785,180,0,0,257844
0,17,10,0.5,0.53308,180,0,0,257854
0,20,10,0.5,0.53578,180,0,0,257872
0,22,9,0.5,0.53875,180,0,0,257886
0,21,7,0.5,0.541585,180,0,0,257906
0,21,5,0.5,0.54442,180,0,0,257920
0,18,4,0.5,0.54685,180,0,0,257937
0,17,3,0.5,0.549145,180,0,0,257952
0,17,2,0.5,0.55144,180,0,0,257968
0,20,2,0.5,0.55414,180,0,0,257985
0,23,3,0.5,0.557245,180,0,0,258002
0,25,3,0.5,0.56062,180,0,0,258019
0,27,4,0.5,0.564265,180,0,0,258035
0,60,5,0.5,0.572365,180,0,0,258056
0,34,9,0.5,0.576955,180,0,0,258076
0,35,4,0.5,0.58168,180,0,0,258088
0,0,0,0.5,0.58168,180,0,0,258101
0,71,6,0.5,0.591265,180,0,0,258121
0,32,0,0.5,0.595585,180,0,0,258138
0,27,0,0.5,0.59923,180,0,0,258151
0,22,0,0.5,0.6022,180,0,0,258168
0,20,0,0.5,0.6049,180,0,0,258185
0,17,0,0.5,0.607195,180,0,0,258203
0,17,0,0.5,0.60949,180,0,0,258218
0,19,2,0.5,0.612055,180,0,0,258238
0,21,3,0.5,0.61489,180,0,0,258254
0,24,3,0.5,0.61813,180,0,0,258270
0,27,2,0.5,0.621775,180,0,0,258285
0,32,3,0.5,0.626095,180,0,0,258306
0,33,2,0.5,0.63055,180,0,0,258319
0,36,2,0.5,0.63541,180,0,0,258334
0,37,2,0.5,0.640405,180,0,0,258353
0,34,1,0.5,0.644995,180,0,0,258369
0,31,0,0.5,0.64918,180,0,0,258385
0,26,0,0.5,0.65269,180,0,0,258402
0,17,0,0.5,0.654985,180,0,0,258418
0,14,2,0.5,0.656875,180,0,0,258441
0,0,0,0.5,0.656875,180,0,0,258451
0,-3,1,0.5,0.65647,180,0,0,258469
0,-27,5,0.5,0.652825,180,0,0,258487
0,-18,4,0.5,0.650395,180,0,0,258503
0,-20,4,0.5,0.647695,180,0,0,258520
0,-21,3,0.5,0.64486,180,0,0,258536
0,-19,2,0.5,0.642295,180,0,0,258552
0,-14,1,0.5,0.640405,180,0,0,258568
0,-11,1,0.5,0.63892,180,0,0,258586
0,-9,0,0.5,0.637705,180,0,0,258602
0,-11,0,0.5,0.63622,180,0,0,258621
0,-13,0,0.5,0.634465,180,0,0,258635
0,-15,0,0.5,0.63244,180,0,0,258652
0,-19,-1,0.5,0.629875,180,0,0,258670
0,-18,-1,0.5,0.627445,180,0,0,258686
0,-19,-1,0.5,0.62488,180,0,0,258704
0,-17,0,0.5,0.622585,180,0,0,258725
0,-14,1,0.5,0.620695,180,0,0,258738
0,-12,2,0.5,0.619075,180,0,0,258755
0,-9,3,0.5,0.61786,180,0,0,258771
0,-6,3,0.5,0.61705,180,0,0,258786
0,-4,3,0.5,0.61651,180,0,0,258807
0,-6,5,0.5,0.6157,180,0,0,258826
0,0,0,0.5,0.6157,180,0,0,258836
0,-6,5,0.5,0.61489,180,0,0,258855
0,-3,2,0.5,0.614485,180,0,0,258872
0,-2,1,0.5,0.614215,180,0,0,258891
0,-2,1,0.5,0.613945,180,0,0,258906
0,0,3,0.5,0.613945,180,0,0,258919
0,3,4,0.5,0.61435,180,0,0,258936
0,4,7,0.5,0.61489,180,0,0,258954
0,5,7,0.5,0.615565,180,0,0,258973
0,4,8,0.5,0.616105,180,0,0,258990
0,3,7,0.5,0.61651,180,0,0,259009
0,1,7,0.5,0.616645,180,0,0,259024
0,4,6,0.5,0.617185,180,0,0,259039
0,5,5,0.5,0.61786,180,0,0,259055
0,5,5,0.5,0.618535,180,0,0,259073
0,6,5,0.5,0.619345,180,0,0,259087
0,7,5,0.5,0.62029,180,0,0,259103
0,6,4,0.5,0.6211,180,0,0,259121
0,4,4,0.5,0.62164,180,0,0,259138
0,1,2,0.5,0.621775,180,0,0,259155
0,-4,1,0.5,0.621235,180,0,0,259173
0,-10,0,0.5,0.619885,180,0,0,259186
0,-16,-1,0.5,0.617725,180,0,0,259204
0,-18,-2,0.5,0.615295,180,0,0,259223
0,-20,-3,0.5,0.612595,180,0,0,259239
0,-21,-3,0.5,0.60976,180,0,0,259256
0,-33,-7,0.5,0.605305,180,0,0,259275
0,-10,-3,0.5,0.603955,180,0,0,259289
0,-5,-4,0.5,0.60328,180,0,0,259304
0,1,-3,0.5,0.603415,180,0,0,259323
0,4,-1,0.5,0.603955,180,0,0,259337
0,7,0,0.5,0.6049,180,0,31,259354
0,6,2,0.5,0.60571,180,0,31,259374
0,5,4,0.5,0.606385,180,0,31,259387
0,5,4,0.5,0.60706,180,0,31,259405
0,4,5,0.5,0.6076,180,0,31,259421
0,4,5,0.5,0.60814,180,0,31,259444
0,6,5,0.5,0.60895,180,0,31,259455
0,5,4,0.5,0.609625,180,0,31,259472
0,7,3,0.5,0.61057,180,0,31,259488
0,7,3,0.5,0.611515,180,0,31,259509
0,8,3,0.5,0.612595,180,0,31,259523
0,8,2,0.5,0.613675,180,0,31,259538
0,7,2,0.5,0.61462,180,0,31,259556
0,7,1,0.5,0.615565,180,0,31,259571
0,6,2,0.5,0.616375,180,0,31,259590
0,5,1,0.5,0.61705,180,0,0,259605
0,6,1,0.5,0.61786,180,0,0,259623
0,6,2,0.5,0.61867,180,0,0,259639
0,17,4,0.5,0.620965,180,0,0,259656
0,11,3,0.5,0.62245,180,0,0,259675
0,12,3,0.5,0.62407,180,0,0,259689
0,14,4,0.5,0.62596,180,0,0,259706
0,12,3,0.5,0.62758,180,0,31,259723
0,11,4,0.5,0.629065,180,0,31,259739
0,8,3,0.5,0.630145,180,0,0,259758
0,6,3,0.5,0.630955,180,0,0,259774
0,2,3,0.5,0.631225,180,0,0,259789
0,0,3,0.5,0.631225,180,0,0,259805
0,-2,3,0.5,0.630955,180,0,0,259821
0,0,4,0.5,0.630955,180,0,0,259839
0,2,5,0.5,0.631225,180,0,0,259859
0,2,6,0.5,0.631495,180,0,0,259873
0,4,6,0.5,0.632035,180,0,0,259891
0,5,8,0.5,0.63271,180,0,0,259911
0,7,8,0.5,0.633655,180,0,0,259924
0,7,8,0.5,0.6346,180,0,0,259943
0,8,9,0.5,0.63568,180,0,0,259957
0,9,9,0.5,0.636895,180,0,0,259974
0,8,8,0.5,0.637975,180,0,0,259989
0,9,9,0.5,0.63919,180,0,0,260008
0,18,15,0.5,0.64162,180,0,0,260028
0,0,0,0.5,0.64162,180,0,0,260039
0,22,16,0.5,0.64459,180,0,0,260061
0,12,8,0.5,0.64621,180,0,0,260075
0,15,7,0.5,0.648235,180,0,0,260091
0,15,7,0.5,0.65026,180,0,0,260109
0,16,7,0.5,0.65242,180,0,0,260126
0,16,6,0.5,0.65458,180,0,0,260143
0,14,5,0.5,0.65647,180,0,0,260156
0,14,6,0.5,0.65836,180,0,0,260173
0,12,5,0.5,0.65998,180,0,0,260193
0,13,5,0.5,0.661735,180,0,0,260211
0,12,6,0.5,0.663355,180,0,0,260232
0,12,6,0.5,0.664975,180,0,0,260244
0,7,7,0.5,0.66592,180,0,0,260262
0,4,7,0.5,0.66646,180,0,0,260278
0,0,7,0.5,0.66646,180,0,0,260295
0,-4,6,0.5,0.66592,180,0,0,260311
0,-6,4,0.5,0.66511,180,0,0,260327
0,-20,4,0.5,0.66241,180,0,0,260344
0,0,0,0.5,0.66241,180,0,0,260355
0,-13,0,0.5,0.660655,180,0,0,260372
0,-12,-1,0.5,0.659035,180,0,0,260388
0,-18,-3,0.5,0.656605,180,0,0,260407
0,-5,0,0.5,0.65593,180,0,0,260422
0,-2,1,0.5,0.65566,180,0,0,260439
0,1,2,0.5,0.655795,180,0,0,260464
0,5,3,0.5,0.65647,180,0,0,260477
0,9,3,0.5,0.657685,180,0,0,260492
0,8,4,0.5,0.658765,180,0,0,260512
0,7,6,0.5,0.65971,180,0,0,260530
0,7,7,0.5,0.660655,180,0,0,260543
0,10,9,0.5,0.662005,180,0,0,260558
0,10,10,0.5,0.663355,180,0,0,260576
0,12,10,0.5,0.664975,180,0,0,260592
0,14,11,0.5,0.666865,180,0,0,260609
0,17,12,0.5,0.66916,180,0,0,260628
0,20,12,0.5,0.67186,180,0,0,260646
0,23,13,0.5,0.674965,180,0,0,260661
0,27,13,0.5,0.67861,180,0,0,260676
0,27,12,0.5,0.682255,180,0,0,260696
0,27,10,0.5,0.6859,180,0,0,260712
0,27,9,0.5,0.689545,180,0,0,260728
0,50,15,0.5,0.696295,180,0,0,260752
0,24,6,0.5,0.699535,180,0,0,260763
0,0,0,0.5,0.699535,180,0,0,260772
0,22,6,0.5,0.702505,180,0,0,260791
0,33,14,0.5,0.70696,180,0,0,260811
0,12,7,0.5,0.70858,180,0,0,260828
0,10,7,0.5,0.70993,180,0,0,260846
0,12,7,0.5,0.71,180,0,0,260859
