0,59,-31,0.5,-0.702035,180,0,0,286464
0,30,-17,0.5,-0.697985,180,0,0,286477
0,30,-17,0.5,-0.693935,180,0,0,286487
0,28,-17,0.5,-0.690155,180,0,0,286497
0,0,0,0.5,-0.690155,180,0,0,286507
0,51,-34,0.5,-0.68327,180,0,0,286537
0,18,-16,0.5,-0.68084,180,0,0,286552
0,13,-16,0.5,-0.679085,180,0,0,286565
0,8,-16,0.5,-0.678005,180,0,0,286581
0,3,-17,0.5,-0.6776,180,0,0,286593
0,-1,-18,0.5,-0.677735,180,0,0,286620
0,0,-18,0.5,-0.677735,180,0,0,286635
0,1,-18,0.5,-0.6776,180,0,0,286652
0,0,-18,0.5,-0.6776,180,0,0,286673
0,7,-38,0.5,-0.676655,180,0,0,286696
0,8,-19,0.5,-0.675575,180,0,0,286712
0,12,-20,0.5,-0.673955,180,0,0,286726
0,11,-19,0.5,-0.67247,180,0,0,286739
0,0,0,0.5,-0.67247,180,0,0,286744
0,13,-20,0.5,-0.670715,180,0,0,286762
0,12,-19,0.5,-0.669095,180,0,0,286781
0,14,-19,0.5,-0.667205,180,0,0,286795
0,16,-18,0.5,-0.665045,180,0,0,286814
0,38,-36,0.5,-0.659915,180,0,0,286838
0,24,-17,0.5,-0.656675,180,0,0,286852
0,25,-16,0.5,-0.6533,180,0,0,286866
0,0,0,0.5,-0.6533,180,0,0,286873
0,57,-32,0.5,-0.645605,180,0,0,286909
0,28,-16,0.5,-0.641825,180,0,0,286922
0,31,-17,0.5,-0.63764,180,0,0,286933
0,29,-16,0.5,-0.633725,180,0,0,286950
0,30,-16,0.5,-0.629675,180,0,0,286963
0,28,-15,0.5,-0.625895,180,0,0,286980
0,26,-15,0.5,-0.622385,180,0,0,286999
0,24,-16,0.5,-0.619145,180,0,0,287018
0,23,-16,0.5,-0.61604,180,0,0,287034
0,22,-16,0.5,-0.61307,180,0,0,287046
0,22,-16,0.5,-0.6101,180,0,0,287065
0,23,-16,0.5,-0.606995,180,0,0,287080
0,23,-15,0.5,-0.60389,180,0,0,287097
0,20,-14,0.5,-0.60119,180,0,0,287113
0,20,-13,0.5,-0.59849,180,0,0,287129
0,16,-12,0.5,-0.59633,180,0,0,287146
0,13,-10,0.5,-0.594575,180,0,0,287163
0,8,-9,0.5,-0.593495,180,0,0,287179
0,8,-9,0.5,-0.592415,180,0,0,287202
0,7,-10,0.5,-0.59147,180,0,0,287210
0,7,-11,0.5,-0.590525,180,0,0,287230
0,11,-14,0.5,-0.58904,180,0,31,287249
0,2,-20,0.5,-0.58877,180,0,31,287264
0,-1,-10,0.5,-0.588905,180,0,0,287280
0,0,-10,0.5,-0.588905,180,0,0,287293
0,0,-9,0.5,-0.588905,180,0,0,287311
0,0,-9,0.5,-0.588905,180,0,0,287334
0,2,-7,0.5,-0.588635,180,0,0,287350
0,6,-7,0.5,-0.587825,180,0,0,287365
0,7,-6,0.5,-0.58688,180,0,0,287377
0,9,-5,0.5,-0.585665,180,0,0,287392
0,8,-3,0.5,-0.584585,180,0,0,287409
0,8,-3,0.5,-0.583505,180,0,0,287427
0,8,-3,0.5,-0.582425,180,0,0,287445
0,8,-2,0.5,-0.581345,180,0,0,287458
0,5,-1,0.5,-0.58067,180,0,0,287476
0,2,-1,0.5,-0.5804,180,0,0,287492
0,4,-1,0.5,-0.57986,180,0,0,287511
0,-1,-2,0.5,-0.579995,180,0,0,287527
0,6,-3,0.5,-0.579185,180,0,0,287542
0,9,-5,0.5,-0.57797,180,0,0,287562
0,29,-11,0.5,-0.574055,180,0,0,287582
0,0,0,0.5,-0.574055,180,0,0,287591
0,19,-5,0.5,-0.57149,180,0,0,287614
0,42,-8,0.5,-0.56582,180,0,0,287630
0,19,-2,0.5,-0.563255,180,0,0,287642
0,18,-2,0.5,-0.560825,180,0,0,287660
0,15,-1,0.5,-0.5588,180,0,0,287679
0,14,0,0.5,-0.55691,180,0,0,287695
0,13,0,0.5,-0.555155,180,0,0,287710
0,11,0,0.5,-0.55367,180,0,0,287726
0,9,0,0.5,-0.552455,180,0,0,287744
0,9,-1,0.5,-0.55124,180,0,0,287760
0,9,-3,0.5,-0.550025,180,0,31,287777
0,10,-5,0.5,-0.548675,180,0,31,287796
0,10,-5,0.5,-0.547325,180,0,31,287815
0,10,-6,0.5,-0.545975,180,0,31,287827
0,10,-6,0.5,-0.544625,180,0,0,287845
0,7,-6,0.5,-0.54368,180,0,0,287860
0,6,-5,0.5,-0.54287,180,0,0,287879
0,4,-6,0.5,-0.54233,180,0,0,287900
0,3,-6,0.5,-0.541925,180,0,0,287911
0,3,-7,0.5,-0.54152,180,0,31,287933
0,3,-6,0.5,-0.541115,180,0,31,287949
0,3,-5,0.5,-0.54071,180,0,31,287963
0,2,-4,0.5,-0.54044,180,0,0,287980
0,1,-3,0.5,-0.540305,180,0,0,287992
0,0,-1,0.5,-0.540305,180,0,0,288009
0,-1,-1,0.5,-0.54044,180,0,0,288027
0,8,-3,0.5,-0.53936,180,0,0,288044
0,12,-2,0.5,-0.53774,180,0,0,288062
0,17,-3,0.5,-0.535445,180,0,0,288080
0,19,-4,0.5,-0.53288,180,0,0,288094
0,20,-5,0.5,-0.53018,180,0,0,288110
0,20,-5,0.5,-0.52748,180,0,0,288131
0,23,-6,0.5,-0.524375,180,0,0,288151
0,24,-6,0.5,-0.521135,180,0,0,288166
0,27,-5,0.5,-0.51749,180,0,0,288181
0,31,-5,0.5,-0.513305,180,0,0,288193
0,34,-4,0.5,-0.508715,180,0,0,288212
0,35,-4,0.5,-0.50399,180,0,0,288227
0,34,-4,0.5,-0.4994,180,0,0,288244
0,32,-3,0.5,-0.49508,180,0,0,288261
0,30,-3,0.5,-0.49103,180,0,0,288281
0,26,-2,0.5,-0.48752,180,0,0,288296
0,25,-3,0.5,-0.484145,180,0,0,288311
0,25,-4,0.5,-0.48077,180,0,0,288332
0,51,-12,0.5,-0.473885,180,0,31,288349
0,0,0,0.5,-0.473885,180,0,31,288360
0,27,-6,0.5,-0.47024,180,0,31,288378
0,61,-12,0.5,-0.462005,180,0,0,288400
0,35,-5,0.5,-0.45728,180,0,0,288412
0,36,-4,0.5,-0.45242,180,0,0,288429
0,0,0,0.5,-0.45242,180,0,0,288443
0,68,-7,0.5,-0.44324,180,0,0,288465
0,27,-2,0.5,-0.439595,180,0,0,288479
0,24,-1,0.5,-0.436355,180,0,0,288501
0,21,0,0.5,-0.43352,180,0,0,288511
0,20,0,0.5,-0.43082,180,0,0,288528
0,20,0,0.5,-0.42812,180,0,0,288543
0,21,0,0.5,-0.425285,180,0,0,288561
0,25,-2,0.5,-0.42191,180,0,0,288577
0,29,-2,0.5,-0.417995,180,0,0,288594
0,31,-2,0.5,-0.41381,180,0,0,288610
0,36,-3,0.5,-0.40895,180,0,0,288630
0,36,-3,0.5,-0.40409,180,0,0,288648
0,37,-4,0.5,-0.399095,180,0,0,288667
0,36,-4,0.5,-0.394235,180,0,0,288683
0,32,-4,0.5,-0.389915,180,0,0,288697
0,29,-4,0.5,-0.386,180,0,0,288713
0,25,-3,0.5,-0.382625,180,0,0,288729
0,25,-1,0.5,-0.37925,180,0,0,288746
0,49,0,0.5,-0.372635,180,0,0,288766
0,26,-1,0.5,-0.369125,180,0,0,288780
0,30,-3,0.5,-0.365075,180,0,0,288795
0,0,0,0.5,-0.365075,180,0,0,288810
0,65,-8,0.5,-0.3563,180,0,0,288830
0,30,-3,0.5,-0.35225,180,0,0,288846
0,29,-3,0.5,-0.348335,180,0,0,288861
0,29,-3,0.5,-0.34442,180,0,0,288881
0,28,-4,0.5,-0.34064,180,0,0,288895
0,27,-5,0.5,-0.336995,180,0,0,288911
0,27,-6,0.5,-0.33335,180,0,0,288929
0,27,-7,0.5,-0.329705,180,0,0,288948
0,29,-6,0.5,-0.32579,180,0,0,288964
0,29,-6,0.5,-0.321875,180,0,0,288980
0,32,-5,0.5,-0.317555,180,0,0,288998
0,33,-4,0.5,-0.3131,180,0,0,289013
0,30,-2,0.5,-0.30905,180,0,0,289028
0,32,-2,0.5,-0.30473,180,0,0,289046
0,31,-2,0.5,-0.300545,180,0,0,289063
0,29,-1,0.5,-0.29663,180,0,0,289079
0,57,-4,0.5,-0.288935,180,0,0,289101
0,0,0,0.5,-0.288935,180,0,0,289110
0,29,-2,0.5,-0.28502,180,0,0,289128
0,30,-4,0.5,-0.28097,180,0,0,289146
0,58,-9,0.5,-0.27314,180,0,0,289166
0,26,-4,0.5,-0.26963,180,0,0,289182
0,24,-3,0.5,-0.26639,180,0,0,289196
0,22,-3,0.5,-0.26342,180,0,0,289214
0,20,-2,0.5,-0.26072,180,0,0,289229
0,19,-2,0.5,-0.258155,180,0,0,289245
0,19,-1,0.5,-0.25559,180,0,0,289262
0,20,0,0.5,-0.25289,180,0,31,289286
0,19,0,0.5,-0.250325,180,0,31,289294
0,18,2,0.5,-0.247895,180,1,31,289312
0,15,3,0.5,-0.24587,180,1,0,289330
0,16,4,0.5,-0.24371,180,1,0,289349
0,15,3,0.5,-0.241685,180,0,0,289366
0,19,4,0.5,-0.23912,180,0,0,289381
0,20,2,0.5,-0.23642,180,0,0,289397
0,22,2,0.5,-0.23345,180,0,0,289412
0,26,1,0.5,-0.22994,180,0,0,289430
0,27,2,0.5,-0.226295,180,0,0,289448
0,26,1,0.5,-0.222785,180,0,31,289465
0,25,0,0.5,-0.21941,180,0,31,289478
0,26,0,0.5,-0.2159,180,0,31,289495
0,23,0,0.5,-0.212795,180,0,31,289512
0,21,0,0.5,-0.20996,180,0,31,289528
0,12,0,0.5,-0.20834,180,0,31,289547
0,8,0,0.5,-0.20726,180,0,31,289565
0,3,-5,0.5,-0.206855,180,0,31,289583
0,-3,-4,0.5,-0.20726,180,0,31,289596
0,-4,-5,0.5,-0.2078,180,0,0,289614
0,-4,-5,0.5,-0.20834,180,0,0,289630
0,-2,-4,0.5,-0.20861,180,0,0,289647
0,-2,-3,0.5,-0.20888,180,0,0,289668
0,0,-3,0.5,-0.20888,180,0,31,289683
0,1,-1,0.5,-0.208745,180,0,31,289697
0,1,-1,0.5,-0.20861,180,0,0,289713
0,0,-1,0.5,-0.20861,180,0,0,289729
0,1,0,0.5,-0.208475,180,0,0,289748
0,1,0,0.5,-0.20834,180,0,0,289765
0,1,0,0.5,-0.208205,180,0,31,289779
0,1,0,0.5,-0.20807,180,0,31,289796
0,1,0,0.5,-0.207935,180,0,0,289812
0,0,-1,0.5,-0.207935,180,0,0,289834
0,-1,-1,0.5,-0.20807,180,0,0,289850
0,-1,-2,0.5,-0.208205,180,0,0,289866
0,-1,-1,0.5,-0.20834,180,0,0,289880
0,0,-2,0.5,-0.20834,180,0,31,289897
0,0,-2,0.5,-0.20834,180,0,31,289913
0,1,-1,0.5,-0.208205,180,0,0,289929
0,0,-3,0.5,-0.208205,180,0,0,289954
0,0,-1,0.5,-0.208205,180,0,0,289964
0,0,-1,0.5,-0.208205,180,0,0,289981
0,1,-1,0.5,-0.20807,180,0,31,289997
0,2,-1,0.5,-0.2078,180,0,31,290016
0,1,-1,0.5,-0.207665,180,0,31,290031
0,0,-1,0.5,-0.207665,180,0,0,290046
0,1,-1,0.5,-0.20753,180,0,0,290063
0,0,-1,0.5,-0.20753,180,0,0,290079
0,0,-1,0.5,-0.20753,180,0,0,290098
0,1,-1,0.5,-0.207395,180,0,31,290114
0,2,-1,0.5,-0.207125,180,0,31,290132
0,2,-1,0.5,-0.206855,180,0,16,290148
0,2,-1,0.5,-0.206585,180,0,0,290165
0,1,-1,0.5,-0.20645,180,0,0,290183
0,1,-1,0.5,-0.206315,180,0,0,290198
0,2,-1,0.5,-0.206045,180,0,0,290213
0,1,-1,0.5,-0.20591,180,0,0,290231
0,2,-1,0.5,-0.20564,180,0,31,290248
0,3,-1,0.5,-0.205235,180,0,31,290264
0,2,-1,0.5,-0.204965,180,0,0,290280
0,1,-1,0.5,-0.20483,180,0,0,290297
0,0,-2,0.5,-0.20483,180,0,0,290315
0,1,-1,0.5,-0.204695,180,0,0,290332
0,0,-1,0.5,-0.204695,180,0,31,290352
0,1,-1,0.5,-0.20456,180,0,31,290368
0,1,-1,0.5,-0.204425,180,0,31,290381
0,1,-2,0.5,-0.20429,180,0,0,290407
0,0,-1,0.5,-0.20429,180,0,0,290417
0,0,-1,0.5,-0.20429,180,0,0,290432
0,0,-1,0.5,-0.20429,180,0,0,290448
0,0,0,0.5,-0.20429,180,0,0,290462
0,1,0,0.5,-0.204155,180,0,0,290481
0,1,0,0.5,-0.20402,180,0,31,290498
0,2,0,0.5,-0.20375,180,0,31,290513
0,1,0,0.5,-0.203615,180,0,31,290530
0,0,0,0.5,-0.203615,180,0,0,290547
0,-1,0,0.5,-0.20375,180,0,0,290564
0,0,0,0.5,-0.20375,180,0,0,290580
0,-3,0,0.5,-0.204155,180,0,0,290597
0,0,0,0.5,-0.204155,180,0,0,290613
0,0,0,0.5,-0.204155,180,0,31,290631
0,1,0,0.5,-0.20402,180,0,31,290647
0,2,-1,0.5,-0.20375,180,0,31,290668
0,2,-1,0.5,-0.20348,180,0,0,290681
0,0,0,0.5,-0.20348,180,0,0,290697
0,0,0,0.5,-0.20348,180,0,0,290715
0,0,0,0.5,-0.20348,180,0,0,290731
0,3,0,0.5,-0.203075,180,0,0,290750
0,3,0,0.5,-0.20267,180,0,31,290764
0,2,0,0.5,-0.2024,180,0,31,290781
0,2,0,0.5,-0.20213,180,0,31,290798
0,0,0,0.5,-0.20213,180,0,0,290814
0,0,0,0.5,-0.20213,180,0,0,290831
0,2,0,0.5,-0.20186,180,0,0,290847
0,3,1,0.5,-0.201455,180,0,0,290867
0,3,1,0.5,-0.20105,180,0,31,290881
0,4,1,0.5,-0.20051,180,0,31,290898
0,5,1,0.5,-0.199835,180,0,31,290917
0,4,0,0.5,-0.199295,180,0,0,290942
0,3,0,0.5,-0.19889,180,0,0,290953
0,2,0,0.5,-0.19862,180,0,0,290967
0,3,1,0.5,-0.198215,180,0,0,290986
0,5,2,0.5,-0.19754,180,0,0,291002
0,7,2,0.5,-0.196595,180,0,0,291019
0,8,2,0.5,-0.195515,180,0,0,291032
0,7,2,0.5,-0.19457,180,0,0,291049
0,8,4,0.5,-0.19349,180,0,0,291068
0,11,4,0.5,-0.192005,180,0,0,291084
0,4,10,0.5,-0.191465,180,0,0,291102
0,3,6,0.5,-0.19106,180,0,0,291116
0,3,6,0.5,-0.190655,180,0,0,291137
0,2,6,0.5,-0.190385,180,0,0,291152
0,3,5,0.5,-0.18998,180,0,0,291172
0,6,4,0.5,-0.18917,180,0,0,291183
0,9,4,0.5,-0.187955,180,0,0,291202
0,11,3,0.5,-0.18647,180,0,0,291219
0,15,3,0.5,-0.184445,180,0,0,291232
0,19,3,0.5,-0.18188,180,0,0,291253
0,20,3,0.5,-0.17918,180,0,0,291270
0,23,4,0.5,-0.176075,180,0,0,291283
0,23,3,0.5,-0.17297,180,0,0,291300
0,25,4,0.5,-0.169595,180,0,0,291321
0,27,3,0.5,-0.16595,180,0,0,291334
0,29,2,0.5,-0.162035,180,0,0,291349
0,28,2,0.5,-0.158255,180,0,0,291366
0,28,1,0.5,-0.154475,180,0,0,291383
0,26,0,0.5,-0.150965,180,0,0,291399
0,21,1,0.5,-0.14813,180,0,0,291417
0,20,1,0.5,-0.14543,180,0,0,291433
0,18,2,0.5,-0.143,180,0,0,291450
0,30,3,0.5,-0.13895,180,0,0,291473
0,13,1,0.5,-0.137195,180,0,0,291485
0,12,0,0.5,-0.135575,180,0,0,291499
0,13,0,0.5,-0.13382,180,0,0,291516
0,15,0,0.5,-0.131795,180,0,0,291534
0,16,-1,0.5,-0.129635,180,0,0,291551
0,18,-1,0.5,-0.127205,180,0,0,291568
0,19,-2,0.5,-0.12464,180,0,0,291582
0,20,-3,0.5,-0.12194,180,0,0,291600
0,19,-3,0.5,-0.119375,180,0,0,291623
0,19,-4,0.5,-0.11681,180,0,0,291635
0,18,-5,0.5,-0.11438,180,0,0,291655
0,17,-6,0.5,-0.112085,180,0,0,291669
0,17,-6,0.5,-0.10979,180,0,0,291686
0,16,-6,0.5,-0.10763,180,0,0,291701
0,16,-6,0.5,-0.10547,180,0,0,291720
0,16,-5,0.5,-0.10331,180,0,0,291736
0,19,-5,0.5,-0.100745,180,0,0,291753
0,21,-3,0.5,-0.09791,180,0,0,291769
0,21,-3,0.5,-0.095075,180,0,0,291784
0,49,-6,0.5,-0.08846,180,0,0,291807
0,29,-4,0.5,-0.084545,180,0,0,291822
0,30,-4,0.5,-0.080495,180,0,0,291838
0,0,0,0.5,-0.080495,180,0,0,291850
0,65,-9,0.5,-0.07172,180,0,0,291870
0,31,-5,0.5,-0.067535,180,0,0,291887
0,28,-5,0.5,-0.063755,180,0,0,291903
0,27,-6,0.5,-0.06011,180,0,0,291927
0,22,-5,0.5,-0.05714,180,0,0,291941
0,20,-6,0.5,-0.05444,180,0,0,291958
0,19,-5,0.5,-0.051875,180,0,0,291969
0,17,-5,0.5,-0.04958,180,0,0,291986
0,19,-5,0.5,-0.047015,180,0,0,292002
0,22,-4,0.5,-0.044045,180,0,0,292022
0,25,-3,0.5,-0.04067,180,0,0,292039
0,26,-2,0.5,-0.03716,180,0,0,292052
0,28,-2,0.5,-0.03338,180,0,0,292070
0,29,-3,0.5,-0.029465,180,0,0,292084
0,27,-3,0.5,-0.02582,180,0,0,292104
0,32,-4,0.5,-0.0215,180,0,0,292121
0,31,-3,0.5,-0.017315,180,0,0,292138
0,30,-4,0.5,-0.013265,180,0,0,292152
0,32,-4,0.5,-0.008945,180,0,0,292171
0,30,-5,0.5,-0.004895,180,0,0,292189
0,29,-6,0.5,-0.00098,180,0,0,292204
0,29,-6,0.5,0.002935,180,0,0,292219
0,29,-6,0.5,0.00685,180,0,0,292235
0,50,-12,0.5,0.0136,180,0,0,292255
0,22,-5,0.5,0.01657,180,0,0,292271
0,19,-3,0.5,0.019135,180,0,0,292289
0,16,-1,0.5,0.021295,180,0,0,292302
0,12,0,0.5,0.022915,180,0,0,292319
0,3,0,0.5,0.02332,180,0,0,292335
0,1,0,0.5,0.023455,180,0,0,292352
0,-7,-1,0.5,0.02251,180,0,0,292367
0,-11,-2,0.5,0.021025,180,0,0,292386
0,-15,-1,0.5,0.019,180,0,0,292405
0,-16,-2,0.5,0.01684,180,0,0,292418
0,-17,-1,0.5,0.014545,180,0,0,292436
0,-15,-1,0.5,0.01252,180,0,0,292454
0,-10,0,0.5,0.01117,180,0,0,292470
0,-6,-1,0.5,0.01036,180,0,0,292485
0,-2,0,0.5,0.01009,180,0,0,292501
0,1,0,0.5,0.010225,180,0,0,292520
0,5,2,0.5,0.0109,180,0,0,292539
0,8,3,0.5,0.01198,180,0,0,292556
0,20,8,0.5,0.01468,180,0,0,292575
0,12,5,0.5,0.0163,180,0,0,292591
0,0,0,0.5,0.0163,180,0,0,292602
0,12,4,0.5,0.01792,180,0,0,292621
0,25,8,0.5,0.021295,180,0,0,292642
0,12,4,0.5,0.022915,180,0,0,292654
0,13,2,0.5,0.02467,180,0,0,292669
0,11,0,0.5,0.026155,180,0,0,292684
0,6,0,0.5,0.026965,180,0,0,292703
0,1,-3,0.5,0.0271,180,0,0,292720
0,-2,-3,0.5,0.02683,180,0,0,292739
0,-3,-3,0.5,0.026425,180,0,0,292753
0,-6,-4,0.5,0.025615,180,0,0,292771
0,-5,-3,0.5,0.02494,180,0,0,292787
0,-3,-2,0.5,0.024535,180,0,0,292809
0,-4,-2,0.5,0.023995,180,0,0,292822
0,-3,0,0.5,0.02359,180,0,0,292838
0,-3,1,0.5,0.023185,180,0,0,292852
0,-3,3,0.5,0.02278,180,0,0,292871
0,-2,4,0.5,0.02251,180,0,0,292890
0,0,4,0.5,0.02251,180,0,0,292902
0,1,5,0.5,0.022645,180,0,0,292920
0,3,4,0.5,0.02305,180,0,0,292936
0,4,4,0.5,0.02359,180,0,0,292952
0,8,4,0.5,0.02467,180,0,0,292969
0,10,3,0.5,0.02602,180,0,0,292987
0,16,3,0.5,0.02818,180,0,0,293006
0,5,0,0.5,0.028855,180,0,0,293018
0,3,0,0.5,0.02926,180,0,0,293038
0,0,0,0.5,0.02926,180,0,0,293053
0,1,-2,0.5,0.029395,180,0,0,293070
0,-3,-1,0.5,0.02899,180,0,0,293091
0,-10,-2,0.5,0.02764,180,0,0,293103
0,-11,-3,0.5,0.026155,180,0,0,293120
0,-12,-3,0.5,0.024535,180,0,0,293136
0,-13,-4,0.5,0.02278,180,0,0,293159
0,-10,-3,0.5,0.02143,180,0,0,293170
0,-7,-3,0.5,0.020485,180,0,0,293187
0,-6,-2,0.5,0.019675,180,0,0,293203
0,-2,-1,0.5,0.019405,180,0,0,293220
0,0,0,0.5,0.019405,180,0,0,293236
0,0,1,0.5,0.019405,180,0,0,293252
0,4,3,0.5,0.019945,180,0,0,293277
0,5,5,0.5,0.02062,180,0,0,293291
0,7,6,0.5,0.021565,180,0,0,293304
0,9,7,0.5,0.02278,180,0,0,293322
0,10,7,0.5,0.02413,180,0,0,293339
0,12,7,0.5,0.02575,180,0,31,293355
0,12,7,0.5,0.02737,180,0,31,293370
0,30,12,0.5,0.03142,180,0,0,293392
0,15,5,0.5,0.033445,180,0,0,293405
0,14,5,0.5,0.035335,180,0,0,293422
0,13,4,0.5,0.03709,180,0,0,293440
0,10,3,0.5,0.03844,180,0,0,293456
0,10,1,0.5,0.03979,180,0,0,293469
0,10,0,0.5,0.04114,180,0,0,293486
0,10,0,0.5,0.04249,180,0,0,293505
0,10,0,0.5,0.04384,180,0,0,293520
0,10,0,0.5,0.04519,180,0,0,293538
0,8,-1,0.5,0.04627,180,0,0,293554
0,8,0,0.5,0.04735,180,0,0,293569
0,6,0,0.5,0.04816,180,0,0,293587
0,3,1,0.5,0.048565,180,0,0,293603
0,0,0,0.5,0.048565,180,0,0,293620
0,0,0,0.5,0.048565,180,0,0,293636
0,-7,-2,0.5,0.04762,180,0,0,293654
0,-9,-4,0.5,0.046405,180,0,0,293673
0,-12,-3,0.5,0.044785,180,0,0,293688
0,-12,-3,0.5,0.043165,180,0,0,293706
0,-12,-2,0.5,0.041545,180,0,0,293721
0,-14,-5,0.5,0.039655,180,0,0,293744
0,-2,-4,0.5,0.039385,180,0,0,293761
0,0,0,0.5,0.039385,180,0,0,293770
0,4,-6,0.5,0.039925,180,0,0,293789
0,5,-1,0.5,0.0406,180,0,0,293805
0,6,0,0.5,0.04141,180,0,0,293820
0,6,1,0.5,0.04222,180,0,0,293839
0,8,2,0.5,0.0433,180,0,0,293857
0,9,2,0.5,0.044515,180,0,0,293871
0,15,2,0.5,0.04654,180,0,0,293887
0,20,2,0.5,0.04924,180,0,0,293907
0,26,3,0.5,0.05275,180,0,0,293922
0,26,3,0.5,0.05626,180,0,0,293941
0,27,4,0.5,0.059905,180,0,0,293955
0,23,4,0.5,0.06301,180,0,0,293980
0,23,4,0.5,0.066115,180,0,0,293988
0,21,4,0.5,0.06895,180,0,0,294006
0,15,4,0.5,0.070975,180,0,0,294021
0,9,1,0.5,0.07219,180,0,0,294042
0,3,0,0.5,0.072595,180,0,0,294060
0,1,0,0.5,0.07273,180,0,0,294072
0,-5,-1,0.5,0.072055,180,0,0,294087
0,-10,-1,0.5,0.070705,180,0,0,294109
0,-13,-1,0.5,0.06895,180,0,0,294123
0,-16,-1,0.5,0.06679,180,0,0,294139
0,-36,-2,0.5,0.06193,180,0,0,294157
0,0,0,0.5,0.06193,180,0,0,294170
0,-24,0,0.5,0.05869,180,0,0,294190
0,-5,1,0.5,0.058015,180,0,0,294204
0,-2,2,0.5,0.057745,180,0,0,294222
0,3,4,0.5,0.05815,180,0,0,294240
0,6,4,0.5,0.05896,180,0,0,294257
0,6,5,0.5,0.05977,180,0,0,294272
0,10,6,0.5,0.06112,180,0,0,294296
0,12,7,0.5,0.06274,180,0,0,294307
0,13,7,0.5,0.064495,180,0,0,294324
0,16,6,0.5,0.066655,180,0,0,294340
0,17,7,0.5,0.06895,180,0,0,294359
0,16,7,0.5,0.07111,180,0,0,294374
0,16,6,0.5,0.07327,180,0,0,294391
0,17,6,0.5,0.075565,180,0,0,294409
0,17,5,0.5,0.07786,180,0,0,294424
0,15,4,0.5,0.079885,180,0,0,294442
0,15,4,0.5,0.08191,180,0,0,294459
0,15,3,0.5,0.083935,180,0,0,294473
0,15,2,0.5,0.08596,180,0,0,294489
0,15,1,0.5,0.087985,180,0,0,294506
0,27,2,0.5,0.09163,180,0,0,294524
0,13,1,0.5,0.093385,180,0,0,294541
0,11,2,0.5,0.09487,180,0,0,294560
0,12,4,0.5,0.09649,180,0,0,294573
0,15,5,0.5,0.098515,180,0,0,294590
0,15,6,0.5,0.10054,180,0,0,294609
0,16,6,0.5,0.1027,180,0,0,294625
0,17,6,0.5,0.104995,180,0,0,294643
0,19,6,0.5,0.10756,180,0,0,294658
0,24,5,0.5,0.1108,180,0,0,294675
0,25,5,0.5,0.114175,180,0,0,294697
0,28,4,0.5,0.117955,180,0,0,294710
0,27,3,0.5,0.1216,180,0,0,294726
0,27,3,0.5,0.125245,180,0,0,294741
0,26,4,0.5,0.128755,180,0,0,294760
0,43,9,0.5,0.13456,180,0,0,294783
0,0,0,0.5,0.13456,180,0,0,294792
0,19,6,0.5,0.137125,180,0,0,294807
0,16,6,0.5,0.139285,180,0,0,294824
0,13,6,0.5,0.14104,180,0,0,294841
0,14,6,0.5,0.14293,180,0,0,294861
0,13,5,0.5,0.144685,180,0,0,294874
0,17,5,0.5,0.14698,180,0,0,294890
0,19,4,0.5,0.149545,180,0,0,294910
0,52,7,0.5,0.156565,180,0,0,294928
0,30,3,0.5,0.160615,180,0,0,294942
0,33,3,0.5,0.16507,180,0,0,294957
0,34,2,0.5,0.16966,180,0,0,294973
0,36,2,0.5,0.17452,180,0,0,294989
0,35,3,0.5,0.179245,180,0,0,295009
0,36,5,0.5,0.184105,180,0,0,295027
0,34,6,0.5,0.188695,180,0,0,295042
0,33,7,0.5,0.19315,180,0,0,295058
0,33,8,0.5,0.197605,180,0,0,295075
0,34,8,0.5,0.202195,180,0,0,295093
0,33,8,0.5,0.20665,180,0,0,295111
0,35,7,0.5,0.211375,180,0,0,295130
0,37,6,0.5,0.21637,180,0,0,295141
0,38,5,0.5,0.2215,180,0,0,295159
0,42,5,0.5,0.22717,180,0,0,295175
0,42,6,0.5,0.23284,180,0,0,295191
0,83,6,0.5,0.244045,180,0,0,295214
0,0,5,0.5,0.244045,180,0,0,295230
0,39,6,0.5,0.24931,180,0,0,295247
0,35,8,0.5,0.254035,180,0,0,295258
0,34,8,0.5,0.258625,180,0,0,295275
0,63,18,0.5,0.26713,180,0,0,295301
0,28,9,0.5,0.27091,180,0,0,295316
0,27,8,0.5,0.274555,180,0,0,295327
0,27,6,0.5,0.2782,180,0,0,295345
0,28,5,0.5,0.28198,180,0,0,295362
0,27,5,0.5,0.285625,180,0,0,295375
0,27,4,0.5,0.28927,180,0,0,295391
0,26,3,0.5,0.29278,180,0,0,295407
0,24,3,0.5,0.29602,180,0,0,295428
0,22,2,0.5,0.29899,180,0,0,295442
0,15,2,0.5,0.301015,180,0,0,295461
0,10,3,0.5,0.302365,180,0,0,295475
0,2,2,0.5,0.302635,180,0,0,295491
0,-1,1,0.5,0.3025,180,0,0,295508
0,-9,0,0.5,0.301285,180,0,0,295526
0,-11,-2,0.5,0.2998,180,0,0,295541
0,-14,-3,0.5,0.29791,180,0,0,295559
0,-12,-3,0.5,0.29629,180,0,0,295581
0,-12,-3,0.5,0.29467,180,0,0,295592
0,-8,-2,0.5,0.29359,180,0,0,295609
0,-6,-2,0.5,0.29278,180,0,0,295626
0,-2,-1,0.5,0.29251,180,0,0,295641
0,5,1,0.5,0.293185,180,0,0,295661
0,0,0,0.5,0.293185,180,0,0,295676
0,23,7,0.5,0.29629,180,0,0,295700
0,16,6,0.5,0.29845,180,0,0,295712
0,19,6,0.5,0.301015,180,0,0,295729
0,24,7,0.5,0.304255,180,0,0,295742
0,27,8,0.5,0.3079,180,0,0,295759
0,30,9,0.5,0.31195,180,0,0,295784
0,30,9,0.5,0.316,180,0,0,295793
0,28,8,0.5,0.31978,180,0,0,295814
0,28,8,0.5,0.32356,180,0,0,295830
0,28,7,0.5,0.32734,180,0,0,295844
0,28,6,0.5,0.33112,180,0,0,295860
0,27,6,0.5,0.334765,180,0,0,295876
0,28,5,0.5,0.338545,180,0,0,295894
0,28,5,0.5,0.342325,180,0,0,295912
0,28,5,0.5,0.346105,180,0,0,295928
0,27,5,0.5,0.34975,180,0,0,295943
0,29,5,0.5,0.353665,180,0,0,295958
0,27,5,0.5,0.35731,180,0,0,295979
0,27,4,0.5,0.360955,180,0,0,295994
0,24,6,0.5,0.364195,180,0,0,296009
0,24,7,0.5,0.367435,180,0,0,296029
0,19,7,0.5,0.37,180,0,0,296044
0,17,7,0.5,0.372295,180,0,0,296061
0,36,16,0.5,0.377155,180,0,0,296083
0,22,7,0.5,0.380125,180,0,0,296097
0,26,7,0.5,0.383635,180,0,0,296112
0,29,7,0.5,0.38755,180,0,0,296128
0,34,7,0.5,0.39214,180,0,0,296148
0,35,7,0.5,0.396865,180,0,0,296164
0,33,7,0.5,0.40132,180,0,0,296178
0,33,8,0.5,0.405775,180,0,0,296193
0,34,7,0.5,0.410365,180,0,0,296215
0,30,7,0.5,0.414415,180,0,0,296228
0,25,9,0.5,0.41779,180,0,0,296245
0,25,10,0.5,0.421165,180,0,0,296263
0,23,11,0.5,0.42427,180,0,0,296281
0,19,10,0.5,0.426835,180,0,0,296299
0,19,10,0.5,0.4294,180,0,0,296314
0,18,8,0.5,0.43183,180,0,0,296330
0,18,6,0.5,0.43426,180,0,0,296347
0,20,5,0.5,0.43696,180,0,0,296361
0,18,4,0.5,0.43939,180,0,0,296378
0,17,3,0.5,0.441685,180,0,0,296396
0,15,2,0.5,0.44371,180,0,0,296409
0,12,0,0.5,0.44533,180,0,0,296425
0,6,0,0.5,0.44614,180,0,0,296443
0,1,0,0.5,0.446275,180,0,0,296459
0,-20,-2,0.5,0.443575,180,0,0,296479
0,-13,-2,0.5,0.44182,180,0,0,296497
0,-14,-4,0.5,0.43993,180,0,0,296512
0,-12,-4,0.5,0.43831,180,0,0,296527
0,-7,-3,0.5,0.437365,180,0,0,296543
0,-4,-3,0.5,0.436825,180,0,0,296560
0,1,-2,0.5,0.43696,180,0,0,296577
0,5,0,0.5,0.437635,180,0,0,296597
0,9,0,0.5,0.43885,180,0,0,296610
0,11,1,0.5,0.440335,180,0,0,296627
0,13,3,0.5,0.44209,180,0,0,296644
0,16,5,0.5,0.44425,180,0,0,296662
0,16,5,0.5,0.44641,180,0,0,296678
0,18,5,0.5,0.44884,180,0,0,296695
0,19,4,0.5,0.451405,180,0,0,296710
0,21,3,0.5,0.45424,180,0,0,296727
0,22,3,0.5,0.45721,180,0,0,296744
0,26,2,0.5,0.46072,180,0,0,296761
0,54,2,0.5,0.46801,180,0,0,296780
0,0,3,0.5,0.46801,180,0,0,296793
0,29,2,0.5,0.471925,180,0,0,296813
0,57,3,0.5,0.47962,180,0,0,296831
0,26,0,0.5,0.48313,180,0,0,296846
0,26,0,0.5,0.48664,180,0,0,296860
0,26,0,0.5,0.49015,180,0,0,296876
0,27,0,0.5,0.493795,180,0,0,296894
0,30,0,0.5,0.497845,180,0,0,296912
0,30,0,0.5,0.501895,180,0,0,296930
0,32,0,0.5,0.506215,180,0,0,296946
0,33,0,0.5,0.51067,180,0,0,296960
0,34,0,0.5,0.51526,180,0,0,296976
0,35,-1,0.5,0.519985,180,0,0,296993
0,33,-2,0.5,0.52444,180,0,0,297010
0,32,-2,0.5,0.52876,180,0,0,297028
0,30,-4,0.5,0.53281,180,0,0,297046
0,29,-5,0.5,0.536725,180,0,0,297064
0,29,-7,0.5,0.54064,180,0,0,297084
0,26,-7,0.5,0.54415,180,0,0,297098
0,25,-7,0.5,0.547525,180,0,0,297113
0,25,-6,0.5,0.5509,180,0,0,297128
0,25,-4,0.5,0.554275,180,0,0,297149
0,26,-4,0.5,0.557785,180,0,0,297162
0,61,-5,0.5,0.56602,180,0,0,297181
0,0,-6,0.5,0.56602,180,0,0,297196
0,35,-7,0.5,0.570745,180,0,0,297213
0,73,-7,0.5,0.5806,180,0,0,297232
0,33,-14,0.5,0.585055,180,0,0,297252
0,33,-7,0.5,0.58951,180,0,0,297268
0,30,-7,0.5,0.59356,180,0,0,297283
0,24,-7,0.5,0.5968,180,0,0,297298
0,23,-7,0.5,0.599905,180,0,0,297313
0,22,-6,0.5,0.602875,180,0,0,297331
0,23,-5,0.5,0.60598,180,0,0,297345
0,26,-4,0.5,0.60949,180,0,0,297363
0,29,-4,0.5,0.613405,180,0,0,297381
0,31,-4,0.5,0.61759,180,0,0,297397
0,35,-5,0.5,0.622315,180,0,0,297411
0,37,-7,0.5,0.62731,180,0,0,297432
0,40,-7,0.5,0.63271,180,0,0,297449
0,40,-7,0.5,0.63811,180,0,0,297471
0,38,-6,0.5,0.64324,180,0,0,297481
0,35,-7,0.5,0.647965,180,0,0,297499
0,34,-7,0.5,0.652555,180,0,0,297513
0,31,-7,0.5,0.65674,180,0,0,297530
0,28,-7,0.5,0.66052,180,0,0,297549
0,26,-7,0.5,0.66403,180,0,0,297564
0,26,-6,0.5,0.66754,180,0,0,297583
0,59,-10,0.5,0.675505,180,0,0,297599
0,35,-5,0.5,0.68023,180,0,0,297613
0,37,-4,0.5,0.685225,180,0,0,297629
0,37,-4,0.5,0.69022,180,0,0,297647
0,38,-5,0.5,0.69535,180,0,0,297663
0,36,-5,0.5,0.70021,180,0,0,297680
0,34,-6,0.5,0.7048,180,0,0,297698
0,34,-6,0.5,0.70939,180,0,0,297713
0,33,-7,0.5,0.71,180,0,0,297730
