0,92,-47,0.5,-0.69758,180,0,0,133416
0,21,-8,0.5,-0.694745,180,0,0,133430
0,24,-8,0.5,-0.691505,180,0,0,133441
0,27,-8,0.5,-0.68786,180,0,0,133450
0,26,-9,0.5,-0.68435,180,0,0,133463
0,26,-10,0.5,-0.68084,180,0,0,133480
0,23,-11,0.5,-0.677735,180,0,0,133495
0,20,-12,0.5,-0.675035,180,0,0,133514
0,20,-15,0.5,-0.672335,180,0,0,133533
0,18,-15,0.5,-0.669905,180,0,0,133548
0,17,-14,0.5,-0.66761,180,0,0,133563
0,15,-14,0.5,-0.665585,180,0,0,133582
0,13,-13,0.5,-0.66383,180,0,0,133596
0,12,-14,0.5,-0.66221,180,0,0,133612
0,11,-12,0.5,-0.660725,180,0,0,133631
0,14,-12,0.5,-0.658835,180,0,0,133645
0,15,-11,0.5,-0.65681,180,0,0,133664
0,16,-10,0.5,-0.65465,180,0,0,133680
0,20,-10,0.5,-0.65195,180,0,0,133696
0,23,-11,0.5,-0.648845,180,0,0,133716
0,25,-13,0.5,-0.64547,180,0,0,133731
0,22,-13,0.5,-0.6425,180,0,0,133749
0,41,-20,0.5,-0.636965,180,0,0,133774
0,0,-10,0.5,-0.636965,180,0,0,133785
0,36,-32,0.5,-0.632105,180,0,0,133807
0,14,-17,0.5,-0.630215,180,0,0,133824
0,11,-16,0.5,-0.62873,180,0,0,133839
0,8,-15,0.5,-0.62765,180,0,0,133856
0,5,-14,0.5,-0.626975,180,0,0,133869
0,4,-15,0.5,-0.626435,180,0,0,133880
0,4,-15,0.5,-0.625895,180,0,0,133911
0,14,-30,0.5,-0.624005,180,0,0,133947
0,12,-16,0.5,-0.622385,180,0,0,133958
0,12,-15,0.5,-0.620765,180,0,0,133971
0,15,-16,0.5,-0.61874,180,0,0,133984
0,16,-16,0.5,-0.61658,180,0,0,134001
0,16,-15,0.5,-0.61442,180,0,0,134013
0,19,-16,0.5,-0.611855,180,0,0,134026
0,17,-15,0.5,-0.60956,180,0,31,134044
0,15,-15,0.5,-0.607535,180,0,31,134059
0,12,-14,0.5,-0.605915,180,0,31,134074
0,9,-12,0.5,-0.6047,180,0,31,134091
0,8,-11,0.5,-0.60362,180,0,0,134107
0,9,-11,0.5,-0.602405,180,0,0,134127
0,11,-12,0.5,-0.60092,180,0,0,134150
0,15,-14,0.5,-0.598895,180,0,0,134168
0,15,-14,0.5,-0.59687,180,0,0,134182
0,17,-16,0.5,-0.594575,180,0,0,134196
0,19,-16,0.5,-0.59201,180,0,31,134210
0,18,-16,0.5,-0.58958,180,0,31,134226
0,20,-17,0.5,-0.58688,180,0,31,134246
0,18,-17,0.5,-0.58445,180,0,31,134262
0,17,-17,0.5,-0.582155,180,0,0,134284
0,30,-34,0.5,-0.578105,180,0,0,134302
0,17,-18,0.5,-0.57581,180,0,0,134316
0,0,0,0.5,-0.57581,180,0,0,134323
0,20,-19,0.5,-0.57311,180,0,0,134341
0,21,-18,0.5,-0.570275,180,0,0,134357
0,21,-18,0.5,-0.56744,180,0,0,134378
0,20,-18,0.5,-0.56474,180,0,0,134393
0,33,-34,0.5,-0.560285,180,0,31,134426
0,30,-35,0.5,-0.556235,180,0,31,134452
0,18,-19,0.5,-0.553805,180,0,31,134466
0,20,-19,0.5,-0.551105,180,0,0,134480
0,21,-20,0.5,-0.54827,180,0,0,134500
0,26,-20,0.5,-0.54476,180,0,0,134517
0,28,-19,0.5,-0.54098,180,0,0,134531
0,31,-20,0.5,-0.536795,180,0,0,134547
0,33,-20,0.5,-0.53234,180,0,0,134563
0,32,-19,0.5,-0.52802,180,0,0,134580
0,30,-17,0.5,-0.52397,180,0,0,134593
0,27,-17,0.5,-0.520325,180,0,0,134608
0,19,-14,0.5,-0.51776,180,0,0,134626
0,18,-15,0.5,-0.51533,180,0,0,134641
0,19,-17,0.5,-0.512765,180,0,0,134654
0,19,-18,0.5,-0.5102,180,0,0,134671
0,17,-19,0.5,-0.507905,180,0,0,134685
0,18,-19,0.5,-0.505475,180,0,0,134702
0,20,-19,0.5,-0.502775,180,0,0,134721
0,21,-20,0.5,-0.49994,180,0,0,134739
0,20,-21,0.5,-0.49724,180,0,0,134753
0,21,-21,0.5,-0.494405,180,0,0,134769
0,20,-22,0.5,-0.491705,180,0,0,134787
0,19,-24,0.5,-0.48914,180,0,0,134804
0,20,-23,0.5,-0.48644,180,0,0,134825
0,21,-23,0.5,-0.483605,180,0,0,134846
0,40,-44,0.5,-0.478205,180,0,0,134869
0,20,-23,0.5,-0.475505,180,0,0,134887
0,19,-22,0.5,-0.47294,180,0,0,134905
0,20,-21,0.5,-0.47024,180,0,0,134919
0,22,-20,0.5,-0.46727,180,0,0,134936
0,46,-40,0.5,-0.46106,180,0,0,134962
0,22,-19,0.5,-0.45809,180,0,0,134977
0,22,-22,0.5,-0.45512,180,0,0,134992
0,23,-22,0.5,-0.452015,180,0,0,135011
0,23,-24,0.5,-0.44891,180,0,0,135028
0,21,-23,0.5,-0.446075,180,0,0,135045
0,21,-24,0.5,-0.44324,180,0,0,135062
0,19,-24,0.5,-0.440675,180,0,0,135079
0,16,-24,0.5,-0.438515,180,0,0,135095
0,16,-24,0.5,-0.436355,180,0,31,135112
0,17,-24,0.5,-0.43406,180,0,31,135130
0,34,-48,0.5,-0.42947,180,0,31,135158
0,19,-24,0.5,-0.426905,180,0,31,135177
0,18,-24,0.5,-0.424475,180,0,0,135197
0,19,-24,0.5,-0.42191,180,0,0,135211
0,19,-23,0.5,-0.419345,180,0,0,135223
0,19,-23,0.5,-0.41678,180,0,0,135242
0,39,-45,0.5,-0.411515,180,0,0,135271
0,21,-24,0.5,-0.40868,180,0,0,135286
0,21,-24,0.5,-0.405845,180,0,0,135302
0,21,-24,0.5,-0.40301,180,0,31,135317
0,18,-24,0.5,-0.40058,180,0,31,135333
0,13,-24,0.5,-0.398825,180,0,31,135349
0,11,-24,0.5,-0.39734,180,0,31,135367
0,7,-24,0.5,-0.396395,180,0,0,135383
0,1,-22,0.5,-0.39626,180,0,0,135400
0,0,-41,0.5,-0.39626,180,0,0,135422
0,-1,-20,0.5,-0.396395,180,0,0,135438
0,0,-18,0.5,-0.396395,180,0,0,135453
0,0,0,0.5,-0.396395,180,0,0,135459
0,0,-18,0.5,-0.396395,180,0,0,135473
0,1,-17,0.5,-0.39626,180,0,31,135489
0,0,-18,0.5,-0.39626,180,0,31,135504
0,3,-20,0.5,-0.395855,180,0,31,135520
0,5,-19,0.5,-0.39518,180,0,31,135538
0,10,-20,0.5,-0.39383,180,0,31,135558
0,12,-19,0.5,-0.39221,180,0,0,135575
0,15,-19,0.5,-0.390185,180,0,0,135589
0,17,-18,0.5,-0.38789,180,0,0,135604
0,19,-18,0.5,-0.385325,180,0,0,135630
0,42,-36,0.5,-0.379655,180,0,0,135656
0,40,-31,0.5,-0.374255,180,0,31,135681
0,21,-15,0.5,-0.37142,180,0,31,135696
0,20,-16,0.5,-0.36872,180,0,31,135711
0,24,-18,0.5,-0.36548,180,0,31,135722
0,0,0,0.5,-0.36548,180,0,31,135728
0,24,-19,0.5,-0.36224,180,0,31,135748
0,25,-20,0.5,-0.358865,180,0,31,135766
0,24,-20,0.5,-0.355625,180,0,0,135780
0,25,-21,0.5,-0.35225,180,0,0,135797
0,23,-21,0.5,-0.349145,180,0,0,135815
0,22,-22,0.5,-0.346175,180,0,0,135834
0,19,-23,0.5,-0.34361,180,0,0,135853
0,32,-44,0.5,-0.33929,180,0,0,135874
0,14,-21,0.5,-0.3374,180,0,0,135899
0,31,-43,0.5,-0.333215,180,0,0,135922
0,16,-21,0.5,-0.331055,180,0,0,135935
0,18,-22,0.5,-0.328625,180,0,0,135951
0,20,-23,0.5,-0.325925,180,0,0,135966
0,21,-24,0.5,-0.32309,180,0,0,135986
0,19,-23,0.5,-0.320525,180,0,0,136004
0,18,-23,0.5,-0.318095,180,0,0,136021
0,18,-22,0.5,-0.315665,180,0,0,136033
0,18,-23,0.5,-0.313235,180,0,0,136050
0,21,-21,0.5,-0.3104,180,0,0,136065
0,21,-20,0.5,-0.307565,180,0,0,136083
0,19,-19,0.5,-0.305,180,0,0,136098
0,19,-18,0.5,-0.302435,180,0,0,136114
0,18,-18,0.5,-0.300005,180,0,0,136126
0,18,-18,0.5,-0.297575,180,0,0,136143
0,18,-18,0.5,-0.295145,180,0,0,136160
0,18,-20,0.5,-0.292715,180,0,0,136176
0,12,-21,0.5,-0.291095,180,0,0,136194
0,15,-22,0.5,-0.28907,180,0,0,136211
0,13,-22,0.5,-0.287315,180,0,0,136223
0,14,-22,0.5,-0.285425,180,0,0,136238
0,12,-23,0.5,-0.283805,180,0,31,136256
0,9,-22,0.5,-0.28259,180,0,31,136274
0,7,-22,0.5,-0.281645,180,0,31,136291
0,5,-22,0.5,-0.28097,180,0,31,136308
0,2,-22,0.5,-0.2807,180,0,31,136320
0,2,-21,0.5,-0.28043,180,0,31,136336
0,3,-20,0.5,-0.280025,180,0,0,136355
0,3,-19,0.5,-0.27962,180,0,0,136373
0,4,-18,0.5,-0.27908,180,0,0,136389
0,2,-15,0.5,-0.27881,180,0,0,136403
0,3,-14,0.5,-0.278405,180,0,0,136418
0,3,-12,0.5,-0.278,180,0,0,136434
0,2,-10,0.5,-0.27773,180,0,0,136451
0,-1,-10,0.5,-0.277865,180,0,0,136467
0,2,-12,0.5,-0.277595,180,0,31,136491
0,5,-11,0.5,-0.27692,180,0,31,136504
0,8,-13,0.5,-0.27584,180,0,31,136518
0,8,-13,0.5,-0.27476,180,0,31,136537
0,8,-13,0.5,-0.27368,180,0,31,136552
0,7,-12,0.5,-0.272735,180,0,0,136567
0,15,-25,0.5,-0.27071,180,0,0,136587
0,4,-11,0.5,-0.27017,180,0,0,136601
0,2,-11,0.5,-0.2699,180,0,0,136620
0,-1,-10,0.5,-0.270035,180,0,0,136633
0,-2,-9,0.5,-0.270305,180,0,0,136651
0,-5,-7,0.5,-0.27098,180,0,0,136666
0,-6,-7,0.5,-0.27179,180,0,0,136684
0,-7,-6,0.5,-0.272735,180,0,0,136700
0,-9,-6,0.5,-0.27395,180,0,0,136715
0,-10,-5,0.5,-0.2753,180,0,0,136732
0,-10,-5,0.5,-0.27665,180,0,0,136750
0,-11,-6,0.5,-0.278135,180,0,0,136765
0,-12,-6,0.5,-0.279755,180,0,0,136785
0,-14,-8,0.5,-0.281645,180,0,0,136800
0,-15,-9,0.5,-0.28367,180,0,0,136817
0,-13,-9,0.5,-0.285425,180,0,0,136833
0,-10,-10,0.5,-0.286775,180,0,0,136852
0,-7,-10,0.5,-0.28772,180,0,0,136870
0,-4,-10,0.5,-0.28826,180,0,0,136887
0,-2,-10,0.5,-0.28853,180,0,0,136912
0,-4,-19,0.5,-0.28907,180,0,0,136928
0,-3,-9,0.5,-0.289475,180,0,0,136938
0,-3,-7,0.5,-0.28988,180,0,0,136952
0,0,0,0.5,-0.28988,180,0,0,136963
0,-5,-11,0.5,-0.290555,180,0,0,136987
0,-4,-4,0.5,-0.291095,180,0,0,137003
0,-5,-4,0.5,-0.29177,180,0,0,137019
0,-8,-4,0.5,-0.29285,180,0,0,137033
0,-7,-5,0.5,-0.293795,180,0,0,137049
0,-6,-5,0.5,-0.294605,180,0,0,137067
0,-4,-6,0.5,-0.295145,180,0,0,137085
0,-2,-7,0.5,-0.295415,180,0,0,137106
0,-1,-7,0.5,-0.29555,180,0,0,137122
0,-1,-7,0.5,-0.295685,180,0,0,137139
0,1,-7,0.5,-0.29555,180,0,0,137152
0,1,-7,0.5,-0.295415,180,0,0,137172
0,4,-7,0.5,-0.294875,180,0,0,137182
0,6,-6,0.5,-0.294065,180,0,0,137201
0,10,-5,0.5,-0.292715,180,0,0,137217
0,11,-3,0.5,-0.29123,180,0,0,137233
0,13,-3,0.5,-0.289475,180,0,0,137249
0,15,-2,0.5,-0.28745,180,0,0,137264
0,15,-2,0.5,-0.285425,180,0,0,137281
0,17,-2,0.5,-0.28313,180,0,0,137297
0,17,-3,0.5,-0.280835,180,0,0,137314
0,17,-2,0.5,-0.27854,180,0,0,137332
0,17,-3,0.5,-0.276245,180,0,0,137351
0,19,-3,0.5,-0.27368,180,0,0,137366
0,41,-8,0.5,-0.268145,180,0,0,137383
0,21,-5,0.5,-0.26531,180,0,0,137401
0,22,-5,0.5,-0.26234,180,0,0,137417
0,20,-5,0.5,-0.25964,180,0,0,137433
0,22,-6,0.5,-0.25667,180,0,0,137450
0,21,-7,0.5,-0.253835,180,0,0,137467
0,22,-7,0.5,-0.250865,180,0,0,137482
0,21,-8,0.5,-0.24803,180,0,0,137500
0,22,-8,0.5,-0.24506,180,0,0,137516
0,21,-8,0.5,-0.242225,180,0,0,137535
0,22,-9,0.5,-0.239255,180,0,0,137550
0,21,-8,0.5,-0.23642,180,0,0,137568
0,21,-8,0.5,-0.233585,180,0,0,137583
0,20,-7,0.5,-0.230885,180,0,0,137600
0,23,-7,0.5,-0.22778,180,0,0,137619
0,22,-7,0.5,-0.22481,180,0,0,137633
0,23,-6,0.5,-0.221705,180,0,0,137650
0,23,-7,0.5,-0.2186,180,0,0,137666
0,23,-6,0.5,-0.215495,180,0,0,137687
0,21,-6,0.5,-0.21266,180,0,0,137703
0,21,-6,0.5,-0.209825,180,0,0,137718
0,18,-6,0.5,-0.207395,180,0,0,137734
0,16,-6,0.5,-0.205235,180,0,0,137749
0,26,-11,0.5,-0.201725,180,0,0,137776
0,8,-5,0.5,-0.200645,180,0,0,137785
0,5,-5,0.5,-0.19997,180,0,0,137799
0,5,-4,0.5,-0.199295,180,0,0,137816
0,5,-4,0.5,-0.19862,180,0,0,137832
0,7,-4,0.5,-0.197675,180,0,0,137851
0,6,-4,0.5,-0.196865,180,0,0,137865
0,7,-3,0.5,-0.19592,180,0,0,137881
0,7,-3,0.5,-0.194975,180,0,0,137898
0,7,-3,0.5,-0.19403,180,0,0,137915
0,7,-2,0.5,-0.193085,180,0,0,137931
0,7,-2,0.5,-0.19214,180,0,0,137950
0,8,-2,0.5,-0.19106,180,0,0,137964
0,6,-1,0.5,-0.19025,180,0,0,137981
0,5,-1,0.5,-0.189575,180,0,0,137998
0,1,-1,0.5,-0.18944,180,0,0,138014
0,-1,-1,0.5,-0.189575,180,0,0,138031
0,-2,-1,0.5,-0.189845,180,0,0,138047
0,-5,-1,0.5,-0.19052,180,0,0,138065
0,-1,0,0.5,-0.190655,180,0,0,138082
0,0,-1,0.5,-0.190655,180,0,31,138097
0,0,0,0.5,-0.190655,180,0,31,138113
0,2,-1,0.5,-0.190385,180,0,31,138132
0,-5,-1,0.5,-0.19106,180,0,31,138148
0,-10,-3,0.5,-0.19241,180,0,31,138165
0,-34,-9,0.5,-0.197,180,0,0,138188
0,-21,-5,0.5,-0.199835,180,0,0,138200
0,-23,-5,0.5,-0.20294,180,0,0,138216
0,-23,-5,0.5,-0.206045,180,0,0,138232
0,-25,-5,0.5,-0.20942,180,0,0,138251
0,-26,-4,0.5,-0.21293,180,0,0,138265
0,-26,-3,0.5,-0.21644,180,0,0,138282
0,-26,-3,0.5,-0.21995,180,0,0,138303
0,-26,-2,0.5,-0.22346,180,0,0,138315
0,-25,-2,0.5,-0.226835,180,0,0,138331
0,-24,-1,0.5,-0.230075,180,0,0,138349
0,-19,0,0.5,-0.23264,180,0,0,138364
0,-16,0,0.5,-0.2348,180,0,0,138380
0,-11,0,0.5,-0.236285,180,0,0,138399
0,-10,-1,0.5,-0.237635,180,0,0,138414
0,-7,-1,0.5,-0.23858,180,0,0,138431
0,-5,-2,0.5,-0.239255,180,0,0,138449
0,-4,-2,0.5,-0.239795,180,0,0,138465
0,-2,-1,0.5,-0.240065,180,0,0,138481
0,-1,-1,0.5,-0.2402,180,0,0,138500
0,1,-1,0.5,-0.240065,180,0,0,138517
0,6,0,0.5,-0.239255,180,0,0,138530
0,8,-1,0.5,-0.238175,180,0,0,138547
0,10,-1,0.5,-0.236825,180,0,0,138564
0,24,0,0.5,-0.233585,180,0,0,138580
0,13,-1,0.5,-0.23183,180,0,0,138602
0,14,0,0.5,-0.22994,180,0,0,138615
0,16,0,0.5,-0.22778,180,0,0,138630
0,17,0,0.5,-0.225485,180,0,0,138647
0,16,0,0.5,-0.223325,180,0,0,138664
0,15,0,0.5,-0.2213,180,0,0,138682
0,11,0,0.5,-0.219815,180,0,0,138698
0,10,0,0.5,-0.218465,180,0,0,138715
0,8,0,0.5,-0.217385,180,0,0,138730
0,5,0,0.5,-0.21671,180,0,0,138747
0,5,2,0.5,-0.216035,180,0,0,138766
0,5,2,0.5,-0.21536,180,0,0,138780
0,3,4,0.5,-0.214955,180,0,0,138800
0,1,4,0.5,-0.21482,180,0,0,138815
0,-2,3,0.5,-0.21509,180,0,0,138832
0,-4,3,0.5,-0.21563,180,0,0,138848
0,-5,3,0.5,-0.216305,180,0,0,138869
0,-8,3,0.5,-0.217385,180,0,0,138885
0,-8,3,0.5,-0.218465,180,0,0,138898
0,-7,1,0.5,-0.21941,180,0,0,138914
0,-7,1,0.5,-0.220355,180,0,0,138933
0,-6,0,0.5,-0.221165,180,0,0,138947
0,-7,0,0.5,-0.22211,180,0,0,138963
0,-17,3,0.5,-0.224405,180,0,0,138987
0,-8,2,0.5,-0.225485,180,0,0,139000
0,-8,3,0.5,-0.226565,180,0,0,139016
0,-8,3,0.5,-0.227645,180,0,0,139031
0,-8,2,0.5,-0.228725,180,0,0,139050
0,-7,2,0.5,-0.22967,180,0,0,139064
0,-7,1,0.5,-0.230615,180,0,0,139080
0,-5,1,0.5,-0.23129,180,0,0,139103
0,-7,2,0.5,-0.232235,180,0,0,139114
0,-8,3,0.5,-0.233315,180,0,0,139132
0,-9,3,0.5,-0.23453,180,0,0,139149
0,-9,4,0.5,-0.235745,180,0,0,139166
0,-11,3,0.5,-0.23723,180,0,0,139184
0,-9,2,0.5,-0.238445,180,0,0,139197
0,-10,1,0.5,-0.239795,180,0,0,139215
0,-8,1,0.5,-0.240875,180,0,0,139232
0,-6,1,0.5,-0.241685,180,0,0,139249
0,-7,1,0.5,-0.24263,180,0,0,139264
0,-8,2,0.5,-0.24371,180,0,0,139282
0,-8,3,0.5,-0.24479,180,0,0,139299
0,-8,3,0.5,-0.24587,180,0,0,139315
0,-8,2,0.5,-0.24695,180,0,0,139331
0,-19,4,0.5,-0.249515,180,0,0,139351
0,0,0,0.5,-0.249515,180,0,0,139363
0,-15,4,0.5,-0.25154,180,0,0,139385
0,-5,1,0.5,-0.252215,180,0,0,139400
0,-5,2,0.5,-0.25289,180,0,0,139416
0,-5,1,0.5,-0.253565,180,0,0,139438
0,-6,3,0.5,-0.254375,180,0,0,139449
0,-6,2,0.5,-0.255185,180,0,0,139464
0,-6,2,0.5,-0.255995,180,0,0,139481
0,-4,2,0.5,-0.256535,180,0,0,139497
0,-2,1,0.5,-0.256805,180,0,0,139517
0,-2,1,0.5,-0.257075,180,0,0,139532
0,0,1,0.5,-0.257075,180,0,0,139547
0,4,0,0.5,-0.256535,180,0,0,139564
0,7,0,0.5,-0.25559,180,0,0,139581
0,8,1,0.5,-0.25451,180,0,0,139598
0,10,2,0.5,-0.25316,180,0,0,139615
0,10,3,0.5,-0.25181,180,0,0,139631
0,9,4,0.5,-0.250595,180,0,0,139654
0,10,4,0.5,-0.249245,180,0,0,139665
0,9,5,0.5,-0.24803,180,0,0,139683
0,9,6,0.5,-0.246815,180,0,0,139699
0,20,14,0.5,-0.244115,180,0,0,139723
0,0,0,0.5,-0.244115,180,0,0,139731
0,13,7,0.5,-0.24236,180,0,0,139750
0,32,14,0.5,-0.23804,180,0,0,139770
0,17,7,0.5,-0.235745,180,0,0,139784
0,18,6,0.5,-0.233315,180,0,0,139800
0,20,6,0.5,-0.230615,180,0,0,139818
0,20,5,0.5,-0.227915,180,0,0,139832
0,21,4,0.5,-0.22508,180,0,0,139852
0,17,3,0.5,-0.222785,180,0,0,139870
0,15,2,0.5,-0.22076,180,0,0,139884
0,9,1,0.5,-0.219545,180,0,0,139900
0,4,2,0.5,-0.219005,180,0,0,139916
0,3,2,0.5,-0.2186,180,0,0,139933
0,3,3,0.5,-0.218195,180,0,0,139951
0,4,4,0.5,-0.217655,180,0,0,139974
0,4,5,0.5,-0.217115,180,0,0,139985
0,7,6,0.5,-0.21617,180,0,0,140003
0,10,7,0.5,-0.21482,180,0,0,140020
0,11,7,0.5,-0.213335,180,0,0,140036
0,30,15,0.5,-0.209285,180,0,0,140058
0,20,8,0.5,-0.206585,180,0,0,140073
0,0,0,0.5,-0.206585,180,0,0,140084
0,23,8,0.5,-0.20348,180,0,0,140103
0,26,9,0.5,-0.19997,180,0,0,140122
0,57,16,0.5,-0.192275,180,0,0,140140
0,30,8,0.5,-0.188225,180,0,0,140154
0,31,8,0.5,-0.18404,180,0,0,140169
0,29,7,0.5,-0.180125,180,0,0,140188
0,26,5,0.5,-0.176615,180,0,0,140202
0,24,4,0.5,-0.173375,180,0,0,140217
0,22,2,0.5,-0.170405,180,0,0,140234
0,21,1,0.5,-0.16757,180,0,0,140251
0,18,0,0.5,-0.16514,180,0,0,140264
0,16,1,0.5,-0.16298,180,0,0,140282
0,11,4,0.5,-0.161495,180,0,0,140302
0,9,7,0.5,-0.16028,180,0,0,140320
0,9,9,0.5,-0.159065,180,0,0,140336
0,7,9,0.5,-0.15812,180,0,0,140357
0,10,11,0.5,-0.15677,180,0,0,140372
0,12,10,0.5,-0.15515,180,0,0,140385
0,15,10,0.5,-0.153125,180,0,0,140403
0,18,10,0.5,-0.150695,180,0,0,140420
0,21,9,0.5,-0.14786,180,0,0,140439
0,23,9,0.5,-0.144755,180,0,0,140451
0,25,8,0.5,-0.14138,180,0,0,140470
0,26,9,0.5,-0.13787,180,0,0,140485
0,49,20,0.5,-0.131255,180,0,0,140505
0,0,0,0.5,-0.131255,180,0,0,140516
0,44,20,0.5,-0.125315,180,0,0,140541
0,22,10,0.5,-0.122345,180,0,0,140554
0,21,8,0.5,-0.11951,180,0,0,140571
0,21,8,0.5,-0.116675,180,0,0,140588
0,22,6,0.5,-0.113705,180,0,0,140607
0,22,5,0.5,-0.110735,180,0,0,140620
0,20,5,0.5,-0.108035,180,0,0,140634
0,19,5,0.5,-0.10547,180,0,0,140651
0,17,8,0.5,-0.103175,180,0,0,140673
0,13,9,0.5,-0.10142,180,0,0,140688
0,10,10,0.5,-0.10007,180,0,0,140702
0,5,10,0.5,-0.099395,180,0,0,140720
0,3,10,0.5,-0.09899,180,0,0,140736
0,0,10,0.5,-0.09899,180,0,0,140754
0,0,10,0.5,-0.09899,180,0,0,140771
0,2,11,0.5,-0.09872,180,0,0,140786
0,5,10,0.5,-0.098045,180,0,0,140802
0,6,11,0.5,-0.097235,180,0,0,140822
0,5,10,0.5,-0.09656,180,0,0,140837
0,15,20,0.5,-0.094535,180,0,0,140860
0,0,0,0.5,-0.094535,180,0,0,140869
0,10,10,0.5,-0.093185,180,0,0,140894
0,26,20,0.5,-0.089675,180,0,0,140920
0,16,9,0.5,-0.087515,180,0,0,140928
0,17,9,0.5,-0.08522,180,0,0,140941
0,16,9,0.5,-0.08306,180,0,0,140955
0,14,7,0.5,-0.08117,180,0,0,140972
0,13,7,0.5,-0.079415,180,0,0,140986
0,12,6,0.5,-0.077795,180,0,0,141004
0,11,6,0.5,-0.07631,180,0,0,141021
0,12,7,0.5,-0.07469,180,0,0,141039
0,9,8,0.5,-0.073475,180,0,0,141052
0,9,9,0.5,-0.07226,180,0,0,141071
0,8,10,0.5,-0.07118,180,0,0,141090
0,10,9,0.5,-0.06983,180,0,0,141104
0,10,10,0.5,-0.06848,180,0,0,141124
0,12,9,0.5,-0.06686,180,0,0,141138
0,15,10,0.5,-0.064835,180,0,0,141153
0,16,10,0.5,-0.062675,180,0,0,141171
0,20,11,0.5,-0.059975,180,0,0,141194
0,43,23,0.5,-0.05417,180,0,0,141216
0,21,11,0.5,-0.051335,180,0,0,141229
0,0,0,0.5,-0.051335,180,0,0,141236
0,22,11,0.5,-0.048365,180,0,0,141257
0,20,11,0.5,-0.045665,180,0,0,141269
0,43,22,0.5,-0.03986,180,0,0,141291
0,21,11,0.5,-0.037025,180,0,0,141305
0,20,11,0.5,-0.034325,180,0,0,141321
0,19,10,0.5,-0.03176,180,0,0,141340
0,16,8,0.5,-0.0296,180,0,0,141354
0,14,7,0.5,-0.02771,180,0,0,141369
0,10,7,0.5,-0.02636,180,0,0,141389
0,8,8,0.5,-0.02528,180,0,0,141406
0,4,9,0.5,-0.02474,180,0,0,141422
0,0,8,0.5,-0.02474,180,0,0,141438
0,0,9,0.5,-0.02474,180,0,0,141458
0,-3,8,0.5,-0.025145,180,0,0,141473
0,-2,7,0.5,-0.025415,180,0,0,141486
0,-2,5,0.5,-0.025685,180,0,0,141504
0,0,4,0.5,-0.025685,180,0,0,141519
0,0,4,0.5,-0.025685,180,0,0,141535
0,1,3,0.5,-0.02555,180,0,0,141552
0,-1,5,0.5,-0.025685,180,0,0,141571
0,0,5,0.5,-0.025685,180,0,0,141590
0,-1,5,0.5,-0.02582,180,0,0,141604
0,-4,5,0.5,-0.02636,180,0,0,141619
0,-8,4,0.5,-0.02744,180,0,0,141635
0,-11,4,0.5,-0.028925,180,0,0,141652
0,-13,4,0.5,-0.03068,180,0,0,141669
0,-25,15,0.5,-0.034055,180,0,0,141697
0,-10,9,0.5,-0.035405,180,0,0,141708
0,-9,9,0.5,-0.03662,180,0,0,141724
0,-7,9,0.5,-0.037565,180,0,0,141743
0,-6,7,0.5,-0.038375,180,0,0,141756
0,-5,6,0.5,-0.03905,180,0,0,141771
0,-6,5,0.5,-0.03986,180,0,0,141786
0,-6,5,0.5,-0.04067,180,0,0,141804
0,-4,4,0.5,-0.04121,180,0,0,141822
0,-2,3,0.5,-0.04148,180,0,0,141836
0,-1,3,0.5,-0.041615,180,0,0,141852
0,2,2,0.5,-0.041345,180,0,0,141868
0,4,2,0.5,-0.040805,180,0,0,141885
0,6,3,0.5,-0.039995,180,0,0,141903
0,8,4,0.5,-0.038915,180,0,0,141925
0,17,11,0.5,-0.03662,180,0,0,141947
0,7,6,0.5,-0.035675,180,0,0,141965
0,5,5,0.5,-0.035,180,0,0,141977
0,0,0,0.5,-0.035,180,0,0,141985
0,1,5,0.5,-0.034865,180,0,0,142003
0,1,5,0.5,-0.03473,180,0,0,142021
0,-2,14,0.5,-0.035,180,0,0,142044
0,-3,1,0.5,-0.035405,180,0,0,142056
0,-4,15,0.5,-0.035945,180,0,0,142074
0,-5,7,0.5,-0.03662,180,0,0,142087
0,-4,7,0.5,-0.03716,180,0,0,142110
0,-3,6,0.5,-0.037565,180,0,0,142124
0,-1,6,0.5,-0.0377,180,0,0,142141
0,1,6,0.5,-0.037565,180,0,0,142156
0,5,6,0.5,-0.03689,180,0,0,142172
0,6,6,0.5,-0.03608,180,0,0,142189
0,9,6,0.5,-0.034865,180,0,0,142208
0,11,6,0.5,-0.03338,180,0,0,142226
0,13,5,0.5,-0.031625,180,0,0,142242
0,12,5,0.5,-0.030005,180,0,0,142255
0,13,5,0.5,-0.02825,180,0,0,142270
0,13,5,0.5,-0.026495,180,0,0,142290
0,10,4,0.5,-0.025145,180,0,0,142304
0,9,4,0.5,-0.02393,180,0,0,142321
0,8,4,0.5,-0.02285,180,0,0,142338
0,7,3,0.5,-0.021905,180,0,0,142353
0,7,5,0.5,-0.02096,180,0,0,142373
0,8,6,0.5,-0.01988,180,0,0,142388
0,8,7,0.5,-0.0188,180,0,0,142410
0,16,16,0.5,-0.01664,180,0,0,142426
0,0,0,0.5,-0.01664,180,0,0,142437
0,12,9,0.5,-0.01502,180,0,0,142460
0,29,17,0.5,-0.011105,180,0,0,142475
0,19,9,0.5,-0.00854,180,0,0,142491
0,21,9,0.5,-0.005705,180,0,0,142506
0,20,10,0.5,-0.003005,180,0,0,142522
0,18,10,0.5,-0.000575,180,0,0,142542
0,20,10,0.5,0.002125,180,0,0,142557
0,20,10,0.5,0.004825,180,0,0,142576
0,20,8,0.5,0.007525,180,0,0,142594
0,20,9,0.5,0.010225,180,0,0,142609
0,18,7,0.5,0.012655,180,0,0,142626
0,17,7,0.5,0.01495,180,0,0,142639
0,14,7,0.5,0.01684,180,0,0,142661
0,13,7,0.5,0.018595,180,0,0,142672
0,12,6,0.5,0.020215,180,0,0,142689
0,11,6,0.5,0.0217,180,0,0,142706
0,11,6,0.5,0.023185,180,0,0,142721
0,10,6,0.5,0.024535,180,0,0,142744
0,8,8,0.5,0.025615,180,0,0,142756
0,6,8,0.5,0.026425,180,0,0,142774
0,4,9,0.5,0.026965,180,0,0,142791
0,4,9,0.5,0.027505,180,0,0,142806
0,6,9,0.5,0.028315,180,0,0,142823
0,18,16,0.5,0.030745,180,0,0,142844
0,15,8,0.5,0.03277,180,0,0,142856
0,17,7,0.5,0.035065,180,0,0,142871
0,18,6,0.5,0.037495,180,0,0,142892
0,19,5,0.5,0.04006,180,0,0,142905
0,21,5,0.5,0.042895,180,0,0,142922
0,20,4,0.5,0.045595,180,0,0,142938
0,22,4,0.5,0.048565,180,0,0,142956
0,21,4,0.5,0.0514,180,0,0,142974
0,22,5,0.5,0.05437,180,0,0,142989
0,26,6,0.5,0.05788,180,0,0,143008
0,26,7,0.5,0.06139,180,0,0,143024
0,27,9,0.5,0.065035,180,0,0,143041
0,28,10,0.5,0.068815,180,0,0,143063
0,28,10,0.5,0.072595,180,0,0,143075
0,28,10,0.5,0.076375,180,0,0,143095
0,29,10,0.5,0.08029,180,0,0,143115
0,59,19,0.5,0.088255,180,0,0,143136
0,0,0,0.5,0.088255,180,0,0,143143
0,24,8,0.5,0.091495,180,0,0,143160
0,24,7,0.5,0.094735,180,0,0,143177
0,22,5,0.5,0.097705,180,0,0,143190
0,41,7,0.5,0.10324,180,0,0,143212
0,17,2,0.5,0.105535,180,0,0,143226
0,12,2,0.5,0.107155,180,0,0,143239
0,0,0,0.5,0.107155,180,0,0,143253
0,18,3,0.5,0.109585,180,0,0,143272
0,8,1,0.5,0.110665,180,0,0,143292
0,8,0,0.5,0.111745,180,0,0,143306
0,12,0,0.5,0.113365,180,0,0,143321
0,16,0,0.5,0.115525,180,0,0,143340
0,20,0,0.5,0.118225,180,0,0,143359
0,23,2,0.5,0.12133,180,0,0,143372
0,26,3,0.5,0.12484,180,0,0,143388
0,28,4,0.5,0.12862,180,0,0,143412
0,26,4,0.5,0.13213,180,0,0,143427
0,27,3,0.5,0.135775,180,0,0,143440
0,28,3,0.5,0.139555,180,0,0,143456
0,28,2,0.5,0.143335,180,0,0,143473
0,28,1,0.5,0.147115,180,0,0,143488
0,28,2,0.5,0.150895,180,0,0,143505
0,25,0,0.5,0.15427,180,0,0,143522
0,22,0,0.5,0.15724,180,0,0,143539
0,20,0,0.5,0.15994,180,0,0,143554
0,16,-1,0.5,0.1621,180,0,0,143571
0,21,-2,0.5,0.164935,180,0,0,143591
0,5,-1,0.5,0.16561,180,0,0,143606
0,3,-1,0.5,0.166015,180,0,0,143623
0,3,-1,0.5,0.16642,180,0,0,143642
0,6,-3,0.5,0.16723,180,0,0,143659
0,9,-4,0.5,0.168445,180,0,0,143674
0,12,-5,0.5,0.170065,180,0,0,143690
0,15,-5,0.5,0.17209,180,0,0,143706
0,20,-6,0.5,0.17479,180,0,0,143724
0,24,-7,0.5,0.17803,180,0,0,143744
0,27,-6,0.5,0.181675,180,0,0,143762
0,30,-7,0.5,0.185725,180,0,0,143776
0,34,-7,0.5,0.190315,180,0,0,143794
0,36,-8,0.5,0.195175,180,0,0,143814
0,35,-7,0.5,0.1999,180,0,0,143827
0,32,-7,0.5,0.20422,180,0,0,143843
0,28,-7,0.5,0.208,180,0,0,143857
0,23,-7,0.5,0.211105,180,0,0,143875
0,20,-7,0.5,0.213805,180,0,0,143891
0,17,-7,0.5,0.2161,180,0,0,143911
0,11,-7,0.5,0.217585,180,0,0,143927
0,15,-10,0.5,0.21961,180,0,0,143947
0,9,-4,0.5,0.220825,180,0,0,143961
0,14,-4,0.5,0.222715,180,0,0,143975
0,16,-5,0.5,0.224875,180,0,0,143993
0,20,-7,0.5,0.227575,180,0,0,144012
0,22,-7,0.5,0.230545,180,0,0,144027
0,26,-8,0.5,0.234055,180,0,0,144041
0,29,-8,0.5,0.23797,180,0,0,144057
0,35,-9,0.5,0.242695,180,0,0,144078
0,37,-9,0.5,0.24769,180,0,0,144094
0,39,-8,0.5,0.252955,180,0,0,144110
0,37,-8,0.5,0.25795,180,0,0,144126
0,34,-8,0.5,0.26254,180,0,0,144142
0,27,-9,0.5,0.266185,180,0,0,144159
0,22,-9,0.5,0.269155,180,0,0,144176
0,21,-10,0.5,0.27199,180,0,0,144194
0,18,-10,0.5,0.27442,180,0,0,144211
0,16,-9,0.5,0.27658,180,0,0,144226
0,18,-9,0.5,0.27901,180,0,0,144244
0,20,-9,0.5,0.28171,180,0,0,144259
0,20,-7,0.5,0.28441,180,0,0,144276
0,21,-7,0.5,0.287245,180,0,0,144292
0,17,-7,0.5,0.28954,180,0,0,144311
0,13,-6,0.5,0.291295,180,0,0,144330
0,12,-8,0.5,0.292915,180,0,0,144344
0,0,0,0.5,0.292915,180,0,0,144357
0,1,-1,0.5,0.29305,180,0,0,144374
0,-3,1,0.5,0.292645,180,0,0,144391
0,-1,2,0.5,0.29251,180,0,0,144410
0,0,3,0.5,0.29251,180,0,0,144430
0,2,3,0.5,0.29278,180,0,0,144443
0,2,3,0.5,0.29305,180,0,0,144459
0,2,5,0.5,0.29332,180,0,0,144475
0,0,4,0.5,0.29332,180,0,0,144493
0,0,4,0.5,0.29332,180,0,0,144512
0,0,4,0.5,0.29332,180,0,0,144526
0,0,4,0.5,0.29332,180,0,0,144541
0,0,2,0.5,0.29332,180,0,0,144558
0,-2,2,0.5,0.29305,180,0,0,144575
0,-3,2,0.5,0.292645,180,0,0,144590
0,-4,2,0.5,0.292105,180,0,0,144609
0,-5,2,0.5,0.29143,180,0,0,144624
0,-8,1,0.5,0.29035,180,0,0,144640
0,-8,1,0.5,0.28927,180,0,0,144657
0,-7,0,0.5,0.288325,180,0,0,144678
0,-3,0,0.5,0.28792,180,0,0,144692
0,0,0,0.5,0.28792,180,0,0,144709
0,3,0,0.5,0.288325,180,0,0,144723
0,15,-3,0.5,0.29035,180,0,0,144744
0,12,-1,0.5,0.29197,180,0,0,144762
0,16,-1,0.5,0.29413,180,0,0,144775
0,17,-2,0.5,0.296425,180,0,0,144791
0,20,-2,0.5,0.299125,180,0,0,144811
0,19,-2,0.5,0.30169,180,0,0,144826
0,17,-1,0.5,0.303985,180,0,0,144841
0,14,0,0.5,0.305875,180,0,0,144857
0,12,0,0.5,0.307495,180,0,0,144874
0,11,0,0.5,0.30898,180,0,0,144892
0,9,0,0.5,0.310195,180,0,0,144909
0,11,1,0.5,0.31168,180,0,0,144927
0,10,2,0.5,0.31303,180,0,0,144941
0,9,3,0.5,0.314245,180,0,0,144958
0,10,4,0.5,0.315595,180,0,0,144975
0,10,5,0.5,0.316945,180,0,0,144998
0,9,5,0.5,0.31816,180,0,0,145009
0,9,5,0.5,0.319375,180,0,0,145025
0,25,10,0.5,0.32275,180,0,0,145050
0,0,0,0.5,0.32275,180,0,0,145058
0,18,6,0.5,0.32518,180,0,0,145078
0,24,6,0.5,0.32842,180,0,0,145095
0,55,15,0.5,0.335845,180,0,0,145114
0,29,8,0.5,0.33976,180,0,0,145130
0,30,8,0.5,0.34381,180,0,0,145147
0,27,7,0.5,0.347455,180,0,0,145161
0,26,6,0.5,0.350965,180,0,0,145178
0,22,5,0.5,0.353935,180,0,0,145194
0,19,5,0.5,0.3565,180,0,0,145211
0,17,5,0.5,0.358795,180,0,0,145226
0,14,5,0.5,0.360685,180,0,0,145243
0,10,5,0.5,0.362035,180,0,0,145262
0,9,4,0.5,0.36325,180,0,0,145275
0,8,4,0.5,0.36433,180,0,0,145293
0,12,4,0.5,0.36595,180,0,0,145310
0,14,4,0.5,0.36784,180,0,0,145326
0,21,5,0.5,0.370675,180,0,0,145345
0,25,5,0.5,0.37405,180,0,0,145362
0,30,6,0.5,0.3781,180,0,0,145383
0,32,7,0.5,0.38242,180,0,0,145395
0,36,8,0.5,0.38728,180,0,0,145411
0,33,9,0.5,0.391735,180,0,0,145433
0,31,10,0.5,0.39592,180,0,0,145449
0,29,10,0.5,0.399835,180,0,0,145463
0,28,10,0.5,0.403615,180,0,0,145478
0,48,16,0.5,0.410095,180,0,0,145504
0,19,7,0.5,0.41266,180,0,0,145518
0,19,7,0.5,0.415225,180,0,0,145533
0,17,8,0.5,0.41752,180,0,0,145549
0,15,9,0.5,0.419545,180,0,0,145562
0,12,9,0.5,0.421165,180,0,0,145586
0,10,9,0.5,0.422515,180,0,0,145595
0,8,9,0.5,0.423595,180,0,0,145613
0,10,9,0.5,0.424945,180,0,0,145632
0,13,9,0.5,0.4267,180,0,0,145649
0,18,8,0.5,0.42913,180,0,0,145662
0,23,8,0.5,0.432235,180,0,0,145679
0,27,8,0.5,0.43588,180,0,0,145697
0,32,9,0.5,0.4402,180,0,0,145713
0,35,10,0.5,0.444925,180,0,0,145729
0,35,9,0.5,0.44965,180,0,0,145746
0,35,9,0.5,0.454375,180,0,0,145766
0,32,8,0.5,0.458695,180,0,0,145781
0,31,8,0.5,0.46288,180,0,0,145797
0,28,9,0.5,0.46666,180,0,0,145815
0,26,10,0.5,0.47017,180,0,0,145832
0,27,10,0.5,0.473815,180,0,0,145846
0,25,11,0.5,0.47719,180,0,0,145864
0,26,11,0.5,0.4807,180,0,0,145880
0,55,16,0.5,0.488125,180,0,0,145904
0,0,0,0.5,0.488125,180,0,0,145909
0,57,9,0.5,0.49582,180,0,0,145930
0,28,3,0.5,0.4996,180,0,0,145946
0,31,2,0.5,0.503785,180,0,0,145961
0,30,2,0.5,0.507835,180,0,0,145977
0,30,0,0.5,0.511885,180,0,0,145992
0,28,0,0.5,0.515665,180,0,0,146010
0,26,0,0.5,0.519175,180,0,0,146026
0,25,0,0.5,0.52255,180,0,0,146044
0,23,0,0.5,0.525655,180,0,0,146059
0,26,0,0.5,0.529165,180,0,0,146076
0,28,0,0.5,0.532945,180,0,0,146093
0,30,0,0.5,0.536995,180,0,0,146112
0,32,0,0.5,0.541315,180,0,0,146127
0,34,0,0.5,0.545905,180,0,0,146143
0,34,0,0.5,0.550495,180,0,0,146159
0,32,0,0.5,0.554815,180,0,0,146176
0,28,-1,0.5,0.558595,180,0,0,146193
0,24,-3,0.5,0.561835,180,0,0,146212
0,20,-3,0.5,0.564535,180,0,0,146228
0,16,-3,0.5,0.566695,180,0,0,146248
0,23,-9,0.5,0.5698,180,0,0,146264
0,0,0,0.5,0.5698,180,0,0,146276
0,19,-7,0.5,0.572365,180,0,0,146296
0,12,-3,0.5,0.573985,180,0,0,146311
0,10,-2,0.5,0.575335,180,0,0,146332
0,11,-3,0.5,0.57682,180,0,0,146345
0,9,-2,0.5,0.578035,180,0,0,146361
0,10,-3,0.5,0.579385,180,0,0,146381
0,9,-2,0.5,0.5806,180,0,0,146397
0,9,-3,0.5,0.581815,180,0,0,146411
0,9,-3,0.5,0.58303,180,0,0,146428
0,9,-2,0.5,0.584245,180,0,0,146448
0,10,-2,0.5,0.585595,180,0,0,146464
0,10,-2,0.5,0.586945,180,0,0,146480
0,6,-2,0.5,0.587755,180,0,0,146497
0,0,-2,0.5,0.587755,180,0,0,146510
0,-5,-2,0.5,0.58708,180,0,0,146529
0,-12,0,0.5,0.58546,180,0,0,146545
0,-15,1,0.5,0.583435,180,0,0,146562
0,-21,2,0.5,0.5806,180,0,0,146581
0,-21,2,0.5,0.577765,180,0,0,146601
0,-37,6,0.5,0.57277,180,0,0,146615
0,0,0,0.5,0.57277,180,0,0,146629
0,-27,5,0.5,0.569125,180,0,0,146653
0,-9,1,0.5,0.56791,180,0,0,146664
0,-6,0,0.5,0.5671,180,0,0,146680
0,-4,0,0.5,0.56656,180,0,0,146697
0,-1,0,0.5,0.566425,180,0,0,146711
0,-1,-1,0.5,0.56629,180,0,0,146728
0,1,-2,0.5,0.566425,180,0,0,146747
0,1,-2,0.5,0.56656,180,0,0,146764
0,0,-2,0.5,0.56656,180,0,0,146778
0,0,-2,0.5,0.56656,180,0,0,146796
0,-2,-3,0.5,0.56629,180,0,0,146813
0,-2,-2,0.5,0.56602,180,0,0,146829
0,-1,-1,0.5,0.565885,180,0,0,146847
0,-1,0,0.5,0.56575,180,0,0,146861
0,-2,0,0.5,0.56548,180,0,0,146877
0,-2,2,0.5,0.56521,180,0,0,146897
0,-1,3,0.5,0.565075,180,0,0,146917
0,-1,3,0.5,0.56494,180,0,0,146929
0,0,4,0.5,0.56494,180,0,0,146946
0,-1,3,0.5,0.564805,180,0,0,146964
0,0,2,0.5,0.564805,180,0,0,146979
0,1,1,0.5,0.56494,180,0,0,146997
0,0,0,0.5,0.56494,180,0,0,147014
0,3,0,0.5,0.565345,180,0,0,147028
0,1,-3,0.5,0.56548,180,0,0,147046
0,0,-7,0.5,0.56548,180,0,0,147064
0,-1,-4,0.5,0.565345,180,0,0,147083
0,-2,-4,0.5,0.565075,180,0,0,147098
0,-1,-4,0.5,0.56494,180,0,0,147115
0,1,-4,0.5,0.565075,180,0,0,147132
0,1,-3,0.5,0.56521,180,0,0,147145
0,2,-2,0.5,0.56548,180,0,0,147164
0,1,-1,0.5,0.565615,180,0,0,147179
0,0,0,0.5,0.565615,180,0,0,147194
0,-3,0,0.5,0.56521,180,0,0,147215
0,-3,1,0.5,0.564805,180,0,0,147230
0,-3,1,0.5,0.5644,180,0,0,147252
0,-5,1,0.5,0.563725,180,0,0,147263
0,-3,1,0.5,0.56332,180,0,0,147279
0,-4,1,0.5,0.56278,180,0,0,147296
0,-2,1,0.5,0.56251,180,0,0,147318
0,-1,0,0.5,0.562375,180,0,0,147330
0,0,0,0.5,0.562375,180,0,0,147346
0,1,-1,0.5,0.56251,180,0,0,147362
0,3,-5,0.5,0.562915,180,0,0,147385
0,0,-3,0.5,0.562915,180,0,0,147402
0,0,0,0.5,0.562915,180,0,0,147413
0,-5,-5,0.5,0.56224,180,0,0,147431
0,-4,-1,0.5,0.5617,180,0,0,147446
0,-4,0,0.5,0.56116,180,0,0,147467
0,-4,0,0.5,0.56062,180,0,0,147478
0,-4,0,0.5,0.56008,180,0,0,147495
0,-3,0,0.5,0.559675,180,0,0,147515
0,-2,0,0.5,0.559405,180,0,0,147534
0,-1,0,0.5,0.55927,180,0,0,147550
0,-1,0,0.5,0.559135,180,0,0,147564
0,-1,0,0.5,0.559,180,0,0,147579
0,-2,0,0.5,0.55873,180,0,0,147599
0,-3,0,0.5,0.558325,180,0,0,147613
0,-4,0,0.5,0.557785,180,0,0,147629
0,-2,0,0.5,0.557515,180,0,0,147651
0,-2,1,0.5,0.557245,180,0,0,147663
0,-2,2,0.5,0.556975,180,0,0,147681
0,0,1,0.5,0.556975,180,0,0,147697
0,1,0,0.5,0.55711,180,0,0,147714
0,4,0,0.5,0.55765,180,0,0,147730
0,7,0,0.5,0.558595,180,0,0,147746
0,7,-1,0.5,0.55954,180,0,0,147764
0,6,-1,0.5,0.56035,180,0,0,147782
0,4,-1,0.5,0.56089,180,0,0,147802
0,6,-1,0.5,0.5617,180,0,0,147818
0,3,-1,0.5,0.562105,180,0,0,147832
0,2,0,0.5,0.562375,180,0,0,147848
0,2,0,0.5,0.562645,180,0,0,147864
0,1,1,0.5,0.56278,180,0,0,147884
0,-1,2,0.5,0.562645,180,0,0,147900
0,-4,2,0.5,0.562105,180,0,0,147913
0,-9,2,0.5,0.56089,180,0,0,147930
0,-10,3,0.5,0.55954,180,0,0,147948
0,-11,3,0.5,0.558055,180,0,0,147967
0,-13,4,0.5,0.5563,180,0,0,147985
0,-11,3,0.5,0.554815,180,0,0,148000
0,-9,2,0.5,0.5536,180,0,0,148016
0,-6,1,0.5,0.55279,180,0,0,148033
0,-3,0,0.5,0.552385,180,0,0,148050
0,0,0,0.5,0.552385,180,0,0,148064
0,2,-2,0.5,0.552655,180,0,0,148080
0,5,-2,0.5,0.55333,180,0,0,148097
0,3,-3,0.5,0.553735,180,0,0,148116
0,2,-7,0.5,0.554005,180,0,0,148137
0,0,0,0.5,0.554005,180,0,0,148150
0,0,-8,0.5,0.554005,180,0,0,148170
0,0,0,0.5,0.554005,180,0,0,148180
0,1,-2,0.5,0.55414,180,0,0,148200
0,1,-2,0.5,0.554275,180,0,0,148218
0,5,0,0.5,0.55495,180,0,0,148231
0,0,0,0.5,0.55495,180,0,0,148249
0,12,2,0.5,0.55657,180,0,0,148264
0,8,1,0.5,0.55765,180,0,0,148284
0,11,1,0.5,0.559135,180,0,0,148299
0,13,2,0.5,0.56089,180,0,0,148315
0,15,1,0.5,0.562915,180,0,0,148331
0,16,0,0.5,0.565075,180,0,0,148347
0,18,0,0.5,0.567505,180,0,0,148365
0,21,0,0.5,0.57034,180,0,0,148381
0,22,0,0.5,0.57331,180,0,0,148398
0,24,0,0.5,0.57655,180,0,0,148414
0,25,0,0.5,0.579925,180,0,0,148433
0,26,0,0.5,0.583435,180,0,0,148448
0,27,0,0.5,0.58708,180,0,0,148466
0,28,-2,0.5,0.59086,180,0,0,148481
0,29,-2,0.5,0.594775,180,0,0,148498
0,32,-2,0.5,0.599095,180,0,0,148514
0,33,-3,0.5,0.60355,180,0,0,148533
0,59,-3,0.5,0.611515,180,0,0,148553
0,28,-5,0.5,0.615295,180,0,0,148570
0,25,-3,0.5,0.61867,180,0,0,148583
0,21,-4,0.5,0.621505,180,0,0,148599
0,18,-5,0.5,0.623935,180,0,0,148617
0,17,-7,0.5,0.62623,180,0,0,148639
0,15,-8,0.5,0.628255,180,0,0,148655
0,16,-9,0.5,0.630415,180,0,0,148674
0,18,-9,0.5,0.632845,180,0,0,148685
0,17,-7,0.5,0.63514,180,0,0,148701
0,17,-7,0.5,0.637435,180,0,0,148717
0,17,-7,0.5,0.63973,180,0,0,148735
0,19,-7,0.5,0.642295,180,0,0,148750
0,23,-8,0.5,0.6454,180,0,0,148767
0,24,-8,0.5,0.64864,180,0,0,148784
0,28,-9,0.5,0.65242,180,0,0,148802
0,28,-8,0.5,0.6562,180,0,0,148819
0,28,-7,0.5,0.65998,180,0,0,148840
0,26,-6,0.5,0.66349,180,0,0,148852
0,22,-6,0.5,0.66646,180,0,0,148868
0,18,-7,0.5,0.66889,180,0,0,148885
0,17,-8,0.5,0.671185,180,0,0,148901
0,22,-16,0.5,0.674155,180,0,0,148923
0,0,0,0.5,0.674155,180,0,0,148933
0,8,-9,0.5,0.675235,180,0,0,148955
0,23,-17,0.5,0.67834,180,0,0,148976
0,14,-8,0.5,0.68023,180,0,0,148988
0,14,-7,0.5,0.68212,180,0,0,149004
0,15,-8,0.5,0.684145,180,0,0,149017
0,15,-8,0.5,0.68617,180,0,0,149039
0,16,-9,0.5,0.68833,180,0,0,149052
0,18,-9,0.5,0.69076,180,0,0,149069
0,23,-10,0.5,0.693865,180,0,0,149088
0,23,-10,0.5,0.69697,180,0,0,149106
0,25,-9,0.5,0.700345,180,0,0,149119
0,27,-9,0.5,0.70399,180,0,0,149135
0,25,-9,0.5,0.707365,180,0,0,149155
0,26,-10,0.5,0.71,180,0,0,149171
