0,104,-59,0.5,-0.69596,180,0,0,1076774
0,17,-8,0.5,-0.693665,180,0,0,1076782
0,14,-7,0.5,-0.691775,180,0,0,1076791
0,0,0,0.5,-0.691775,180,0,0,1076796
0,16,-9,0.5,-0.689615,180,0,0,1076818
0,27,-10,0.5,-0.68597,180,0,0,1076833
0,13,-11,0.5,-0.684215,180,0,0,1076850
0,16,-7,0.5,-0.682055,180,0,0,1076866
0,15,-8,0.5,-0.68003,180,0,0,1076881
0,14,-8,0.5,-0.67814,180,0,0,1076901
0,11,-10,0.5,-0.676655,180,0,0,1076919
0,8,-10,0.5,-0.675575,180,0,0,1076934
0,9,-11,0.5,-0.67436,180,0,0,1076950
0,9,-12,0.5,-0.673145,180,0,0,1076968
0,10,-11,0.5,-0.671795,180,0,0,1076987
0,13,-11,0.5,-0.67004,180,0,0,1076999
0,13,-10,0.5,-0.668285,180,0,0,1077016
0,15,-10,0.5,-0.66626,180,0,0,1077032
0,13,-9,0.5,-0.664505,180,0,0,1077050
0,13,-9,0.5,-0.66275,180,0,0,1077066
0,11,-8,0.5,-0.661265,180,0,0,1077082
0,10,-9,0.5,-0.659915,180,0,0,1077098
0,6,-8,0.5,-0.659105,180,0,0,1077115
0,7,-9,0.5,-0.65816,180,0,0,1077134
0,7,-9,0.5,-0.657215,180,0,0,1077152
0,8,-9,0.5,-0.656135,180,0,0,1077172
0,10,-9,0.5,-0.654785,180,0,0,1077185
0,12,-10,0.5,-0.653165,180,0,0,1077199
0,15,-11,0.5,-0.65114,180,0,0,1077217
0,30,-21,0.5,-0.64709,180,0,0,1077237
0,15,-15,0.5,-0.645065,180,0,0,1077254
0,19,-14,0.5,-0.6425,180,0,0,1077267
0,18,-14,0.5,-0.64007,180,0,0,1077284
0,17,-13,0.5,-0.637775,180,0,0,1077313
0,17,-13,0.5,-0.63548,180,0,0,1077324
0,15,-13,0.5,-0.633455,180,0,0,1077338
0,12,-13,0.5,-0.631835,180,0,0,1077352
0,9,-13,0.5,-0.63062,180,0,0,1077369
0,7,-13,0.5,-0.629675,180,0,0,1077383
0,6,-11,0.5,-0.628865,180,0,0,1077402
0,4,-11,0.5,-0.628325,180,0,0,1077417
0,4,-10,0.5,-0.627785,180,0,0,1077433
0,5,-11,0.5,-0.62711,180,0,0,1077450
0,6,-11,0.5,-0.6263,180,0,0,1077466
0,5,-11,0.5,-0.625625,180,0,0,1077483
0,3,-11,0.5,-0.62522,180,0,0,1077502
0,2,-10,0.5,-0.62495,180,0,0,1077519
0,0,-8,0.5,-0.62495,180,0,0,1077532
0,0,-9,0.5,-0.62495,180,0,0,1077553
0,3,-8,0.5,-0.624545,180,0,0,1077568
0,3,-7,0.5,-0.62414,180,0,0,1077583
0,5,-9,0.5,-0.623465,180,0,0,1077599
0,7,-9,0.5,-0.62252,180,0,0,1077615
0,22,-20,0.5,-0.61955,180,0,0,1077648
0,22,-18,0.5,-0.61658,180,0,0,1077669
0,0,0,0.5,-0.61658,180,0,0,1077677
0,8,-9,0.5,-0.6155,180,0,0,1077688
0,9,-10,0.5,-0.614285,180,0,0,1077703
0,9,-10,0.5,-0.61307,180,0,0,1077718
0,12,-10,0.5,-0.61145,180,0,0,1077733
0,14,-11,0.5,-0.60956,180,0,0,1077752
0,17,-12,0.5,-0.607265,180,0,0,1077770
0,19,-11,0.5,-0.6047,180,0,0,1077783
0,22,-12,0.5,-0.60173,180,0,0,1077801
0,24,-11,0.5,-0.59849,180,0,0,1077818
0,25,-11,0.5,-0.595115,180,0,0,1077835
0,25,-10,0.5,-0.59174,180,0,0,1077852
0,22,-9,0.5,-0.58877,180,0,0,1077868
0,24,-9,0.5,-0.58553,180,0,0,1077884
0,21,-8,0.5,-0.582695,180,0,0,1077901
0,21,-8,0.5,-0.57986,180,0,0,1077918
0,18,-6,0.5,-0.57743,180,0,0,1077933
0,16,-6,0.5,-0.57527,180,0,0,1077949
0,15,-6,0.5,-0.573245,180,0,0,1077967
0,13,-7,0.5,-0.57149,180,0,0,1077984
0,14,-8,0.5,-0.5696,180,0,0,1078000
0,25,-20,0.5,-0.566225,180,0,0,1078022
0,12,-11,0.5,-0.564605,180,0,0,1078035
0,15,-12,0.5,-0.56258,180,0,0,1078052
0,18,-11,0.5,-0.56015,180,0,0,1078069
0,21,-12,0.5,-0.557315,180,0,0,1078085
0,22,-11,0.5,-0.554345,180,0,0,1078102
0,21,-11,0.5,-0.55151,180,0,0,1078117
0,19,-11,0.5,-0.548945,180,0,0,1078134
0,20,-11,0.5,-0.546245,180,0,0,1078151
0,18,-10,0.5,-0.543815,180,0,0,1078169
0,19,-11,0.5,-0.54125,180,0,0,1078188
0,18,-10,0.5,-0.53882,180,0,0,1078201
0,16,-9,0.5,-0.53666,180,0,0,1078217
0,18,-9,0.5,-0.53423,180,0,0,1078235
0,17,-9,0.5,-0.531935,180,0,0,1078251
0,20,-11,0.5,-0.529235,180,0,0,1078269
0,19,-12,0.5,-0.52667,180,0,0,1078289
0,20,-14,0.5,-0.52397,180,0,0,1078304
0,20,-15,0.5,-0.52127,180,0,0,1078318
0,21,-16,0.5,-0.518435,180,0,0,1078338
0,21,-16,0.5,-0.5156,180,0,0,1078353
0,20,-14,0.5,-0.5129,180,0,0,1078370
0,19,-14,0.5,-0.510335,180,0,0,1078385
0,16,-14,0.5,-0.508175,180,0,0,1078401
0,26,-28,0.5,-0.504665,180,0,0,1078423
0,10,-14,0.5,-0.503315,180,0,0,1078436
0,9,-13,0.5,-0.5021,180,0,0,1078456
0,9,-14,0.5,-0.500885,180,0,0,1078478
0,10,-13,0.5,-0.499535,180,0,0,1078488
0,11,-13,0.5,-0.49805,180,0,0,1078500
0,16,-14,0.5,-0.49589,180,0,0,1078520
0,16,-13,0.5,-0.49373,180,0,0,1078535
0,17,-15,0.5,-0.491435,180,0,0,1078554
0,17,-14,0.5,-0.48914,180,0,0,1078570
0,17,-13,0.5,-0.486845,180,0,0,1078590
0,16,-14,0.5,-0.484685,180,0,0,1078603
0,14,-12,0.5,-0.482795,180,0,0,1078618
0,13,-11,0.5,-0.48104,180,0,0,1078635
0,12,-10,0.5,-0.47942,180,0,0,1078657
0,11,-10,0.5,-0.477935,180,0,0,1078671
0,12,-11,0.5,-0.476315,180,0,0,1078685
0,11,-13,0.5,-0.47483,180,0,0,1078703
0,14,-15,0.5,-0.47294,180,0,0,1078723
0,33,-30,0.5,-0.468485,180,0,0,1078761
0,41,-32,0.5,-0.46295,180,0,0,1078783
0,21,-16,0.5,-0.460115,180,0,0,1078797
0,21,-16,0.5,-0.45728,180,0,0,1078812
0,22,-17,0.5,-0.45431,180,0,0,1078829
0,20,-17,0.5,-0.45161,180,0,0,1078847
0,19,-17,0.5,-0.449045,180,0,0,1078862
0,15,-16,0.5,-0.44702,180,0,0,1078871
0,14,-16,0.5,-0.44513,180,0,0,1078887
0,0,0,0.5,-0.44513,180,0,0,1078893
0,13,-15,0.5,-0.443375,180,0,0,1078912
0,12,-16,0.5,-0.441755,180,0,0,1078929
0,16,-17,0.5,-0.439595,180,0,0,1078951
0,36,-34,0.5,-0.434735,180,0,0,1078979
0,19,-16,0.5,-0.43217,180,0,0,1078993
0,20,-17,0.5,-0.42947,180,0,0,1079009
0,22,-16,0.5,-0.4265,180,0,0,1079021
0,23,-16,0.5,-0.423395,180,0,0,1079034
0,22,-15,0.5,-0.420425,180,0,0,1079047
0,22,-14,0.5,-0.417455,180,0,0,1079074
0,19,-13,0.5,-0.41489,180,0,0,1079097
0,34,-24,0.5,-0.4103,180,0,0,1079114
0,16,-13,0.5,-0.40814,180,0,0,1079138
0,36,-32,0.5,-0.40328,180,0,0,1079168
0,19,-17,0.5,-0.400715,180,0,0,1079183
0,19,-17,0.5,-0.39815,180,0,0,1079196
0,0,0,0.5,-0.39815,180,0,0,1079203
0,22,-18,0.5,-0.39518,180,0,0,1079216
0,22,-19,0.5,-0.39221,180,0,0,1079234
0,22,-20,0.5,-0.38924,180,0,0,1079251
0,36,-41,0.5,-0.38438,180,0,0,1079279
0,15,-20,0.5,-0.382355,180,0,0,1079294
0,13,-20,0.5,-0.3806,180,0,0,1079307
0,11,-19,0.5,-0.379115,180,0,0,1079319
0,12,-19,0.5,-0.377495,180,0,0,1079338
0,12,-19,0.5,-0.375875,180,0,0,1079353
0,13,-18,0.5,-0.37412,180,0,0,1079370
0,16,-13,0.5,-0.37196,180,0,0,1079383
0,17,-25,0.5,-0.369665,180,0,0,1079403
0,15,-19,0.5,-0.36764,180,0,0,1079419
0,15,-18,0.5,-0.365615,180,0,0,1079431
0,14,-17,0.5,-0.363725,180,0,0,1079450
0,13,-16,0.5,-0.36197,180,0,0,1079467
0,12,-16,0.5,-0.36035,180,0,0,1079484
0,12,-15,0.5,-0.35873,180,0,31,1079501
0,13,-16,0.5,-0.356975,180,0,31,1079514
0,15,-17,0.5,-0.35495,180,0,31,1079537
0,16,-18,0.5,-0.35279,180,0,31,1079555
0,17,-19,0.5,-0.350495,180,0,0,1079570
0,19,-19,0.5,-0.34793,180,0,0,1079584
0,18,-20,0.5,-0.3455,180,0,0,1079599
0,21,-20,0.5,-0.342665,180,0,0,1079616
0,34,-39,0.5,-0.338075,180,0,31,1079660
0,26,-35,0.5,-0.334565,180,0,31,1079677
0,10,-15,0.5,-0.333215,180,0,31,1079693
0,8,-14,0.5,-0.332135,180,0,31,1079707
0,6,-13,0.5,-0.331325,180,0,0,1079720
0,2,-11,0.5,-0.331055,180,0,0,1079731
0,0,0,0.5,-0.331055,180,0,0,1079737
0,1,-10,0.5,-0.33092,180,0,0,1079758
0,2,-9,0.5,-0.33065,180,0,0,1079780
0,3,-9,0.5,-0.330245,180,0,0,1079792
0,4,-8,0.5,-0.329705,180,0,0,1079809
0,5,-7,0.5,-0.32903,180,0,31,1079824
0,4,-6,0.5,-0.32849,180,0,31,1079839
0,0,-12,0.5,-0.32849,180,0,31,1079860
0,-2,-7,0.5,-0.32876,180,0,31,1079874
0,0,-5,0.5,-0.32876,180,0,31,1079889
0,0,-3,0.5,-0.32876,180,0,0,1079907
0,16,-20,0.5,-0.3266,180,0,0,1079929
0,16,-11,0.5,-0.32444,180,0,0,1079942
0,18,-10,0.5,-0.32201,180,0,0,1079957
0,22,-11,0.5,-0.31904,180,0,0,1079975
0,24,-11,0.5,-0.3158,180,0,0,1079990
0,26,-11,0.5,-0.31229,180,0,0,1080009
0,30,-12,0.5,-0.30824,180,0,0,1080024
0,29,-11,0.5,-0.304325,180,0,0,1080041
0,31,-12,0.5,-0.30014,180,0,0,1080058
0,30,-12,0.5,-0.29609,180,0,0,1080074
0,30,-12,0.5,-0.29204,180,0,31,1080094
0,30,-11,0.5,-0.28799,180,0,31,1080108
0,30,-11,0.5,-0.28394,180,0,31,1080125
0,26,-11,0.5,-0.28043,180,0,31,1080142
0,23,-10,0.5,-0.277325,180,0,31,1080157
0,22,-11,0.5,-0.274355,180,0,0,1080175
0,20,-12,0.5,-0.271655,180,0,0,1080195
0,20,-12,0.5,-0.268955,180,0,0,1080209
0,23,-14,0.5,-0.26585,180,0,0,1080226
0,23,-15,0.5,-0.262745,180,0,0,1080244
0,48,-31,0.5,-0.256265,180,0,0,1080262
0,23,-15,0.5,-0.25316,180,0,31,1080278
0,24,-15,0.5,-0.24992,180,1,31,1080294
0,22,-15,0.5,-0.24695,180,1,31,1080313
0,19,-14,0.5,-0.244385,180,1,31,1080326
0,20,-14,0.5,-0.241685,180,0,0,1080343
0,20,-14,0.5,-0.238985,180,0,0,1080359
0,21,-14,0.5,-0.23615,180,0,0,1080376
0,21,-14,0.5,-0.233315,180,0,0,1080393
0,20,-13,0.5,-0.230615,180,0,0,1080407
0,18,-12,0.5,-0.228185,180,0,0,1080424
0,18,-12,0.5,-0.225755,180,0,0,1080440
0,16,-11,0.5,-0.223595,180,0,0,1080459
0,16,-11,0.5,-0.221435,180,0,0,1080475
0,12,-11,0.5,-0.219815,180,0,0,1080491
0,6,-11,0.5,-0.219005,180,0,0,1080510
0,1,-11,0.5,-0.21887,180,0,0,1080527
0,-2,-12,0.5,-0.21914,180,0,31,1080541
0,-6,-10,0.5,-0.21995,180,0,31,1080558
0,-10,-9,0.5,-0.2213,180,0,31,1080573
0,-9,-9,0.5,-0.222515,180,0,0,1080591
0,-8,-7,0.5,-0.223595,180,0,0,1080606
0,-10,-7,0.5,-0.224945,180,0,0,1080622
0,-7,-6,0.5,-0.22589,180,0,0,1080641
0,-10,-5,0.5,-0.22724,180,0,31,1080658
0,-14,-6,0.5,-0.22913,180,0,31,1080673
0,-9,-2,0.5,-0.230345,180,0,0,1080688
0,-6,-2,0.5,-0.231155,180,0,0,1080705
0,-3,-2,0.5,-0.23156,180,0,0,1080722
0,-3,-2,0.5,-0.231965,180,0,0,1080739
0,-1,-2,0.5,-0.2321,180,0,31,1080758
0,0,-3,0.5,-0.2321,180,0,31,1080771
0,0,-4,0.5,-0.2321,180,0,31,1080789
0,-1,-5,0.5,-0.232235,180,0,0,1080807
0,0,-5,0.5,-0.232235,180,0,0,1080822
0,1,-5,0.5,-0.2321,180,0,0,1080845
0,0,-5,0.5,-0.2321,180,0,0,1080858
0,-1,-5,0.5,-0.232235,180,0,31,1080873
0,0,-5,0.5,-0.232235,180,0,31,1080888
0,0,-5,0.5,-0.232235,180,0,31,1080908
0,0,-5,0.5,-0.232235,180,0,0,1080923
0,0,-5,0.5,-0.232235,180,0,0,1080940
0,0,-5,0.5,-0.232235,180,0,0,1080956
0,0,-4,0.5,-0.232235,180,0,0,1080972
0,-2,-4,0.5,-0.232505,180,0,0,1080989
0,-4,-4,0.5,-0.233045,180,0,31,1081005
0,-7,-3,0.5,-0.23399,180,0,31,1081022
0,-7,-3,0.5,-0.234935,180,0,31,1081038
0,-6,-3,0.5,-0.235745,180,0,0,1081059
0,-6,-3,0.5,-0.236555,180,0,0,1081076
0,0,-2,0.5,-0.236555,180,0,0,1081091
0,2,-3,0.5,-0.236285,180,0,0,1081107
0,5,-1,0.5,-0.23561,180,0,0,1081122
0,4,0,0.5,-0.23507,180,0,31,1081138
0,5,0,0.5,-0.234395,180,0,31,1081154
0,4,-1,0.5,-0.233855,180,0,0,1081172
0,5,-2,0.5,-0.23318,180,0,0,1081188
0,4,-3,0.5,-0.23264,180,0,0,1081213
0,3,-3,0.5,-0.232235,180,0,0,1081228
0,5,-3,0.5,-0.23156,180,0,0,1081239
0,5,-3,0.5,-0.230885,180,0,31,1081256
0,6,-3,0.5,-0.230075,180,0,31,1081276
0,7,-3,0.5,-0.22913,180,0,31,1081292
0,6,-2,0.5,-0.22832,180,0,0,1081305
0,7,-2,0.5,-0.227375,180,0,0,1081323
0,5,-2,0.5,-0.2267,180,0,0,1081339
0,5,-1,0.5,-0.226025,180,0,0,1081355
0,5,-2,0.5,-0.22535,180,0,0,1081371
0,3,-1,0.5,-0.224945,180,0,31,1081393
0,3,-1,0.5,-0.22454,180,0,31,1081405
0,3,-1,0.5,-0.224135,180,0,31,1081422
0,3,-1,0.5,-0.22373,180,0,0,1081438
0,3,-1,0.5,-0.223325,180,0,0,1081455
0,1,-1,0.5,-0.22319,180,0,0,1081471
0,1,-1,0.5,-0.223055,180,0,0,1081488
0,0,0,0.5,-0.223055,180,0,0,1081504
0,1,-1,0.5,-0.22292,180,0,31,1081523
0,0,0,0.5,-0.22292,180,0,31,1081538
0,1,0,0.5,-0.222785,180,0,31,1081554
0,2,0,0.5,-0.222515,180,0,31,1081571
0,0,0,0.5,-0.222515,180,0,0,1081587
0,1,0,0.5,-0.22238,180,0,0,1081604
0,1,-1,0.5,-0.222245,180,0,0,1081621
0,0,0,0.5,-0.222245,180,0,0,1081638
0,1,-1,0.5,-0.22211,180,0,31,1081657
0,1,0,0.5,-0.221975,180,0,31,1081672
0,0,0,0.5,-0.221975,180,0,31,1081687
0,1,0,0.5,-0.22184,180,0,0,1081705
0,1,0,0.5,-0.221705,180,0,0,1081722
0,0,-1,0.5,-0.221705,180,0,0,1081739
0,0,0,0.5,-0.221705,180,0,0,1081754
0,0,0,0.5,-0.221705,180,0,0,1081771
0,0,0,0.5,-0.221705,180,0,31,1081787
0,0,0,0.5,-0.221705,180,0,31,1081804
0,0,0,0.5,-0.221705,180,0,31,1081820
0,0,0,0.5,-0.221705,180,0,0,1081837
0,0,1,0.5,-0.221705,180,0,0,1081854
0,0,0,0.5,-0.221705,180,0,0,1081870
0,0,0,0.5,-0.221705,180,0,0,1081887
0,0,0,0.5,-0.221705,180,0,31,1081905
0,-1,0,0.5,-0.22184,180,0,31,1081921
0,0,0,0.5,-0.22184,180,0,31,1081937
0,0,0,0.5,-0.22184,180,0,31,1081954
0,0,0,0.5,-0.22184,180,0,0,1081971
0,0,0,0.5,-0.22184,180,0,0,1081987
0,0,0,0.5,-0.22184,180,0,0,1082004
0,-1,0,0.5,-0.221975,180,0,0,1082021
0,-1,0,0.5,-0.22211,180,0,0,1082037
0,0,0,0.5,-0.22211,180,0,31,1082054
0,-1,1,0.5,-0.222245,180,0,31,1082071
0,0,1,0.5,-0.222245,180,0,31,1082089
0,0,1,0.5,-0.222245,180,0,0,1082104
0,0,0,0.5,-0.222245,180,0,0,1082120
0,0,0,0.5,-0.222245,180,0,0,1082137
0,0,0,0.5,-0.222245,180,0,0,1082154
0,-1,0,0.5,-0.22238,180,0,0,1082171
0,-1,0,0.5,-0.222515,180,0,0,1082188
0,-1,0,0.5,-0.22265,180,0,31,1082205
0,-1,1,0.5,-0.222785,180,0,31,1082221
0,0,1,0.5,-0.222785,180,0,31,1082237
0,0,0,0.5,-0.222785,180,0,31,1082254
0,-1,0,0.5,-0.22292,180,0,0,1082271
0,0,0,0.5,-0.22292,180,0,0,1082289
0,-1,1,0.5,-0.223055,180,0,0,1082305
0,-1,0,0.5,-0.22319,180,0,0,1082321
0,0,1,0.5,-0.22319,180,0,31,1082338
0,0,1,0.5,-0.22319,180,0,31,1082355
0,0,1,0.5,-0.22319,180,0,31,1082371
0,0,1,0.5,-0.22319,180,0,31,1082390
0,0,1,0.5,-0.22319,180,0,0,1082405
0,1,1,0.5,-0.223055,180,0,0,1082422
0,-1,0,0.5,-0.22319,180,0,0,1082439
0,0,0,0.5,-0.22319,180,0,0,1082454
0,-1,0,0.5,-0.223325,180,0,0,1082471
0,0,1,0.5,-0.223325,180,0,31,1082488
0,0,1,0.5,-0.223325,180,0,31,1082506
0,0,1,0.5,-0.223325,180,0,31,1082523
0,0,1,0.5,-0.223325,180,0,31,1082539
0,0,1,0.5,-0.223325,180,0,0,1082555
0,0,0,0.5,-0.223325,180,0,0,1082570
0,0,1,0.5,-0.223325,180,0,0,1082588
0,0,1,0.5,-0.223325,180,0,0,1082604
0,0,1,0.5,-0.223325,180,0,0,1082622
0,0,1,0.5,-0.223325,180,0,31,1082638
0,0,0,0.5,-0.223325,180,0,31,1082654
0,0,2,0.5,-0.223325,180,0,31,1082671
0,0,1,0.5,-0.223325,180,0,31,1082690
0,0,1,0.5,-0.223325,180,0,0,1082705
0,-1,1,0.5,-0.22346,180,0,0,1082721
0,0,0,0.5,-0.22346,180,0,0,1082737
0,0,1,0.5,-0.22346,180,0,0,1082754
0,-1,0,0.5,-0.223595,180,0,0,1082771
0,0,1,0.5,-0.223595,180,0,31,1082787
0,1,1,0.5,-0.22346,180,0,31,1082807
0,1,1,0.5,-0.223325,180,0,31,1082821
0,1,1,0.5,-0.22319,180,0,31,1082840
0,1,1,0.5,-0.223055,180,0,0,1082856
0,1,1,0.5,-0.22292,180,0,0,1082871
0,0,0,0.5,-0.22292,180,0,0,1082887
0,0,1,0.5,-0.22292,180,0,0,1082904
0,0,0,0.5,-0.22292,180,0,0,1082920
0,0,1,0.5,-0.22292,180,0,0,1082937
0,0,1,0.5,-0.22292,180,0,31,1082954
0,0,1,0.5,-0.22292,180,0,31,1082971
0,0,1,0.5,-0.22292,180,0,31,1082988
0,1,1,0.5,-0.222785,180,0,31,1083005
0,1,1,0.5,-0.22265,180,0,0,1083021
0,0,1,0.5,-0.22265,180,0,0,1083038
0,-1,0,0.5,-0.222785,180,0,0,1083054
0,-1,0,0.5,-0.22292,180,0,0,1083071
0,0,1,0.5,-0.22292,180,0,31,1083090
0,1,1,0.5,-0.222785,180,0,31,1083105
0,1,1,0.5,-0.22265,180,0,31,1083122
0,1,1,0.5,-0.222515,180,0,31,1083139
0,2,1,0.5,-0.222245,180,0,31,1083155
0,1,1,0.5,-0.22211,180,0,0,1083176
0,0,0,0.5,-0.22211,180,0,0,1083191
0,0,0,0.5,-0.22211,180,0,0,1083207
0,-1,0,0.5,-0.222245,180,0,0,1083221
0,-2,1,0.5,-0.222515,180,0,31,1083241
0,-2,1,0.5,-0.222785,180,0,31,1083255
0,0,1,0.5,-0.222785,180,0,31,1083271
0,1,1,0.5,-0.22265,180,0,31,1083288
0,1,2,0.5,-0.222515,180,0,0,1083305
0,1,1,0.5,-0.22238,180,0,0,1083322
0,0,1,0.5,-0.22238,180,0,0,1083338
0,0,1,0.5,-0.22238,180,0,0,1083354
0,-1,0,0.5,-0.222515,180,0,0,1083371
0,0,0,0.5,-0.222515,180,0,31,1083388
0,0,1,0.5,-0.222515,180,0,31,1083405
0,1,1,0.5,-0.22238,180,0,31,1083422
0,1,0,0.5,-0.222245,180,0,31,1083437
0,0,0,0.5,-0.222245,180,0,31,1083454
0,0,0,0.5,-0.222245,180,0,0,1083471
0,0,0,0.5,-0.222245,180,0,0,1083489
0,0,0,0.5,-0.222245,180,0,0,1083504
0,0,0,0.5,-0.222245,180,0,0,1083520
0,0,0,0.5,-0.222245,180,0,31,1083539
0,0,0,0.5,-0.222245,180,0,31,1083554
0,1,1,0.5,-0.22211,180,0,31,1083571
0,1,1,0.5,-0.221975,180,0,31,1083588
0,1,1,0.5,-0.22184,180,0,0,1083604
0,0,0,0.5,-0.22184,180,0,0,1083621
0,0,0,0.5,-0.22184,180,0,0,1083637
0,-4,0,0.5,-0.22238,180,0,0,1083654
0,-1,0,0.5,-0.222515,180,0,0,1083672
0,0,1,0.5,-0.222515,180,0,31,1083687
0,0,1,0.5,-0.222515,180,0,31,1083704
0,1,1,0.5,-0.22238,180,0,31,1083721
0,1,1,0.5,-0.222245,180,0,31,1083738
0,1,0,0.5,-0.22211,180,0,0,1083754
0,0,0,0.5,-0.22211,180,0,0,1083770
0,-1,0,0.5,-0.222245,180,0,0,1083788
0,-1,0,0.5,-0.22238,180,0,0,1083806
0,-1,0,0.5,-0.222515,180,0,31,1083823
0,0,0,0.5,-0.222515,180,0,31,1083837
0,3,0,0.5,-0.22211,180,0,31,1083855
0,2,0,0.5,-0.22184,180,0,31,1083872
0,2,0,0.5,-0.22157,180,0,31,1083889
0,0,0,0.5,-0.22157,180,0,31,1083904
0,0,0,0.5,-0.22157,180,0,0,1083921
0,-1,-1,0.5,-0.221705,180,0,0,1083937
0,-2,-1,0.5,-0.221975,180,0,0,1083954
0,-1,0,0.5,-0.22211,180,0,0,1083970
0,0,0,0.5,-0.22211,180,0,31,1083987
0,2,0,0.5,-0.22184,180,0,31,1084004
0,3,0,0.5,-0.221435,180,0,31,1084022
0,2,0,0.5,-0.221165,180,0,31,1084038
0,2,0,0.5,-0.220895,180,0,31,1084055
0,0,0,0.5,-0.220895,180,0,0,1084071
0,-1,-1,0.5,-0.22103,180,0,0,1084089
0,-1,-1,0.5,-0.221165,180,0,0,1084105
0,-5,-1,0.5,-0.22184,180,0,0,1084121
0,-1,0,0.5,-0.221975,180,0,31,1084137
0,-1,0,0.5,-0.22211,180,0,31,1084154
0,3,0,0.5,-0.221705,180,0,31,1084172
0,4,0,0.5,-0.221165,180,0,31,1084187
0,3,1,0.5,-0.22076,180,0,31,1084205
0,1,0,0.5,-0.220625,180,0,0,1084221
0,1,0,0.5,-0.22049,180,0,0,1084237
0,-2,-1,0.5,-0.22076,180,0,0,1084255
0,-1,0,0.5,-0.220895,180,0,0,1084271
0,0,0,0.5,-0.220895,180,0,0,1084288
0,2,0,0.5,-0.220625,180,0,31,1084309
0,4,0,0.5,-0.220085,180,0,31,1084320
0,2,0,0.5,-0.219815,180,0,31,1084337
0,2,0,0.5,-0.219545,180,0,31,1084355
0,1,0,0.5,-0.21941,180,0,31,1084370
0,0,-1,0.5,-0.21941,180,0,0,1084388
0,0,0,0.5,-0.21941,180,0,0,1084404
0,-1,-1,0.5,-0.219545,180,0,0,1084421
0,-1,-1,0.5,-0.21968,180,0,0,1084438
0,0,0,0.5,-0.21968,180,0,0,1084454
0,1,0,0.5,-0.219545,180,0,31,1084476
0,3,0,0.5,-0.21914,180,0,31,1084493
0,2,0,0.5,-0.21887,180,0,31,1084504
0,2,0,0.5,-0.2186,180,0,31,1084524
0,0,0,0.5,-0.2186,180,0,31,1084538
0,1,0,0.5,-0.218465,180,0,0,1084555
0,0,0,0.5,-0.218465,180,0,0,1084570
0,-1,0,0.5,-0.2186,180,0,0,1084588
0,0,0,0.5,-0.2186,180,0,0,1084604
0,0,0,0.5,-0.2186,180,0,0,1084621
0,1,0,0.5,-0.218465,180,0,31,1084638
0,2,0,0.5,-0.218195,180,0,31,1084654
0,1,0,0.5,-0.21806,180,0,31,1084670
0,1,0,0.5,-0.217925,180,0,31,1084687
0,0,0,0.5,-0.217925,180,0,31,1084704
0,0,0,0.5,-0.217925,180,0,0,1084720
0,0,0,0.5,-0.217925,180,0,0,1084739
0,-1,0,0.5,-0.21806,180,0,0,1084754
0,-3,0,0.5,-0.218465,180,0,0,1084771
0,0,0,0.5,-0.218465,180,0,0,1084787
0,0,0,0.5,-0.218465,180,0,0,1084804
0,0,0,0.5,-0.218465,180,0,31,1084820
0,0,0,0.5,-0.218465,180,0,31,1084837
0,2,1,0.5,-0.218195,180,0,31,1084854
0,1,0,0.5,-0.21806,180,0,31,1084871
0,0,0,0.5,-0.21806,180,0,31,1084887
0,0,0,0.5,-0.21806,180,0,0,1084904
0,-3,0,0.5,-0.218465,180,0,0,1084922
0,-2,0,0.5,-0.218735,180,0,0,1084939
0,-2,0,0.5,-0.219005,180,0,0,1084954
0,-1,0,0.5,-0.21914,180,0,0,1084972
0,0,0,0.5,-0.21914,180,0,0,1084987
0,0,1,0.5,-0.21914,180,0,0,1085005
0,0,0,0.5,-0.21914,180,0,0,1085021
0,0,0,0.5,-0.21914,180,0,0,1085041
0,0,0,0.5,-0.21914,180,0,0,1085054
0,0,0,0.5,-0.21914,180,0,0,1085070
0,-1,0,0.5,-0.219275,180,0,0,1085088
0,-1,0,0.5,-0.21941,180,0,0,1085104
0,-1,0,0.5,-0.219545,180,0,0,1085121
0,-1,0,0.5,-0.21968,180,0,0,1085137
0,0,0,0.5,-0.21968,180,0,0,1085155
0,-1,0,0.5,-0.219815,180,0,0,1085170
0,0,0,0.5,-0.219815,180,0,0,1085188
0,0,0,0.5,-0.219815,180,0,0,1085206
0,-1,1,0.5,-0.21995,180,0,0,1085222
0,0,0,0.5,-0.21995,180,0,0,1085237
0,0,0,0.5,-0.21995,180,0,0,1085254
0,0,0,0.5,-0.21995,180,0,0,1085273
0,-1,0,0.5,-0.220085,180,0,0,1085289
0,-2,0,0.5,-0.220355,180,0,0,1085304
0,-1,0,0.5,-0.22049,180,0,0,1085321
0,0,0,0.5,-0.22049,180,0,0,1085339
0,0,0,0.5,-0.22049,180,0,0,1085354
0,0,0,0.5,-0.22049,180,0,0,1085370
0,0,0,0.5,-0.22049,180,0,0,1085393
0,0,0,0.5,-0.22049,180,0,0,1085403
0,0,0,0.5,-0.22049,180,0,0,1085420
0,0,0,0.5,-0.22049,180,0,0,1085437
0,1,0,0.5,-0.220355,180,0,0,1085455
0,0,0,0.5,-0.220355,180,0,0,1085470
0,0,0,0.5,-0.220355,180,0,0,1085487
0,1,0,0.5,-0.22022,180,0,0,1085504
0,0,0,0.5,-0.22022,180,0,0,1085520
0,0,0,0.5,-0.22022,180,0,0,1085538
0,0,0,0.5,-0.22022,180,0,0,1085553
0,-1,0,0.5,-0.220355,180,0,0,1085571
0,0,0,0.5,-0.220355,180,0,0,1085587
0,0,0,0.5,-0.220355,180,0,0,1085604
0,0,0,0.5,-0.220355,180,0,0,1085620
0,0,1,0.5,-0.220355,180,0,0,1085638
0,0,0,0.5,-0.220355,180,0,0,1085654
0,0,0,0.5,-0.220355,180,0,0,1085670
0,0,0,0.5,-0.220355,180,0,0,1085688
0,1,0,0.5,-0.22022,180,0,0,1085710
0,0,0,0.5,-0.22022,180,0,0,1085725
0,0,0,0.5,-0.22022,180,0,0,1085738
0,0,0,0.5,-0.22022,180,0,0,1085754
0,0,0,0.5,-0.22022,180,0,0,1085770
0,0,0,0.5,-0.22022,180,0,0,1085788
0,1,0,0.5,-0.220085,180,0,0,1085806
0,0,0,0.5,-0.220085,180,0,0,1085820
0,-1,0,0.5,-0.22022,180,0,0,1085838
0,0,0,0.5,-0.22022,180,0,0,1085854
0,0,0,0.5,-0.22022,180,0,0,1085870
0,0,0,0.5,-0.22022,180,0,0,1085888
0,1,1,0.5,-0.220085,180,0,0,1085906
0,0,0,0.5,-0.220085,180,0,0,1085921
0,0,0,0.5,-0.220085,180,0,0,1085938
0,1,0,0.5,-0.21995,180,0,0,1085955
0,0,0,0.5,-0.21995,180,0,0,1085971
0,0,0,0.5,-0.21995,180,0,0,1085988
0,0,0,0.5,-0.21995,180,0,0,1086005
0,0,0,0.5,-0.21995,180,0,0,1086022
0,0,0,0.5,-0.21995,180,0,0,1086038
0,0,0,0.5,-0.21995,180,0,0,1086055
0,0,0,0.5,-0.21995,180,0,0,1086071
0,0,0,0.5,-0.21995,180,0,0,1086090
0,0,0,0.5,-0.21995,180,0,0,1086105
0,0,0,0.5,-0.21995,180,0,0,1086122
0,0,0,0.5,-0.21995,180,0,0,1086139
0,1,0,0.5,-0.219815,180,0,0,1086155
0,0,0,0.5,-0.219815,180,0,0,1086172
0,0,0,0.5,-0.219815,180,0,0,1086188
0,0,0,0.5,-0.219815,180,0,0,1086206
0,1,0,0.5,-0.21968,180,0,0,1086227
0,0,0,0.5,-0.21968,180,0,0,1086239
0,0,0,0.5,-0.21968,180,0,0,1086255
0,0,0,0.5,-0.21968,180,0,0,1086273
0,1,0,0.5,-0.219545,180,0,0,1086289
0,0,0,0.5,-0.219545,180,0,0,1086305
0,0,0,0.5,-0.219545,180,0,0,1086322
0,1,0,0.5,-0.21941,180,0,0,1086338
0,0,0,0.5,-0.21941,180,0,0,1086355
0,1,0,0.5,-0.219275,180,0,0,1086372
0,0,0,0.5,-0.219275,180,0,0,1086388
0,0,0,0.5,-0.219275,180,0,0,1086405
0,0,0,0.5,-0.219275,180,0,0,1086422
0,0,0,0.5,-0.219275,180,0,0,1086438
0,0,0,0.5,-0.219275,180,0,0,1086456
0,0,0,0.5,-0.219275,180,0,0,1086472
0,0,0,0.5,-0.219275,180,0,0,1086488
0,0,0,0.5,-0.219275,180,0,0,1086506
0,1,0,0.5,-0.21914,180,0,0,1086522
0,0,0,0.5,-0.21914,180,0,0,1086539
0,0,0,0.5,-0.21914,180,0,0,1086557
0,1,0,0.5,-0.219005,180,0,0,1086572
0,0,0,0.5,-0.219005,180,0,0,1086589
0,0,0,0.5,-0.219005,180,0,0,1086606
0,0,0,0.5,-0.219005,180,0,0,1086622
0,0,0,0.5,-0.219005,180,0,0,1086639
0,0,0,0.5,-0.219005,180,0,0,1086656
0,1,0,0.5,-0.21887,180,0,0,1086672
0,0,0,0.5,-0.21887,180,0,0,1086689
0,0,0,0.5,-0.21887,180,0,0,1086707
0,0,0,0.5,-0.21887,180,0,0,1086722
0,0,0,0.5,-0.21887,180,0,0,1086741
0,0,0,0.5,-0.21887,180,0,0,1086756
0,0,0,0.5,-0.21887,180,0,0,1086772
0,0,0,0.5,-0.21887,180,0,0,1086789
0,0,0,0.5,-0.21887,180,0,0,1086806
0,0,0,0.5,-0.21887,180,0,0,1086823
0,0,0,0.5,-0.21887,180,0,0,1086840
0,0,0,0.5,-0.21887,180,0,0,1086856
0,0,0,0.5,-0.21887,180,0,0,1086872
0,0,0,0.5,-0.21887,180,0,0,1086889
0,0,0,0.5,-0.21887,180,0,0,1086907
0,0,0,0.5,-0.21887,180,0,0,1086923
0,0,0,0.5,-0.21887,180,0,0,1086941
0,0,0,0.5,-0.21887,180,0,0,1086958
0,0,0,0.5,-0.21887,180,0,0,1086973
0,0,0,0.5,-0.21887,180,0,0,1086990
0,0,0,0.5,-0.21887,180,0,0,1087007
0,0,0,0.5,-0.21887,180,0,0,1087024
0,0,0,0.5,-0.21887,180,0,0,1087040
0,0,0,0.5,-0.21887,180,0,0,1087058
0,0,0,0.5,-0.21887,180,0,0,1087073
0,0,0,0.5,-0.21887,180,0,0,1087090
0,0,0,0.5,-0.21887,180,0,0,1087107
0,0,0,0.5,-0.21887,180,0,0,1087124
0,0,0,0.5,-0.21887,180,0,0,1087144
0,0,0,0.5,-0.21887,180,0,0,1087158
0,0,0,0.5,-0.21887,180,0,0,1087174
0,0,0,0.5,-0.21887,180,0,0,1087191
0,0,0,0.5,-0.21887,180,0,0,1087209
0,0,0,0.5,-0.21887,180,0,0,1087224
0,0,0,0.5,-0.21887,180,0,0,1087243
0,0,0,0.5,-0.21887,180,0,0,1087260
0,0,0,0.5,-0.21887,180,0,0,1087276
0,0,0,0.5,-0.21887,180,0,0,1087291
0,0,-1,0.5,-0.21887,180,0,0,1087307
0,-1,0,0.5,-0.219005,180,0,0,1087326
0,0,0,0.5,-0.219005,180,0,0,1087342
0,0,0,0.5,-0.219005,180,0,0,1087358
0,0,0,0.5,-0.219005,180,0,0,1087374
0,0,0,0.5,-0.219005,180,0,0,1087391
0,0,0,0.5,-0.219005,180,0,0,1087410
0,0,0,0.5,-0.219005,180,0,0,1087425
0,0,0,0.5,-0.219005,180,0,0,1087440
0,0,0,0.5,-0.219005,180,0,0,1087457
0,-1,0,0.5,-0.21914,180,0,0,1087474
0,0,0,0.5,-0.21914,180,0,0,1087491
0,0,0,0.5,-0.21914,180,0,0,1087507
0,0,0,0.5,-0.21914,180,0,0,1087524
0,0,0,0.5,-0.21914,180,0,0,1087541
0,0,0,0.5,-0.21914,180,0,0,1087557
0,0,0,0.5,-0.21914,180,0,0,1087574
0,0,0,0.5,-0.21914,180,0,0,1087591
0,-1,0,0.5,-0.219275,180,0,0,1087607
0,0,0,0.5,-0.219275,180,0,0,1087625
0,0,0,0.5,-0.219275,180,0,0,1087641
0,0,0,0.5,-0.219275,180,0,0,1087657
0,0,0,0.5,-0.219275,180,0,0,1087675
0,0,0,0.5,-0.219275,180,0,0,1087691
0,0,0,0.5,-0.219275,180,0,0,1087709
0,0,0,0.5,-0.219275,180,0,0,1087725
0,0,0,0.5,-0.219275,180,0,0,1087741
0,-1,0,0.5,-0.21941,180,0,0,1087758
0,0,0,0.5,-0.21941,180,0,0,1087775
0,0,0,0.5,-0.21941,180,0,0,1087792
0,0,0,0.5,-0.21941,180,0,0,1087811
0,0,0,0.5,-0.21941,180,0,0,1087827
0,0,0,0.5,-0.21941,180,0,0,1087842
0,0,0,0.5,-0.21941,180,0,0,1087860
0,0,0,0.5,-0.21941,180,0,0,1087875
0,0,0,0.5,-0.21941,180,0,0,1087891
0,0,0,0.5,-0.21941,180,0,0,1087908
0,0,0,0.5,-0.21941,180,0,0,1087927
0,0,0,0.5,-0.21941,180,0,0,1087943
0,0,0,0.5,-0.21941,180,0,0,1087958
0,0,0,0.5,-0.21941,180,0,0,1087976
0,0,0,0.5,-0.21941,180,0,0,1087993
0,0,0,0.5,-0.21941,180,0,0,1088009
0,-1,0,0.5,-0.219545,180,0,0,1088026
0,0,0,0.5,-0.219545,180,0,0,1088042
0,0,0,0.5,-0.219545,180,0,0,1088059
0,0,0,0.5,-0.219545,180,0,0,1088078
0,0,0,0.5,-0.219545,180,0,0,1088095
0,0,0,0.5,-0.219545,180,0,0,1088109
0,0,0,0.5,-0.219545,180,0,0,1088126
0,0,0,0.5,-0.219545,180,0,0,1088142
0,0,0,0.5,-0.219545,180,0,0,1088159
0,0,0,0.5,-0.219545,180,0,0,1088175
0,0,0,0.5,-0.219545,180,0,0,1088192
0,-1,0,0.5,-0.21968,180,0,0,1088210
0,0,0,0.5,-0.21968,180,0,0,1088226
0,0,0,0.5,-0.21968,180,0,0,1088244
0,0,0,0.5,-0.21968,180,0,0,1088259
0,1,0,0.5,-0.219545,180,0,0,1088276
0,0,0,0.5,-0.219545,180,0,0,1088293
0,0,0,0.5,-0.219545,180,0,0,1088309
0,-1,0,0.5,-0.21968,180,0,0,1088326
0,0,0,0.5,-0.21968,180,0,0,1088342
0,0,0,0.5,-0.21968,180,0,0,1088359
0,0,0,0.5,-0.21968,180,0,0,1088375
0,0,0,0.5,-0.21968,180,0,0,1088394
0,0,0,0.5,-0.21968,180,0,0,1088409
0,0,0,0.5,-0.21968,180,0,0,1088426
0,0,0,0.5,-0.21968,180,0,0,1088442
0,0,0,0.5,-0.21968,180,0,0,1088459
0,0,0,0.5,-0.21968,180,0,0,1088475
0,0,0,0.5,-0.21968,180,0,0,1088493
0,0,0,0.5,-0.21968,180,0,0,1088509
0,0,0,0.5,-0.21968,180,0,0,1088526
0,0,0,0.5,-0.21968,180,0,0,1088543
0,0,0,0.5,-0.21968,180,0,0,1088559
0,0,0,0.5,-0.21968,180,0,0,1088576
0,0,0,0.5,-0.21968,180,0,0,1088594
0,0,0,0.5,-0.21968,180,0,0,1088609
0,0,0,0.5,-0.21968,180,0,0,1088626
0,0,0,0.5,-0.21968,180,0,0,1088643
0,-1,0,0.5,-0.219815,180,0,0,1088660
0,0,0,0.5,-0.219815,180,0,0,1088676
0,0,0,0.5,-0.219815,180,0,0,1088693
0,0,0,0.5,-0.219815,180,0,0,1088710
0,0,0,0.5,-0.219815,180,0,0,1088726
0,0,0,0.5,-0.219815,180,0,0,1088743
0,0,0,0.5,-0.219815,180,0,0,1088760
0,0,0,0.5,-0.219815,180,0,0,1088776
0,0,0,0.5,-0.219815,180,0,0,1088793
0,0,0,0.5,-0.219815,180,0,0,1088811
0,0,0,0.5,-0.219815,180,0,0,1088826
0,0,0,0.5,-0.219815,180,0,0,1088843
0,0,0,0.5,-0.219815,180,0,0,1088860
0,0,0,0.5,-0.219815,180,0,0,1088877
0,0,0,0.5,-0.219815,180,0,0,1088893
0,0,0,0.5,-0.219815,180,0,0,1088910
0,0,0,0.5,-0.219815,180,0,0,1088927
0,0,0,0.5,-0.219815,180,0,0,1088943
0,0,0,0.5,-0.219815,180,0,0,1088960
0,0,0,0.5,-0.219815,180,0,0,1088978
0,0,0,0.5,-0.219815,180,0,0,1088994
0,0,0,0.5,-0.219815,180,0,0,1089011
0,0,0,0.5,-0.219815,180,0,0,1089028
0,0,0,0.5,-0.219815,180,0,0,1089044
0,0,0,0.5,-0.219815,180,0,0,1089061
0,0,0,0.5,-0.219815,180,0,0,1089078
0,0,0,0.5,-0.219815,180,0,0,1089094
0,0,0,0.5,-0.219815,180,0,0,1089111
0,0,0,0.5,-0.219815,180,0,0,1089128
0,0,0,0.5,-0.219815,180,0,0,1089146
0,0,0,0.5,-0.219815,180,0,0,1089164
0,0,0,0.5,-0.219815,180,0,0,1089180
0,0,0,0.5,-0.219815,180,0,0,1089197
0,0,0,0.5,-0.219815,180,0,0,1089213
0,0,1,0.5,-0.219815,180,0,0,1089229
0,0,0,0.5,-0.219815,180,0,0,1089245
0,1,0,0.5,-0.21968,180,0,0,1089262
0,0,0,0.5,-0.21968,180,0,0,1089277
0,0,0,0.5,-0.21968,180,0,0,1089295
0,0,0,0.5,-0.21968,180,0,0,1089311
0,0,0,0.5,-0.21968,180,0,0,1089328
0,0,0,0.5,-0.21968,180,0,0,1089345
0,0,0,0.5,-0.21968,180,0,0,1089362
0,0,0,0.5,-0.21968,180,0,0,1089377
0,0,0,0.5,-0.21968,180,0,0,1089394
0,0,0,0.5,-0.21968,180,0,0,1089411
0,1,0,0.5,-0.219545,180,0,0,1089428
0,0,0,0.5,-0.219545,180,0,0,1089444
0,0,0,0.5,-0.219545,180,0,0,1089462
0,0,0,0.5,-0.219545,180,0,0,1089477
0,0,0,0.5,-0.219545,180,0,0,1089494
0,0,0,0.5,-0.219545,180,0,0,1089511
0,0,0,0.5,-0.219545,180,0,0,1089528
0,0,0,0.5,-0.219545,180,0,0,1089544
0,0,0,0.5,-0.219545,180,0,0,1089563
0,1,0,0.5,-0.21941,180,0,0,1089579
0,0,0,0.5,-0.21941,180,0,0,1089594
0,0,0,0.5,-0.21941,180,0,0,1089611
0,0,0,0.5,-0.21941,180,0,0,1089628
0,0,0,0.5,-0.21941,180,0,0,1089645
0,0,0,0.5,-0.21941,180,0,0,1089662
0,1,0,0.5,-0.219275,180,0,0,1089678
0,0,0,0.5,-0.219275,180,0,0,1089695
0,0,0,0.5,-0.219275,180,0,0,1089712
0,0,0,0.5,-0.219275,180,0,0,1089730
0,-1,0,0.5,-0.21941,180,0,0,1089747
0,0,0,0.5,-0.21941,180,0,0,1089761
0,0,0,0.5,-0.21941,180,0,0,1089778
0,0,0,0.5,-0.21941,180,0,0,1089796
0,1,0,0.5,-0.219275,180,0,0,1089812
0,0,0,0.5,-0.219275,180,0,0,1089830
0,0,0,0.5,-0.219275,180,0,0,1089845
0,0,0,0.5,-0.219275,180,0,0,1089862
0,0,0,0.5,-0.219275,180,0,0,1089879
0,0,0,0.5,-0.219275,180,0,0,1089896
0,0,0,0.5,-0.219275,180,0,0,1089912
0,0,0,0.5,-0.219275,180,0,0,1089928
0,0,0,0.5,-0.219275,180,0,0,1089945
0,0,0,0.5,-0.219275,180,0,0,1089962
0,0,0,0.5,-0.219275,180,0,0,1089979
0,1,0,0.5,-0.21914,180,0,0,1089997
0,0,0,0.5,-0.21914,180,0,0,1090013
0,0,0,0.5,-0.21914,180,0,0,1090030
0,0,0,0.5,-0.21914,180,0,0,1090046
0,0,0,0.5,-0.21914,180,0,0,1090063
0,0,0,0.5,-0.21914,180,0,0,1090082
0,0,0,0.5,-0.21914,180,0,0,1090097
0,0,0,0.5,-0.21914,180,0,0,1090113
0,0,0,0.5,-0.21914,180,0,0,1090130
0,0,0,0.5,-0.21914,180,0,0,1090147
0,0,0,0.5,-0.21914,180,0,0,1090163
0,0,0,0.5,-0.21914,180,0,0,1090180
0,0,0,0.5,-0.21914,180,0,0,1090196
0,0,0,0.5,-0.21914,180,0,0,1090215
0,0,0,0.5,-0.21914,180,0,0,1090232
0,0,0,0.5,-0.21914,180,0,0,1090251
0,0,0,0.5,-0.21914,180,0,0,1090263
0,0,0,0.5,-0.21914,180,0,0,1090280
0,0,0,0.5,-0.21914,180,0,0,1090297
0,0,0,0.5,-0.21914,180,0,0,1090314
0,0,0,0.5,-0.21914,180,0,0,1090330
0,0,0,0.5,-0.21914,180,0,0,1090346
0,0,0,0.5,-0.21914,180,0,0,1090363
0,0,0,0.5,-0.21914,180,0,0,1090379
0,0,0,0.5,-0.21914,180,0,0,1090397
0,0,0,0.5,-0.21914,180,0,0,1090413
0,0,0,0.5,-0.21914,180,0,0,1090429
0,0,0,0.5,-0.21914,180,0,0,1090448
0,0,0,0.5,-0.21914,180,0,0,1090464
0,0,0,0.5,-0.21914,180,0,0,1090479
0,0,0,0.5,-0.21914,180,0,0,1090496
0,0,0,0.5,-0.21914,180,0,0,1090513
0,0,0,0.5,-0.21914,180,0,0,1090530
0,0,0,0.5,-0.21914,180,0,0,1090547
0,0,0,0.5,-0.21914,180,0,0,1090563
0,0,0,0.5,-0.21914,180,0,0,1090581
0,0,0,0.5,-0.21914,180,0,0,1090597
0,0,0,0.5,-0.21914,180,0,0,1090613
0,0,0,0.5,-0.21914,180,0,0,1090630
0,0,0,0.5,-0.21914,180,0,0,1090647
0,0,0,0.5,-0.21914,180,0,0,1090664
0,0,0,0.5,-0.21914,180,0,0,1090680
0,0,0,0.5,-0.21914,180,0,0,1090697
0,0,0,0.5,-0.21914,180,0,0,1090714
0,0,0,0.5,-0.21914,180,0,0,1090730
0,0,0,0.5,-0.21914,180,0,0,1090747
0,0,0,0.5,-0.21914,180,0,0,1090763
0,0,0,0.5,-0.21914,180,0,0,1090780
0,0,0,0.5,-0.21914,180,0,0,1090797
0,0,0,0.5,-0.21914,180,0,0,1090813
0,0,0,0.5,-0.21914,180,0,0,1090830
0,0,0,0.5,-0.21914,180,0,0,1090849
0,0,0,0.5,-0.21914,180,0,0,1090864
0,0,0,0.5,-0.21914,180,0,0,1090880
0,0,0,0.5,-0.21914,180,0,0,1090897
0,0,0,0.5,-0.21914,180,0,0,1090914
0,0,0,0.5,-0.21914,180,0,0,1090932
0,0,0,0.5,-0.21914,180,0,0,1090947
0,0,0,0.5,-0.21914,180,0,0,1090964
0,0,0,0.5,-0.21914,180,0,0,1090981
0,0,0,0.5,-0.21914,180,0,0,1090998
0,0,0,0.5,-0.21914,180,0,0,1091014
0,0,0,0.5,-0.21914,180,0,0,1091031
0,0,0,0.5,-0.21914,180,0,0,1091048
0,0,0,0.5,-0.21914,180,0,0,1091065
0,0,0,0.5,-0.21914,180,0,0,1091081
0,0,0,0.5,-0.21914,180,0,0,1091098
0,0,0,0.5,-0.21914,180,0,0,1091116
0,0,0,0.5,-0.21914,180,0,0,1091131
0,0,0,0.5,-0.21914,180,0,0,1091149
0,0,0,0.5,-0.21914,180,0,0,1091164
0,0,0,0.5,-0.21914,180,0,0,1091181
0,0,0,0.5,-0.21914,180,0,0,1091198
0,0,0,0.5,-0.21914,180,0,0,1091215
0,0,0,0.5,-0.21914,180,0,0,1091232
0,0,0,0.5,-0.21914,180,0,0,1091249
0,0,0,0.5,-0.21914,180,0,0,1091266
0,0,0,0.5,-0.21914,180,0,0,1091281
0,0,0,0.5,-0.21914,180,0,0,1091298
0,0,0,0.5,-0.21914,180,0,0,1091315
0,0,0,0.5,-0.21914,180,0,0,1091331
0,0,0,0.5,-0.21914,180,0,0,1091348
0,0,0,0.5,-0.21914,180,0,0,1091365
0,0,0,0.5,-0.21914,180,0,0,1091382
0,0,0,0.5,-0.21914,180,0,0,1091398
0,0,0,0.5,-0.21914,180,0,0,1091415
0,0,0,0.5,-0.21914,180,0,0,1091431
0,0,0,0.5,-0.21914,180,0,0,1091448
0,0,0,0.5,-0.21914,180,0,0,1091465
0,0,0,0.5,-0.21914,180,0,0,1091481
0,0,-1,0.5,-0.21914,180,0,0,1091500
0,0,0,0.5,-0.21914,180,0,0,1091517
0,0,0,0.5,-0.21914,180,0,0,1091531
0,0,0,0.5,-0.21914,180,0,0,1091548
0,0,0,0.5,-0.21914,180,0,0,1091566
0,0,0,0.5,-0.21914,180,0,0,1091582
0,0,0,0.5,-0.21914,180,0,0,1091599
0,0,0,0.5,-0.21914,180,0,0,1091615
0,0,0,0.5,-0.21914,180,0,0,1091632
0,0,0,0.5,-0.21914,180,0,0,1091650
0,0,0,0.5,-0.21914,180,0,0,1091665
0,0,0,0.5,-0.21914,180,0,0,1091682
0,0,0,0.5,-0.21914,180,0,0,1091698
0,0,0,0.5,-0.21914,180,0,0,1091715
0,0,0,0.5,-0.21914,180,0,0,1091732
0,0,0,0.5,-0.21914,180,0,0,1091749
0,0,0,0.5,-0.21914,180,0,0,1091765
0,0,0,0.5,-0.21914,180,0,0,1091784
0,0,0,0.5,-0.21914,180,0,0,1091799
0,0,0,0.5,-0.21914,180,0,0,1091816
0,0,0,0.5,-0.21914,180,0,0,1091833
0,0,0,0.5,-0.21914,180,0,0,1091850
0,0,0,0.5,-0.21914,180,0,0,1091868
0,0,0,0.5,-0.21914,180,0,0,1091883
0,0,0,0.5,-0.21914,180,0,0,1091900
0,0,0,0.5,-0.21914,180,0,0,1091916
0,0,0,0.5,-0.21914,180,0,0,1091933
0,0,0,0.5,-0.21914,180,0,0,1091949
0,0,0,0.5,-0.21914,180,0,0,1091967
0,0,0,0.5,-0.21914,180,0,0,1091984
0,0,0,0.5,-0.21914,180,0,0,1092000
0,0,0,0.5,-0.21914,180,0,0,1092017
0,0,0,0.5,-0.21914,180,0,0,1092033
0,0,0,0.5,-0.21914,180,0,0,1092050
0,0,0,0.5,-0.21914,180,0,0,1092066
0,0,0,0.5,-0.21914,180,0,0,1092083
0,0,0,0.5,-0.21914,180,0,0,1092101
0,0,0,0.5,-0.21914,180,0,0,1092118
0,0,0,0.5,-0.21914,180,0,0,1092133
0,0,0,0.5,-0.21914,180,0,0,1092150
0,0,0,0.5,-0.21914,180,0,0,1092167
0,0,0,0.5,-0.21914,180,0,0,1092184
0,0,0,0.5,-0.21914,180,0,0,1092201
0,0,0,0.5,-0.21914,180,0,0,1092218
0,0,0,0.5,-0.21914,180,0,0,1092235
0,0,0,0.5,-0.21914,180,0,0,1092250
0,0,0,0.5,-0.21914,180,0,0,1092268
0,0,0,0.5,-0.21914,180,0,0,1092284
0,0,0,0.5,-0.21914,180,0,0,1092300
0,0,0,0.5,-0.21914,180,0,0,1092319
0,0,0,0.5,-0.21914,180,0,0,1092333
0,0,0,0.5,-0.21914,180,0,0,1092350
0,0,0,0.5,-0.21914,180,0,0,1092367
0,0,0,0.5,-0.21914,180,0,0,1092383
0,0,0,0.5,-0.21914,180,0,0,1092400
0,0,0,0.5,-0.21914,180,0,0,1092417
0,0,0,0.5,-0.21914,180,0,0,1092436
0,0,0,0.5,-0.21914,180,0,0,1092451
0,0,0,0.5,-0.21914,180,0,0,1092467
0,0,0,0.5,-0.21914,180,0,0,1092483
0,0,0,0.5,-0.21914,180,0,0,1092500
0,0,0,0.5,-0.21914,180,0,0,1092517
0,0,0,0.5,-0.21914,180,0,0,1092534
0,0,0,0.5,-0.21914,180,0,0,1092550
0,0,0,0.5,-0.21914,180,0,0,1092569
0,0,0,0.5,-0.21914,180,0,0,1092584
0,0,0,0.5,-0.21914,180,0,0,1092600
0,0,0,0.5,-0.21914,180,0,0,1092617
0,0,0,0.5,-0.21914,180,0,0,1092634
0,0,0,0.5,-0.21914,180,0,0,1092650
0,0,0,0.5,-0.21914,180,0,0,1092667
0,0,0,0.5,-0.21914,180,0,0,1092684
0,0,0,0.5,-0.21914,180,0,0,1092700
0,0,0,0.5,-0.21914,180,0,0,1092718
0,0,0,0.5,-0.21914,180,0,0,1092734
0,0,0,0.5,-0.21914,180,0,0,1092750
0,0,0,0.5,-0.21914,180,0,0,1092768
0,0,0,0.5,-0.21914,180,0,0,1092784
0,0,0,0.5,-0.21914,180,0,0,1092801
0,0,0,0.5,-0.21914,180,0,0,1092817
0,0,0,0.5,-0.21914,180,0,0,1092834
0,0,0,0.5,-0.21914,180,0,0,1092851
0,0,0,0.5,-0.21914,180,0,0,1092867
0,0,0,0.5,-0.21914,180,0,0,1092884
0,0,0,0.5,-0.21914,180,0,0,1092901
0,0,0,0.5,-0.21914,180,0,0,1092918
0,0,0,0.5,-0.21914,180,0,0,1092934
0,0,0,0.5,-0.21914,180,0,0,1092951
0,0,0,0.5,-0.21914,180,0,0,1092968
0,0,0,0.5,-0.21914,180,0,0,1092985
0,0,0,0.5,-0.21914,180,0,0,1093002
0,0,0,0.5,-0.21914,180,0,0,1093018
0,0,0,0.5,-0.21914,180,0,0,1093036
0,0,0,0.5,-0.21914,180,0,0,1093053
0,0,0,0.5,-0.21914,180,0,0,1093070
0,0,0,0.5,-0.21914,180,0,0,1093086
0,0,0,0.5,-0.21914,180,0,0,1093102
0,0,0,0.5,-0.21914,180,0,0,1093118
0,0,0,0.5,-0.21914,180,0,0,1093135
0,0,0,0.5,-0.21914,180,0,0,1093152
0,0,0,0.5,-0.21914,180,0,0,1093170
0,0,1,0.5,-0.21914,180,0,0,1093188
0,0,0,0.5,-0.21914,180,0,0,1093202
0,0,0,0.5,-0.21914,180,0,0,1093219
0,0,0,0.5,-0.21914,180,0,0,1093236
0,0,0,0.5,-0.21914,180,0,0,1093252
0,0,0,0.5,-0.21914,180,0,0,1093269
0,0,0,0.5,-0.21914,180,0,0,1093288
0,0,0,0.5,-0.21914,180,0,0,1093304
0,1,0,0.5,-0.219005,180,0,0,1093320
0,0,0,0.5,-0.219005,180,0,0,1093336
0,0,0,0.5,-0.219005,180,0,0,1093352
0,0,0,0.5,-0.219005,180,0,0,1093369
0,0,0,0.5,-0.219005,180,0,0,1093387
0,0,0,0.5,-0.219005,180,0,0,1093402
0,0,0,0.5,-0.219005,180,0,0,1093419
0,0,0,0.5,-0.219005,180,0,0,1093436
0,0,0,0.5,-0.219005,180,0,0,1093453
0,0,0,0.5,-0.219005,180,0,0,1093470
0,0,0,0.5,-0.219005,180,0,0,1093487
0,0,0,0.5,-0.219005,180,0,0,1093503
0,0,0,0.5,-0.219005,180,0,0,1093521
0,0,0,0.5,-0.219005,180,0,0,1093537
0,0,0,0.5,-0.219005,180,0,0,1093554
0,0,0,0.5,-0.219005,180,0,0,1093570
0,0,0,0.5,-0.219005,180,0,0,1093587
0,0,0,0.5,-0.219005,180,0,0,1093604
0,0,0,0.5,-0.219005,180,0,0,1093622
0,0,0,0.5,-0.219005,180,0,0,1093638
0,0,0,0.5,-0.219005,180,0,0,1093652
0,0,0,0.5,-0.219005,180,0,0,1093669
0,0,0,0.5,-0.219005,180,0,0,1093686
0,0,0,0.5,-0.219005,180,0,0,1093702
0,0,0,0.5,-0.219005,180,0,0,1093719
0,0,0,0.5,-0.219005,180,0,0,1093736
0,0,0,0.5,-0.219005,180,0,0,1093753
0,0,0,0.5,-0.219005,180,0,0,1093769
0,0,0,0.5,-0.219005,180,0,0,1093786
0,0,0,0.5,-0.219005,180,0,0,1093803
0,0,0,0.5,-0.219005,180,0,0,1093819
0,0,0,0.5,-0.219005,180,0,0,1093836
0,0,0,0.5,-0.219005,180,0,0,1093853
0,0,0,0.5,-0.219005,180,0,0,1093870
0,0,0,0.5,-0.219005,180,0,0,1093886
0,0,0,0.5,-0.219005,180,0,0,1093903
0,0,0,0.5,-0.219005,180,0,0,1093919
0,0,0,0.5,-0.219005,180,0,0,1093936
0,0,0,0.5,-0.219005,180,0,0,1093953
0,0,0,0.5,-0.219005,180,0,0,1093970
0,0,0,0.5,-0.219005,180,0,0,1093987
0,0,0,0.5,-0.219005,180,0,0,1094004
0,0,0,0.5,-0.219005,180,0,0,1094021
0,0,0,0.5,-0.219005,180,0,0,1094038
0,0,0,0.5,-0.219005,180,0,0,1094054
0,0,0,0.5,-0.219005,180,0,0,1094071
0,0,0,0.5,-0.219005,180,0,0,1094087
0,0,0,0.5,-0.219005,180,0,0,1094104
0,0,0,0.5,-0.219005,180,0,0,1094121
0,0,0,0.5,-0.219005,180,0,0,1094138
0,0,0,0.5,-0.219005,180,0,0,1094154
0,0,0,0.5,-0.219005,180,0,0,1094171
0,0,0,0.5,-0.219005,180,0,0,1094189
0,0,0,0.5,-0.219005,180,0,0,1094204
0,0,0,0.5,-0.219005,180,0,0,1094221
0,0,0,0.5,-0.219005,180,0,0,1094239
0,0,0,0.5,-0.219005,180,0,0,1094255
0,0,0,0.5,-0.219005,180,0,0,1094271
0,0,0,0.5,-0.219005,180,0,0,1094289
0,0,0,0.5,-0.219005,180,0,0,1094304
0,0,0,0.5,-0.219005,180,0,0,1094321
0,0,0,0.5,-0.219005,180,0,0,1094337
0,0,0,0.5,-0.219005,180,0,0,1094354
0,0,0,0.5,-0.219005,180,0,0,1094371
0,0,0,0.5,-0.219005,180,0,0,1094387
0,0,0,0.5,-0.219005,180,0,0,1094404
0,0,0,0.5,-0.219005,180,0,0,1094420
0,0,0,0.5,-0.219005,180,0,0,1094437
0,0,0,0.5,-0.219005,180,0,0,1094454
0,0,0,0.5,-0.219005,180,0,0,1094470
0,0,0,0.5,-0.219005,180,0,0,1094487
0,0,0,0.5,-0.219005,180,0,0,1094504
0,0,0,0.5,-0.219005,180,0,0,1094520
0,0,0,0.5,-0.219005,180,0,0,1094537
0,0,0,0.5,-0.219005,180,0,0,1094554
0,0,0,0.5,-0.219005,180,0,0,1094571
0,0,0,0.5,-0.219005,180,0,0,1094587
0,0,0,0.5,-0.219005,180,0,0,1094604
0,0,0,0.5,-0.219005,180,0,0,1094621
0,0,0,0.5,-0.219005,180,0,0,1094637
0,0,0,0.5,-0.219005,180,0,0,1094654
0,0,0,0.5,-0.219005,180,0,0,1094671
0,0,0,0.5,-0.219005,180,0,0,1094687
0,0,0,0.5,-0.219005,180,0,0,1094704
0,-2,-1,0.5,-0.219275,180,0,0,1094721
0,-1,0,0.5,-0.21941,180,0,0,1094738
0,-1,0,0.5,-0.219545,180,0,0,1094755
0,0,0,0.5,-0.219545,180,0,0,1094771
0,0,0,0.5,-0.219545,180,0,0,1094789
0,0,0,0.5,-0.219545,180,0,0,1094805
0,2,0,0.5,-0.219275,180,0,0,1094822
0,0,0,0.5,-0.219275,180,0,0,1094838
0,0,0,0.5,-0.219275,180,0,0,1094855
0,0,0,0.5,-0.219275,180,0,0,1094871
0,0,0,0.5,-0.219275,180,0,0,1094888
0,0,0,0.5,-0.219275,180,0,0,1094905
0,1,0,0.5,-0.21914,180,0,0,1094922
0,0,0,0.5,-0.21914,180,0,0,1094938
0,0,0,0.5,-0.21914,180,0,0,1094955
0,0,0,0.5,-0.21914,180,0,0,1094971
0,0,0,0.5,-0.21914,180,0,0,1094988
0,0,0,0.5,-0.21914,180,0,0,1095006
0,0,0,0.5,-0.21914,180,0,0,1095025
0,0,0,0.5,-0.21914,180,0,0,1095039
0,1,0,0.5,-0.219005,180,0,0,1095056
0,0,0,0.5,-0.219005,180,0,0,1095072
0,1,0,0.5,-0.21887,180,0,0,1095089
0,0,0,0.5,-0.21887,180,0,0,1095106
0,0,0,0.5,-0.21887,180,0,0,1095122
0,-1,0,0.5,-0.219005,180,0,0,1095142
0,0,0,0.5,-0.219005,180,0,0,1095156
0,0,0,0.5,-0.219005,180,0,0,1095172
0,0,0,0.5,-0.219005,180,0,0,1095189
0,0,0,0.5,-0.219005,180,0,0,1095207
0,0,0,0.5,-0.219005,180,0,0,1095222
0,0,0,0.5,-0.219005,180,0,0,1095239
0,0,0,0.5,-0.219005,180,0,0,1095256
0,0,0,0.5,-0.219005,180,0,0,1095273
0,0,0,0.5,-0.219005,180,0,0,1095289
0,0,0,0.5,-0.219005,180,0,0,1095306
0,0,0,0.5,-0.219005,180,0,0,1095323
0,0,0,0.5,-0.219005,180,0,0,1095339
0,1,0,0.5,-0.21887,180,0,0,1095356
0,0,0,0.5,-0.21887,180,0,0,1095373
0,0,0,0.5,-0.21887,180,0,0,1095389
0,0,0,0.5,-0.21887,180,0,0,1095406
0,0,0,0.5,-0.21887,180,0,0,1095423
0,0,0,0.5,-0.21887,180,0,0,1095439
0,0,0,0.5,-0.21887,180,0,0,1095456
0,0,0,0.5,-0.21887,180,0,0,1095472
0,0,0,0.5,-0.21887,180,0,0,1095489
0,0,0,0.5,-0.21887,180,0,0,1095506
0,0,0,0.5,-0.21887,180,0,0,1095523
0,0,0,0.5,-0.21887,180,0,0,1095539
0,0,0,0.5,-0.21887,180,0,0,1095556
0,0,0,0.5,-0.21887,180,0,0,1095573
0,0,0,0.5,-0.21887,180,0,0,1095590
0,0,0,0.5,-0.21887,180,0,0,1095606
0,0,0,0.5,-0.21887,180,0,0,1095623
0,0,0,0.5,-0.21887,180,0,0,1095641
0,0,0,0.5,-0.21887,180,0,0,1095657
0,0,0,0.5,-0.21887,180,0,0,1095673
0,0,0,0.5,-0.21887,180,0,0,1095689
0,0,0,0.5,-0.21887,180,0,0,1095706
0,0,0,0.5,-0.21887,180,0,0,1095723
0,0,0,0.5,-0.21887,180,0,0,1095740
0,0,0,0.5,-0.21887,180,0,0,1095756
0,0,0,0.5,-0.21887,180,0,0,1095773
0,0,0,0.5,-0.21887,180,0,0,1095790
0,0,0,0.5,-0.21887,180,0,0,1095807
0,0,0,0.5,-0.21887,180,0,0,1095823
0,0,0,0.5,-0.21887,180,0,0,1095840
0,0,0,0.5,-0.21887,180,0,0,1095857
0,0,0,0.5,-0.21887,180,0,0,1095873
0,0,0,0.5,-0.21887,180,0,0,1095890
0,0,0,0.5,-0.21887,180,0,0,1095907
0,0,0,0.5,-0.21887,180,0,0,1095924
0,0,0,0.5,-0.21887,180,0,0,1095940
0,0,0,0.5,-0.21887,180,0,0,1095957
0,0,0,0.5,-0.21887,180,0,0,1095973
0,0,0,0.5,-0.21887,180,0,0,1095990
0,0,0,0.5,-0.21887,180,0,0,1096009
0,0,0,0.5,-0.21887,180,0,0,1096024
0,0,0,0.5,-0.21887,180,0,0,1096041
0,0,0,0.5,-0.21887,180,0,0,1096058
0,0,0,0.5,-0.21887,180,0,0,1096075
0,0,0,0.5,-0.21887,180,0,0,1096091
0,0,0,0.5,-0.21887,180,0,0,1096107
0,0,0,0.5,-0.21887,180,0,0,1096124
0,0,0,0.5,-0.21887,180,0,0,1096141
0,0,0,0.5,-0.21887,180,0,0,1096158
0,0,0,0.5,-0.21887,180,0,0,1096174
0,0,0,0.5,-0.21887,180,0,0,1096191
0,0,0,0.5,-0.21887,180,0,0,1096210
0,0,0,0.5,-0.21887,180,0,0,1096227
0,0,0,0.5,-0.21887,180,0,0,1096242
0,0,0,0.5,-0.21887,180,0,0,1096258
0,0,0,0.5,-0.21887,180,0,0,1096277
0,0,0,0.5,-0.21887,180,0,0,1096291
0,0,0,0.5,-0.21887,180,0,0,1096308
0,0,0,0.5,-0.21887,180,0,0,1096324
0,0,0,0.5,-0.21887,180,0,0,1096341
0,0,0,0.5,-0.21887,180,0,0,1096358
0,0,0,0.5,-0.21887,180,0,0,1096374
0,0,0,0.5,-0.21887,180,0,0,1096391
0,0,0,0.5,-0.21887,180,0,0,1096408
0,0,0,0.5,-0.21887,180,0,0,1096424
0,-3,0,0.5,-0.219275,180,0,0,1096441
0,-2,0,0.5,-0.219545,180,0,0,1096458
0,-3,0,0.5,-0.21995,180,0,0,1096474
0,-3,0,0.5,-0.220355,180,0,0,1096492
0,-3,0,0.5,-0.22076,180,0,0,1096511
0,-2,0,0.5,-0.22103,180,0,0,1096525
0,-2,0,0.5,-0.2213,180,0,0,1096541
0,-2,0,0.5,-0.22157,180,0,0,1096558
0,-1,1,0.5,-0.221705,180,0,0,1096575
0,0,0,0.5,-0.221705,180,0,0,1096593
0,-2,1,0.5,-0.221975,180,0,0,1096608
0,-2,0,0.5,-0.222245,180,0,0,1096625
0,-1,0,0.5,-0.22238,180,0,0,1096642
0,0,0,0.5,-0.22238,180,0,0,1096658
0,0,0,0.5,-0.22238,180,0,0,1096677
0,0,0,0.5,-0.22238,180,0,0,1096692
0,2,0,0.5,-0.22211,180,0,0,1096708
0,1,0,0.5,-0.221975,180,0,0,1096726
0,1,0,0.5,-0.22184,180,0,0,1096742
0,0,0,0.5,-0.22184,180,0,0,1096758
0,0,0,0.5,-0.22184,180,0,0,1096775
0,0,-1,0.5,-0.22184,180,0,0,1096792
0,0,0,0.5,-0.22184,180,0,0,1096808
0,0,0,0.5,-0.22184,180,0,0,1096825
0,0,0,0.5,-0.22184,180,0,0,1096842
0,0,0,0.5,-0.22184,180,0,0,1096859
0,0,0,0.5,-0.22184,180,0,0,1096875
0,0,0,0.5,-0.22184,180,0,0,1096894
0,0,0,0.5,-0.22184,180,0,0,1096909
0,0,0,0.5,-0.22184,180,0,0,1096925
0,0,0,0.5,-0.22184,180,0,0,1096942
0,0,0,0.5,-0.22184,180,0,0,1096959
0,0,0,0.5,-0.22184,180,0,0,1096975
0,0,0,0.5,-0.22184,180,0,0,1096992
0,0,0,0.5,-0.22184,180,0,0,1097010
0,0,0,0.5,-0.22184,180,0,0,1097027
0,0,0,0.5,-0.22184,180,0,0,1097044
0,0,0,0.5,-0.22184,180,0,0,1097060
0,0,0,0.5,-0.22184,180,0,0,1097077
0,0,0,0.5,-0.22184,180,0,0,1097094
0,0,0,0.5,-0.22184,180,0,0,1097111
0,0,0,0.5,-0.22184,180,0,0,1097126
0,0,0,0.5,-0.22184,180,0,0,1097143
0,-1,0,0.5,-0.221975,180,0,0,1097159
0,0,0,0.5,-0.221975,180,0,0,1097177
0,0,0,0.5,-0.221975,180,0,0,1097193
0,0,0,0.5,-0.221975,180,0,0,1097209
0,0,0,0.5,-0.221975,180,0,0,1097227
0,0,0,0.5,-0.221975,180,0,0,1097243
0,0,0,0.5,-0.221975,180,0,0,1097260
0,0,0,0.5,-0.221975,180,0,0,1097276
0,0,0,0.5,-0.221975,180,0,0,1097293
0,0,0,0.5,-0.221975,180,0,0,1097309
0,0,0,0.5,-0.221975,180,0,0,1097326
0,0,0,0.5,-0.221975,180,0,0,1097343
0,0,0,0.5,-0.221975,180,0,0,1097359
0,0,0,0.5,-0.221975,180,0,0,1097376
0,0,0,0.5,-0.221975,180,0,0,1097393
0,0,0,0.5,-0.221975,180,0,0,1097410
0,0,0,0.5,-0.221975,180,0,0,1097427
0,0,0,0.5,-0.221975,180,0,0,1097443
0,0,0,0.5,-0.221975,180,0,0,1097460
0,0,0,0.5,-0.221975,180,0,0,1097476
0,0,0,0.5,-0.221975,180,0,0,1097493
0,0,0,0.5,-0.221975,180,0,0,1097510
0,0,0,0.5,-0.221975,180,0,0,1097527
0,0,0,0.5,-0.221975,180,0,0,1097543
0,0,0,0.5,-0.221975,180,0,0,1097560
0,0,0,0.5,-0.221975,180,0,0,1097577
0,0,0,0.5,-0.221975,180,0,0,1097593
0,0,0,0.5,-0.221975,180,0,0,1097610
0,0,0,0.5,-0.221975,180,0,0,1097627
0,0,0,0.5,-0.221975,180,0,0,1097643
0,0,0,0.5,-0.221975,180,0,0,1097663
0,0,0,0.5,-0.221975,180,0,0,1097677
0,0,0,0.5,-0.221975,180,0,0,1097693
0,0,0,0.5,-0.221975,180,0,0,1097710
0,0,0,0.5,-0.221975,180,0,0,1097727
0,0,0,0.5,-0.221975,180,0,0,1097745
0,0,0,0.5,-0.221975,180,0,0,1097760
0,0,0,0.5,-0.221975,180,0,0,1097777
0,0,0,0.5,-0.221975,180,0,0,1097793
0,0,0,0.5,-0.221975,180,0,0,1097810
0,0,0,0.5,-0.221975,180,0,0,1097827
0,0,0,0.5,-0.221975,180,0,0,1097844
0,0,0,0.5,-0.221975,180,0,0,1097861
0,0,0,0.5,-0.221975,180,0,0,1097878
0,0,0,0.5,-0.221975,180,0,0,1097895
0,0,0,0.5,-0.221975,180,0,0,1097911
0,0,0,0.5,-0.221975,180,0,0,1097927
0,0,0,0.5,-0.221975,180,0,0,1097944
0,0,0,0.5,-0.221975,180,0,0,1097961
0,0,0,0.5,-0.221975,180,0,0,1097978
0,0,0,0.5,-0.221975,180,0,0,1097995
0,0,0,0.5,-0.221975,180,0,0,1098011
0,0,0,0.5,-0.221975,180,0,0,1098028
0,0,0,0.5,-0.221975,180,0,0,1098045
0,0,0,0.5,-0.221975,180,0,0,1098061
0,0,0,0.5,-0.221975,180,0,0,1098078
0,0,0,0.5,-0.221975,180,0,0,1098094
0,0,0,0.5,-0.221975,180,0,0,1098111
0,0,0,0.5,-0.221975,180,0,0,1098128
0,0,0,0.5,-0.221975,180,0,0,1098146
0,0,0,0.5,-0.221975,180,0,0,1098162
0,0,0,0.5,-0.221975,180,0,0,1098178
0,0,0,0.5,-0.221975,180,0,0,1098195
0,0,0,0.5,-0.221975,180,0,0,1098211
0,0,0,0.5,-0.221975,180,0,0,1098232
0,0,0,0.5,-0.221975,180,0,0,1098245
0,0,0,0.5,-0.221975,180,0,0,1098263
0,0,0,0.5,-0.221975,180,0,0,1098279
0,1,0,0.5,-0.22184,180,0,0,1098297
0,0,0,0.5,-0.22184,180,0,0,1098314
0,0,0,0.5,-0.22184,180,0,0,1098329
0,0,0,0.5,-0.22184,180,0,0,1098345
0,0,0,0.5,-0.22184,180,0,0,1098361
0,0,0,0.5,-0.22184,180,0,0,1098378
0,0,0,0.5,-0.22184,180,0,0,1098395
0,0,0,0.5,-0.22184,180,0,0,1098411
0,0,0,0.5,-0.22184,180,0,0,1098428
0,0,0,0.5,-0.22184,180,0,0,1098445
0,0,1,0.5,-0.22184,180,0,0,1098462
0,0,0,0.5,-0.22184,180,0,0,1098482
0,0,0,0.5,-0.22184,180,0,0,1098495
0,0,0,0.5,-0.22184,180,0,0,1098511
0,0,0,0.5,-0.22184,180,0,0,1098528
0,0,0,0.5,-0.22184,180,0,0,1098546
0,0,0,0.5,-0.22184,180,0,0,1098563
0,0,0,0.5,-0.22184,180,0,0,1098578
0,0,0,0.5,-0.22184,180,0,0,1098595
0,1,0,0.5,-0.221705,180,0,0,1098612
0,0,0,0.5,-0.221705,180,0,0,1098629
0,0,0,0.5,-0.221705,180,0,0,1098646
0,0,0,0.5,-0.221705,180,0,0,1098662
0,0,0,0.5,-0.221705,180,0,0,1098678
0,0,0,0.5,-0.221705,180,0,0,1098695
0,0,0,0.5,-0.221705,180,0,0,1098713
0,0,0,0.5,-0.221705,180,0,0,1098729
0,0,0,0.5,-0.221705,180,0,0,1098745
0,0,0,0.5,-0.221705,180,0,0,1098762
0,0,0,0.5,-0.221705,180,0,0,1098779
0,0,0,0.5,-0.221705,180,0,0,1098798
0,0,0,0.5,-0.221705,180,0,0,1098813
0,0,0,0.5,-0.221705,180,0,0,1098829
0,0,0,0.5,-0.221705,180,0,0,1098846
0,1,0,0.5,-0.22157,180,0,0,1098862
0,0,0,0.5,-0.22157,180,0,0,1098879
0,0,0,0.5,-0.22157,180,0,0,1098896
0,0,0,0.5,-0.22157,180,0,0,1098912
0,0,0,0.5,-0.22157,180,0,0,1098929
0,0,0,0.5,-0.22157,180,0,0,1098946
0,0,0,0.5,-0.22157,180,0,0,1098962
0,1,0,0.5,-0.221435,180,0,0,1098979
0,0,0,0.5,-0.221435,180,0,0,1098996
0,0,0,0.5,-0.221435,180,0,0,1099013
0,0,0,0.5,-0.221435,180,0,0,1099031
0,0,0,0.5,-0.221435,180,0,0,1099048
0,0,0,0.5,-0.221435,180,0,0,1099065
0,0,0,0.5,-0.221435,180,0,0,1099081
0,0,0,0.5,-0.221435,180,0,0,1099098
0,0,0,0.5,-0.221435,180,0,0,1099114
0,0,0,0.5,-0.221435,180,0,0,1099132
0,0,0,0.5,-0.221435,180,0,0,1099147
0,0,0,0.5,-0.221435,180,0,0,1099163
0,0,0,0.5,-0.221435,180,0,0,1099180
0,0,0,0.5,-0.221435,180,0,0,1099198
0,0,0,0.5,-0.221435,180,0,0,1099213
0,0,0,0.5,-0.221435,180,0,0,1099233
0,1,0,0.5,-0.2213,180,0,0,1099249
0,0,0,0.5,-0.2213,180,0,0,1099265
0,0,0,0.5,-0.2213,180,0,0,1099281
0,0,0,0.5,-0.2213,180,0,0,1099298
0,0,0,0.5,-0.2213,180,0,0,1099314
0,0,0,0.5,-0.2213,180,0,0,1099331
0,0,0,0.5,-0.2213,180,0,0,1099347
0,0,0,0.5,-0.2213,180,0,0,1099364
0,0,0,0.5,-0.2213,180,0,0,1099380
0,0,0,0.5,-0.2213,180,0,0,1099399
0,0,0,0.5,-0.2213,180,0,0,1099415
0,0,0,0.5,-0.2213,180,0,0,1099432
0,0,0,0.5,-0.2213,180,0,0,1099447
0,0,0,0.5,-0.2213,180,0,0,1099464
0,0,0,0.5,-0.2213,180,0,0,1099481
0,0,0,0.5,-0.2213,180,0,0,1099498
0,0,0,0.5,-0.2213,180,0,0,1099514
0,0,0,0.5,-0.2213,180,0,0,1099531
0,0,0,0.5,-0.2213,180,0,0,1099548
0,0,0,0.5,-0.2213,180,0,0,1099564
0,0,0,0.5,-0.2213,180,0,0,1099581
0,0,0,0.5,-0.2213,180,0,0,1099598
0,0,0,0.5,-0.2213,180,0,0,1099614
0,0,0,0.5,-0.2213,180,0,0,1099631
0,0,0,0.5,-0.2213,180,0,0,1099649
0,0,0,0.5,-0.2213,180,0,0,1099665
0,0,0,0.5,-0.2213,180,0,0,1099681
0,0,0,0.5,-0.2213,180,0,0,1099699
0,0,0,0.5,-0.2213,180,0,0,1099715
0,0,0,0.5,-0.2213,180,0,0,1099732
0,0,0,0.5,-0.2213,180,0,0,1099748
0,0,0,0.5,-0.2213,180,0,0,1099765
0,0,0,0.5,-0.2213,180,0,0,1099781
0,0,0,0.5,-0.2213,180,0,0,1099798
0,0,0,0.5,-0.2213,180,0,0,1099815
0,0,0,0.5,-0.2213,180,0,0,1099832
0,1,0,0.5,-0.221165,180,0,0,1099849
0,0,0,0.5,-0.221165,180,0,0,1099865
0,0,0,0.5,-0.221165,180,0,0,1099882
0,0,0,0.5,-0.221165,180,0,0,1099899
0,0,0,0.5,-0.221165,180,0,0,1099916
0,0,0,0.5,-0.221165,180,0,0,1099932
0,0,0,0.5,-0.221165,180,0,0,1099948
0,0,0,0.5,-0.221165,180,0,0,1099965
0,0,0,0.5,-0.221165,180,0,0,1099982
0,0,0,0.5,-0.221165,180,0,0,1099998
0,0,0,0.5,-0.221165,180,0,0,1100015
0,0,0,0.5,-0.221165,180,0,0,1100034
0,0,0,0.5,-0.221165,180,0,0,1100049
0,0,0,0.5,-0.221165,180,0,0,1100065
0,0,0,0.5,-0.221165,180,0,0,1100082
0,0,0,0.5,-0.221165,180,0,0,1100099
0,0,0,0.5,-0.221165,180,0,0,1100117
0,0,0,0.5,-0.221165,180,0,0,1100132
0,0,0,0.5,-0.221165,180,0,0,1100149
0,0,0,0.5,-0.221165,180,0,0,1100165
0,0,0,0.5,-0.221165,180,0,0,1100183
0,0,0,0.5,-0.221165,180,0,0,1100200
0,0,0,0.5,-0.221165,180,0,0,1100216
0,0,0,0.5,-0.221165,180,0,0,1100232
0,0,0,0.5,-0.221165,180,0,0,1100249
0,0,0,0.5,-0.221165,180,0,0,1100266
0,0,0,0.5,-0.221165,180,0,0,1100282
0,0,0,0.5,-0.221165,180,0,0,1100299
0,0,0,0.5,-0.221165,180,0,0,1100316
0,0,0,0.5,-0.221165,180,0,0,1100332
0,0,0,0.5,-0.221165,180,0,0,1100349
0,0,0,0.5,-0.221165,180,0,0,1100366
0,0,0,0.5,-0.221165,180,0,0,1100383
0,0,0,0.5,-0.221165,180,0,0,1100399
0,0,0,0.5,-0.221165,180,0,0,1100416
0,0,0,0.5,-0.221165,180,0,0,1100432
0,0,0,0.5,-0.221165,180,0,0,1100449
0,0,0,0.5,-0.221165,180,0,0,1100466
0,0,0,0.5,-0.221165,180,0,0,1100483
0,0,0,0.5,-0.221165,180,0,0,1100499
0,0,0,0.5,-0.221165,180,0,0,1100517
0,0,0,0.5,-0.221165,180,0,0,1100533
0,0,0,0.5,-0.221165,180,0,0,1100549
0,0,0,0.5,-0.221165,180,0,0,1100566
0,0,0,0.5,-0.221165,180,0,0,1100583
0,0,0,0.5,-0.221165,180,0,0,1100600
0,0,0,0.5,-0.221165,180,0,0,1100616
0,0,0,0.5,-0.221165,180,0,0,1100633
0,0,0,0.5,-0.221165,180,0,0,1100649
0,0,0,0.5,-0.221165,180,0,0,1100667
0,0,0,0.5,-0.221165,180,0,0,1100683
0,0,0,0.5,-0.221165,180,0,0,1100700
0,1,0,0.5,-0.22103,180,0,0,1100717
0,0,0,0.5,-0.22103,180,0,0,1100733
0,0,0,0.5,-0.22103,180,0,0,1100750
0,0,0,0.5,-0.22103,180,0,0,1100768
0,0,0,0.5,-0.22103,180,0,0,1100784
0,0,0,0.5,-0.22103,180,0,0,1100800
0,0,0,0.5,-0.22103,180,0,0,1100817
0,0,0,0.5,-0.22103,180,0,0,1100833
0,0,0,0.5,-0.22103,180,0,0,1100850
0,0,0,0.5,-0.22103,180,0,0,1100867
0,0,0,0.5,-0.22103,180,0,0,1100886
0,0,0,0.5,-0.22103,180,0,0,1100902
0,0,0,0.5,-0.22103,180,0,0,1100917
0,0,0,0.5,-0.22103,180,0,0,1100933
0,0,0,0.5,-0.22103,180,0,0,1100950
0,0,0,0.5,-0.22103,180,0,0,1100968
0,1,0,0.5,-0.220895,180,0,0,1100984
0,4,0,0.5,-0.220355,180,0,0,1101000
0,5,0,0.5,-0.21968,180,0,0,1101017
0,8,0,0.5,-0.2186,180,0,0,1101034
0,9,0,0.5,-0.217385,180,0,0,1101051
0,11,0,0.5,-0.2159,180,0,0,1101069
0,11,0,0.5,-0.214415,180,0,0,1101084
0,12,0,0.5,-0.212795,180,0,0,1101101
0,11,0,0.5,-0.21131,180,0,0,1101118
0,13,-1,0.5,-0.209555,180,0,0,1101135
0,29,-2,0.5,-0.20564,180,0,0,1101154
0,15,-1,0.5,-0.203615,180,0,0,1101169
0,15,0,0.5,-0.20159,180,0,0,1101185
0,15,0,0.5,-0.199565,180,0,0,1101203
0,15,0,0.5,-0.19754,180,0,0,1101220
0,15,0,0.5,-0.195515,180,0,0,1101235
0,14,0,0.5,-0.193625,180,0,0,1101252
0,12,0,0.5,-0.192005,180,0,0,1101269
0,12,1,0.5,-0.190385,180,0,0,1101285
0,11,1,0.5,-0.1889,180,0,0,1101302
0,11,1,0.5,-0.187415,180,0,0,1101322
0,13,2,0.5,-0.18566,180,0,0,1101336
0,13,2,0.5,-0.183905,180,0,0,1101352
0,14,2,0.5,-0.182015,180,0,0,1101369
0,15,2,0.5,-0.17999,180,0,0,1101386
0,14,3,0.5,-0.1781,180,0,0,1101403
0,14,3,0.5,-0.17621,180,0,0,1101420
0,13,3,0.5,-0.174455,180,0,0,1101436
0,13,2,0.5,-0.1727,180,0,0,1101453
0,12,1,0.5,-0.17108,180,0,0,1101469
0,11,0,0.5,-0.169595,180,0,0,1101485
0,12,0,0.5,-0.167975,180,0,0,1101502
0,21,0,0.5,-0.16514,180,0,0,1101521
0,10,0,0.5,-0.16379,180,0,0,1101537
0,10,0,0.5,-0.16244,180,0,0,1101552
0,10,0,0.5,-0.16109,180,0,0,1101569
0,12,0,0.5,-0.15947,180,0,0,1101586
0,14,0,0.5,-0.15758,180,0,0,1101601
0,16,0,0.5,-0.15542,180,0,0,1101618
0,17,0,0.5,-0.153125,180,0,0,1101635
0,19,-2,0.5,-0.15056,180,0,0,1101652
0,18,-2,0.5,-0.14813,180,0,0,1101669
0,17,-3,0.5,-0.145835,180,0,0,1101688
0,16,-2,0.5,-0.143675,180,0,0,1101703
0,14,-2,0.5,-0.141785,180,0,0,1101720
0,12,-2,0.5,-0.140165,180,0,0,1101741
0,12,-2,0.5,-0.138545,180,0,0,1101758
0,12,-2,0.5,-0.136925,180,0,0,1101770
0,11,-2,0.5,-0.13544,180,0,0,1101789
0,11,-2,0.5,-0.133955,180,0,0,1101802
0,8,-1,0.5,-0.132875,180,0,0,1101821
0,9,-1,0.5,-0.13166,180,0,0,1101839
0,6,0,0.5,-0.13085,180,0,0,1101852
0,11,0,0.5,-0.129365,180,0,0,1101870
0,3,0,0.5,-0.12896,180,0,0,1101886
0,0,0,0.5,-0.12896,180,0,0,1101902
0,0,0,0.5,-0.12896,180,0,0,1101919
0,-9,0,0.5,-0.130175,180,0,0,1101940
0,-9,0,0.5,-0.13139,180,0,0,1101953
0,-12,1,0.5,-0.13301,180,0,0,1101971
0,-13,1,0.5,-0.134765,180,0,0,1101987
0,-15,2,0.5,-0.13679,180,0,0,1102008
0,-14,1,0.5,-0.13868,180,0,0,1102019
0,-10,1,0.5,-0.14003,180,0,0,1102036
0,-7,2,0.5,-0.140975,180,0,0,1102055
0,-5,1,0.5,-0.14165,180,0,0,1102070
0,-2,2,0.5,-0.14192,180,0,0,1102088
0,-2,1,0.5,-0.14219,180,0,0,1102103
0,-5,1,0.5,-0.142865,180,0,0,1102120
0,-5,0,0.5,-0.14354,180,0,0,1102136
0,-7,0,0.5,-0.144485,180,0,0,1102153
0,-5,-1,0.5,-0.14516,180,0,0,1102169
0,-6,-1,0.5,-0.14597,180,0,0,1102188
0,-4,-2,0.5,-0.14651,180,0,0,1102206
0,-3,-3,0.5,-0.146915,180,0,0,1102221
0,-1,-2,0.5,-0.14705,180,0,0,1102240
0,-1,-2,0.5,-0.147185,180,0,0,1102261
0,4,-4,0.5,-0.146645,180,0,0,1102276
0,0,0,0.5,-0.146645,180,0,0,1102288
0,0,-2,0.5,-0.146645,180,0,0,1102304
0,0,0,0.5,-0.146645,180,0,0,1102320
0,-2,0,0.5,-0.146915,180,0,0,1102337
0,-3,0,0.5,-0.14732,180,0,0,1102355
0,-2,0,0.5,-0.14759,180,0,0,1102371
0,-3,0,0.5,-0.147995,180,0,0,1102389
0,-2,0,0.5,-0.148265,180,0,0,1102403
0,-4,0,0.5,-0.148805,180,0,0,1102421
0,-3,0,0.5,-0.14921,180,0,0,1102438
0,-4,0,0.5,-0.14975,180,0,0,1102453
0,-3,0,0.5,-0.150155,180,0,0,1102470
0,-2,0,0.5,-0.150425,180,0,0,1102488
0,-1,0,0.5,-0.15056,180,0,0,1102504
0,-1,0,0.5,-0.150695,180,0,0,1102521
0,0,0,0.5,-0.150695,180,0,0,1102537
0,0,0,0.5,-0.150695,180,0,0,1102554
0,0,-1,0.5,-0.150695,180,0,0,1102570
0,1,0,0.5,-0.15056,180,0,0,1102587
0,0,-1,0.5,-0.15056,180,0,0,1102604
0,1,-1,0.5,-0.150425,180,0,0,1102621
0,1,-1,0.5,-0.15029,180,0,0,1102638
0,0,-1,0.5,-0.15029,180,0,0,1102654
0,0,-1,0.5,-0.15029,180,0,0,1102671
0,0,0,0.5,-0.15029,180,0,0,1102688
0,0,0,0.5,-0.15029,180,0,0,1102704
0,4,1,0.5,-0.14975,180,0,0,1102721
0,2,1,0.5,-0.14948,180,0,0,1102738
0,0,1,0.5,-0.14948,180,0,0,1102754
0,-4,0,0.5,-0.15002,180,0,0,1102771
0,-5,0,0.5,-0.150695,180,0,0,1102787
0,-5,0,0.5,-0.15137,180,0,0,1102804
0,-4,0,0.5,-0.15191,180,0,0,1102824
0,-3,0,0.5,-0.152315,180,0,0,1102838
0,0,0,0.5,-0.152315,180,0,0,1102855
0,0,-1,0.5,-0.152315,180,0,0,1102872
0,1,0,0.5,-0.15218,180,0,0,1102887
0,3,0,0.5,-0.151775,180,0,0,1102905
0,2,-1,0.5,-0.151505,180,0,0,1102922
0,2,-2,0.5,-0.151235,180,0,0,1102939
0,1,-2,0.5,-0.1511,180,0,0,1102955
0,0,-2,0.5,-0.1511,180,0,0,1102972
0,0,-2,0.5,-0.1511,180,0,0,1102988
0,-1,-2,0.5,-0.151235,180,0,0,1103008
0,-3,-4,0.5,-0.15164,180,0,0,1103027
0,-1,-1,0.5,-0.151775,180,0,0,1103042
0,-1,-2,0.5,-0.15191,180,0,0,1103058
0,-1,-2,0.5,-0.152045,180,0,0,1103073
0,0,-1,0.5,-0.152045,180,0,0,1103092
0,0,-2,0.5,-0.152045,180,0,0,1103109
0,0,-2,0.5,-0.152045,180,0,0,1103125
0,0,-1,0.5,-0.152045,180,0,0,1103142
0,0,-1,0.5,-0.152045,180,0,0,1103156
0,1,-2,0.5,-0.15191,180,0,0,1103171
0,0,-1,0.5,-0.15191,180,0,0,1103189
0,0,-1,0.5,-0.15191,180,0,0,1103205
0,-1,-1,0.5,-0.152045,180,0,0,1103223
0,-2,-1,0.5,-0.152315,180,0,0,1103240
0,-3,0,0.5,-0.15272,180,0,0,1103255
0,-2,0,0.5,-0.15299,180,0,0,1103272
0,-1,-1,0.5,-0.153125,180,0,0,1103289
0,-1,-1,0.5,-0.15326,180,0,0,1103305
0,-1,0,0.5,-0.153395,180,0,0,1103323
0,0,-1,0.5,-0.153395,180,0,0,1103339
0,-1,-1,0.5,-0.15353,180,0,0,1103356
0,0,-1,0.5,-0.15353,180,0,0,1103372
0,0,-2,0.5,-0.15353,180,0,0,1103392
0,0,0,0.5,-0.15353,180,0,0,1103405
0,1,-1,0.5,-0.153395,180,0,0,1103422
0,0,0,0.5,-0.153395,180,0,0,1103442
0,0,1,0.5,-0.153395,180,0,0,1103457
0,0,1,0.5,-0.153395,180,0,0,1103473
0,-1,2,0.5,-0.15353,180,0,0,1103489
0,0,1,0.5,-0.15353,180,0,0,1103507
0,0,1,0.5,-0.15353,180,0,0,1103526
0,1,0,0.5,-0.153395,180,0,0,1103539
0,1,0,0.5,-0.15326,180,0,0,1103555
0,0,0,0.5,-0.15326,180,0,0,1103572
0,2,-1,0.5,-0.15299,180,0,0,1103591
0,1,-1,0.5,-0.152855,180,0,0,1103606
0,2,-1,0.5,-0.152585,180,0,0,1103625
0,1,-2,0.5,-0.15245,180,0,0,1103640
0,2,-1,0.5,-0.15218,180,0,0,1103657
0,1,-1,0.5,-0.152045,180,0,0,1103675
0,4,-2,0.5,-0.151505,180,0,0,1103690
0,4,-1,0.5,-0.150965,180,0,0,1103707
0,3,-2,0.5,-0.15056,180,0,0,1103724
0,4,-2,0.5,-0.15002,180,0,0,1103740
0,3,-1,0.5,-0.149615,180,0,0,1103759
0,5,-2,0.5,-0.14894,180,0,0,1103774
0,13,-4,0.5,-0.147185,180,0,0,1103791
0,7,-2,0.5,-0.14624,180,0,0,1103808
0,8,-3,0.5,-0.14516,180,0,0,1103830
0,9,-2,0.5,-0.143945,180,0,0,1103846
0,9,-3,0.5,-0.14273,180,0,0,1103860
0,7,-3,0.5,-0.141785,180,0,0,1103873
0,9,-2,0.5,-0.14057,180,0,0,1103892
0,11,-3,0.5,-0.139085,180,0,0,1103909
0,10,-3,0.5,-0.137735,180,0,0,1103925
0,11,-3,0.5,-0.13625,180,0,0,1103943
0,10,-3,0.5,-0.1349,180,0,0,1103960
0,12,-4,0.5,-0.13328,180,0,0,1103977
0,13,-4,0.5,-0.131525,180,0,0,1103991
0,11,-4,0.5,-0.13004,180,0,0,1104011
0,14,-5,0.5,-0.12815,180,0,0,1104030
0,15,-5,0.5,-0.126125,180,0,0,1104043
0,14,-5,0.5,-0.124235,180,0,0,1104059
0,14,-4,0.5,-0.122345,180,0,0,1104076
0,15,-4,0.5,-0.12032,180,0,0,1104093
0,17,-4,0.5,-0.118025,180,0,0,1104111
0,17,-5,0.5,-0.11573,180,0,0,1104127
0,16,-5,0.5,-0.11357,180,0,0,1104142
0,28,-13,0.5,-0.10979,180,0,0,1104162
0,12,-8,0.5,-0.10817,180,0,0,1104176
0,0,0,0.5,-0.10817,180,0,0,1104192
0,24,-17,0.5,-0.10493,180,0,0,1104213
0,12,-8,0.5,-0.10331,180,0,0,1104228
0,13,-8,0.5,-0.101555,180,0,0,1104242
0,15,-8,0.5,-0.09953,180,0,0,1104264
0,15,-7,0.5,-0.097505,180,0,0,1104276
0,16,-7,0.5,-0.095345,180,0,0,1104295
0,17,-8,0.5,-0.09305,180,0,0,1104314
0,17,-7,0.5,-0.090755,180,0,0,1104328
0,20,-7,0.5,-0.088055,180,0,0,1104342
0,18,-6,0.5,-0.085625,180,0,0,1104361
0,18,-5,0.5,-0.083195,180,0,0,1104381
0,18,-5,0.5,-0.080765,180,0,0,1104396
0,15,-4,0.5,-0.07874,180,0,0,1104412
0,16,-5,0.5,-0.07658,180,0,0,1104426
0,15,-5,0.5,-0.074555,180,0,0,1104446
0,14,-5,0.5,-0.072665,180,0,0,1104460
0,17,-10,0.5,-0.07037,180,0,0,1104486
0,8,-6,0.5,-0.06929,180,0,0,1104497
0,0,0,0.5,-0.06929,180,0,0,1104508
0,14,-13,0.5,-0.0674,180,0,0,1104532
0,7,-6,0.5,-0.066455,180,0,0,1104545
0,0,0,0.5,-0.066455,180,0,0,1104557
0,18,-11,0.5,-0.064025,180,0,0,1104578
0,10,-5,0.5,-0.062675,180,0,0,1104593
0,10,-5,0.5,-0.061325,180,0,0,1104609
0,11,-6,0.5,-0.05984,180,0,0,1104627
0,10,-5,0.5,-0.05849,180,0,0,1104645
0,8,-6,0.5,-0.05741,180,0,0,1104660
0,7,-6,0.5,-0.056465,180,0,0,1104682
0,5,-6,0.5,-0.05579,180,0,0,1104694
0,5,-6,0.5,-0.055115,180,0,0,1104711
0,4,-6,0.5,-0.054575,180,0,0,1104731
0,3,-5,0.5,-0.05417,180,0,0,1104743
0,5,-5,0.5,-0.053495,180,0,0,1104759
0,6,-5,0.5,-0.052685,180,0,0,1104778
0,9,-5,0.5,-0.05147,180,0,0,1104797
0,10,-4,0.5,-0.05012,180,0,0,1104814
0,11,-4,0.5,-0.048635,180,0,0,1104827
0,12,-4,0.5,-0.047015,180,0,0,1104844
0,10,-5,0.5,-0.045665,180,0,0,1104863
0,9,-6,0.5,-0.04445,180,0,0,1104879
0,17,-16,0.5,-0.042155,180,0,0,1104900
0,0,0,0.5,-0.042155,180,0,0,1104910
0,10,-8,0.5,-0.040805,180,0,0,1104927
0,21,-14,0.5,-0.03797,180,0,0,1104947
0,9,-8,0.5,-0.036755,180,0,0,1104961
0,7,-7,0.5,-0.03581,180,0,0,1104977
0,7,-7,0.5,-0.034865,180,0,0,1104994
0,6,-8,0.5,-0.034055,180,0,0,1105013
0,7,-8,0.5,-0.03311,180,0,0,1105031
0,6,-8,0.5,-0.0323,180,0,0,1105046
0,4,-7,0.5,-0.03176,180,0,0,1105061
0,1,-7,0.5,-0.031625,180,0,0,1105079
0,-1,-6,0.5,-0.03176,180,0,0,1105095
0,-5,-4,0.5,-0.032435,180,0,0,1105114
0,-6,-4,0.5,-0.033245,180,0,0,1105130
0,-13,-2,0.5,-0.035,180,0,0,1105143
0,-15,-2,0.5,-0.037025,180,0,0,1105160
0,-19,-2,0.5,-0.03959,180,0,0,1105179
0,-18,-2,0.5,-0.04202,180,0,0,1105196
0,-18,-2,0.5,-0.04445,180,0,0,1105210
0,-18,-3,0.5,-0.04688,180,0,0,1105227
0,-16,-3,0.5,-0.04904,180,0,0,1105243
0,-15,-3,0.5,-0.051065,180,0,0,1105260
0,-12,-4,0.5,-0.052685,180,0,0,1105279
0,-11,-4,0.5,-0.05417,180,0,0,1105297
0,-5,-4,0.5,-0.054845,180,0,0,1105311
0,0,-7,0.5,-0.054845,180,0,0,1105329
0,7,-3,0.5,-0.0539,180,0,0,1105345
0,10,-2,0.5,-0.05255,180,0,0,1105360
0,10,-2,0.5,-0.0512,180,0,0,1105377
0,10,-1,0.5,-0.04985,180,0,0,1105399
0,11,-1,0.5,-0.048365,180,0,0,1105410
0,9,0,0.5,-0.04715,180,0,0,1105427
0,9,0,0.5,-0.045935,180,0,0,1105444
0,8,0,0.5,-0.044855,180,0,0,1105460
0,7,1,0.5,-0.04391,180,0,0,1105478
0,8,2,0.5,-0.04283,180,0,0,1105496
0,9,3,0.5,-0.041615,180,0,0,1105511
0,11,3,0.5,-0.04013,180,0,0,1105529
0,11,2,0.5,-0.038645,180,0,0,1105544
0,10,0,0.5,-0.037295,180,0,0,1105560
0,7,-1,0.5,-0.03635,180,0,0,1105580
0,5,-3,0.5,-0.035675,180,0,0,1105594
0,1,-4,0.5,-0.03554,180,0,0,1105611
0,-4,-7,0.5,-0.03608,180,0,0,1105628
0,-5,-8,0.5,-0.036755,180,0,0,1105647
0,-5,-9,0.5,-0.03743,180,0,0,1105664
0,-5,-9,0.5,-0.038105,180,0,0,1105682
0,-3,-7,0.5,-0.03851,180,0,0,1105696
0,1,-10,0.5,-0.038375,180,0,0,1105712
0,5,-4,0.5,-0.0377,180,0,0,1105730
0,5,-3,0.5,-0.037025,180,0,0,1105746
0,4,-1,0.5,-0.036485,180,0,0,1105762
0,4,-1,0.5,-0.035945,180,0,0,1105779
0,2,0,0.5,-0.035675,180,0,0,1105796
0,1,2,0.5,-0.03554,180,0,0,1105813
0,1,2,0.5,-0.035405,180,0,0,1105829
0,-1,3,0.5,-0.03554,180,0,0,1105845
0,0,3,0.5,-0.03554,180,0,0,1105862
0,-2,3,0.5,-0.03581,180,0,0,1105887
0,-3,3,0.5,-0.036215,180,0,0,1105896
0,-4,3,0.5,-0.036755,180,0,0,1105913
0,-4,2,0.5,-0.037295,180,0,0,1105928
0,-3,1,0.5,-0.0377,180,0,0,1105950
0,-4,0,0.5,-0.03824,180,0,0,1105961
0,-2,0,0.5,-0.03851,180,0,0,1105979
0,0,-1,0.5,-0.03851,180,0,0,1105995
0,2,-2,0.5,-0.03824,180,0,0,1106011
0,4,-3,0.5,-0.0377,180,0,0,1106029
0,7,-3,0.5,-0.036755,180,0,0,1106048
0,10,-2,0.5,-0.035405,180,0,0,1106064
0,20,-1,0.5,-0.032705,180,0,0,1106079
0,13,0,0.5,-0.03095,180,0,0,1106097
0,15,0,0.5,-0.028925,180,0,0,1106112
0,16,0,0.5,-0.026765,180,0,0,1106129
0,17,1,0.5,-0.02447,180,0,0,1106151
0,16,1,0.5,-0.02231,180,0,0,1106162
0,15,2,0.5,-0.020285,180,0,0,1106183
0,15,1,0.5,-0.01826,180,0,0,1106196
0,16,1,0.5,-0.0161,180,0,0,1106211
0,17,1,0.5,-0.013805,180,0,0,1106233
0,17,0,0.5,-0.01151,180,0,0,1106250
0,17,0,0.5,-0.009215,180,0,0,1106263
0,16,-1,0.5,-0.007055,180,0,0,1106278
0,14,-2,0.5,-0.005165,180,0,0,1106297
0,15,-3,0.5,-0.00314,180,0,0,1106312
0,13,-4,0.5,-0.001385,180,0,0,1106331
0,11,-5,0.5,0.0001,180,0,0,1106346
0,10,-6,0.5,0.00145,180,0,0,1106364
0,8,-6,0.5,0.00253,180,0,0,1106384
0,12,-13,0.5,0.00415,180,0,0,1106411
0,6,-6,0.5,0.00496,180,0,0,1106422
0,0,0,0.5,0.00496,180,0,0,1106428
0,10,-11,0.5,0.00631,180,0,0,1106452
0,6,-5,0.5,0.00712,180,0,0,1106465
0,8,-5,0.5,0.0082,180,0,0,1106482
0,12,-4,0.5,0.00982,180,0,0,1106498
0,12,-3,0.5,0.01144,180,0,0,1106512
0,10,-3,0.5,0.01279,180,0,0,1106530
0,12,-2,0.5,0.01441,180,0,0,1106545
0,11,-2,0.5,0.015895,180,0,0,1106562
0,13,-1,0.5,0.01765,180,0,0,1106584
0,15,-1,0.5,0.019675,180,0,0,1106597
0,15,0,0.5,0.0217,180,0,0,1106613
0,15,-1,0.5,0.023725,180,0,0,1106629
0,15,-1,0.5,0.02575,180,0,0,1106648
0,16,-2,0.5,0.02791,180,0,0,1106666
0,17,-3,0.5,0.030205,180,0,0,1106682
0,16,-4,0.5,0.032365,180,0,0,1106698
0,18,-4,0.5,0.034795,180,0,0,1106714
0,16,-5,0.5,0.036955,180,0,0,1106731
0,14,-5,0.5,0.038845,180,0,0,1106748
0,15,-4,0.5,0.04087,180,0,0,1106764
0,14,-4,0.5,0.04276,180,0,0,1106782
0,15,-5,0.5,0.044785,180,0,0,1106797
0,13,-5,0.5,0.04654,180,0,0,1106815
0,21,-15,0.5,0.049375,180,0,0,1106835
0,7,-9,0.5,0.05032,180,0,0,1106850
0,7,-9,0.5,0.051265,180,0,0,1106873
0,6,-8,0.5,0.052075,180,0,0,1106882
0,6,-7,0.5,0.052885,180,0,0,1106900
0,8,-8,0.5,0.053965,180,0,0,1106915
0,12,-7,0.5,0.055585,180,0,0,1106934
0,15,-6,0.5,0.05761,180,0,0,1106950
0,18,-6,0.5,0.06004,180,0,0,1106965
0,19,-5,0.5,0.062605,180,0,0,1106982
0,23,-7,0.5,0.06571,180,0,0,1106998
0,23,-6,0.5,0.068815,180,0,0,1107014
0,24,-6,0.5,0.072055,180,0,0,1107035
0,23,-6,0.5,0.07516,180,0,0,1107051
0,22,-4,0.5,0.07813,180,0,0,1107069
0,19,-4,0.5,0.080695,180,0,0,1107081
0,20,-5,0.5,0.083395,180,0,0,1107098
0,18,-6,0.5,0.085825,180,0,0,1107116
0,17,-6,0.5,0.08812,180,0,0,1107132
0,15,-7,0.5,0.090145,180,0,0,1107152
0,13,-7,0.5,0.0919,180,0,0,1107165
0,11,-8,0.5,0.093385,180,0,0,1107182
0,11,-9,0.5,0.09487,180,0,0,1107202
0,12,-9,0.5,0.09649,180,0,0,1107218
0,30,-17,0.5,0.10054,180,0,0,1107239
0,16,-7,0.5,0.1027,180,0,0,1107250
0,18,-7,0.5,0.10513,180,0,0,1107267
0,19,-7,0.5,0.107695,180,0,0,1107282
0,20,-7,0.5,0.110395,180,0,0,1107300
0,21,-7,0.5,0.11323,180,0,0,1107315
0,21,-6,0.5,0.116065,180,0,0,1107337
0,21,-5,0.5,0.1189,180,0,0,1107351
0,21,-5,0.5,0.121735,180,0,0,1107365
0,22,-6,0.5,0.124705,180,0,0,1107381
0,21,-7,0.5,0.12754,180,0,0,1107400
0,23,-9,0.5,0.130645,180,0,0,1107419
0,23,-9,0.5,0.13375,180,0,0,1107439
0,22,-10,0.5,0.13672,180,0,0,1107453
0,21,-10,0.5,0.139555,180,0,0,1107467
0,18,-10,0.5,0.141985,180,0,0,1107483
0,17,-10,0.5,0.14428,180,0,0,1107501
0,15,-8,0.5,0.146305,180,0,0,1107520
0,17,-8,0.5,0.1486,180,0,0,1107536
0,16,-7,0.5,0.15076,180,0,0,1107551
0,19,-8,0.5,0.153325,180,0,0,1107566
0,38,-11,0.5,0.158455,180,0,0,1107588
0,20,-6,0.5,0.161155,180,0,0,1107601
0,0,-6,0.5,0.161155,180,0,0,1107617
0,39,-13,0.5,0.16642,180,0,0,1107638
0,17,-8,0.5,0.168715,180,0,0,1107653
0,17,-9,0.5,0.17101,180,0,0,1107670
0,15,-10,0.5,0.173035,180,0,0,1107684
0,14,-11,0.5,0.174925,180,0,0,1107704
0,14,-11,0.5,0.176815,180,0,0,1107721
0,14,-11,0.5,0.178705,180,0,0,1107734
0,14,-10,0.5,0.180595,180,0,0,1107752
0,13,-9,0.5,0.18235,180,0,0,1107770
0,13,-9,0.5,0.184105,180,0,0,1107783
0,13,-8,0.5,0.18586,180,0,0,1107802
0,12,-8,0.5,0.18748,180,0,0,1107817
0,12,-8,0.5,0.1891,180,0,0,1107837
0,13,-8,0.5,0.190855,180,0,0,1107852
0,13,-8,0.5,0.19261,180,0,0,1107867
0,13,-7,0.5,0.194365,180,0,0,1107883
0,13,-7,0.5,0.19612,180,0,0,1107901
0,14,-7,0.5,0.19801,180,0,0,1107916
0,13,-8,0.5,0.199765,180,0,0,1107933
0,11,-9,0.5,0.20125,180,0,0,1107951
0,15,-21,0.5,0.203275,180,0,0,1107976
0,7,-12,0.5,0.20422,180,0,0,1107992
0,7,-11,0.5,0.205165,180,0,0,1108004
0,7,-11,0.5,0.20611,180,0,0,1108019
0,8,-10,0.5,0.20719,180,0,0,1108037
0,9,-8,0.5,0.208405,180,0,0,1108055
0,10,-8,0.5,0.209755,180,0,0,1108070
0,11,-8,0.5,0.21124,180,0,0,1108083
0,10,-8,0.5,0.21259,180,0,0,1108102
0,12,-9,0.5,0.21421,180,0,0,1108120
0,11,-9,0.5,0.215695,180,0,0,1108135
0,13,-8,0.5,0.21745,180,0,0,1108151
0,12,-8,0.5,0.21907,180,0,0,1108167
0,13,-7,0.5,0.220825,180,0,0,1108188
0,14,-7,0.5,0.222715,180,0,0,1108201
0,14,-7,0.5,0.224605,180,0,0,1108218
0,13,-9,0.5,0.22636,180,0,0,1108234
0,10,-10,0.5,0.22771,180,0,0,1108256
0,9,-11,0.5,0.228925,180,0,0,1108272
0,8,-12,0.5,0.230005,180,0,0,1108286
0,8,-12,0.5,0.231085,180,0,0,1108304
0,20,-24,0.5,0.233785,180,0,0,1108327
0,13,-11,0.5,0.23554,180,0,0,1108342
0,14,-10,0.5,0.23743,180,0,0,1108358
0,0,0,0.5,0.23743,180,0,0,1108365
0,13,-10,0.5,0.239185,180,0,0,1108389
0,30,-18,0.5,0.243235,180,0,0,1108410
0,15,-9,0.5,0.24526,180,0,0,1108421
0,16,-8,0.5,0.24742,180,0,0,1108439
0,15,-8,0.5,0.249445,180,0,0,1108453
0,15,-7,0.5,0.25147,180,0,0,1108471
0,13,-6,0.5,0.253225,180,0,0,1108485
0,14,-7,0.5,0.255115,180,0,0,1108503
0,13,-8,0.5,0.25687,180,0,0,1108520
0,13,-10,0.5,0.258625,180,0,0,1108538
0,11,-11,0.5,0.26011,180,0,0,1108552
0,10,-12,0.5,0.26146,180,0,0,1108577
0,11,-12,0.5,0.262945,180,0,0,1108590
0,12,-13,0.5,0.264565,180,0,0,1108613
0,14,-13,0.5,0.266455,180,0,0,1108625
0,14,-12,0.5,0.268345,180,0,0,1108640
0,13,-11,0.5,0.2701,180,0,0,1108652
0,13,-10,0.5,0.271855,180,0,0,1108669
0,14,-11,0.5,0.273745,180,0,0,1108689
0,12,-11,0.5,0.275365,180,0,0,1108704
0,21,-21,0.5,0.2782,180,0,0,1108727
0,0,0,0.5,0.2782,180,0,0,1108733
0,19,-10,0.5,0.280765,180,0,0,1108754
0,9,-15,0.5,0.28198,180,0,0,1108772
0,11,-7,0.5,0.283465,180,0,0,1108786
0,13,-8,0.5,0.28522,180,0,0,1108802
0,14,-9,0.5,0.28711,180,0,0,1108818
0,16,-11,0.5,0.28927,180,0,0,1108839
0,16,-12,0.5,0.29143,180,0,0,1108859
0,14,-13,0.5,0.29332,180,0,0,1108872
0,17,-14,0.5,0.295615,180,0,0,1108890
0,17,-14,0.5,0.29791,180,0,0,1108905
0,15,-12,0.5,0.299935,180,0,0,1108923
0,16,-11,0.5,0.302095,180,0,0,1108941
0,18,-11,0.5,0.304525,180,0,0,1108953
0,18,-12,0.5,0.306955,180,0,0,1108970
0,17,-11,0.5,0.30925,180,0,0,1108989
0,18,-12,0.5,0.31168,180,0,0,1109003
0,16,-11,0.5,0.31384,180,0,0,1109020
0,15,-9,0.5,0.315865,180,0,0,1109040
0,13,-9,0.5,0.31762,180,0,0,1109057
0,11,-9,0.5,0.319105,180,0,0,1109073
0,17,-23,0.5,0.3214,180,0,0,1109095
0,0,0,0.5,0.3214,180,0,0,1109103
0,7,-14,0.5,0.322345,180,0,0,1109123
0,15,-32,0.5,0.32437,180,0,0,1109146
0,10,-15,0.5,0.32572,180,0,0,1109158
0,11,-15,0.5,0.327205,180,0,0,1109177
0,12,-14,0.5,0.328825,180,0,0,1109195
0,13,-13,0.5,0.33058,180,0,0,1109210
0,14,-13,0.5,0.33247,180,0,0,1109225
0,14,-12,0.5,0.33436,180,0,0,1109237
0,16,-12,0.5,0.33652,180,0,0,1109255
0,16,-12,0.5,0.33868,180,0,0,1109271
0,15,-11,0.5,0.340705,180,0,0,1109292
0,13,-9,0.5,0.34246,180,0,0,1109308
0,14,-10,0.5,0.34435,180,0,0,1109320
0,13,-9,0.5,0.346105,180,0,0,1109338
0,13,-10,0.5,0.34786,180,0,0,1109358
0,14,-12,0.5,0.34975,180,0,0,1109374
0,13,-13,0.5,0.351505,180,0,0,1109393
0,14,-15,0.5,0.353395,180,0,0,1109405
0,27,-32,0.5,0.35704,180,0,0,1109450
0,31,-29,0.5,0.361225,180,0,0,1109470
0,16,-13,0.5,0.363385,180,0,0,1109483
0,15,-12,0.5,0.36541,180,0,0,1109505
0,15,-12,0.5,0.367435,180,0,0,1109520
0,17,-12,0.5,0.36973,180,0,0,1109531
0,16,-11,0.5,0.37189,180,0,0,1109546
0,16,-10,0.5,0.37405,180,0,0,1109563
0,16,-9,0.5,0.37621,180,0,0,1109574
0,0,0,0.5,0.37621,180,0,0,1109581
0,16,-8,0.5,0.37837,180,0,0,1109605
0,16,-9,0.5,0.38053,180,0,0,1109619
0,36,-20,0.5,0.38539,180,0,0,1109640
0,18,-15,0.5,0.38782,180,0,0,1109652
0,18,-16,0.5,0.39025,180,0,0,1109670
0,19,-16,0.5,0.392815,180,0,0,1109687
0,19,-16,0.5,0.39538,180,0,0,1109703
0,17,-14,0.5,0.397675,180,0,0,1109721
0,17,-13,0.5,0.39997,180,0,0,1109735
0,19,-12,0.5,0.402535,180,0,0,1109751
0,18,-11,0.5,0.404965,180,0,0,1109768
0,19,-10,0.5,0.40753,180,0,0,1109783
0,23,-11,0.5,0.410635,180,0,0,1109802
0,22,-10,0.5,0.413605,180,0,0,1109819
0,21,-10,0.5,0.41644,180,0,0,1109834
0,21,-8,0.5,0.419275,180,0,0,1109849
0,17,-7,0.5,0.42157,180,0,0,1109867
0,17,-8,0.5,0.423865,180,0,0,1109890
0,15,-9,0.5,0.42589,180,0,0,1109907
0,17,-12,0.5,0.428185,180,0,0,1109922
0,18,-14,0.5,0.430615,180,0,0,1109937
0,18,-15,0.5,0.433045,180,0,0,1109954
0,20,-16,0.5,0.435745,180,0,0,1109969
0,19,-15,0.5,0.43831,180,0,0,1109991
0,19,-14,0.5,0.440875,180,0,0,1110004
0,18,-12,0.5,0.443305,180,0,0,1110019
0,38,-13,0.5,0.448435,180,0,0,1110034
0,23,-22,0.5,0.45154,180,0,0,1110060
0,23,-12,0.5,0.454645,180,0,0,1110073
0,24,-11,0.5,0.457885,180,0,0,1110086
0,23,-9,0.5,0.46099,180,0,0,1110099
0,22,-8,0.5,0.46396,180,0,0,1110118
0,20,-9,0.5,0.46666,180,0,0,1110132
0,20,-9,0.5,0.46936,180,0,0,1110151
0,19,-11,0.5,0.471925,180,0,0,1110171
0,22,-12,0.5,0.474895,180,0,0,1110185
0,21,-12,0.5,0.47773,180,0,0,1110200
0,22,-13,0.5,0.4807,180,0,0,1110217
0,21,-12,0.5,0.483535,180,0,0,1110238
0,20,-11,0.5,0.486235,180,0,0,1110252
0,20,-10,0.5,0.488935,180,0,0,1110268
0,17,-10,0.5,0.49123,180,0,0,1110286
0,16,-10,0.5,0.49339,180,0,0,1110303
0,14,-10,0.5,0.49528,180,0,0,1110320
0,11,-10,0.5,0.496765,180,0,0,1110332
0,9,-9,0.5,0.49798,180,0,0,1110351
0,7,-8,0.5,0.498925,180,0,0,1110367
0,6,-7,0.5,0.499735,180,0,0,1110385
0,6,-7,0.5,0.500545,180,0,0,1110401
0,4,-7,0.5,0.501085,180,0,0,1110419
0,6,-6,0.5,0.501895,180,0,0,1110432
0,16,-15,0.5,0.504055,180,0,0,1110452
0,12,-9,0.5,0.505675,180,0,0,1110470
0,14,-10,0.5,0.507565,180,0,0,1110483
0,16,-10,0.5,0.509725,180,0,0,1110505
0,18,-10,0.5,0.512155,180,0,0,1110523
0,20,-9,0.5,0.514855,180,0,0,1110540
0,20,-8,0.5,0.517555,180,0,0,1110554
0,20,-9,0.5,0.520255,180,0,0,1110570
0,19,-9,0.5,0.52282,180,0,0,1110584
0,16,-9,0.5,0.52498,180,0,0,1110601
0,16,-9,0.5,0.52714,180,0,0,1110620
0,14,-8,0.5,0.52903,180,0,0,1110632
0,13,-8,0.5,0.530785,180,0,0,1110653
0,11,-7,0.5,0.53227,180,0,0,1110666
0,9,-6,0.5,0.533485,180,0,0,1110682
0,9,-6,0.5,0.5347,180,0,0,1110703
0,8,-5,0.5,0.53578,180,0,0,1110715
0,9,-5,0.5,0.536995,180,0,0,1110732
0,10,-6,0.5,0.538345,180,0,0,1110750
0,11,-7,0.5,0.53983,180,0,0,1110767
0,11,-7,0.5,0.541315,180,0,0,1110784
0,12,-7,0.5,0.542935,180,0,0,1110801
0,16,-8,0.5,0.545095,180,0,0,1110817
0,36,-16,0.5,0.549955,180,0,0,1110837
0,21,-8,0.5,0.55279,180,0,0,1110850
0,21,-7,0.5,0.555625,180,0,0,1110867
0,20,-6,0.5,0.558325,180,0,0,1110884
0,18,-6,0.5,0.560755,180,0,0,1110902
0,19,-6,0.5,0.56332,180,0,0,1110915
0,16,-7,0.5,0.56548,180,0,0,1110932
0,17,-7,0.5,0.567775,180,0,0,1110949
0,17,-8,0.5,0.57007,180,0,0,1110966
0,14,-7,0.5,0.57196,180,0,0,1110982
0,11,-6,0.5,0.573445,180,0,0,1111000
0,11,-6,0.5,0.57493,180,0,0,1111016
0,10,-4,0.5,0.57628,180,0,0,1111034
0,12,-5,0.5,0.5779,180,0,0,1111050
0,13,-5,0.5,0.579655,180,0,0,1111067
0,12,-6,0.5,0.581275,180,0,0,1111082
0,13,-7,0.5,0.58303,180,0,0,1111099
0,16,-8,0.5,0.58519,180,0,0,1111118
0,17,-9,0.5,0.587485,180,0,0,1111134
0,21,-10,0.5,0.59032,180,0,0,1111154
0,21,-9,0.5,0.593155,180,0,0,1111172
0,21,-8,0.5,0.59599,180,0,0,1111188
0,23,-8,0.5,0.599095,180,0,0,1111206
0,19,-8,0.5,0.60166,180,0,0,1111216
0,38,-16,0.5,0.60679,180,0,0,1111241
0,19,-9,0.5,0.609355,180,0,0,1111256
0,18,-9,0.5,0.611785,180,0,0,1111274
0,17,-8,0.5,0.61408,180,0,0,1111282
0,16,-7,0.5,0.61624,180,0,0,1111300
0,14,-6,0.5,0.61813,180,0,0,1111315
0,13,-5,0.5,0.619885,180,0,0,1111333
0,14,-7,0.5,0.621775,180,0,0,1111349
0,16,-8,0.5,0.623935,180,0,0,1111366
0,16,-9,0.5,0.626095,180,0,0,1111382
0,16,-10,0.5,0.628255,180,0,0,1111401
0,15,-10,0.5,0.63028,180,0,0,1111417
0,18,-11,0.5,0.63271,180,0,0,1111433
0,19,-11,0.5,0.635275,180,0,0,1111451
0,21,-10,0.5,0.63811,180,0,0,1111467
0,23,-9,0.5,0.641215,180,0,0,1111483
0,22,-8,0.5,0.644185,180,0,0,1111499
0,23,-8,0.5,0.64729,180,0,0,1111522
0,21,-7,0.5,0.650125,180,0,0,1111532
0,20,-7,0.5,0.652825,180,0,0,1111555
0,21,-8,0.5,0.65566,180,0,0,1111569
0,19,-7,0.5,0.658225,180,0,0,1111583
0,17,-7,0.5,0.66052,180,0,0,1111600
0,15,-6,0.5,0.662545,180,0,0,1111619
0,15,-5,0.5,0.66457,180,0,0,1111632
0,28,-10,0.5,0.66835,180,0,0,1111650
0,15,-6,0.5,0.670375,180,0,0,1111665
0,17,-7,0.5,0.67267,180,0,0,1111685
0,19,-8,0.5,0.675235,180,0,0,1111701
0,19,-9,0.5,0.6778,180,0,0,1111723
0,17,-10,0.5,0.680095,180,0,0,1111737
0,20,-10,0.5,0.682795,180,0,0,1111754
0,22,-10,0.5,0.685765,180,0,0,1111772
0,24,-10,0.5,0.689005,180,0,0,1111784
0,22,-9,0.5,0.691975,180,0,0,1111800
0,21,-7,0.5,0.69481,180,0,0,1111817
0,21,-8,0.5,0.697645,180,0,0,1111833
0,20,-8,0.5,0.700345,180,0,0,1111850
0,20,-9,0.5,0.703045,180,0,0,1111867
0,19,-9,0.5,0.70561,180,0,0,1111883
0,20,-8,0.5,0.70831,180,0,0,1111901
0,19,-7,0.5,0.71,180,0,0,1111915
