0,88,93,0.5,-0.69812,180,0,0,322744
0,42,45,0.5,-0.69245,180,0,0,322764
0,18,24,0.5,-0.69002,180,0,0,322777
0,16,24,0.5,-0.68786,180,0,0,322794
0,20,24,0.5,-0.68516,180,0,0,322807
0,20,24,0.5,-0.68246,180,0,0,322821
0,0,0,0.5,-0.68246,180,0,0,322826
0,24,24,0.5,-0.67922,180,0,0,322844
0,28,24,0.5,-0.67544,180,0,1,322862
0,26,23,0.5,-0.67193,180,0,0,322879
0,29,24,0.5,-0.668015,180,0,0,322897
0,53,44,0.5,-0.66086,180,0,0,322919
0,23,21,0.5,-0.657755,180,0,0,322931
0,26,23,0.5,-0.654245,180,0,0,322950
0,26,24,0.5,-0.650735,180,0,0,322966
0,26,24,0.5,-0.647225,180,0,0,322981
0,30,24,0.5,-0.643175,180,0,0,322996
0,29,24,0.5,-0.63926,180,0,0,323013
0,33,24,0.5,-0.634805,180,0,0,323030
0,38,24,0.5,-0.629675,180,0,0,323047
0,38,24,0.5,-0.624545,180,0,0,323061
0,37,24,0.5,-0.61955,180,0,0,323078
0,35,24,0.5,-0.614825,180,0,0,323095
0,37,24,0.5,-0.60983,180,0,0,323112
0,37,24,0.5,-0.604835,180,0,0,323128
0,31,24,0.5,-0.60065,180,0,0,323145
0,29,24,0.5,-0.596735,180,0,0,323162
0,28,24,0.5,-0.592955,180,0,0,323179
0,25,24,0.5,-0.58958,180,0,0,323196
0,27,24,0.5,-0.585935,180,0,0,323214
0,28,24,0.5,-0.582155,180,0,0,323230
0,25,24,0.5,-0.57878,180,0,0,323245
0,27,24,0.5,-0.575135,180,0,0,323262
0,27,24,0.5,-0.57149,180,0,0,323279
0,25,24,0.5,-0.568115,180,0,0,323296
0,23,24,0.5,-0.56501,180,0,0,323311
0,40,36,0.5,-0.55961,180,0,0,323331
0,18,36,0.5,-0.55718,180,0,0,323352
0,22,24,0.5,-0.55421,180,0,0,323369
0,21,24,0.5,-0.551375,180,0,0,323386
0,25,24,0.5,-0.548,180,0,0,323397
0,26,24,0.5,-0.54449,180,0,0,323411
0,24,24,0.5,-0.54125,180,0,0,323428
0,21,24,0.5,-0.538415,180,0,0,323446
0,24,24,0.5,-0.535175,180,0,0,323472
0,24,24,0.5,-0.531935,180,0,0,323486
0,20,24,0.5,-0.529235,180,0,0,323499
0,20,24,0.5,-0.526535,180,0,0,323515
0,18,24,0.5,-0.524105,180,0,0,323528
0,19,24,0.5,-0.52154,180,0,0,323544
0,19,24,0.5,-0.518975,180,0,0,323562
0,18,24,0.5,-0.516545,180,0,0,323580
0,28,24,0.5,-0.512765,180,0,0,323596
0,29,24,0.5,-0.50885,180,0,0,323612
0,30,24,0.5,-0.5048,180,0,0,323630
0,28,24,0.5,-0.50102,180,0,0,323646
0,23,24,0.5,-0.497915,180,0,0,323660
0,22,24,0.5,-0.494945,180,0,0,323680
0,23,24,0.5,-0.49184,180,0,0,323697
0,54,33,0.5,-0.48455,180,0,0,323716
0,27,31,0.5,-0.480905,180,0,0,323732
0,25,32,0.5,-0.47753,180,0,1,323753
0,27,24,0.5,-0.473885,180,0,1,323771
0,24,24,0.5,-0.470645,180,0,1,323787
0,24,24,0.5,-0.467405,180,0,1,323800
0,21,24,0.5,-0.46457,180,0,0,323815
0,17,24,0.5,-0.462275,180,0,0,323830
0,18,24,0.5,-0.459845,180,0,0,323846
0,18,24,0.5,-0.457415,180,0,0,323869
0,20,24,0.5,-0.454715,180,0,0,323882
0,22,24,0.5,-0.451745,180,0,0,323894
0,25,24,0.5,-0.44837,180,0,0,323911
0,29,24,0.5,-0.444455,180,0,0,323930
0,28,24,0.5,-0.440675,180,0,0,323944
0,30,24,0.5,-0.436625,180,0,0,323963
0,29,24,0.5,-0.43271,180,0,0,323978
0,29,24,0.5,-0.428795,180,0,0,323996
0,28,24,0.5,-0.425015,180,0,0,324012
0,25,24,0.5,-0.42164,180,0,0,324029
0,22,24,0.5,-0.41867,180,0,0,324047
0,22,24,0.5,-0.4157,180,0,0,324060
0,24,24,0.5,-0.41246,180,0,0,324078
0,27,24,0.5,-0.408815,180,0,0,324096
0,29,24,0.5,-0.4049,180,0,0,324112
0,56,37,0.5,-0.39734,180,0,0,324135
0,24,35,0.5,-0.3941,180,0,0,324154
0,25,24,0.5,-0.390725,180,0,0,324166
0,18,24,0.5,-0.388295,180,0,0,324182
0,15,24,0.5,-0.38627,180,0,0,324198
0,17,24,0.5,-0.383975,180,0,0,324212
0,17,24,0.5,-0.38168,180,0,0,324230
0,21,24,0.5,-0.378845,180,0,0,324244
0,21,24,0.5,-0.37601,180,0,0,324262
0,23,24,0.5,-0.372905,180,0,0,324278
0,23,24,0.5,-0.3698,180,0,0,324294
0,19,24,0.5,-0.367235,180,0,0,324310
0,20,24,0.5,-0.364535,180,0,0,324329
0,14,24,0.5,-0.362645,180,0,0,324345
0,10,24,0.5,-0.361295,180,0,0,324364
0,8,24,0.5,-0.360215,180,0,0,324380
0,5,24,0.5,-0.35954,180,0,0,324395
0,8,24,0.5,-0.35846,180,0,0,324411
0,8,24,0.5,-0.35738,180,0,1,324429
0,11,24,0.5,-0.355895,180,0,1,324445
0,13,24,0.5,-0.35414,180,0,1,324463
0,11,24,0.5,-0.352655,180,0,0,324480
0,26,38,0.5,-0.349145,180,0,0,324499
0,0,10,0.5,-0.349145,180,0,0,324508
0,22,28,0.5,-0.346175,180,0,0,324531
0,13,44,0.5,-0.34442,180,0,0,324549
0,12,24,0.5,-0.3428,180,0,0,324565
0,11,24,0.5,-0.341315,180,0,0,324579
0,12,24,0.5,-0.339695,180,0,0,324595
0,15,24,0.5,-0.33767,180,0,0,324611
0,19,24,0.5,-0.335105,180,0,0,324631
0,25,24,0.5,-0.33173,180,0,0,324646
0,26,24,0.5,-0.32822,180,0,0,324666
0,29,24,0.5,-0.324305,180,0,0,324680
0,29,24,0.5,-0.32039,180,0,0,324697
0,27,24,0.5,-0.316745,180,0,0,324712
0,31,24,0.5,-0.31256,180,0,0,324732
0,27,24,0.5,-0.308915,180,0,0,324746
0,25,24,0.5,-0.30554,180,0,0,324762
0,24,24,0.5,-0.3023,180,0,0,324781
0,23,24,0.5,-0.299195,180,0,0,324794
0,25,24,0.5,-0.29582,180,0,0,324812
0,25,24,0.5,-0.292445,180,0,1,324828
0,25,24,0.5,-0.28907,180,0,1,324846
0,23,24,0.5,-0.285965,180,0,1,324863
0,22,24,0.5,-0.282995,180,0,0,324879
0,21,24,0.5,-0.28016,180,0,0,324895
0,22,24,0.5,-0.27719,180,0,0,324911
0,47,27,0.5,-0.270845,180,0,0,324929
0,22,45,0.5,-0.267875,180,0,0,324951
0,19,24,0.5,-0.26531,180,0,0,324963
0,24,24,0.5,-0.26207,180,0,0,324979
0,25,24,0.5,-0.258695,180,0,0,324995
0,22,24,0.5,-0.255725,180,0,0,325013
0,29,24,0.5,-0.25181,180,0,0,325029
0,29,24,0.5,-0.247895,180,0,0,325045
0,32,24,0.5,-0.243575,180,0,0,325061
0,32,24,0.5,-0.239255,180,0,0,325077
0,35,24,0.5,-0.23453,180,0,0,325095
0,34,24,0.5,-0.22994,180,0,0,325112
0,33,24,0.5,-0.225485,180,0,0,325127
0,30,24,0.5,-0.221435,180,0,0,325145
0,33,24,0.5,-0.21698,180,0,1,325161
0,32,24,0.5,-0.21266,180,0,1,325182
0,33,24,0.5,-0.208205,180,0,1,325199
0,33,24,0.5,-0.20375,180,0,1,325214
0,34,24,0.5,-0.19916,180,0,0,325230
0,31,24,0.5,-0.194975,180,0,0,325247
0,32,24,0.5,-0.190655,180,0,0,325264
0,32,24,0.5,-0.186335,180,0,0,325279
0,59,25,0.5,-0.17837,180,0,0,325296
0,0,23,0.5,-0.17837,180,0,0,325312
0,53,48,0.5,-0.171215,180,0,0,325340
0,28,24,0.5,-0.167435,180,0,0,325353
0,29,24,0.5,-0.16352,180,0,0,325365
0,31,24,0.5,-0.159335,180,0,0,325378
0,32,24,0.5,-0.155015,180,0,0,325395
0,27,24,0.5,-0.15137,180,0,0,325411
0,31,24,0.5,-0.147185,180,0,0,325428
0,29,24,0.5,-0.14327,180,0,0,325445
0,29,24,0.5,-0.139355,180,0,0,325460
0,26,24,0.5,-0.135845,180,0,0,325478
0,25,24,0.5,-0.13247,180,0,0,325495
0,22,24,0.5,-0.1295,180,0,0,325511
0,28,24,0.5,-0.12572,180,0,0,325528
0,30,24,0.5,-0.12167,180,0,1,325544
0,27,24,0.5,-0.118025,180,0,1,325561
0,30,24,0.5,-0.113975,180,0,1,325577
0,29,24,0.5,-0.11006,180,0,0,325595
0,26,24,0.5,-0.10655,180,0,0,325611
0,26,24,0.5,-0.10304,180,0,0,325627
0,22,24,0.5,-0.10007,180,0,0,325645
0,23,24,0.5,-0.096965,180,0,0,325662
0,18,24,0.5,-0.094535,180,0,0,325678
0,15,24,0.5,-0.09251,180,0,0,325697
0,17,24,0.5,-0.090215,180,0,0,325710
0,35,48,0.5,-0.08549,180,0,0,325738
0,19,24,0.5,-0.082925,180,0,0,325750
0,20,15,0.5,-0.080225,180,0,0,325759
0,19,33,0.5,-0.07766,180,0,1,325780
0,18,24,0.5,-0.07523,180,0,1,325795
0,18,24,0.5,-0.0728,180,0,1,325811
0,18,24,0.5,-0.07037,180,0,1,325828
0,20,24,0.5,-0.06767,180,0,0,325854
0,37,48,0.5,-0.062675,180,0,0,325880
0,18,24,0.5,-0.060245,180,0,0,325893
0,21,24,0.5,-0.05741,180,0,0,325906
0,0,0,0.5,-0.05741,180,0,0,325912
0,16,21,0.5,-0.05525,180,0,0,325927
0,26,24,0.5,-0.05174,180,0,0,325945
0,29,24,0.5,-0.047825,180,0,0,325962
0,28,24,0.5,-0.044045,180,0,0,325977
0,27,24,0.5,-0.0404,180,0,0,325997
0,28,24,0.5,-0.03662,180,0,0,326012
0,30,24,0.5,-0.03257,180,0,0,326027
0,27,24,0.5,-0.028925,180,0,0,326044
0,24,24,0.5,-0.025685,180,0,0,326061
0,20,24,0.5,-0.022985,180,0,1,326079
0,23,24,0.5,-0.01988,180,0,1,326097
0,49,48,0.5,-0.013265,180,0,1,326117
0,29,24,0.5,-0.00935,180,0,1,326130
0,27,6,0.5,-0.005705,180,0,1,326140
0,0,18,0.5,-0.005705,180,0,0,326159
0,56,48,0.5,0.001855,180,0,0,326189
0,28,24,0.5,0.005635,180,0,0,326208
0,30,24,0.5,0.009685,180,0,0,326221
0,30,24,0.5,0.013735,180,0,0,326232
0,28,24,0.5,0.017515,180,0,0,326245
0,24,24,0.5,0.020755,180,0,0,326267
0,21,24,0.5,0.02359,180,0,0,326278
0,22,24,0.5,0.02656,180,0,1,326294
0,23,24,0.5,0.029665,180,0,1,326310
0,26,24,0.5,0.033175,180,0,1,326327
0,26,24,0.5,0.036685,180,0,0,326343
0,24,24,0.5,0.039925,180,0,0,326361
0,26,24,0.5,0.043435,180,0,0,326379
0,26,24,0.5,0.046945,180,0,0,326395
0,25,24,0.5,0.05032,180,0,1,326423
0,50,48,0.5,0.05707,180,0,1,326456
0,40,48,0.5,0.06247,180,0,0,326484
0,39,45,0.5,0.067735,180,0,0,326509
0,18,27,0.5,0.070165,180,0,0,326524
0,17,24,0.5,0.07246,180,0,0,326537
0,16,24,0.5,0.07462,180,0,0,326548
0,17,24,0.5,0.076915,180,0,1,326562
0,0,0,0.5,0.076915,180,0,1,326568
0,17,24,0.5,0.07921,180,0,1,326590
0,19,24,0.5,0.081775,180,0,1,326606
0,38,38,0.5,0.086905,180,0,0,326628
0,18,34,0.5,0.089335,180,0,0,326643
0,16,24,0.5,0.091495,180,0,0,326656
0,0,0,0.5,0.091495,180,0,0,326666
0,26,47,0.5,0.095005,180,0,0,326696
0,12,24,0.5,0.096625,180,0,0,326710
0,11,24,0.5,0.09811,180,0,0,326723
0,14,24,0.5,0.1,180,0,1,326742
0,15,24,0.5,0.102025,180,0,1,326756
0,18,24,0.5,0.104455,180,0,1,326773
0,18,24,0.5,0.106885,180,0,1,326791
0,19,11,0.5,0.10945,180,0,1,326802
0,17,37,0.5,0.111745,180,0,0,326828
0,13,23,0.5,0.1135,180,0,0,326841
0,11,23,0.5,0.114985,180,0,1,326855
0,10,22,0.5,0.116335,180,0,1,326872
0,8,22,0.5,0.117415,180,0,1,326888
0,8,22,0.5,0.118495,180,0,1,326906
0,8,23,0.5,0.119575,180,0,0,326923
0,11,24,0.5,0.12106,180,0,0,326939
0,10,24,0.5,0.12241,180,0,0,326960
0,10,24,0.5,0.12376,180,0,1,326981
0,19,48,0.5,0.126325,180,0,1,326999
0,11,24,0.5,0.12781,180,0,0,327012
0,0,0,0.5,0.12781,180,0,0,327016
0,27,48,0.5,0.131455,180,0,0,327054
0,15,24,0.5,0.13348,180,0,0,327069
0,12,24,0.5,0.1351,180,0,0,327079
0,12,24,0.5,0.13672,180,0,1,327094
0,9,22,0.5,0.137935,180,0,1,327110
0,6,19,0.5,0.138745,180,0,1,327124
0,5,20,0.5,0.13942,180,0,1,327141
0,4,19,0.5,0.13996,180,0,0,327155
0,4,21,0.5,0.1405,180,0,0,327173
0,5,22,0.5,0.141175,180,0,0,327192
0,7,22,0.5,0.14212,180,0,0,327207
0,8,22,0.5,0.1432,180,0,0,327222
0,8,24,0.5,0.14428,180,0,1,327242
0,10,23,0.5,0.14563,180,0,1,327257
0,10,22,0.5,0.14698,180,0,1,327272
0,10,20,0.5,0.14833,180,0,1,327290
0,9,19,0.5,0.149545,180,0,0,327305
0,6,17,0.5,0.150355,180,0,0,327324
0,2,14,0.5,0.150625,180,0,0,327340
0,0,13,0.5,0.150625,180,0,0,327352
0,-3,11,0.5,0.15022,180,0,0,327370
0,-5,12,0.5,0.149545,180,0,1,327389
0,-4,12,0.5,0.149005,180,0,1,327404
0,-3,12,0.5,0.1486,180,0,1,327420
0,-1,28,0.5,0.148465,180,0,1,327441
0,3,16,0.5,0.14887,180,0,1,327455
0,6,16,0.5,0.14968,180,0,1,327472
0,5,15,0.5,0.150355,180,0,0,327492
0,7,15,0.5,0.1513,180,0,0,327504
0,9,16,0.5,0.152515,180,0,0,327521
0,10,15,0.5,0.153865,180,0,0,327539
0,13,15,0.5,0.15562,180,0,1,327555
0,12,14,0.5,0.15724,180,0,1,327570
0,15,14,0.5,0.159265,180,0,1,327587
0,16,14,0.5,0.161425,180,0,1,327604
0,18,13,0.5,0.163855,180,0,1,327621
0,15,11,0.5,0.16588,180,0,0,327637
0,13,10,0.5,0.167635,180,0,0,327654
0,11,9,0.5,0.16912,180,0,0,327669
0,7,8,0.5,0.170065,180,0,0,327687
0,4,8,0.5,0.170605,180,0,0,327703
0,4,9,0.5,0.171145,180,0,0,327719
0,7,10,0.5,0.17209,180,0,0,327737
0,10,11,0.5,0.17344,180,0,0,327756
0,13,13,0.5,0.175195,180,0,0,327770
0,14,13,0.5,0.177085,180,0,0,327789
0,17,14,0.5,0.17938,180,0,1,327804
0,33,28,0.5,0.183835,180,0,1,327826
0,0,0,0.5,0.183835,180,0,1,327833
0,31,28,0.5,0.18802,180,0,0,327858
0,14,13,0.5,0.18991,180,0,0,327869
0,14,14,0.5,0.1918,180,0,0,327887
0,12,13,0.5,0.19342,180,0,0,327905
0,11,12,0.5,0.194905,180,0,0,327921
0,9,11,0.5,0.19612,180,0,1,327937
0,8,11,0.5,0.1972,180,0,1,327954
0,7,11,0.5,0.198145,180,0,1,327969
0,7,11,0.5,0.19909,180,0,0,327987
0,7,13,0.5,0.200035,180,0,0,328003
0,10,13,0.5,0.201385,180,0,0,328022
0,12,14,0.5,0.203005,180,0,0,328038
0,13,14,0.5,0.20476,180,0,0,328053
0,16,14,0.5,0.20692,180,0,0,328069
0,20,15,0.5,0.20962,180,0,0,328087
0,19,15,0.5,0.212185,180,0,1,328103
0,23,16,0.5,0.21529,180,0,1,328124
0,23,15,0.5,0.218395,180,0,1,328138
0,24,16,0.5,0.221635,180,0,0,328154
0,19,14,0.5,0.2242,180,0,0,328170
0,28,27,0.5,0.22798,180,0,0,328197
0,11,14,0.5,0.229465,180,0,0,328209
0,0,0,0.5,0.229465,180,0,0,328216
0,28,33,0.5,0.233245,180,0,0,328249
0,16,19,0.5,0.235405,180,0,0,328261
0,19,20,0.5,0.23797,180,0,0,328275
0,22,17,0.5,0.24094,180,0,0,328289
0,24,21,0.5,0.24418,180,0,0,328311
0,28,19,0.5,0.24796,180,0,0,328325
0,30,20,0.5,0.25201,180,0,0,328341
0,27,20,0.5,0.255655,180,0,0,328355
0,23,19,0.5,0.25876,180,0,0,328372
0,22,19,0.5,0.26173,180,1,1,328392
0,16,19,0.5,0.26389,180,1,1,328407
0,16,21,0.5,0.26605,180,1,0,328421
0,16,24,0.5,0.26821,180,0,0,328440
0,15,24,0.5,0.270235,180,0,0,328454
0,17,24,0.5,0.27253,180,0,0,328471
0,17,24,0.5,0.274825,180,0,0,328490
0,18,24,0.5,0.277255,180,0,0,328504
0,21,24,0.5,0.28009,180,0,1,328522
0,24,24,0.5,0.28333,180,0,1,328541
0,25,23,0.5,0.286705,180,0,1,328555
0,23,21,0.5,0.28981,180,0,1,328574
0,16,21,0.5,0.29197,180,0,1,328591
0,10,21,0.5,0.29332,180,0,1,328605
0,4,22,0.5,0.29386,180,0,1,328621
0,0,35,0.5,0.29386,180,0,1,328642
0,-1,16,0.5,0.293725,180,0,1,328654
0,0,30,0.5,0.293725,180,0,0,328680
0,0,18,0.5,0.293725,180,0,0,328694
0,-1,17,0.5,0.29359,180,0,1,328710
0,0,17,0.5,0.29359,180,0,1,328722
0,1,16,0.5,0.293725,180,0,1,328738
0,3,13,0.5,0.29413,180,0,1,328759
0,4,13,0.5,0.29467,180,0,0,328770
0,3,10,0.5,0.295075,180,0,0,328789
0,4,10,0.5,0.295615,180,0,0,328802
0,5,9,0.5,0.29629,180,0,1,328828
0,4,8,0.5,0.29683,180,0,1,328839
0,5,8,0.5,0.297505,180,0,1,328853
0,7,7,0.5,0.29845,180,0,0,328869
0,6,7,0.5,0.29926,180,0,0,328887
0,6,6,0.5,0.30007,180,0,0,328901
0,8,8,0.5,0.30115,180,0,0,328919
0,7,7,0.5,0.302095,180,0,1,328937
0,11,7,0.5,0.30358,180,0,1,328953
0,10,7,0.5,0.30493,180,0,1,328968
0,11,7,0.5,0.306415,180,0,0,328987
0,9,7,0.5,0.30763,180,0,0,329002
0,10,6,0.5,0.30898,180,0,0,329018
0,14,12,0.5,0.31087,180,0,1,329040
0,4,7,0.5,0.31141,180,0,1,329053
0,4,7,0.5,0.31195,180,0,1,329069
0,3,7,0.5,0.312355,180,0,1,329087
0,4,8,0.5,0.312895,180,0,0,329102
0,3,10,0.5,0.3133,180,0,0,329119
0,7,11,0.5,0.314245,180,0,0,329137
0,7,11,0.5,0.31519,180,0,0,329153
0,10,11,0.5,0.31654,180,0,1,329169
0,10,12,0.5,0.31789,180,0,1,329188
0,11,10,0.5,0.319375,180,0,1,329202
0,11,10,0.5,0.32086,180,0,0,329222
0,9,9,0.5,0.322075,180,0,0,329240
0,8,8,0.5,0.323155,180,0,0,329253
0,7,9,0.5,0.3241,180,0,0,329277
0,5,9,0.5,0.324775,180,0,1,329286
0,5,9,0.5,0.32545,180,0,1,329302
0,7,9,0.5,0.326395,180,0,1,329319
0,8,10,0.5,0.327475,180,0,1,329338
0,9,11,0.5,0.32869,180,0,0,329353
0,9,11,0.5,0.329905,180,0,0,329371
0,10,11,0.5,0.331255,180,0,0,329388
0,10,11,0.5,0.332605,180,0,0,329403
0,20,19,0.5,0.335305,180,0,1,329422
0,0,0,0.5,0.335305,180,0,1,329433
0,13,17,0.5,0.33706,180,0,1,329455
0,4,9,0.5,0.3376,180,0,1,329469
0,3,10,0.5,0.338005,180,0,0,329487
0,4,11,0.5,0.338545,180,0,0,329503
0,5,11,0.5,0.33922,180,0,0,329520
0,7,12,0.5,0.340165,180,0,1,329540
0,9,10,0.5,0.34138,180,0,1,329553
0,12,10,0.5,0.343,180,0,1,329570
0,12,9,0.5,0.34462,180,0,1,329586
0,13,9,0.5,0.346375,180,0,0,329603
0,11,8,0.5,0.34786,180,0,0,329619
0,11,8,0.5,0.349345,180,0,1,329637
0,9,8,0.5,0.35056,180,0,1,329653
0,9,9,0.5,0.351775,180,0,0,329669
0,8,9,0.5,0.352855,180,0,0,329685
0,9,8,0.5,0.35407,180,0,1,329704
0,9,9,0.5,0.355285,180,0,1,329721
0,8,8,0.5,0.356365,180,0,1,329735
0,7,7,0.5,0.35731,180,0,0,329752
0,6,6,0.5,0.35812,180,0,0,329768
0,7,6,0.5,0.359065,180,0,0,329785
0,8,5,0.5,0.360145,180,0,0,329801
0,16,9,0.5,0.362305,180,0,1,329821
0,0,0,0.5,0.362305,180,0,1,329833
0,19,6,0.5,0.36487,180,0,1,329852
0,9,2,0.5,0.366085,180,0,1,329868
0,7,3,0.5,0.36703,180,0,0,329884
0,5,4,0.5,0.367705,180,0,0,329902
0,3,4,0.5,0.36811,180,0,0,329920
0,3,5,0.5,0.368515,180,0,0,329935
0,3,7,0.5,0.36892,180,0,1,329953
0,4,7,0.5,0.36946,180,0,1,329968
0,8,8,0.5,0.37054,180,0,1,329986
0,9,8,0.5,0.371755,180,0,1,330004
0,10,8,0.5,0.373105,180,0,0,330020
0,9,8,0.5,0.37432,180,0,0,330035
0,10,8,0.5,0.37567,180,0,0,330059
0,9,8,0.5,0.376885,180,0,0,330073
0,15,15,0.5,0.37891,180,0,1,330093
0,0,0,0.5,0.37891,180,0,1,330100
0,8,7,0.5,0.37999,180,0,1,330119
0,9,8,0.5,0.381205,180,0,1,330134
0,9,7,0.5,0.38242,180,0,1,330152
0,9,8,0.5,0.383635,180,0,0,330171
0,7,7,0.5,0.38458,180,0,0,330185
0,7,6,0.5,0.385525,180,0,0,330201
0,6,6,0.5,0.386335,180,0,1,330222
0,15,11,0.5,0.38836,180,0,1,330238
0,8,5,0.5,0.38944,180,0,1,330252
0,8,5,0.5,0.39052,180,0,1,330269
0,7,4,0.5,0.391465,180,0,1,330285
0,5,4,0.5,0.39214,180,0,0,330302
0,5,4,0.5,0.392815,180,0,0,330319
0,4,3,0.5,0.393355,180,0,0,330334
0,4,3,0.5,0.393895,180,0,0,330351
0,4,3,0.5,0.394435,180,0,1,330368
0,3,3,0.5,0.39484,180,0,1,330384
0,4,3,0.5,0.39538,180,0,1,330402
0,4,3,0.5,0.39592,180,0,1,330418
0,3,3,0.5,0.396325,180,0,1,330434
0,2,3,0.5,0.396595,180,0,1,330451
0,0,4,0.5,0.396595,180,0,0,330470
0,-2,4,0.5,0.396325,180,0,0,330489
0,-1,4,0.5,0.39619,180,0,0,330501
0,-2,6,0.5,0.39592,180,0,1,330519
0,1,7,0.5,0.396055,180,0,1,330535
0,1,7,0.5,0.39619,180,0,1,330552
0,4,9,0.5,0.39673,180,0,1,330569
0,6,8,0.5,0.39754,180,0,1,330588
0,14,12,0.5,0.39943,180,0,1,330606
0,0,5,0.5,0.39943,180,0,0,330618
0,6,9,0.5,0.40024,180,0,0,330635
0,12,15,0.5,0.40186,180,0,0,330653
0,6,7,0.5,0.40267,180,0,1,330668
0,8,7,0.5,0.40375,180,0,1,330686
0,9,7,0.5,0.404965,180,0,1,330705
0,8,5,0.5,0.406045,180,0,1,330718
0,8,6,0.5,0.407125,180,0,1,330735
0,5,5,0.5,0.4078,180,0,0,330753
0,4,5,0.5,0.40834,180,0,0,330768
0,2,4,0.5,0.40861,180,0,0,330784
0,1,5,0.5,0.408745,180,0,1,330802
0,1,5,0.5,0.40888,180,0,1,330817
0,3,5,0.5,0.409285,180,0,1,330834
0,3,5,0.5,0.40969,180,0,1,330852
0,4,4,0.5,0.41023,180,0,1,330868
0,3,3,0.5,0.410635,180,0,1,330884
0,3,3,0.5,0.41104,180,0,0,330902
0,2,3,0.5,0.41131,180,0,0,330917
0,4,3,0.5,0.41185,180,0,0,330935
0,2,3,0.5,0.41212,180,0,1,330953
0,5,3,0.5,0.412795,180,0,1,330967
0,5,3,0.5,0.41347,180,0,1,330985
0,4,2,0.5,0.41401,180,0,1,331001
0,5,2,0.5,0.414685,180,0,1,331018
0,5,3,0.5,0.41536,180,0,1,331034
0,3,2,0.5,0.415765,180,0,0,331051
0,3,3,0.5,0.41617,180,0,0,331068
0,0,1,0.5,0.41617,180,0,0,331083
0,0,1,0.5,0.41617,180,0,0,331100
0,0,2,0.5,0.41617,180,0,0,331118
0,1,2,0.5,0.416305,180,0,1,331134
0,0,5,0.5,0.416305,180,0,1,331152
0,2,5,0.5,0.416575,180,0,1,331169
0,4,6,0.5,0.417115,180,0,1,331185
0,5,6,0.5,0.41779,180,0,1,331202
0,5,6,0.5,0.418465,180,0,0,331220
0,5,6,0.5,0.41914,180,0,0,331237
0,5,5,0.5,0.419815,180,0,0,331252
0,7,6,0.5,0.42076,180,0,0,331268
0,8,5,0.5,0.42184,180,0,1,331287
0,9,5,0.5,0.423055,180,0,1,331301
0,11,5,0.5,0.42454,180,0,1,331318
0,11,5,0.5,0.426025,180,0,1,331335
0,10,4,0.5,0.427375,180,0,1,331354
0,8,5,0.5,0.428455,180,0,0,331370
0,6,5,0.5,0.429265,180,0,0,331384
0,4,5,0.5,0.429805,180,0,0,331401
0,5,6,0.5,0.43048,180,0,0,331419
0,3,5,0.5,0.430885,180,0,1,331438
0,6,9,0.5,0.431695,180,0,1,331457
0,4,5,0.5,0.432235,180,0,1,331468
0,4,4,0.5,0.432775,180,0,1,331485
0,2,3,0.5,0.433045,180,0,1,331501
0,1,3,0.5,0.43318,180,0,0,331518
0,0,2,0.5,0.43318,180,0,0,331534
0,0,2,0.5,0.43318,180,0,0,331555
0,0,3,0.5,0.43318,180,0,0,331569
0,0,2,0.5,0.43318,180,0,1,331584
0,2,2,0.5,0.43345,180,0,1,331600
0,1,2,0.5,0.433585,180,0,1,331617
0,2,2,0.5,0.433855,180,0,1,331634
0,1,3,0.5,0.43399,180,0,1,331651
0,1,3,0.5,0.434125,180,0,0,331667
0,1,2,0.5,0.43426,180,0,0,331684
0,0,3,0.5,0.43426,180,0,0,331701
0,0,3,0.5,0.43426,180,0,0,331717
0,1,2,0.5,0.434395,180,0,1,331735
0,0,3,0.5,0.434395,180,0,1,331751
0,2,2,0.5,0.434665,180,0,1,331767
0,3,2,0.5,0.43507,180,0,1,331784
0,2,2,0.5,0.43534,180,0,1,331802
0,3,2,0.5,0.435745,180,0,1,331817
0,2,2,0.5,0.436015,180,0,0,331834
0,3,4,0.5,0.43642,180,0,0,331851
0,2,2,0.5,0.43669,180,0,0,331868
0,2,2,0.5,0.43696,180,0,0,331883
0,3,2,0.5,0.437365,180,0,1,331900
0,3,1,0.5,0.43777,180,0,1,331917
0,3,2,0.5,0.438175,180,0,1,331934
0,4,2,0.5,0.438715,180,0,1,331953
0,2,2,0.5,0.438985,180,0,1,331967
0,5,1,0.5,0.43966,180,0,1,331983
0,2,1,0.5,0.43993,180,0,0,332002
0,1,0,0.5,0.440065,180,0,0,332017
0,0,1,0.5,0.440065,180,0,0,332033
0,-1,1,0.5,0.43993,180,0,0,332054
0,-3,2,0.5,0.439525,180,0,0,332067
0,-4,3,0.5,0.438985,180,0,1,332089
0,-1,3,0.5,0.43885,180,0,1,332103
0,0,5,0.5,0.43885,180,0,1,332118
0,4,5,0.5,0.43939,180,0,1,332135
0,7,5,0.5,0.440335,180,0,0,332153
0,6,5,0.5,0.441145,180,0,0,332168
0,7,5,0.5,0.44209,180,0,0,332185
0,8,5,0.5,0.44317,180,0,0,332203
0,8,5,0.5,0.44425,180,0,1,332218
0,10,6,0.5,0.4456,180,0,1,332235
0,21,11,0.5,0.448435,180,0,1,332254
0,9,5,0.5,0.44965,180,0,1,332267
0,6,4,0.5,0.45046,180,0,0,332286
0,4,4,0.5,0.451,180,0,0,332304
0,1,3,0.5,0.451135,180,0,0,332318
0,0,3,0.5,0.451135,180,0,0,332336
0,0,2,0.5,0.451135,180,0,1,332354
0,1,2,0.5,0.45127,180,0,1,332368
0,3,2,0.5,0.451675,180,0,1,332384
0,3,1,0.5,0.45208,180,0,1,332401
0,4,2,0.5,0.45262,180,0,1,332417
0,3,2,0.5,0.453025,180,0,1,332435
0,3,2,0.5,0.45343,180,0,1,332451
0,2,2,0.5,0.4537,180,0,0,332468
0,0,2,0.5,0.4537,180,0,0,332484
0,1,2,0.5,0.453835,180,0,0,332501
0,1,3,0.5,0.45397,180,0,0,332518
0,2,2,0.5,0.45424,180,0,1,332534
0,5,3,0.5,0.454915,180,0,1,332552
0,5,2,0.5,0.45559,180,0,1,332567
0,5,3,0.5,0.456265,180,0,1,332587
0,5,3,0.5,0.45694,180,0,1,332601
0,3,2,0.5,0.457345,180,0,0,332617
0,2,3,0.5,0.457615,180,0,0,332636
0,2,6,0.5,0.457885,180,0,0,332654
0,1,2,0.5,0.45802,180,0,0,332668
0,4,3,0.5,0.45856,180,0,1,332685
0,5,2,0.5,0.459235,180,0,1,332700
0,7,3,0.5,0.46018,180,0,1,332717
0,7,2,0.5,0.461125,180,0,1,332734
0,6,3,0.5,0.461935,180,0,1,332751
0,4,3,0.5,0.462475,180,0,1,332768
0,0,3,0.5,0.462475,180,0,1,332784
0,0,3,0.5,0.462475,180,0,0,332801
0,-2,4,0.5,0.462205,180,0,0,332818
0,-1,3,0.5,0.46207,180,0,0,332835
0,1,4,0.5,0.462205,180,0,0,332853
0,3,5,0.5,0.46261,180,0,1,332870
0,4,4,0.5,0.46315,180,0,1,332887
0,6,4,0.5,0.46396,180,0,1,332901
0,7,5,0.5,0.464905,180,0,1,332919
0,7,4,0.5,0.46585,180,0,1,332934
0,8,5,0.5,0.46693,180,0,1,332951
0,6,5,0.5,0.46774,180,0,0,332967
0,4,6,0.5,0.46828,180,0,0,332984
0,3,7,0.5,0.468685,180,0,0,333002
0,1,6,0.5,0.46882,180,0,0,333018
0,0,5,0.5,0.46882,180,0,1,333034
0,0,5,0.5,0.46882,180,0,1,333052
0,5,9,0.5,0.469495,180,0,1,333071
0,5,3,0.5,0.47017,180,0,1,333084
0,4,3,0.5,0.47071,180,0,1,333103
0,4,3,0.5,0.47125,180,0,1,333121
0,1,2,0.5,0.471385,180,0,0,333135
0,3,2,0.5,0.47179,180,0,0,333154
0,2,2,0.5,0.47206,180,0,0,333168
0,3,2,0.5,0.472465,180,0,0,333184
0,2,2,0.5,0.472735,180,0,1,333201
0,5,2,0.5,0.47341,180,0,1,333217
0,4,2,0.5,0.47395,180,0,1,333234
0,4,2,0.5,0.47449,180,0,1,333251
0,4,3,0.5,0.47503,180,0,1,333267
0,3,3,0.5,0.475435,180,0,1,333285
0,1,3,0.5,0.47557,180,0,0,333300
0,1,4,0.5,0.475705,180,0,0,333318
0,-1,3,0.5,0.47557,180,0,0,333334
0,0,3,0.5,0.47557,180,0,0,333351
0,1,3,0.5,0.475705,180,0,1,333367
0,3,3,0.5,0.47611,180,0,1,333385
0,4,2,0.5,0.47665,180,0,1,333400
0,5,2,0.5,0.477325,180,0,1,333417
0,3,2,0.5,0.47773,180,0,1,333434
0,3,3,0.5,0.478135,180,0,0,333450
0,3,5,0.5,0.47854,180,0,0,333468
0,2,3,0.5,0.47881,180,0,0,333488
0,1,2,0.5,0.478945,180,0,1,333501
0,1,3,0.5,0.47908,180,0,1,333518
0,3,1,0.5,0.479485,180,0,1,333533
0,2,2,0.5,0.479755,180,0,1,333550
0,2,2,0.5,0.480025,180,0,1,333567
0,1,1,0.5,0.48016,180,0,0,333583
0,1,2,0.5,0.480295,180,0,0,333601
0,0,2,0.5,0.480295,180,0,0,333617
0,0,1,0.5,0.480295,180,0,0,333634
0,2,2,0.5,0.480565,180,0,1,333653
0,2,1,0.5,0.480835,180,0,1,333667
0,3,1,0.5,0.48124,180,0,1,333685
0,4,2,0.5,0.48178,180,0,1,333700
0,3,1,0.5,0.482185,180,0,1,333717
0,2,3,0.5,0.482455,180,0,1,333735
0,3,2,0.5,0.48286,180,0,0,333751
0,1,3,0.5,0.482995,180,0,0,333768
0,0,2,0.5,0.482995,180,0,0,333784
0,1,2,0.5,0.48313,180,0,0,333801
0,-1,2,0.5,0.482995,180,0,0,333817
0,3,3,0.5,0.4834,180,0,1,333836
0,0,0,0.5,0.4834,180,0,1,333850
0,9,2,0.5,0.484615,180,0,1,333867
0,6,1,0.5,0.485425,180,0,1,333883
0,5,0,0.5,0.4861,180,0,1,333900
0,4,1,0.5,0.48664,180,0,1,333919
0,4,1,0.5,0.48718,180,0,0,333936
0,2,2,0.5,0.48745,180,0,0,333953
0,2,2,0.5,0.48772,180,0,0,333967
0,1,3,0.5,0.487855,180,0,0,333984
0,2,4,0.5,0.488125,180,0,0,334003
0,3,5,0.5,0.48853,180,0,1,334017
0,5,5,0.5,0.489205,180,0,1,334039
0,6,6,0.5,0.490015,180,0,1,334051
0,6,4,0.5,0.490825,180,0,1,334069
0,7,5,0.5,0.49177,180,0,1,334085
0,8,5,0.5,0.49285,180,0,1,334101
0,6,5,0.5,0.49366,180,0,1,334119
0,4,4,0.5,0.4942,180,0,0,334134
0,3,5,0.5,0.494605,180,0,0,334152
0,1,4,0.5,0.49474,180,0,0,334168
0,1,4,0.5,0.494875,180,0,0,334184
0,-1,4,0.5,0.49474,180,0,0,334202
0,0,3,0.5,0.49474,180,0,1,334218
0,5,5,0.5,0.495415,180,0,1,334238
0,5,3,0.5,0.49609,180,0,1,334252
0,4,1,0.5,0.49663,180,0,1,334269
0,2,2,0.5,0.4969,180,0,0,334284
0,2,1,0.5,0.49717,180,0,0,334300
0,0,2,0.5,0.49717,180,0,0,334317
0,1,2,0.5,0.497305,180,0,0,334335
0,0,2,0.5,0.497305,180,0,1,334351
0,1,2,0.5,0.49744,180,0,1,334368
0,1,1,0.5,0.497575,180,0,1,334384
0,2,1,0.5,0.497845,180,0,1,334400
0,1,1,0.5,0.49798,180,0,1,334417
0,0,1,0.5,0.49798,180,0,0,334433
0,0,2,0.5,0.49798,180,0,0,334450
0,-1,2,0.5,0.497845,180,0,0,334468
0,0,2,0.5,0.497845,180,0,0,334484
0,1,1,0.5,0.49798,180,0,1,334501
0,2,1,0.5,0.49825,180,0,1,334518
0,3,2,0.5,0.498655,180,0,1,334534
0,5,1,0.5,0.49933,180,0,1,334550
0,4,1,0.5,0.49987,180,0,1,334572
0,5,2,0.5,0.500545,180,0,1,334585
0,3,2,0.5,0.50095,180,0,1,334601
0,6,5,0.5,0.50176,180,0,0,334626
0,1,2,0.5,0.501895,180,0,0,334640
0,0,0,0.5,0.501895,180,0,0,334649
0,2,4,0.5,0.502165,180,0,0,334668
0,0,2,0.5,0.502165,180,0,0,334685
0,1,1,0.5,0.5023,180,0,1,334701
0,2,3,0.5,0.50257,180,0,1,334719
0,2,2,0.5,0.50284,180,0,1,334735
0,2,3,0.5,0.50311,180,0,1,334751
0,3,3,0.5,0.503515,180,0,1,334768
0,1,3,0.5,0.50365,180,0,1,334786
0,3,3,0.5,0.504055,180,0,0,334801
0,1,3,0.5,0.50419,180,0,0,334819
0,2,3,0.5,0.50446,180,0,0,334834
0,2,3,0.5,0.50473,180,0,0,334851
0,2,5,0.5,0.505,180,0,0,334868
0,3,3,0.5,0.505405,180,0,0,334884
0,3,3,0.5,0.50581,180,0,1,334901
0,3,3,0.5,0.506215,180,0,1,334917
0,3,3,0.5,0.50662,180,0,1,334934
0,3,3,0.5,0.507025,180,0,1,334951
0,3,3,0.5,0.50743,180,0,1,334967
0,2,2,0.5,0.5077,180,0,1,334983
0,1,3,0.5,0.507835,180,0,0,335001
0,2,2,0.5,0.508105,180,0,0,335019
0,1,2,0.5,0.50824,180,0,0,335033
0,1,2,0.5,0.508375,180,0,0,335051
0,1,2,0.5,0.50851,180,0,0,335067
0,0,1,0.5,0.50851,180,0,1,335083
0,1,1,0.5,0.508645,180,0,1,335100
0,0,1,0.5,0.508645,180,0,1,335117
0,0,1,0.5,0.508645,180,0,1,335133
0,0,1,0.5,0.508645,180,0,1,335150
0,1,2,0.5,0.50878,180,0,0,335167
0,2,2,0.5,0.50905,180,0,0,335183
0,0,2,0.5,0.50905,180,0,0,335200
0,2,2,0.5,0.50932,180,0,0,335217
0,2,2,0.5,0.50959,180,0,0,335234
0,2,1,0.5,0.50986,180,0,0,335250
0,2,2,0.5,0.51013,180,0,1,335267
0,1,1,0.5,0.510265,180,0,1,335285
0,2,1,0.5,0.510535,180,0,1,335300
0,1,1,0.5,0.51067,180,0,1,335318
0,2,1,0.5,0.51094,180,0,0,335335
0,1,1,0.5,0.511075,180,0,0,335352
0,1,1,0.5,0.51121,180,0,0,335367
0,0,1,0.5,0.51121,180,0,0,335384
0,1,2,0.5,0.511345,180,0,0,335400
0,0,2,0.5,0.511345,180,0,0,335417
0,0,1,0.5,0.511345,180,0,0,335434
0,2,2,0.5,0.511615,180,0,1,335452
0,0,0,0.5,0.511615,180,0,1,335466
0,3,2,0.5,0.51202,180,0,1,335485
0,2,1,0.5,0.51229,180,0,0,335500
0,2,1,0.5,0.51256,180,0,0,335517
0,2,1,0.5,0.51283,180,0,0,335535
0,3,1,0.5,0.513235,180,0,0,335551
0,2,1,0.5,0.513505,180,0,0,335569
0,1,1,0.5,0.51364,180,0,0,335584
0,2,1,0.5,0.51391,180,0,0,335601
0,1,1,0.5,0.514045,180,0,1,335618
0,1,1,0.5,0.51418,180,0,1,335634
0,1,0,0.5,0.514315,180,0,1,335649
0,0,1,0.5,0.514315,180,0,0,335668
0,1,0,0.5,0.51445,180,0,0,335683
0,1,0,0.5,0.514585,180,0,0,335699
0,1,0,0.5,0.51472,180,0,0,335717
0,0,1,0.5,0.51472,180,0,0,335734
0,1,1,0.5,0.514855,180,0,0,335750
0,0,0,0.5,0.514855,180,0,0,335766
0,1,0,0.5,0.51499,180,0,0,335783
0,0,0,0.5,0.51499,180,0,0,335799
0,1,0,0.5,0.515125,180,0,0,335818
0,0,0,0.5,0.515125,180,0,0,335833
0,1,0,0.5,0.51526,180,0,0,335850
0,0,0,0.5,0.51526,180,0,0,335866
0,1,0,0.5,0.515395,180,0,0,335883
0,0,0,0.5,0.515395,180,0,0,335899
0,1,0,0.5,0.51553,180,0,0,335916
0,0,0,0.5,0.51553,180,0,0,335933
0,0,0,0.5,0.51553,180,0,0,335949
0,0,0,0.5,0.51553,180,0,0,335966
0,0,0,0.5,0.51553,180,0,0,335982
0,0,0,0.5,0.51553,180,0,0,335999
0,0,0,0.5,0.51553,180,0,0,336016
0,-2,0,0.5,0.51526,180,0,0,336033
0,0,0,0.5,0.51526,180,0,0,336049
0,-1,0,0.5,0.515125,180,0,0,336066
0,0,-1,0.5,0.515125,180,0,0,336083
0,0,0,0.5,0.515125,180,0,0,336099
0,-1,0,0.5,0.51499,180,0,0,336118
0,0,-1,0.5,0.51499,180,0,0,336133
0,0,0,0.5,0.51499,180,0,0,336149
0,-1,0,0.5,0.514855,180,0,0,336166
0,0,-1,0.5,0.514855,180,0,0,336183
0,0,0,0.5,0.514855,180,0,0,336199
0,0,-1,0.5,0.514855,180,0,0,336218
0,-1,0,0.5,0.51472,180,0,0,336234
0,0,0,0.5,0.51472,180,0,0,336250
0,-2,0,0.5,0.51445,180,0,0,336267
0,-1,0,0.5,0.514315,180,0,0,336284
0,-1,0,0.5,0.51418,180,0,0,336300
0,-1,-1,0.5,0.514045,180,0,0,336318
0,-1,-1,0.5,0.51391,180,0,0,336333
0,0,0,0.5,0.51391,180,0,0,336349
0,0,-1,0.5,0.51391,180,0,0,336367
0,-1,0,0.5,0.513775,180,0,0,336383
0,0,0,0.5,0.513775,180,0,0,336399
0,-1,-1,0.5,0.51364,180,0,0,336417
0,0,0,0.5,0.51364,180,0,0,336433
0,0,0,0.5,0.51364,180,0,0,336449
0,0,0,0.5,0.51364,180,0,0,336466
0,0,-1,0.5,0.51364,180,0,0,336484
0,0,0,0.5,0.51364,180,0,0,336499
0,0,0,0.5,0.51364,180,0,0,336516
0,-1,-1,0.5,0.513505,180,0,0,336535
0,-1,0,0.5,0.51337,180,0,0,336550
0,-1,0,0.5,0.513235,180,0,0,336567
0,0,0,0.5,0.513235,180,0,0,336583
0,-1,-1,0.5,0.5131,180,0,0,336600
0,-1,0,0.5,0.512965,180,0,0,336618
0,0,-1,0.5,0.512965,180,0,0,336633
0,-1,-2,0.5,0.51283,180,0,0,336650
0,0,0,0.5,0.51283,180,0,0,336666
0,0,-1,0.5,0.51283,180,0,0,336683
0,0,0,0.5,0.51283,180,0,0,336699
0,-1,0,0.5,0.512695,180,0,0,336717
0,0,0,0.5,0.512695,180,0,0,336732
0,0,0,0.5,0.512695,180,0,0,336749
0,0,0,0.5,0.512695,180,0,0,336767
0,0,0,0.5,0.512695,180,0,0,336782
0,0,0,0.5,0.512695,180,0,0,336799
0,0,-1,0.5,0.512695,180,0,0,336816
0,0,0,0.5,0.512695,180,0,0,336832
0,-1,0,0.5,0.51256,180,0,0,336849
0,-1,0,0.5,0.512425,180,0,0,336867
0,0,0,0.5,0.512425,180,0,0,336882
0,-1,-1,0.5,0.51229,180,0,0,336900
0,0,0,0.5,0.51229,180,0,0,336916
0,0,-1,0.5,0.51229,180,0,0,336933
0,-1,0,0.5,0.512155,180,0,0,336950
0,0,-1,0.5,0.512155,180,0,0,336968
0,0,0,0.5,0.512155,180,0,0,336984
0,0,-1,0.5,0.512155,180,0,0,337000
0,0,0,0.5,0.512155,180,0,0,337017
0,0,0,0.5,0.512155,180,0,0,337034
0,0,0,0.5,0.512155,180,0,0,337049
0,1,0,0.5,0.51229,180,0,0,337066
0,0,0,0.5,0.51229,180,0,0,337082
0,0,0,0.5,0.51229,180,0,0,337099
0,0,0,0.5,0.51229,180,0,0,337116
0,0,0,0.5,0.51229,180,0,0,337132
0,-1,-1,0.5,0.512155,180,0,0,337150
0,0,0,0.5,0.512155,180,0,0,337167
0,-1,-1,0.5,0.51202,180,0,0,337184
0,0,0,0.5,0.51202,180,0,0,337200
0,0,0,0.5,0.51202,180,0,0,337217
0,0,0,0.5,0.51202,180,0,0,337234
0,0,0,0.5,0.51202,180,0,0,337249
0,0,0,0.5,0.51202,180,0,0,337266
0,0,0,0.5,0.51202,180,0,0,337282
0,0,0,0.5,0.51202,180,0,0,337299
0,0,0,0.5,0.51202,180,0,0,337316
0,0,0,0.5,0.51202,180,0,0,337334
0,0,0,0.5,0.51202,180,0,0,337349
0,0,0,0.5,0.51202,180,0,0,337366
0,1,0,0.5,0.512155,180,0,0,337383
0,0,0,0.5,0.512155,180,0,0,337399
0,0,0,0.5,0.512155,180,0,0,337416
0,0,0,0.5,0.512155,180,0,0,337433
0,0,0,0.5,0.512155,180,0,0,337449
0,-1,0,0.5,0.51202,180,0,0,337466
0,-1,0,0.5,0.511885,180,0,0,337484
0,0,0,0.5,0.511885,180,0,0,337499
0,0,0,0.5,0.511885,180,0,0,337517
0,0,0,0.5,0.511885,180,0,0,337532
0,0,0,0.5,0.511885,180,0,0,337549
0,0,0,0.5,0.511885,180,0,0,337566
0,0,0,0.5,0.511885,180,0,0,337583
0,1,0,0.5,0.51202,180,0,0,337599
0,0,0,0.5,0.51202,180,0,0,337616
0,0,0,0.5,0.51202,180,0,0,337633
0,0,0,0.5,0.51202,180,0,0,337649
0,0,0,0.5,0.51202,180,0,0,337666
0,0,0,0.5,0.51202,180,0,0,337683
0,0,0,0.5,0.51202,180,0,0,337699
0,0,0,0.5,0.51202,180,0,0,337716
0,0,0,0.5,0.51202,180,0,0,337732
0,0,0,0.5,0.51202,180,0,0,337749
0,0,0,0.5,0.51202,180,0,0,337766
0,0,0,0.5,0.51202,180,0,0,337783
0,0,0,0.5,0.51202,180,0,0,337799
0,0,0,0.5,0.51202,180,0,0,337816
0,0,0,0.5,0.51202,180,0,0,337833
0,0,0,0.5,0.51202,180,0,0,337850
0,0,0,0.5,0.51202,180,0,0,337866
0,0,0,0.5,0.51202,180,0,0,337883
0,0,0,0.5,0.51202,180,0,1,337900
0,-1,0,0.5,0.511885,180,0,1,337917
0,-1,0,0.5,0.51175,180,0,1,337933
0,-2,0,0.5,0.51148,180,0,0,337950
0,-4,0,0.5,0.51094,180,0,0,337967
0,-4,0,0.5,0.5104,180,0,0,337984
0,-6,0,0.5,0.50959,180,0,0,338000
0,-4,0,0.5,0.50905,180,0,1,338016
0,-2,0,0.5,0.50878,180,0,1,338033
0,0,0,0.5,0.50878,180,0,1,338049
0,0,0,0.5,0.50878,180,0,0,338066
0,0,0,0.5,0.50878,180,0,0,338082
0,1,0,0.5,0.508915,180,0,0,338100
0,1,0,0.5,0.50905,180,0,0,338116
0,0,0,0.5,0.50905,180,0,1,338132
0,1,0,0.5,0.509185,180,0,1,338150
0,3,0,0.5,0.50959,180,0,1,338168
0,2,0,0.5,0.50986,180,0,1,338184
0,3,0,0.5,0.510265,180,0,1,338200
0,1,0,0.5,0.5104,180,0,0,338219
0,0,1,0.5,0.5104,180,0,0,338236
0,0,1,0.5,0.5104,180,0,0,338251
0,-2,1,0.5,0.51013,180,0,0,338268
0,0,0,0.5,0.51013,180,0,0,338288
0,1,0,0.5,0.510265,180,0,1,338300
0,2,0,0.5,0.510535,180,0,1,338317
0,3,0,0.5,0.51094,180,0,1,338333
0,3,0,0.5,0.511345,180,0,1,338349
0,2,0,0.5,0.511615,180,0,1,338366
0,0,0,0.5,0.511615,180,0,1,338382
0,0,1,0.5,0.511615,180,0,1,338400
0,0,0,0.5,0.511615,180,0,1,338416
0,-1,0,0.5,0.51148,180,0,0,338433
0,-3,0,0.5,0.511075,180,0,0,338450
0,-1,0,0.5,0.51094,180,0,0,338467
0,-1,0,0.5,0.510805,180,0,0,338483
0,0,0,0.5,0.510805,180,0,1,338500
0,0,0,0.5,0.510805,180,0,1,338517
0,0,0,0.5,0.510805,180,0,1,338533
0,0,0,0.5,0.510805,180,0,1,338549
0,2,0,0.5,0.511075,180,0,1,338566
0,1,0,0.5,0.51121,180,0,1,338583
0,0,0,0.5,0.51121,180,0,1,338599
0,-2,1,0.5,0.51094,180,0,0,338617
0,-2,1,0.5,0.51067,180,0,0,338633
0,-4,0,0.5,0.51013,180,0,0,338649
0,-5,1,0.5,0.509455,180,0,0,338668
0,-5,0,0.5,0.50878,180,0,1,338683
0,-1,0,0.5,0.508645,180,0,1,338699
0,0,0,0.5,0.508645,180,0,1,338716
0,1,-1,0.5,0.50878,180,0,1,338733
0,2,-1,0.5,0.50905,180,0,1,338750
0,1,0,0.5,0.509185,180,0,0,338767
0,0,0,0.5,0.509185,180,0,0,338782
0,0,0,0.5,0.509185,180,0,0,338799
0,0,1,0.5,0.509185,180,0,0,338819
0,-1,1,0.5,0.50905,180,0,1,338834
0,-1,1,0.5,0.508915,180,0,1,338850
0,0,1,0.5,0.508915,180,0,1,338868
0,0,0,0.5,0.508915,180,0,1,338883
0,2,1,0.5,0.509185,180,0,1,338900
0,1,0,0.5,0.50932,180,0,1,338917
0,1,0,0.5,0.509455,180,0,0,338933
0,0,0,0.5,0.509455,180,0,0,338950
0,0,0,0.5,0.509455,180,0,0,338966
0,0,0,0.5,0.509455,180,0,0,338983
0,0,0,0.5,0.509455,180,0,1,338999
0,0,0,0.5,0.509455,180,0,1,339016
0,2,0,0.5,0.509725,180,0,1,339033
0,2,0,0.5,0.509995,180,0,1,339049
0,1,0,0.5,0.51013,180,0,1,339066
0,2,0,0.5,0.5104,180,0,1,339083
0,0,0,0.5,0.5104,180,0,0,339099
0,-1,0,0.5,0.510265,180,0,0,339118
0,0,0,0.5,0.510265,180,0,0,339132
0,0,0,0.5,0.510265,180,0,0,339149
0,0,0,0.5,0.510265,180,0,1,339166
0,0,0,0.5,0.510265,180,0,1,339182
0,1,0,0.5,0.5104,180,0,1,339199
0,2,0,0.5,0.51067,180,0,1,339218
0,1,0,0.5,0.510805,180,0,1,339232
0,1,0,0.5,0.51094,180,0,1,339250
0,0,1,0.5,0.51094,180,0,1,339268
0,0,0,0.5,0.51094,180,0,0,339284
0,-1,0,0.5,0.510805,180,0,0,339300
0,-3,0,0.5,0.5104,180,0,0,339317
0,-1,0,0.5,0.510265,180,0,0,339334
0,-1,0,0.5,0.51013,180,0,0,339349
0,0,0,0.5,0.51013,180,0,1,339366
0,0,0,0.5,0.51013,180,0,1,339382
0,0,0,0.5,0.51013,180,0,1,339399
0,2,0,0.5,0.5104,180,0,1,339416
0,1,0,0.5,0.510535,180,0,1,339433
0,0,0,0.5,0.510535,180,0,0,339449
0,0,0,0.5,0.510535,180,0,0,339465
0,0,0,0.5,0.510535,180,0,0,339483
0,-5,0,0.5,0.50986,180,0,0,339499
0,-3,0,0.5,0.509455,180,0,0,339517
0,-2,0,0.5,0.509185,180,0,1,339533
0,-2,0,0.5,0.508915,180,0,1,339549
0,-1,0,0.5,0.50878,180,0,1,339566
0,-1,0,0.5,0.508645,180,0,1,339583
0,-1,0,0.5,0.50851,180,0,0,339599
0,-2,-1,0.5,0.50824,180,0,0,339617
0,-2,0,0.5,0.50797,180,0,0,339633
0,-4,0,0.5,0.50743,180,0,0,339649
0,-4,0,0.5,0.50689,180,0,0,339668
0,-3,1,0.5,0.506485,180,0,0,339683
0,-2,0,0.5,0.506215,180,0,1,339700
0,-2,1,0.5,0.505945,180,0,1,339719
0,-2,0,0.5,0.505675,180,0,1,339733
0,-3,0,0.5,0.50527,180,0,0,339749
0,-6,0,0.5,0.50446,180,0,0,339766
0,-5,0,0.5,0.503785,180,0,0,339782
0,-8,0,0.5,0.502705,180,0,0,339799
0,-8,1,0.5,0.501625,180,0,0,339816
0,-9,2,0.5,0.50041,180,0,0,339833
0,-9,2,0.5,0.499195,180,0,0,339850
0,-9,2,0.5,0.49798,180,0,0,339868
0,-22,4,0.5,0.49501,180,0,0,339883
0,-13,2,0.5,0.493255,180,0,0,339900
0,-12,2,0.5,0.491635,180,0,0,339916
0,-10,2,0.5,0.490285,180,0,0,339934
0,-9,1,0.5,0.48907,180,0,0,339950
0,-6,3,0.5,0.48826,180,0,0,339972
0,-4,3,0.5,0.48772,180,0,0,339984
0,-3,3,0.5,0.487315,180,0,0,340000
0,-3,2,0.5,0.48691,180,0,0,340017
0,-5,2,0.5,0.486235,180,0,0,340034
0,-8,2,0.5,0.485155,180,0,0,340050
0,-10,2,0.5,0.483805,180,0,0,340070
0,-8,3,0.5,0.482725,180,0,0,340085
0,-7,4,0.5,0.48178,180,0,0,340101
0,-2,3,0.5,0.48151,180,0,0,340118
0,1,3,0.5,0.481645,180,0,0,340134
0,2,2,0.5,0.481915,180,0,0,340150
0,6,3,0.5,0.482725,180,0,0,340167
0,8,3,0.5,0.483805,180,0,0,340183
0,8,5,0.5,0.484885,180,0,0,340201
0,4,4,0.5,0.485425,180,0,0,340218
0,0,4,0.5,0.485425,180,0,0,340234
0,-2,4,0.5,0.485155,180,0,0,340250
0,1,3,0.5,0.48529,180,0,0,340267
0,28,3,0.5,0.48907,180,0,0,340284
0,19,4,0.5,0.491635,180,0,0,340301
0,17,1,0.5,0.49393,180,0,0,340316
0,16,1,0.5,0.49609,180,0,0,340333
0,7,0,0.5,0.497035,180,0,0,340351
0,-2,1,0.5,0.496765,180,0,0,340368
0,-6,3,0.5,0.495955,180,0,0,340384
0,-6,4,0.5,0.495145,180,0,0,340400
0,-6,5,0.5,0.494335,180,0,0,340420
0,-8,6,0.5,0.493255,180,0,0,340434
0,-6,6,0.5,0.492445,180,0,0,340452
0,-5,8,0.5,0.49177,180,0,0,340469
0,1,9,0.5,0.491905,180,0,0,340485
0,7,10,0.5,0.49285,180,0,0,340503
0,12,10,0.5,0.49447,180,0,0,340519
0,21,10,0.5,0.497305,180,0,0,340534
0,26,10,0.5,0.500815,180,0,0,340553
0,26,8,0.5,0.504325,180,0,0,340571
0,27,9,0.5,0.50797,180,0,0,340585
0,23,10,0.5,0.511075,180,0,0,340602
0,22,11,0.5,0.514045,180,0,0,340619
0,21,11,0.5,0.51688,180,0,0,340636
0,37,29,0.5,0.521875,180,0,0,340661
0,0,0,0.5,0.521875,180,0,0,340665
0,28,16,0.5,0.525655,180,0,0,340687
0,8,27,0.5,0.526735,180,0,0,340707
0,6,12,0.5,0.527545,180,0,0,340720
0,4,11,0.5,0.528085,180,0,0,340736
0,8,12,0.5,0.529165,180,0,0,340754
0,12,13,0.5,0.530785,180,0,0,340770
0,16,14,0.5,0.532945,180,0,0,340786
0,19,16,0.5,0.53551,180,0,0,340805
0,18,17,0.5,0.53794,180,0,0,340821
0,15,17,0.5,0.539965,180,0,0,340837
0,15,17,0.5,0.54199,180,0,0,340856
0,15,16,0.5,0.544015,180,0,0,340871
0,20,17,0.5,0.546715,180,0,0,340887
0,24,18,0.5,0.549955,180,0,0,340904
0,25,18,0.5,0.55333,180,0,0,340922
0,25,19,0.5,0.556705,180,0,0,340941
0,24,21,0.5,0.559945,180,0,0,340957
0,24,22,0.5,0.563185,180,0,0,340974
0,24,23,0.5,0.566425,180,0,0,340989
0,22,23,0.5,0.569395,180,0,0,341008
0,22,22,0.5,0.572365,180,0,0,341024
0,20,21,0.5,0.575065,180,0,0,341039
0,18,21,0.5,0.577495,180,0,0,341055
0,21,21,0.5,0.58033,180,0,0,341072
0,23,22,0.5,0.583435,180,0,1,341090
0,42,41,0.5,0.589105,180,0,1,341109
0,19,22,0.5,0.59167,180,0,1,341122
0,18,23,0.5,0.5941,180,0,0,341139
0,15,22,0.5,0.596125,180,0,0,341157
0,16,23,0.5,0.598285,180,0,0,341173
0,15,22,0.5,0.60031,180,0,0,341190
0,12,21,0.5,0.60193,180,0,0,341205
0,12,22,0.5,0.60355,180,0,0,341222
0,15,22,0.5,0.605575,180,0,0,341239
0,17,21,0.5,0.60787,180,0,0,341254
0,23,24,0.5,0.610975,180,0,0,341272
0,21,24,0.5,0.61381,180,0,0,341289
0,21,24,0.5,0.616645,180,0,0,341305
0,21,24,0.5,0.61948,180,0,0,341324
0,21,24,0.5,0.622315,180,0,0,341341
0,22,24,0.5,0.625285,180,0,0,341357
0,21,24,0.5,0.62812,180,0,0,341372
0,24,24,0.5,0.63136,180,0,0,341390
0,46,48,0.5,0.63757,180,0,0,341415
0,21,19,0.5,0.640405,180,0,0,341424
0,0,5,0.5,0.640405,180,0,0,341434
0,18,24,0.5,0.642835,180,0,0,341456
0,16,24,0.5,0.644995,180,0,0,341472
0,28,24,0.5,0.648775,180,0,0,341496
0,16,48,0.5,0.650935,180,0,0,341515
0,17,24,0.5,0.65323,180,0,0,341526
0,14,24,0.5,0.65512,180,0,0,341539
0,14,24,0.5,0.65701,180,0,0,341556
0,13,24,0.5,0.658765,180,0,0,341572
0,12,22,0.5,0.660385,180,0,0,341590
0,11,22,0.5,0.66187,180,0,0,341605
0,8,22,0.5,0.66295,180,0,0,341623
0,7,22,0.5,0.663895,180,0,0,341641
0,9,24,0.5,0.66511,180,0,0,341656
0,9,24,0.5,0.666325,180,0,0,341673
0,12,24,0.5,0.667945,180,0,0,341690
0,12,24,0.5,0.669565,180,0,0,341705
0,12,24,0.5,0.671185,180,0,0,341724
0,13,24,0.5,0.67294,180,0,0,341741
0,13,24,0.5,0.674695,180,0,0,341756
0,16,24,0.5,0.676855,180,0,0,341773
0,18,24,0.5,0.679285,180,0,0,341791
0,16,22,0.5,0.681445,180,0,0,341808
0,14,22,0.5,0.683335,180,0,0,341824
0,9,22,0.5,0.68455,180,0,0,341840
0,9,24,0.5,0.685765,180,0,0,341856
0,9,24,0.5,0.68698,180,0,0,341872
0,22,48,0.5,0.68995,180,0,0,341899
0,14,24,0.5,0.69184,180,0,0,341911
0,13,24,0.5,0.693595,180,0,0,341925
0,14,24,0.5,0.695485,180,0,0,341940
0,14,23,0.5,0.697375,180,0,0,341956
0,10,23,0.5,0.698725,180,0,0,341972
0,10,22,0.5,0.700075,180,0,1,341990
0,7,23,0.5,0.70102,180,0,1,342005
0,6,23,0.5,0.70183,180,0,1,342022
0,4,24,0.5,0.70237,180,0,0,342039
0,9,24,0.5,0.703585,180,0,0,342055
0,12,24,0.5,0.705205,180,0,0,342071
0,12,24,0.5,0.706825,180,0,0,342089
0,15,24,0.5,0.70885,180,0,0,342104
0,18,24,0.5,0.71,180,0,0,342122
