0,150,-5,0.5,-0.68975,180,0,1,949817
0,0,0,0.5,-0.68975,180,0,0,949824
0,46,-3,0.5,-0.68354,180,0,0,949837
0,45,-3,0.5,-0.677465,180,0,0,949850
0,49,0,0.5,-0.67085,180,0,0,949866
0,51,0,0.5,-0.663965,180,0,0,949883
0,51,0,0.5,-0.65708,180,0,0,949899
0,52,2,0.5,-0.65006,180,0,0,949918
0,45,3,0.5,-0.643985,180,0,0,949934
0,33,3,0.5,-0.63953,180,0,0,949950
0,27,3,0.5,-0.635885,180,0,1,949967
1,22,3,0.5,-0.632915,180,0,1,949986
1,24,4,0.5,-0.629675,180,0,0,950001
0,30,6,0.5,-0.625625,180,0,0,950019
0,34,6,0.5,-0.621035,180,0,0,950035
1,39,7,0.5,-0.61577,180,0,0,950052
0,43,7,0.5,-0.609965,180,0,0,950068
0,44,6,0.5,-0.604025,180,0,0,950089
0,42,7,0.5,-0.598355,180,0,0,950102
1,36,7,0.5,-0.593495,180,0,1,950121
0,27,6,0.5,-0.58985,180,0,1,950137
1,18,5,0.5,-0.58742,180,0,1,950155
0,34,9,0.5,-0.58283,180,0,1,950173
0,17,4,0.5,-0.580535,180,0,1,950187
0,18,5,0.5,-0.578105,180,0,1,950206
0,18,5,0.5,-0.575675,180,0,0,950217
0,18,6,0.5,-0.573245,180,0,0,950237
1,16,5,0.5,-0.571085,180,0,1,950260
0,18,5,0.5,-0.568655,180,0,1,950268
0,15,5,0.5,-0.56663,180,0,1,950288
0,15,4,0.5,-0.564605,180,0,1,950300
0,13,4,0.5,-0.56285,180,0,0,950318
0,12,4,0.5,-0.56123,180,0,0,950334
0,12,3,0.5,-0.55961,180,0,0,950353
2,8,3,0.5,-0.55853,180,0,0,950368
0,9,2,0.5,-0.557315,180,0,0,950383
0,9,3,0.5,-0.5561,180,0,0,950400
3,7,3,0.5,-0.555155,180,0,0,950418
0,10,4,0.5,-0.553805,180,0,0,950434
1,10,4,0.5,-0.552455,180,0,0,950453
0,10,4,0.5,-0.551105,180,0,0,950467
0,10,4,0.5,-0.549755,180,0,0,950484
0,9,4,0.5,-0.54854,180,0,0,950500
0,9,4,0.5,-0.547325,180,0,0,950519
0,7,4,0.5,-0.54638,180,0,0,950537
0,7,3,0.5,-0.545435,180,0,0,950551
0,5,3,0.5,-0.54476,180,0,0,950567
0,6,4,0.5,-0.54395,180,0,0,950584
0,2,1,0.5,-0.54368,180,0,0,950600
0,1,1,0.5,-0.543545,180,0,0,950617
0,0,1,0.5,-0.543545,180,0,0,950633
0,1,0,0.5,-0.54341,180,0,0,950651
0,0,1,0.5,-0.54341,180,0,0,950666
0,0,1,0.5,-0.54341,180,0,0,950683
0,1,0,0.5,-0.543275,180,0,0,950700
0,0,1,0.5,-0.543275,180,0,0,950716
0,1,1,0.5,-0.54314,180,0,0,950733
0,2,1,0.5,-0.54287,180,0,0,950751
0,3,1,0.5,-0.542465,180,0,0,950767
0,2,1,0.5,-0.542195,180,0,0,950783
0,3,1,0.5,-0.54179,180,0,0,950800
0,2,1,0.5,-0.54152,180,0,0,950817
0,4,1,0.5,-0.54098,180,0,0,950833
0,5,1,0.5,-0.540305,180,0,0,950850
0,5,1,0.5,-0.53963,180,0,0,950867
0,8,0,0.5,-0.53855,180,0,0,950883
0,8,0,0.5,-0.53747,180,0,0,950900
0,11,-1,0.5,-0.535985,180,0,0,950918
0,11,-3,0.5,-0.5345,180,0,0,950934
0,27,-5,0.5,-0.530855,180,0,0,950952
0,16,-2,0.5,-0.528695,180,0,0,950969
0,19,-2,0.5,-0.52613,180,0,0,950983
0,24,-1,0.5,-0.52289,180,0,0,951000
0,28,-1,0.5,-0.51911,180,0,0,951017
0,30,-1,0.5,-0.51506,180,0,0,951033
0,39,-1,0.5,-0.509795,180,0,0,951050
0,43,-2,0.5,-0.50399,180,0,0,951068
0,45,-1,0.5,-0.497915,180,0,0,951084
0,45,-2,0.5,-0.49184,180,0,0,951100
0,44,-3,0.5,-0.4859,180,0,0,951118
0,43,-3,0.5,-0.480095,180,0,0,951134
0,39,-5,0.5,-0.47483,180,0,0,951151
0,37,-5,0.5,-0.469835,180,0,0,951168
0,27,-5,0.5,-0.46619,180,0,0,951185
0,21,-4,0.5,-0.463355,180,0,0,951200
0,17,-3,0.5,-0.46106,180,0,0,951217
0,16,-3,0.5,-0.4589,180,0,0,951234
0,19,-3,0.5,-0.456335,180,0,0,951250
0,23,-2,0.5,-0.45323,180,0,0,951267
0,28,-2,0.5,-0.44945,180,0,0,951284
0,33,-2,0.5,-0.444995,180,0,0,951300
0,35,0,0.5,-0.44027,180,0,0,951316
0,38,0,0.5,-0.43514,180,0,0,951333
0,41,0,0.5,-0.429605,180,0,0,951350
0,88,-3,0.5,-0.417725,180,0,0,951368
0,43,-5,0.5,-0.41192,180,0,0,951386
0,40,-4,0.5,-0.40652,180,0,0,951400
0,37,-3,0.5,-0.401525,180,0,0,951417
1,32,-2,0.5,-0.397205,180,0,0,951436
0,32,-3,0.5,-0.392885,180,0,0,951450
0,34,-2,0.5,-0.388295,180,0,0,951467
0,35,-2,0.5,-0.38357,180,0,0,951484
2,35,-2,0.5,-0.378845,180,0,0,951501
0,38,-2,0.5,-0.373715,180,0,0,951517
0,37,-3,0.5,-0.36872,180,0,0,951537
0,33,-4,0.5,-0.364265,180,0,0,951551
2,28,-4,0.5,-0.360485,180,0,0,951568
0,31,-4,0.5,-0.3563,180,0,0,951584
0,31,-3,0.5,-0.352115,180,0,0,951600
1,34,-2,0.5,-0.347525,180,0,0,951621
0,36,0,0.5,-0.342665,180,0,0,951633
0,40,-2,0.5,-0.337265,180,0,0,951651
0,38,-3,0.5,-0.332135,180,0,0,951668
0,36,-4,0.5,-0.327275,180,0,0,951691
0,59,-7,0.5,-0.31931,180,0,0,951712
2,22,-2,0.5,-0.31634,180,0,0,951726
0,0,0,0.5,-0.31634,180,0,0,951733
0,24,-1,0.5,-0.3131,180,0,0,951750
0,49,0,0.5,-0.306485,180,0,0,951767
0,27,1,0.5,-0.30284,180,0,0,951783
1,23,2,0.5,-0.299735,180,0,0,951801
0,23,2,0.5,-0.29663,180,0,0,951818
1,16,2,0.5,-0.29447,180,0,0,951836
0,19,2,0.5,-0.291905,180,0,0,951850
0,13,2,0.5,-0.29015,180,0,0,951867
0,10,2,0.5,-0.2888,180,0,0,951883
0,8,2,0.5,-0.28772,180,0,0,951901
0,5,2,0.5,-0.287045,180,0,0,951917
0,3,2,0.5,-0.28664,180,0,0,951933
1,0,3,0.5,-0.28664,180,0,0,951956
0,1,3,0.5,-0.286505,180,0,0,951967
0,-1,3,0.5,-0.28664,180,0,0,951984
0,-2,3,0.5,-0.28691,180,0,0,952001
1,-2,2,0.5,-0.28718,180,0,0,952020
0,-1,3,0.5,-0.287315,180,0,0,952034
0,0,3,0.5,-0.287315,180,0,0,952051
0,0,2,0.5,-0.287315,180,0,0,952067
0,2,3,0.5,-0.287045,180,0,0,952084
0,2,2,0.5,-0.286775,180,0,0,952101
0,4,2,0.5,-0.286235,180,0,0,952116
0,4,2,0.5,-0.285695,180,0,0,952134
0,10,2,0.5,-0.284345,180,0,0,952155
0,5,0,0.5,-0.28367,180,0,0,952167
0,2,0,0.5,-0.2834,180,0,0,952183
0,3,0,0.5,-0.282995,180,0,0,952201
0,1,0,0.5,-0.28286,180,0,0,952216
0,1,0,0.5,-0.282725,180,0,0,952233
0,2,0,0.5,-0.282455,180,0,0,952251
0,2,0,0.5,-0.282185,180,0,0,952267
-1,1,0,0.5,-0.28205,180,0,0,952285
-2,2,0,0.5,-0.28178,180,0,0,952301
0,4,1,0.5,-0.28124,180,0,0,952317
0,4,1,0.5,-0.2807,180,0,0,952333
0,5,1,0.5,-0.280025,180,0,0,952350
-1,5,2,0.5,-0.27935,180,0,0,952368
0,6,2,0.5,-0.27854,180,0,0,952384
0,7,2,0.5,-0.277595,180,0,0,952400
0,7,2,0.5,-0.27665,180,0,0,952417
2,12,5,0.5,-0.27503,180,0,0,952441
0,0,0,0.5,-0.27503,180,0,0,952449
1,15,4,0.5,-0.273005,180,0,0,952472
0,0,0,0.5,-0.273005,180,0,0,952482
0,7,2,0.5,-0.27206,180,0,0,952501
0,7,1,0.5,-0.271115,180,0,0,952518
0,8,1,0.5,-0.270035,180,0,0,952533
0,13,2,0.5,-0.26828,180,0,0,952556
0,9,1,0.5,-0.267065,180,0,0,952566
0,8,0,0.5,-0.265985,180,0,0,952583
0,8,0,0.5,-0.264905,180,0,0,952600
0,9,0,0.5,-0.26369,180,0,0,952616
0,11,-1,0.5,-0.262205,180,0,0,952633
0,11,0,0.5,-0.26072,180,0,0,952652
1,12,0,0.5,-0.2591,180,0,0,952668
0,13,0,0.5,-0.257345,180,0,0,952683
0,13,0,0.5,-0.25559,180,0,0,952699
0,14,1,0.5,-0.2537,180,0,0,952716
2,8,1,0.5,-0.25262,180,0,0,952738
0,11,2,0.5,-0.251135,180,0,0,952751
1,10,2,0.5,-0.249785,180,0,0,952767
0,11,2,0.5,-0.2483,180,0,0,952784
1,7,2,0.5,-0.247355,180,0,0,952802
0,8,3,0.5,-0.246275,180,0,0,952817
0,7,3,0.5,-0.24533,180,0,0,952833
0,6,3,0.5,-0.24452,180,0,0,952852
1,4,3,0.5,-0.24398,180,0,0,952867
0,5,3,0.5,-0.243305,180,0,0,952884
0,5,3,0.5,-0.24263,180,0,0,952900
0,4,2,0.5,-0.24209,180,0,0,952916
0,3,1,0.5,-0.241685,180,0,0,952933
0,1,0,0.5,-0.24155,180,0,0,952950
0,0,0,0.5,-0.24155,180,0,0,952966
0,-2,0,0.5,-0.24182,180,0,0,952983
0,0,0,0.5,-0.24182,180,0,0,952999
0,3,2,0.5,-0.241415,180,0,0,953017
0,5,1,0.5,-0.24074,180,0,0,953034
0,6,2,0.5,-0.23993,180,0,0,953053
0,7,1,0.5,-0.238985,180,0,0,953066
0,7,2,0.5,-0.23804,180,0,0,953084
-1,7,2,0.5,-0.237095,180,0,0,953104
0,5,2,0.5,-0.23642,180,0,0,953119
0,5,2,0.5,-0.235745,180,0,0,953133
0,3,2,0.5,-0.23534,180,0,0,953151
0,3,3,0.5,-0.234935,180,0,0,953167
0,2,2,0.5,-0.234665,180,0,0,953184
0,2,2,0.5,-0.234395,180,0,0,953201
0,2,2,0.5,-0.234125,180,0,0,953217
0,3,2,0.5,-0.23372,180,0,0,953233
0,2,2,0.5,-0.23345,180,0,0,953250
0,5,1,0.5,-0.232775,180,0,0,953266
0,5,1,0.5,-0.2321,180,0,0,953283
0,6,1,0.5,-0.23129,180,0,0,953300
0,7,1,0.5,-0.230345,180,0,0,953316
0,16,1,0.5,-0.228185,180,0,0,953335
0,0,0,0.5,-0.228185,180,0,0,953349
0,15,0,0.5,-0.22616,180,0,0,953366
0,7,0,0.5,-0.225215,180,0,0,953383
0,7,-1,0.5,-0.22427,180,0,0,953400
0,7,-2,0.5,-0.223325,180,0,0,953417
-1,10,-1,0.5,-0.221975,180,0,0,953436
0,12,0,0.5,-0.220355,180,0,0,953449
0,14,0,0.5,-0.218465,180,0,0,953466
0,15,-1,0.5,-0.21644,180,0,0,953483
0,19,-2,0.5,-0.213875,180,0,0,953501
0,22,-3,0.5,-0.210905,180,0,0,953518
0,27,-4,0.5,-0.20726,180,0,0,953534
0,25,-4,0.5,-0.203885,180,0,0,953550
1,23,-4,0.5,-0.20078,180,0,0,953568
0,22,-2,0.5,-0.19781,180,0,0,953583
2,17,-2,0.5,-0.195515,180,0,0,953601
0,21,-1,0.5,-0.19268,180,0,0,953616
0,22,-1,0.5,-0.18971,180,0,0,953634
0,22,-1,0.5,-0.18674,180,0,0,953649
0,25,-2,0.5,-0.183365,180,0,0,953667
2,22,-2,0.5,-0.180395,180,0,0,953687
0,27,-3,0.5,-0.17675,180,0,0,953700
0,26,-3,0.5,-0.17324,180,0,0,953717
0,27,-3,0.5,-0.169595,180,0,0,953734
2,43,-6,0.5,-0.16379,180,0,0,953752
0,0,0,0.5,-0.16379,180,0,0,953766
0,25,0,0.5,-0.160415,180,0,0,953784
0,11,2,0.5,-0.15893,180,0,0,953800
-1,10,3,0.5,-0.15758,180,0,0,953817
0,13,3,0.5,-0.155825,180,0,0,953834
0,13,2,0.5,-0.15407,180,0,0,953850
0,15,2,0.5,-0.152045,180,0,0,953866
1,12,2,0.5,-0.150425,180,0,0,953885
0,13,3,0.5,-0.14867,180,0,0,953901
0,11,3,0.5,-0.147185,180,0,0,953917
0,9,2,0.5,-0.14597,180,0,0,953935
3,5,3,0.5,-0.145295,180,0,0,953952
0,4,3,0.5,-0.144755,180,0,0,953968
0,3,3,0.5,-0.14435,180,0,0,953984
0,3,2,0.5,-0.143945,180,0,0,954000
0,1,3,0.5,-0.14381,180,0,0,954018
-1,0,2,0.5,-0.14381,180,0,0,954035
0,0,2,0.5,-0.14381,180,0,0,954050
0,1,2,0.5,-0.143675,180,0,0,954067
0,0,1,0.5,-0.143675,180,0,0,954084
0,1,2,0.5,-0.14354,180,0,0,954100
0,2,1,0.5,-0.14327,180,0,0,954116
0,1,2,0.5,-0.143135,180,0,0,954134
0,5,2,0.5,-0.14246,180,0,0,954152
0,0,0,0.5,-0.14246,180,0,0,954166
0,2,1,0.5,-0.14219,180,0,0,954185
0,5,3,0.5,-0.141515,180,0,0,954200
0,2,2,0.5,-0.141245,180,0,0,954217
0,2,1,0.5,-0.140975,180,0,0,954234
0,3,2,0.5,-0.14057,180,0,0,954250
-1,1,2,0.5,-0.140435,180,0,0,954267
-1,2,1,0.5,-0.140165,180,0,0,954284
0,3,2,0.5,-0.13976,180,0,0,954300
0,3,1,0.5,-0.139355,180,0,0,954316
0,3,1,0.5,-0.13895,180,0,0,954334
0,4,1,0.5,-0.13841,180,0,0,954350
0,4,1,0.5,-0.13787,180,0,0,954366
0,4,1,0.5,-0.13733,180,0,0,954383
0,4,0,0.5,-0.13679,180,0,0,954399
0,3,0,0.5,-0.136385,180,0,0,954416
0,1,0,0.5,-0.13625,180,0,0,954433
0,1,0,0.5,-0.136115,180,0,0,954449
0,-1,0,0.5,-0.13625,180,0,0,954466
0,-2,1,0.5,-0.13652,180,0,0,954484
0,0,1,0.5,-0.13652,180,0,0,954500
0,0,2,0.5,-0.13652,180,0,0,954516
0,2,2,0.5,-0.13625,180,0,0,954536
0,5,2,0.5,-0.135575,180,0,0,954550
0,10,3,0.5,-0.134225,180,0,0,954567
-1,5,5,0.5,-0.13355,180,0,0,954591
-1,6,3,0.5,-0.13274,180,0,0,954603
-1,5,2,0.5,-0.132065,180,0,0,954617
0,5,2,0.5,-0.13139,180,0,0,954634
0,4,2,0.5,-0.13085,180,0,0,954651
0,3,2,0.5,-0.130445,180,0,0,954667
0,4,2,0.5,-0.129905,180,0,0,954684
0,2,1,0.5,-0.129635,180,0,0,954702
0,3,2,0.5,-0.12923,180,0,0,954717
0,2,2,0.5,-0.12896,180,0,0,954736
0,1,1,0.5,-0.128825,180,0,0,954749
0,1,1,0.5,-0.12869,180,0,0,954766
0,1,1,0.5,-0.128555,180,0,0,954784
0,1,1,0.5,-0.12842,180,0,0,954801
0,1,1,0.5,-0.128285,180,0,0,954817
0,1,1,0.5,-0.12815,180,0,0,954833
0,1,1,0.5,-0.128015,180,0,0,954850
0,1,1,0.5,-0.12788,180,0,0,954866
0,1,1,0.5,-0.127745,180,0,0,954883
0,2,1,0.5,-0.127475,180,0,0,954900
-1,0,1,0.5,-0.127475,180,0,0,954917
0,2,1,0.5,-0.127205,180,0,0,954934
0,2,1,0.5,-0.126935,180,0,0,954950
0,2,2,0.5,-0.126665,180,0,0,954968
0,2,1,0.5,-0.126395,180,0,0,954984
0,2,1,0.5,-0.126125,180,0,0,955000
0,2,1,0.5,-0.125855,180,0,0,955017
2,-1,1,0.5,-0.12599,180,0,0,955034
0,1,1,0.5,-0.125855,180,0,0,955050
0,2,2,0.5,-0.125585,180,0,0,955067
0,2,1,0.5,-0.125315,180,0,0,955083
0,1,1,0.5,-0.12518,180,0,0,955101
1,2,1,0.5,-0.12491,180,0,0,955117
0,2,1,0.5,-0.12464,180,0,0,955133
3,0,1,0.5,-0.12464,180,0,0,955151
0,1,1,0.5,-0.124505,180,0,0,955167
0,1,1,0.5,-0.12437,180,0,0,955183
0,2,1,0.5,-0.1241,180,0,0,955200
0,2,1,0.5,-0.12383,180,0,0,955216
2,-1,0,0.5,-0.123965,180,0,0,955234
0,1,1,0.5,-0.12383,180,0,0,955250
0,2,1,0.5,-0.12356,180,0,0,955268
2,-2,1,0.5,-0.12383,180,0,0,955285
0,2,1,0.5,-0.12356,180,0,0,955300
1,0,1,0.5,-0.12356,180,0,0,955317
0,1,0,0.5,-0.123425,180,0,0,955333
0,2,1,0.5,-0.123155,180,0,0,955352
0,1,0,0.5,-0.12302,180,0,0,955366
0,2,1,0.5,-0.12275,180,0,0,955384
1,-1,1,0.5,-0.122885,180,0,0,955402
0,1,0,0.5,-0.12275,180,0,0,955416
0,2,0,0.5,-0.12248,180,0,0,955433
0,2,0,0.5,-0.12221,180,0,0,955450
0,2,0,0.5,-0.12194,180,0,0,955466
0,0,1,0.5,-0.12194,180,0,0,955483
0,0,1,0.5,-0.12194,180,0,0,955500
0,0,1,0.5,-0.12194,180,0,0,955517
0,0,1,0.5,-0.12194,180,0,0,955533
0,0,2,0.5,-0.12194,180,0,0,955550
0,1,2,0.5,-0.121805,180,0,0,955566
0,2,2,0.5,-0.121535,180,0,0,955584
0,4,2,0.5,-0.120995,180,0,0,955600
0,3,2,0.5,-0.12059,180,0,0,955617
0,4,2,0.5,-0.12005,180,0,0,955633
0,4,2,0.5,-0.11951,180,0,0,955652
0,3,2,0.5,-0.119105,180,0,0,955667
0,2,2,0.5,-0.118835,180,0,0,955683
0,1,0,0.5,-0.1187,180,0,0,955700
0,2,0,0.5,-0.11843,180,0,0,955717
0,2,0,0.5,-0.11816,180,0,0,955733
-1,10,2,0.5,-0.11681,180,0,0,955752
0,0,0,0.5,-0.11681,180,0,0,955766
0,7,1,0.5,-0.115865,180,0,0,955784
-1,5,1,0.5,-0.11519,180,0,0,955804
0,4,0,0.5,-0.11465,180,1,1,955818
0,4,1,0.5,-0.11411,180,1,1,955836
0,5,1,0.5,-0.113435,180,1,1,955851
0,6,1,0.5,-0.112625,180,0,1,955866
0,6,1,0.5,-0.111815,180,0,0,955884
0,6,1,0.5,-0.111005,180,0,0,955900
0,6,1,0.5,-0.110195,180,0,0,955916
0,6,0,0.5,-0.109385,180,0,0,955933
0,6,0,0.5,-0.108575,180,0,0,955950
0,5,0,0.5,-0.1079,180,0,0,955966
0,7,-2,0.5,-0.106955,180,0,1,955984
0,11,-2,0.5,-0.10547,180,0,1,956000
0,17,-2,0.5,-0.103175,180,0,1,956016
0,23,-1,0.5,-0.10007,180,0,1,956033
0,30,0,0.5,-0.09602,180,0,1,956051
0,32,2,0.5,-0.0917,180,0,1,956067
0,34,6,0.5,-0.08711,180,0,1,956090
0,64,16,0.5,-0.07847,180,0,1,956114
0,26,8,0.5,-0.07496,180,0,1,956125
0,0,0,0.5,-0.07496,180,0,1,956133
0,23,9,0.5,-0.071855,180,0,1,956152
0,20,10,0.5,-0.069155,180,0,1,956169
0,38,23,0.5,-0.064025,180,0,1,956189
0,16,11,0.5,-0.061865,180,0,1,956205
0,16,10,0.5,-0.059705,180,0,1,956218
0,13,9,0.5,-0.05795,180,0,1,956236
0,12,9,0.5,-0.05633,180,0,1,956254
0,11,8,0.5,-0.054845,180,0,1,956268
0,9,8,0.5,-0.05363,180,0,0,956286
0,8,8,0.5,-0.05255,180,0,0,956302
0,6,7,0.5,-0.05174,180,0,0,956319
0,5,7,0.5,-0.051065,180,0,1,956334
0,3,6,0.5,-0.05066,180,0,1,956354
0,4,6,0.5,-0.05012,180,0,1,956369
0,2,5,0.5,-0.04985,180,0,0,956384
0,2,4,0.5,-0.04958,180,0,0,956401
0,3,4,0.5,-0.049175,180,0,0,956417
0,2,2,0.5,-0.048905,180,0,1,956435
0,4,2,0.5,-0.048365,180,0,1,956450
0,4,0,0.5,-0.047825,180,0,1,956466
0,7,0,0.5,-0.04688,180,0,0,956484
0,8,-1,0.5,-0.0458,180,0,0,956500
0,10,-2,0.5,-0.04445,180,0,0,956516
0,11,-2,0.5,-0.042965,180,0,0,956533
1,22,-3,0.5,-0.039995,180,0,1,956555
0,0,0,0.5,-0.039995,180,0,1,956566
0,27,1,0.5,-0.03635,180,0,1,956585
0,14,1,0.5,-0.03446,180,0,1,956601
1,12,2,0.5,-0.03284,180,0,0,956617
0,14,2,0.5,-0.03095,180,0,0,956633
0,13,2,0.5,-0.029195,180,0,0,956651
0,13,3,0.5,-0.02744,180,0,1,956667
0,12,3,0.5,-0.02582,180,0,1,956690
0,14,2,0.5,-0.02393,180,0,1,956700
0,13,3,0.5,-0.022175,180,0,0,956716
0,15,3,0.5,-0.02015,180,0,0,956735
0,13,3,0.5,-0.018395,180,0,0,956751
0,13,4,0.5,-0.01664,180,0,0,956767
1,12,4,0.5,-0.01502,180,0,1,956787
1,10,4,0.5,-0.01367,180,0,1,956802
1,11,4,0.5,-0.012185,180,0,1,956818
0,12,3,0.5,-0.010565,180,0,0,956834
0,10,3,0.5,-0.009215,180,0,0,956851
0,8,4,0.5,-0.008135,180,0,0,956867
0,7,4,0.5,-0.00719,180,0,0,956884
0,8,4,0.5,-0.00611,180,0,1,956901
0,8,4,0.5,-0.00503,180,0,1,956917
1,14,10,0.5,-0.00314,180,0,1,956940
0,0,0,0.5,-0.00314,180,0,1,956949
0,14,10,0.5,-0.00125,180,0,0,956976
2,3,3,0.5,-0.000845,180,0,0,956988
0,3,3,0.5,-0.00044,180,0,0,957001
0,2,2,0.5,-0.00017,180,0,0,957016
0,1,2,0.5,-0.000035,180,0,1,957034
2,-1,2,0.5,-0.00017,180,0,1,957053
0,1,2,0.5,-0.000035,180,0,1,957066
0,1,1,0.5,0.0001,180,0,0,957083
0,3,0,0.5,0.000505,180,0,0,957100
0,2,0,0.5,0.000775,180,0,0,957116
0,0,1,0.5,0.000775,180,0,0,957133
0,0,0,0.5,0.000775,180,0,1,957150
0,0,0,0.5,0.000775,180,0,1,957167
0,-3,0,0.5,0.00037,180,0,1,957183
0,-1,0,0.5,0.000235,180,0,1,957200
0,0,0,0.5,0.000235,180,0,0,957216
0,0,0,0.5,0.000235,180,0,0,957232
0,3,0,0.5,0.00064,180,0,0,957249
0,2,0,0.5,0.00091,180,0,0,957266
0,2,1,0.5,0.00118,180,0,0,957283
0,1,1,0.5,0.001315,180,0,1,957301
0,1,0,0.5,0.00145,180,0,1,957316
0,2,0,0.5,0.00172,180,0,1,957333
-1,6,0,0.5,0.00253,180,0,1,957353
0,0,0,0.5,0.00253,180,0,0,957366
-1,5,1,0.5,0.003205,180,0,0,957384
0,1,1,0.5,0.00334,180,0,0,957400
0,-2,2,0.5,0.00307,180,0,0,957417
0,-4,2,0.5,0.00253,180,0,0,957434
0,-4,3,0.5,0.00199,180,0,0,957450
0,-2,3,0.5,0.00172,180,0,0,957467
0,-3,3,0.5,0.001315,180,0,0,957484
0,-5,2,0.5,0.00064,180,0,0,957500
0,-6,3,0.5,-0.00017,180,0,0,957517
0,-8,1,0.5,-0.00125,180,0,1,957533
0,-3,1,0.5,-0.001655,180,0,1,957550
0,-1,1,0.5,-0.00179,180,0,1,957566
0,2,1,0.5,-0.00152,180,0,1,957584
0,8,2,0.5,-0.00044,180,0,0,957601
0,7,2,0.5,0.000505,180,0,0,957620
0,7,2,0.5,0.00145,180,0,0,957634
0,6,1,0.5,0.00226,180,0,0,957650
-1,5,2,0.5,0.002935,180,0,0,957667
0,3,1,0.5,0.00334,180,0,0,957683
0,2,1,0.5,0.00361,180,0,1,957700
0,0,1,0.5,0.00361,180,0,1,957717
0,0,1,0.5,0.00361,180,0,1,957734
1,-1,2,0.5,0.003475,180,0,0,957752
0,0,0,0.5,0.003475,180,0,0,957766
0,0,0,0.5,0.003475,180,0,0,957782
0,0,2,0.5,0.003475,180,0,0,957800
0,1,1,0.5,0.00361,180,0,0,957816
1,0,1,0.5,0.00361,180,0,0,957834
0,1,0,0.5,0.003745,180,0,0,957850
1,0,1,0.5,0.003745,180,0,1,957870
0,0,0,0.5,0.003745,180,0,1,957882
0,1,1,0.5,0.00388,180,0,1,957900
0,2,1,0.5,0.00415,180,0,0,957916
0,1,1,0.5,0.004285,180,0,0,957933
1,0,1,0.5,0.004285,180,0,0,957950
0,1,1,0.5,0.00442,180,0,0,957968
0,0,1,0.5,0.00442,180,0,0,957984
0,1,0,0.5,0.004555,180,0,0,957999
0,1,1,0.5,0.00469,180,0,0,958017
0,0,0,0.5,0.00469,180,0,0,958033
0,1,1,0.5,0.004825,180,0,0,958050
0,1,0,0.5,0.00496,180,0,0,958066
0,2,1,0.5,0.00523,180,0,0,958083
1,-1,0,0.5,0.005095,180,0,0,958101
0,2,1,0.5,0.005365,180,0,0,958118
0,1,1,0.5,0.0055,180,0,0,958133
0,2,1,0.5,0.00577,180,0,0,958150
0,2,1,0.5,0.00604,180,0,0,958166
2,3,3,0.5,0.006445,180,0,0,958186
2,2,2,0.5,0.006715,180,0,0,958201
1,2,1,0.5,0.006985,180,0,0,958217
0,6,2,0.5,0.007795,180,0,0,958233
0,5,2,0.5,0.00847,180,0,0,958250
0,7,2,0.5,0.009415,180,0,0,958266
0,7,2,0.5,0.01036,180,0,0,958283
1,8,2,0.5,0.01144,180,0,0,958301
0,10,2,0.5,0.01279,180,0,0,958317
0,7,2,0.5,0.013735,180,0,0,958337
0,8,1,0.5,0.014815,180,0,0,958350
0,4,0,0.5,0.015355,180,0,0,958366
0,4,1,0.5,0.015895,180,0,0,958383
0,2,1,0.5,0.016165,180,0,0,958400
2,-1,0,0.5,0.01603,180,0,0,958418
0,3,0,0.5,0.016435,180,0,0,958433
0,3,-1,0.5,0.01684,180,0,0,958450
0,1,0,0.5,0.016975,180,0,0,958466
0,3,-1,0.5,0.01738,180,0,0,958483
1,2,0,0.5,0.01765,180,0,0,958500
0,7,0,0.5,0.018595,180,0,0,958516
0,12,1,0.5,0.020215,180,0,0,958534
0,16,0,0.5,0.022375,180,0,0,958550
0,20,0,0.5,0.025075,180,0,0,958566
0,43,-3,0.5,0.03088,180,0,1,958585
1,20,-3,0.5,0.03358,180,0,1,958601
0,17,-2,0.5,0.035875,180,0,1,958616
1,16,-1,0.5,0.038035,180,0,1,958634
0,17,0,0.5,0.04033,180,0,1,958650
0,17,0,0.5,0.042625,180,0,0,958666
0,15,0,0.5,0.04465,180,0,0,958682
0,15,0,0.5,0.046675,180,0,0,958700
0,14,0,0.5,0.048565,180,0,0,958716
0,12,0,0.5,0.050185,180,0,0,958732
1,11,1,0.5,0.05167,180,0,0,958752
0,11,0,0.5,0.053155,180,0,0,958766
0,10,1,0.5,0.054505,180,0,0,958785
1,8,1,0.5,0.055585,180,0,0,958804
0,8,1,0.5,0.056665,180,0,0,958816
0,7,1,0.5,0.05761,180,0,0,958833
0,6,1,0.5,0.05842,180,0,1,958850
0,4,1,0.5,0.05896,180,0,1,958867
0,4,1,0.5,0.0595,180,0,1,958884
0,6,1,0.5,0.06031,180,0,1,958899
0,6,2,0.5,0.06112,180,0,1,958918
2,4,3,0.5,0.06166,180,0,1,958938
0,0,0,0.5,0.06166,180,0,0,958949
1,4,2,0.5,0.0622,180,0,0,958967
0,0,0,0.5,0.0622,180,0,0,958983
0,5,-1,0.5,0.062875,180,0,0,959000
1,6,-2,0.5,0.063685,180,0,0,959020
0,10,-2,0.5,0.065035,180,0,0,959033
0,14,-3,0.5,0.066925,180,0,0,959051
1,16,-4,0.5,0.069085,180,0,0,959068
0,18,-4,0.5,0.071515,180,0,0,959084
0,21,-3,0.5,0.07435,180,0,0,959100
0,20,-2,0.5,0.07705,180,0,0,959117
0,21,-2,0.5,0.079885,180,0,0,959133
0,21,-2,0.5,0.08272,180,0,0,959150
0,23,-3,0.5,0.085825,180,0,0,959167
1,18,-3,0.5,0.088255,180,0,0,959185
0,18,-2,0.5,0.090685,180,0,0,959200
0,18,-1,0.5,0.093115,180,0,0,959222
0,17,0,0.5,0.09541,180,0,0,959234
1,17,3,0.5,0.097705,180,0,0,959251
0,20,6,0.5,0.100405,180,0,0,959267
0,24,8,0.5,0.103645,180,0,0,959285
0,29,8,0.5,0.10756,180,0,0,959301
0,37,7,0.5,0.112555,180,0,0,959317
0,40,6,0.5,0.117955,180,0,0,959335
0,41,4,0.5,0.12349,180,0,0,959350
0,36,4,0.5,0.12835,180,0,0,959367
0,34,3,0.5,0.13294,180,0,0,959384
0,67,9,0.5,0.141985,180,0,0,959403
0,35,6,0.5,0.14671,180,0,0,959418
0,31,5,0.5,0.150895,180,0,0,959434
0,32,6,0.5,0.155215,180,0,0,959451
0,27,4,0.5,0.15886,180,0,0,959467
0,27,5,0.5,0.162505,180,0,0,959484
0,24,4,0.5,0.165745,180,0,0,959501
-1,23,3,0.5,0.16885,180,0,0,959518
0,21,3,0.5,0.171685,180,0,0,959533
0,22,4,0.5,0.174655,180,0,0,959550
0,22,4,0.5,0.177625,180,0,0,959567
1,20,5,0.5,0.180325,180,0,0,959584
0,21,5,0.5,0.18316,180,0,0,959601
0,20,4,0.5,0.18586,180,0,0,959617
0,20,5,0.5,0.18856,180,0,0,959634
1,16,4,0.5,0.19072,180,0,0,959651
0,15,3,0.5,0.192745,180,0,0,959667
0,9,1,0.5,0.19396,180,0,0,959683
0,6,0,0.5,0.19477,180,0,0,959699
0,4,0,0.5,0.19531,180,0,0,959716
1,1,0,0.5,0.195445,180,0,0,959733
0,2,0,0.5,0.195715,180,0,0,959750
0,2,0,0.5,0.195985,180,0,0,959767
0,1,0,0.5,0.19612,180,0,0,959783
0,4,2,0.5,0.19666,180,0,0,959800
0,2,2,0.5,0.19693,180,0,0,959817
2,-1,2,0.5,0.196795,180,0,0,959835
0,1,3,0.5,0.19693,180,0,0,959850
1,0,3,0.5,0.19693,180,0,0,959871
0,2,3,0.5,0.1972,180,0,0,959883
1,1,3,0.5,0.197335,180,0,0,959903
0,3,3,0.5,0.19774,180,0,0,959919
0,3,3,0.5,0.198145,180,0,0,959933
1,2,3,0.5,0.198415,180,0,0,959952
0,3,2,0.5,0.19882,180,0,0,959967
0,2,2,0.5,0.19909,180,0,0,959983
0,3,2,0.5,0.199495,180,0,0,960000
0,3,2,0.5,0.1999,180,0,0,960017
1,2,2,0.5,0.20017,180,0,0,960034
0,3,2,0.5,0.200575,180,0,0,960050
0,2,1,0.5,0.200845,180,0,0,960066
0,3,2,0.5,0.20125,180,0,0,960084
2,1,1,0.5,0.201385,180,0,0,960100
0,2,1,0.5,0.201655,180,0,0,960116
0,2,1,0.5,0.201925,180,0,0,960133
0,3,2,0.5,0.20233,180,0,0,960150
0,4,2,0.5,0.20287,180,0,0,960167
0,3,1,0.5,0.203275,180,0,0,960184
0,10,3,0.5,0.204625,180,0,0,960200
0,6,1,0.5,0.205435,180,0,0,960217
0,4,2,0.5,0.205975,180,0,0,960233
0,5,2,0.5,0.20665,180,0,0,960250
0,4,2,0.5,0.20719,180,0,0,960267
0,2,1,0.5,0.20746,180,0,0,960283
0,0,0,0.5,0.20746,180,0,0,960299
0,0,0,0.5,0.20746,180,0,0,960316
0,-3,0,0.5,0.207055,180,0,0,960332
0,-1,0,0.5,0.20692,180,0,0,960349
0,-1,0,0.5,0.206785,180,0,0,960366
0,-1,0,0.5,0.20665,180,0,0,960383
0,-1,0,0.5,0.206515,180,0,0,960399
0,0,0,0.5,0.206515,180,0,0,960415
0,0,0,0.5,0.206515,180,0,0,960432
2,1,0,0.5,0.20665,180,0,0,960451
0,2,0,0.5,0.20692,180,0,0,960466
0,2,0,0.5,0.20719,180,0,0,960482
0,3,0,0.5,0.207595,180,0,0,960499
0,1,-1,0.5,0.20773,180,0,0,960516
0,2,0,0.5,0.208,180,0,0,960532
0,6,-1,0.5,0.20881,180,0,1,960549
0,8,-1,0.5,0.20989,180,0,1,960566
0,12,-2,0.5,0.21151,180,0,1,960584
2,35,-5,0.5,0.216235,180,0,1,960604
0,24,-1,0.5,0.219475,180,0,1,960617
2,23,0,0.5,0.22258,180,0,1,960634
1,26,0,0.5,0.22609,180,0,1,960650
0,31,2,0.5,0.230275,180,0,1,960667
1,28,3,0.5,0.234055,180,0,1,960686
0,25,3,0.5,0.23743,180,0,1,960700
2,21,4,0.5,0.240265,180,0,1,960723
0,23,6,0.5,0.24337,180,0,1,960737
0,21,7,0.5,0.246205,180,0,1,960754
0,20,8,0.5,0.248905,180,0,1,960769
0,15,9,0.5,0.25093,180,0,1,960786
1,5,8,0.5,0.251605,180,0,0,960805
0,-4,8,0.5,0.251065,180,0,0,960817
0,-12,7,0.5,0.249445,180,0,0,960836
0,-13,7,0.5,0.24769,180,0,0,960856
0,-15,5,0.5,0.245665,180,0,0,960867
0,-12,5,0.5,0.244045,180,0,0,960884
0,-9,4,0.5,0.24283,180,0,0,960901
0,-4,3,0.5,0.24229,180,0,0,960917
1,7,3,0.5,0.243235,180,0,0,960942
0,0,0,0.5,0.243235,180,0,1,960950
0,10,1,0.5,0.244585,180,0,1,960968
0,12,1,0.5,0.246205,180,0,1,960986
0,26,0,0.5,0.249715,180,0,0,960999
0,11,0,0.5,0.2512,180,0,0,961016
0,10,0,0.5,0.25255,180,0,0,961033
0,7,0,0.5,0.253495,180,0,0,961049
0,5,0,0.5,0.25417,180,0,0,961066
0,3,1,0.5,0.254575,180,0,0,961084
0,2,1,0.5,0.254845,180,0,0,961099
0,0,1,0.5,0.254845,180,0,0,961116
0,-1,1,0.5,0.25471,180,0,0,961134
0,-2,1,0.5,0.25444,180,0,0,961149
0,-1,2,0.5,0.254305,180,0,0,961166
0,-1,2,0.5,0.25417,180,0,0,961185
0,0,2,0.5,0.25417,180,0,0,961199
0,0,1,0.5,0.25417,180,0,0,961216
0,2,2,0.5,0.25444,180,0,0,961236
0,1,2,0.5,0.254575,180,0,0,961249
0,3,1,0.5,0.25498,180,0,0,961266
0,1,1,0.5,0.255115,180,0,0,961283
0,2,1,0.5,0.255385,180,0,0,961300
0,2,1,0.5,0.255655,180,0,0,961316
0,1,1,0.5,0.25579,180,0,0,961333
0,2,1,0.5,0.25606,180,0,0,961350
0,1,1,0.5,0.256195,180,0,0,961366
0,1,1,0.5,0.25633,180,0,0,961383
0,2,2,0.5,0.2566,180,0,0,961400
0,1,0,0.5,0.256735,180,0,0,961416
0,1,1,0.5,0.25687,180,0,0,961433
0,1,1,0.5,0.257005,180,0,0,961449
0,0,1,0.5,0.257005,180,0,0,961467
0,0,1,0.5,0.257005,180,0,0,961484
0,1,1,0.5,0.25714,180,0,0,961499
0,2,1,0.5,0.25741,180,0,0,961516
0,2,1,0.5,0.25768,180,0,0,961533
2,-2,1,0.5,0.25741,180,0,0,961550
0,1,1,0.5,0.257545,180,0,0,961566
0,2,1,0.5,0.257815,180,0,0,961583
0,0,1,0.5,0.257815,180,0,0,961604
0,0,0,0.5,0.257815,180,0,0,961615
0,1,0,0.5,0.25795,180,0,0,961634
0,1,1,0.5,0.258085,180,0,0,961649
0,0,0,0.5,0.258085,180,0,0,961666
2,-2,0,0.5,0.257815,180,0,0,961690
0,0,0,0.5,0.257815,180,0,0,961699
2,-3,0,0.5,0.25741,180,0,0,961717
0,0,0,0.5,0.25741,180,0,0,961733
0,1,0,0.5,0.257545,180,0,0,961749
0,0,0,0.5,0.257545,180,0,0,961765
2,-1,0,0.5,0.25741,180,0,0,961787
0,0,0,0.5,0.25741,180,0,0,961799
0,0,0,0.5,0.25741,180,0,0,961815
0,0,0,0.5,0.25741,180,0,0,961832
0,0,0,0.5,0.25741,180,0,0,961849
0,1,0,0.5,0.257545,180,0,0,961866
0,0,0,0.5,0.257545,180,0,0,961882
0,0,0,0.5,0.257545,180,0,0,961899
0,0,0,0.5,0.257545,180,0,0,961915
0,0,0,0.5,0.257545,180,0,0,961932
0,0,0,0.5,0.257545,180,0,0,961949
-1,-1,0,0.5,0.25741,180,0,0,961966
0,0,0,0.5,0.25741,180,0,0,961982
0,0,0,0.5,0.25741,180,0,0,961999
0,0,0,0.5,0.25741,180,0,0,962015
0,0,0,0.5,0.25741,180,0,0,962032
0,0,0,0.5,0.25741,180,0,0,962049
0,0,0,0.5,0.25741,180,0,0,962065
0,0,0,0.5,0.25741,180,0,0,962082
0,0,0,0.5,0.25741,180,0,0,962099
0,0,0,0.5,0.25741,180,0,0,962115
0,0,0,0.5,0.25741,180,0,0,962132
0,0,-1,0.5,0.25741,180,0,0,962149
0,0,0,0.5,0.25741,180,0,0,962165
0,0,0,0.5,0.25741,180,0,0,962182
0,0,0,0.5,0.25741,180,0,0,962200
0,0,0,0.5,0.25741,180,0,0,962216
0,0,0,0.5,0.25741,180,0,0,962232
0,0,0,0.5,0.25741,180,0,0,962249
0,0,0,0.5,0.25741,180,0,0,962265
0,0,0,0.5,0.25741,180,0,0,962282
0,0,0,0.5,0.25741,180,0,0,962299
0,0,0,0.5,0.25741,180,0,0,962315
0,0,0,0.5,0.25741,180,0,0,962332
0,-1,0,0.5,0.257275,180,0,0,962349
0,0,0,0.5,0.257275,180,0,0,962365
0,-1,0,0.5,0.25714,180,0,0,962382
0,0,0,0.5,0.25714,180,0,0,962399
0,0,0,0.5,0.25714,180,0,0,962415
0,0,0,0.5,0.25714,180,0,0,962432
0,0,0,0.5,0.25714,180,0,0,962449
0,-1,0,0.5,0.257005,180,0,0,962466
0,0,0,0.5,0.257005,180,0,0,962482
0,0,0,0.5,0.257005,180,0,0,962499
0,0,0,0.5,0.257005,180,0,0,962515
0,0,0,0.5,0.257005,180,0,0,962532
0,-1,0,0.5,0.25687,180,0,0,962549
0,0,0,0.5,0.25687,180,0,0,962565
0,0,0,0.5,0.25687,180,0,0,962582
0,0,0,0.5,0.25687,180,0,0,962599
0,-1,0,0.5,0.256735,180,0,0,962616
0,0,0,0.5,0.256735,180,0,0,962632
0,0,0,0.5,0.256735,180,0,0,962649
0,0,0,0.5,0.256735,180,0,0,962665
0,0,0,0.5,0.256735,180,0,0,962682
0,0,0,0.5,0.256735,180,0,0,962699
0,0,0,0.5,0.256735,180,0,0,962715
0,0,0,0.5,0.256735,180,0,0,962732
1,-2,0,0.5,0.256465,180,0,0,962749
0,0,0,0.5,0.256465,180,0,0,962765
0,-1,0,0.5,0.25633,180,0,0,962783
0,0,0,0.5,0.25633,180,0,0,962799
2,-2,0,0.5,0.25606,180,0,0,962816
0,0,0,0.5,0.25606,180,0,0,962832
0,0,0,0.5,0.25606,180,0,0,962849
0,0,0,0.5,0.25606,180,0,0,962865
1,-2,0,0.5,0.25579,180,0,0,962883
0,0,0,0.5,0.25579,180,0,0,962899
0,0,0,0.5,0.25579,180,0,0,962915
2,-5,0,0.5,0.255115,180,0,0,962933
0,0,0,0.5,0.255115,180,0,0,962949
0,0,0,0.5,0.255115,180,0,0,962965
0,0,0,0.5,0.255115,180,0,0,962982
0,0,0,0.5,0.255115,180,0,0,962999
0,0,0,0.5,0.255115,180,0,0,963015
0,-1,0,0.5,0.25498,180,0,0,963032
0,0,0,0.5,0.25498,180,0,0,963049
2,-1,0,0.5,0.254845,180,0,0,963066
0,0,0,0.5,0.254845,180,0,0,963082
0,0,0,0.5,0.254845,180,0,0,963099
0,0,0,0.5,0.254845,180,0,0,963115
2,-5,0,0.5,0.25417,180,0,0,963132
0,0,0,0.5,0.25417,180,0,0,963149
1,-1,0,0.5,0.254035,180,0,0,963166
0,0,0,0.5,0.254035,180,0,0,963182
0,0,0,0.5,0.254035,180,0,0,963199
0,0,0,0.5,0.254035,180,0,0,963215
1,-1,0,0.5,0.2539,180,0,0,963233
0,0,0,0.5,0.2539,180,0,0,963249
0,0,0,0.5,0.2539,180,0,0,963265
0,0,0,0.5,0.2539,180,0,0,963282
0,0,0,0.5,0.2539,180,0,0,963299
0,0,0,0.5,0.2539,180,0,0,963315
0,0,0,0.5,0.2539,180,0,0,963332
0,0,0,0.5,0.2539,180,0,0,963349
0,0,0,0.5,0.2539,180,0,0,963365
0,0,0,0.5,0.2539,180,0,0,963382
0,0,0,0.5,0.2539,180,0,0,963399
0,1,0,0.5,0.254035,180,0,0,963416
0,0,0,0.5,0.254035,180,0,0,963432
0,0,0,0.5,0.254035,180,0,0,963449
0,0,0,0.5,0.254035,180,0,0,963466
0,0,0,0.5,0.254035,180,0,0,963482
0,0,0,0.5,0.254035,180,0,0,963500
0,0,0,0.5,0.254035,180,0,0,963516
0,0,0,0.5,0.254035,180,0,0,963532
0,0,0,0.5,0.254035,180,0,0,963549
0,0,0,0.5,0.254035,180,0,0,963565
0,0,0,0.5,0.254035,180,0,0,963582
-1,0,0,0.5,0.254035,180,0,0,963600
0,0,0,0.5,0.254035,180,0,0,963615
0,0,1,0.5,0.254035,180,0,0,963633
0,0,0,0.5,0.254035,180,0,0,963649
1,-2,0,0.5,0.253765,180,0,0,963666
0,0,0,0.5,0.253765,180,0,0,963682
0,1,0,0.5,0.2539,180,0,0,963701
0,0,0,0.5,0.2539,180,0,0,963715
2,-4,0,0.5,0.25336,180,0,0,963733
1,-1,0,0.5,0.253225,180,0,0,963751
0,0,0,0.5,0.253225,180,0,0,963766
1,-1,0,0.5,0.25309,180,0,0,963783
0,0,0,0.5,0.25309,180,0,0,963799
0,0,0,0.5,0.25309,180,0,0,963815
0,0,0,0.5,0.25309,180,0,0,963832
0,0,0,0.5,0.25309,180,0,0,963849
0,0,0,0.5,0.25309,180,0,0,963865
2,-3,0,0.5,0.252685,180,0,0,963882
0,0,0,0.5,0.252685,180,0,0,963899
2,-4,0,0.5,0.252145,180,0,0,963915
1,-1,0,0.5,0.25201,180,0,0,963933
0,0,0,0.5,0.25201,180,0,0,963949
0,1,0,0.5,0.252145,180,0,0,963966
0,0,0,0.5,0.252145,180,0,0,963982
2,-4,0,0.5,0.251605,180,0,0,963999
0,0,0,0.5,0.251605,180,0,0,964015
0,0,0,0.5,0.251605,180,0,0,964032
2,-4,0,0.5,0.251065,180,0,0,964049
0,0,0,0.5,0.251065,180,0,0,964065
1,-1,0,0.5,0.25093,180,0,0,964082
0,0,0,0.5,0.25093,180,0,0,964099
0,0,0,0.5,0.25093,180,0,0,964115
0,0,0,0.5,0.25093,180,0,0,964132
1,-1,0,0.5,0.250795,180,0,0,964149
0,0,0,0.5,0.250795,180,0,0,964165
0,0,0,0.5,0.250795,180,0,0,964182
1,-2,0,0.5,0.250525,180,0,0,964199
0,0,0,0.5,0.250525,180,0,0,964215
0,0,0,0.5,0.250525,180,0,0,964232
0,0,0,0.5,0.250525,180,0,0,964249
2,-2,0,0.5,0.250255,180,0,0,964265
0,0,0,0.5,0.250255,180,0,0,964282
0,0,0,0.5,0.250255,180,0,0,964299
0,0,0,0.5,0.250255,180,0,0,964315
0,0,0,0.5,0.250255,180,0,0,964332
0,-1,0,0.5,0.25012,180,0,0,964349
0,0,0,0.5,0.25012,180,0,0,964365
0,0,0,0.5,0.25012,180,0,0,964382
0,0,0,0.5,0.25012,180,0,0,964399
0,0,0,0.5,0.25012,180,0,0,964415
0,0,0,0.5,0.25012,180,0,0,964432
0,0,0,0.5,0.25012,180,0,0,964449
0,-1,0,0.5,0.249985,180,0,0,964465
0,0,0,0.5,0.249985,180,0,0,964482
0,-3,0,0.5,0.24958,180,0,0,964500
0,-4,0,0.5,0.24904,180,0,0,964516
0,-4,0,0.5,0.2485,180,0,0,964533
0,-2,1,0.5,0.24823,180,0,0,964550
0,0,1,0.5,0.24823,180,0,0,964567
0,-1,0,0.5,0.248095,180,0,0,964584
0,0,0,0.5,0.248095,180,0,0,964599
0,10,-5,0.5,0.249445,180,0,0,964618
1,11,-3,0.5,0.25093,180,0,1,964634
0,16,-3,0.5,0.25309,180,0,1,964649
0,23,-3,0.5,0.256195,180,0,1,964666
0,29,-3,0.5,0.26011,180,0,1,964683
0,35,0,0.5,0.264835,180,0,1,964699
0,38,0,0.5,0.269965,180,0,1,964716
0,41,3,0.5,0.2755,180,0,0,964733
0,40,5,0.5,0.2809,180,0,0,964750
0,40,5,0.5,0.2863,180,0,1,964767
0,35,5,0.5,0.291025,180,0,1,964784
0,30,5,0.5,0.295075,180,0,1,964801
0,28,4,0.5,0.298855,180,0,1,964816
0,25,4,0.5,0.30223,180,0,1,964833
0,22,3,0.5,0.3052,180,0,1,964850
1,18,3,0.5,0.30763,180,0,1,964867
0,18,3,0.5,0.31006,180,0,1,964884
0,16,3,0.5,0.31222,180,0,1,964901
0,16,3,0.5,0.31438,180,0,1,964916
2,11,2,0.5,0.315865,180,0,1,964937
0,16,2,0.5,0.318025,180,0,1,964949
0,13,2,0.5,0.31978,180,0,1,964966
0,11,1,0.5,0.321265,180,0,1,964986
1,16,2,0.5,0.323425,180,0,1,965002
0,0,0,0.5,0.323425,180,0,1,965015
0,13,0,0.5,0.32518,180,0,1,965033
0,4,0,0.5,0.32572,180,0,1,965049
0,2,-1,0.5,0.32599,180,0,1,965066
0,0,-1,0.5,0.32599,180,0,1,965083
0,0,-1,0.5,0.32599,180,0,0,965099
1,-2,-1,0.5,0.32572,180,0,0,965117
0,-2,-1,0.5,0.32545,180,0,0,965133
0,-1,-1,0.5,0.325315,180,0,0,965149
0,-1,-1,0.5,0.32518,180,0,0,965166
0,-1,-1,0.5,0.325045,180,0,1,965183
0,1,-1,0.5,0.32518,180,0,1,965199
0,1,-1,0.5,0.325315,180,0,1,965216
1,0,-1,0.5,0.325315,180,0,0,965235
0,2,-1,0.5,0.325585,180,0,0,965249
0,2,-1,0.5,0.325855,180,0,0,965266
0,2,-1,0.5,0.326125,180,0,0,965284
0,3,-1,0.5,0.32653,180,0,1,965299
0,2,-1,0.5,0.3268,180,0,1,965316
0,3,-1,0.5,0.327205,180,0,1,965333
0,3,-1,0.5,0.32761,180,0,1,965350
0,5,0,0.5,0.328285,180,0,0,965366
0,4,0,0.5,0.328825,180,0,0,965383
2,6,0,0.5,0.329635,180,0,0,965401
0,0,0,0.5,0.329635,180,0,0,965415
0,11,0,0.5,0.33112,180,0,1,965433
2,0,1,0.5,0.33112,180,0,1,965452
0,6,1,0.5,0.33193,180,0,1,965466
1,5,1,0.5,0.332605,180,0,1,965488
0,7,1,0.5,0.33355,180,0,1,965499
0,9,0,0.5,0.334765,180,0,0,965516
0,10,0,0.5,0.336115,180,0,0,965535
0,9,0,0.5,0.33733,180,0,0,965549
1,6,0,0.5,0.33814,180,0,0,965566
0,10,0,0.5,0.33949,180,0,0,965582
0,11,0,0.5,0.340975,180,0,0,965600
0,14,0,0.5,0.342865,180,0,0,965615
0,17,-1,0.5,0.34516,180,0,0,965632
0,19,-2,0.5,0.347725,180,0,0,965649
0,21,-3,0.5,0.35056,180,0,0,965667
2,19,-3,0.5,0.353125,180,0,1,965686
0,24,-2,0.5,0.356365,180,0,1,965700
1,22,-2,0.5,0.359335,180,0,0,965718
0,24,-1,0.5,0.362575,180,0,0,965733
0,20,0,0.5,0.365275,180,0,0,965749
0,18,0,0.5,0.367705,180,0,0,965766
0,17,2,0.5,0.37,180,0,0,965783
0,16,5,0.5,0.37216,180,0,0,965800
0,36,20,0.5,0.37702,180,0,0,965822
0,0,0,0.5,0.37702,180,0,0,965832
2,35,23,0.5,0.381745,180,0,0,965860
0,18,8,0.5,0.384175,180,0,0,965868
0,15,7,0.5,0.3862,180,0,0,965884
0,13,4,0.5,0.387955,180,0,0,965901
-1,12,5,0.5,0.389575,180,0,0,965918
0,13,4,0.5,0.39133,180,0,0,965934
0,14,3,0.5,0.39322,180,0,0,965949
0,17,3,0.5,0.395515,180,0,0,965966
0,18,4,0.5,0.397945,180,0,0,965984
0,18,4,0.5,0.400375,180,0,0,966001
0,17,3,0.5,0.40267,180,0,0,966017
0,18,3,0.5,0.4051,180,0,0,966033
0,17,2,0.5,0.407395,180,0,0,966049
0,15,1,0.5,0.40942,180,0,0,966066
0,12,0,0.5,0.41104,180,0,0,966083
0,11,0,0.5,0.412525,180,0,0,966099
0,7,1,0.5,0.41347,180,0,0,966116
0,7,2,0.5,0.414415,180,0,0,966136
0,6,2,0.5,0.415225,180,0,0,966150
0,5,2,0.5,0.4159,180,0,0,966166
0,5,3,0.5,0.416575,180,0,0,966184
-1,5,5,0.5,0.41725,180,0,0,966203
0,0,0,0.5,0.41725,180,0,0,966217
0,3,4,0.5,0.417655,180,0,0,966236
2,-1,2,0.5,0.41752,180,0,0,966255
0,0,2,0.5,0.41752,180,0,0,966266
0,1,2,0.5,0.417655,180,0,0,966285
0,-1,2,0.5,0.41752,180,0,0,966300
1,0,1,0.5,0.41752,180,0,0,966317
0,2,2,0.5,0.41779,180,0,0,966333
0,1,1,0.5,0.417925,180,0,0,966349
2,-1,1,0.5,0.41779,180,0,0,966368
0,2,1,0.5,0.41806,180,0,0,966383
0,2,1,0.5,0.41833,180,0,0,966399
2,-3,1,0.5,0.417925,180,0,0,966418
0,2,1,0.5,0.418195,180,0,0,966432
1,0,1,0.5,0.418195,180,0,0,966451
0,3,2,0.5,0.4186,180,0,0,966466
1,1,1,0.5,0.418735,180,0,0,966483
0,2,1,0.5,0.419005,180,0,0,966499
0,1,1,0.5,0.41914,180,0,0,966516
0,2,2,0.5,0.41941,180,0,0,966538
0,2,1,0.5,0.41968,180,0,0,966549
2,-4,2,0.5,0.41914,180,0,0,966567
0,2,1,0.5,0.41941,180,0,0,966583
1,4,2,0.5,0.41995,180,0,0,966601
0,0,0,0.5,0.41995,180,0,0,966616
0,4,2,0.5,0.42049,180,0,0,966637
0,2,1,0.5,0.42076,180,0,0,966649
2,1,0,0.5,0.420895,180,0,0,966666
0,4,0,0.5,0.421435,180,0,0,966684
0,5,0,0.5,0.42211,180,0,0,966699
0,4,0,0.5,0.42265,180,0,0,966715
0,4,0,0.5,0.42319,180,0,0,966734
0,2,-1,0.5,0.42346,180,0,0,966749
0,2,-1,0.5,0.42373,180,0,0,966766
0,2,-2,0.5,0.424,180,0,0,966785
0,2,-1,0.5,0.42427,180,0,0,966799
0,5,-1,0.5,0.424945,180,0,0,966816
0,8,0,0.5,0.426025,180,0,0,966833
0,11,0,0.5,0.42751,180,0,0,966849
0,12,-1,0.5,0.42913,180,0,0,966866
0,14,-2,0.5,0.43102,180,0,0,966885
0,15,-3,0.5,0.433045,180,0,0,966900
0,17,-3,0.5,0.43534,180,0,0,966917
0,16,-3,0.5,0.4375,180,0,0,966933
0,16,-4,0.5,0.43966,180,0,0,966950
0,14,-3,0.5,0.44155,180,0,0,966967
0,12,-4,0.5,0.44317,180,0,0,966985
0,13,-4,0.5,0.444925,180,0,0,967000
0,14,-2,0.5,0.446815,180,0,1,967017
0,45,2,0.5,0.45289,180,0,0,967036
0,29,4,0.5,0.456805,180,0,0,967051
0,0,0,0.5,0.456805,180,0,1,967066
1,68,13,0.5,0.465985,180,0,1,967093
0,42,9,0.5,0.471655,180,0,1,967109
0,42,9,0.5,0.477325,180,0,1,967119
0,39,12,0.5,0.48259,180,0,1,967138
1,34,11,0.5,0.48718,180,0,1,967156
0,35,12,0.5,0.491905,180,0,1,967171
0,34,12,0.5,0.496495,180,0,1,967186
0,30,11,0.5,0.500545,180,0,1,967202
3,27,12,0.5,0.50419,180,0,1,967219
0,29,12,0.5,0.508105,180,0,1,967236
2,21,11,0.5,0.51094,180,0,1,967254
1,22,9,0.5,0.51391,180,0,1,967269
0,21,9,0.5,0.516745,180,0,1,967286
0,18,8,0.5,0.519175,180,0,1,967301
0,16,7,0.5,0.521335,180,0,1,967318
2,8,6,0.5,0.522415,180,0,1,967337
0,11,6,0.5,0.5239,180,0,1,967351
1,5,4,0.5,0.524575,180,0,1,967368
0,6,4,0.5,0.525385,180,0,1,967384
0,4,3,0.5,0.525925,180,0,1,967400
0,2,2,0.5,0.526195,180,0,1,967416
1,-2,3,0.5,0.525925,180,0,1,967437
0,0,1,0.5,0.525925,180,0,1,967450
2,-2,0,0.5,0.525655,180,0,1,967466
0,0,0,0.5,0.525655,180,0,1,967482
0,1,0,0.5,0.52579,180,0,1,967500
0,1,0,0.5,0.525925,180,0,1,967516
1,-1,0,0.5,0.52579,180,0,1,967533
0,1,0,0.5,0.525925,180,0,1,967549
0,0,0,0.5,0.525925,180,0,1,967565
0,3,1,0.5,0.52633,180,0,1,967584
0,1,0,0.5,0.526465,180,0,1,967601
0,2,1,0.5,0.526735,180,0,1,967616
0,1,1,0.5,0.52687,180,0,1,967633
0,2,1,0.5,0.52714,180,0,1,967650
0,0,1,0.5,0.52714,180,0,1,967666
0,1,2,0.5,0.527275,180,0,1,967684
0,1,1,0.5,0.52741,180,0,1,967700
0,1,1,0.5,0.527545,180,0,1,967717
0,1,1,0.5,0.52768,180,0,1,967733
0,1,1,0.5,0.527815,180,0,1,967749
0,1,1,0.5,0.52795,180,0,1,967766
0,2,1,0.5,0.52822,180,0,1,967784
0,1,1,0.5,0.528355,180,0,1,967800
0,2,1,0.5,0.528625,180,0,1,967816
0,2,1,0.5,0.528895,180,0,1,967833
0,1,1,0.5,0.52903,180,0,1,967853
1,-1,1,0.5,0.528895,180,0,1,967867
0,1,0,0.5,0.52903,180,0,1,967884
0,1,0,0.5,0.529165,180,0,1,967899
0,1,1,0.5,0.5293,180,0,1,967916
3,-4,1,0.5,0.52876,180,0,1,967933
0,1,0,0.5,0.528895,180,0,1,967949
1,0,0,0.5,0.528895,180,0,1,967966
0,1,1,0.5,0.52903,180,0,1,967983
0,1,1,0.5,0.529165,180,0,1,967999
1,1,1,0.5,0.5293,180,0,1,968021
0,0,0,0.5,0.5293,180,0,1,968032
2,-1,1,0.5,0.529165,180,0,1,968050
1,-2,1,0.5,0.528895,180,0,1,968067
0,2,1,0.5,0.529165,180,0,1,968082
1,-1,0,0.5,0.52903,180,0,1,968099
1,1,1,0.5,0.529165,180,0,1,968122
0,0,0,0.5,0.529165,180,0,1,968132
0,1,1,0.5,0.5293,180,0,1,968150
0,1,1,0.5,0.529435,180,0,1,968166
0,1,0,0.5,0.52957,180,0,1,968182
0,1,0,0.5,0.529705,180,0,1,968199
1,-1,0,0.5,0.52957,180,0,1,968217
1,-3,0,0.5,0.529165,180,0,1,968233
0,1,0,0.5,0.5293,180,0,1,968249
0,0,0,0.5,0.5293,180,0,1,968265
0,0,0,0.5,0.5293,180,0,1,968282
0,1,0,0.5,0.529435,180,0,1,968299
2,-4,0,0.5,0.528895,180,0,1,968316
0,0,0,0.5,0.528895,180,0,1,968333
1,-1,0,0.5,0.52876,180,0,1,968349
0,1,0,0.5,0.528895,180,0,1,968366
0,1,0,0.5,0.52903,180,0,1,968383
1,-2,0,0.5,0.52876,180,0,1,968399
0,0,0,0.5,0.52876,180,0,1,968415
0,1,0,0.5,0.528895,180,0,1,968434
0,1,0,0.5,0.52903,180,0,1,968449
0,1,0,0.5,0.529165,180,0,1,968466
0,1,0,0.5,0.5293,180,0,1,968482
0,1,1,0.5,0.529435,180,0,1,968499
0,2,0,0.5,0.529705,180,0,1,968515
0,4,-1,0.5,0.530245,180,0,1,968540
0,0,0,0.5,0.530245,180,0,0,968554
2,4,-1,0.5,0.530785,180,0,0,968567
0,5,0,0.5,0.53146,180,0,0,968582
0,6,0,0.5,0.53227,180,0,0,968606
0,7,0,0.5,0.533215,180,0,0,968616
1,8,-2,0.5,0.534295,180,0,0,968636
0,2,-6,0.5,0.534565,180,0,0,968653
1,-1,-7,0.5,0.53443,180,0,0,968669
0,-4,-8,0.5,0.53389,180,0,0,968687
0,-2,-8,0.5,0.53362,180,0,0,968701
0,3,-7,0.5,0.534025,180,0,0,968717
0,6,-6,0.5,0.534835,180,0,0,968739
0,10,-6,0.5,0.536185,180,0,0,968751
0,12,-6,0.5,0.537805,180,0,0,968767
1,13,-6,0.5,0.53956,180,0,0,968787
0,16,-6,0.5,0.54172,180,0,0,968801
0,16,-6,0.5,0.54388,180,0,0,968817
0,15,-5,0.5,0.545905,180,0,0,968836
0,15,-6,0.5,0.54793,180,0,0,968851
1,16,-6,0.5,0.55009,180,0,1,968870
0,17,-3,0.5,0.552385,180,0,1,968885
0,20,-4,0.5,0.555085,180,0,0,968902
0,24,-4,0.5,0.558325,180,0,0,968916
1,24,-3,0.5,0.561565,180,0,0,968936
0,28,-4,0.5,0.565345,180,0,0,968949
0,31,-4,0.5,0.56953,180,0,0,968967
0,34,-4,0.5,0.57412,180,0,0,968985
0,65,-6,0.5,0.582895,180,0,0,969001
0,0,0,0.5,0.582895,180,0,0,969016
0,52,-4,0.5,0.589915,180,0,0,969035
0,0,0,0.5,0.589915,180,0,0,969049
0,33,-1,0.5,0.59437,180,0,0,969066
0,14,0,0.5,0.59626,180,0,0,969082
0,15,0,0.5,0.598285,180,0,0,969100
0,16,0,0.5,0.600445,180,0,0,969116
0,16,2,0.5,0.602605,180,0,0,969133
3,14,1,0.5,0.604495,180,0,0,969153
0,15,2,0.5,0.60652,180,0,0,969166
0,13,2,0.5,0.608275,180,0,0,969184
0,11,2,0.5,0.60976,180,0,0,969201
1,6,2,0.5,0.61057,180,0,0,969217
0,6,1,0.5,0.61138,180,0,0,969233
0,3,1,0.5,0.611785,180,0,0,969250
0,1,1,0.5,0.61192,180,0,0,969266
0,-1,1,0.5,0.611785,180,0,0,969285
0,-2,1,0.5,0.611515,180,0,0,969300
0,-2,1,0.5,0.611245,180,0,0,969317
1,-2,1,0.5,0.610975,180,0,0,969334
0,-1,1,0.5,0.61084,180,0,0,969350
2,-4,1,0.5,0.6103,180,0,0,969370
1,1,2,0.5,0.610435,180,0,0,969387
0,0,0,0.5,0.610435,180,0,0,969399
0,2,1,0.5,0.610705,180,0,0,969417
2,1,1,0.5,0.61084,180,0,0,969434
0,1,1,0.5,0.610975,180,0,0,969451
0,2,1,0.5,0.611245,180,0,0,969466
0,0,1,0.5,0.611245,180,0,0,969483
0,1,1,0.5,0.61138,180,0,0,969499
0,1,1,0.5,0.611515,180,0,0,969516
0,1,1,0.5,0.61165,180,0,0,969533
0,0,1,0.5,0.61165,180,0,0,969551
0,2,1,0.5,0.61192,180,0,0,969566
0,1,0,0.5,0.612055,180,0,0,969582
0,2,1,0.5,0.612325,180,0,0,969599
0,1,0,0.5,0.61246,180,0,0,969615
0,1,1,0.5,0.612595,180,0,0,969634
0,1,1,0.5,0.61273,180,0,0,969649
1,0,1,0.5,0.61273,180,0,0,969667
0,1,1,0.5,0.612865,180,0,0,969684
0,2,1,0.5,0.613135,180,0,0,969699
0,0,1,0.5,0.613135,180,0,0,969716
1,1,1,0.5,0.61327,180,0,0,969737
0,1,1,0.5,0.613405,180,0,0,969749
0,2,1,0.5,0.613675,180,0,0,969766
0,1,0,0.5,0.61381,180,0,0,969782
0,1,1,0.5,0.613945,180,0,0,969799
0,2,1,0.5,0.614215,180,0,0,969816
0,3,2,0.5,0.61462,180,0,0,969833
0,1,0,0.5,0.614755,180,0,0,969849
0,2,1,0.5,0.615025,180,0,0,969866
0,1,0,0.5,0.61516,180,0,0,969882
0,1,0,0.5,0.615295,180,0,0,969899
0,1,1,0.5,0.61543,180,0,0,969916
0,1,0,0.5,0.615565,180,0,0,969932
0,1,0,0.5,0.6157,180,0,0,969949
0,1,1,0.5,0.615835,180,0,0,969966
0,1,0,0.5,0.61597,180,0,0,969982
0,1,1,0.5,0.616105,180,0,0,969999
0,1,0,0.5,0.61624,180,0,0,970016
0,1,0,0.5,0.616375,180,0,0,970032
1,-2,0,0.5,0.616105,180,0,0,970049
0,1,0,0.5,0.61624,180,0,0,970066
0,1,0,0.5,0.616375,180,0,0,970082
0,2,0,0.5,0.616645,180,0,0,970099
2,1,-1,0.5,0.61678,180,0,0,970117
0,4,-2,0.5,0.61732,180,0,0,970136
0,3,-2,0.5,0.617725,180,0,0,970151
0,3,-3,0.5,0.61813,180,0,0,970171
0,7,-11,0.5,0.619075,180,0,0,970212
0,13,-14,0.5,0.62083,180,0,0,970227
2,9,-6,0.5,0.622045,180,0,0,970240
0,0,0,0.5,0.622045,180,0,0,970244
0,13,-6,0.5,0.6238,180,0,0,970255
0,19,-7,0.5,0.626365,180,0,0,970275
0,22,-8,0.5,0.629335,180,0,0,970296
0,0,0,0.5,0.629335,180,0,0,970303
2,58,-15,0.5,0.637165,180,0,0,970327
0,38,-9,0.5,0.642295,180,0,0,970340
2,38,-9,0.5,0.647425,180,0,0,970356
1,38,-9,0.5,0.652555,180,0,0,970377
0,36,-9,0.5,0.657415,180,0,0,970390
1,25,-8,0.5,0.66079,180,0,0,970405
0,25,-7,0.5,0.664165,180,0,0,970422
2,23,-4,0.5,0.66727,180,0,0,970439
0,30,-3,0.5,0.67132,180,0,1,970454
0,37,0,0.5,0.676315,180,0,1,970471
0,42,1,0.5,0.681985,180,0,1,970488
0,46,3,0.5,0.688195,180,0,0,970506
1,100,8,0.5,0.701695,180,0,0,970524
0,53,6,0.5,0.70885,180,0,0,970538
0,50,7,0.5,0.71,180,0,0,970554
