-1,-24,33,0.5,-0.71,180,0,1,558838
0,-15,4,0.5,-0.71,180,0,1,558846
0,0,0,0.5,-0.71,180,0,1,558850
0,-15,3,0.5,-0.71,180,0,1,558865
0,-16,3,0.5,-0.71,180,0,1,558882
0,-15,2,0.5,-0.71,180,0,1,558898
0,-14,2,0.5,-0.71,180,0,1,558915
1,-15,3,0.5,-0.71,180,0,1,558932
0,-10,2,0.5,-0.71,180,0,1,558948
0,-7,3,0.5,-0.71,180,0,1,558965
0,-3,3,0.5,-0.71,180,0,1,558983
0,1,4,0.5,-0.709865,180,0,1,559004
0,0,0,0.5,-0.709865,180,0,1,559013
0,11,2,0.5,-0.70838,180,0,1,559032
0,6,2,0.5,-0.70757,180,0,1,559048
3,6,2,0.5,-0.70676,180,0,1,559067
0,7,2,0.5,-0.705815,180,0,1,559081
0,7,2,0.5,-0.70487,180,0,1,559098
1,4,2,0.5,-0.70433,180,0,1,559116
0,5,2,0.5,-0.703655,180,0,1,559132
1,4,3,0.5,-0.703115,180,0,1,559149
0,4,3,0.5,-0.702575,180,0,1,559167
0,5,3,0.5,-0.7019,180,0,1,559184
2,3,3,0.5,-0.701495,180,0,1,559200
2,1,4,0.5,-0.70136,180,0,1,559219
0,4,3,0.5,-0.70082,180,0,1,559236
0,5,3,0.5,-0.700145,180,0,1,559249
1,4,2,0.5,-0.699605,180,0,1,559268
0,3,3,0.5,-0.6992,180,0,1,559283
0,5,2,0.5,-0.698525,180,0,1,559300
0,5,2,0.5,-0.69785,180,0,1,559316
0,6,2,0.5,-0.69704,180,0,1,559331
0,6,2,0.5,-0.69623,180,0,1,559349
0,6,2,0.5,-0.69542,180,0,1,559366
0,5,2,0.5,-0.694745,180,0,1,559381
0,7,2,0.5,-0.6938,180,0,1,559400
0,6,2,0.5,-0.69299,180,0,1,559419
0,13,4,0.5,-0.691235,180,0,1,559433
0,6,2,0.5,-0.690425,180,0,0,559449
0,7,2,0.5,-0.68948,180,0,0,559465
0,5,3,0.5,-0.688805,180,0,0,559482
0,5,2,0.5,-0.68813,180,0,0,559501
0,5,3,0.5,-0.687455,180,0,0,559516
0,4,2,0.5,-0.686915,180,0,0,559531
0,2,1,0.5,-0.686645,180,0,0,559548
0,3,1,0.5,-0.68624,180,0,0,559566
0,0,1,0.5,-0.68624,180,0,0,559581
-1,1,1,0.5,-0.686105,180,0,0,559599
0,1,1,0.5,-0.68597,180,0,0,559615
0,2,1,0.5,-0.6857,180,0,0,559631
0,3,1,0.5,-0.685295,180,0,0,559648
0,3,1,0.5,-0.68489,180,0,0,559664
0,3,1,0.5,-0.684485,180,0,0,559681
0,2,1,0.5,-0.684215,180,0,0,559698
0,2,1,0.5,-0.683945,180,0,0,559714
0,2,1,0.5,-0.683675,180,0,0,559732
0,3,2,0.5,-0.68327,180,0,0,559747
0,3,2,0.5,-0.682865,180,0,0,559769
0,3,1,0.5,-0.68246,180,0,0,559783
0,5,2,0.5,-0.681785,180,0,0,559798
0,4,2,0.5,-0.681245,180,0,0,559815
0,8,3,0.5,-0.680165,180,0,0,559832
0,2,1,0.5,-0.679895,180,0,0,559848
0,2,1,0.5,-0.679625,180,0,0,559865
0,2,1,0.5,-0.679355,180,0,0,559881
0,1,1,0.5,-0.67922,180,0,0,559897
0,2,1,0.5,-0.67895,180,0,0,559915
0,1,0,0.5,-0.678815,180,0,0,559931
0,1,1,0.5,-0.67868,180,0,0,559948
0,1,1,0.5,-0.678545,180,0,0,559965
3,-3,1,0.5,-0.67895,180,0,0,559984
0,2,1,0.5,-0.67868,180,0,0,559998
0,1,1,0.5,-0.678545,180,0,0,560015
1,0,0,0.5,-0.678545,180,0,0,560032
0,1,1,0.5,-0.67841,180,0,0,560048
0,0,0,0.5,-0.67841,180,0,0,560064
0,1,0,0.5,-0.678275,180,0,0,560081
1,0,0,0.5,-0.678275,180,0,0,560098
0,1,0,0.5,-0.67814,180,0,0,560117
1,0,0,0.5,-0.67814,180,0,0,560132
0,2,0,0.5,-0.67787,180,0,0,560148
0,1,1,0.5,-0.677735,180,0,0,560164
2,-1,0,0.5,-0.67787,180,0,0,560181
0,1,1,0.5,-0.677735,180,0,0,560197
0,1,1,0.5,-0.6776,180,0,0,560214
0,3,1,0.5,-0.677195,180,0,0,560232
0,1,1,0.5,-0.67706,180,0,0,560248
0,1,1,0.5,-0.676925,180,0,0,560267
0,1,1,0.5,-0.67679,180,0,0,560281
1,-1,0,0.5,-0.676925,180,0,0,560298
0,1,0,0.5,-0.67679,180,0,0,560316
1,-2,0,0.5,-0.67706,180,0,0,560331
0,1,0,0.5,-0.676925,180,0,0,560350
1,0,0,0.5,-0.676925,180,0,0,560367
0,1,0,0.5,-0.67679,180,0,0,560380
1,0,0,0.5,-0.67679,180,0,0,560400
0,0,1,0.5,-0.67679,180,0,0,560415
0,1,0,0.5,-0.676655,180,0,0,560431
0,1,0,0.5,-0.67652,180,0,0,560447
1,-2,0,0.5,-0.67679,180,0,0,560464
0,1,1,0.5,-0.676655,180,0,0,560482
0,0,0,0.5,-0.676655,180,0,0,560497
0,1,0,0.5,-0.67652,180,0,0,560517
0,0,0,0.5,-0.67652,180,0,0,560530
0,1,0,0.5,-0.676385,180,0,0,560547
0,0,0,0.5,-0.676385,180,0,0,560564
0,1,0,0.5,-0.67625,180,0,0,560581
0,0,0,0.5,-0.67625,180,0,0,560597
0,0,0,0.5,-0.67625,180,0,0,560614
0,0,0,0.5,-0.67625,180,0,0,560630
0,2,0,0.5,-0.67598,180,0,0,560648
0,0,0,0.5,-0.67598,180,0,0,560664
0,0,0,0.5,-0.67598,180,0,0,560680
0,0,0,0.5,-0.67598,180,0,0,560697
0,0,0,0.5,-0.67598,180,0,0,560714
-1,0,0,0.5,-0.67598,180,0,0,560731
0,1,0,0.5,-0.675845,180,0,0,560748
0,0,0,0.5,-0.675845,180,0,0,560764
0,0,0,0.5,-0.675845,180,0,0,560780
0,0,0,0.5,-0.675845,180,0,0,560797
0,0,0,0.5,-0.675845,180,0,0,560814
0,0,0,0.5,-0.675845,180,0,0,560830
0,0,0,0.5,-0.675845,180,0,0,560847
0,0,0,0.5,-0.675845,180,0,0,560864
0,0,0,0.5,-0.675845,180,0,0,560880
0,0,0,0.5,-0.675845,180,0,0,560897
0,0,0,0.5,-0.675845,180,0,0,560914
0,0,0,0.5,-0.675845,180,0,0,560930
0,0,0,0.5,-0.675845,180,0,0,560947
0,0,0,0.5,-0.675845,180,0,0,560964
0,0,0,0.5,-0.675845,180,0,0,560980
0,0,0,0.5,-0.675845,180,0,0,560997
0,0,-1,0.5,-0.675845,180,0,0,561015
0,-1,0,0.5,-0.67598,180,0,0,561031
-1,0,0,0.5,-0.67598,180,0,0,561048
0,-1,0,0.5,-0.676115,180,0,0,561065
0,0,0,0.5,-0.676115,180,0,0,561080
0,-3,0,0.5,-0.67652,180,0,0,561099
1,-1,0,0.5,-0.676655,180,0,0,561115
0,0,0,0.5,-0.676655,180,0,0,561130
0,0,0,0.5,-0.676655,180,0,0,561147
0,-1,0,0.5,-0.67679,180,0,0,561165
1,-1,0,0.5,-0.676925,180,0,0,561181
0,0,0,0.5,-0.676925,180,0,0,561197
0,0,0,0.5,-0.676925,180,0,0,561213
2,-3,0,0.5,-0.67733,180,0,0,561232
0,-1,0,0.5,-0.677465,180,0,0,561247
0,0,0,0.5,-0.677465,180,0,0,561264
2,-2,0,0.5,-0.677735,180,0,0,561285
0,-1,0,0.5,-0.67787,180,0,0,561298
0,0,0,0.5,-0.67787,180,0,0,561314
0,0,0,0.5,-0.67787,180,0,0,561331
0,0,0,0.5,-0.67787,180,0,0,561347
0,0,0,0.5,-0.67787,180,0,0,561364
0,-1,0,0.5,-0.678005,180,0,0,561380
3,-5,0,0.5,-0.67868,180,0,0,561397
0,0,0,0.5,-0.67868,180,0,0,561414
1,-2,0,0.5,-0.67895,180,0,0,561431
0,0,0,0.5,-0.67895,180,0,0,561447
0,0,0,0.5,-0.67895,180,0,0,561464
0,-1,0,0.5,-0.679085,180,0,0,561481
0,0,0,0.5,-0.679085,180,0,0,561497
0,0,0,0.5,-0.679085,180,0,0,561514
1,-1,0,0.5,-0.67922,180,0,0,561531
0,0,0,0.5,-0.67922,180,0,0,561547
1,-1,0,0.5,-0.679355,180,0,0,561564
0,0,0,0.5,-0.679355,180,0,0,561580
0,0,0,0.5,-0.679355,180,0,0,561597
0,-2,0,0.5,-0.679625,180,0,0,561616
1,-1,0,0.5,-0.67976,180,0,0,561630
0,0,0,0.5,-0.67976,180,0,0,561647
2,-5,0,0.5,-0.680435,180,0,0,561664
1,-1,0,0.5,-0.68057,180,0,0,561680
0,0,0,0.5,-0.68057,180,0,0,561697
1,-1,0,0.5,-0.680705,180,0,0,561714
0,0,0,0.5,-0.680705,180,0,0,561730
0,0,0,0.5,-0.680705,180,0,0,561747
0,0,0,0.5,-0.680705,180,0,0,561763
0,0,0,0.5,-0.680705,180,0,0,561780
0,0,0,0.5,-0.680705,180,0,0,561797
0,0,0,0.5,-0.680705,180,0,0,561813
0,-2,0,0.5,-0.680975,180,0,0,561832
0,0,0,0.5,-0.680975,180,0,0,561847
2,-3,0,0.5,-0.68138,180,0,0,561864
0,0,0,0.5,-0.68138,180,0,0,561881
0,0,0,0.5,-0.68138,180,0,0,561897
0,-1,0,0.5,-0.681515,180,0,0,561916
0,0,0,0.5,-0.681515,180,0,0,561931
3,-4,0,0.5,-0.682055,180,0,0,561948
0,0,0,0.5,-0.682055,180,0,0,561963
1,-3,0,0.5,-0.68246,180,0,0,561981
0,0,0,0.5,-0.68246,180,0,0,561997
0,0,0,0.5,-0.68246,180,0,0,562014
0,0,0,0.5,-0.68246,180,0,0,562031
1,-2,0,0.5,-0.68273,180,0,0,562047
0,0,0,0.5,-0.68273,180,0,0,562064
1,-1,0,0.5,-0.682865,180,0,0,562081
0,0,0,0.5,-0.682865,180,0,0,562097
2,-4,0,0.5,-0.683405,180,0,0,562114
0,0,0,0.5,-0.683405,180,0,0,562130
0,0,0,0.5,-0.683405,180,0,0,562147
0,0,0,0.5,-0.683405,180,0,0,562164
1,-1,0,0.5,-0.68354,180,0,0,562181
0,0,0,0.5,-0.68354,180,0,0,562197
2,-3,0,0.5,-0.683945,180,0,0,562214
1,-1,0,0.5,-0.68408,180,0,0,562231
0,0,0,0.5,-0.68408,180,0,0,562247
1,-1,0,0.5,-0.684215,180,0,0,562264
0,0,0,0.5,-0.684215,180,0,0,562281
0,0,0,0.5,-0.684215,180,0,0,562297
0,0,0,0.5,-0.684215,180,0,0,562314
0,0,0,0.5,-0.684215,180,0,0,562331
0,1,0,0.5,-0.68408,180,0,0,562348
0,0,0,0.5,-0.68408,180,0,0,562364
0,-1,0,0.5,-0.684215,180,0,0,562380
0,0,0,0.5,-0.684215,180,0,0,562397
2,-2,0,0.5,-0.684485,180,0,0,562414
1,-1,0,0.5,-0.68462,180,0,0,562430
0,0,0,0.5,-0.68462,180,0,0,562447
0,0,0,0.5,-0.68462,180,0,0,562463
2,-3,0,0.5,-0.685025,180,0,0,562482
0,0,0,0.5,-0.685025,180,0,0,562497
0,0,0,0.5,-0.685025,180,0,0,562513
2,-4,0,0.5,-0.685565,180,0,0,562530
1,-1,0,0.5,-0.6857,180,0,0,562547
0,0,0,0.5,-0.6857,180,0,0,562563
0,0,0,0.5,-0.6857,180,0,0,562580
0,0,0,0.5,-0.6857,180,0,0,562597
1,0,0,0.5,-0.6857,180,0,0,562615
0,0,0,0.5,-0.6857,180,0,0,562630
0,0,0,0.5,-0.6857,180,0,0,562647
0,1,0,0.5,-0.685565,180,0,0,562664
0,0,0,0.5,-0.685565,180,0,0,562680
2,-2,0,0.5,-0.685835,180,0,0,562697
0,0,0,0.5,-0.685835,180,0,0,562713
1,-2,0,0.5,-0.686105,180,0,0,562730
0,0,-3,0.5,-0.686105,180,0,0,562748
0,3,-3,0.5,-0.6857,180,0,1,562765
0,4,-4,0.5,-0.68516,180,0,1,562782
0,9,-5,0.5,-0.683945,180,0,1,562799
1,11,-4,0.5,-0.68246,180,0,1,562817
1,18,-5,0.5,-0.68003,180,0,1,562833
0,28,-4,0.5,-0.67625,180,0,1,562849
2,28,-3,0.5,-0.67247,180,0,1,562866
1,38,-1,0.5,-0.66734,180,0,1,562881
0,41,0,0.5,-0.661805,180,0,0,562898
1,78,0,0.5,-0.651275,180,0,1,562919
0,0,0,0.5,-0.651275,180,0,1,562930
2,32,0,0.5,-0.646955,180,0,1,562948
1,33,0,0.5,-0.6425,180,0,1,562965
0,26,0,0.5,-0.63899,180,0,1,562981
0,20,-2,0.5,-0.63629,180,0,1,562998
0,10,-3,0.5,-0.63494,180,0,1,563016
0,2,-4,0.5,-0.63467,180,0,1,563031
1,-3,-3,0.5,-0.635075,180,0,1,563052
0,-2,-1,0.5,-0.635345,180,0,1,563065
0,-3,0,0.5,-0.63575,180,0,1,563081
0,0,0,0.5,-0.63575,180,0,1,563098
2,0,2,0.5,-0.63575,180,0,1,563117
0,3,2,0.5,-0.635345,180,0,1,563132
0,2,2,0.5,-0.635075,180,0,1,563148
1,1,2,0.5,-0.63494,180,0,1,563169
0,3,2,0.5,-0.634535,180,0,1,563181
3,-3,1,0.5,-0.63494,180,0,1,563199
0,2,1,0.5,-0.63467,180,0,1,563216
0,3,1,0.5,-0.634265,180,0,1,563231
0,0,0,0.5,-0.634265,180,0,1,563247
1,0,0,0.5,-0.634265,180,0,1,563265
0,0,0,0.5,-0.634265,180,0,1,563282
0,0,0,0.5,-0.634265,180,0,1,563297
2,-5,0,0.5,-0.63494,180,0,1,563314
0,0,0,0.5,-0.63494,180,0,1,563330
0,0,0,0.5,-0.63494,180,0,1,563347
0,0,0,0.5,-0.63494,180,0,1,563364
1,-1,0,0.5,-0.635075,180,0,1,563382
0,3,0,0.5,-0.63467,180,0,1,563397
2,-4,0,0.5,-0.63521,180,0,1,563414
1,2,0,0.5,-0.63494,180,0,1,563432
0,1,0,0.5,-0.634805,180,0,1,563447
0,0,0,0.5,-0.634805,180,0,1,563464
0,1,0,0.5,-0.63467,180,0,1,563480
2,0,0,0.5,-0.63467,180,0,1,563497
0,0,0,0.5,-0.63467,180,0,1,563514
0,0,0,0.5,-0.63467,180,0,1,563530
0,0,0,0.5,-0.63467,180,0,1,563547
0,1,0,0.5,-0.634535,180,0,1,563564
1,-1,0,0.5,-0.63467,180,0,1,563581
0,0,0,0.5,-0.63467,180,0,1,563597
3,-4,0,0.5,-0.63521,180,0,1,563614
0,0,0,0.5,-0.63521,180,0,1,563630
1,0,0,0.5,-0.63521,180,0,1,563647
0,1,0,0.5,-0.635075,180,0,1,563664
0,0,0,0.5,-0.635075,180,0,1,563680
1,-1,0,0.5,-0.63521,180,0,1,563697
0,0,0,0.5,-0.63521,180,0,1,563713
1,-3,0,0.5,-0.635615,180,0,1,563730
0,1,0,0.5,-0.63548,180,0,1,563747
0,1,0,0.5,-0.635345,180,0,1,563764
0,0,0,0.5,-0.635345,180,0,1,563780
0,1,0,0.5,-0.63521,180,0,1,563797
2,0,0,0.5,-0.63521,180,0,1,563814
0,2,0,0.5,-0.63494,180,0,1,563830
0,2,2,0.5,-0.63467,180,0,1,563848
0,1,0,0.5,-0.634535,180,0,1,563864
0,1,0,0.5,-0.6344,180,0,1,563881
0,0,0,0.5,-0.6344,180,0,1,563898
0,0,0,0.5,-0.6344,180,0,1,563914
2,-2,0,0.5,-0.63467,180,0,0,563932
0,-3,0,0.5,-0.635075,180,0,0,563950
0,-1,-2,0.5,-0.63521,180,0,1,563965
0,2,-2,0.5,-0.63494,180,0,1,563982
0,3,-2,0.5,-0.634535,180,0,1,563998
0,5,-2,0.5,-0.63386,180,0,1,564015
0,7,-3,0.5,-0.632915,180,0,1,564033
0,10,-2,0.5,-0.631565,180,0,1,564049
0,12,-1,0.5,-0.629945,180,0,0,564065
0,16,-1,0.5,-0.627785,180,0,0,564082
0,18,0,0.5,-0.625355,180,0,0,564097
1,19,0,0.5,-0.62279,180,0,0,564115
2,19,1,0.5,-0.620225,180,0,1,564132
0,21,2,0.5,-0.61739,180,0,1,564148
2,18,2,0.5,-0.61496,180,0,1,564165
0,17,2,0.5,-0.612665,180,0,1,564182
2,10,2,0.5,-0.611315,180,0,1,564200
1,21,4,0.5,-0.60848,180,0,1,564219
0,0,0,0.5,-0.60848,180,0,1,564230
1,18,4,0.5,-0.60605,180,0,1,564249
0,6,2,0.5,-0.60524,180,0,1,564264
2,3,1,0.5,-0.604835,180,0,1,564283
0,4,0,0.5,-0.604295,180,0,1,564298
0,3,0,0.5,-0.60389,180,0,1,564314
0,2,0,0.5,-0.60362,180,0,1,564331
0,2,0,0.5,-0.60335,180,0,1,564347
1,2,0,0.5,-0.60308,180,0,1,564367
0,2,0,0.5,-0.60281,180,0,1,564381
1,1,0,0.5,-0.602675,180,0,1,564398
0,3,0,0.5,-0.60227,180,0,1,564414
0,2,0,0.5,-0.602,180,0,1,564431
0,1,0,0.5,-0.601865,180,0,1,564447
2,-4,0,0.5,-0.602405,180,0,1,564464
0,1,0,0.5,-0.60227,180,0,1,564481
0,0,0,0.5,-0.60227,180,0,1,564497
0,1,0,0.5,-0.602135,180,0,1,564514
1,-2,0,0.5,-0.602405,180,0,1,564531
0,1,0,0.5,-0.60227,180,0,1,564547
0,0,1,0.5,-0.60227,180,0,1,564564
0,0,0,0.5,-0.60227,180,0,1,564581
0,1,0,0.5,-0.602135,180,0,1,564598
0,0,0,0.5,-0.602135,180,0,1,564614
0,2,0,0.5,-0.601865,180,0,1,564631
0,1,0,0.5,-0.60173,180,0,1,564648
0,0,0,0.5,-0.60173,180,0,1,564664
2,-2,0,0.5,-0.602,180,0,1,564682
0,0,0,0.5,-0.602,180,0,1,564697
0,1,0,0.5,-0.601865,180,0,1,564714
2,-3,0,0.5,-0.60227,180,0,1,564732
1,-1,0,0.5,-0.602405,180,0,1,564747
0,0,0,0.5,-0.602405,180,0,1,564764
0,1,0,0.5,-0.60227,180,0,1,564782
0,0,0,0.5,-0.60227,180,0,1,564797
0,1,0,0.5,-0.602135,180,0,1,564814
0,1,0,0.5,-0.602,180,0,1,564831
0,0,0,0.5,-0.602,180,0,1,564847
0,1,0,0.5,-0.601865,180,0,1,564866
0,0,0,0.5,-0.601865,180,0,1,564881
0,0,0,0.5,-0.601865,180,0,1,564898
0,1,0,0.5,-0.60173,180,0,1,564914
0,0,0,0.5,-0.60173,180,0,1,564931
0,0,0,0.5,-0.60173,180,0,1,564947
0,0,0,0.5,-0.60173,180,0,1,564964
0,0,0,0.5,-0.60173,180,0,1,564981
0,1,0,0.5,-0.601595,180,0,1,564997
0,0,0,0.5,-0.601595,180,0,1,565014
0,1,0,0.5,-0.60146,180,0,1,565031
0,0,0,0.5,-0.60146,180,0,1,565047
0,1,0,0.5,-0.601325,180,0,1,565064
0,0,0,0.5,-0.601325,180,0,1,565080
0,1,0,0.5,-0.60119,180,0,1,565097
0,0,0,0.5,-0.60119,180,0,1,565114
0,0,0,0.5,-0.60119,180,0,1,565131
0,1,0,0.5,-0.601055,180,0,1,565147
0,0,0,0.5,-0.601055,180,0,1,565164
0,0,0,0.5,-0.601055,180,0,1,565180
0,1,0,0.5,-0.60092,180,0,1,565197
0,0,0,0.5,-0.60092,180,0,1,565214
0,0,0,0.5,-0.60092,180,0,1,565230
0,0,0,0.5,-0.60092,180,0,1,565247
0,0,0,0.5,-0.60092,180,0,1,565265
0,0,0,0.5,-0.60092,180,0,1,565281
0,0,0,0.5,-0.60092,180,0,1,565297
0,0,0,0.5,-0.60092,180,0,1,565314
0,0,0,0.5,-0.60092,180,0,1,565331
0,0,0,0.5,-0.60092,180,0,1,565347
0,0,0,0.5,-0.60092,180,0,1,565363
0,0,0,0.5,-0.60092,180,0,1,565380
0,0,0,0.5,-0.60092,180,0,1,565396
0,0,0,0.5,-0.60092,180,0,1,565413
0,0,0,0.5,-0.60092,180,0,1,565430
0,0,0,0.5,-0.60092,180,0,1,565447
0,1,0,0.5,-0.600785,180,0,1,565463
0,0,0,0.5,-0.600785,180,0,1,565480
0,0,0,0.5,-0.600785,180,0,1,565496
0,0,0,0.5,-0.600785,180,0,1,565513
0,0,0,0.5,-0.600785,180,0,1,565530
0,0,0,0.5,-0.600785,180,0,1,565547
0,0,0,0.5,-0.600785,180,0,1,565563
0,0,0,0.5,-0.600785,180,0,1,565580
0,0,0,0.5,-0.600785,180,0,1,565596
0,0,0,0.5,-0.600785,180,0,1,565613
0,0,0,0.5,-0.600785,180,0,1,565630
0,0,-1,0.5,-0.600785,180,0,1,565647
0,1,0,0.5,-0.60065,180,0,1,565663
0,1,0,0.5,-0.600515,180,0,1,565680
0,1,0,0.5,-0.60038,180,0,1,565697
0,2,0,0.5,-0.60011,180,0,1,565714
0,1,0,0.5,-0.599975,180,0,1,565732
2,-3,0,0.5,-0.60038,180,0,1,565747
0,0,-1,0.5,-0.60038,180,0,0,565765
0,0,-2,0.5,-0.60038,180,0,0,565781
0,1,-5,0.5,-0.600245,180,0,0,565798
2,-2,-4,0.5,-0.600515,180,0,1,565819
0,-1,-4,0.5,-0.60065,180,0,1,565831
0,-2,-5,0.5,-0.60092,180,0,1,565848
0,-2,-5,0.5,-0.60119,180,0,0,565868
2,-1,-5,0.5,-0.601325,180,0,0,565883
0,5,-4,0.5,-0.60065,180,0,0,565898
0,7,-4,0.5,-0.599705,180,0,0,565916
1,8,-3,0.5,-0.598625,180,0,0,565934
0,11,-2,0.5,-0.59714,180,0,1,565947
0,11,-1,0.5,-0.595655,180,0,1,565966
0,13,-1,0.5,-0.5939,180,0,1,565981
1,11,0,0.5,-0.592415,180,0,1,565999
0,12,0,0.5,-0.590795,180,0,1,566014
0,10,0,0.5,-0.589445,180,0,1,566032
1,8,0,0.5,-0.588365,180,0,1,566048
2,2,0,0.5,-0.588095,180,0,1,566065
1,4,0,0.5,-0.587555,180,0,1,566082
0,3,0,0.5,-0.58715,180,0,1,566098
0,1,0,0.5,-0.587015,180,0,1,566115
0,0,0,0.5,-0.587015,180,0,1,566130
2,-3,1,0.5,-0.58742,180,0,1,566148
0,0,0,0.5,-0.58742,180,0,1,566163
1,-1,0,0.5,-0.587555,180,0,1,566181
0,0,0,0.5,-0.587555,180,0,1,566197
1,-1,0,0.5,-0.58769,180,0,1,566214
0,0,0,0.5,-0.58769,180,0,1,566230
0,0,0,0.5,-0.58769,180,0,1,566247
1,-1,0,0.5,-0.587825,180,0,1,566264
0,0,0,0.5,-0.587825,180,0,1,566280
1,-1,0,0.5,-0.58796,180,0,1,566297
2,-1,0,0.5,-0.588095,180,0,1,566313
0,1,0,0.5,-0.58796,180,0,1,566331
0,0,0,0.5,-0.58796,180,0,1,566347
1,-2,0,0.5,-0.58823,180,0,1,566364
0,0,0,0.5,-0.58823,180,0,1,566380
2,-2,0,0.5,-0.5885,180,0,1,566397
0,0,0,0.5,-0.5885,180,0,1,566413
0,0,0,0.5,-0.5885,180,0,1,566430
0,0,0,0.5,-0.5885,180,0,1,566446
1,-1,0,0.5,-0.588635,180,0,1,566463
0,1,0,0.5,-0.5885,180,0,1,566481
2,-2,0,0.5,-0.58877,180,0,1,566497
0,0,0,0.5,-0.58877,180,0,1,566513
0,0,0,0.5,-0.58877,180,0,1,566530
0,1,0,0.5,-0.588635,180,0,1,566547
0,0,0,0.5,-0.588635,180,0,1,566563
2,-2,0,0.5,-0.588905,180,0,1,566581
0,0,0,0.5,-0.588905,180,0,1,566596
1,-2,0,0.5,-0.589175,180,0,1,566613
0,0,0,0.5,-0.589175,180,0,1,566630
2,-4,0,0.5,-0.589715,180,0,1,566647
1,-1,0,0.5,-0.58985,180,0,1,566664
0,0,0,0.5,-0.58985,180,0,1,566680
0,0,0,0.5,-0.58985,180,0,1,566696
0,0,0,0.5,-0.58985,180,0,1,566713
1,0,0,0.5,-0.58985,180,0,1,566731
0,0,0,0.5,-0.58985,180,0,1,566747
0,0,0,0.5,-0.58985,180,0,1,566763
0,0,0,0.5,-0.58985,180,0,1,566780
1,-1,0,0.5,-0.589985,180,0,1,566797
0,0,0,0.5,-0.589985,180,0,1,566813
0,0,0,0.5,-0.589985,180,0,1,566830
0,0,0,0.5,-0.589985,180,0,1,566846
0,0,0,0.5,-0.589985,180,0,1,566863
0,0,0,0.5,-0.589985,180,0,1,566880
0,0,0,0.5,-0.589985,180,0,1,566897
0,0,0,0.5,-0.589985,180,0,1,566913
0,0,0,0.5,-0.589985,180,0,1,566930
0,0,0,0.5,-0.589985,180,0,1,566947
0,1,0,0.5,-0.58985,180,0,1,566964
0,0,0,0.5,-0.58985,180,0,1,566980
0,0,0,0.5,-0.58985,180,0,1,566997
0,1,0,0.5,-0.589715,180,0,1,567014
0,0,0,0.5,-0.589715,180,0,1,567030
0,0,0,0.5,-0.589715,180,0,1,567047
0,0,0,0.5,-0.589715,180,0,1,567063
0,0,0,0.5,-0.589715,180,0,1,567080
0,0,0,0.5,-0.589715,180,0,1,567097
0,0,0,0.5,-0.589715,180,0,1,567113
0,0,0,0.5,-0.589715,180,0,1,567130
0,0,0,0.5,-0.589715,180,0,1,567147
0,0,0,0.5,-0.589715,180,0,1,567163
0,0,0,0.5,-0.589715,180,0,1,567181
2,-1,0,0.5,-0.58985,180,0,1,567198
0,0,0,0.5,-0.58985,180,0,1,567213
0,0,0,0.5,-0.58985,180,0,1,567231
2,-4,0,0.5,-0.59039,180,0,1,567248
0,0,0,0.5,-0.59039,180,0,1,567263
1,0,0,0.5,-0.59039,180,0,1,567282
0,0,0,0.5,-0.59039,180,0,1,567296
0,1,0,0.5,-0.590255,180,0,1,567314
0,0,0,0.5,-0.590255,180,0,1,567330
0,1,0,0.5,-0.59012,180,0,1,567347
1,0,0,0.5,-0.59012,180,0,1,567364
0,1,0,0.5,-0.589985,180,0,1,567381
0,0,0,0.5,-0.589985,180,0,1,567397
0,4,0,0.5,-0.589445,180,0,1,567414
0,3,0,0.5,-0.58904,180,0,1,567430
2,2,1,0.5,-0.58877,180,0,1,567447
0,5,0,0.5,-0.588095,180,0,1,567463
0,8,0,0.5,-0.587015,180,0,1,567481
0,10,-2,0.5,-0.585665,180,0,1,567499
-1,9,-3,0.5,-0.58445,180,0,1,567515
0,9,-4,0.5,-0.583235,180,0,0,567532
0,10,-4,0.5,-0.581885,180,0,0,567548
0,12,-4,0.5,-0.580265,180,0,0,567565
0,15,-3,0.5,-0.57824,180,0,0,567582
0,18,-3,0.5,-0.57581,180,0,0,567597
0,20,-3,0.5,-0.57311,180,0,1,567615
2,23,-3,0.5,-0.570005,180,0,1,567632
0,27,-2,0.5,-0.56636,180,0,0,567647
0,28,0,0.5,-0.56258,180,0,0,567663
1,31,0,0.5,-0.558395,180,0,1,567684
0,35,0,0.5,-0.55367,180,0,1,567697
0,37,-1,0.5,-0.548675,180,0,1,567714
0,38,0,0.5,-0.543545,180,0,1,567731
2,68,0,0.5,-0.534365,180,0,1,567754
1,23,0,0.5,-0.53126,180,0,1,567767
0,0,0,0.5,-0.53126,180,0,1,567780
0,16,0,0.5,-0.5291,180,0,1,567797
0,10,-3,0.5,-0.52775,180,0,1,567814
2,-3,-1,0.5,-0.528155,180,0,1,567832
0,1,0,0.5,-0.52802,180,0,1,567848
2,-1,0,0.5,-0.528155,180,0,1,567866
1,2,3,0.5,-0.527885,180,0,1,567882
0,5,2,0.5,-0.52721,180,0,1,567897
1,5,2,0.5,-0.526535,180,0,1,567915
0,6,2,0.5,-0.525725,180,0,1,567931
1,5,1,0.5,-0.52505,180,0,1,567951
0,7,1,0.5,-0.524105,180,0,1,567965
1,5,0,0.5,-0.52343,180,0,1,567981
0,6,0,0.5,-0.52262,180,0,1,567997
0,4,0,0.5,-0.52208,180,0,1,568014
0,1,0,0.5,-0.521945,180,0,1,568032
0,2,0,0.5,-0.521675,180,0,1,568048
0,1,0,0.5,-0.52154,180,0,1,568064
0,0,0,0.5,-0.52154,180,0,1,568080
1,-1,0,0.5,-0.521675,180,0,1,568099
2,-3,-1,0.5,-0.52208,180,0,1,568115
0,0,0,0.5,-0.52208,180,0,1,568130
1,-2,0,0.5,-0.52235,180,0,1,568147
0,1,0,0.5,-0.522215,180,0,1,568164
2,0,1,0.5,-0.522215,180,0,1,568183
0,1,2,0.5,-0.52208,180,0,1,568199
0,1,1,0.5,-0.521945,180,0,1,568214
1,0,1,0.5,-0.521945,180,0,1,568231
0,0,1,0.5,-0.521945,180,0,1,568248
0,1,1,0.5,-0.52181,180,0,1,568264
2,-4,1,0.5,-0.52235,180,0,1,568281
1,0,0,0.5,-0.52235,180,0,1,568297
0,0,1,0.5,-0.52235,180,0,1,568313
0,1,0,0.5,-0.522215,180,0,1,568330
0,0,1,0.5,-0.522215,180,0,1,568347
1,-1,0,0.5,-0.52235,180,0,1,568364
0,1,0,0.5,-0.522215,180,0,1,568382
0,0,0,0.5,-0.522215,180,0,1,568396
0,1,0,0.5,-0.52208,180,0,1,568413
2,-2,1,0.5,-0.52235,180,0,1,568434
0,0,0,0.5,-0.52235,180,0,1,568446
0,1,0,0.5,-0.522215,180,0,1,568463
-1,0,1,0.5,-0.522215,180,0,1,568482
0,0,0,0.5,-0.522215,180,0,1,568496
0,1,0,0.5,-0.52208,180,0,1,568514
0,1,1,0.5,-0.521945,180,0,1,568530
1,-2,0,0.5,-0.522215,180,0,1,568547
0,0,1,0.5,-0.522215,180,0,1,568564
0,1,1,0.5,-0.52208,180,0,1,568582
1,0,1,0.5,-0.52208,180,0,1,568598
0,0,0,0.5,-0.52208,180,0,1,568614
0,0,1,0.5,-0.52208,180,0,1,568630
0,1,1,0.5,-0.521945,180,0,1,568647
0,0,1,0.5,-0.521945,180,0,1,568664
2,-3,1,0.5,-0.52235,180,0,1,568682
0,-1,0,0.5,-0.522485,180,0,1,568697
0,-1,0,0.5,-0.52262,180,0,1,568714
0,0,0,0.5,-0.52262,180,0,0,568730
0,2,0,0.5,-0.52235,180,0,0,568747
0,5,0,0.5,-0.521675,180,0,1,568764
0,8,-1,0.5,-0.520595,180,0,1,568781
1,8,-2,0.5,-0.519515,180,0,1,568801
0,13,-3,0.5,-0.51776,180,0,0,568816
3,15,-4,0.5,-0.515735,180,0,0,568834
0,23,-5,0.5,-0.51263,180,0,1,568850
1,27,-5,0.5,-0.508985,180,0,1,568868
0,32,-5,0.5,-0.504665,180,0,1,568883
1,34,-4,0.5,-0.500075,180,0,1,568899
0,35,-4,0.5,-0.49535,180,0,1,568915
2,26,-4,0.5,-0.49184,180,0,1,568934
1,22,-3,0.5,-0.48887,180,0,1,568949
0,17,-5,0.5,-0.486575,180,0,1,568966
0,13,-3,0.5,-0.48482,180,0,1,568983
0,8,-1,0.5,-0.48374,180,0,1,568997
1,5,2,0.5,-0.483065,180,0,1,569017
0,0,0,0.5,-0.483065,180,0,1,569030
2,-3,7,0.5,-0.48347,180,0,1,569050
1,-1,4,0.5,-0.483605,180,0,1,569066
0,0,4,0.5,-0.483605,180,0,1,569083
1,-1,3,0.5,-0.48374,180,0,1,569099
0,0,2,0.5,-0.48374,180,0,1,569114
0,0,2,0.5,-0.48374,180,0,1,569132
0,0,1,0.5,-0.48374,180,0,1,569147
1,1,1,0.5,-0.483605,180,0,1,569166
0,1,0,0.5,-0.48347,180,0,1,569180
0,1,0,0.5,-0.483335,180,0,1,569197
0,2,0,0.5,-0.483065,180,0,1,569214
0,1,0,0.5,-0.48293,180,0,1,569231
0,1,0,0.5,-0.482795,180,0,1,569247
0,1,0,0.5,-0.48266,180,0,1,569264
0,1,0,0.5,-0.482525,180,0,1,569282
0,0,0,0.5,-0.482525,180,0,1,569296
0,1,1,0.5,-0.48239,180,0,1,569314
0,1,1,0.5,-0.482255,180,0,1,569331
0,1,1,0.5,-0.48212,180,0,1,569347
0,1,1,0.5,-0.481985,180,0,1,569364
0,1,1,0.5,-0.48185,180,0,1,569381
0,0,0,0.5,-0.48185,180,0,1,569397
-1,2,2,0.5,-0.48158,180,0,1,569416
0,0,0,0.5,-0.48158,180,0,1,569431
0,2,1,0.5,-0.48131,180,0,1,569447
0,0,0,0.5,-0.48131,180,0,1,569464
0,1,0,0.5,-0.481175,180,0,1,569482
0,0,0,0.5,-0.481175,180,0,1,569497
0,2,0,0.5,-0.480905,180,0,1,569514
0,1,0,0.5,-0.48077,180,0,1,569532
1,0,1,0.5,-0.48077,180,0,1,569548
0,0,0,0.5,-0.48077,180,0,1,569563
0,1,0,0.5,-0.480635,180,0,1,569582
1,-1,1,0.5,-0.48077,180,0,1,569598
0,1,1,0.5,-0.480635,180,0,1,569614
3,-3,0,0.5,-0.48104,180,0,1,569636
0,1,0,0.5,-0.480905,180,0,1,569649
0,0,0,0.5,-0.480905,180,0,1,569664
1,0,0,0.5,-0.480905,180,0,1,569685
0,1,0,0.5,-0.48077,180,0,1,569697
0,0,0,0.5,-0.48077,180,0,1,569714
0,0,0,0.5,-0.48077,180,0,1,569730
1,0,0,0.5,-0.48077,180,0,1,569747
0,1,0,0.5,-0.480635,180,0,1,569764
1,-1,1,0.5,-0.48077,180,0,1,569780
0,1,0,0.5,-0.480635,180,0,1,569797
1,0,0,0.5,-0.480635,180,0,1,569816
0,1,0,0.5,-0.4805,180,0,1,569832
1,0,0,0.5,-0.4805,180,0,1,569848
0,1,0,0.5,-0.480365,180,0,1,569864
0,0,0,0.5,-0.480365,180,0,1,569880
2,-3,0,0.5,-0.48077,180,0,1,569897
0,0,0,0.5,-0.48077,180,0,1,569913
0,1,0,0.5,-0.480635,180,0,1,569930
0,0,0,0.5,-0.480635,180,0,1,569946
0,0,0,0.5,-0.480635,180,0,1,569963
0,0,0,0.5,-0.480635,180,0,1,569980
0,0,0,0.5,-0.480635,180,0,1,569996
0,0,0,0.5,-0.480635,180,0,1,570013
1,-1,0,0.5,-0.48077,180,0,1,570030
0,1,0,0.5,-0.480635,180,0,1,570047
0,0,0,0.5,-0.480635,180,0,1,570063
0,0,0,0.5,-0.480635,180,0,1,570080
1,-2,0,0.5,-0.480905,180,0,1,570097
0,0,0,0.5,-0.480905,180,0,1,570113
2,-2,0,0.5,-0.481175,180,0,1,570130
0,1,0,0.5,-0.48104,180,0,1,570147
0,0,0,0.5,-0.48104,180,0,1,570163
0,0,0,0.5,-0.48104,180,0,1,570180
0,1,0,0.5,-0.480905,180,0,1,570196
1,-2,0,0.5,-0.481175,180,0,1,570214
0,0,0,0.5,-0.481175,180,0,1,570230
2,-2,0,0.5,-0.481445,180,0,1,570247
0,0,0,0.5,-0.481445,180,0,1,570263
2,-2,0,0.5,-0.481715,180,0,1,570280
0,0,0,0.5,-0.481715,180,0,1,570296
0,0,0,0.5,-0.481715,180,0,1,570313
1,-2,0,0.5,-0.481985,180,0,1,570330
0,0,-1,0.5,-0.481985,180,0,1,570347
2,-4,0,0.5,-0.482525,180,0,1,570366
0,0,0,0.5,-0.482525,180,0,1,570381
2,-2,0,0.5,-0.482795,180,0,1,570397
0,0,0,0.5,-0.482795,180,0,1,570415
0,-1,0,0.5,-0.48293,180,0,1,570433
0,0,0,0.5,-0.48293,180,0,1,570447
1,-1,0,0.5,-0.483065,180,0,1,570466
0,0,0,0.5,-0.483065,180,0,1,570480
1,-2,0,0.5,-0.483335,180,0,1,570496
0,0,0,0.5,-0.483335,180,0,1,570514
0,0,0,0.5,-0.483335,180,0,1,570530
0,0,0,0.5,-0.483335,180,0,1,570546
1,-1,0,0.5,-0.48347,180,0,1,570563
0,0,0,0.5,-0.48347,180,0,1,570580
0,0,0,0.5,-0.48347,180,0,1,570596
0,0,0,0.5,-0.48347,180,0,1,570613
0,0,0,0.5,-0.48347,180,0,1,570630
0,0,0,0.5,-0.48347,180,0,1,570646
0,0,0,0.5,-0.48347,180,0,1,570663
1,-1,0,0.5,-0.483605,180,0,1,570680
0,0,0,0.5,-0.483605,180,0,1,570696
0,-1,0,0.5,-0.48374,180,0,1,570714
0,0,0,0.5,-0.48374,180,0,1,570730
0,0,0,0.5,-0.48374,180,0,1,570746
0,0,0,0.5,-0.48374,180,0,1,570763
0,0,0,0.5,-0.48374,180,0,1,570780
0,-1,0,0.5,-0.483875,180,0,1,570797
0,0,0,0.5,-0.483875,180,0,1,570813
0,0,0,0.5,-0.483875,180,0,1,570830
0,0,0,0.5,-0.483875,180,0,1,570846
3,-2,0,0.5,-0.484145,180,0,1,570863
0,0,0,0.5,-0.484145,180,0,1,570880
2,-2,0,0.5,-0.484415,180,0,1,570896
0,0,0,0.5,-0.484415,180,0,1,570913
2,-4,0,0.5,-0.484955,180,0,1,570930
1,-1,0,0.5,-0.48509,180,0,1,570946
0,0,0,0.5,-0.48509,180,0,1,570963
0,0,0,0.5,-0.48509,180,0,1,570979
1,-1,0,0.5,-0.485225,180,0,1,570996
0,0,0,0.5,-0.485225,180,0,1,571013
0,0,0,0.5,-0.485225,180,0,1,571029
0,0,0,0.5,-0.485225,180,0,1,571046
-1,1,0,0.5,-0.48509,180,0,1,571063
0,0,0,0.5,-0.48509,180,0,1,571080
0,0,0,0.5,-0.48509,180,0,1,571096
0,0,0,0.5,-0.48509,180,0,1,571113
2,-2,0,0.5,-0.48536,180,0,1,571130
0,-3,0,0.5,-0.485765,180,0,1,571146
1,-1,0,0.5,-0.4859,180,0,1,571163
0,0,0,0.5,-0.4859,180,0,1,571179
0,0,0,0.5,-0.4859,180,0,1,571197
1,-1,0,0.5,-0.486035,180,0,1,571214
0,0,0,0.5,-0.486035,180,0,1,571231
0,0,0,0.5,-0.486035,180,0,1,571247
0,0,0,0.5,-0.486035,180,0,1,571263
0,0,0,0.5,-0.486035,180,0,1,571280
1,-2,0,0.5,-0.486305,180,0,1,571297
0,0,0,0.5,-0.486305,180,0,1,571313
0,-1,0,0.5,-0.48644,180,0,1,571330
0,0,0,0.5,-0.48644,180,0,1,571346
0,0,0,0.5,-0.48644,180,0,1,571363
0,0,0,0.5,-0.48644,180,0,1,571381
0,0,0,0.5,-0.48644,180,0,1,571397
1,-1,0,0.5,-0.486575,180,0,1,571414
0,0,0,0.5,-0.486575,180,0,1,571430
1,-1,0,0.5,-0.48671,180,0,1,571447
0,0,0,0.5,-0.48671,180,0,1,571463
0,0,0,0.5,-0.48671,180,0,1,571481
0,0,0,0.5,-0.48671,180,0,1,571496
2,-4,0,0.5,-0.48725,180,0,1,571513
0,0,0,0.5,-0.48725,180,0,1,571530
0,0,0,0.5,-0.48725,180,0,1,571546
0,0,0,0.5,-0.48725,180,0,1,571563
2,-4,0,0.5,-0.48779,180,0,1,571580
0,0,0,0.5,-0.48779,180,0,1,571596
0,0,0,0.5,-0.48779,180,0,1,571613
0,0,0,0.5,-0.48779,180,0,1,571630
0,0,0,0.5,-0.48779,180,0,1,571647
1,-1,0,0.5,-0.487925,180,0,1,571664
0,0,0,0.5,-0.487925,180,0,1,571681
0,0,0,0.5,-0.487925,180,0,1,571696
0,0,0,0.5,-0.487925,180,0,1,571713
1,-2,0,0.5,-0.488195,180,0,1,571730
0,0,0,0.5,-0.488195,180,0,1,571746
1,0,0,0.5,-0.488195,180,0,1,571764
0,0,0,0.5,-0.488195,180,0,1,571780
3,-2,0,0.5,-0.488465,180,0,1,571797
1,0,0,0.5,-0.488465,180,0,1,571815
0,1,0,0.5,-0.48833,180,0,1,571831
0,1,0,0.5,-0.488195,180,0,1,571846
0,2,0,0.5,-0.487925,180,0,1,571863
0,1,0,0.5,-0.48779,180,0,1,571880
1,0,0,0.5,-0.48779,180,0,1,571897
0,2,0,0.5,-0.48752,180,0,1,571913
0,3,0,0.5,-0.487115,180,0,1,571930
0,5,-1,0.5,-0.48644,180,0,0,571947
0,6,-1,0.5,-0.48563,180,0,0,571963
0,10,-2,0.5,-0.48428,180,0,0,571982
0,11,-3,0.5,-0.482795,180,0,0,571998
0,15,-2,0.5,-0.48077,180,0,0,572015
0,22,-3,0.5,-0.4778,180,0,0,572033
0,28,-4,0.5,-0.47402,180,0,0,572048
0,33,-4,0.5,-0.469565,180,0,0,572065
1,33,-4,0.5,-0.46511,180,0,0,572083
0,32,-5,0.5,-0.46079,180,0,0,572098
0,25,-4,0.5,-0.457415,180,0,0,572115
1,15,-2,0.5,-0.45539,180,0,0,572132
0,11,0,0.5,-0.453905,180,0,0,572147
0,9,2,0.5,-0.45269,180,0,1,572164
0,7,3,0.5,-0.451745,180,0,1,572183
0,4,4,0.5,-0.451205,180,0,1,572199
0,4,3,0.5,-0.450665,180,0,1,572214
0,1,2,0.5,-0.45053,180,0,1,572231
0,1,3,0.5,-0.450395,180,0,1,572248
0,1,0,0.5,-0.45026,180,0,1,572264
0,1,-1,0.5,-0.450125,180,0,1,572282
0,3,-1,0.5,-0.44972,180,0,1,572297
0,1,-2,0.5,-0.449585,180,0,1,572315
0,3,-2,0.5,-0.44918,180,0,1,572331
0,4,-2,0.5,-0.44864,180,0,1,572348
2,4,-3,0.5,-0.4481,180,0,1,572366
0,8,-3,0.5,-0.44702,180,0,1,572381
0,11,-3,0.5,-0.445535,180,0,1,572398
0,11,-2,0.5,-0.44405,180,0,1,572415
0,14,-3,0.5,-0.44216,180,0,0,572435
0,15,-2,0.5,-0.440135,180,0,0,572448
0,13,-2,0.5,-0.43838,180,0,0,572465
0,13,-1,0.5,-0.436625,180,0,0,572482
1,10,0,0.5,-0.435275,180,0,0,572500
0,9,0,0.5,-0.43406,180,0,0,572514
0,6,0,0.5,-0.43325,180,0,0,572530
0,4,1,0.5,-0.43271,180,0,0,572547
2,1,1,0.5,-0.432575,180,0,0,572564
0,1,1,0.5,-0.43244,180,0,0,572581
0,1,1,0.5,-0.432305,180,0,0,572599
0,1,1,0.5,-0.43217,180,0,0,572614
0,1,2,0.5,-0.432035,180,0,0,572631
0,0,1,0.5,-0.432035,180,0,0,572647
0,2,3,0.5,-0.431765,180,0,0,572664
2,-2,2,0.5,-0.432035,180,0,0,572683
0,4,3,0.5,-0.431495,180,0,0,572698
0,5,3,0.5,-0.43082,180,0,0,572714
2,1,2,0.5,-0.430685,180,0,0,572732
1,4,2,0.5,-0.430145,180,0,0,572750
0,5,2,0.5,-0.42947,180,0,0,572764
0,4,2,0.5,-0.42893,180,0,0,572782
0,3,2,0.5,-0.428525,180,0,0,572798
1,2,1,0.5,-0.428255,180,0,0,572814
0,0,1,0.5,-0.428255,180,0,0,572831
0,1,1,0.5,-0.42812,180,0,0,572847
2,-1,1,0.5,-0.428255,180,0,0,572865
0,0,1,0.5,-0.428255,180,0,0,572881
0,1,0,0.5,-0.42812,180,0,0,572897
0,0,0,0.5,-0.42812,180,0,0,572913
2,0,0,0.5,-0.42812,180,0,0,572931
0,1,1,0.5,-0.427985,180,0,0,572950
0,2,0,0.5,-0.427715,180,0,0,572963
2,-3,1,0.5,-0.42812,180,0,0,572981
0,2,0,0.5,-0.42785,180,0,0,572999
1,1,1,0.5,-0.427715,180,0,0,573015
0,0,1,0.5,-0.427715,180,0,0,573032
0,1,1,0.5,-0.42758,180,0,0,573049
0,2,1,0.5,-0.42731,180,0,0,573065
0,1,1,0.5,-0.427175,180,0,0,573080
0,2,1,0.5,-0.426905,180,0,0,573097
2,-1,1,0.5,-0.42704,180,0,0,573114
0,1,0,0.5,-0.426905,180,0,0,573130
1,-1,0,0.5,-0.42704,180,0,0,573148
0,2,1,0.5,-0.42677,180,0,0,573164
0,1,1,0.5,-0.426635,180,0,0,573181
0,1,0,0.5,-0.4265,180,0,0,573197
0,1,1,0.5,-0.426365,180,0,0,573214
2,-2,0,0.5,-0.426635,180,0,0,573231
0,0,0,0.5,-0.426635,180,0,0,573248
2,-2,0,0.5,-0.426905,180,0,0,573266
1,1,0,0.5,-0.42677,180,0,0,573281
0,3,1,0.5,-0.426365,180,0,0,573298
0,3,1,0.5,-0.42596,180,0,0,573314
3,0,1,0.5,-0.42596,180,0,0,573331
0,5,1,0.5,-0.425285,180,0,0,573347
2,0,1,0.5,-0.425285,180,0,0,573365
1,5,1,0.5,-0.42461,180,0,0,573381
0,5,0,0.5,-0.423935,180,0,0,573397
0,17,-1,0.5,-0.42164,180,0,0,573416
0,11,-2,0.5,-0.420155,180,0,0,573431
2,11,-8,0.5,-0.41867,180,0,0,573452
0,15,-8,0.5,-0.416645,180,0,0,573465
0,16,-8,0.5,-0.414485,180,0,0,573482
0,20,-7,0.5,-0.411785,180,0,0,573498
0,24,-6,0.5,-0.408545,180,0,0,573515
1,29,-6,0.5,-0.40463,180,0,0,573534
1,37,-7,0.5,-0.399635,180,0,0,573553
0,43,-9,0.5,-0.39383,180,0,0,573567
2,31,-7,0.5,-0.389645,180,0,0,573582
0,53,-12,0.5,-0.38249,180,0,0,573599
1,51,-14,0.5,-0.375605,180,0,0,573618
0,50,-13,0.5,-0.368855,180,0,0,573635
0,46,-11,0.5,-0.362645,180,0,0,573650
0,45,-9,0.5,-0.35657,180,0,0,573668
1,50,-7,0.5,-0.34982,180,0,0,573684
0,55,-8,0.5,-0.342395,180,0,0,573699
3,58,-9,0.5,-0.334565,180,0,0,573720
0,64,-10,0.5,-0.325925,180,0,1,573737
0,62,-11,0.5,-0.317555,180,0,0,573752
2,47,-11,0.5,-0.31121,180,0,0,573769
0,40,-12,0.5,-0.30581,180,0,1,573784
1,40,-11,0.5,-0.30041,180,0,1,573803
0,91,-13,0.5,-0.288125,180,0,1,573819
0,0,0,0.5,-0.288125,180,0,1,573830
0,51,0,0.5,-0.28124,180,0,1,573847
1,107,0,0.5,-0.266795,180,0,1,573867
0,48,0,0.5,-0.260315,180,0,1,573881
0,38,0,0.5,-0.255185,180,0,1,573897
1,27,-2,0.5,-0.25154,180,0,1,573916
0,21,-1,0.5,-0.248705,180,1,1,573930
0,16,-1,0.5,-0.246545,180,1,1,573947
0,14,-2,0.5,-0.244655,180,1,1,573965
0,11,-3,0.5,-0.24317,180,0,1,573981
1,5,-3,0.5,-0.242495,180,0,1,573998
0,4,-2,0.5,-0.241955,180,0,1,574016
1,2,-3,0.5,-0.241685,180,0,1,574032
0,4,-2,0.5,-0.241145,180,0,1,574049
1,1,-1,0.5,-0.24101,180,0,1,574068
0,2,0,0.5,-0.24074,180,0,1,574081
1,2,0,0.5,-0.24047,180,0,1,574098
0,3,1,0.5,-0.240065,180,0,1,574114
1,1,1,0.5,-0.23993,180,0,1,574131
0,3,3,0.5,-0.239525,180,0,1,574149
0,3,3,0.5,-0.23912,180,0,1,574164
0,2,2,0.5,-0.23885,180,0,1,574180
0,1,3,0.5,-0.238715,180,0,1,574198
3,-2,2,0.5,-0.238985,180,0,1,574216
0,2,4,0.5,-0.238715,180,0,1,574232
0,0,0,0.5,-0.238715,180,0,1,574247
0,6,4,0.5,-0.237905,180,0,1,574266
0,4,2,0.5,-0.237365,180,0,1,574280
0,6,2,0.5,-0.236555,180,0,1,574298
0,5,2,0.5,-0.23588,180,0,1,574316
2,2,2,0.5,-0.23561,180,0,1,574331
0,4,1,0.5,-0.23507,180,0,1,574348
1,2,1,0.5,-0.2348,180,0,1,574365
0,3,2,0.5,-0.234395,180,0,1,574380
1,2,2,0.5,-0.234125,180,0,0,574400
0,2,1,0.5,-0.233855,180,0,0,574414
0,1,2,0.5,-0.23372,180,0,1,574430
1,0,1,0.5,-0.23372,180,0,1,574450
0,2,2,0.5,-0.23345,180,0,1,574465
0,1,2,0.5,-0.233315,180,0,1,574480
0,1,1,0.5,-0.23318,180,0,0,574498
0,2,1,0.5,-0.23291,180,0,0,574516
2,-1,2,0.5,-0.233045,180,0,0,574531
1,4,3,0.5,-0.232505,180,0,1,574554
0,0,0,0.5,-0.232505,180,0,1,574563
0,2,2,0.5,-0.232235,180,0,1,574580
0,3,2,0.5,-0.23183,180,0,1,574597
0,3,1,0.5,-0.231425,180,0,0,574614
0,3,2,0.5,-0.23102,180,0,0,574631
-1,4,3,0.5,-0.23048,180,0,0,574649
0,2,2,0.5,-0.23021,180,0,0,574665
0,2,2,0.5,-0.22994,180,0,1,574681
0,2,2,0.5,-0.22967,180,0,1,574697
0,2,2,0.5,-0.2294,180,0,1,574714
0,3,2,0.5,-0.228995,180,0,0,574731
0,3,3,0.5,-0.22859,180,0,0,574748
0,3,2,0.5,-0.228185,180,0,0,574766
0,2,3,0.5,-0.227915,180,0,0,574781
0,0,2,0.5,-0.227915,180,0,1,574802
0,1,2,0.5,-0.22778,180,0,1,574817
0,0,2,0.5,-0.22778,180,0,1,574831
0,2,2,0.5,-0.22751,180,0,0,574853
0,5,1,0.5,-0.226835,180,0,0,574864
0,5,1,0.5,-0.22616,180,0,0,574881
0,4,2,0.5,-0.22562,180,0,0,574898
0,4,1,0.5,-0.22508,180,0,1,574914
0,2,1,0.5,-0.22481,180,0,1,574930
0,2,1,0.5,-0.22454,180,0,1,574947
0,2,0,0.5,-0.22427,180,0,1,574964
0,2,0,0.5,-0.224,180,0,0,574980
0,3,0,0.5,-0.223595,180,0,0,574996
0,4,0,0.5,-0.223055,180,0,0,575013
0,3,0,0.5,-0.22265,180,0,0,575030
0,5,0,0.5,-0.221975,180,0,1,575047
0,2,0,0.5,-0.221705,180,0,1,575064
0,1,0,0.5,-0.22157,180,0,1,575080
0,1,0,0.5,-0.221435,180,0,1,575096
0,2,0,0.5,-0.221165,180,0,0,575113
0,2,0,0.5,-0.220895,180,0,0,575130
0,3,0,0.5,-0.22049,180,0,0,575146
0,3,0,0.5,-0.220085,180,0,0,575164
0,1,0,0.5,-0.21995,180,0,1,575180
0,1,0,0.5,-0.219815,180,0,1,575196
0,1,0,0.5,-0.21968,180,0,1,575213
0,3,0,0.5,-0.219275,180,0,1,575230
0,5,-1,0.5,-0.2186,180,0,0,575247
0,5,-2,0.5,-0.217925,180,0,0,575265
0,5,-4,0.5,-0.21725,180,0,0,575280
0,4,-4,0.5,-0.21671,180,0,0,575298
0,2,-4,0.5,-0.21644,180,0,0,575314
0,1,-3,0.5,-0.216305,180,0,0,575330
1,0,-3,0.5,-0.216305,180,0,1,575349
0,9,-3,0.5,-0.21509,180,0,1,575369
0,0,0,0.5,-0.21509,180,0,1,575379
0,7,-1,0.5,-0.214145,180,0,1,575397
2,4,-1,0.5,-0.213605,180,0,0,575417
0,14,-2,0.5,-0.211715,180,0,0,575431
0,5,0,0.5,-0.21104,180,0,0,575447
0,7,0,0.5,-0.210095,180,0,0,575465
2,2,0,0.5,-0.209825,180,0,0,575483
1,1,0,0.5,-0.20969,180,0,0,575498
0,0,0,0.5,-0.20969,180,0,0,575514
1,-4,1,0.5,-0.21023,180,0,1,575531
0,-1,0,0.5,-0.210365,180,0,1,575547
2,-5,1,0.5,-0.21104,180,0,0,575566
0,-1,1,0.5,-0.211175,180,0,0,575580
1,-1,1,0.5,-0.21131,180,0,0,575598
0,0,2,0.5,-0.21131,180,0,0,575618
0,0,1,0.5,-0.21131,180,0,0,575631
1,0,3,0.5,-0.21131,180,0,1,575649
0,4,2,0.5,-0.21077,180,0,1,575664
0,9,3,0.5,-0.209555,180,0,1,575681
0,10,2,0.5,-0.208205,180,0,1,575698
0,9,3,0.5,-0.20699,180,0,0,575715
0,5,2,0.5,-0.206315,180,0,0,575730
1,-2,1,0.5,-0.206585,180,0,0,575748
0,-6,1,0.5,-0.207395,180,0,0,575766
0,-4,1,0.5,-0.207935,180,0,0,575780
0,-4,0,0.5,-0.208475,180,0,0,575799
0,-1,0,0.5,-0.20861,180,0,1,575814
0,-2,0,0.5,-0.20888,180,0,1,575830
0,0,0,0.5,-0.20888,180,0,1,575847
0,0,0,0.5,-0.20888,180,0,1,575863
1,-6,-1,0.5,-0.20969,180,0,0,575881
0,-7,0,0.5,-0.210635,180,0,0,575898
0,-9,0,0.5,-0.21185,180,0,0,575913
0,-7,0,0.5,-0.212795,180,0,0,575930
0,-5,1,0.5,-0.21347,180,0,0,575950
0,0,0,0.5,-0.21347,180,0,1,575965
0,5,1,0.5,-0.212795,180,0,1,575980
0,10,1,0.5,-0.211445,180,0,1,575998
0,14,1,0.5,-0.209555,180,0,1,576016
0,13,0,0.5,-0.2078,180,0,1,576030
0,10,0,0.5,-0.20645,180,0,1,576047
0,3,0,0.5,-0.206045,180,0,0,576063
0,0,0,0.5,-0.206045,180,0,0,576079
0,-2,-3,0.5,-0.206315,180,0,0,576098
0,4,-4,0.5,-0.205775,180,0,0,576114
0,8,-6,0.5,-0.204695,180,0,0,576131
-1,12,-8,0.5,-0.203075,180,0,1,576150
-1,17,-9,0.5,-0.20078,180,0,1,576167
0,21,-9,0.5,-0.197945,180,0,1,576182
0,28,-10,0.5,-0.194165,180,0,1,576200
0,28,-11,0.5,-0.190385,180,0,1,576216
0,59,-20,0.5,-0.18242,180,0,0,576243
0,33,-8,0.5,-0.177965,180,0,0,576254
1,40,-8,0.5,-0.172565,180,0,0,576267
0,41,-7,0.5,-0.16703,180,0,0,576282
0,41,-9,0.5,-0.161495,180,0,0,576299
1,38,-10,0.5,-0.156365,180,0,0,576318
0,36,-11,0.5,-0.151505,180,0,0,576333
0,32,-12,0.5,-0.147185,180,0,0,576353
0,31,-11,0.5,-0.143,180,0,0,576367
0,32,-11,0.5,-0.13868,180,0,0,576383
0,34,-9,0.5,-0.13409,180,0,1,576399
1,34,-7,0.5,-0.1295,180,0,1,576417
0,43,-7,0.5,-0.123695,180,0,1,576432
0,41,-6,0.5,-0.11816,180,0,1,576452
0,44,-6,0.5,-0.11222,180,0,1,576464
0,41,-6,0.5,-0.106685,180,0,1,576482
0,36,-7,0.5,-0.101825,180,0,0,576498
3,32,-8,0.5,-0.097505,180,0,0,576517
0,34,-8,0.5,-0.092915,180,0,1,576539
1,34,-6,0.5,-0.088325,180,0,1,576552
0,36,-4,0.5,-0.083465,180,0,1,576564
1,39,-3,0.5,-0.0782,180,0,1,576581
0,46,0,0.5,-0.07199,180,0,1,576600
0,45,0,0.5,-0.065915,180,0,1,576613
2,86,0,0.5,-0.054305,180,0,1,576632
0,31,-1,0.5,-0.05012,180,0,1,576649
0,17,-4,0.5,-0.047825,180,0,1,576664
0,11,-5,0.5,-0.04634,180,0,1,576681
0,7,-5,0.5,-0.045395,180,0,1,576701
0,3,-3,0.5,-0.04499,180,0,1,576714
0,2,-1,0.5,-0.04472,180,0,1,576731
0,1,0,0.5,-0.044585,180,0,1,576749
1,-3,0,0.5,-0.04499,180,0,1,576763
0,0,0,0.5,-0.04499,180,0,1,576780
0,1,1,0.5,-0.044855,180,0,1,576798
0,1,0,0.5,-0.04472,180,0,1,576813
2,1,1,0.5,-0.044585,180,0,1,576831
0,4,0,0.5,-0.044045,180,0,1,576848
0,4,0,0.5,-0.043505,180,0,1,576864
1,4,1,0.5,-0.042965,180,0,1,576882
0,4,1,0.5,-0.042425,180,0,1,576897
0,3,0,0.5,-0.04202,180,0,1,576914
0,4,0,0.5,-0.04148,180,0,1,576930
0,2,1,0.5,-0.04121,180,0,1,576947
0,1,0,0.5,-0.041075,180,0,1,576964
0,-1,0,0.5,-0.04121,180,0,1,576980
0,0,0,0.5,-0.04121,180,0,1,576997
0,-3,0,0.5,-0.041615,180,0,1,577014
0,-2,-1,0.5,-0.041885,180,0,0,577031
0,0,0,0.5,-0.041885,180,0,0,577046
0,2,-1,0.5,-0.041615,180,0,0,577065
0,4,0,0.5,-0.041075,180,0,0,577080
0,7,1,0.5,-0.04013,180,0,1,577098
0,11,1,0.5,-0.038645,180,0,1,577114
0,13,2,0.5,-0.03689,180,0,1,577132
0,12,4,0.5,-0.03527,180,0,1,577149
0,11,7,0.5,-0.033785,180,0,1,577167
1,9,8,0.5,-0.03257,180,0,1,577185
0,11,8,0.5,-0.031085,180,0,1,577200
1,13,7,0.5,-0.02933,180,0,1,577219
0,16,5,0.5,-0.02717,180,0,1,577232
0,19,5,0.5,-0.024605,180,0,0,577248
0,19,5,0.5,-0.02204,180,0,0,577265
0,21,6,0.5,-0.019205,180,0,1,577281
0,22,5,0.5,-0.016235,180,0,1,577298
1,19,5,0.5,-0.01367,180,0,1,577318
0,18,5,0.5,-0.01124,180,0,1,577333
1,14,6,0.5,-0.00935,180,0,1,577349
0,17,7,0.5,-0.007055,180,0,1,577369
0,21,8,0.5,-0.00422,180,0,1,577382
3,22,9,0.5,-0.00125,180,0,1,577399
0,28,10,0.5,0.00253,180,0,0,577419
1,59,24,0.5,0.010495,180,0,0,577442
0,28,12,0.5,0.014275,180,0,1,577451
0,23,11,0.5,0.01738,180,0,1,577470
0,23,11,0.5,0.020485,180,0,1,577488
0,23,11,0.5,0.02359,180,0,1,577507
2,19,12,0.5,0.026155,180,0,1,577522
0,26,12,0.5,0.029665,180,0,1,577532
1,26,12,0.5,0.033175,180,0,1,577550
0,27,12,0.5,0.03682,180,0,1,577566
0,26,11,0.5,0.04033,180,0,1,577582
0,26,11,0.5,0.04384,180,0,1,577600
0,27,10,0.5,0.047485,180,0,1,577619
1,28,8,0.5,0.051265,180,0,1,577634
0,28,7,0.5,0.055045,180,0,1,577649
0,31,6,0.5,0.05923,180,0,1,577665
0,30,5,0.5,0.06328,180,0,1,577684
0,26,4,0.5,0.06679,180,0,1,577698
0,27,5,0.5,0.070435,180,0,1,577715
0,25,4,0.5,0.07381,180,0,1,577732
1,22,5,0.5,0.07678,180,0,1,577748
0,21,4,0.5,0.079615,180,0,1,577767
0,18,3,0.5,0.082045,180,0,1,577782
0,18,4,0.5,0.084475,180,0,1,577798
0,13,3,0.5,0.08623,180,0,1,577815
2,20,6,0.5,0.08893,180,0,1,577835
0,0,0,0.5,0.08893,180,0,1,577846
3,12,6,0.5,0.09055,180,0,0,577869
1,5,2,0.5,0.091225,180,0,0,577886
0,3,1,0.5,0.09163,180,0,0,577897
0,0,1,0.5,0.09163,180,0,0,577913
0,0,1,0.5,0.09163,180,0,0,577933
0,-7,1,0.5,0.090685,180,0,0,577947
0,-5,1,0.5,0.09001,180,0,0,577963
0,-5,0,0.5,0.089335,180,0,0,577981
0,0,0,0.5,0.089335,180,0,0,577996
0,0,0,0.5,0.089335,180,0,0,578013
0,0,-3,0.5,0.089335,180,0,0,578031
0,0,-1,0.5,0.089335,180,0,0,578047
0,0,0,0.5,0.089335,180,0,0,578063
0,6,2,0.5,0.090145,180,0,0,578081
1,2,3,0.5,0.090415,180,0,0,578098
2,-2,3,0.5,0.090145,180,0,0,578115
1,-3,4,0.5,0.08974,180,0,0,578133
0,-3,3,0.5,0.089335,180,0,0,578148
1,-7,4,0.5,0.08839,180,0,0,578165
0,-2,4,0.5,0.08812,180,0,0,578182
0,2,5,0.5,0.08839,180,0,0,578198
0,8,4,0.5,0.08947,180,0,0,578214
3,11,3,0.5,0.090955,180,0,0,578233
0,30,2,0.5,0.095005,180,0,0,578249
0,14,0,0.5,0.096895,180,0,0,578263
0,13,1,0.5,0.09865,180,0,0,578281
2,7,3,0.5,0.099595,180,0,0,578299
0,-1,5,0.5,0.09946,180,0,0,578316
0,-18,4,0.5,0.09703,180,0,0,578334
0,-21,2,0.5,0.094195,180,0,0,578349
1,-21,0,0.5,0.09136,180,0,0,578364
0,-11,1,0.5,0.089875,180,0,0,578380
0,-8,2,0.5,0.088795,180,0,0,578397
2,-1,4,0.5,0.08866,180,0,0,578416
0,7,5,0.5,0.089605,180,0,0,578433
2,2,5,0.5,0.089875,180,0,0,578451
1,-8,2,0.5,0.088795,180,0,0,578465
0,-4,0,0.5,0.088255,180,0,0,578480
1,0,0,0.5,0.088255,180,0,0,578497
2,8,2,0.5,0.089335,180,0,0,578515
1,16,4,0.5,0.091495,180,0,0,578534
0,19,7,0.5,0.09406,180,0,0,578548
0,7,6,0.5,0.095005,180,0,0,578565
0,-2,4,0.5,0.094735,180,0,0,578583
0,1,3,0.5,0.09487,180,0,0,578597
0,5,3,0.5,0.095545,180,0,0,578614
1,9,5,0.5,0.09676,180,0,0,578636
0,0,0,0.5,0.09676,180,0,0,578647
0,14,1,0.5,0.09865,180,0,0,578665
0,12,-1,0.5,0.10027,180,0,0,578682
0,15,0,0.5,0.102295,180,0,0,578697
0,16,1,0.5,0.104455,180,0,0,578715
0,14,5,0.5,0.106345,180,0,0,578738
1,9,6,0.5,0.10756,180,0,0,578751
0,8,8,0.5,0.10864,180,0,0,578768
1,3,8,0.5,0.109045,180,0,0,578784
0,5,10,0.5,0.10972,180,0,0,578799
0,5,8,0.5,0.110395,180,0,0,578816
0,5,7,0.5,0.11107,180,0,0,578833
2,2,5,0.5,0.11134,180,0,0,578848
0,7,3,0.5,0.112285,180,0,0,578866
3,1,2,0.5,0.11242,180,0,0,578883
0,8,1,0.5,0.1135,180,0,0,578897
0,8,0,0.5,0.11458,180,0,0,578913
0,7,0,0.5,0.115525,180,0,0,578930
0,4,-1,0.5,0.116065,180,0,0,578947
1,0,-2,0.5,0.116065,180,0,0,578966
0,1,-2,0.5,0.1162,180,0,0,578981
0,0,-2,0.5,0.1162,180,0,0,578997
0,2,-1,0.5,0.11647,180,0,0,579014
0,3,0,0.5,0.116875,180,0,0,579031
0,2,0,0.5,0.117145,180,0,0,579047
1,5,5,0.5,0.11782,180,0,0,579067
0,3,3,0.5,0.118225,180,0,0,579081
0,2,2,0.5,0.118495,180,0,0,579097
0,2,3,0.5,0.118765,180,0,0,579114
0,2,3,0.5,0.119035,180,0,0,579131
0,0,2,0.5,0.119035,180,0,0,579148
0,2,2,0.5,0.119305,180,0,0,579165
1,-1,1,0.5,0.11917,180,0,0,579181
0,2,1,0.5,0.11944,180,0,0,579197
0,0,1,0.5,0.11944,180,0,0,579213
0,2,1,0.5,0.11971,180,0,0,579230
0,1,0,0.5,0.119845,180,0,0,579247
0,1,0,0.5,0.11998,180,0,0,579264
0,2,1,0.5,0.12025,180,0,0,579281
0,3,0,0.5,0.120655,180,0,0,579296
1,2,1,0.5,0.120925,180,0,0,579317
0,2,1,0.5,0.121195,180,0,0,579333
0,1,1,0.5,0.12133,180,0,0,579347
0,2,1,0.5,0.1216,180,0,0,579367
0,1,1,0.5,0.121735,180,0,0,579380
0,1,2,0.5,0.12187,180,0,0,579397
0,3,1,0.5,0.122275,180,0,0,579414
0,3,1,0.5,0.12268,180,0,0,579430
0,3,1,0.5,0.123085,180,0,0,579448
0,4,1,0.5,0.123625,180,0,0,579465
0,5,1,0.5,0.1243,180,0,0,579482
0,2,3,0.5,0.12457,180,0,0,579499
0,2,1,0.5,0.12484,180,0,0,579514
0,2,1,0.5,0.12511,180,0,0,579530
0,1,0,0.5,0.125245,180,0,0,579547
0,3,0,0.5,0.12565,180,0,0,579563
0,3,0,0.5,0.126055,180,0,0,579580
0,4,0,0.5,0.126595,180,0,0,579596
0,4,0,0.5,0.127135,180,0,0,579613
-1,2,-1,0.5,0.127405,180,0,0,579632
0,2,-1,0.5,0.127675,180,0,0,579647
0,1,0,0.5,0.12781,180,0,0,579663
0,0,2,0.5,0.12781,180,0,0,579681
0,-3,4,0.5,0.127405,180,0,0,579698
0,-1,5,0.5,0.12727,180,0,0,579715
0,0,5,0.5,0.12727,180,0,0,579732
2,-1,4,0.5,0.127135,180,0,0,579748
1,2,3,0.5,0.127405,180,0,0,579765
0,2,3,0.5,0.127675,180,0,0,579782
0,0,3,0.5,0.127675,180,0,0,579801
0,-1,2,0.5,0.12754,180,0,0,579814
2,-4,0,0.5,0.127,180,0,0,579833
0,-15,-3,0.5,0.124975,180,0,0,579848
2,-10,-2,0.5,0.123625,180,0,0,579866
0,-2,-1,0.5,0.123355,180,0,0,579881
0,4,0,0.5,0.123895,180,0,0,579896
0,9,1,0.5,0.12511,180,0,0,579916
0,7,2,0.5,0.126055,180,0,0,579931
1,5,2,0.5,0.12673,180,0,0,579949
0,6,3,0.5,0.12754,180,0,0,579966
0,6,2,0.5,0.12835,180,0,0,579981
0,8,2,0.5,0.12943,180,0,0,579997
0,11,2,0.5,0.130915,180,0,0,580014
0,14,2,0.5,0.132805,180,0,0,580031
0,14,3,0.5,0.134695,180,0,0,580047
1,7,3,0.5,0.13564,180,0,0,580068
0,5,3,0.5,0.136315,180,0,0,580081
0,1,2,0.5,0.13645,180,0,0,580097
0,0,2,0.5,0.13645,180,0,0,580114
2,-6,3,0.5,0.13564,180,0,0,580133
0,-6,3,0.5,0.13483,180,0,0,580148
0,-6,3,0.5,0.13402,180,0,0,580165
2,-6,3,0.5,0.13321,180,0,0,580182
0,0,3,0.5,0.13321,180,0,0,580197
0,4,3,0.5,0.13375,180,0,0,580214
0,6,3,0.5,0.13456,180,0,0,580231
0,5,2,0.5,0.135235,180,0,0,580248
0,8,2,0.5,0.136315,180,0,0,580264
0,5,1,0.5,0.13699,180,0,0,580280
1,9,1,0.5,0.138205,180,0,0,580298
0,4,0,0.5,0.138745,180,0,0,580314
0,3,1,0.5,0.13915,180,0,0,580331
0,3,1,0.5,0.139555,180,0,0,580347
0,2,1,0.5,0.139825,180,0,0,580363
2,-1,1,0.5,0.13969,180,0,0,580383
0,1,1,0.5,0.139825,180,0,0,580397
0,3,2,0.5,0.14023,180,0,0,580414
0,1,1,0.5,0.140365,180,0,0,580430
0,3,2,0.5,0.14077,180,0,0,580447
0,2,2,0.5,0.14104,180,0,0,580466
0,0,2,0.5,0.14104,180,0,0,580481
1,-1,1,0.5,0.140905,180,0,0,580500
2,-1,1,0.5,0.14077,180,0,0,580514
0,1,1,0.5,0.140905,180,0,0,580530
1,1,0,0.5,0.14104,180,0,0,580547
0,2,0,0.5,0.14131,180,0,0,580563
0,2,0,0.5,0.14158,180,0,0,580580
1,2,1,0.5,0.14185,180,0,0,580600
0,3,1,0.5,0.142255,180,0,0,580614
0,2,2,0.5,0.142525,180,0,0,580630
0,4,1,0.5,0.143065,180,0,0,580647
0,8,3,0.5,0.144145,180,0,0,580664
0,4,1,0.5,0.144685,180,0,0,580681
0,6,1,0.5,0.145495,180,0,0,580697
0,6,1,0.5,0.146305,180,0,0,580714
1,8,1,0.5,0.147385,180,0,0,580731
0,8,2,0.5,0.148465,180,0,0,580747
0,8,1,0.5,0.149545,180,0,0,580764
0,7,2,0.5,0.15049,180,0,0,580781
0,3,1,0.5,0.150895,180,0,0,580797
2,-2,1,0.5,0.150625,180,0,0,580815
0,-3,2,0.5,0.15022,180,0,0,580830
2,-10,2,0.5,0.14887,180,0,0,580849
1,-5,2,0.5,0.148195,180,0,0,580865
0,-7,2,0.5,0.14725,180,0,0,580881
0,-4,2,0.5,0.14671,180,0,0,580897
1,-5,4,0.5,0.146035,180,0,0,580916
0,-4,6,0.5,0.145495,180,0,0,580932
2,-2,9,0.5,0.145225,180,0,0,580950
0,8,12,0.5,0.146305,180,0,0,580967
2,25,23,0.5,0.14968,180,0,0,580992
1,17,12,0.5,0.151975,180,0,0,581008
0,0,0,0.5,0.151975,180,0,0,581013
1,39,26,0.5,0.15724,180,0,0,581039
0,0,0,0.5,0.15724,180,0,0,581046
3,27,23,0.5,0.160885,180,0,0,581073
0,-8,9,0.5,0.159805,180,0,0,581083
0,-12,2,0.5,0.158185,180,0,0,581098
0,-12,7,0.5,0.156565,180,0,0,581115
0,-6,0,0.5,0.155755,180,0,1,581130
0,-3,-1,0.5,0.15535,180,0,1,581150
0,5,-2,0.5,0.156025,180,0,1,581165
0,14,0,0.5,0.157915,180,0,1,581180
0,22,4,0.5,0.160885,180,0,1,581198
0,28,7,0.5,0.164665,180,0,1,581216
0,27,9,0.5,0.16831,180,0,1,581234
0,27,9,0.5,0.171955,180,0,1,581250
3,18,9,0.5,0.174385,180,0,1,581269
0,20,9,0.5,0.177085,180,0,1,581283
0,14,8,0.5,0.178975,180,0,1,581300
0,-2,6,0.5,0.178705,180,0,1,581316
0,-5,5,0.5,0.17803,180,0,0,581331
0,-3,5,0.5,0.177625,180,0,0,581349
0,1,6,0.5,0.17776,180,0,0,581367
0,7,6,0.5,0.178705,180,0,0,581381
0,11,4,0.5,0.18019,180,0,0,581398
0,13,2,0.5,0.181945,180,0,0,581414
0,12,1,0.5,0.183565,180,0,0,581430
0,10,1,0.5,0.184915,180,0,0,581448
0,20,2,0.5,0.187615,180,0,0,581465
0,7,6,0.5,0.18856,180,0,0,581481
0,4,4,0.5,0.1891,180,0,0,581497
0,4,4,0.5,0.18964,180,0,0,581514
0,3,4,0.5,0.190045,180,0,0,581531
0,3,4,0.5,0.19045,180,0,0,581548
0,5,5,0.5,0.191125,180,0,0,581565
0,6,5,0.5,0.191935,180,0,0,581581
0,8,5,0.5,0.193015,180,0,0,581599
0,8,5,0.5,0.194095,180,0,0,581615
0,9,5,0.5,0.19531,180,0,0,581631
0,10,5,0.5,0.19666,180,0,0,581649
0,9,5,0.5,0.197875,180,0,0,581666
0,10,4,0.5,0.199225,180,0,0,581681
0,10,4,0.5,0.200575,180,0,0,581698
0,5,3,0.5,0.20125,180,0,0,581714
0,3,2,0.5,0.201655,180,0,0,581730
0,0,2,0.5,0.201655,180,0,0,581747
0,-2,2,0.5,0.201385,180,0,0,581764
0,-4,3,0.5,0.200845,180,0,0,581781
0,-4,4,0.5,0.200305,180,0,0,581799
0,-4,5,0.5,0.199765,180,0,0,581815
0,-1,6,0.5,0.19963,180,0,0,581831
0,1,7,0.5,0.199765,180,0,0,581849
0,9,9,0.5,0.20098,180,0,0,581867
0,0,4,0.5,0.20098,180,0,0,581881
0,15,12,0.5,0.203005,180,0,0,581901
0,9,5,0.5,0.20422,180,0,0,581914
0,7,5,0.5,0.205165,180,0,0,581931
0,2,5,0.5,0.205435,180,0,0,581949
0,-2,7,0.5,0.205165,180,0,0,581965
0,-7,8,0.5,0.20422,180,0,0,581982
0,-8,9,0.5,0.20314,180,0,0,581999
0,-4,12,0.5,0.2026,180,0,0,582017
0,0,14,0.5,0.2026,180,0,1,582035
0,0,13,0.5,0.2026,180,0,1,582051
0,2,12,0.5,0.20287,180,0,1,582067
0,7,12,0.5,0.203815,180,0,1,582083
0,9,11,0.5,0.20503,180,0,1,582100
0,8,12,0.5,0.20611,180,0,1,582116
0,10,12,0.5,0.20746,180,0,1,582134
0,7,12,0.5,0.208405,180,0,1,582154
0,6,12,0.5,0.209215,180,0,1,582168
0,6,12,0.5,0.210025,180,0,1,582184
0,3,11,0.5,0.21043,180,0,1,582205
0,-8,10,0.5,0.20935,180,0,1,582218
0,-13,7,0.5,0.207595,180,0,1,582234
0,-13,2,0.5,0.20584,180,0,1,582249
0,-11,1,0.5,0.204355,180,0,1,582263
2,-15,0,0.5,0.20233,180,0,1,582281
1,-6,1,0.5,0.20152,180,0,1,582297
0,-5,3,0.5,0.200845,180,0,1,582314
0,-7,6,0.5,0.1999,180,0,1,582333
1,-5,8,0.5,0.199225,180,0,1,582351
0,-3,11,0.5,0.19882,180,0,1,582366
0,-1,12,0.5,0.198685,180,0,1,582383
0,1,13,0.5,0.19882,180,0,0,582401
1,-3,13,0.5,0.198415,180,0,0,582418
0,-5,13,0.5,0.19774,180,0,0,582442
0,-6,12,0.5,0.19693,180,0,0,582457
0,-8,9,0.5,0.19585,180,0,1,582469
0,-9,7,0.5,0.194635,180,0,1,582482
0,-12,6,0.5,0.193015,180,0,1,582498
1,-11,4,0.5,0.19153,180,0,1,582516
0,-12,4,0.5,0.18991,180,0,1,582531
0,-11,5,0.5,0.188425,180,0,1,582548
0,-8,5,0.5,0.187345,180,0,1,582565
0,-5,6,0.5,0.18667,180,0,1,582582
0,-1,7,0.5,0.186535,180,0,1,582598
0,1,8,0.5,0.18667,180,0,1,582615
1,4,9,0.5,0.18721,180,0,1,582634
0,12,18,0.5,0.18883,180,0,1,582654
0,0,0,0.5,0.18883,180,0,1,582663
0,22,18,0.5,0.1918,180,0,1,582688
0,0,0,0.5,0.1918,180,0,1,582696
0,30,10,0.5,0.19585,180,0,1,582716
0,14,2,0.5,0.19774,180,0,1,582730
0,12,1,0.5,0.19936,180,0,1,582749
0,10,1,0.5,0.20071,180,0,1,582763
0,10,2,0.5,0.20206,180,0,1,582782
0,10,3,0.5,0.20341,180,0,1,582799
0,10,5,0.5,0.20476,180,0,1,582814
0,12,6,0.5,0.20638,180,0,1,582831
1,10,7,0.5,0.20773,180,0,1,582850
0,11,8,0.5,0.209215,180,0,1,582867
0,10,7,0.5,0.210565,180,0,1,582881
0,8,7,0.5,0.211645,180,0,1,582899
0,6,7,0.5,0.212455,180,0,1,582915
0,5,7,0.5,0.21313,180,0,1,582931
0,4,7,0.5,0.21367,180,0,1,582949
0,3,7,0.5,0.214075,180,0,1,582966
0,2,6,0.5,0.214345,180,0,1,582981
0,1,5,0.5,0.21448,180,0,1,582998
0,1,5,0.5,0.214615,180,0,1,583014
0,0,4,0.5,0.214615,180,0,1,583030
0,0,4,0.5,0.214615,180,0,1,583047
0,2,3,0.5,0.214885,180,0,1,583065
0,3,4,0.5,0.21529,180,0,1,583081
0,2,2,0.5,0.21556,180,0,1,583099
0,3,2,0.5,0.215965,180,0,1,583114
0,3,1,0.5,0.21637,180,0,1,583130
0,4,1,0.5,0.21691,180,0,1,583147
0,4,2,0.5,0.21745,180,0,1,583163
0,5,1,0.5,0.218125,180,0,1,583180
0,4,1,0.5,0.218665,180,0,1,583198
0,2,0,0.5,0.218935,180,0,1,583217
0,0,1,0.5,0.218935,180,0,1,583230
0,-1,1,0.5,0.2188,180,0,1,583247
0,-3,3,0.5,0.218395,180,0,1,583265
0,-3,4,0.5,0.21799,180,0,1,583281
0,-1,4,0.5,0.217855,180,0,1,583300
0,2,4,0.5,0.218125,180,0,1,583314
0,3,4,0.5,0.21853,180,0,1,583332
0,8,5,0.5,0.21961,180,0,1,583349
0,10,5,0.5,0.22096,180,0,1,583364
0,11,5,0.5,0.222445,180,0,1,583383
-1,12,5,0.5,0.224065,180,0,1,583398
-1,19,10,0.5,0.22663,180,0,1,583421
0,0,0,0.5,0.22663,180,0,1,583429
0,5,5,0.5,0.227305,180,0,1,583447
0,4,9,0.5,0.227845,180,0,1,583469
0,0,0,0.5,0.227845,180,0,1,583479
0,2,9,0.5,0.228115,180,0,1,583501
0,0,4,0.5,0.228115,180,0,1,583514
0,2,5,0.5,0.228385,180,0,1,583531
0,2,5,0.5,0.228655,180,0,1,583548
0,3,5,0.5,0.22906,180,0,1,583565
0,1,5,0.5,0.229195,180,0,1,583581
0,0,4,0.5,0.229195,180,0,1,583599
0,-4,4,0.5,0.228655,180,0,1,583615
0,-11,4,0.5,0.22717,180,0,1,583631
0,-12,4,0.5,0.22555,180,0,1,583649
0,-9,4,0.5,0.224335,180,0,1,583664
0,-7,5,0.5,0.22339,180,0,1,583681
0,-8,6,0.5,0.22231,180,0,1,583699
0,-1,7,0.5,0.222175,180,0,1,583715
0,11,10,0.5,0.22366,180,0,1,583732
0,17,9,0.5,0.225955,180,0,1,583751
0,22,10,0.5,0.228925,180,0,1,583766
0,23,8,0.5,0.23203,180,0,1,583781
0,23,7,0.5,0.235135,180,0,1,583799
0,18,8,0.5,0.237565,180,0,1,583815
0,11,8,0.5,0.23905,180,0,1,583832
0,-5,7,0.5,0.238375,180,0,1,583849
0,-31,8,0.5,0.23419,180,0,1,583868
0,0,0,0.5,0.23419,180,0,1,583880
0,-22,6,0.5,0.23122,180,0,1,583899
0,-4,2,0.5,0.23068,180,0,1,583914
0,0,2,0.5,0.23068,180,0,1,583931
0,3,2,0.5,0.231085,180,0,1,583948
0,11,2,0.5,0.23257,180,0,1,583964
0,13,3,0.5,0.234325,180,0,1,583981
0,16,4,0.5,0.236485,180,0,1,583999
0,11,5,0.5,0.23797,180,0,1,584020
-1,3,7,0.5,0.238375,180,0,1,584038
0,3,9,0.5,0.23878,180,0,1,584060
0,4,17,0.5,0.23932,180,0,1,584082
1,0,7,0.5,0.23932,180,0,1,584092
0,0,0,0.5,0.23932,180,0,0,584099
0,3,6,0.5,0.239725,180,0,0,584115
0,4,6,0.5,0.240265,180,0,0,584131
2,4,7,0.5,0.240805,180,0,0,584150
0,9,7,0.5,0.24202,180,0,0,584165
1,11,6,0.5,0.243505,180,0,0,584181
0,27,9,0.5,0.24715,180,0,0,584209
1,10,4,0.5,0.2485,180,0,0,584216
0,0,0,0.5,0.2485,180,0,0,584229
0,12,4,0.5,0.25012,180,0,0,584249
2,13,8,0.5,0.251875,180,0,0,584266
0,6,3,0.5,0.252685,180,0,0,584281
0,0,0,0.5,0.252685,180,0,0,584296
0,3,6,0.5,0.25309,180,0,0,584315
0,0,2,0.5,0.25309,180,0,0,584330
0,-1,3,0.5,0.252955,180,0,1,584348
0,-3,2,0.5,0.25255,180,0,1,584365
2,-5,2,0.5,0.251875,180,0,1,584381
0,-1,2,0.5,0.25174,180,0,1,584397
2,-5,2,0.5,0.251065,180,0,1,584415
0,0,2,0.5,0.251065,180,0,1,584431
0,0,2,0.5,0.251065,180,0,1,584447
0,2,2,0.5,0.251335,180,0,1,584464
0,2,2,0.5,0.251605,180,0,1,584480
0,2,1,0.5,0.251875,180,0,1,584497
1,1,1,0.5,0.25201,180,0,1,584514
0,2,2,0.5,0.25228,180,0,1,584530
0,2,1,0.5,0.25255,180,0,1,584547
0,1,1,0.5,0.252685,180,0,1,584563
2,-1,1,0.5,0.25255,180,0,1,584582
0,2,1,0.5,0.25282,180,0,1,584599
0,2,1,0.5,0.25309,180,0,1,584614
0,1,2,0.5,0.253225,180,0,1,584630
-2,9,4,0.5,0.25444,180,0,1,584650
0,2,2,0.5,0.25471,180,0,1,584664
0,4,2,0.5,0.25525,180,0,1,584680
0,2,2,0.5,0.25552,180,0,1,584699
1,0,2,0.5,0.25552,180,0,1,584715
0,2,2,0.5,0.25579,180,0,1,584731
0,1,1,0.5,0.255925,180,0,1,584747
0,1,1,0.5,0.25606,180,0,1,584763
0,0,1,0.5,0.25606,180,0,1,584780
0,1,1,0.5,0.256195,180,0,1,584798
0,1,1,0.5,0.25633,180,0,1,584813
0,1,1,0.5,0.256465,180,0,1,584830
1,0,1,0.5,0.256465,180,0,1,584849
0,1,0,0.5,0.2566,180,0,1,584863
0,2,1,0.5,0.25687,180,0,1,584880
0,2,1,0.5,0.25714,180,0,1,584897
2,-2,1,0.5,0.25687,180,0,1,584915
0,2,1,0.5,0.25714,180,0,1,584931
1,0,1,0.5,0.25714,180,0,1,584949
0,2,1,0.5,0.25741,180,0,1,584965
0,0,0,0.5,0.25741,180,0,1,584979
0,1,1,0.5,0.257545,180,0,1,584998
0,1,1,0.5,0.25768,180,0,1,585013
0,0,0,0.5,0.25768,180,0,1,585030
0,0,0,0.5,0.25768,180,0,1,585047
0,1,1,0.5,0.257815,180,0,1,585063
0,0,0,0.5,0.257815,180,0,1,585079
0,1,0,0.5,0.25795,180,0,1,585097
0,1,0,0.5,0.258085,180,0,1,585114
0,1,0,0.5,0.25822,180,0,1,585130
0,1,0,0.5,0.258355,180,0,1,585147
0,1,0,0.5,0.25849,180,0,1,585163
0,0,0,0.5,0.25849,180,0,1,585179
0,1,0,0.5,0.258625,180,0,1,585196
0,1,0,0.5,0.25876,180,0,1,585212
0,0,0,0.5,0.25876,180,0,1,585229
0,1,0,0.5,0.258895,180,0,1,585246
0,0,0,0.5,0.258895,180,0,1,585262
0,0,0,0.5,0.258895,180,0,1,585279
0,0,0,0.5,0.258895,180,0,1,585296
0,0,0,0.5,0.258895,180,0,1,585312
0,0,0,0.5,0.258895,180,0,1,585329
-1,0,0,0.5,0.258895,180,0,1,585346
-1,0,0,0.5,0.258895,180,0,1,585363
0,0,0,0.5,0.258895,180,0,1,585379
0,0,0,0.5,0.258895,180,0,1,585396
0,0,0,0.5,0.258895,180,0,1,585412
-1,-1,0,0.5,0.25876,180,0,1,585430
0,1,0,0.5,0.258895,180,0,1,585446
0,0,0,0.5,0.258895,180,0,1,585462
0,0,0,0.5,0.258895,180,0,1,585479
1,-3,0,0.5,0.25849,180,0,1,585497
0,-1,0,0.5,0.258355,180,0,1,585513
1,-1,0,0.5,0.25822,180,0,1,585530
0,0,0,0.5,0.25822,180,0,1,585546
0,0,0,0.5,0.25822,180,0,1,585563
0,0,0,0.5,0.25822,180,0,1,585579
0,0,0,0.5,0.25822,180,0,1,585596
0,0,0,0.5,0.25822,180,0,1,585612
1,-1,0,0.5,0.258085,180,0,1,585629
0,0,0,0.5,0.258085,180,0,1,585646
0,0,-1,0.5,0.258085,180,0,1,585663
0,0,0,0.5,0.258085,180,0,1,585679
2,-1,0,0.5,0.25795,180,0,1,585696
0,1,0,0.5,0.258085,180,0,1,585713
0,0,0,0.5,0.258085,180,0,1,585729
2,-2,0,0.5,0.257815,180,0,1,585747
0,0,0,0.5,0.257815,180,0,1,585762
0,0,0,0.5,0.257815,180,0,1,585779
1,-3,0,0.5,0.25741,180,0,1,585796
0,0,0,0.5,0.25741,180,0,1,585812
1,-2,0,0.5,0.25714,180,0,1,585829
0,0,0,0.5,0.25714,180,0,1,585846
2,-3,0,0.5,0.256735,180,0,1,585863
0,0,0,0.5,0.256735,180,0,1,585879
0,0,0,0.5,0.256735,180,0,1,585896
0,0,0,0.5,0.256735,180,0,1,585912
2,-3,0,0.5,0.25633,180,0,1,585929
0,-1,0,0.5,0.256195,180,0,1,585946
0,0,0,0.5,0.256195,180,0,1,585962
0,0,0,0.5,0.256195,180,0,1,585979
0,0,0,0.5,0.256195,180,0,1,585996
0,1,0,0.5,0.25633,180,0,1,586013
0,0,0,0.5,0.25633,180,0,1,586029
0,0,0,0.5,0.25633,180,0,1,586046
0,0,0,0.5,0.25633,180,0,1,586062
0,0,0,0.5,0.25633,180,0,1,586079
0,0,0,0.5,0.25633,180,0,1,586096
0,0,0,0.5,0.25633,180,0,1,586112
0,0,0,0.5,0.25633,180,0,1,586129
0,0,0,0.5,0.25633,180,0,1,586146
0,0,0,0.5,0.25633,180,0,1,586162
0,0,0,0.5,0.25633,180,0,1,586179
-1,-1,0,0.5,0.256195,180,0,1,586196
0,0,0,0.5,0.256195,180,0,1,586212
0,-1,0,0.5,0.25606,180,0,1,586229
0,0,0,0.5,0.25606,180,0,1,586246
2,-3,0,0.5,0.255655,180,0,1,586263
0,0,0,0.5,0.255655,180,0,1,586279
0,0,0,0.5,0.255655,180,0,1,586296
0,0,0,0.5,0.255655,180,0,1,586312
0,0,0,0.5,0.255655,180,0,1,586329
2,-5,0,0.5,0.25498,180,0,1,586346
0,0,0,0.5,0.25498,180,0,1,586362
1,-1,0,0.5,0.254845,180,0,1,586379
0,0,0,0.5,0.254845,180,0,1,586396
0,0,0,0.5,0.254845,180,0,1,586412
0,0,0,0.5,0.254845,180,0,1,586429
1,-1,0,0.5,0.25471,180,0,1,586447
0,0,0,0.5,0.25471,180,0,1,586462
0,0,0,0.5,0.25471,180,0,1,586479
2,-4,0,0.5,0.25417,180,0,1,586498
0,0,0,0.5,0.25417,180,0,1,586512
0,0,0,0.5,0.25417,180,0,1,586529
0,1,0,0.5,0.254305,180,0,1,586549
0,0,0,0.5,0.254305,180,0,1,586562
0,1,0,0.5,0.25444,180,0,1,586580
1,-1,0,0.5,0.254305,180,0,1,586600
0,0,0,0.5,0.254305,180,0,1,586613
0,0,0,0.5,0.254305,180,0,1,586629
0,0,0,0.5,0.254305,180,0,1,586646
0,0,0,0.5,0.254305,180,0,1,586662
0,0,0,0.5,0.254305,180,0,1,586679
0,0,0,0.5,0.254305,180,0,1,586696
1,-1,0,0.5,0.25417,180,0,1,586713
0,-1,0,0.5,0.254035,180,0,1,586730
0,0,0,0.5,0.254035,180,0,1,586746
0,0,0,0.5,0.254035,180,0,1,586762
1,-3,0,0.5,0.25363,180,0,1,586780
0,0,0,0.5,0.25363,180,0,1,586796
0,0,0,0.5,0.25363,180,0,1,586812
0,1,0,0.5,0.253765,180,0,1,586830
2,-3,0,0.5,0.25336,180,0,1,586847
0,0,0,0.5,0.25336,180,0,1,586862
1,-1,0,0.5,0.253225,180,0,1,586880
0,0,0,0.5,0.253225,180,0,1,586896
0,0,0,0.5,0.253225,180,0,1,586912
0,0,0,0.5,0.253225,180,0,1,586929
0,0,0,0.5,0.253225,180,0,1,586946
0,0,0,0.5,0.253225,180,0,1,586962
0,0,0,0.5,0.253225,180,0,1,586979
1,-1,0,0.5,0.25309,180,0,1,586996
0,0,0,0.5,0.25309,180,0,1,587012
0,0,0,0.5,0.25309,180,0,1,587029
0,0,0,0.5,0.25309,180,0,1,587046
1,-1,0,0.5,0.252955,180,0,1,587063
0,0,0,0.5,0.252955,180,0,1,587079
0,0,0,0.5,0.252955,180,0,1,587096
0,0,0,0.5,0.252955,180,0,1,587112
2,-3,0,0.5,0.25255,180,0,1,587129
0,0,0,0.5,0.25255,180,0,1,587146
0,1,0,0.5,0.252685,180,0,1,587164
1,-2,0,0.5,0.252415,180,0,1,587181
0,0,0,0.5,0.252415,180,0,1,587197
2,-2,0,0.5,0.252145,180,0,1,587213
0,0,0,0.5,0.252145,180,0,1,587229
0,0,0,0.5,0.252145,180,0,1,587246
0,0,0,0.5,0.252145,180,0,1,587262
1,-1,0,0.5,0.25201,180,0,1,587280
0,0,0,0.5,0.25201,180,0,1,587296
0,0,0,0.5,0.25201,180,0,1,587312
0,0,0,0.5,0.25201,180,0,1,587330
0,0,0,0.5,0.25201,180,0,1,587345
0,0,0,0.5,0.25201,180,0,1,587362
0,0,0,0.5,0.25201,180,0,1,587379
0,0,0,0.5,0.25201,180,0,1,587396
0,1,0,0.5,0.252145,180,0,1,587413
0,0,0,0.5,0.252145,180,0,1,587429
0,0,0,0.5,0.252145,180,0,1,587446
0,0,0,0.5,0.252145,180,0,1,587462
0,0,0,0.5,0.252145,180,0,1,587479
0,0,0,0.5,0.252145,180,0,1,587496
1,-3,0,0.5,0.25174,180,0,1,587513
0,0,0,0.5,0.25174,180,0,1,587530
0,0,0,0.5,0.25174,180,0,1,587546
0,0,0,0.5,0.25174,180,0,1,587563
2,-2,0,0.5,0.25147,180,0,1,587580
0,0,0,0.5,0.25147,180,0,1,587596
0,0,0,0.5,0.25147,180,0,1,587612
0,0,0,0.5,0.25147,180,0,1,587629
2,-4,0,0.5,0.25093,180,0,1,587646
1,-1,0,0.5,0.250795,180,0,1,587663
0,0,0,0.5,0.250795,180,0,1,587679
0,0,0,0.5,0.250795,180,0,1,587696
0,1,1,0.5,0.25093,180,0,1,587713
0,0,0,0.5,0.25093,180,0,1,587729
1,-1,0,0.5,0.250795,180,0,1,587747
0,0,0,0.5,0.250795,180,0,1,587762
1,-1,0,0.5,0.25066,180,0,1,587780
1,-1,0,0.5,0.250525,180,0,1,587797
0,0,0,0.5,0.250525,180,0,1,587813
1,-2,0,0.5,0.250255,180,0,1,587830
0,0,0,0.5,0.250255,180,0,1,587846
1,-1,0,0.5,0.25012,180,0,1,587863
0,0,0,0.5,0.25012,180,0,1,587879
0,0,0,0.5,0.25012,180,0,1,587896
3,-2,0,0.5,0.24985,180,0,1,587913
0,0,0,0.5,0.24985,180,0,1,587929
2,-4,0,0.5,0.24931,180,0,1,587946
1,0,0,0.5,0.24931,180,0,1,587964
1,-2,0,0.5,0.24904,180,0,1,587980
0,0,0,0.5,0.24904,180,0,1,587996
1,-1,0,0.5,0.248905,180,0,1,588013
0,0,0,0.5,0.248905,180,0,1,588029
0,0,0,0.5,0.248905,180,0,1,588046
0,-1,0,0.5,0.24877,180,0,1,588063
0,2,1,0.5,0.24904,180,0,1,588080
1,3,1,0.5,0.249445,180,0,1,588097
0,4,1,0.5,0.249985,180,0,1,588113
2,0,0,0.5,0.249985,180,0,1,588131
1,1,2,0.5,0.25012,180,0,0,588148
0,0,3,0.5,0.25012,180,0,0,588163
0,-1,3,0.5,0.249985,180,0,0,588180
0,1,3,0.5,0.25012,180,0,0,588197
0,3,2,0.5,0.250525,180,0,0,588214
0,6,1,0.5,0.251335,180,0,0,588232
0,7,0,0.5,0.25228,180,0,0,588246
0,23,-1,0.5,0.255385,180,0,0,588263
2,13,0,0.5,0.25714,180,0,0,588280
0,19,0,0.5,0.259705,180,0,0,588297
1,19,0,0.5,0.26227,180,0,0,588315
0,25,2,0.5,0.265645,180,0,0,588330
2,22,4,0.5,0.268615,180,0,0,588349
0,22,7,0.5,0.271585,180,0,1,588367
1,14,8,0.5,0.273475,180,0,1,588383
0,11,8,0.5,0.27496,180,0,1,588399
0,7,7,0.5,0.275905,180,0,1,588417
0,1,4,0.5,0.27604,180,0,1,588430
2,-5,2,0.5,0.275365,180,0,1,588447
0,-4,1,0.5,0.274825,180,0,1,588465
1,-7,0,0.5,0.27388,180,0,1,588481
0,-9,-1,0.5,0.272665,180,0,1,588497
0,-11,-1,0.5,0.27118,180,0,1,588513
0,-12,-2,0.5,0.26956,180,0,1,588530
1,-12,-3,0.5,0.26794,180,0,1,588548
0,-9,-3,0.5,0.266725,180,0,1,588564
0,-6,-2,0.5,0.265915,180,0,1,588580
-1,-3,-3,0.5,0.26551,180,0,1,588600
0,-1,-4,0.5,0.265375,180,0,1,588617
0,2,-4,0.5,0.265645,180,0,1,588632
0,13,-8,0.5,0.2674,180,0,1,588649
0,8,-3,0.5,0.26848,180,0,1,588665
1,9,-3,0.5,0.269695,180,0,0,588681
0,11,-2,0.5,0.27118,180,0,0,588697
1,8,-1,0.5,0.27226,180,0,0,588716
0,10,0,0.5,0.27361,180,0,0,588730
1,7,0,0.5,0.274555,180,0,0,588749
0,8,2,0.5,0.275635,180,0,0,588766
0,4,2,0.5,0.276175,180,0,0,588782
0,4,2,0.5,0.276715,180,0,0,588797
0,4,3,0.5,0.277255,180,0,0,588814
0,2,3,0.5,0.277525,180,0,0,588831
0,2,4,0.5,0.277795,180,0,0,588847
2,-3,2,0.5,0.27739,180,0,0,588868
0,1,2,0.5,0.277525,180,0,0,588882
1,-1,2,0.5,0.27739,180,0,0,588898
0,-1,2,0.5,0.277255,180,0,0,588915
2,-3,2,0.5,0.27685,180,0,0,588934
0,1,1,0.5,0.276985,180,0,0,588947
0,1,0,0.5,0.27712,180,0,0,588963
0,2,0,0.5,0.27739,180,0,0,588979
1,0,0,0.5,0.27739,180,0,0,588998
0,1,0,0.5,0.277525,180,0,0,589013
0,1,0,0.5,0.27766,180,0,0,589029
0,2,0,0.5,0.27793,180,0,0,589047
1,0,1,0.5,0.27793,180,0,0,589063
0,1,0,0.5,0.278065,180,0,0,589079
0,1,1,0.5,0.2782,180,0,0,589097
0,0,1,0.5,0.2782,180,0,0,589113
1,-1,1,0.5,0.278065,180,0,0,589131
0,1,1,0.5,0.2782,180,0,0,589146
1,0,1,0.5,0.2782,180,0,0,589164
0,1,1,0.5,0.278335,180,0,0,589180
0,1,1,0.5,0.27847,180,0,0,589198
0,1,1,0.5,0.278605,180,0,0,589213
0,2,1,0.5,0.278875,180,0,0,589230
0,1,0,0.5,0.27901,180,0,0,589247
0,2,0,0.5,0.27928,180,0,0,589262
0,0,1,0.5,0.27928,180,0,0,589280
2,0,0,0.5,0.27928,180,0,0,589297
0,1,0,0.5,0.279415,180,0,0,589313
0,0,0,0.5,0.279415,180,0,0,589330
0,1,0,0.5,0.27955,180,0,0,589348
0,1,0,0.5,0.279685,180,0,0,589363
0,0,0,0.5,0.279685,180,0,0,589379
0,1,0,0.5,0.27982,180,0,0,589396
0,0,0,0.5,0.27982,180,0,0,589412
2,0,0,0.5,0.27982,180,0,0,589430
0,2,0,0.5,0.28009,180,0,0,589446
0,0,0,0.5,0.28009,180,0,0,589462
0,1,0,0.5,0.280225,180,0,0,589479
0,1,0,0.5,0.28036,180,0,0,589496
0,1,0,0.5,0.280495,180,0,0,589513
2,-2,0,0.5,0.280225,180,0,0,589531
0,1,0,0.5,0.28036,180,0,0,589547
0,0,0,0.5,0.28036,180,0,0,589563
0,1,0,0.5,0.280495,180,0,0,589580
0,-1,0,0.5,0.28036,180,0,0,589598
0,1,0,0.5,0.280495,180,0,0,589614
0,1,0,0.5,0.28063,180,0,0,589630
0,0,0,0.5,0.28063,180,0,0,589646
0,1,0,0.5,0.280765,180,0,1,589662
0,1,0,0.5,0.2809,180,0,1,589679
0,0,0,0.5,0.2809,180,0,1,589696
0,0,0,0.5,0.2809,180,0,1,589712
0,1,0,0.5,0.281035,180,0,1,589729
0,0,0,0.5,0.281035,180,0,1,589746
0,1,0,0.5,0.28117,180,0,1,589762
0,0,0,0.5,0.28117,180,0,1,589779
0,0,0,0.5,0.28117,180,0,1,589796
0,2,0,0.5,0.28144,180,0,1,589813
0,0,0,0.5,0.28144,180,0,1,589829
-2,2,0,0.5,0.28171,180,0,1,589847
0,0,0,0.5,0.28171,180,0,1,589862
0,1,0,0.5,0.281845,180,0,1,589879
0,0,0,0.5,0.281845,180,0,1,589896
0,1,0,0.5,0.28198,180,0,1,589912
0,0,0,0.5,0.28198,180,0,1,589929
0,0,0,0.5,0.28198,180,0,1,589946
0,1,0,0.5,0.282115,180,0,1,589962
0,0,0,0.5,0.282115,180,0,1,589979
0,1,0,0.5,0.28225,180,0,1,589996
0,0,0,0.5,0.28225,180,0,1,590012
0,0,0,0.5,0.28225,180,0,1,590029
0,0,0,0.5,0.28225,180,0,1,590046
0,0,0,0.5,0.28225,180,0,1,590062
0,0,0,0.5,0.28225,180,0,1,590079
0,1,0,0.5,0.282385,180,0,1,590096
0,0,0,0.5,0.282385,180,0,1,590112
0,0,0,0.5,0.282385,180,0,1,590129
-1,1,0,0.5,0.28252,180,0,1,590146
0,0,0,0.5,0.28252,180,0,1,590162
0,1,0,0.5,0.282655,180,0,1,590179
0,0,0,0.5,0.282655,180,0,1,590195
-1,0,0,0.5,0.282655,180,0,1,590213
0,0,0,0.5,0.282655,180,0,1,590229
0,0,0,0.5,0.282655,180,0,1,590246
0,0,0,0.5,0.282655,180,0,1,590262
0,-1,0,0.5,0.28252,180,0,1,590279
0,1,-1,0.5,0.282655,180,0,1,590296
0,0,0,0.5,0.282655,180,0,1,590312
0,0,0,0.5,0.282655,180,0,1,590329
3,-2,0,0.5,0.282385,180,0,1,590349
0,0,0,0.5,0.282385,180,0,1,590363
0,1,0,0.5,0.28252,180,0,1,590380
0,0,0,0.5,0.28252,180,0,1,590396
0,0,0,0.5,0.28252,180,0,1,590412
0,0,0,0.5,0.28252,180,0,1,590429
0,0,0,0.5,0.28252,180,0,1,590445
0,0,0,0.5,0.28252,180,0,1,590462
0,0,0,0.5,0.28252,180,0,1,590479
0,0,0,0.5,0.28252,180,0,1,590496
1,-1,0,0.5,0.282385,180,0,1,590513
0,0,0,0.5,0.282385,180,0,1,590529
1,-1,0,0.5,0.28225,180,0,1,590546
0,1,0,0.5,0.282385,180,0,1,590563
0,0,0,0.5,0.282385,180,0,1,590579
0,0,0,0.5,0.282385,180,0,1,590596
1,-2,0,0.5,0.282115,180,0,1,590613
0,1,0,0.5,0.28225,180,0,1,590630
0,-1,0,0.5,0.282115,180,0,1,590647
0,0,0,0.5,0.282115,180,0,1,590662
1,-1,0,0.5,0.28198,180,0,1,590680
0,0,0,0.5,0.28198,180,0,1,590695
0,0,0,0.5,0.28198,180,0,1,590712
0,-2,0,0.5,0.28171,180,0,0,590729
1,-2,0,0.5,0.28144,180,0,0,590746
0,-2,2,0.5,0.28117,180,0,0,590763
3,-4,2,0.5,0.28063,180,0,0,590781
0,-2,1,0.5,0.28036,180,0,0,590797
1,-2,1,0.5,0.28009,180,0,0,590814
0,-1,0,0.5,0.279955,180,0,0,590829
0,-3,0,0.5,0.27955,180,0,0,590850
0,-6,-2,0.5,0.27874,180,0,0,590863
0,-8,-4,0.5,0.27766,180,0,0,590882
2,-14,-8,0.5,0.27577,180,0,0,590899
0,-6,-8,0.5,0.27496,180,0,0,590915
1,-4,-9,0.5,0.27442,180,0,0,590932
0,-12,-8,0.5,0.2728,180,0,0,590948
2,-14,-8,0.5,0.27091,180,0,0,590966
0,-8,-6,0.5,0.26983,180,0,0,590981
0,-3,-4,0.5,0.269425,180,0,0,590997
0,2,-1,0.5,0.269695,180,0,0,591013
0,11,1,0.5,0.27118,180,0,0,591030
0,10,1,0.5,0.27253,180,0,0,591047
0,-6,-1,0.5,0.27172,180,0,0,591063
1,-7,-10,0.5,0.270775,180,0,0,591087
0,0,0,0.5,0.270775,180,0,0,591096
0,-2,-8,0.5,0.270505,180,0,0,591115
0,3,-2,0.5,0.27091,180,0,0,591134
0,6,-1,0.5,0.27172,180,0,0,591149
2,3,0,0.5,0.272125,180,0,0,591165
0,7,0,0.5,0.27307,180,0,0,591180
1,6,1,0.5,0.27388,180,0,0,591200
0,7,1,0.5,0.274825,180,0,0,591214
0,6,1,0.5,0.275635,180,0,0,591230
0,6,1,0.5,0.276445,180,0,0,591246
0,4,1,0.5,0.276985,180,0,0,591264
0,3,1,0.5,0.27739,180,0,0,591282
0,1,1,0.5,0.277525,180,0,0,591297
0,0,1,0.5,0.277525,180,0,0,591314
0,0,1,0.5,0.277525,180,0,0,591330
0,-1,1,0.5,0.27739,180,0,0,591346
0,0,1,0.5,0.27739,180,0,0,591363
2,-2,1,0.5,0.27712,180,0,0,591380
0,1,1,0.5,0.277255,180,0,0,591397
1,-3,1,0.5,0.27685,180,0,0,591413
0,2,1,0.5,0.27712,180,0,0,591430
0,2,0,0.5,0.27739,180,0,0,591446
0,1,1,0.5,0.277525,180,0,0,591463
0,3,1,0.5,0.27793,180,0,0,591481
0,2,0,0.5,0.2782,180,0,0,591496
0,1,1,0.5,0.278335,180,0,0,591513
2,-1,1,0.5,0.2782,180,0,0,591532
0,1,0,0.5,0.278335,180,0,0,591546
2,-4,1,0.5,0.277795,180,0,0,591563
2,0,0,0.5,0.277795,180,0,0,591584
0,0,1,0.5,0.277795,180,0,0,591597
1,0,0,0.5,0.277795,180,0,0,591614
0,1,1,0.5,0.27793,180,0,0,591630
2,-2,1,0.5,0.27766,180,0,0,591647
1,-1,0,0.5,0.277525,180,0,0,591664
0,1,0,0.5,0.27766,180,0,0,591679
0,1,0,0.5,0.277795,180,0,0,591698
0,2,0,0.5,0.278065,180,0,0,591712
0,1,0,0.5,0.2782,180,0,0,591729
1,0,0,0.5,0.2782,180,0,0,591748
0,1,1,0.5,0.278335,180,0,0,591763
0,1,0,0.5,0.27847,180,0,0,591779
0,1,0,0.5,0.278605,180,0,0,591796
0,0,0,0.5,0.278605,180,0,0,591812
0,1,0,0.5,0.27874,180,0,0,591829
0,0,0,0.5,0.27874,180,0,0,591846
0,1,0,0.5,0.278875,180,0,0,591863
0,2,0,0.5,0.279145,180,0,0,591880
0,1,0,0.5,0.27928,180,0,0,591896
0,0,0,0.5,0.27928,180,0,0,591912
0,1,0,0.5,0.279415,180,0,0,591929
0,0,0,0.5,0.279415,180,0,0,591946
0,1,0,0.5,0.27955,180,0,0,591962
0,1,0,0.5,0.279685,180,0,0,591979
0,1,0,0.5,0.27982,180,0,0,591998
0,0,0,0.5,0.27982,180,0,0,592012
0,1,0,0.5,0.279955,180,0,0,592029
0,0,0,0.5,0.279955,180,0,0,592045
0,1,0,0.5,0.28009,180,0,0,592062
0,0,0,0.5,0.28009,180,0,0,592079
0,1,0,0.5,0.280225,180,0,0,592096
0,0,0,0.5,0.280225,180,0,0,592112
2,-2,0,0.5,0.279955,180,0,0,592130
0,0,0,0.5,0.279955,180,0,0,592146
0,1,0,0.5,0.28009,180,0,0,592164
2,-5,0,0.5,0.279415,180,0,0,592180
0,0,0,0.5,0.279415,180,0,0,592196
1,0,0,0.5,0.279415,180,0,0,592214
0,0,0,0.5,0.279415,180,0,0,592229
0,0,0,0.5,0.279415,180,0,0,592245
0,0,0,0.5,0.279415,180,0,0,592262
0,0,0,0.5,0.279415,180,0,0,592279
0,0,0,0.5,0.279415,180,0,0,592296
0,0,0,0.5,0.279415,180,0,0,592312
0,0,0,0.5,0.279415,180,0,0,592329
0,0,0,0.5,0.279415,180,0,0,592345
0,0,0,0.5,0.279415,180,0,0,592362
1,-1,-1,0.5,0.27928,180,0,0,592380
0,0,0,0.5,0.27928,180,0,0,592395
0,-1,0,0.5,0.279145,180,0,0,592412
0,0,0,0.5,0.279145,180,0,0,592429
2,-3,0,0.5,0.27874,180,0,0,592448
0,0,0,0.5,0.27874,180,0,0,592462
1,-1,0,0.5,0.278605,180,0,0,592479
0,0,0,0.5,0.278605,180,0,0,592496
0,0,0,0.5,0.278605,180,0,0,592512
0,0,0,0.5,0.278605,180,0,0,592529
0,0,0,0.5,0.278605,180,0,0,592545
0,-1,0,0.5,0.27847,180,0,0,592563
0,0,0,0.5,0.27847,180,0,0,592579
0,0,0,0.5,0.27847,180,0,0,592596
0,0,0,0.5,0.27847,180,0,0,592612
0,0,0,0.5,0.27847,180,0,0,592630
0,0,0,0.5,0.27847,180,0,0,592645
0,0,0,0.5,0.27847,180,0,0,592662
0,-1,0,0.5,0.278335,180,0,0,592679
0,0,0,0.5,0.278335,180,0,0,592696
0,0,0,0.5,0.278335,180,0,0,592712
0,0,0,0.5,0.278335,180,0,0,592729
0,0,0,0.5,0.278335,180,0,0,592746
0,-1,0,0.5,0.2782,180,0,0,592762
0,0,0,0.5,0.2782,180,0,0,592779
0,1,0,0.5,0.278335,180,0,0,592796
0,0,0,0.5,0.278335,180,0,0,592812
0,-1,0,0.5,0.2782,180,0,0,592829
0,0,0,0.5,0.2782,180,0,0,592846
0,0,0,0.5,0.2782,180,0,0,592862
0,0,0,0.5,0.2782,180,0,0,592879
2,-1,0,0.5,0.278065,180,0,0,592896
0,0,0,0.5,0.278065,180,0,0,592912
0,0,0,0.5,0.278065,180,0,0,592929
1,-2,0,0.5,0.277795,180,0,0,592948
0,1,0,0.5,0.27793,180,0,0,592964
0,1,0,0.5,0.278065,180,0,0,592979
0,0,0,0.5,0.278065,180,0,0,592995
1,-2,0,0.5,0.277795,180,0,0,593013
0,0,0,0.5,0.277795,180,0,0,593029
0,0,0,0.5,0.277795,180,0,0,593045
2,-2,0,0.5,0.277525,180,0,0,593063
0,1,-1,0.5,0.27766,180,0,0,593080
1,2,-1,0.5,0.27793,180,0,0,593097
0,3,-1,0.5,0.278335,180,0,0,593112
0,3,-2,0.5,0.27874,180,0,0,593130
0,4,-3,0.5,0.27928,180,0,0,593148
0,6,-5,0.5,0.28009,180,0,0,593164
1,9,-6,0.5,0.281305,180,0,0,593182
0,15,-6,0.5,0.28333,180,0,0,593198
0,20,-6,0.5,0.28603,180,0,0,593215
0,28,-6,0.5,0.28981,180,0,0,593233
0,31,-4,0.5,0.293995,180,0,0,593248
0,35,-5,0.5,0.29872,180,0,1,593266
0,39,-4,0.5,0.303985,180,0,1,593282
0,43,-5,0.5,0.30979,180,0,1,593300
1,47,-4,0.5,0.316135,180,0,1,593320
0,47,-6,0.5,0.32248,180,0,1,593331
0,45,-6,0.5,0.328555,180,0,1,593348
0,39,-6,0.5,0.33382,180,0,1,593365
1,29,-4,0.5,0.337735,180,0,0,593381
0,29,-1,0.5,0.34165,180,0,0,593396
0,34,0,0.5,0.34624,180,0,0,593415
0,37,4,0.5,0.351235,180,0,0,593432
0,86,7,0.5,0.362845,180,0,0,593449
0,0,6,0.5,0.362845,180,0,1,593468
0,79,14,0.5,0.37351,180,0,1,593483
3,31,5,0.5,0.377695,180,0,1,593499
0,29,3,0.5,0.38161,180,0,1,593515
1,20,1,0.5,0.38431,180,0,1,593530
0,16,2,0.5,0.38647,180,0,1,593546
1,8,2,0.5,0.38755,180,0,1,593565
0,7,1,0.5,0.388495,180,0,1,593580
0,5,1,0.5,0.38917,180,0,1,593596
1,0,1,0.5,0.38917,180,0,1,593615
0,0,1,0.5,0.38917,180,0,1,593630
2,-3,0,0.5,0.388765,180,0,1,593646
0,-1,1,0.5,0.38863,180,0,1,593664
0,-1,1,0.5,0.388495,180,0,1,593679
0,0,0,0.5,0.388495,180,0,1,593695
0,0,0,0.5,0.388495,180,0,1,593713
2,-2,0,0.5,0.388225,180,0,1,593733
0,1,0,0.5,0.38836,180,0,1,593746
0,2,0,0.5,0.38863,180,0,1,593763
0,1,0,0.5,0.388765,180,0,1,593780
2,-1,0,0.5,0.38863,180,0,1,593797
0,1,0,0.5,0.388765,180,0,1,593813
1,0,0,0.5,0.388765,180,0,1,593829
1,0,0,0.5,0.388765,180,0,1,593846
0,0,0,0.5,0.388765,180,0,1,593863
0,1,0,0.5,0.3889,180,0,1,593879
0,0,0,0.5,0.3889,180,0,1,593895
0,0,0,0.5,0.3889,180,0,1,593912
2,-4,0,0.5,0.38836,180,0,1,593929
0,1,0,0.5,0.388495,180,0,1,593946
2,-5,0,0.5,0.38782,180,0,1,593963
1,-1,0,0.5,0.387685,180,0,1,593979
0,1,0,0.5,0.38782,180,0,1,593996
0,0,0,0.5,0.38782,180,0,1,594012
0,0,0,0.5,0.38782,180,0,1,594029
0,1,0,0.5,0.387955,180,0,1,594046
0,1,0,0.5,0.38809,180,0,1,594063
1,-2,0,0.5,0.38782,180,0,1,594080
0,0,0,0.5,0.38782,180,0,1,594095
2,-1,0,0.5,0.387685,180,0,1,594113
0,0,0,0.5,0.387685,180,0,1,594129
0,0,0,0.5,0.387685,180,0,1,594146
1,-1,0,0.5,0.38755,180,0,1,594164
0,0,0,0.5,0.38755,180,0,1,594179
0,0,0,0.5,0.38755,180,0,1,594195
0,1,0,0.5,0.387685,180,0,1,594212
0,0,0,0.5,0.387685,180,0,1,594229
0,0,0,0.5,0.387685,180,0,1,594245
2,0,0,0.5,0.387685,180,0,1,594263
0,0,0,0.5,0.387685,180,0,1,594279
0,1,0,0.5,0.38782,180,0,1,594296
0,0,0,0.5,0.38782,180,0,1,594312
0,1,0,0.5,0.387955,180,0,1,594329
0,0,0,0.5,0.387955,180,0,1,594345
1,-1,0,0.5,0.38782,180,0,1,594363
0,0,0,0.5,0.38782,180,0,1,594379
0,0,0,0.5,0.38782,180,0,1,594395
0,1,0,0.5,0.387955,180,0,1,594413
-1,0,0,0.5,0.387955,180,0,1,594429
0,1,0,0.5,0.38809,180,0,1,594446
0,0,0,0.5,0.38809,180,0,1,594462
0,0,0,0.5,0.38809,180,0,1,594479
2,-3,0,0.5,0.387685,180,0,1,594497
0,0,0,0.5,0.387685,180,0,1,594512
0,1,0,0.5,0.38782,180,0,1,594530
0,0,0,0.5,0.38782,180,0,1,594545
0,0,0,0.5,0.38782,180,0,1,594562
0,0,0,0.5,0.38782,180,0,1,594579
0,1,0,0.5,0.387955,180,0,1,594598
1,-2,0,0.5,0.387685,180,0,1,594613
0,0,0,0.5,0.387685,180,0,1,594629
0,0,0,0.5,0.387685,180,0,1,594646
0,0,0,0.5,0.387685,180,0,1,594662
0,1,0,0.5,0.38782,180,0,1,594680
2,-4,0,0.5,0.38728,180,0,1,594696
0,0,0,0.5,0.38728,180,0,1,594712
1,-2,0,0.5,0.38701,180,0,1,594729
0,1,0,0.5,0.387145,180,0,1,594746
2,-1,0,0.5,0.38701,180,0,1,594763
0,0,0,0.5,0.38701,180,0,1,594779
0,0,0,0.5,0.38701,180,0,1,594795
2,-2,0,0.5,0.38674,180,0,1,594812
0,0,0,0.5,0.38674,180,0,1,594829
0,0,0,0.5,0.38674,180,0,1,594845
0,1,0,0.5,0.386875,180,0,1,594863
0,0,0,0.5,0.386875,180,0,1,594879
0,0,0,0.5,0.386875,180,0,1,594895
0,0,0,0.5,0.386875,180,0,1,594912
0,0,0,0.5,0.386875,180,0,1,594929
1,-2,0,0.5,0.386605,180,0,1,594947
0,0,0,0.5,0.386605,180,0,1,594962
0,0,0,0.5,0.386605,180,0,1,594979
0,0,0,0.5,0.386605,180,0,1,594995
0,0,0,0.5,0.386605,180,0,1,595012
0,0,0,0.5,0.386605,180,0,1,595029
2,-2,0,0.5,0.386335,180,0,1,595046
0,1,0,0.5,0.38647,180,0,1,595063
3,-4,0,0.5,0.38593,180,0,1,595079
1,-2,0,0.5,0.38566,180,0,1,595096
0,0,0,0.5,0.38566,180,0,1,595112
0,0,0,0.5,0.38566,180,0,1,595129
0,0,0,0.5,0.38566,180,0,1,595145
2,-1,0,0.5,0.385525,180,0,1,595163
0,0,0,0.5,0.385525,180,0,1,595179
0,0,0,0.5,0.385525,180,0,1,595196
0,1,0,0.5,0.38566,180,0,1,595212
0,0,0,0.5,0.38566,180,0,1,595229
1,-3,0,0.5,0.385255,180,0,1,595246
0,0,0,0.5,0.385255,180,0,1,595262
0,-1,0,0.5,0.38512,180,0,1,595279
0,0,0,0.5,0.38512,180,0,1,595295
0,0,0,0.5,0.38512,180,0,1,595312
0,0,0,0.5,0.38512,180,0,1,595329
0,0,0,0.5,0.38512,180,0,1,595346
0,0,0,0.5,0.38512,180,0,1,595362
0,-1,0,0.5,0.384985,180,0,1,595380
0,0,0,0.5,0.384985,180,0,1,595395
0,1,0,0.5,0.38512,180,0,1,595413
0,0,0,0.5,0.38512,180,0,1,595429
0,0,0,0.5,0.38512,180,0,1,595445
3,-4,0,0.5,0.38458,180,0,1,595463
1,-1,0,0.5,0.384445,180,0,1,595479
0,0,0,0.5,0.384445,180,0,1,595495
0,1,0,0.5,0.38458,180,0,1,595514
0,0,0,0.5,0.38458,180,0,1,595529
0,0,0,0.5,0.38458,180,0,1,595546
0,1,0,0.5,0.384715,180,0,1,595562
0,0,0,0.5,0.384715,180,0,1,595579
0,0,0,0.5,0.384715,180,0,1,595596
0,0,0,0.5,0.384715,180,0,1,595612
0,0,0,0.5,0.384715,180,0,1,595630
0,2,0,0.5,0.384985,180,0,1,595646
0,3,0,0.5,0.38539,180,0,0,595663
0,5,0,0.5,0.386065,180,0,0,595681
0,5,0,0.5,0.38674,180,0,0,595696
0,7,-1,0.5,0.387685,180,0,0,595713
0,9,-1,0.5,0.3889,180,0,0,595730
0,9,-2,0.5,0.390115,180,0,0,595748
0,10,-2,0.5,0.391465,180,0,0,595764
0,11,-2,0.5,0.39295,180,0,0,595780
0,10,-1,0.5,0.3943,180,0,0,595796
0,8,0,0.5,0.39538,180,0,0,595813
0,5,3,0.5,0.396055,180,0,0,595832
0,3,4,0.5,0.39646,180,0,0,595850
0,2,6,0.5,0.39673,180,0,0,595866
0,3,8,0.5,0.397135,180,0,0,595881
0,10,15,0.5,0.398485,180,0,0,595899
0,11,6,0.5,0.39997,180,0,0,595918
0,13,3,0.5,0.401725,180,0,0,595931
0,16,1,0.5,0.403885,180,0,0,595946
0,14,1,0.5,0.405775,180,0,0,595963
0,14,0,0.5,0.407665,180,0,0,595979
0,14,-1,0.5,0.409555,180,0,0,595999
0,14,-4,0.5,0.411445,180,0,0,596014
0,13,-3,0.5,0.4132,180,0,0,596031
0,13,-3,0.5,0.414955,180,0,0,596047
0,12,-1,0.5,0.416575,180,0,0,596063
0,11,0,0.5,0.41806,180,0,0,596079
0,9,1,0.5,0.419275,180,0,0,596096
0,9,1,0.5,0.42049,180,0,0,596114
0,14,1,0.5,0.42238,180,0,0,596134
0,16,0,0.5,0.42454,180,0,0,596146
0,18,-1,0.5,0.42697,180,0,0,596163
0,20,-3,0.5,0.42967,180,0,0,596180
0,21,-4,0.5,0.432505,180,0,1,596203
0,21,-3,0.5,0.43534,180,0,0,596217
0,24,-1,0.5,0.43858,180,0,0,596230
0,26,0,0.5,0.44209,180,0,1,596246
0,31,0,0.5,0.446275,180,0,1,596263
0,37,0,0.5,0.45127,180,0,1,596279
0,105,0,0.5,0.465445,180,0,1,596296
0,62,0,0.5,0.473815,180,0,1,596313
0,61,0,0.5,0.48205,180,0,1,596329
0,55,-2,0.5,0.489475,180,0,1,596346
0,46,-2,0.5,0.495685,180,0,1,596363
0,37,0,0.5,0.50068,180,0,1,596379
0,33,1,0.5,0.505135,180,0,1,596397
0,32,3,0.5,0.509455,180,0,1,596414
0,31,4,0.5,0.51364,180,0,1,596432
0,30,3,0.5,0.51769,180,0,1,596450
0,27,3,0.5,0.521335,180,0,1,596468
0,29,3,0.5,0.52525,180,0,1,596481
0,25,2,0.5,0.528625,180,0,1,596497
2,21,2,0.5,0.53146,180,0,1,596516
0,20,2,0.5,0.53416,180,0,1,596530
0,18,3,0.5,0.53659,180,0,1,596547
1,13,4,0.5,0.538345,180,0,1,596566
0,14,4,0.5,0.540235,180,0,1,596580
0,13,5,0.5,0.54199,180,0,1,596597
1,9,5,0.5,0.543205,180,0,1,596615
0,10,5,0.5,0.544555,180,0,1,596630
0,9,4,0.5,0.54577,180,0,1,596647
0,8,4,0.5,0.54685,180,0,1,596665
0,7,4,0.5,0.547795,180,0,1,596680
0,9,7,0.5,0.54901,180,0,1,596699
0,3,3,0.5,0.549415,180,0,1,596715
1,0,3,0.5,0.549415,180,0,1,596731
0,1,3,0.5,0.54955,180,0,1,596748
0,2,3,0.5,0.54982,180,0,1,596765
0,1,2,0.5,0.549955,180,0,1,596780
0,2,2,0.5,0.550225,180,0,1,596796
0,1,2,0.5,0.55036,180,0,1,596815
0,2,2,0.5,0.55063,180,0,1,596829
1,-2,2,0.5,0.55036,180,0,1,596849
1,1,2,0.5,0.550495,180,0,1,596864
0,2,2,0.5,0.550765,180,0,1,596879
0,3,2,0.5,0.55117,180,0,1,596897
0,3,2,0.5,0.551575,180,0,1,596914
0,2,2,0.5,0.551845,180,0,1,596929
0,3,3,0.5,0.55225,180,0,1,596948
0,2,2,0.5,0.55252,180,0,1,596964
0,3,3,0.5,0.552925,180,0,1,596980
0,4,3,0.5,0.553465,180,0,1,596999
0,4,3,0.5,0.554005,180,0,1,597015
0,5,2,0.5,0.55468,180,0,1,597030
0,4,3,0.5,0.55522,180,0,1,597047
0,6,3,0.5,0.55603,180,0,1,597064
1,8,5,0.5,0.55711,180,0,1,597083
0,0,0,0.5,0.55711,180,0,1,597095
1,9,4,0.5,0.558325,180,0,1,597115
0,5,2,0.5,0.559,180,0,1,597130
0,5,2,0.5,0.559675,180,0,1,597148
1,3,1,0.5,0.56008,180,0,1,597165
0,6,1,0.5,0.56089,180,0,1,597179
0,6,0,0.5,0.5617,180,0,1,597196
0,3,-1,0.5,0.562105,180,0,1,597214
0,1,-2,0.5,0.56224,180,0,1,597230
0,1,-2,0.5,0.562375,180,0,1,597247
0,0,0,0.5,0.562375,180,0,1,597264
1,-1,0,0.5,0.56224,180,0,1,597280
0,-1,2,0.5,0.562105,180,0,1,597299
2,-1,2,0.5,0.56197,180,0,1,597317
0,2,1,0.5,0.56224,180,0,1,597330
0,2,1,0.5,0.56251,180,0,1,597346
0,4,0,0.5,0.56305,180,0,0,597364
0,4,0,0.5,0.56359,180,0,0,597381
1,7,0,0.5,0.564535,180,0,0,597397
0,7,0,0.5,0.56548,180,0,0,597413
0,8,0,0.5,0.56656,180,0,0,597429
0,9,0,0.5,0.567775,180,0,0,597446
0,6,0,0.5,0.568585,180,0,1,597464
0,8,0,0.5,0.569665,180,0,1,597479
0,13,0,0.5,0.57142,180,0,1,597496
0,9,1,0.5,0.572635,180,0,1,597512
0,7,0,0.5,0.57358,180,0,1,597529
0,7,1,0.5,0.574525,180,0,0,597546
0,6,1,0.5,0.575335,180,0,0,597564
0,4,1,0.5,0.575875,180,0,0,597581
0,3,1,0.5,0.57628,180,0,0,597597
2,-1,1,0.5,0.576145,180,0,0,597614
0,2,1,0.5,0.576415,180,0,0,597629
0,1,1,0.5,0.57655,180,0,0,597646
0,0,1,0.5,0.57655,180,0,0,597664
0,0,1,0.5,0.57655,180,0,0,597680
0,1,1,0.5,0.576685,180,0,0,597696
1,-2,1,0.5,0.576415,180,0,0,597713
0,1,1,0.5,0.57655,180,0,0,597733
0,0,1,0.5,0.57655,180,0,0,597747
0,2,1,0.5,0.57682,180,0,0,597763
0,2,1,0.5,0.57709,180,0,0,597779
0,2,1,0.5,0.57736,180,0,0,597796
3,-1,1,0.5,0.577225,180,0,0,597815
0,2,1,0.5,0.577495,180,0,0,597830
0,1,1,0.5,0.57763,180,0,0,597846
0,2,1,0.5,0.5779,180,0,0,597862
0,1,1,0.5,0.578035,180,0,0,597879
0,1,1,0.5,0.57817,180,0,0,597896
0,2,1,0.5,0.57844,180,0,0,597913
0,1,1,0.5,0.578575,180,0,0,597930
0,0,1,0.5,0.578575,180,0,0,597948
0,0,0,0.5,0.578575,180,0,0,597962
0,1,1,0.5,0.57871,180,0,0,597979
0,1,0,0.5,0.578845,180,0,0,597996
2,-1,1,0.5,0.57871,180,0,0,598013
0,1,0,0.5,0.578845,180,0,0,598029
1,0,1,0.5,0.578845,180,0,0,598048
0,3,1,0.5,0.57925,180,0,0,598066
2,-1,1,0.5,0.579115,180,0,0,598082
0,2,1,0.5,0.579385,180,0,0,598096
1,0,1,0.5,0.579385,180,0,0,598122
0,2,1,0.5,0.579655,180,0,0,598130
0,2,1,0.5,0.579925,180,0,0,598147
1,0,1,0.5,0.579925,180,0,0,598164
0,1,0,0.5,0.58006,180,0,0,598181
4,-5,1,0.5,0.579385,180,0,0,598197
0,1,0,0.5,0.57952,180,0,0,598216
0,2,0,0.5,0.57979,180,0,0,598229
0,2,0,0.5,0.58006,180,0,0,598246
1,4,0,0.5,0.5806,180,0,0,598266
0,5,0,0.5,0.581275,180,0,0,598279
0,8,-2,0.5,0.582355,180,0,0,598296
0,13,-8,0.5,0.58411,180,0,0,598316
0,8,-7,0.5,0.58519,180,0,0,598331
0,10,-8,0.5,0.58654,180,0,0,598354
0,15,-9,0.5,0.588565,180,0,0,598370
0,17,-9,0.5,0.59086,180,0,0,598382
0,26,-9,0.5,0.59437,180,0,0,598398
0,28,-10,0.5,0.59815,180,0,0,598415
0,32,-11,0.5,0.60247,180,0,0,598431
0,33,-11,0.5,0.606925,180,0,0,598449
1,35,-12,0.5,0.61165,180,0,0,598469
0,40,-14,0.5,0.61705,180,0,0,598485
1,39,-12,0.5,0.622315,180,0,0,598500
0,41,-12,0.5,0.62785,180,0,0,598517
0,45,-10,0.5,0.633925,180,0,0,598531
0,54,-12,0.5,0.641215,180,0,0,598548
0,57,-14,0.5,0.64891,180,0,0,598567
2,54,-15,0.5,0.6562,180,0,0,598587
0,54,-15,0.5,0.66349,180,0,0,598601
3,48,-15,0.5,0.66997,180,0,0,598619
0,46,-14,0.5,0.67618,180,0,0,598633
0,45,-14,0.5,0.682255,180,0,0,598653
0,53,-12,0.5,0.68941,180,0,0,598667
0,58,-12,0.5,0.69724,180,0,0,598682
1,117,-27,0.5,0.71,180,0,0,598704
