0,67,19,0.5,-0.700955,180,0,0,53667
0,32,9,0.5,-0.696635,180,0,0,53683
0,0,0,0.5,-0.696635,180,0,0,53691
0,31,8,0.5,-0.69245,180,0,0,53702
0,34,8,0.5,-0.68786,180,0,0,53721
0,37,8,0.5,-0.682865,180,0,0,53733
0,39,7,0.5,-0.6776,180,0,0,53747
0,44,8,0.5,-0.67166,180,0,0,53764
0,44,7,0.5,-0.66572,180,0,0,53780
0,46,8,0.5,-0.65951,180,0,0,53800
0,40,7,0.5,-0.65411,180,0,0,53814
0,37,7,0.5,-0.649115,180,0,0,53831
0,34,8,0.5,-0.644525,180,0,0,53849
0,32,7,0.5,-0.640205,180,0,0,53864
0,31,8,0.5,-0.63602,180,0,0,53880
0,33,9,0.5,-0.631565,180,0,0,53898
0,36,9,0.5,-0.626705,180,0,0,53914
0,40,9,0.5,-0.621305,180,0,0,53931
0,43,11,0.5,-0.6155,180,0,0,53949
0,45,11,0.5,-0.609425,180,0,0,53964
0,44,10,0.5,-0.603485,180,0,0,53981
0,45,11,0.5,-0.59741,180,0,0,53999
0,76,17,0.5,-0.58715,180,0,0,54019
0,34,7,0.5,-0.58256,180,0,0,54031
0,31,7,0.5,-0.578375,180,0,0,54049
0,29,5,0.5,-0.57446,180,0,0,54064
0,30,7,0.5,-0.57041,180,0,0,54082
0,36,9,0.5,-0.56555,180,0,0,54099
0,37,10,0.5,-0.560555,180,0,0,54114
0,42,10,0.5,-0.554885,180,0,0,54131
0,46,8,0.5,-0.548675,180,0,0,54147
0,48,7,0.5,-0.542195,180,0,0,54164
0,45,5,0.5,-0.53612,180,0,0,54181
0,46,4,0.5,-0.52991,180,0,0,54196
0,39,3,0.5,-0.524645,180,0,0,54213
0,37,3,0.5,-0.51965,180,0,0,54230
0,34,3,0.5,-0.51506,180,0,0,54248
0,31,3,0.5,-0.510875,180,0,0,54263
0,31,3,0.5,-0.50669,180,0,0,54281
0,29,3,0.5,-0.502775,180,0,0,54296
0,27,4,0.5,-0.49913,180,0,0,54313
0,25,5,0.5,-0.495755,180,0,0,54330
0,26,6,0.5,-0.492245,180,0,0,54348
0,24,6,0.5,-0.489005,180,0,0,54365
0,20,6,0.5,-0.486305,180,0,0,54383
0,32,12,0.5,-0.481985,180,0,0,54403
0,12,5,0.5,-0.480365,180,0,0,54413
0,12,4,0.5,-0.478745,180,0,0,54430
0,11,3,0.5,-0.47726,180,0,0,54446
0,11,3,0.5,-0.475775,180,0,0,54463
0,8,3,0.5,-0.474695,180,0,0,54480
0,6,2,0.5,-0.473885,180,0,0,54497
0,3,2,0.5,-0.47348,180,0,0,54513
0,1,2,0.5,-0.473345,180,0,0,54529
0,1,2,0.5,-0.47321,180,0,0,54549
0,-1,2,0.5,-0.473345,180,0,0,54564
0,-1,2,0.5,-0.47348,180,0,0,54579
0,-1,2,0.5,-0.473615,180,0,0,54597
0,-1,2,0.5,-0.47375,180,0,0,54612
0,0,2,0.5,-0.47375,180,0,0,54629
0,2,2,0.5,-0.47348,180,0,0,54647
0,2,2,0.5,-0.47321,180,0,0,54663
0,2,2,0.5,-0.47294,180,0,0,54680
0,3,3,0.5,-0.472535,180,0,0,54697
0,4,3,0.5,-0.471995,180,0,0,54713
0,5,2,0.5,-0.47132,180,0,0,54729
0,6,3,0.5,-0.47051,180,0,0,54748
0,7,2,0.5,-0.469565,180,0,0,54764
0,6,2,0.5,-0.468755,180,0,0,54779
0,8,4,0.5,-0.467675,180,0,0,54799
0,2,1,0.5,-0.467405,180,0,0,54813
0,2,2,0.5,-0.467135,180,0,0,54830
0,3,3,0.5,-0.46673,180,0,0,54849
0,5,3,0.5,-0.466055,180,0,0,54863
0,6,4,0.5,-0.465245,180,0,0,54880
0,7,3,0.5,-0.4643,180,0,0,54897
0,7,3,0.5,-0.463355,180,0,0,54913
0,6,2,0.5,-0.462545,180,0,0,54929
0,5,2,0.5,-0.46187,180,0,0,54947
0,4,2,0.5,-0.46133,180,0,0,54963
0,4,2,0.5,-0.46079,180,0,0,54979
0,2,2,0.5,-0.46052,180,0,0,54996
0,3,2,0.5,-0.460115,180,0,0,55013
0,2,2,0.5,-0.459845,180,0,0,55029
0,2,2,0.5,-0.459575,180,0,0,55046
-2,5,2,0.5,-0.4589,180,0,0,55065
0,2,1,0.5,-0.45863,180,0,0,55081
0,4,1,0.5,-0.45809,180,0,0,55096
0,3,1,0.5,-0.457685,180,0,1,55112
0,4,1,0.5,-0.457145,180,0,1,55129
0,4,1,0.5,-0.456605,180,0,1,55147
0,3,1,0.5,-0.4562,180,0,0,55162
0,2,1,0.5,-0.45593,180,0,0,55179
0,2,2,0.5,-0.45566,180,0,0,55197
0,2,1,0.5,-0.45539,180,0,0,55213
0,2,0,0.5,-0.45512,180,0,0,55229
0,4,0,0.5,-0.45458,180,0,0,55247
0,4,0,0.5,-0.45404,180,0,0,55262
0,2,0,0.5,-0.45377,180,0,0,55279
0,1,0,0.5,-0.453635,180,0,1,55296
0,0,0,0.5,-0.453635,180,0,1,55312
0,-2,0,0.5,-0.453905,180,0,1,55329
0,-1,0,0.5,-0.45404,180,0,1,55346
0,2,2,0.5,-0.45377,180,0,1,55362
-1,2,2,0.5,-0.4535,180,0,0,55380
0,8,2,0.5,-0.45242,180,0,0,55397
0,10,2,0.5,-0.45107,180,0,0,55413
0,13,3,0.5,-0.449315,180,0,0,55432
0,17,3,0.5,-0.44702,180,0,0,55446
0,17,3,0.5,-0.444725,180,0,0,55463
0,19,4,0.5,-0.44216,180,0,0,55479
0,21,4,0.5,-0.439325,180,0,0,55496
0,20,5,0.5,-0.436625,180,0,0,55514
0,18,4,0.5,-0.434195,180,0,0,55531
0,13,4,0.5,-0.43244,180,0,0,55546
0,9,4,0.5,-0.431225,180,0,0,55563
0,4,4,0.5,-0.430685,180,0,0,55581
0,1,4,0.5,-0.43055,180,0,0,55597
0,-2,8,0.5,-0.43082,180,0,0,55615
0,3,4,0.5,-0.430415,180,0,0,55631
0,8,5,0.5,-0.429335,180,0,0,55649
0,14,5,0.5,-0.427445,180,0,0,55665
0,18,8,0.5,-0.425015,180,0,0,55686
0,19,7,0.5,-0.42245,180,0,0,55700
0,24,9,0.5,-0.41921,180,0,0,55714
0,34,10,0.5,-0.41462,180,0,0,55733
0,42,11,0.5,-0.40895,180,0,0,55748
-1,46,13,0.5,-0.40274,180,0,0,55768
0,46,13,0.5,-0.39653,180,0,0,55786
0,46,14,0.5,-0.39032,180,0,0,55799
0,40,14,0.5,-0.38492,180,0,0,55816
-2,38,13,0.5,-0.37979,180,0,0,55834
0,37,12,0.5,-0.374795,180,0,0,55850
0,37,11,0.5,-0.3698,180,0,0,55866
0,31,10,0.5,-0.365615,180,0,0,55882
0,28,10,0.5,-0.361835,180,0,0,55898
0,23,9,0.5,-0.35873,180,0,0,55914
0,13,10,0.5,-0.356975,180,0,0,55932
0,6,10,0.5,-0.356165,180,0,0,55949
0,1,10,0.5,-0.35603,180,0,0,55965
0,0,9,0.5,-0.35603,180,0,0,55985
0,3,8,0.5,-0.355625,180,0,0,55998
0,16,16,0.5,-0.353465,180,0,0,56015
0,10,8,0.5,-0.352115,180,0,0,56031
0,9,8,0.5,-0.3509,180,0,0,56047
0,9,8,0.5,-0.349685,180,0,0,56065
0,10,6,0.5,-0.348335,180,0,0,56080
0,18,7,0.5,-0.345905,180,0,0,56098
0,24,8,0.5,-0.342665,180,0,0,56120
0,30,10,0.5,-0.338615,180,0,0,56136
0,46,13,0.5,-0.332405,180,0,0,56150
0,70,16,0.5,-0.322955,180,0,0,56166
0,80,17,0.5,-0.312155,180,0,0,56183
0,81,17,0.5,-0.30122,180,0,0,56209
0,134,32,0.5,-0.28313,180,0,0,56232
-1,72,15,0.5,-0.27341,180,0,0,56247
0,68,14,0.5,-0.26423,180,0,0,56260
0,67,13,0.5,-0.255185,180,0,0,56276
0,0,0,0.5,-0.255185,180,0,0,56282
0,64,12,0.5,-0.246545,180,1,0,56298
0,63,12,0.5,-0.23804,180,1,0,56315
0,60,13,0.5,-0.22994,180,1,0,56334
0,59,13,0.5,-0.221975,180,0,0,56348
0,56,12,0.5,-0.214415,180,0,1,56365
0,53,11,0.5,-0.20726,180,0,1,56385
-4,100,19,0.5,-0.19376,180,0,1,56401
0,43,3,0.5,-0.187955,180,0,1,56413
0,41,14,0.5,-0.18242,180,0,1,56434
0,38,8,0.5,-0.17729,180,0,1,56448
0,38,9,0.5,-0.17216,180,0,1,56464
0,38,9,0.5,-0.16703,180,0,1,56484
0,35,9,0.5,-0.162305,180,0,1,56497
0,30,9,0.5,-0.158255,180,0,1,56519
0,22,7,0.5,-0.155285,180,0,1,56534
0,14,7,0.5,-0.153395,180,0,1,56547
0,11,6,0.5,-0.15191,180,0,1,56563
0,7,4,0.5,-0.150965,180,0,1,56579
0,5,3,0.5,-0.15029,180,0,1,56596
0,5,2,0.5,-0.149615,180,0,1,56612
0,3,2,0.5,-0.14921,180,0,1,56629
0,2,0,0.5,-0.14894,180,0,0,56645
0,0,0,0.5,-0.14894,180,0,0,56662
0,0,0,0.5,-0.14894,180,0,1,56679
0,1,0,0.5,-0.148805,180,0,1,56697
0,1,0,0.5,-0.14867,180,0,1,56712
0,1,1,0.5,-0.148535,180,0,1,56729
-2,5,1,0.5,-0.14786,180,0,1,56749
0,1,1,0.5,-0.147725,180,0,0,56763
0,1,1,0.5,-0.14759,180,0,0,56780
0,0,1,0.5,-0.14759,180,0,0,56797
0,3,2,0.5,-0.147185,180,0,0,56813
0,3,3,0.5,-0.14678,180,0,1,56830
0,3,1,0.5,-0.146375,180,0,1,56846
0,2,2,0.5,-0.146105,180,0,1,56862
0,0,1,0.5,-0.146105,180,0,0,56879
0,0,1,0.5,-0.146105,180,0,0,56896
0,0,1,0.5,-0.146105,180,0,0,56915
0,0,1,0.5,-0.146105,180,0,0,56930
0,2,1,0.5,-0.145835,180,0,0,56946
0,3,1,0.5,-0.14543,180,0,1,56963
0,4,2,0.5,-0.14489,180,0,1,56979
0,4,2,0.5,-0.14435,180,0,1,56996
0,3,2,0.5,-0.143945,180,0,1,57012
0,1,2,0.5,-0.14381,180,0,0,57030
0,1,2,0.5,-0.143675,180,0,0,57046
0,0,1,0.5,-0.143675,180,0,0,57062
0,1,1,0.5,-0.14354,180,0,1,57081
0,2,1,0.5,-0.14327,180,0,1,57095
0,2,1,0.5,-0.143,180,0,1,57112
0,3,2,0.5,-0.142595,180,0,1,57129
0,2,2,0.5,-0.142325,180,0,1,57146
0,1,1,0.5,-0.14219,180,0,0,57163
0,2,1,0.5,-0.14192,180,0,0,57179
0,0,1,0.5,-0.14192,180,0,0,57196
0,2,0,0.5,-0.14165,180,0,0,57212
0,2,1,0.5,-0.14138,180,0,1,57230
0,2,1,0.5,-0.14111,180,0,1,57246
0,2,2,0.5,-0.14084,180,0,1,57263
0,1,2,0.5,-0.140705,180,0,1,57280
0,1,2,0.5,-0.14057,180,0,0,57297
0,1,1,0.5,-0.140435,180,0,0,57312
0,1,1,0.5,-0.1403,180,0,0,57330
0,1,0,0.5,-0.140165,180,0,0,57345
0,2,0,0.5,-0.139895,180,0,0,57362
0,3,0,0.5,-0.13949,180,0,1,57379
0,4,0,0.5,-0.13895,180,0,1,57395
0,3,0,0.5,-0.138545,180,0,1,57412
0,2,0,0.5,-0.138275,180,0,1,57430
0,1,0,0.5,-0.13814,180,0,0,57446
0,0,0,0.5,-0.13814,180,0,0,57462
0,-6,0,0.5,-0.13895,180,0,0,57478
0,-4,0,0.5,-0.13949,180,0,0,57496
0,-1,1,0.5,-0.139625,180,0,0,57512
0,0,1,0.5,-0.139625,180,0,1,57529
0,4,2,0.5,-0.139085,180,0,1,57546
0,10,2,0.5,-0.137735,180,0,1,57563
0,10,1,0.5,-0.136385,180,0,1,57580
0,9,2,0.5,-0.13517,180,0,0,57596
0,9,2,0.5,-0.133955,180,0,0,57612
0,14,2,0.5,-0.132065,180,0,0,57632
0,7,1,0.5,-0.13112,180,0,0,57646
0,7,0,0.5,-0.130175,180,0,0,57662
0,8,1,0.5,-0.129095,180,0,1,57679
0,9,1,0.5,-0.12788,180,0,1,57696
0,8,1,0.5,-0.1268,180,0,1,57712
0,7,1,0.5,-0.125855,180,0,1,57729
0,4,1,0.5,-0.125315,180,0,0,57746
0,3,1,0.5,-0.12491,180,0,0,57762
0,1,1,0.5,-0.124775,180,0,0,57779
0,1,1,0.5,-0.12464,180,0,0,57796
0,1,1,0.5,-0.124505,180,0,0,57814
0,1,2,0.5,-0.12437,180,0,0,57830
0,1,2,0.5,-0.124235,180,0,1,57847
0,2,2,0.5,-0.123965,180,0,1,57863
0,2,3,0.5,-0.123695,180,0,1,57881
0,3,3,0.5,-0.12329,180,0,1,57896
0,3,3,0.5,-0.122885,180,0,1,57913
0,3,3,0.5,-0.12248,180,0,0,57930
0,5,2,0.5,-0.121805,180,0,0,57946
0,6,3,0.5,-0.120995,180,0,0,57965
0,6,3,0.5,-0.120185,180,0,0,57979
0,5,3,0.5,-0.11951,180,0,0,57997
0,6,3,0.5,-0.1187,180,0,0,58013
0,8,3,0.5,-0.11762,180,0,0,58030
0,31,8,0.5,-0.113435,180,0,0,58048
0,22,4,0.5,-0.110465,180,0,0,58063
0,25,5,0.5,-0.10709,180,0,0,58081
0,25,4,0.5,-0.103715,180,0,0,58096
0,26,3,0.5,-0.100205,180,0,0,58112
0,26,3,0.5,-0.096695,180,0,0,58129
0,26,4,0.5,-0.093185,180,0,0,58146
0,23,3,0.5,-0.09008,180,0,0,58164
0,24,3,0.5,-0.08684,180,0,0,58179
0,20,3,0.5,-0.08414,180,0,0,58196
0,20,3,0.5,-0.08144,180,0,0,58216
0,16,2,0.5,-0.07928,180,0,0,58229
0,15,2,0.5,-0.077255,180,0,0,58246
0,10,2,0.5,-0.075905,180,0,0,58262
0,10,2,0.5,-0.074555,180,0,0,58279
0,9,1,0.5,-0.07334,180,0,0,58296
0,10,1,0.5,-0.07199,180,0,0,58312
0,11,2,0.5,-0.070505,180,0,0,58329
0,13,3,0.5,-0.06875,180,0,0,58348
0,17,5,0.5,-0.066455,180,0,0,58364
0,18,6,0.5,-0.064025,180,0,0,58380
0,20,7,0.5,-0.061325,180,0,0,58397
0,23,8,0.5,-0.05822,180,0,0,58416
0,65,22,0.5,-0.049445,180,0,0,58434
-2,41,14,0.5,-0.04391,180,0,0,58451
0,45,14,0.5,-0.037835,180,0,0,58467
0,47,15,0.5,-0.03149,180,0,0,58483
-2,50,13,0.5,-0.02474,180,0,0,58501
0,50,14,0.5,-0.01799,180,0,0,58518
0,51,13,0.5,-0.011105,180,0,0,58532
0,47,13,0.5,-0.00476,180,0,0,58549
0,44,14,0.5,0.00118,180,0,0,58566
0,30,12,0.5,0.00523,180,0,0,58583
0,20,12,0.5,0.00793,180,0,0,58600
0,13,10,0.5,0.009685,180,0,0,58615
-1,12,8,0.5,0.011305,180,0,0,58635
0,11,7,0.5,0.01279,180,0,0,58651
0,12,5,0.5,0.01441,180,0,0,58664
0,12,3,0.5,0.01603,180,0,0,58680
0,12,3,0.5,0.01765,180,0,0,58697
0,13,3,0.5,0.019405,180,0,1,58713
0,13,4,0.5,0.02116,180,0,1,58731
0,16,5,0.5,0.02332,180,0,1,58746
0,18,5,0.5,0.02575,180,0,1,58763
0,20,7,0.5,0.02845,180,0,1,58781
0,21,7,0.5,0.031285,180,0,0,58797
0,22,8,0.5,0.034255,180,0,0,58815
0,48,18,0.5,0.040735,180,0,0,58835
0,31,11,0.5,0.04492,180,0,0,58848
0,35,13,0.5,0.049645,180,0,0,58865
0,37,13,0.5,0.05464,180,0,0,58883
0,37,13,0.5,0.059635,180,0,0,58898
0,38,12,0.5,0.064765,180,0,0,58916
0,42,11,0.5,0.070435,180,0,0,58933
0,43,12,0.5,0.07624,180,0,0,58948
0,45,11,0.5,0.082315,180,0,0,58966
0,47,12,0.5,0.08866,180,0,0,58982
0,43,11,0.5,0.094465,180,0,0,58998
0,38,11,0.5,0.099595,180,0,0,59016
0,30,11,0.5,0.103645,180,0,0,59033
0,25,11,0.5,0.10702,180,0,0,59048
0,17,13,0.5,0.109315,180,0,0,59064
0,11,14,0.5,0.1108,180,0,0,59083
0,10,15,0.5,0.11215,180,0,1,59101
0,10,13,0.5,0.1135,180,0,1,59116
0,13,12,0.5,0.115255,180,0,1,59133
0,17,10,0.5,0.11755,180,0,1,59149
0,21,10,0.5,0.120385,180,0,1,59166
0,26,9,0.5,0.123895,180,0,0,59183
-1,55,18,0.5,0.13132,180,0,0,59202
0,0,0,0.5,0.13132,180,0,0,59212
0,29,10,0.5,0.135235,180,0,0,59233
0,60,22,0.5,0.143335,180,0,0,59253
-2,35,13,0.5,0.14806,180,0,0,59266
0,33,14,0.5,0.152515,180,0,0,59283
0,34,14,0.5,0.157105,180,0,0,59298
0,35,15,0.5,0.16183,180,0,0,59316
0,39,16,0.5,0.167095,180,0,0,59334
0,42,15,0.5,0.172765,180,0,0,59348
0,42,15,0.5,0.178435,180,0,0,59369
0,45,15,0.5,0.18451,180,0,0,59382
0,46,16,0.5,0.19072,180,0,0,59399
0,41,16,0.5,0.196255,180,0,0,59415
0,36,17,0.5,0.201115,180,0,0,59440
0,28,16,0.5,0.204895,180,0,0,59453
0,21,14,0.5,0.20773,180,0,0,59469
0,20,12,0.5,0.21043,180,0,0,59482
0,23,12,0.5,0.213535,180,0,0,59503
0,22,12,0.5,0.216505,180,0,0,59515
0,22,11,0.5,0.219475,180,0,0,59532
0,18,10,0.5,0.221905,180,0,0,59547
0,13,9,0.5,0.22366,180,0,0,59564
0,9,8,0.5,0.224875,180,0,0,59581
0,4,7,0.5,0.225415,180,0,0,59597
0,4,6,0.5,0.225955,180,0,0,59614
0,21,6,0.5,0.22879,180,0,0,59632
0,24,2,0.5,0.23203,180,0,0,59646
0,40,5,0.5,0.23743,180,0,0,59663
0,48,7,0.5,0.24391,180,0,0,59682
0,50,9,0.5,0.25066,180,0,0,59698
0,50,8,0.5,0.25741,180,0,0,59716
0,48,7,0.5,0.26389,180,0,0,59738
0,49,7,0.5,0.270505,180,0,0,59747
0,50,7,0.5,0.277255,180,0,0,59764
0,50,6,0.5,0.284005,180,0,0,59782
0,48,7,0.5,0.290485,180,0,0,59797
-1,43,6,0.5,0.29629,180,0,0,59816
0,38,5,0.5,0.30142,180,0,0,59833
0,31,4,0.5,0.305605,180,0,0,59846
0,27,3,0.5,0.30925,180,0,0,59863
0,26,4,0.5,0.31276,180,0,0,59880
0,24,5,0.5,0.316,180,0,0,59898
0,28,6,0.5,0.31978,180,0,0,59917
0,29,5,0.5,0.323695,180,0,0,59931
0,35,4,0.5,0.32842,180,0,0,59947
0,36,4,0.5,0.33328,180,0,0,59964
0,38,5,0.5,0.33841,180,0,0,59981
0,37,6,0.5,0.343405,180,0,0,59997
0,37,8,0.5,0.3484,180,0,0,60016
0,78,12,0.5,0.35893,180,0,0,60033
0,44,18,0.5,0.36487,180,0,0,60051
0,44,11,0.5,0.37081,180,0,0,60066
0,46,11,0.5,0.37702,180,0,0,60082
0,47,10,0.5,0.383365,180,0,0,60099
0,46,9,0.5,0.389575,180,0,0,60116
-1,46,9,0.5,0.395785,180,0,0,60132
0,44,9,0.5,0.401725,180,0,0,60148
0,41,8,0.5,0.40726,180,0,0,60164
0,38,7,0.5,0.41239,180,0,0,60180
0,37,7,0.5,0.417385,180,0,0,60198
0,36,8,0.5,0.422245,180,0,0,60215
0,33,9,0.5,0.4267,180,0,0,60232
0,25,10,0.5,0.430075,180,0,0,60248
0,19,10,0.5,0.43264,180,0,0,60264
0,17,9,0.5,0.434935,180,0,0,60282
0,16,7,0.5,0.437095,180,0,0,60297
0,14,6,0.5,0.438985,180,0,0,60314
0,18,6,0.5,0.441415,180,0,0,60331
0,16,5,0.5,0.443575,180,0,0,60347
0,18,5,0.5,0.446005,180,0,0,60364
0,15,5,0.5,0.44803,180,0,0,60380
0,12,5,0.5,0.44965,180,0,0,60398
0,12,6,0.5,0.45127,180,0,0,60413
0,22,9,0.5,0.45424,180,0,0,60433
0,11,6,0.5,0.455725,180,0,0,60447
0,13,6,0.5,0.45748,180,0,0,60463
-1,13,6,0.5,0.459235,180,0,0,60482
0,13,5,0.5,0.46099,180,0,0,60497
0,14,6,0.5,0.46288,180,0,0,60514
-2,18,5,0.5,0.46531,180,0,0,60532
0,13,4,0.5,0.467065,180,0,0,60548
0,12,3,0.5,0.468685,180,0,0,60562
-1,13,3,0.5,0.47044,180,0,0,60580
0,16,3,0.5,0.4726,180,0,0,60596
0,18,4,0.5,0.47503,180,0,0,60613
0,21,4,0.5,0.477865,180,0,0,60629
-1,23,4,0.5,0.48097,180,0,0,60650
0,24,5,0.5,0.48421,180,0,0,60663
0,26,6,0.5,0.48772,180,0,0,60681
0,25,6,0.5,0.491095,180,0,0,60697
0,25,7,0.5,0.49447,180,0,0,60715
0,25,7,0.5,0.497845,180,0,0,60730
0,24,7,0.5,0.501085,180,0,0,60747
0,25,8,0.5,0.50446,180,0,0,60764
0,24,7,0.5,0.5077,180,0,0,60781
0,21,8,0.5,0.510535,180,0,0,60798
0,44,14,0.5,0.516475,180,0,0,60829
0,21,10,0.5,0.51931,180,0,0,60836
0,19,6,0.5,0.521875,180,0,0,60847
0,19,4,0.5,0.52444,180,0,0,60863
0,18,3,0.5,0.52687,180,0,0,60882
0,17,3,0.5,0.529165,180,0,0,60896
0,18,4,0.5,0.531595,180,0,0,60913
0,19,6,0.5,0.53416,180,0,0,60933
0,21,7,0.5,0.536995,180,0,0,60949
0,21,8,0.5,0.53983,180,0,0,60963
0,22,9,0.5,0.5428,180,0,0,60985
-1,22,9,0.5,0.54577,180,0,0,60998
0,21,9,0.5,0.548605,180,0,0,61014
0,20,8,0.5,0.551305,180,0,0,61031
0,17,7,0.5,0.5536,180,0,0,61047
0,16,7,0.5,0.55576,180,0,0,61064
0,16,6,0.5,0.55792,180,0,0,61081
0,15,6,0.5,0.559945,180,0,0,61097
0,22,7,0.5,0.562915,180,0,0,61114
0,28,6,0.5,0.566695,180,0,0,61132
0,35,6,0.5,0.57142,180,0,0,61147
0,45,8,0.5,0.577495,180,0,0,61164
0,58,12,0.5,0.585325,180,0,0,61184
0,63,13,0.5,0.59383,180,0,0,61199
0,70,13,0.5,0.60328,180,0,0,61219
0,65,12,0.5,0.612055,180,0,0,61234
0,135,23,0.5,0.63028,180,0,0,61251
0,68,11,0.5,0.63946,180,0,0,61265
0,69,12,0.5,0.648775,180,0,0,61283
0,67,12,0.5,0.65782,180,0,0,61298
0,69,12,0.5,0.667135,180,0,0,61315
0,64,12,0.5,0.675775,180,0,0,61332
0,64,13,0.5,0.684415,180,0,0,61348
0,55,12,0.5,0.69184,180,0,0,61365
0,49,12,0.5,0.698455,180,0,0,61382
0,45,11,0.5,0.70453,180,0,0,61398
0,45,12,0.5,0.71,180,0,0,61416
