-1,106,71,0.5,-0.69569,180,0,0,470707
0,63,47,0.5,-0.687185,180,0,0,470730
-2,53,43,0.5,-0.68003,180,0,1,470760
0,46,42,0.5,-0.67382,180,0,1,470785
0,26,22,0.5,-0.67031,180,0,0,470801
-1,31,23,0.5,-0.666125,180,0,0,470817
0,33,23,0.5,-0.66167,180,0,0,470832
0,36,24,0.5,-0.65681,180,0,0,470843
0,34,24,0.5,-0.65222,180,0,0,470854
-1,1,0,0.5,-0.652085,180,0,0,470861
0,32,24,0.5,-0.647765,180,0,0,470884
0,35,24,0.5,-0.64304,180,0,0,470900
0,38,24,0.5,-0.63791,180,0,0,470918
-1,67,48,0.5,-0.628865,180,0,0,470946
0,33,24,0.5,-0.62441,180,0,1,470960
0,29,23,0.5,-0.620495,180,0,1,470972
0,27,24,0.5,-0.61685,180,0,1,470986
-1,29,21,0.5,-0.612935,180,0,1,471001
0,28,22,0.5,-0.609155,180,0,0,471014
0,32,23,0.5,-0.604835,180,0,0,471032
0,29,24,0.5,-0.60092,180,0,0,471063
-1,50,48,0.5,-0.59417,180,0,0,471095
0,50,48,0.5,-0.58742,180,0,0,471120
-1,27,24,0.5,-0.583775,180,0,1,471135
0,32,24,0.5,-0.579455,180,0,1,471150
0,31,24,0.5,-0.57527,180,0,1,471165
0,31,24,0.5,-0.571085,180,0,1,471178
-1,31,24,0.5,-0.5669,180,0,0,471196
0,31,22,0.5,-0.562715,180,0,0,471208
0,0,0,0.5,-0.562715,180,0,0,471213
0,31,21,0.5,-0.55853,180,0,0,471232
0,33,21,0.5,-0.554075,180,0,0,471250
-1,33,21,0.5,-0.54962,180,0,0,471267
0,33,23,0.5,-0.545165,180,0,0,471283
0,33,24,0.5,-0.54071,180,0,0,471300
-2,61,46,0.5,-0.532475,180,0,0,471329
0,32,23,0.5,-0.528155,180,0,0,471343
0,33,24,0.5,-0.5237,180,0,0,471356
0,35,24,0.5,-0.518975,180,0,0,471371
-2,35,23,0.5,-0.51425,180,0,0,471388
0,35,23,0.5,-0.509525,180,0,0,471401
0,31,22,0.5,-0.50534,180,0,1,471417
0,29,20,0.5,-0.501425,180,0,1,471432
-1,25,20,0.5,-0.49805,180,0,1,471450
0,24,19,0.5,-0.49481,180,0,1,471465
0,28,20,0.5,-0.49103,180,0,0,471483
0,31,22,0.5,-0.486845,180,0,0,471498
-1,30,22,0.5,-0.482795,180,0,0,471516
0,30,24,0.5,-0.478745,180,0,0,471534
0,30,24,0.5,-0.474695,180,0,0,471550
0,29,24,0.5,-0.47078,180,0,0,471567
-2,29,24,0.5,-0.466865,180,0,0,471586
0,33,24,0.5,-0.46241,180,0,0,471598
0,35,24,0.5,-0.457685,180,0,0,471615
0,34,24,0.5,-0.453095,180,0,0,471632
0,32,24,0.5,-0.448775,180,0,0,471648
0,32,24,0.5,-0.444455,180,0,0,471665
0,31,23,0.5,-0.44027,180,0,1,471683
0,29,22,0.5,-0.436355,180,0,1,471698
0,33,23,0.5,-0.4319,180,0,1,471721
-1,66,45,0.5,-0.42299,180,0,0,471755
0,60,48,0.5,-0.41489,180,0,0,471775
0,29,24,0.5,-0.410975,180,0,0,471793
0,30,24,0.5,-0.406925,180,0,0,471810
-4,33,24,0.5,-0.40247,180,0,0,471826
0,31,24,0.5,-0.398285,180,0,1,471843
0,30,24,0.5,-0.394235,180,0,1,471856
0,30,24,0.5,-0.390185,180,0,1,471871
0,28,23,0.5,-0.386405,180,0,0,471887
0,29,22,0.5,-0.38249,180,0,0,471901
0,29,22,0.5,-0.378575,180,0,0,471916
0,29,21,0.5,-0.37466,180,0,0,471928
-1,34,22,0.5,-0.37007,180,0,0,471946
0,35,19,0.5,-0.365345,180,0,0,471958
0,0,3,0.5,-0.365345,180,0,0,471969
0,63,46,0.5,-0.35684,180,0,0,472001
0,29,24,0.5,-0.352925,180,0,0,472016
-1,31,24,0.5,-0.34874,180,0,0,472032
0,31,24,0.5,-0.344555,180,0,0,472048
0,33,24,0.5,-0.3401,180,0,0,472061
0,32,24,0.5,-0.33578,180,0,0,472074
0,31,24,0.5,-0.331595,180,0,0,472090
0,31,23,0.5,-0.32741,180,0,1,472109
0,27,22,0.5,-0.323765,180,0,1,472125
0,27,22,0.5,-0.32012,180,0,1,472141
-2,28,21,0.5,-0.31634,180,0,0,472158
0,30,21,0.5,-0.31229,180,0,0,472173
0,33,22,0.5,-0.307835,180,0,0,472190
0,35,23,0.5,-0.30311,180,0,0,472209
0,33,23,0.5,-0.298655,180,0,0,472226
-2,31,23,0.5,-0.29447,180,0,0,472242
0,31,24,0.5,-0.290285,180,0,0,472258
0,29,24,0.5,-0.28637,180,0,0,472274
-1,33,24,0.5,-0.281915,180,0,0,472292
0,64,46,0.5,-0.273275,180,0,0,472316
0,31,23,0.5,-0.26909,180,0,0,472331
0,28,14,0.5,-0.26531,180,0,1,472340
0,29,30,0.5,-0.261395,180,0,1,472358
0,27,20,0.5,-0.25775,180,0,1,472373
0,30,21,0.5,-0.2537,180,0,1,472390
-1,31,20,0.5,-0.249515,180,0,0,472409
0,30,22,0.5,-0.245465,180,0,0,472424
0,28,22,0.5,-0.241685,180,0,0,472440
0,30,23,0.5,-0.237635,180,0,0,472459
-1,27,23,0.5,-0.23399,180,0,0,472477
0,27,24,0.5,-0.230345,180,0,0,472494
0,31,24,0.5,-0.22616,180,0,0,472507
0,32,24,0.5,-0.22184,180,0,0,472523
0,31,24,0.5,-0.217655,180,0,0,472541
0,30,23,0.5,-0.213605,180,1,1,472556
0,28,23,0.5,-0.209825,180,1,1,472574
-1,28,20,0.5,-0.206045,180,1,0,472592
0,27,21,0.5,-0.2024,180,0,0,472609
0,28,19,0.5,-0.19862,180,0,0,472627
0,31,20,0.5,-0.194435,180,0,0,472643
-1,66,24,0.5,-0.185525,180,0,0,472660
0,0,18,0.5,-0.185525,180,0,0,472674
0,37,22,0.5,-0.18053,180,0,1,472694
-1,74,44,0.5,-0.17054,180,0,1,472720
0,38,22,0.5,-0.16541,180,0,1,472733
0,34,21,0.5,-0.16082,180,0,1,472745
0,33,20,0.5,-0.156365,180,0,1,472758
-1,29,19,0.5,-0.15245,180,0,1,472775
0,27,17,0.5,-0.148805,180,0,1,472791
0,21,15,0.5,-0.14597,180,0,1,472806
0,13,13,0.5,-0.144215,180,0,1,472823
-1,12,13,0.5,-0.142595,180,0,1,472839
0,8,13,0.5,-0.141515,180,0,0,472855
0,5,13,0.5,-0.14084,180,0,0,472872
0,4,13,0.5,-0.1403,180,0,1,472889
-1,3,12,0.5,-0.139895,180,0,1,472905
0,5,11,0.5,-0.13922,180,0,1,472922
0,5,10,0.5,-0.138545,180,0,1,472938
0,4,8,0.5,-0.138005,180,0,0,472954
0,5,8,0.5,-0.13733,180,0,0,472971
0,5,6,0.5,-0.136655,180,0,0,472987
0,4,6,0.5,-0.136115,180,0,0,473004
0,3,6,0.5,-0.13571,180,0,1,473020
-1,9,13,0.5,-0.134495,180,0,1,473041
0,0,0,0.5,-0.134495,180,0,1,473051
0,6,7,0.5,-0.133685,180,0,0,473071
0,18,11,0.5,-0.131255,180,0,0,473089
0,0,5,0.5,-0.131255,180,0,0,473104
-1,24,15,0.5,-0.128015,180,0,0,473126
0,11,7,0.5,-0.12653,180,0,0,473137
0,9,9,0.5,-0.125315,180,0,1,473154
0,10,9,0.5,-0.123965,180,0,1,473171
-3,10,10,0.5,-0.122615,180,0,1,473189
0,12,9,0.5,-0.120995,180,0,0,473204
0,10,10,0.5,-0.119645,180,0,0,473220
0,14,11,0.5,-0.117755,180,0,0,473240
-1,14,10,0.5,-0.115865,180,0,1,473257
0,15,10,0.5,-0.11384,180,0,1,473270
0,18,11,0.5,-0.11141,180,0,1,473289
0,16,9,0.5,-0.10925,180,0,1,473305
0,18,8,0.5,-0.10682,180,0,0,473321
0,17,7,0.5,-0.104525,180,0,0,473337
-1,16,6,0.5,-0.102365,180,0,0,473354
0,15,5,0.5,-0.10034,180,0,0,473369
0,15,4,0.5,-0.098315,180,0,1,473388
0,14,4,0.5,-0.096425,180,0,1,473404
0,15,4,0.5,-0.0944,180,0,1,473420
0,12,4,0.5,-0.09278,180,0,0,473438
0,12,5,0.5,-0.09116,180,0,0,473453
-1,9,5,0.5,-0.089945,180,0,0,473473
0,16,8,0.5,-0.087785,180,0,0,473488
0,7,4,0.5,-0.08684,180,0,1,473506
0,6,3,0.5,-0.08603,180,0,1,473521
0,6,4,0.5,-0.08522,180,0,1,473536
-1,6,3,0.5,-0.08441,180,0,0,473553
0,4,4,0.5,-0.08387,180,0,0,473570
0,4,3,0.5,-0.08333,180,0,0,473587
0,5,3,0.5,-0.082655,180,0,0,473602
-1,5,2,0.5,-0.08198,180,0,1,473620
0,7,1,0.5,-0.081035,180,0,1,473635
0,8,1,0.5,-0.079955,180,0,1,473652
0,8,2,0.5,-0.078875,180,0,1,473670
-1,7,2,0.5,-0.07793,180,0,0,473688
0,3,2,0.5,-0.077525,180,0,0,473705
0,-4,7,0.5,-0.078065,180,0,0,473733
0,0,0,0.5,-0.078065,180,0,0,473740
0,-2,5,0.5,-0.078335,180,0,1,473754
-1,0,5,0.5,-0.078335,180,0,1,473774
0,0,5,0.5,-0.078335,180,0,1,473788
0,4,6,0.5,-0.077795,180,0,1,473805
0,5,5,0.5,-0.07712,180,0,0,473821
0,7,5,0.5,-0.076175,180,0,0,473838
-2,7,4,0.5,-0.07523,180,0,0,473854
0,9,3,0.5,-0.074015,180,0,1,473871
0,24,3,0.5,-0.070775,180,0,1,473887
-1,12,7,0.5,-0.069155,180,0,1,473906
0,10,4,0.5,-0.067805,180,0,1,473920
0,8,5,0.5,-0.066725,180,0,1,473937
0,8,5,0.5,-0.065645,180,0,0,473954
-2,6,4,0.5,-0.064835,180,0,0,473971
0,9,4,0.5,-0.06362,180,0,0,473986
0,9,4,0.5,-0.062405,180,0,0,474004
0,11,3,0.5,-0.06092,180,0,1,474020
-1,13,3,0.5,-0.059165,180,0,1,474037
0,12,3,0.5,-0.057545,180,0,1,474053
0,15,4,0.5,-0.05552,180,0,1,474070
0,15,4,0.5,-0.053495,180,0,0,474086
-1,15,4,0.5,-0.05147,180,0,0,474104
0,17,4,0.5,-0.049175,180,0,0,474120
0,18,4,0.5,-0.046745,180,0,0,474136
0,18,4,0.5,-0.044315,180,0,0,474153
0,17,4,0.5,-0.04202,180,0,1,474170
0,16,5,0.5,-0.03986,180,0,1,474188
0,13,5,0.5,-0.038105,180,0,1,474204
0,11,5,0.5,-0.03662,180,0,0,474221
0,8,6,0.5,-0.03554,180,0,0,474237
0,7,6,0.5,-0.034595,180,0,0,474254
-3,19,15,0.5,-0.03203,180,0,0,474274
0,0,0,0.5,-0.03203,180,0,0,474286
0,27,16,0.5,-0.028385,180,0,1,474307
0,16,8,0.5,-0.026225,180,0,1,474321
0,16,9,0.5,-0.024065,180,0,1,474338
-1,16,8,0.5,-0.021905,180,0,1,474354
-3,17,8,0.5,-0.01961,180,0,0,474372
0,12,8,0.5,-0.01799,180,0,0,474388
0,10,8,0.5,-0.01664,180,0,0,474404
0,12,8,0.5,-0.01502,180,0,0,474420
0,11,8,0.5,-0.013535,180,0,1,474437
0,12,6,0.5,-0.011915,180,0,1,474453
0,12,7,0.5,-0.010295,180,0,1,474470
0,11,5,0.5,-0.00881,180,0,1,474486
0,8,4,0.5,-0.00773,180,0,1,474503
0,6,4,0.5,-0.00692,180,0,0,474519
0,2,4,0.5,-0.00665,180,0,0,474536
0,1,3,0.5,-0.006515,180,0,0,474553
0,0,4,0.5,-0.006515,180,0,0,474570
-2,-3,5,0.5,-0.00692,180,0,0,474587
0,-2,5,0.5,-0.00719,180,0,1,474603
0,-1,5,0.5,-0.007325,180,0,1,474620
0,1,5,0.5,-0.00719,180,0,1,474637
0,1,5,0.5,-0.007055,180,0,1,474654
-1,1,9,0.5,-0.00692,180,0,0,474674
0,0,0,0.5,-0.00692,180,0,0,474685
0,4,7,0.5,-0.00638,180,0,0,474704
-1,4,3,0.5,-0.00584,180,0,1,474721
0,6,2,0.5,-0.00503,180,0,1,474737
0,6,3,0.5,-0.00422,180,0,1,474753
0,5,2,0.5,-0.003545,180,0,1,474769
-1,4,3,0.5,-0.003005,180,0,1,474787
0,0,2,0.5,-0.003005,180,0,0,474802
0,-2,2,0.5,-0.003275,180,0,0,474819
0,-2,2,0.5,-0.003545,180,0,0,474836
-1,-4,2,0.5,-0.004085,180,0,0,474856
0,-3,2,0.5,-0.00449,180,0,0,474869
0,-1,1,0.5,-0.004625,180,0,1,474886
-1,0,1,0.5,-0.004625,180,0,1,474903
0,3,2,0.5,-0.00422,180,0,1,474919
0,2,2,0.5,-0.00395,180,0,1,474936
-1,1,2,0.5,-0.003815,180,0,0,474953
0,0,3,0.5,-0.003815,180,0,0,474969
0,0,2,0.5,-0.003815,180,0,0,474985
0,0,3,0.5,-0.003815,180,0,0,475002
0,1,2,0.5,-0.00368,180,0,0,475019
0,0,2,0.5,-0.00368,180,0,1,475036
-1,1,2,0.5,-0.003545,180,0,1,475053
0,1,2,0.5,-0.00341,180,0,1,475070
0,1,1,0.5,-0.003275,180,0,1,475086
-3,-1,3,0.5,-0.00341,180,0,0,475104
0,0,1,0.5,-0.00341,180,0,0,475119
0,0,1,0.5,-0.00341,180,0,0,475135
0,0,1,0.5,-0.00341,180,0,0,475152
-1,2,1,0.5,-0.00314,180,0,0,475170
-1,2,1,0.5,-0.00287,180,0,1,475186
0,1,1,0.5,-0.002735,180,0,1,475202
0,1,1,0.5,-0.0026,180,0,1,475219
0,1,1,0.5,-0.002465,180,0,0,475236
0,0,1,0.5,-0.002465,180,0,0,475255
0,0,1,0.5,-0.002465,180,0,0,475268
0,2,1,0.5,-0.002195,180,0,0,475287
-1,0,1,0.5,-0.002195,180,0,0,475304
0,1,1,0.5,-0.00206,180,0,0,475319
0,1,1,0.5,-0.001925,180,0,1,475335
0,1,1,0.5,-0.00179,180,0,0,475352
-2,0,1,0.5,-0.00179,180,0,0,475371
0,2,1,0.5,-0.00152,180,0,0,475385
0,1,1,0.5,-0.001385,180,0,0,475402
0,1,1,0.5,-0.00125,180,0,0,475419
-1,2,0,0.5,-0.00098,180,0,0,475436
0,0,1,0.5,-0.00098,180,0,0,475452
0,1,0,0.5,-0.000845,180,0,0,475468
-1,2,0,0.5,-0.000575,180,0,0,475486
0,1,0,0.5,-0.00044,180,0,0,475502
0,0,0,0.5,-0.00044,180,0,0,475518
0,1,0,0.5,-0.000305,180,0,0,475535
-1,1,0,0.5,-0.00017,180,0,0,475552
0,0,0,0.5,-0.00017,180,0,0,475568
0,-1,-1,0.5,-0.000305,180,0,0,475585
0,2,-2,0.5,-0.000035,180,0,0,475602
-1,2,-2,0.5,0.000235,180,0,0,475619
0,1,-2,0.5,0.00037,180,0,0,475635
0,2,-2,0.5,0.00064,180,0,0,475652
0,0,-1,0.5,0.00064,180,0,0,475668
-1,0,0,0.5,0.00064,180,0,0,475685
0,0,0,0.5,0.00064,180,0,0,475702
0,-2,2,0.5,0.00037,180,0,0,475721
0,1,3,0.5,0.000505,180,0,0,475736
-1,0,4,0.5,0.000505,180,0,0,475758
0,2,4,0.5,0.000775,180,0,1,475771
0,5,4,0.5,0.00145,180,0,1,475786
-1,6,3,0.5,0.00226,180,0,1,475803
0,8,3,0.5,0.00334,180,0,0,475820
0,7,3,0.5,0.004285,180,0,0,475836
0,5,3,0.5,0.00496,180,0,0,475855
-1,7,6,0.5,0.005905,180,0,0,475871
0,0,0,0.5,0.005905,180,0,0,475885
0,7,4,0.5,0.00685,180,0,0,475903
-1,4,2,0.5,0.00739,180,0,0,475921
0,4,1,0.5,0.00793,180,0,0,475936
0,4,2,0.5,0.00847,180,0,0,475952
0,4,2,0.5,0.00901,180,0,0,475970
-2,4,2,0.5,0.00955,180,0,0,475986
0,1,1,0.5,0.009685,180,0,0,476002
0,2,2,0.5,0.009955,180,0,0,476019
0,1,1,0.5,0.01009,180,0,0,476037
-1,-1,1,0.5,0.009955,180,0,1,476054
-1,-1,2,0.5,0.00982,180,0,1,476073
0,-1,1,0.5,0.009685,180,0,0,476086
0,-2,1,0.5,0.009415,180,0,0,476102
0,0,0,0.5,0.009415,180,0,0,476118
-1,-3,0,0.5,0.00901,180,0,0,476135
0,-1,0,0.5,0.008875,180,0,0,476152
0,0,0,0.5,0.008875,180,0,0,476168
0,3,-1,0.5,0.00928,180,0,0,476186
-1,0,0,0.5,0.00928,180,0,0,476202
0,3,0,0.5,0.009685,180,0,0,476220
0,2,0,0.5,0.009955,180,0,1,476235
0,2,0,0.5,0.010225,180,0,1,476252
-1,1,0,0.5,0.01036,180,0,0,476270
0,1,0,0.5,0.010495,180,0,0,476285
-1,2,1,0.5,0.010765,180,0,0,476302
0,0,1,0.5,0.010765,180,0,0,476319
-1,0,0,0.5,0.010765,180,0,0,476336
0,-1,1,0.5,0.01063,180,0,0,476353
-1,-2,1,0.5,0.01036,180,0,0,476370
0,-6,1,0.5,0.00955,180,0,0,476387
0,-2,1,0.5,0.00928,180,0,0,476402
0,-1,1,0.5,0.009145,180,0,0,476419
0,-5,1,0.5,0.00847,180,0,0,476435
0,-4,1,0.5,0.00793,180,0,0,476452
0,-5,1,0.5,0.007255,180,0,0,476469
0,-4,0,0.5,0.006715,180,0,0,476485
0,-7,1,0.5,0.00577,180,0,0,476502
0,-5,0,0.5,0.005095,180,0,0,476519
0,-5,0,0.5,0.00442,180,0,0,476536
0,-3,0,0.5,0.004015,180,0,0,476552
0,0,-1,0.5,0.004015,180,0,0,476570
0,2,-1,0.5,0.004285,180,0,0,476586
0,4,-2,0.5,0.004825,180,0,0,476602
0,3,-1,0.5,0.00523,180,0,0,476619
0,2,-1,0.5,0.0055,180,0,0,476635
0,2,0,0.5,0.00577,180,0,0,476652
0,2,0,0.5,0.00604,180,0,0,476668
0,3,0,0.5,0.006445,180,0,0,476685
0,19,2,0.5,0.00901,180,0,1,476703
0,10,1,0.5,0.01036,180,0,1,476721
0,8,2,0.5,0.01144,180,0,1,476738
0,4,1,0.5,0.01198,180,0,0,476752
0,4,3,0.5,0.01252,180,0,0,476769
0,2,3,0.5,0.01279,180,0,0,476786
0,0,3,0.5,0.01279,180,0,0,476803
0,1,3,0.5,0.012925,180,0,0,476820
0,-1,2,0.5,0.01279,180,0,1,476836
0,-1,3,0.5,0.012655,180,0,1,476853
0,0,1,0.5,0.012655,180,0,1,476870
0,-1,2,0.5,0.01252,180,0,1,476886
0,0,1,0.5,0.01252,180,0,1,476904
0,0,0,0.5,0.01252,180,0,0,476919
0,-1,0,0.5,0.012385,180,0,0,476935
0,0,0,0.5,0.012385,180,0,0,476951
0,0,0,0.5,0.012385,180,0,0,476969
0,0,0,0.5,0.012385,180,0,0,476985
0,1,0,0.5,0.01252,180,0,0,477002
0,1,0,0.5,0.012655,180,0,0,477019
0,0,0,0.5,0.012655,180,0,0,477035
0,0,0,0.5,0.012655,180,0,0,477051
0,-4,0,0.5,0.012115,180,0,0,477070
0,0,0,0.5,0.012115,180,0,0,477085
0,0,0,0.5,0.012115,180,0,0,477101
0,0,2,0.5,0.012115,180,0,0,477119
-1,1,1,0.5,0.01225,180,0,0,477136
0,1,1,0.5,0.012385,180,0,0,477153
0,0,1,0.5,0.012385,180,0,0,477168
-1,-3,1,0.5,0.01198,180,0,0,477186
0,1,1,0.5,0.012115,180,0,0,477202
0,1,0,0.5,0.01225,180,0,0,477218
0,0,0,0.5,0.01225,180,0,0,477235
0,0,0,0.5,0.01225,180,0,0,477251
0,0,0,0.5,0.01225,180,0,0,477269
0,0,0,0.5,0.01225,180,0,0,477285
0,-1,0,0.5,0.012115,180,0,0,477302
0,-1,0,0.5,0.01198,180,0,0,477318
0,0,0,0.5,0.01198,180,0,0,477335
0,0,0,0.5,0.01198,180,0,0,477351
0,1,0,0.5,0.012115,180,0,0,477368
0,0,0,0.5,0.012115,180,0,0,477385
0,0,0,0.5,0.012115,180,0,0,477401
0,0,0,0.5,0.012115,180,0,0,477418
0,1,0,0.5,0.01225,180,0,0,477435
0,1,0,0.5,0.012385,180,0,0,477451
0,0,0,0.5,0.012385,180,0,0,477468
0,0,1,0.5,0.012385,180,0,0,477485
0,1,0,0.5,0.01252,180,0,0,477501
0,0,0,0.5,0.01252,180,0,0,477518
0,0,0,0.5,0.01252,180,0,0,477535
0,-1,0,0.5,0.012385,180,0,0,477552
0,0,0,0.5,0.012385,180,0,0,477568
0,0,0,0.5,0.012385,180,0,0,477585
0,0,0,0.5,0.012385,180,0,0,477601
0,1,0,0.5,0.01252,180,0,0,477618
0,0,0,0.5,0.01252,180,0,0,477635
0,1,0,0.5,0.012655,180,0,0,477652
0,0,0,0.5,0.012655,180,0,0,477668
0,0,0,0.5,0.012655,180,0,0,477685
0,0,0,0.5,0.012655,180,0,0,477701
0,0,0,0.5,0.012655,180,0,0,477719
0,1,0,0.5,0.01279,180,0,0,477735
0,0,0,0.5,0.01279,180,0,0,477752
0,1,0,0.5,0.012925,180,0,0,477769
0,0,0,0.5,0.012925,180,0,0,477785
0,0,0,0.5,0.012925,180,0,0,477801
0,-1,0,0.5,0.01279,180,0,0,477818
0,0,0,0.5,0.01279,180,0,0,477835
0,0,0,0.5,0.01279,180,0,0,477851
0,0,0,0.5,0.01279,180,0,0,477868
0,-1,0,0.5,0.012655,180,0,0,477885
0,0,0,0.5,0.012655,180,0,0,477901
0,0,0,0.5,0.012655,180,0,0,477918
0,2,0,0.5,0.012925,180,0,0,477935
0,1,0,0.5,0.01306,180,0,0,477952
0,0,0,0.5,0.01306,180,0,0,477968
0,-1,0,0.5,0.012925,180,0,0,477985
0,1,0,0.5,0.01306,180,0,0,478002
0,0,0,0.5,0.01306,180,0,0,478018
0,0,0,0.5,0.01306,180,0,0,478035
-1,0,0,0.5,0.01306,180,0,0,478052
0,0,0,0.5,0.01306,180,0,0,478068
0,0,0,0.5,0.01306,180,0,0,478085
0,0,0,0.5,0.01306,180,0,0,478101
-1,0,0,0.5,0.01306,180,0,0,478118
0,0,0,0.5,0.01306,180,0,0,478135
0,0,0,0.5,0.01306,180,0,0,478151
0,0,0,0.5,0.01306,180,0,0,478168
-1,0,0,0.5,0.01306,180,0,0,478185
0,0,0,0.5,0.01306,180,0,0,478201
0,0,0,0.5,0.01306,180,0,0,478218
0,0,0,0.5,0.01306,180,0,0,478235
0,0,0,0.5,0.01306,180,0,0,478251
0,0,0,0.5,0.01306,180,0,0,478268
0,0,0,0.5,0.01306,180,0,0,478285
-2,0,0,0.5,0.01306,180,0,0,478301
0,0,0,0.5,0.01306,180,0,0,478318
0,0,0,0.5,0.01306,180,0,0,478334
-2,0,0,0.5,0.01306,180,0,0,478351
0,-2,0,0.5,0.01279,180,0,0,478369
0,0,0,0.5,0.01279,180,0,0,478385
0,-1,0,0.5,0.012655,180,0,0,478401
-1,0,0,0.5,0.012655,180,0,0,478419
0,0,0,0.5,0.012655,180,0,0,478435
0,0,0,0.5,0.012655,180,0,0,478451
0,0,0,0.5,0.012655,180,0,0,478468
-1,0,0,0.5,0.012655,180,0,0,478485
0,0,-1,0.5,0.012655,180,0,0,478502
0,0,0,0.5,0.012655,180,0,0,478518
0,0,0,0.5,0.012655,180,0,0,478535
-1,0,0,0.5,0.012655,180,0,0,478553
0,0,0,0.5,0.012655,180,0,0,478568
0,1,0,0.5,0.01279,180,0,0,478587
0,0,0,0.5,0.01279,180,0,0,478601
-1,-1,0,0.5,0.012655,180,0,0,478619
0,-1,0,0.5,0.01252,180,0,0,478635
0,0,0,0.5,0.01252,180,0,0,478651
0,-1,0,0.5,0.012385,180,0,0,478669
0,0,0,0.5,0.012385,180,0,0,478685
0,0,0,0.5,0.012385,180,0,0,478701
0,0,0,0.5,0.012385,180,0,0,478718
0,0,0,0.5,0.012385,180,0,0,478735
-1,0,0,0.5,0.012385,180,0,0,478753
0,1,0,0.5,0.01252,180,0,0,478770
0,0,0,0.5,0.01252,180,0,0,478785
0,-1,0,0.5,0.012385,180,0,0,478801
-1,-1,0,0.5,0.01225,180,0,0,478820
0,-1,0,0.5,0.012115,180,0,0,478835
0,-1,0,0.5,0.01198,180,0,0,478851
0,0,0,0.5,0.01198,180,0,0,478868
0,0,0,0.5,0.01198,180,0,0,478885
-1,0,0,0.5,0.01198,180,0,0,478902
0,0,0,0.5,0.01198,180,0,0,478918
0,0,0,0.5,0.01198,180,0,0,478934
0,1,0,0.5,0.012115,180,0,0,478952
-1,0,0,0.5,0.012115,180,0,0,478968
0,0,0,0.5,0.012115,180,0,0,478985
0,0,0,0.5,0.012115,180,0,0,479001
0,0,0,0.5,0.012115,180,0,0,479018
-1,-1,0,0.5,0.01198,180,0,0,479036
0,-1,0,0.5,0.011845,180,0,0,479051
0,-1,0,0.5,0.01171,180,0,0,479068
0,0,0,0.5,0.01171,180,0,0,479085
-1,-1,0,0.5,0.011575,180,0,0,479102
0,0,0,0.5,0.011575,180,0,0,479118
0,0,0,0.5,0.011575,180,0,0,479135
-1,0,0,0.5,0.011575,180,0,0,479152
0,0,0,0.5,0.011575,180,0,0,479168
0,1,0,0.5,0.01171,180,0,0,479185
0,0,0,0.5,0.01171,180,0,0,479201
-1,0,0,0.5,0.01171,180,0,0,479219
0,1,0,0.5,0.011845,180,0,0,479235
0,0,0,0.5,0.011845,180,0,0,479251
0,-2,0,0.5,0.011575,180,0,0,479268
-1,-2,0,0.5,0.011305,180,0,0,479286
0,-2,0,0.5,0.011035,180,0,0,479302
0,-1,0,0.5,0.0109,180,0,0,479318
0,-1,0,0.5,0.010765,180,0,0,479335
-1,-1,0,0.5,0.01063,180,0,0,479353
0,0,0,0.5,0.01063,180,0,0,479368
-1,-1,0,0.5,0.010495,180,0,0,479386
0,0,0,0.5,0.010495,180,0,0,479401
0,0,0,0.5,0.010495,180,0,0,479419
0,0,0,0.5,0.010495,180,0,0,479435
0,0,0,0.5,0.010495,180,0,0,479451
0,0,0,0.5,0.010495,180,0,0,479468
0,-3,0,0.5,0.01009,180,0,0,479486
0,-4,1,0.5,0.00955,180,0,0,479502
0,-21,2,0.5,0.006715,180,0,0,479520
0,-10,1,0.5,0.005365,180,0,0,479535
0,-12,1,0.5,0.003745,180,0,0,479552
0,-14,1,0.5,0.001855,180,0,0,479569
0,-8,0,0.5,0.000775,180,0,0,479586
0,-5,0,0.5,0.0001,180,0,0,479603
0,-2,-1,0.5,-0.00017,180,0,1,479620
0,1,-1,0.5,-0.000035,180,0,1,479638
0,1,0,0.5,0.0001,180,0,1,479652
0,1,0,0.5,0.000235,180,0,1,479668
0,-4,0,0.5,-0.000305,180,0,0,479685
0,-7,0,0.5,-0.00125,180,0,0,479702
0,-10,0,0.5,-0.0026,180,0,0,479719
0,-11,0,0.5,-0.004085,180,0,0,479735
0,-10,-1,0.5,-0.005435,180,0,0,479752
0,-9,-1,0.5,-0.00665,180,0,0,479769
0,-8,-2,0.5,-0.00773,180,0,0,479786
0,-6,-2,0.5,-0.00854,180,0,0,479802
0,-4,-2,0.5,-0.00908,180,0,1,479820
0,-1,0,0.5,-0.009215,180,0,1,479835
0,0,0,0.5,-0.009215,180,0,1,479852
0,0,1,0.5,-0.009215,180,0,1,479868
0,2,2,0.5,-0.008945,180,0,1,479886
0,0,1,0.5,-0.008945,180,0,1,479902
0,-5,0,0.5,-0.00962,180,0,1,479918
0,-3,-1,0.5,-0.010025,180,0,1,479936
0,-4,-2,0.5,-0.010565,180,0,1,479952
0,-3,-1,0.5,-0.01097,180,0,0,479969
0,-3,-1,0.5,-0.011375,180,0,0,479985
0,-2,-1,0.5,-0.011645,180,0,0,480002
0,-2,-1,0.5,-0.011915,180,0,0,480019
0,0,0,0.5,-0.011915,180,0,0,480034
0,-2,-1,0.5,-0.012185,180,0,0,480053
0,-2,0,0.5,-0.012455,180,0,0,480068
0,-2,0,0.5,-0.012725,180,0,1,480085
0,-1,0,0.5,-0.01286,180,0,1,480102
0,0,0,0.5,-0.01286,180,0,1,480118
0,0,0,0.5,-0.01286,180,0,1,480135
0,0,0,0.5,-0.01286,180,0,1,480151
0,-3,0,0.5,-0.013265,180,0,1,480169
0,-1,0,0.5,-0.0134,180,0,0,480185
0,-1,0,0.5,-0.013535,180,0,0,480201
0,0,0,0.5,-0.013535,180,0,0,480218
0,0,-1,0.5,-0.013535,180,0,0,480235
0,1,0,0.5,-0.0134,180,0,0,480251
0,0,0,0.5,-0.0134,180,0,0,480268
-4,1,0,0.5,-0.013265,180,0,0,480286
0,1,-1,0.5,-0.01313,180,0,0,480303
0,1,0,0.5,-0.012995,180,0,0,480318
0,6,0,0.5,-0.012185,180,0,0,480335
0,9,0,0.5,-0.01097,180,0,0,480352
0,11,0,0.5,-0.009485,180,0,0,480369
0,11,0,0.5,-0.008,180,0,0,480385
-2,14,0,0.5,-0.00611,180,0,0,480404
0,13,0,0.5,-0.004355,180,0,0,480419
0,15,0,0.5,-0.00233,180,0,0,480436
0,16,0,0.5,-0.00017,180,0,0,480451
-2,18,2,0.5,0.00226,180,0,0,480470
0,20,4,0.5,0.00496,180,0,0,480485
0,20,5,0.5,0.00766,180,0,0,480503
0,19,6,0.5,0.010225,180,0,0,480519
-1,19,8,0.5,0.01279,180,0,0,480539
0,21,8,0.5,0.015625,180,0,0,480555
0,23,8,0.5,0.01873,180,0,0,480571
0,23,9,0.5,0.021835,180,0,0,480587
-1,24,8,0.5,0.025075,180,0,0,480606
0,24,7,0.5,0.028315,180,0,0,480621
0,22,6,0.5,0.031285,180,0,0,480637
0,21,5,0.5,0.03412,180,0,0,480654
0,21,6,0.5,0.036955,180,0,0,480672
0,16,7,0.5,0.039115,180,0,0,480687
-1,23,18,0.5,0.04222,180,0,0,480710
0,14,11,0.5,0.04411,180,0,0,480722
0,15,10,0.5,0.046135,180,0,0,480738
0,13,10,0.5,0.04789,180,0,0,480755
-1,10,10,0.5,0.04924,180,0,0,480773
0,3,10,0.5,0.049645,180,0,0,480787
0,-1,10,0.5,0.04951,180,0,0,480806
0,-5,10,0.5,0.048835,180,0,0,480821
-1,-7,10,0.5,0.04789,180,0,0,480839
0,-7,10,0.5,0.046945,180,0,0,480854
0,-7,9,0.5,0.046,180,0,0,480870
0,-6,10,0.5,0.04519,180,0,0,480889
-1,-3,8,0.5,0.044785,180,0,0,480907
0,-2,8,0.5,0.044515,180,0,0,480920
-1,-2,7,0.5,0.044245,180,0,0,480937
0,2,7,0.5,0.044515,180,0,0,480953
0,5,8,0.5,0.04519,180,0,0,480971
0,8,9,0.5,0.04627,180,0,0,480990
0,9,10,0.5,0.047485,180,0,0,481004
0,10,11,0.5,0.048835,180,0,0,481020
0,14,12,0.5,0.050725,180,0,0,481038
0,12,12,0.5,0.052345,180,0,0,481056
0,15,13,0.5,0.05437,180,0,0,481071
0,12,12,0.5,0.05599,180,0,0,481089
0,10,13,0.5,0.05734,180,0,0,481104
0,7,21,0.5,0.058285,180,0,0,481123
0,0,25,0.5,0.058285,180,0,0,481140
0,1,16,0.5,0.05842,180,0,0,481156
0,4,16,0.5,0.05896,180,0,0,481173
0,7,15,0.5,0.059905,180,0,0,481189
0,7,16,0.5,0.06085,180,0,0,481207
0,7,16,0.5,0.061795,180,0,0,481223
0,7,16,0.5,0.06274,180,0,0,481240
0,6,16,0.5,0.06355,180,0,0,481258
0,9,15,0.5,0.064765,180,0,0,481273
0,10,17,0.5,0.066115,180,0,0,481293
0,15,16,0.5,0.06814,180,0,0,481307
0,16,16,0.5,0.0703,180,0,0,481321
0,18,17,0.5,0.07273,180,0,0,481341
0,14,18,0.5,0.07462,180,0,0,481359
0,12,18,0.5,0.07624,180,0,0,481372
0,8,18,0.5,0.07732,180,0,0,481391
0,7,18,0.5,0.078265,180,0,0,481406
0,8,17,0.5,0.079345,180,0,0,481422
0,9,17,0.5,0.08056,180,0,0,481443
0,10,16,0.5,0.08191,180,0,0,481458
0,10,18,0.5,0.08326,180,0,0,481473
0,8,19,0.5,0.08434,180,0,0,481493
0,10,19,0.5,0.08569,180,0,0,481506
0,21,35,0.5,0.088525,180,0,0,481527
0,12,16,0.5,0.090145,180,0,0,481539
0,14,15,0.5,0.092035,180,0,0,481556
0,13,15,0.5,0.09379,180,0,0,481573
0,14,16,0.5,0.09568,180,0,0,481589
0,12,17,0.5,0.0973,180,0,0,481606
0,11,19,0.5,0.098785,180,0,0,481622
0,10,20,0.5,0.100135,180,0,0,481639
0,10,20,0.5,0.101485,180,0,0,481657
0,10,20,0.5,0.102835,180,0,0,481673
0,14,21,0.5,0.104725,180,0,0,481693
0,12,21,0.5,0.106345,180,0,0,481709
0,14,21,0.5,0.108235,180,0,0,481722
0,14,22,0.5,0.110125,180,0,0,481740
0,18,20,0.5,0.112555,180,0,0,481762
0,18,19,0.5,0.114985,180,0,0,481773
0,22,19,0.5,0.117955,180,0,0,481789
0,19,17,0.5,0.12052,180,0,0,481807
-1,23,18,0.5,0.123625,180,0,0,481823
0,20,20,0.5,0.126325,180,0,0,481839
0,18,20,0.5,0.128755,180,0,0,481856
0,15,20,0.5,0.13078,180,0,0,481873
0,15,21,0.5,0.132805,180,0,0,481893
0,39,42,0.5,0.13807,180,0,0,481916
0,20,22,0.5,0.14077,180,0,0,481928
-2,21,22,0.5,0.143605,180,0,0,481956
0,21,22,0.5,0.14644,180,0,0,481972
0,22,21,0.5,0.14941,180,0,0,481984
0,23,20,0.5,0.152515,180,0,0,481994
0,23,18,0.5,0.15562,180,0,0,482007
-1,23,17,0.5,0.158725,180,0,0,482023
0,22,17,0.5,0.161695,180,0,0,482039
0,19,17,0.5,0.16426,180,0,0,482057
0,18,20,0.5,0.16669,180,0,0,482074
-3,15,20,0.5,0.168715,180,0,0,482092
0,16,21,0.5,0.170875,180,0,0,482106
0,16,21,0.5,0.173035,180,0,0,482123
0,19,22,0.5,0.1756,180,0,0,482139
-1,22,21,0.5,0.17857,180,0,0,482162
0,23,22,0.5,0.181675,180,0,0,482181
0,25,22,0.5,0.18505,180,0,0,482194
0,25,20,0.5,0.188425,180,0,0,482207
-1,22,18,0.5,0.191395,180,0,0,482224
0,24,18,0.5,0.194635,180,0,0,482239
0,27,19,0.5,0.19828,180,0,0,482255
0,27,19,0.5,0.201925,180,0,0,482276
-1,21,20,0.5,0.20476,180,0,0,482291
0,20,22,0.5,0.20746,180,0,0,482308
0,38,27,0.5,0.21259,180,0,0,482325
0,0,20,0.5,0.21259,180,0,0,482339
0,24,23,0.5,0.21583,180,0,0,482359
-1,52,47,0.5,0.22285,180,0,0,482386
0,25,24,0.5,0.226225,180,0,0,482398
0,27,22,0.5,0.22987,180,0,0,482408
-2,28,21,0.5,0.23365,180,0,0,482424
0,27,21,0.5,0.237295,180,0,0,482439
0,30,21,0.5,0.241345,180,0,0,482457
0,30,21,0.5,0.245395,180,0,0,482473
-1,30,21,0.5,0.249445,180,0,0,482491
0,27,22,0.5,0.25309,180,0,0,482507
0,24,23,0.5,0.25633,180,0,0,482523
0,24,23,0.5,0.25957,180,0,0,482540
-1,25,24,0.5,0.262945,180,0,0,482559
0,29,24,0.5,0.26686,180,0,0,482574
0,27,24,0.5,0.270505,180,0,0,482590
0,28,23,0.5,0.274285,180,0,0,482609
-1,27,22,0.5,0.27793,180,0,0,482624
0,25,22,0.5,0.281305,180,0,0,482640
0,25,20,0.5,0.28468,180,0,0,482659
0,22,21,0.5,0.28765,180,0,0,482676
-1,26,21,0.5,0.29116,180,0,0,482692
0,42,37,0.5,0.29683,180,0,0,482714
0,21,30,0.5,0.299665,180,0,0,482730
-1,17,23,0.5,0.30196,180,0,0,482747
0,21,10,0.5,0.304795,180,0,0,482756
0,19,38,0.5,0.30736,180,0,0,482779
0,23,23,0.5,0.310465,180,0,0,482792
-2,22,22,0.5,0.313435,180,0,0,482809
0,22,21,0.5,0.316405,180,0,0,482824
0,21,20,0.5,0.31924,180,0,0,482839
0,25,20,0.5,0.322615,180,0,0,482858
0,24,19,0.5,0.325855,180,0,0,482873
0,25,19,0.5,0.32923,180,0,0,482889
-1,28,20,0.5,0.33301,180,0,0,482909
0,27,21,0.5,0.336655,180,0,0,482923
0,26,22,0.5,0.340165,180,0,0,482940
0,24,22,0.5,0.343405,180,0,0,482961
-1,23,24,0.5,0.34651,180,0,0,482975
0,26,24,0.5,0.35002,180,0,0,482990
0,26,24,0.5,0.35353,180,0,0,483007
0,25,24,0.5,0.356905,180,0,0,483025
0,25,24,0.5,0.36028,180,0,0,483041
-1,22,22,0.5,0.36325,180,0,0,483060
0,21,22,0.5,0.366085,180,0,0,483074
0,19,21,0.5,0.36865,180,0,0,483090
-1,41,42,0.5,0.374185,180,0,0,483121
0,22,22,0.5,0.377155,180,0,0,483132
0,22,22,0.5,0.380125,180,0,0,483145
0,23,10,0.5,0.38323,180,0,0,483155
-1,27,37,0.5,0.386875,180,0,0,483184
0,29,23,0.5,0.39079,180,0,0,483203
0,32,23,0.5,0.39511,180,0,0,483216
0,35,23,0.5,0.399835,180,0,0,483236
-1,35,21,0.5,0.40456,180,0,0,483253
0,36,19,0.5,0.40942,180,0,0,483264
0,36,18,0.5,0.41428,180,0,0,483273
-1,34,16,0.5,0.41887,180,0,0,483290
0,28,17,0.5,0.42265,180,0,0,483305
0,27,19,0.5,0.426295,180,0,0,483325
0,25,20,0.5,0.42967,180,0,0,483339
0,23,22,0.5,0.432775,180,0,0,483359
0,21,23,0.5,0.43561,180,0,0,483373
0,24,22,0.5,0.43885,180,0,0,483390
0,26,24,0.5,0.44236,180,0,0,483408
0,28,23,0.5,0.44614,180,0,0,483433
-1,66,46,0.5,0.45505,180,0,0,483469
0,73,44,0.5,0.464905,180,0,0,483490
-1,34,20,0.5,0.469495,180,0,0,483501
0,32,21,0.5,0.473815,180,0,0,483514
0,29,21,0.5,0.47773,180,0,1,483529
0,0,0,0.5,0.47773,180,0,1,483534
0,27,20,0.5,0.481375,180,0,1,483552
-2,25,20,0.5,0.48475,180,0,0,483570
0,24,19,0.5,0.48799,180,0,0,483585
0,23,19,0.5,0.491095,180,0,0,483601
0,20,19,0.5,0.493795,180,0,0,483619
-1,42,41,0.5,0.499465,180,0,0,483643
0,25,23,0.5,0.50284,180,0,0,483653
0,27,3,0.5,0.506485,180,0,0,483664
-2,29,40,0.5,0.5104,180,0,0,483691
0,27,21,0.5,0.514045,180,0,0,483707
0,28,21,0.5,0.517825,180,0,0,483719
0,28,20,0.5,0.521605,180,0,0,483735
-1,27,19,0.5,0.52525,180,0,0,483752
0,29,19,0.5,0.529165,180,0,0,483769
0,30,19,0.5,0.533215,180,0,0,483786
0,32,20,0.5,0.537535,180,0,1,483801
-1,33,22,0.5,0.54199,180,0,0,483832
0,59,47,0.5,0.549955,180,0,0,483866
-2,51,48,0.5,0.55684,180,0,0,483887
0,26,24,0.5,0.56035,180,0,0,483899
0,26,19,0.5,0.56386,180,0,0,483910
0,0,5,0.5,0.56386,180,0,0,483916
-1,26,24,0.5,0.56737,180,0,0,483935
0,26,24,0.5,0.57088,180,0,0,483948
0,22,22,0.5,0.57385,180,0,0,483966
0,25,23,0.5,0.577225,180,0,0,483981
0,24,21,0.5,0.580465,180,0,0,483998
0,28,22,0.5,0.584245,180,0,0,484016
0,27,22,0.5,0.58789,180,0,0,484031
0,27,23,0.5,0.591535,180,0,0,484050
0,25,23,0.5,0.59491,180,0,0,484067
-1,48,47,0.5,0.60139,180,0,0,484093
0,22,24,0.5,0.60436,180,0,0,484106
0,0,0,0.5,0.60436,180,0,0,484110
-1,48,48,0.5,0.61084,180,0,0,484147
0,25,24,0.5,0.614215,180,0,0,484160
0,24,23,0.5,0.617455,180,0,0,484174
0,26,22,0.5,0.620965,180,0,0,484188
-3,24,22,0.5,0.624205,180,0,0,484200
0,23,21,0.5,0.62731,180,0,1,484215
0,27,20,0.5,0.630955,180,0,1,484231
0,26,21,0.5,0.634465,180,0,1,484248
0,24,21,0.5,0.637705,180,0,0,484266
0,26,21,0.5,0.641215,180,0,0,484281
0,27,21,0.5,0.64486,180,0,0,484298
0,28,21,0.5,0.64864,180,0,0,484315
-1,25,21,0.5,0.652015,180,0,0,484332
0,29,23,0.5,0.65593,180,0,0,484349
0,28,22,0.5,0.65971,180,0,0,484365
0,30,21,0.5,0.66376,180,0,0,484382
0,30,21,0.5,0.66781,180,0,0,484400
-2,53,38,0.5,0.674965,180,0,0,484436
0,25,18,0.5,0.67834,180,0,0,484453
0,28,21,0.5,0.68212,180,0,0,484461
-2,30,21,0.5,0.68617,180,0,0,484476
0,33,22,0.5,0.690625,180,0,0,484486
0,0,0,0.5,0.690625,180,0,1,484492
0,31,22,0.5,0.69481,180,0,1,484517
-1,55,42,0.5,0.702235,180,0,1,484544
0,26,21,0.5,0.705745,180,0,0,484557
0,27,21,0.5,0.70939,180,0,0,484567
0,26,22,0.5,0.71,180,0,0,484582
