0,58,64,0.5,-0.70217,180,0,0,485078
0,22,24,0.5,-0.6992,180,0,0,485094
0,21,24,0.5,-0.696365,180,0,0,485109
0,23,24,0.5,-0.69326,180,0,0,485121
0,22,24,0.5,-0.69029,180,0,0,485135
0,21,24,0.5,-0.687455,180,0,0,485150
0,18,24,0.5,-0.685025,180,0,0,485162
0,18,5,0.5,-0.682595,180,0,0,485170
0,18,24,0.5,-0.680165,180,0,0,485194
0,16,43,0.5,-0.678005,180,0,0,485215
0,17,24,0.5,-0.67571,180,0,0,485231
0,15,24,0.5,-0.673685,180,0,0,485248
0,18,24,0.5,-0.671255,180,0,0,485264
0,15,24,0.5,-0.66923,180,0,0,485278
0,17,24,0.5,-0.666935,180,0,0,485294
0,14,24,0.5,-0.665045,180,0,1,485310
0,14,24,0.5,-0.663155,180,0,1,485328
0,10,24,0.5,-0.661805,180,0,1,485344
0,11,24,0.5,-0.66032,180,0,1,485359
0,11,24,0.5,-0.658835,180,0,0,485376
0,14,24,0.5,-0.656945,180,0,0,485391
0,17,24,0.5,-0.65465,180,0,0,485413
0,18,24,0.5,-0.65222,180,0,0,485431
0,19,24,0.5,-0.649655,180,0,0,485451
0,36,48,0.5,-0.644795,180,0,0,485475
0,19,24,0.5,-0.64223,180,0,0,485492
0,18,24,0.5,-0.6398,180,0,0,485511
0,17,24,0.5,-0.637505,180,0,0,485524
0,16,24,0.5,-0.635345,180,0,1,485535
0,17,24,0.5,-0.63305,180,0,1,485548
0,0,0,0.5,-0.63305,180,0,1,485552
0,39,35,0.5,-0.627785,180,0,1,485577
0,16,35,0.5,-0.625625,180,0,0,485594
0,1,0,0.5,-0.62549,180,0,0,485605
0,1,8,0.5,-0.625355,180,0,0,485625
0,22,24,0.5,-0.622385,180,0,0,485643
0,21,24,0.5,-0.61955,180,0,0,485660
0,23,24,0.5,-0.616445,180,0,0,485676
0,24,24,0.5,-0.613205,180,0,0,485693
0,20,24,0.5,-0.610505,180,0,1,485711
0,14,20,0.5,-0.608615,180,0,1,485725
0,8,11,0.5,-0.607535,180,0,1,485740
0,20,24,0.5,-0.604835,180,0,0,485760
0,21,24,0.5,-0.602,180,0,0,485777
0,20,24,0.5,-0.5993,180,0,0,485791
0,18,24,0.5,-0.59687,180,0,0,485809
0,19,24,0.5,-0.594305,180,0,0,485827
0,19,24,0.5,-0.59174,180,0,0,485842
0,20,24,0.5,-0.58904,180,0,0,485862
0,19,24,0.5,-0.586475,180,0,0,485877
0,20,24,0.5,-0.583775,180,0,0,485894
0,19,24,0.5,-0.58121,180,0,0,485909
0,19,24,0.5,-0.578645,180,0,0,485927
0,19,24,0.5,-0.57608,180,0,0,485943
0,44,28,0.5,-0.57014,180,0,0,485961
0,23,44,0.5,-0.567035,180,0,0,485981
0,23,24,0.5,-0.56393,180,0,0,485996
0,24,24,0.5,-0.56069,180,0,0,486011
0,26,24,0.5,-0.55718,180,0,0,486027
0,24,24,0.5,-0.55394,180,0,0,486043
0,28,24,0.5,-0.55016,180,0,0,486059
0,27,24,0.5,-0.546515,180,0,0,486077
0,31,24,0.5,-0.54233,180,0,0,486093
0,33,24,0.5,-0.537875,180,0,0,486113
0,27,24,0.5,-0.53423,180,0,0,486127
0,-4,0,0.5,-0.53477,180,0,0,486136
0,32,24,0.5,-0.53045,180,0,0,486163
0,32,24,0.5,-0.52613,180,0,0,486179
0,32,24,0.5,-0.52181,180,0,0,486193
0,32,24,0.5,-0.51749,180,0,0,486209
0,32,24,0.5,-0.51317,180,0,0,486226
0,32,24,0.5,-0.50885,180,0,0,486242
0,31,24,0.5,-0.504665,180,0,0,486261
0,32,24,0.5,-0.500345,180,0,0,486275
0,31,24,0.5,-0.49616,180,0,0,486294
0,36,24,0.5,-0.4913,180,0,0,486311
0,36,24,0.5,-0.48644,180,0,0,486327
0,33,24,0.5,-0.481985,180,0,0,486343
0,66,26,0.5,-0.473075,180,0,0,486359
0,33,46,0.5,-0.46862,180,0,0,486382
0,31,24,0.5,-0.464435,180,0,0,486395
0,31,24,0.5,-0.46025,180,0,0,486412
0,29,24,0.5,-0.456335,180,0,0,486426
0,33,24,0.5,-0.45188,180,0,0,486445
0,35,24,0.5,-0.447155,180,0,0,486461
0,38,24,0.5,-0.442025,180,0,0,486477
0,35,24,0.5,-0.4373,180,0,0,486495
0,11,11,0.5,-0.435815,180,0,0,486507
0,25,24,0.5,-0.43244,180,0,0,486526
0,4,2,0.5,-0.4319,180,0,0,486536
0,31,24,0.5,-0.427715,180,0,0,486564
0,33,24,0.5,-0.42326,180,0,0,486578
0,30,24,0.5,-0.41921,180,0,1,486594
0,30,24,0.5,-0.41516,180,0,1,486610
0,23,24,0.5,-0.412055,180,0,1,486626
0,-3,9,0.5,-0.41246,180,0,0,486640
0,29,24,0.5,-0.408545,180,0,0,486659
0,30,24,0.5,-0.404495,180,0,0,486678
0,27,24,0.5,-0.40085,180,0,0,486694
0,32,24,0.5,-0.39653,180,0,0,486708
0,32,24,0.5,-0.39221,180,0,0,486726
0,34,24,0.5,-0.38762,180,0,0,486743
0,35,24,0.5,-0.382895,180,0,0,486758
0,75,39,0.5,-0.37277,180,0,0,486779
0,37,26,0.5,-0.367775,180,0,0,486794
0,34,31,0.5,-0.363185,180,0,0,486810
0,11,18,0.5,-0.3617,180,0,0,486825
0,34,24,0.5,-0.35711,180,0,0,486842
0,30,24,0.5,-0.35306,180,0,0,486860
0,26,24,0.5,-0.34955,180,0,0,486875
0,31,24,0.5,-0.345365,180,0,0,486895
0,32,24,0.5,-0.341045,180,0,0,486916
0,29,24,0.5,-0.33713,180,0,0,486933
0,31,24,0.5,-0.332945,180,0,0,486949
0,31,24,0.5,-0.32876,180,0,0,486964
0,30,24,0.5,-0.32471,180,0,0,486979
0,14,18,0.5,-0.32282,180,0,0,486991
0,26,24,0.5,-0.31931,180,0,0,487012
0,27,24,0.5,-0.315665,180,0,0,487028
0,25,24,0.5,-0.31229,180,0,0,487045
0,28,24,0.5,-0.30851,180,0,0,487063
0,29,24,0.5,-0.304595,180,0,1,487078
0,21,24,0.5,-0.30176,180,0,1,487093
0,18,24,0.5,-0.29933,180,0,1,487111
0,15,24,0.5,-0.297305,180,0,1,487127
0,28,24,0.5,-0.293525,180,0,0,487148
0,55,48,0.5,-0.2861,180,0,0,487172
0,31,24,0.5,-0.281915,180,0,0,487186
0,30,24,0.5,-0.277865,180,0,0,487197
0,30,24,0.5,-0.273815,180,0,0,487209
0,28,24,0.5,-0.270035,180,0,0,487226
0,30,24,0.5,-0.265985,180,0,0,487243
0,27,24,0.5,-0.26234,180,0,0,487267
0,33,24,0.5,-0.257885,180,0,0,487279
0,30,24,0.5,-0.253835,180,0,0,487291
0,32,24,0.5,-0.249515,180,0,0,487309
0,32,24,0.5,-0.245195,180,0,0,487325
0,37,24,0.5,-0.2402,180,0,0,487342
0,20,23,0.5,-0.2375,180,0,0,487359
0,20,21,0.5,-0.2348,180,0,0,487375
0,-1,-1,0.5,-0.234935,180,0,0,487386
0,38,24,0.5,-0.229805,180,0,0,487410
0,42,24,0.5,-0.224135,180,0,0,487429
0,38,24,0.5,-0.219005,180,0,0,487445
0,37,24,0.5,-0.21401,180,0,0,487463
0,29,24,0.5,-0.210095,180,0,0,487478
0,27,24,0.5,-0.20645,180,0,0,487493
0,24,24,0.5,-0.20321,180,0,0,487512
0,41,24,0.5,-0.197675,180,0,1,487527
0,18,18,0.5,-0.195245,180,0,1,487541
0,37,38,0.5,-0.19025,180,0,1,487565
0,1,0,0.5,-0.190115,180,0,1,487572
0,8,14,0.5,-0.189035,180,0,1,487589
0,23,24,0.5,-0.18593,180,0,0,487608
0,28,24,0.5,-0.18215,180,0,0,487625
0,4,2,0.5,-0.18161,180,0,0,487637
0,32,24,0.5,-0.17729,180,0,0,487660
0,31,24,0.5,-0.173105,180,0,0,487679
0,36,24,0.5,-0.168245,180,0,0,487692
0,34,24,0.5,-0.163655,180,0,0,487708
0,38,24,0.5,-0.158525,180,0,0,487725
0,38,24,0.5,-0.153395,180,0,0,487747
0,40,24,0.5,-0.147995,180,0,0,487763
0,40,24,0.5,-0.142595,180,0,0,487780
0,39,24,0.5,-0.13733,180,0,0,487795
0,39,24,0.5,-0.132065,180,0,0,487813
0,42,24,0.5,-0.126395,180,0,0,487831
0,41,24,0.5,-0.12086,180,0,0,487845
0,43,24,0.5,-0.115055,180,0,0,487858
0,40,24,0.5,-0.109655,180,0,1,487875
0,42,24,0.5,-0.103985,180,0,1,487894
0,42,24,0.5,-0.098315,180,0,1,487908
0,43,24,0.5,-0.09251,180,0,1,487926
0,40,24,0.5,-0.08711,180,0,1,487943
0,51,40,0.5,-0.080225,180,0,0,487964
0,0,0,0.5,-0.080225,180,0,0,487970
0,51,48,0.5,-0.07334,180,0,0,488001
0,23,24,0.5,-0.070235,180,0,0,488014
0,22,24,0.5,-0.067265,180,0,0,488028
0,21,24,0.5,-0.06443,180,0,0,488043
0,12,18,0.5,-0.06281,180,0,0,488058
0,23,24,0.5,-0.059705,180,0,1,488078
0,24,24,0.5,-0.056465,180,0,0,488094
0,20,24,0.5,-0.053765,180,0,0,488110
0,17,24,0.5,-0.05147,180,0,0,488126
0,16,24,0.5,-0.04931,180,0,0,488143
0,12,24,0.5,-0.04769,180,0,0,488159
0,13,24,0.5,-0.045935,180,0,0,488177
0,13,24,0.5,-0.04418,180,0,0,488194
0,15,24,0.5,-0.042155,180,0,1,488210
0,17,24,0.5,-0.03986,180,0,1,488227
0,21,24,0.5,-0.037025,180,0,1,488245
0,22,24,0.5,-0.034055,180,0,0,488260
0,22,24,0.5,-0.031085,180,0,0,488290
0,37,48,0.5,-0.02609,180,0,0,488314
0,19,24,0.5,-0.023525,180,0,0,488327
0,17,24,0.5,-0.02123,180,0,0,488340
0,19,23,0.5,-0.018665,180,0,1,488354
0,18,22,0.5,-0.016235,180,0,1,488367
0,18,22,0.5,-0.013805,180,0,1,488379
0,17,21,0.5,-0.01151,180,0,1,488392
0,17,21,0.5,-0.009215,180,0,0,488410
0,17,22,0.5,-0.00692,180,0,0,488425
0,17,22,0.5,-0.004625,180,0,0,488441
0,21,23,0.5,-0.00179,180,0,0,488458
0,23,23,0.5,0.001315,180,0,0,488478
0,22,23,0.5,0.004285,180,0,0,488493
0,28,24,0.5,0.008065,180,0,0,488509
0,26,22,0.5,0.011575,180,0,0,488527
0,1,9,0.5,0.01171,180,0,1,488538
0,27,22,0.5,0.015355,180,0,1,488563
0,23,21,0.5,0.01846,180,0,1,488576
0,19,21,0.5,0.021025,180,0,0,488591
0,19,22,0.5,0.02359,180,0,0,488607
0,16,21,0.5,0.02575,180,0,0,488624
0,16,23,0.5,0.02791,180,0,0,488646
0,16,22,0.5,0.03007,180,0,0,488659
0,20,24,0.5,0.03277,180,0,0,488675
0,23,24,0.5,0.035875,180,0,0,488694
0,27,24,0.5,0.03952,180,0,0,488712
0,57,38,0.5,0.047215,180,0,0,488729
0,29,29,0.5,0.05113,180,0,0,488743
0,30,29,0.5,0.05518,180,0,0,488761
0,0,0,0.5,0.05518,180,0,0,488769
0,52,47,0.5,0.0622,180,0,0,488797
0,23,23,0.5,0.065305,180,0,0,488809
0,19,23,0.5,0.06787,180,0,0,488825
0,24,24,0.5,0.07111,180,0,0,488847
0,28,24,0.5,0.07489,180,0,0,488862
0,30,24,0.5,0.07894,180,0,0,488877
0,33,24,0.5,0.083395,180,0,0,488893
0,35,24,0.5,0.08812,180,0,0,488908
0,30,24,0.5,0.09217,180,0,0,488925
0,33,24,0.5,0.096625,180,0,0,488942
0,29,24,0.5,0.10054,180,0,0,488958
0,24,24,0.5,0.10378,180,0,0,488979
0,22,24,0.5,0.10675,180,0,0,488997
0,21,24,0.5,0.109585,180,0,0,489012
0,20,24,0.5,0.112285,180,0,0,489028
0,14,20,0.5,0.114175,180,0,0,489044
0,19,23,0.5,0.11674,180,0,0,489059
0,27,24,0.5,0.120385,180,0,0,489075
0,31,24,0.5,0.12457,180,0,0,489093
0,34,24,0.5,0.12916,180,0,0,489108
0,43,12,0.5,0.134965,180,0,0,489123
0,0,18,0.5,0.134965,180,0,0,489141
0,29,24,0.5,0.13888,180,0,0,489158
0,52,48,0.5,0.1459,180,0,0,489182
0,22,24,0.5,0.14887,180,0,1,489193
0,19,24,0.5,0.151435,180,0,1,489210
0,18,24,0.5,0.153865,180,0,1,489225
0,22,24,0.5,0.156835,180,0,1,489242
0,25,24,0.5,0.16021,180,0,0,489259
0,29,24,0.5,0.164125,180,0,0,489275
0,30,24,0.5,0.168175,180,0,0,489294
0,31,24,0.5,0.17236,180,0,0,489308
0,32,24,0.5,0.17668,180,0,0,489326
0,31,24,0.5,0.180865,180,0,0,489342
0,32,24,0.5,0.185185,180,0,0,489360
0,30,24,0.5,0.189235,180,0,0,489376
0,30,24,0.5,0.193285,180,0,0,489395
0,29,24,0.5,0.1972,180,0,0,489411
0,29,24,0.5,0.201115,180,0,0,489426
0,29,24,0.5,0.20503,180,0,0,489444
0,28,24,0.5,0.20881,180,0,0,489459
0,25,24,0.5,0.212185,180,0,0,489477
0,25,24,0.5,0.21556,180,0,0,489492
0,23,24,0.5,0.218665,180,0,0,489509
0,49,24,0.5,0.22528,180,0,0,489526
0,24,48,0.5,0.22852,180,0,0,489550
0,19,23,0.5,0.231085,180,0,0,489564
0,0,0,0.5,0.231085,180,0,0,489569
0,39,48,0.5,0.23635,180,0,0,489605
0,18,24,0.5,0.23878,180,0,0,489620
0,17,24,0.5,0.241075,180,0,0,489635
0,16,24,0.5,0.243235,180,0,0,489646
0,18,24,0.5,0.245665,180,0,0,489661
0,22,24,0.5,0.248635,180,0,0,489676
0,26,24,0.5,0.252145,180,0,0,489694
0,29,24,0.5,0.25606,180,0,0,489710
0,1,2,0.5,0.256195,180,0,0,489720
0,23,24,0.5,0.2593,180,0,0,489748
0,18,24,0.5,0.26173,180,0,0,489763
0,20,24,0.5,0.26443,180,0,0,489776
0,17,24,0.5,0.266725,180,0,0,489792
0,16,24,0.5,0.268885,180,0,0,489811
0,13,24,0.5,0.27064,180,0,0,489827
0,14,24,0.5,0.27253,180,0,0,489843
0,14,24,0.5,0.27442,180,0,0,489859
0,17,24,0.5,0.276715,180,1,1,489875
0,18,24,0.5,0.279145,180,1,1,489891
0,17,24,0.5,0.28144,180,1,1,489909
0,40,24,0.5,0.28684,180,0,1,489928
0,19,42,0.5,0.289405,180,0,0,489947
0,0,6,0.5,0.289405,180,0,0,489954
0,37,26,0.5,0.2944,180,0,0,489980
0,18,46,0.5,0.29683,180,0,0,489996
0,19,24,0.5,0.299395,180,0,1,490010
0,21,24,0.5,0.30223,180,0,1,490026
0,21,24,0.5,0.305065,180,0,1,490042
0,21,24,0.5,0.3079,180,0,1,490058
0,15,23,0.5,0.309925,180,0,1,490074
0,13,22,0.5,0.31168,180,0,1,490091
0,9,22,0.5,0.312895,180,0,1,490107
0,8,22,0.5,0.313975,180,0,1,490126
0,6,21,0.5,0.314785,180,0,1,490142
0,6,21,0.5,0.315595,180,0,1,490167
0,10,43,0.5,0.316945,180,0,1,490188
0,7,22,0.5,0.31789,180,0,1,490197
0,0,0,0.5,0.31789,180,0,1,490204
0,8,21,0.5,0.31897,180,0,1,490231
0,8,21,0.5,0.32005,180,0,1,490246
0,9,20,0.5,0.321265,180,0,1,490257
0,8,19,0.5,0.322345,180,0,1,490276
0,11,19,0.5,0.32383,180,0,1,490292
0,11,18,0.5,0.325315,180,0,1,490307
0,13,18,0.5,0.32707,180,0,1,490326
0,34,35,0.5,0.33166,180,0,1,490346
0,18,15,0.5,0.33409,180,0,1,490356
0,20,15,0.5,0.33679,180,0,1,490375
0,16,14,0.5,0.33895,180,0,1,490390
0,15,15,0.5,0.340975,180,0,1,490406
0,13,16,0.5,0.34273,180,0,1,490429
0,15,17,0.5,0.344755,180,0,1,490450
0,16,18,0.5,0.346915,180,0,1,490458
0,18,19,0.5,0.349345,180,0,1,490474
0,19,19,0.5,0.35191,180,0,1,490490
0,19,20,0.5,0.354475,180,0,1,490508
0,19,20,0.5,0.35704,180,0,1,490526
0,21,18,0.5,0.359875,180,0,1,490545
0,21,19,0.5,0.36271,180,0,1,490558
0,23,19,0.5,0.365815,180,0,1,490577
0,16,13,0.5,0.367975,180,0,1,490591
0,24,17,0.5,0.371215,180,0,0,490609
0,26,16,0.5,0.374725,180,0,0,490626
0,25,17,0.5,0.3781,180,0,0,490642
0,26,15,0.5,0.38161,180,0,0,490655
0,24,14,0.5,0.38485,180,0,1,490676
0,22,13,0.5,0.38782,180,0,1,490692
0,21,12,0.5,0.390655,180,0,1,490708
0,32,22,0.5,0.394975,180,0,0,490730
0,0,0,0.5,0.394975,180,0,0,490736
0,28,24,0.5,0.398755,180,0,0,490759
0,13,14,0.5,0.40051,180,0,1,490774
0,14,15,0.5,0.4024,180,0,1,490792
0,13,13,0.5,0.404155,180,0,1,490807
0,17,14,0.5,0.40645,180,0,1,490829
0,16,13,0.5,0.40861,180,0,1,490842
0,15,12,0.5,0.410635,180,0,0,490856
0,15,12,0.5,0.41266,180,0,0,490873
0,13,10,0.5,0.414415,180,0,0,490889
0,10,11,0.5,0.415765,180,0,1,490905
0,8,11,0.5,0.416845,180,0,1,490927
0,8,12,0.5,0.417925,180,0,1,490941
0,6,12,0.5,0.418735,180,0,1,490956
0,7,13,0.5,0.41968,180,0,0,490974
0,7,13,0.5,0.420625,180,0,0,490988
0,8,13,0.5,0.421705,180,0,0,491006
0,9,13,0.5,0.42292,180,0,1,491022
0,9,13,0.5,0.424135,180,0,1,491039
0,11,13,0.5,0.42562,180,0,1,491056
0,11,13,0.5,0.427105,180,0,1,491072
0,10,13,0.5,0.428455,180,0,1,491089
0,8,13,0.5,0.429535,180,0,0,491106
0,9,13,0.5,0.43075,180,0,0,491122
0,13,25,0.5,0.432505,180,0,0,491143
0,10,19,0.5,0.433855,180,0,1,491158
0,10,15,0.5,0.435205,180,0,1,491173
0,15,16,0.5,0.43723,180,0,1,491193
0,13,14,0.5,0.438985,180,0,1,491208
0,13,15,0.5,0.44074,180,0,0,491224
0,15,16,0.5,0.442765,180,0,0,491240
0,11,13,0.5,0.44425,180,0,0,491257
0,14,15,0.5,0.44614,180,0,0,491274
0,12,14,0.5,0.44776,180,0,1,491293
0,14,14,0.5,0.44965,180,0,1,491306
0,14,13,0.5,0.45154,180,0,1,491323
0,15,12,0.5,0.453565,180,0,1,491341
0,18,12,0.5,0.455995,180,0,0,491356
0,16,10,0.5,0.458155,180,0,0,491372
0,16,10,0.5,0.460315,180,0,0,491393
0,14,8,0.5,0.462205,180,0,0,491404
0,15,8,0.5,0.46423,180,0,1,491422
0,14,7,0.5,0.46612,180,0,1,491441
0,13,7,0.5,0.467875,180,0,1,491454
0,12,5,0.5,0.469495,180,0,1,491471
0,13,7,0.5,0.47125,180,0,0,491491
0,14,7,0.5,0.47314,180,0,0,491504
0,11,6,0.5,0.474625,180,0,0,491521
0,16,10,0.5,0.476785,180,0,0,491540
0,7,5,0.5,0.47773,180,0,1,491554
0,5,5,0.5,0.478405,180,0,1,491571
0,4,6,0.5,0.478945,180,0,1,491589
0,3,7,0.5,0.47935,180,0,1,491606
0,2,9,0.5,0.47962,180,0,1,491623
0,1,9,0.5,0.479755,180,0,1,491639
0,2,11,0.5,0.480025,180,0,0,491656
0,3,12,0.5,0.48043,180,0,0,491673
0,5,13,0.5,0.481105,180,0,0,491694
0,8,13,0.5,0.482185,180,0,1,491708
0,10,12,0.5,0.483535,180,0,1,491725
0,13,13,0.5,0.48529,180,0,1,491744
0,13,11,0.5,0.487045,180,0,1,491769
0,28,24,0.5,0.490825,180,0,1,491784
0,0,0,0.5,0.490825,180,0,1,491788
0,11,11,0.5,0.49231,180,0,0,491806
0,11,11,0.5,0.493795,180,0,0,491823
0,8,10,0.5,0.494875,180,0,0,491838
0,7,10,0.5,0.49582,180,0,1,491855
0,7,10,0.5,0.496765,180,0,1,491872
0,8,10,0.5,0.497845,180,0,1,491888
0,9,9,0.5,0.49906,180,0,1,491905
0,20,17,0.5,0.50176,180,0,0,491925
0,10,0,0.5,0.50311,180,0,0,491936
0,11,16,0.5,0.504595,180,0,0,491957
0,11,8,0.5,0.50608,180,0,0,491971
0,12,8,0.5,0.5077,180,0,1,491990
0,12,7,0.5,0.50932,180,0,1,492006
0,11,7,0.5,0.510805,180,0,1,492023
0,14,6,0.5,0.512695,180,0,1,492038
0,11,6,0.5,0.51418,180,0,1,492054
0,13,5,0.5,0.515935,180,0,0,492072
0,11,5,0.5,0.51742,180,0,0,492087
0,10,4,0.5,0.51877,180,0,0,492105
0,9,4,0.5,0.519985,180,0,0,492121
0,8,3,0.5,0.521065,180,0,1,492137
0,8,3,0.5,0.522145,180,0,1,492154
0,6,2,0.5,0.522955,180,0,1,492170
0,3,3,0.5,0.52336,180,0,1,492187
0,2,4,0.5,0.52363,180,0,1,492204
0,2,5,0.5,0.5239,180,0,1,492221
0,0,6,0.5,0.5239,180,0,0,492238
0,1,7,0.5,0.524035,180,0,0,492255
0,-1,8,0.5,0.5239,180,0,0,492271
0,4,10,0.5,0.52444,180,0,1,492289
0,6,9,0.5,0.52525,180,0,1,492305
0,9,9,0.5,0.526465,180,0,1,492324
0,21,14,0.5,0.5293,180,0,1,492340
0,10,14,0.5,0.53065,180,0,1,492356
0,9,10,0.5,0.531865,180,0,0,492372
0,8,10,0.5,0.532945,180,0,0,492388
0,4,9,0.5,0.533485,180,0,0,492407
0,5,8,0.5,0.53416,180,0,0,492422
0,5,7,0.5,0.534835,180,0,0,492443
0,8,9,0.5,0.535915,180,0,1,492457
0,7,7,0.5,0.53686,180,0,1,492471
0,11,9,0.5,0.538345,180,0,1,492488
0,8,7,0.5,0.539425,180,0,1,492504
0,9,7,0.5,0.54064,180,0,1,492521
0,8,8,0.5,0.54172,180,0,0,492538
0,6,7,0.5,0.54253,180,0,0,492556
0,5,6,0.5,0.543205,180,0,0,492571
0,5,6,0.5,0.54388,180,0,0,492588
0,3,6,0.5,0.544285,180,0,1,492607
0,3,5,0.5,0.54469,180,0,1,492620
0,4,5,0.5,0.54523,180,0,1,492637
0,5,4,0.5,0.545905,180,0,1,492657
0,4,4,0.5,0.546445,180,0,1,492673
0,4,4,0.5,0.546985,180,0,1,492687
0,4,5,0.5,0.547525,180,0,0,492704
0,4,4,0.5,0.548065,180,0,0,492720
0,9,4,0.5,0.54928,180,0,0,492737
0,5,9,0.5,0.549955,180,0,1,492757
0,5,3,0.5,0.55063,180,0,1,492770
0,6,3,0.5,0.55144,180,0,1,492787
0,7,2,0.5,0.552385,180,0,1,492803
0,7,2,0.5,0.55333,180,0,1,492820
0,6,3,0.5,0.55414,180,0,1,492837
0,5,2,0.5,0.554815,180,0,0,492855
0,5,3,0.5,0.55549,180,0,0,492870
0,3,2,0.5,0.555895,180,0,0,492887
0,4,3,0.5,0.556435,180,0,0,492905
0,2,3,0.5,0.556705,180,0,0,492921
0,0,1,0.5,0.556705,180,0,0,492936
0,0,0,0.5,0.556705,180,0,1,492952
0,-4,0,0.5,0.556165,180,0,1,492969
0,-7,0,0.5,0.55522,180,0,1,492986
0,-7,0,0.5,0.554275,180,0,1,493002
0,-8,0,0.5,0.553195,180,0,0,493019
0,-8,2,0.5,0.552115,180,0,0,493037
0,-5,4,0.5,0.55144,180,0,0,493056
0,-2,5,0.5,0.55117,180,0,0,493071
0,1,6,0.5,0.551305,180,0,0,493087
0,4,8,0.5,0.551845,180,0,0,493106
0,12,13,0.5,0.553465,180,0,1,493126
0,0,0,0.5,0.553465,180,0,1,493136
0,17,12,0.5,0.55576,180,0,1,493159
0,10,7,0.5,0.55711,180,0,1,493171
0,7,6,0.5,0.558055,180,0,0,493188
0,6,5,0.5,0.558865,180,0,0,493204
0,4,5,0.5,0.559405,180,0,0,493223
0,2,5,0.5,0.559675,180,0,0,493239
0,1,5,0.5,0.55981,180,0,0,493256
0,2,6,0.5,0.56008,180,0,1,493274
0,3,7,0.5,0.560485,180,0,1,493288
0,4,7,0.5,0.561025,180,0,1,493305
0,5,8,0.5,0.5617,180,0,1,493321
0,5,9,0.5,0.562375,180,0,1,493339
0,2,8,0.5,0.562645,180,0,1,493355
0,-1,8,0.5,0.56251,180,0,0,493372
0,0,7,0.5,0.56251,180,0,0,493391
0,-4,7,0.5,0.56197,180,0,0,493406
0,-4,7,0.5,0.56143,180,0,0,493421
0,-4,6,0.5,0.56089,180,0,0,493439
0,-3,6,0.5,0.560485,180,0,0,493457
0,-3,5,0.5,0.56008,180,0,0,493470
0,-2,5,0.5,0.55981,180,0,1,493487
0,-1,4,0.5,0.559675,180,0,1,493504
0,-2,4,0.5,0.559405,180,0,1,493520
0,-3,3,0.5,0.559,180,0,0,493537
0,-2,2,0.5,0.55873,180,0,0,493554
0,-9,4,0.5,0.557515,180,0,0,493572
0,-3,2,0.5,0.55711,180,0,0,493586
0,-7,2,0.5,0.556165,180,0,0,493608
0,-11,2,0.5,0.55468,180,0,0,493620
0,-12,4,0.5,0.55306,180,0,0,493637
0,-12,4,0.5,0.55144,180,0,0,493654
0,-10,5,0.5,0.55009,180,0,0,493673
0,-9,5,0.5,0.548875,180,0,0,493687
0,-8,4,0.5,0.547795,180,0,0,493704
0,-7,4,0.5,0.54685,180,0,0,493724
0,-7,4,0.5,0.545905,180,0,1,493737
0,-4,4,0.5,0.545365,180,0,1,493754
0,-2,5,0.5,0.545095,180,0,1,493771
0,-2,5,0.5,0.544825,180,0,0,493787
0,-1,6,0.5,0.54469,180,0,0,493804
0,-2,6,0.5,0.54442,180,0,0,493821
0,-4,7,0.5,0.54388,180,0,0,493837
0,-3,6,0.5,0.543475,180,0,0,493854
0,-4,7,0.5,0.542935,180,0,0,493873
0,-3,8,0.5,0.54253,180,0,0,493888
0,-2,8,0.5,0.54226,180,0,0,493904
0,0,8,0.5,0.54226,180,0,0,493921
0,-1,8,0.5,0.542125,180,0,0,493939
0,-5,15,0.5,0.54145,180,0,0,493957
0,-4,7,0.5,0.54091,180,0,0,493972
0,-5,6,0.5,0.540235,180,0,0,493992
0,-3,8,0.5,0.53983,180,0,0,494007
0,-1,8,0.5,0.539695,180,0,0,494022
0,0,8,0.5,0.539695,180,0,0,494039
0,1,8,0.5,0.53983,180,0,0,494055
0,2,7,0.5,0.5401,180,0,0,494072
0,0,7,0.5,0.5401,180,0,0,494088
0,0,7,0.5,0.5401,180,0,0,494104
0,-6,8,0.5,0.53929,180,0,0,494123
0,-7,10,0.5,0.538345,180,0,0,494139
0,-6,10,0.5,0.537535,180,0,0,494156
0,-2,12,0.5,0.537265,180,0,0,494174
0,1,10,0.5,0.5374,180,0,0,494189
0,0,10,0.5,0.5374,180,0,0,494205
0,0,9,0.5,0.5374,180,0,0,494222
0,2,7,0.5,0.53767,180,0,0,494239
0,2,9,0.5,0.53794,180,0,0,494255
0,3,9,0.5,0.538345,180,0,0,494272
0,1,11,0.5,0.53848,180,0,0,494291
0,0,13,0.5,0.53848,180,0,0,494307
0,3,14,0.5,0.538885,180,0,0,494324
0,1,17,0.5,0.53902,180,0,0,494340
0,5,38,0.5,0.539695,180,0,0,494363
0,6,18,0.5,0.540505,180,0,0,494374
0,4,17,0.5,0.541045,180,0,0,494392
0,-1,16,0.5,0.54091,180,0,0,494408
0,0,17,0.5,0.54091,180,0,0,494423
0,3,18,0.5,0.541315,180,0,0,494442
0,7,17,0.5,0.54226,180,0,0,494458
0,12,18,0.5,0.54388,180,0,0,494475
0,17,19,0.5,0.546175,180,0,0,494493
0,15,20,0.5,0.5482,180,0,0,494507
0,17,22,0.5,0.550495,180,0,0,494527
0,17,22,0.5,0.55279,180,0,0,494542
0,16,23,0.5,0.55495,180,0,0,494557
0,10,23,0.5,0.5563,180,0,0,494577
0,9,20,0.5,0.557515,180,0,0,494592
0,10,20,0.5,0.558865,180,0,0,494606
0,10,18,0.5,0.560215,180,0,0,494624
0,9,17,0.5,0.56143,180,0,0,494642
0,9,15,0.5,0.562645,180,0,0,494655
0,6,17,0.5,0.563455,180,0,0,494677
0,4,18,0.5,0.563995,180,0,0,494694
0,2,20,0.5,0.564265,180,0,0,494707
0,-1,20,0.5,0.56413,180,0,0,494725
0,3,20,0.5,0.564535,180,0,0,494740
0,9,36,0.5,0.56575,180,0,0,494764
0,7,17,0.5,0.566695,180,0,0,494776
0,6,16,0.5,0.567505,180,0,0,494789
0,6,18,0.5,0.568315,180,0,0,494806
0,5,16,0.5,0.56899,180,0,0,494825
0,7,16,0.5,0.569935,180,0,0,494842
0,7,16,0.5,0.57088,180,0,1,494857
0,6,15,0.5,0.57169,180,0,0,494874
0,4,16,0.5,0.57223,180,0,0,494891
0,4,18,0.5,0.57277,180,0,0,494907
0,-1,19,0.5,0.572635,180,0,0,494926
0,1,19,0.5,0.57277,180,0,0,494942
0,1,20,0.5,0.572905,180,0,0,494957
0,2,20,0.5,0.573175,180,0,0,494977
0,6,21,0.5,0.573985,180,0,1,494993
0,5,20,0.5,0.57466,180,0,0,495007
0,7,22,0.5,0.575605,180,0,0,495028
0,7,22,0.5,0.57655,180,0,0,495043
0,6,23,0.5,0.57736,180,0,0,495059
0,8,23,0.5,0.57844,180,0,0,495077
0,5,23,0.5,0.579115,180,0,0,495093
0,5,23,0.5,0.57979,180,0,0,495109
0,3,22,0.5,0.580195,180,0,0,495125
0,6,21,0.5,0.581005,180,0,0,495143
0,12,43,0.5,0.582625,180,0,0,495167
0,8,18,0.5,0.583705,180,0,0,495179
0,10,16,0.5,0.585055,180,0,0,495190
0,7,22,0.5,0.586,180,0,0,495207
0,6,18,0.5,0.58681,180,0,0,495224
0,1,18,0.5,0.586945,180,0,0,495241
0,0,18,0.5,0.586945,180,0,0,495256
0,0,18,0.5,0.586945,180,0,0,495275
0,0,21,0.5,0.586945,180,0,0,495292
0,0,20,0.5,0.586945,180,0,0,495307
0,3,22,0.5,0.58735,180,0,0,495325
0,2,22,0.5,0.58762,180,0,0,495340
0,1,22,0.5,0.587755,180,0,0,495359
0,1,22,0.5,0.58789,180,0,0,495377
0,2,23,0.5,0.58816,180,0,0,495393
0,0,23,0.5,0.58816,180,0,0,495412
0,3,23,0.5,0.588565,180,0,0,495428
0,4,24,0.5,0.589105,180,0,0,495443
0,3,23,0.5,0.58951,180,0,0,495458
0,1,23,0.5,0.589645,180,0,0,495475
0,5,24,0.5,0.59032,180,0,0,495491
0,3,22,0.5,0.590725,180,0,0,495507
0,7,22,0.5,0.59167,180,0,0,495524
0,9,21,0.5,0.592885,180,0,0,495542
0,17,30,0.5,0.59518,180,0,0,495559
0,5,18,0.5,0.595855,180,0,0,495575
0,5,23,0.5,0.59653,180,0,0,495595
0,5,17,0.5,0.597205,180,0,0,495608
0,1,16,0.5,0.59734,180,0,0,495626
0,0,17,0.5,0.59734,180,0,0,495641
0,0,18,0.5,0.59734,180,0,0,495658
0,0,19,0.5,0.59734,180,0,0,495677
0,0,20,0.5,0.59734,180,0,0,495691
0,0,21,0.5,0.59734,180,0,0,495707
0,0,21,0.5,0.59734,180,0,0,495724
0,0,21,0.5,0.59734,180,0,0,495741
0,0,22,0.5,0.59734,180,0,0,495758
0,1,21,0.5,0.597475,180,0,0,495776
0,-1,20,0.5,0.59734,180,0,0,495791
0,0,21,0.5,0.59734,180,0,1,495807
0,0,21,0.5,0.59734,180,0,1,495825
0,0,20,0.5,0.59734,180,0,0,495843
0,0,19,0.5,0.59734,180,0,0,495857
0,0,19,0.5,0.59734,180,0,0,495874
0,0,16,0.5,0.59734,180,0,0,495892
0,0,15,0.5,0.59734,180,0,0,495906
0,1,14,0.5,0.597475,180,0,0,495924
0,1,13,0.5,0.59761,180,0,0,495939
0,-1,17,0.5,0.597475,180,0,0,495957
0,1,18,0.5,0.59761,180,0,0,495974
0,0,13,0.5,0.59761,180,0,0,495989
0,2,13,0.5,0.59788,180,0,0,496005
0,5,14,0.5,0.598555,180,0,0,496024
0,6,14,0.5,0.599365,180,0,0,496040
0,9,15,0.5,0.60058,180,0,0,496056
0,12,16,0.5,0.6022,180,0,0,496075
0,12,16,0.5,0.60382,180,0,0,496090
0,12,17,0.5,0.60544,180,0,0,496106
0,13,16,0.5,0.607195,180,0,0,496123
0,13,17,0.5,0.60895,180,0,0,496143
0,15,18,0.5,0.610975,180,0,0,496159
0,13,17,0.5,0.61273,180,0,0,496177
0,13,18,0.5,0.614485,180,0,0,496190
0,14,17,0.5,0.616375,180,0,0,496207
0,10,15,0.5,0.617725,180,0,0,496223
0,10,16,0.5,0.619075,180,0,0,496240
0,7,15,0.5,0.62002,180,0,0,496257
0,8,16,0.5,0.6211,180,0,0,496274
0,7,17,0.5,0.622045,180,0,0,496292
0,11,18,0.5,0.62353,180,0,0,496307
0,14,18,0.5,0.62542,180,0,0,496325
0,17,20,0.5,0.627715,180,0,0,496342
0,29,22,0.5,0.63163,180,0,0,496357
0,11,20,0.5,0.633115,180,0,0,496378
0,10,40,0.5,0.634465,180,0,0,496403
0,9,22,0.5,0.63568,180,0,0,496417
0,10,22,0.5,0.63703,180,0,0,496432
0,11,22,0.5,0.638515,180,0,0,496445
0,14,22,0.5,0.640405,180,0,0,496462
0,13,21,0.5,0.64216,180,0,0,496477
0,14,21,0.5,0.64405,180,0,0,496492
0,13,20,0.5,0.645805,180,0,0,496510
0,9,17,0.5,0.64702,180,0,0,496526
0,4,17,0.5,0.64756,180,0,0,496541
0,5,16,0.5,0.648235,180,0,0,496559
0,4,16,0.5,0.648775,180,0,0,496574
0,6,17,0.5,0.649585,180,0,0,496592
0,6,18,0.5,0.650395,180,0,0,496607
0,10,19,0.5,0.651745,180,0,0,496624
0,12,21,0.5,0.653365,180,0,0,496642
0,14,21,0.5,0.655255,180,0,0,496659
0,15,22,0.5,0.65728,180,0,0,496677
0,12,22,0.5,0.6589,180,0,0,496692
0,12,20,0.5,0.66052,180,0,0,496707
0,11,22,0.5,0.662005,180,0,0,496725
0,11,21,0.5,0.66349,180,0,0,496742
0,11,22,0.5,0.664975,180,0,0,496759
0,26,33,0.5,0.668485,180,0,0,496778
0,13,33,0.5,0.67024,180,0,0,496794
0,17,21,0.5,0.672535,180,0,0,496808
0,16,20,0.5,0.674695,180,0,0,496825
0,17,20,0.5,0.67699,180,0,0,496841
0,17,19,0.5,0.679285,180,0,0,496857
0,18,20,0.5,0.681715,180,0,0,496876
0,17,19,0.5,0.68401,180,0,0,496892
0,16,17,0.5,0.68617,180,0,0,496908
0,14,16,0.5,0.68806,180,0,0,496924
0,9,15,0.5,0.689275,180,0,0,496940
0,8,17,0.5,0.690355,180,0,0,496957
0,5,15,0.5,0.69103,180,0,0,496975
0,6,17,0.5,0.69184,180,0,0,496991
0,5,18,0.5,0.692515,180,0,0,497007
0,9,20,0.5,0.69373,180,0,0,497025
0,12,21,0.5,0.69535,180,0,0,497041
0,12,21,0.5,0.69697,180,0,0,497063
0,15,22,0.5,0.698995,180,0,0,497080
0,30,24,0.5,0.703045,180,0,0,497098
0,16,42,0.5,0.705205,180,0,0,497119
0,18,21,0.5,0.707635,180,0,0,497130
0,0,0,0.5,0.707635,180,0,0,497135
0,34,36,0.5,0.71,180,0,0,497162
