0,84,3,0.5,-0.69866,180,0,0,1156258
0,25,0,0.5,-0.695285,180,0,0,1156266
0,0,0,0.5,-0.695285,180,0,0,1156273
0,25,0,0.5,-0.69191,180,0,0,1156290
0,27,2,0.5,-0.688265,180,0,0,1156307
0,24,3,0.5,-0.685025,180,0,0,1156325
0,25,4,0.5,-0.68165,180,0,0,1156342
0,22,5,0.5,-0.67868,180,0,0,1156357
0,20,6,0.5,-0.67598,180,0,0,1156376
0,18,6,0.5,-0.67355,180,0,0,1156392
0,26,11,0.5,-0.67004,180,0,0,1156410
0,7,7,0.5,-0.669095,180,0,0,1156427
0,3,5,0.5,-0.66869,180,0,0,1156441
0,3,6,0.5,-0.668285,180,0,0,1156458
0,1,6,0.5,-0.66815,180,0,0,1156475
0,0,6,0.5,-0.66815,180,0,0,1156491
0,0,7,0.5,-0.66815,180,0,0,1156508
0,-4,6,0.5,-0.66869,180,0,0,1156525
0,-4,5,0.5,-0.66923,180,0,0,1156542
0,-4,5,0.5,-0.66977,180,0,0,1156558
0,-1,4,0.5,-0.669905,180,0,0,1156577
0,1,2,0.5,-0.66977,180,0,0,1156590
0,3,1,0.5,-0.669365,180,0,0,1156607
0,7,1,0.5,-0.66842,180,0,0,1156623
0,10,0,0.5,-0.66707,180,0,0,1156639
0,11,-1,0.5,-0.665585,180,0,0,1156658
0,9,-2,0.5,-0.66437,180,0,0,1156674
0,3,-1,0.5,-0.663965,180,0,0,1156690
0,-1,-2,0.5,-0.6641,180,0,0,1156708
0,-6,0,0.5,-0.66491,180,0,0,1156724
0,-3,3,0.5,-0.665315,180,0,0,1156740
0,2,5,0.5,-0.665045,180,0,0,1156758
0,11,6,0.5,-0.66356,180,0,0,1156775
0,43,12,0.5,-0.657755,180,0,0,1156793
0,32,6,0.5,-0.653435,180,0,0,1156808
0,36,6,0.5,-0.648575,180,0,0,1156825
0,39,6,0.5,-0.64331,180,0,0,1156843
0,35,5,0.5,-0.638585,180,0,0,1156858
0,31,5,0.5,-0.6344,180,0,0,1156875
0,27,4,0.5,-0.630755,180,0,0,1156891
0,24,3,0.5,-0.627515,180,0,0,1156907
0,24,3,0.5,-0.624275,180,0,0,1156925
0,21,4,0.5,-0.62144,180,0,0,1156941
0,18,5,0.5,-0.61901,180,0,0,1156959
0,15,6,0.5,-0.616985,180,0,0,1156975
0,13,6,0.5,-0.61523,180,0,0,1156991
0,10,5,0.5,-0.61388,180,0,0,1157008
0,7,5,0.5,-0.612935,180,0,0,1157026
0,2,5,0.5,-0.612665,180,0,0,1157040
0,-1,6,0.5,-0.6128,180,0,0,1157058
0,0,6,0.5,-0.6128,180,0,0,1157074
0,5,7,0.5,-0.612125,180,0,0,1157091
0,11,7,0.5,-0.61064,180,0,0,1157108
0,16,6,0.5,-0.60848,180,0,0,1157127
0,20,7,0.5,-0.60578,180,0,0,1157142
0,17,7,0.5,-0.603485,180,0,0,1157159
0,15,6,0.5,-0.60146,180,0,0,1157176
0,36,15,0.5,-0.5966,180,0,0,1157198
0,22,6,0.5,-0.59363,180,0,0,1157208
0,22,5,0.5,-0.59066,180,0,0,1157227
0,25,4,0.5,-0.587285,180,0,0,1157241
0,26,5,0.5,-0.583775,180,0,0,1157259
0,24,5,0.5,-0.580535,180,0,0,1157274
0,24,7,0.5,-0.577295,180,0,0,1157292
0,22,8,0.5,-0.574325,180,0,0,1157310
0,22,9,0.5,-0.571355,180,0,0,1157326
0,22,9,0.5,-0.568385,180,0,0,1157342
0,22,9,0.5,-0.565415,180,0,0,1157359
0,23,8,0.5,-0.56231,180,0,0,1157375
0,22,8,0.5,-0.55934,180,0,0,1157392
0,21,7,0.5,-0.556505,180,0,0,1157408
0,22,7,0.5,-0.553535,180,0,0,1157426
0,21,6,0.5,-0.5507,180,0,0,1157441
0,19,5,0.5,-0.548135,180,0,0,1157458
0,17,3,0.5,-0.54584,180,0,0,1157474
0,18,2,0.5,-0.54341,180,0,0,1157490
0,14,2,0.5,-0.54152,180,0,0,1157507
0,9,2,0.5,-0.540305,180,0,0,1157525
0,6,3,0.5,-0.539495,180,0,0,1157540
0,7,4,0.5,-0.53855,180,0,0,1157558
0,4,4,0.5,-0.53801,180,0,0,1157574
0,20,9,0.5,-0.53531,180,0,0,1157593
0,16,3,0.5,-0.53315,180,0,0,1157608
0,18,6,0.5,-0.53072,180,0,0,1157626
0,21,5,0.5,-0.527885,180,0,0,1157641
0,22,4,0.5,-0.524915,180,0,0,1157657
0,22,3,0.5,-0.521945,180,0,0,1157674
0,25,2,0.5,-0.51857,180,0,0,1157690
0,26,1,0.5,-0.51506,180,0,0,1157707
0,24,1,0.5,-0.51182,180,0,0,1157724
0,22,1,0.5,-0.50885,180,0,0,1157740
0,20,1,0.5,-0.50615,180,0,0,1157756
0,19,1,0.5,-0.503585,180,0,0,1157773
0,15,1,0.5,-0.50156,180,0,0,1157790
0,13,2,0.5,-0.499805,180,0,0,1157807
0,10,4,0.5,-0.498455,180,0,0,1157824
0,8,4,0.5,-0.497375,180,0,0,1157840
0,8,6,0.5,-0.496295,180,0,0,1157858
0,10,6,0.5,-0.494945,180,0,0,1157874
0,13,7,0.5,-0.49319,180,0,0,1157891
0,15,8,0.5,-0.491165,180,0,0,1157908
0,15,8,0.5,-0.48914,180,0,0,1157928
0,16,8,0.5,-0.48698,180,0,0,1157943
0,18,8,0.5,-0.48455,180,0,0,1157959
0,20,7,0.5,-0.48185,180,0,0,1157976
0,36,6,0.5,-0.47699,180,0,0,1157991
0,0,2,0.5,-0.47699,180,0,0,1158007
0,28,3,0.5,-0.47321,180,0,0,1158024
0,13,0,0.5,-0.471455,180,0,0,1158039
0,13,0,0.5,-0.4697,180,0,0,1158057
0,14,0,0.5,-0.46781,180,0,0,1158074
0,14,0,0.5,-0.46592,180,0,0,1158089
0,14,1,0.5,-0.46403,180,0,0,1158107
0,13,4,0.5,-0.462275,180,0,0,1158125
0,13,4,0.5,-0.46052,180,0,0,1158140
0,12,6,0.5,-0.4589,180,0,0,1158159
0,10,6,0.5,-0.45755,180,0,0,1158177
0,12,6,0.5,-0.45593,180,0,0,1158193
0,11,6,0.5,-0.454445,180,0,0,1158216
0,11,6,0.5,-0.45296,180,0,0,1158228
0,13,5,0.5,-0.451205,180,0,0,1158242
0,16,4,0.5,-0.449045,180,0,0,1158258
0,20,4,0.5,-0.446345,180,0,0,1158274
0,23,3,0.5,-0.44324,180,0,0,1158290
0,25,1,0.5,-0.439865,180,0,0,1158307
0,25,1,0.5,-0.43649,180,0,0,1158323
0,23,0,0.5,-0.433385,180,0,0,1158340
0,23,0,0.5,-0.43028,180,0,0,1158356
0,21,0,0.5,-0.427445,180,0,0,1158373
0,18,1,0.5,-0.425015,180,0,0,1158390
0,32,5,0.5,-0.420695,180,0,0,1158408
0,12,3,0.5,-0.419075,180,0,0,1158424
0,11,5,0.5,-0.41759,180,0,0,1158442
0,10,5,0.5,-0.41624,180,0,0,1158459
0,12,6,0.5,-0.41462,180,0,0,1158475
0,15,8,0.5,-0.412595,180,0,0,1158492
0,19,9,0.5,-0.41003,180,0,0,1158509
0,20,8,0.5,-0.40733,180,0,0,1158525
0,22,10,0.5,-0.40436,180,0,0,1158543
0,22,8,0.5,-0.40139,180,0,0,1158558
0,22,8,0.5,-0.39842,180,0,0,1158576
0,22,5,0.5,-0.39545,180,0,0,1158591
0,19,3,0.5,-0.392885,180,0,0,1158607
0,20,2,0.5,-0.390185,180,0,0,1158623
0,18,2,0.5,-0.387755,180,0,0,1158641
0,18,1,0.5,-0.385325,180,0,0,1158656
0,20,3,0.5,-0.382625,180,0,0,1158674
0,20,4,0.5,-0.379925,180,0,0,1158690
0,20,5,0.5,-0.377225,180,0,0,1158711
0,21,5,0.5,-0.37439,180,0,0,1158725
0,18,5,0.5,-0.37196,180,0,0,1158743
0,20,4,0.5,-0.36926,180,0,0,1158760
0,22,4,0.5,-0.36629,180,0,0,1158779
0,47,9,0.5,-0.359945,180,0,0,1158794
0,22,5,0.5,-0.356975,180,0,0,1158807
0,21,5,0.5,-0.35414,180,0,0,1158825
0,20,5,0.5,-0.35144,180,0,0,1158842
0,20,4,0.5,-0.34874,180,0,0,1158857
0,23,4,0.5,-0.345635,180,0,0,1158875
0,25,3,0.5,-0.34226,180,0,0,1158890
0,25,4,0.5,-0.338885,180,0,0,1158908
0,26,5,0.5,-0.335375,180,0,0,1158925
0,23,5,0.5,-0.33227,180,0,0,1158942
0,23,7,0.5,-0.329165,180,0,0,1158959
0,22,6,0.5,-0.326195,180,0,0,1158976
0,20,4,0.5,-0.323495,180,0,0,1158992
0,19,3,0.5,-0.32093,180,0,0,1159009
0,18,3,0.5,-0.3185,180,0,0,1159024
0,16,3,0.5,-0.31634,180,0,0,1159041
0,16,3,0.5,-0.31418,180,0,0,1159058
0,18,2,0.5,-0.31175,180,0,0,1159073
0,24,1,0.5,-0.30851,180,0,0,1159090
0,30,0,0.5,-0.30446,180,0,0,1159106
0,30,0,0.5,-0.30041,180,0,0,1159123
0,31,0,0.5,-0.296225,180,0,0,1159140
0,31,1,0.5,-0.29204,180,0,0,1159158
0,28,1,0.5,-0.28826,180,0,0,1159174
0,25,2,0.5,-0.284885,180,0,0,1159190
0,41,7,0.5,-0.27935,180,0,0,1159208
0,14,4,0.5,-0.27746,180,0,0,1159224
0,12,5,0.5,-0.27584,180,0,0,1159243
0,12,5,0.5,-0.27422,180,0,0,1159263
0,12,5,0.5,-0.2726,180,0,0,1159274
0,15,4,0.5,-0.270575,180,0,0,1159290
0,18,4,0.5,-0.268145,180,0,0,1159308
0,19,4,0.5,-0.26558,180,0,0,1159325
0,21,4,0.5,-0.262745,180,0,0,1159341
0,21,3,0.5,-0.25991,180,0,0,1159358
0,20,3,0.5,-0.25721,180,0,0,1159374
0,19,3,0.5,-0.254645,180,0,0,1159390
0,18,2,0.5,-0.252215,180,0,0,1159407
0,18,2,0.5,-0.249785,180,0,0,1159423
0,18,1,0.5,-0.247355,180,0,0,1159440
0,19,1,0.5,-0.24479,180,0,0,1159457
0,21,0,0.5,-0.241955,180,0,0,1159474
0,22,1,0.5,-0.238985,180,0,0,1159490
0,25,0,0.5,-0.23561,180,0,0,1159506
0,27,0,0.5,-0.231965,180,0,0,1159523
0,23,0,0.5,-0.22886,180,1,1,1159540
0,18,0,0.5,-0.22643,180,1,1,1159556
0,22,-1,0.5,-0.22346,180,1,1,1159575
0,0,0,0.5,-0.22346,180,0,0,1159590
0,5,-1,0.5,-0.222785,180,0,0,1159607
0,1,0,0.5,-0.22265,180,0,0,1159623
0,1,0,0.5,-0.222515,180,0,0,1159641
0,2,0,0.5,-0.222245,180,0,0,1159657
0,3,0,0.5,-0.22184,180,0,1,1159673
0,3,0,0.5,-0.221435,180,0,1,1159689
0,3,0,0.5,-0.22103,180,0,1,1159706
0,3,0,0.5,-0.220625,180,0,1,1159723
0,1,0,0.5,-0.22049,180,0,1,1159740
0,-3,0,0.5,-0.220895,180,0,1,1159756
0,-3,0,0.5,-0.2213,180,0,1,1159773
0,-4,0,0.5,-0.22184,180,0,1,1159789
0,-2,0,0.5,-0.22211,180,0,1,1159806
0,-1,0,0.5,-0.222245,180,0,1,1159823
0,0,0,0.5,-0.222245,180,0,0,1159839
0,1,0,0.5,-0.22211,180,0,0,1159856
0,3,0,0.5,-0.221705,180,0,0,1159873
0,2,1,0.5,-0.221435,180,0,0,1159890
0,2,1,0.5,-0.221165,180,0,1,1159906
0,2,1,0.5,-0.220895,180,0,1,1159923
0,2,1,0.5,-0.220625,180,0,1,1159940
0,2,1,0.5,-0.220355,180,0,0,1159957
0,2,1,0.5,-0.220085,180,0,0,1159973
0,2,1,0.5,-0.219815,180,0,0,1159991
0,5,2,0.5,-0.21914,180,0,0,1160007
0,3,1,0.5,-0.218735,180,0,1,1160024
0,2,1,0.5,-0.218465,180,0,1,1160040
0,3,1,0.5,-0.21806,180,0,1,1160057
0,1,1,0.5,-0.217925,180,0,0,1160073
0,0,1,0.5,-0.217925,180,0,0,1160090
0,1,0,0.5,-0.21779,180,0,0,1160106
0,1,1,0.5,-0.217655,180,0,0,1160124
0,1,0,0.5,-0.21752,180,0,1,1160140
0,1,0,0.5,-0.217385,180,0,1,1160156
0,1,0,0.5,-0.21725,180,0,1,1160173
0,1,0,0.5,-0.217115,180,0,0,1160190
0,1,0,0.5,-0.21698,180,0,0,1160206
0,0,0,0.5,-0.21698,180,0,0,1160223
0,0,0,0.5,-0.21698,180,0,0,1160239
0,2,0,0.5,-0.21671,180,0,0,1160256
0,1,0,0.5,-0.216575,180,0,1,1160273
0,2,0,0.5,-0.216305,180,0,1,1160289
0,1,0,0.5,-0.21617,180,0,1,1160306
0,1,0,0.5,-0.216035,180,0,0,1160323
0,1,0,0.5,-0.2159,180,0,0,1160339
0,0,0,0.5,-0.2159,180,0,0,1160356
0,0,0,0.5,-0.2159,180,0,0,1160372
0,0,0,0.5,-0.2159,180,0,1,1160389
0,1,0,0.5,-0.215765,180,0,1,1160406
0,0,0,0.5,-0.215765,180,0,1,1160422
0,1,0,0.5,-0.21563,180,0,0,1160439
0,0,0,0.5,-0.21563,180,0,0,1160456
0,0,0,0.5,-0.21563,180,0,0,1160472
0,0,0,0.5,-0.21563,180,0,0,1160489
0,0,-1,0.5,-0.21563,180,0,0,1160506
0,-1,0,0.5,-0.215765,180,0,1,1160524
0,0,0,0.5,-0.215765,180,0,1,1160539
0,1,0,0.5,-0.21563,180,0,1,1160558
0,1,0,0.5,-0.215495,180,0,1,1160574
0,0,0,0.5,-0.215495,180,0,0,1160589
0,0,0,0.5,-0.215495,180,0,0,1160606
0,0,0,0.5,-0.215495,180,0,0,1160622
0,0,0,0.5,-0.215495,180,0,0,1160639
0,0,0,0.5,-0.215495,180,0,0,1160657
0,-1,-1,0.5,-0.21563,180,0,1,1160673
0,0,-1,0.5,-0.21563,180,0,1,1160689
0,0,-1,0.5,-0.21563,180,0,1,1160706
0,0,-1,0.5,-0.21563,180,0,0,1160723
0,0,-1,0.5,-0.21563,180,0,0,1160740
0,0,-2,0.5,-0.21563,180,0,0,1160757
0,0,0,0.5,-0.21563,180,0,0,1160773
0,0,-1,0.5,-0.21563,180,0,0,1160790
0,1,-2,0.5,-0.215495,180,0,1,1160808
0,1,-1,0.5,-0.21536,180,0,1,1160823
0,0,-1,0.5,-0.21536,180,0,1,1160839
0,2,-1,0.5,-0.21509,180,0,1,1160857
0,0,-1,0.5,-0.21509,180,0,0,1160873
0,1,-1,0.5,-0.214955,180,0,0,1160890
0,0,-1,0.5,-0.214955,180,0,0,1160906
0,1,-1,0.5,-0.21482,180,0,0,1160924
0,2,-2,0.5,-0.21455,180,0,0,1160940
0,2,-1,0.5,-0.21428,180,0,1,1160959
0,1,-1,0.5,-0.214145,180,0,1,1160973
0,1,0,0.5,-0.21401,180,0,1,1160989
0,0,0,0.5,-0.21401,180,0,1,1161006
0,0,0,0.5,-0.21401,180,0,0,1161023
0,-2,-1,0.5,-0.21428,180,0,0,1161040
0,-2,-1,0.5,-0.21455,180,0,0,1161057
0,-1,-1,0.5,-0.214685,180,0,0,1161073
0,-1,-1,0.5,-0.21482,180,0,0,1161093
0,-1,-1,0.5,-0.214955,180,0,1,1161109
0,0,-1,0.5,-0.214955,180,0,1,1161123
0,1,-1,0.5,-0.21482,180,0,1,1161140
0,0,0,0.5,-0.21482,180,0,1,1161156
0,1,0,0.5,-0.214685,180,0,0,1161173
0,1,-2,0.5,-0.21455,180,0,0,1161190
0,0,-1,0.5,-0.21455,180,0,0,1161206
0,-1,-2,0.5,-0.214685,180,0,0,1161223
0,-2,-2,0.5,-0.214955,180,0,0,1161241
0,-2,-2,0.5,-0.215225,180,0,1,1161258
0,-1,-2,0.5,-0.21536,180,0,1,1161273
0,-1,-1,0.5,-0.215495,180,0,1,1161291
0,0,-1,0.5,-0.215495,180,0,1,1161307
0,0,0,0.5,-0.215495,180,0,0,1161323
0,1,-1,0.5,-0.21536,180,0,0,1161341
0,0,-1,0.5,-0.21536,180,0,0,1161357
0,1,-1,0.5,-0.215225,180,0,0,1161373
0,0,-1,0.5,-0.215225,180,0,0,1161391
0,2,-1,0.5,-0.214955,180,0,1,1161408
0,2,-1,0.5,-0.214685,180,0,1,1161423
0,3,-1,0.5,-0.21428,180,0,1,1161441
0,1,-1,0.5,-0.214145,180,0,1,1161458
0,2,-1,0.5,-0.213875,180,0,0,1161473
0,0,-1,0.5,-0.213875,180,0,0,1161493
0,-1,-1,0.5,-0.21401,180,0,0,1161509
0,-2,-1,0.5,-0.21428,180,0,0,1161523
0,-2,-1,0.5,-0.21455,180,0,0,1161540
0,-2,-1,0.5,-0.21482,180,0,1,1161558
0,-3,-2,0.5,-0.215225,180,0,1,1161573
0,-1,-1,0.5,-0.21536,180,0,1,1161590
0,-1,-1,0.5,-0.215495,180,0,1,1161607
0,0,-1,0.5,-0.215495,180,0,0,1161623
0,-1,-1,0.5,-0.21563,180,0,0,1161642
0,0,-1,0.5,-0.21563,180,0,0,1161657
0,0,-1,0.5,-0.21563,180,0,0,1161673
0,-1,-1,0.5,-0.215765,180,0,0,1161690
0,0,-1,0.5,-0.215765,180,0,0,1161707
0,0,0,0.5,-0.215765,180,0,0,1161722
0,0,-1,0.5,-0.215765,180,0,1,1161740
0,0,-1,0.5,-0.215765,180,0,1,1161756
0,-1,0,0.5,-0.2159,180,0,1,1161773
0,0,-1,0.5,-0.2159,180,0,1,1161791
0,-1,0,0.5,-0.216035,180,0,0,1161806
0,0,-1,0.5,-0.216035,180,0,0,1161823
0,0,0,0.5,-0.216035,180,0,0,1161839
0,-1,-1,0.5,-0.21617,180,0,0,1161857
0,0,0,0.5,-0.21617,180,0,0,1161872
0,-2,-1,0.5,-0.21644,180,0,0,1161889
0,0,0,0.5,-0.21644,180,0,1,1161906
0,-1,-1,0.5,-0.216575,180,0,1,1161923
0,0,0,0.5,-0.216575,180,0,1,1161939
0,1,-1,0.5,-0.21644,180,0,1,1161956
0,0,0,0.5,-0.21644,180,0,0,1161973
0,0,0,0.5,-0.21644,180,0,0,1161989
0,0,0,0.5,-0.21644,180,0,0,1162006
0,0,0,0.5,-0.21644,180,0,0,1162023
0,-1,0,0.5,-0.216575,180,0,0,1162040
0,0,0,0.5,-0.216575,180,0,0,1162056
0,0,0,0.5,-0.216575,180,0,0,1162072
0,0,0,0.5,-0.216575,180,0,1,1162089
0,-1,0,0.5,-0.21671,180,0,1,1162106
0,0,0,0.5,-0.21671,180,0,1,1162122
0,0,0,0.5,-0.21671,180,0,1,1162139
0,0,0,0.5,-0.21671,180,0,0,1162156
0,0,0,0.5,-0.21671,180,0,0,1162172
0,0,0,0.5,-0.21671,180,0,0,1162189
0,0,0,0.5,-0.21671,180,0,0,1162206
0,0,0,0.5,-0.21671,180,0,0,1162222
0,0,0,0.5,-0.21671,180,0,0,1162239
0,0,0,0.5,-0.21671,180,0,0,1162256
0,0,0,0.5,-0.21671,180,0,1,1162273
0,0,0,0.5,-0.21671,180,0,1,1162289
0,0,0,0.5,-0.21671,180,0,1,1162306
0,0,0,0.5,-0.21671,180,0,1,1162322
0,0,0,0.5,-0.21671,180,0,0,1162339
0,0,0,0.5,-0.21671,180,0,0,1162356
0,0,0,0.5,-0.21671,180,0,0,1162372
0,0,0,0.5,-0.21671,180,0,0,1162389
0,0,0,0.5,-0.21671,180,0,0,1162406
0,0,0,0.5,-0.21671,180,0,0,1162422
0,0,0,0.5,-0.21671,180,0,0,1162439
0,0,0,0.5,-0.21671,180,0,0,1162456
0,0,0,0.5,-0.21671,180,0,0,1162472
0,0,0,0.5,-0.21671,180,0,0,1162489
0,0,0,0.5,-0.21671,180,0,0,1162506
0,0,0,0.5,-0.21671,180,0,1,1162523
0,0,0,0.5,-0.21671,180,0,1,1162539
0,0,0,0.5,-0.21671,180,0,0,1162556
0,1,0,0.5,-0.216575,180,0,0,1162573
0,0,0,0.5,-0.216575,180,0,0,1162589
0,0,0,0.5,-0.216575,180,0,0,1162606
0,0,0,0.5,-0.216575,180,0,0,1162623
0,0,0,0.5,-0.216575,180,0,0,1162639
0,0,0,0.5,-0.216575,180,0,0,1162657
0,0,0,0.5,-0.216575,180,0,0,1162673
0,0,0,0.5,-0.216575,180,0,0,1162689
0,0,0,0.5,-0.216575,180,0,0,1162706
0,0,1,0.5,-0.216575,180,0,0,1162723
0,0,0,0.5,-0.216575,180,0,0,1162739
0,0,0,0.5,-0.216575,180,0,0,1162756
0,0,0,0.5,-0.216575,180,0,0,1162772
0,1,0,0.5,-0.21644,180,0,0,1162790
0,0,0,0.5,-0.21644,180,0,0,1162806
0,0,0,0.5,-0.21644,180,0,0,1162822
0,1,0,0.5,-0.216305,180,0,0,1162839
0,1,0,0.5,-0.21617,180,0,0,1162856
0,0,0,0.5,-0.21617,180,0,0,1162872
0,0,0,0.5,-0.21617,180,0,0,1162889
0,0,0,0.5,-0.21617,180,0,0,1162906
0,0,0,0.5,-0.21617,180,0,0,1162922
0,0,0,0.5,-0.21617,180,0,0,1162939
0,0,0,0.5,-0.21617,180,0,0,1162956
0,1,0,0.5,-0.216035,180,0,0,1162972
0,0,0,0.5,-0.216035,180,0,0,1162989
0,0,0,0.5,-0.216035,180,0,0,1163006
0,1,0,0.5,-0.2159,180,0,0,1163022
0,0,0,0.5,-0.2159,180,0,0,1163039
0,0,0,0.5,-0.2159,180,0,0,1163056
0,0,0,0.5,-0.2159,180,0,0,1163072
0,0,0,0.5,-0.2159,180,0,0,1163089
0,1,0,0.5,-0.215765,180,0,0,1163106
0,0,0,0.5,-0.215765,180,0,0,1163122
0,0,0,0.5,-0.215765,180,0,0,1163139
0,2,0,0.5,-0.215495,180,0,0,1163157
0,0,0,0.5,-0.215495,180,0,0,1163172
0,0,0,0.5,-0.215495,180,0,0,1163189
0,0,0,0.5,-0.215495,180,0,0,1163206
0,0,0,0.5,-0.215495,180,0,0,1163222
0,0,0,0.5,-0.215495,180,0,0,1163239
0,0,0,0.5,-0.215495,180,0,0,1163256
0,0,0,0.5,-0.215495,180,0,0,1163272
0,0,0,0.5,-0.215495,180,0,0,1163289
0,0,0,0.5,-0.215495,180,0,0,1163306
0,1,0,0.5,-0.21536,180,0,0,1163322
0,0,0,0.5,-0.21536,180,0,0,1163339
0,0,0,0.5,-0.21536,180,0,0,1163356
0,1,0,0.5,-0.215225,180,0,0,1163372
0,0,0,0.5,-0.215225,180,0,0,1163389
0,1,0,0.5,-0.21509,180,0,0,1163406
0,0,0,0.5,-0.21509,180,0,0,1163422
0,1,0,0.5,-0.214955,180,0,0,1163439
0,0,0,0.5,-0.214955,180,0,0,1163457
0,0,0,0.5,-0.214955,180,0,0,1163472
0,0,0,0.5,-0.214955,180,0,0,1163489
0,0,0,0.5,-0.214955,180,0,0,1163506
0,0,0,0.5,-0.214955,180,0,0,1163522
0,-1,0,0.5,-0.21509,180,0,0,1163539
0,0,0,0.5,-0.21509,180,0,0,1163556
0,1,0,0.5,-0.214955,180,0,0,1163573
0,0,0,0.5,-0.214955,180,0,0,1163589
0,1,0,0.5,-0.21482,180,0,0,1163608
0,1,0,0.5,-0.214685,180,0,0,1163624
0,0,0,0.5,-0.214685,180,0,0,1163639
0,0,0,0.5,-0.214685,180,0,0,1163656
0,1,0,0.5,-0.21455,180,0,0,1163673
0,0,0,0.5,-0.21455,180,0,0,1163689
0,0,0,0.5,-0.21455,180,0,0,1163706
0,1,0,0.5,-0.214415,180,0,0,1163723
0,0,0,0.5,-0.214415,180,0,0,1163739
0,1,0,0.5,-0.21428,180,0,0,1163756
0,0,0,0.5,-0.21428,180,0,0,1163772
0,0,0,0.5,-0.21428,180,0,0,1163789
0,0,0,0.5,-0.21428,180,0,0,1163806
0,0,0,0.5,-0.21428,180,0,0,1163822
0,0,0,0.5,-0.21428,180,0,0,1163839
0,0,0,0.5,-0.21428,180,0,0,1163856
0,0,0,0.5,-0.21428,180,0,0,1163872
0,0,0,0.5,-0.21428,180,0,0,1163889
0,0,0,0.5,-0.21428,180,0,0,1163906
0,0,0,0.5,-0.21428,180,0,0,1163922
0,0,0,0.5,-0.21428,180,0,0,1163939
0,1,0,0.5,-0.214145,180,0,0,1163956
0,0,0,0.5,-0.214145,180,0,0,1163972
0,0,0,0.5,-0.214145,180,0,0,1163989
0,1,0,0.5,-0.21401,180,0,0,1164006
0,0,0,0.5,-0.21401,180,0,0,1164022
0,0,0,0.5,-0.21401,180,0,0,1164039
0,0,0,0.5,-0.21401,180,0,0,1164056
0,0,0,0.5,-0.21401,180,0,0,1164072
0,0,0,0.5,-0.21401,180,0,0,1164089
0,0,0,0.5,-0.21401,180,0,0,1164106
0,0,0,0.5,-0.21401,180,0,0,1164122
0,0,0,0.5,-0.21401,180,0,0,1164139
0,0,0,0.5,-0.21401,180,0,0,1164156
0,0,0,0.5,-0.21401,180,0,0,1164172
0,0,0,0.5,-0.21401,180,0,0,1164189
0,0,0,0.5,-0.21401,180,0,0,1164206
0,0,0,0.5,-0.21401,180,0,0,1164222
0,0,0,0.5,-0.21401,180,0,0,1164239
0,0,0,0.5,-0.21401,180,0,0,1164256
0,0,0,0.5,-0.21401,180,0,0,1164272
0,0,0,0.5,-0.21401,180,0,0,1164289
0,0,0,0.5,-0.21401,180,0,0,1164306
0,0,0,0.5,-0.21401,180,0,0,1164322
0,0,0,0.5,-0.21401,180,0,0,1164339
0,0,0,0.5,-0.21401,180,0,0,1164356
0,0,0,0.5,-0.21401,180,0,0,1164372
0,0,0,0.5,-0.21401,180,0,0,1164389
0,0,0,0.5,-0.21401,180,0,0,1164406
0,0,-1,0.5,-0.21401,180,0,0,1164423
0,0,0,0.5,-0.21401,180,0,0,1164439
0,0,0,0.5,-0.21401,180,0,0,1164456
0,0,0,0.5,-0.21401,180,0,0,1164473
0,0,0,0.5,-0.21401,180,0,0,1164489
0,0,0,0.5,-0.21401,180,0,0,1164506
0,-1,0,0.5,-0.214145,180,0,0,1164523
0,0,0,0.5,-0.214145,180,0,0,1164539
0,0,0,0.5,-0.214145,180,0,0,1164556
0,0,0,0.5,-0.214145,180,0,0,1164572
0,0,0,0.5,-0.214145,180,0,0,1164589
0,0,0,0.5,-0.214145,180,0,0,1164606
0,0,0,0.5,-0.214145,180,0,0,1164622
0,0,0,0.5,-0.214145,180,0,0,1164640
0,0,0,0.5,-0.214145,180,0,0,1164657
0,0,0,0.5,-0.214145,180,0,0,1164672
0,0,0,0.5,-0.214145,180,0,0,1164689
0,0,0,0.5,-0.214145,180,0,0,1164706
0,-1,0,0.5,-0.21428,180,0,0,1164723
0,0,0,0.5,-0.21428,180,0,0,1164739
0,0,0,0.5,-0.21428,180,0,0,1164756
0,0,0,0.5,-0.21428,180,0,0,1164772
0,0,0,0.5,-0.21428,180,0,0,1164789
0,0,0,0.5,-0.21428,180,0,0,1164806
0,0,0,0.5,-0.21428,180,0,0,1164822
0,0,0,0.5,-0.21428,180,0,0,1164839
0,0,0,0.5,-0.21428,180,0,0,1164856
0,0,0,0.5,-0.21428,180,0,0,1164872
0,0,0,0.5,-0.21428,180,0,0,1164889
0,0,0,0.5,-0.21428,180,0,0,1164906
0,0,0,0.5,-0.21428,180,0,0,1164922
0,0,0,0.5,-0.21428,180,0,0,1164939
0,0,0,0.5,-0.21428,180,0,0,1164956
0,0,0,0.5,-0.21428,180,0,0,1164972
0,0,0,0.5,-0.21428,180,0,0,1164989
0,0,0,0.5,-0.21428,180,0,0,1165005
0,0,0,0.5,-0.21428,180,0,0,1165022
0,-1,0,0.5,-0.214415,180,0,0,1165039
0,0,0,0.5,-0.214415,180,0,0,1165055
0,0,0,0.5,-0.214415,180,0,0,1165072
0,0,0,0.5,-0.214415,180,0,0,1165089
0,0,0,0.5,-0.214415,180,0,0,1165105
0,0,0,0.5,-0.214415,180,0,0,1165122
0,0,0,0.5,-0.214415,180,0,0,1165139
0,0,0,0.5,-0.214415,180,0,0,1165155
0,0,0,0.5,-0.214415,180,0,0,1165172
0,0,0,0.5,-0.214415,180,0,0,1165189
0,0,0,0.5,-0.214415,180,0,0,1165206
0,0,0,0.5,-0.214415,180,0,0,1165222
0,0,0,0.5,-0.214415,180,0,0,1165239
0,0,0,0.5,-0.214415,180,0,0,1165255
0,0,0,0.5,-0.214415,180,0,0,1165272
0,0,0,0.5,-0.214415,180,0,0,1165289
0,0,0,0.5,-0.214415,180,0,0,1165305
0,0,0,0.5,-0.214415,180,0,0,1165322
0,0,0,0.5,-0.214415,180,0,0,1165339
0,-1,0,0.5,-0.21455,180,0,0,1165356
0,0,0,0.5,-0.21455,180,0,0,1165372
0,0,0,0.5,-0.21455,180,0,0,1165389
0,0,0,0.5,-0.21455,180,0,0,1165406
0,0,0,0.5,-0.21455,180,0,0,1165422
0,0,0,0.5,-0.21455,180,0,0,1165439
0,0,0,0.5,-0.21455,180,0,0,1165455
0,0,0,0.5,-0.21455,180,0,0,1165472
0,0,0,0.5,-0.21455,180,0,0,1165489
0,0,0,0.5,-0.21455,180,0,0,1165505
0,0,0,0.5,-0.21455,180,0,0,1165522
0,0,0,0.5,-0.21455,180,0,0,1165539
0,0,0,0.5,-0.21455,180,0,0,1165555
0,0,0,0.5,-0.21455,180,0,0,1165572
0,0,0,0.5,-0.21455,180,0,0,1165589
0,0,0,0.5,-0.21455,180,0,0,1165605
0,0,0,0.5,-0.21455,180,0,0,1165622
0,-1,0,0.5,-0.214685,180,0,0,1165639
0,0,0,0.5,-0.214685,180,0,0,1165656
0,0,0,0.5,-0.214685,180,0,0,1165672
0,0,0,0.5,-0.214685,180,0,0,1165689
0,0,0,0.5,-0.214685,180,0,0,1165706
0,0,0,0.5,-0.214685,180,0,0,1165722
0,0,0,0.5,-0.214685,180,0,0,1165739
0,0,0,0.5,-0.214685,180,0,0,1165756
0,0,0,0.5,-0.214685,180,0,0,1165772
0,0,0,0.5,-0.214685,180,0,0,1165789
0,0,0,0.5,-0.214685,180,0,0,1165806
0,0,0,0.5,-0.214685,180,0,0,1165822
0,0,0,0.5,-0.214685,180,0,0,1165839
0,0,0,0.5,-0.214685,180,0,0,1165856
0,0,0,0.5,-0.214685,180,0,0,1165872
0,0,0,0.5,-0.214685,180,0,0,1165889
0,0,0,0.5,-0.214685,180,0,0,1165906
0,0,0,0.5,-0.214685,180,0,0,1165922
0,0,0,0.5,-0.214685,180,0,0,1165939
0,0,0,0.5,-0.214685,180,0,0,1165956
0,0,0,0.5,-0.214685,180,0,0,1165972
0,0,0,0.5,-0.214685,180,0,0,1165989
0,0,0,0.5,-0.214685,180,0,0,1166006
0,0,0,0.5,-0.214685,180,0,0,1166022
0,0,0,0.5,-0.214685,180,0,0,1166039
0,0,0,0.5,-0.214685,180,0,0,1166056
0,0,0,0.5,-0.214685,180,0,0,1166072
0,1,0,0.5,-0.21455,180,0,0,1166089
0,0,0,0.5,-0.21455,180,0,0,1166106
0,0,0,0.5,-0.21455,180,0,0,1166122
0,0,0,0.5,-0.21455,180,0,0,1166139
0,0,0,0.5,-0.21455,180,0,0,1166156
0,0,0,0.5,-0.21455,180,0,0,1166172
0,0,0,0.5,-0.21455,180,0,0,1166189
0,0,0,0.5,-0.21455,180,0,0,1166206
0,0,0,0.5,-0.21455,180,0,0,1166222
0,0,0,0.5,-0.21455,180,0,0,1166239
0,0,0,0.5,-0.21455,180,0,0,1166256
0,0,0,0.5,-0.21455,180,0,0,1166272
0,0,0,0.5,-0.21455,180,0,0,1166289
0,0,0,0.5,-0.21455,180,0,0,1166306
0,0,0,0.5,-0.21455,180,0,0,1166322
0,0,0,0.5,-0.21455,180,0,0,1166339
0,0,0,0.5,-0.21455,180,0,0,1166356
0,0,0,0.5,-0.21455,180,0,0,1166372
0,0,0,0.5,-0.21455,180,0,0,1166389
0,0,0,0.5,-0.21455,180,0,0,1166406
0,0,0,0.5,-0.21455,180,0,0,1166422
0,0,0,0.5,-0.21455,180,0,0,1166439
0,0,0,0.5,-0.21455,180,0,0,1166456
0,0,0,0.5,-0.21455,180,0,0,1166472
0,0,0,0.5,-0.21455,180,0,0,1166489
0,0,0,0.5,-0.21455,180,0,0,1166506
0,0,0,0.5,-0.21455,180,0,0,1166522
0,0,0,0.5,-0.21455,180,0,0,1166539
0,0,0,0.5,-0.21455,180,0,0,1166556
0,0,0,0.5,-0.21455,180,0,0,1166572
0,0,0,0.5,-0.21455,180,0,0,1166589
0,0,0,0.5,-0.21455,180,0,0,1166606
0,0,0,0.5,-0.21455,180,0,0,1166622
0,0,0,0.5,-0.21455,180,0,0,1166639
0,0,0,0.5,-0.21455,180,0,0,1166656
0,0,0,0.5,-0.21455,180,0,0,1166672
0,0,0,0.5,-0.21455,180,0,0,1166689
0,0,0,0.5,-0.21455,180,0,0,1166706
0,0,0,0.5,-0.21455,180,0,0,1166722
0,0,0,0.5,-0.21455,180,0,0,1166739
0,0,0,0.5,-0.21455,180,0,0,1166757
0,0,0,0.5,-0.21455,180,0,0,1166772
0,0,0,0.5,-0.21455,180,0,0,1166789
0,1,0,0.5,-0.214415,180,0,0,1166806
0,0,0,0.5,-0.214415,180,0,0,1166822
0,0,0,0.5,-0.214415,180,0,0,1166839
0,0,0,0.5,-0.214415,180,0,0,1166856
0,0,0,0.5,-0.214415,180,0,0,1166872
0,0,0,0.5,-0.214415,180,0,0,1166889
0,0,0,0.5,-0.214415,180,0,0,1166906
0,0,0,0.5,-0.214415,180,0,0,1166922
0,0,0,0.5,-0.214415,180,0,0,1166939
0,0,0,0.5,-0.214415,180,0,0,1166956
0,0,0,0.5,-0.214415,180,0,0,1166972
0,0,0,0.5,-0.214415,180,0,0,1166989
0,0,0,0.5,-0.214415,180,0,0,1167007
0,0,0,0.5,-0.214415,180,0,0,1167022
0,0,0,0.5,-0.214415,180,0,0,1167039
0,0,0,0.5,-0.214415,180,0,0,1167056
0,0,0,0.5,-0.214415,180,0,0,1167072
0,0,0,0.5,-0.214415,180,0,0,1167089
0,0,0,0.5,-0.214415,180,0,0,1167106
0,0,0,0.5,-0.214415,180,0,0,1167122
0,0,0,0.5,-0.214415,180,0,0,1167139
0,0,0,0.5,-0.214415,180,0,0,1167157
0,0,0,0.5,-0.214415,180,0,0,1167172
0,0,0,0.5,-0.214415,180,0,0,1167189
0,0,0,0.5,-0.214415,180,0,0,1167206
0,0,0,0.5,-0.214415,180,0,0,1167222
0,0,0,0.5,-0.214415,180,0,0,1167239
0,0,0,0.5,-0.214415,180,0,0,1167256
0,0,0,0.5,-0.214415,180,0,0,1167272
0,0,0,0.5,-0.214415,180,0,0,1167289
0,0,0,0.5,-0.214415,180,0,0,1167307
0,0,0,0.5,-0.214415,180,0,0,1167322
0,0,0,0.5,-0.214415,180,0,0,1167339
0,0,0,0.5,-0.214415,180,0,0,1167356
0,0,0,0.5,-0.214415,180,0,0,1167372
0,0,0,0.5,-0.214415,180,0,0,1167389
0,0,0,0.5,-0.214415,180,0,0,1167406
0,0,0,0.5,-0.214415,180,0,0,1167423
0,0,0,0.5,-0.214415,180,0,0,1167439
0,0,0,0.5,-0.214415,180,0,0,1167456
0,0,0,0.5,-0.214415,180,0,0,1167473
0,0,0,0.5,-0.214415,180,0,0,1167489
0,0,0,0.5,-0.214415,180,0,0,1167506
0,0,0,0.5,-0.214415,180,0,0,1167523
0,0,0,0.5,-0.214415,180,0,0,1167539
0,0,0,0.5,-0.214415,180,0,0,1167556
0,0,0,0.5,-0.214415,180,0,0,1167573
0,1,0,0.5,-0.21428,180,0,0,1167589
0,0,0,0.5,-0.21428,180,0,0,1167606
0,0,0,0.5,-0.21428,180,0,0,1167623
0,0,0,0.5,-0.21428,180,0,0,1167639
0,0,0,0.5,-0.21428,180,0,0,1167656
0,0,0,0.5,-0.21428,180,0,0,1167672
0,0,0,0.5,-0.21428,180,0,0,1167689
0,0,0,0.5,-0.21428,180,0,0,1167706
0,0,0,0.5,-0.21428,180,0,0,1167722
0,0,0,0.5,-0.21428,180,0,0,1167741
0,0,0,0.5,-0.21428,180,0,0,1167755
0,0,0,0.5,-0.21428,180,0,0,1167772
0,0,0,0.5,-0.21428,180,0,0,1167789
0,0,0,0.5,-0.21428,180,0,0,1167805
0,0,0,0.5,-0.21428,180,0,0,1167822
0,0,0,0.5,-0.21428,180,0,0,1167839
0,0,0,0.5,-0.21428,180,0,0,1167856
0,0,0,0.5,-0.21428,180,0,0,1167872
0,0,0,0.5,-0.21428,180,0,0,1167889
0,0,0,0.5,-0.21428,180,0,0,1167906
0,0,0,0.5,-0.21428,180,0,0,1167922
0,0,0,0.5,-0.21428,180,0,0,1167939
0,0,0,0.5,-0.21428,180,0,0,1167956
0,0,0,0.5,-0.21428,180,0,0,1167972
0,0,0,0.5,-0.21428,180,0,0,1167989
0,0,0,0.5,-0.21428,180,0,0,1168006
0,0,0,0.5,-0.21428,180,0,0,1168022
0,0,0,0.5,-0.21428,180,0,0,1168039
0,0,0,0.5,-0.21428,180,0,0,1168055
0,0,0,0.5,-0.21428,180,0,0,1168072
0,0,0,0.5,-0.21428,180,0,0,1168089
0,0,0,0.5,-0.21428,180,0,0,1168105
0,0,0,0.5,-0.21428,180,0,0,1168122
0,0,0,0.5,-0.21428,180,0,0,1168139
0,0,0,0.5,-0.21428,180,0,0,1168156
0,0,0,0.5,-0.21428,180,0,0,1168172
0,0,0,0.5,-0.21428,180,0,0,1168189
0,0,0,0.5,-0.21428,180,0,0,1168205
0,0,0,0.5,-0.21428,180,0,0,1168222
0,0,0,0.5,-0.21428,180,0,0,1168239
0,0,0,0.5,-0.21428,180,0,0,1168256
0,0,0,0.5,-0.21428,180,0,0,1168272
0,0,0,0.5,-0.21428,180,0,0,1168289
0,0,0,0.5,-0.21428,180,0,0,1168306
0,0,0,0.5,-0.21428,180,0,0,1168322
0,0,0,0.5,-0.21428,180,0,0,1168339
0,0,0,0.5,-0.21428,180,0,0,1168355
0,0,0,0.5,-0.21428,180,0,0,1168372
0,0,0,0.5,-0.21428,180,0,0,1168389
0,0,0,0.5,-0.21428,180,0,0,1168406
0,0,0,0.5,-0.21428,180,0,0,1168422
0,0,0,0.5,-0.21428,180,0,0,1168439
0,0,0,0.5,-0.21428,180,0,0,1168456
0,0,0,0.5,-0.21428,180,0,0,1168472
0,0,0,0.5,-0.21428,180,0,0,1168489
0,0,0,0.5,-0.21428,180,0,0,1168506
0,0,0,0.5,-0.21428,180,0,0,1168522
0,0,0,0.5,-0.21428,180,0,0,1168539
0,0,0,0.5,-0.21428,180,0,0,1168555
0,0,0,0.5,-0.21428,180,0,0,1168572
0,0,0,0.5,-0.21428,180,0,0,1168589
0,0,0,0.5,-0.21428,180,0,0,1168606
0,0,0,0.5,-0.21428,180,0,0,1168623
0,0,0,0.5,-0.21428,180,0,0,1168639
0,0,0,0.5,-0.21428,180,0,0,1168656
0,0,0,0.5,-0.21428,180,0,0,1168672
0,0,0,0.5,-0.21428,180,0,0,1168689
0,0,0,0.5,-0.21428,180,0,0,1168707
0,0,0,0.5,-0.21428,180,0,0,1168722
0,0,0,0.5,-0.21428,180,0,0,1168739
0,0,0,0.5,-0.21428,180,0,0,1168756
0,0,0,0.5,-0.21428,180,0,0,1168772
0,1,0,0.5,-0.214145,180,0,0,1168790
0,0,0,0.5,-0.214145,180,0,0,1168806
0,0,0,0.5,-0.214145,180,0,0,1168822
0,0,0,0.5,-0.214145,180,0,0,1168839
0,0,0,0.5,-0.214145,180,0,0,1168855
0,0,0,0.5,-0.214145,180,0,0,1168872
0,0,0,0.5,-0.214145,180,0,0,1168889
0,0,0,0.5,-0.214145,180,0,0,1168905
0,0,0,0.5,-0.214145,180,0,0,1168922
0,0,0,0.5,-0.214145,180,0,0,1168939
0,0,0,0.5,-0.214145,180,0,0,1168956
0,0,0,0.5,-0.214145,180,0,0,1168972
0,0,0,0.5,-0.214145,180,0,0,1168989
0,0,0,0.5,-0.214145,180,0,0,1169006
0,0,0,0.5,-0.214145,180,0,0,1169022
0,0,0,0.5,-0.214145,180,0,0,1169039
0,0,0,0.5,-0.214145,180,0,0,1169055
0,0,0,0.5,-0.214145,180,0,0,1169072
0,0,0,0.5,-0.214145,180,0,0,1169090
0,0,0,0.5,-0.214145,180,0,0,1169105
0,0,0,0.5,-0.214145,180,0,0,1169122
0,0,0,0.5,-0.214145,180,0,0,1169139
0,0,0,0.5,-0.214145,180,0,0,1169156
0,0,0,0.5,-0.214145,180,0,0,1169172
0,0,0,0.5,-0.214145,180,0,0,1169189
0,0,0,0.5,-0.214145,180,0,0,1169206
0,0,0,0.5,-0.214145,180,0,0,1169222
0,0,0,0.5,-0.214145,180,0,0,1169239
0,0,0,0.5,-0.214145,180,0,0,1169256
0,0,0,0.5,-0.214145,180,0,0,1169272
0,0,0,0.5,-0.214145,180,0,0,1169289
0,0,0,0.5,-0.214145,180,0,0,1169306
0,0,0,0.5,-0.214145,180,0,0,1169322
0,0,0,0.5,-0.214145,180,0,0,1169339
0,0,0,0.5,-0.214145,180,0,0,1169355
0,0,0,0.5,-0.214145,180,0,0,1169372
0,0,0,0.5,-0.214145,180,0,0,1169389
0,0,0,0.5,-0.214145,180,0,0,1169405
0,0,0,0.5,-0.214145,180,0,0,1169422
0,0,0,0.5,-0.214145,180,0,0,1169439
0,0,0,0.5,-0.214145,180,0,0,1169456
0,0,0,0.5,-0.214145,180,0,0,1169472
0,0,0,0.5,-0.214145,180,0,0,1169489
0,0,0,0.5,-0.214145,180,0,0,1169506
0,0,0,0.5,-0.214145,180,0,0,1169522
0,0,0,0.5,-0.214145,180,0,0,1169539
0,0,0,0.5,-0.214145,180,0,0,1169556
0,1,0,0.5,-0.21401,180,0,0,1169572
0,0,0,0.5,-0.21401,180,0,0,1169589
0,0,0,0.5,-0.21401,180,0,0,1169606
0,0,0,0.5,-0.21401,180,0,0,1169622
0,0,0,0.5,-0.21401,180,0,0,1169639
0,0,0,0.5,-0.21401,180,0,0,1169656
0,0,0,0.5,-0.21401,180,0,0,1169672
0,0,0,0.5,-0.21401,180,0,0,1169689
0,0,0,0.5,-0.21401,180,0,0,1169706
0,0,0,0.5,-0.21401,180,0,0,1169722
0,0,0,0.5,-0.21401,180,0,0,1169739
0,0,0,0.5,-0.21401,180,0,0,1169757
0,0,0,0.5,-0.21401,180,0,0,1169772
0,0,0,0.5,-0.21401,180,0,0,1169789
0,0,0,0.5,-0.21401,180,0,0,1169806
0,0,0,0.5,-0.21401,180,0,0,1169822
0,0,0,0.5,-0.21401,180,0,0,1169839
0,0,0,0.5,-0.21401,180,0,0,1169855
0,0,0,0.5,-0.21401,180,0,0,1169872
0,0,0,0.5,-0.21401,180,0,0,1169889
0,0,0,0.5,-0.21401,180,0,0,1169906
0,0,0,0.5,-0.21401,180,0,0,1169922
0,0,0,0.5,-0.21401,180,0,0,1169939
0,0,0,0.5,-0.21401,180,0,0,1169956
0,0,0,0.5,-0.21401,180,0,0,1169972
0,0,0,0.5,-0.21401,180,0,0,1169989
0,0,0,0.5,-0.21401,180,0,0,1170006
0,0,0,0.5,-0.21401,180,0,0,1170022
0,0,0,0.5,-0.21401,180,0,0,1170039
0,0,0,0.5,-0.21401,180,0,0,1170056
0,0,0,0.5,-0.21401,180,0,0,1170072
0,0,0,0.5,-0.21401,180,0,0,1170089
0,0,0,0.5,-0.21401,180,0,0,1170105
0,0,0,0.5,-0.21401,180,0,0,1170122
0,0,0,0.5,-0.21401,180,0,0,1170139
0,0,0,0.5,-0.21401,180,0,0,1170156
0,0,0,0.5,-0.21401,180,0,0,1170172
0,0,0,0.5,-0.21401,180,0,0,1170189
0,0,0,0.5,-0.21401,180,0,0,1170206
0,0,0,0.5,-0.21401,180,0,0,1170222
0,0,0,0.5,-0.21401,180,0,0,1170239
0,0,0,0.5,-0.21401,180,0,0,1170255
0,0,0,0.5,-0.21401,180,0,0,1170272
0,0,0,0.5,-0.21401,180,0,0,1170289
0,0,0,0.5,-0.21401,180,0,0,1170306
0,0,0,0.5,-0.21401,180,0,0,1170322
0,0,0,0.5,-0.21401,180,0,0,1170339
0,0,0,0.5,-0.21401,180,0,0,1170355
0,0,0,0.5,-0.21401,180,0,0,1170372
0,0,0,0.5,-0.21401,180,0,0,1170389
0,1,0,0.5,-0.213875,180,0,0,1170407
0,0,0,0.5,-0.213875,180,0,0,1170422
0,0,0,0.5,-0.213875,180,0,0,1170439
0,0,0,0.5,-0.213875,180,0,0,1170456
0,0,0,0.5,-0.213875,180,0,0,1170472
0,0,0,0.5,-0.213875,180,0,0,1170489
0,0,0,0.5,-0.213875,180,0,0,1170506
0,0,0,0.5,-0.213875,180,0,0,1170522
0,0,0,0.5,-0.213875,180,0,0,1170539
0,0,0,0.5,-0.213875,180,0,0,1170556
0,0,0,0.5,-0.213875,180,0,0,1170572
0,0,0,0.5,-0.213875,180,0,0,1170589
0,0,0,0.5,-0.213875,180,0,0,1170606
0,0,0,0.5,-0.213875,180,0,0,1170622
0,0,0,0.5,-0.213875,180,0,0,1170639
0,0,0,0.5,-0.213875,180,0,0,1170656
0,0,0,0.5,-0.213875,180,0,0,1170672
0,0,0,0.5,-0.213875,180,0,0,1170689
0,0,0,0.5,-0.213875,180,0,0,1170706
0,0,0,0.5,-0.213875,180,0,0,1170722
0,0,0,0.5,-0.213875,180,0,0,1170739
0,0,0,0.5,-0.213875,180,0,0,1170756
0,0,0,0.5,-0.213875,180,0,0,1170772
0,0,0,0.5,-0.213875,180,0,0,1170789
0,1,0,0.5,-0.21374,180,0,0,1170806
0,0,0,0.5,-0.21374,180,0,0,1170822
0,0,0,0.5,-0.21374,180,0,0,1170839
0,0,0,0.5,-0.21374,180,0,0,1170855
0,0,0,0.5,-0.21374,180,0,0,1170872
0,0,0,0.5,-0.21374,180,0,0,1170889
0,0,0,0.5,-0.21374,180,0,0,1170906
0,0,0,0.5,-0.21374,180,0,0,1170922
0,0,0,0.5,-0.21374,180,0,0,1170939
0,0,0,0.5,-0.21374,180,0,0,1170955
0,0,0,0.5,-0.21374,180,0,0,1170972
0,0,0,0.5,-0.21374,180,0,0,1170989
0,0,0,0.5,-0.21374,180,0,0,1171005
0,0,0,0.5,-0.21374,180,0,0,1171022
0,0,0,0.5,-0.21374,180,0,0,1171039
0,0,0,0.5,-0.21374,180,0,0,1171055
0,0,0,0.5,-0.21374,180,0,0,1171072
0,0,0,0.5,-0.21374,180,0,0,1171089
0,0,0,0.5,-0.21374,180,0,0,1171106
0,0,0,0.5,-0.21374,180,0,0,1171122
0,0,0,0.5,-0.21374,180,0,0,1171139
0,0,0,0.5,-0.21374,180,0,0,1171155
0,0,0,0.5,-0.21374,180,0,0,1171172
0,0,0,0.5,-0.21374,180,0,0,1171189
0,0,0,0.5,-0.21374,180,0,0,1171206
0,0,0,0.5,-0.21374,180,0,0,1171222
0,0,0,0.5,-0.21374,180,0,0,1171239
0,0,0,0.5,-0.21374,180,0,0,1171256
0,0,0,0.5,-0.21374,180,0,0,1171272
0,0,0,0.5,-0.21374,180,0,0,1171289
0,0,0,0.5,-0.21374,180,0,0,1171305
0,0,0,0.5,-0.21374,180,0,0,1171322
0,0,0,0.5,-0.21374,180,0,0,1171339
0,0,0,0.5,-0.21374,180,0,0,1171356
0,0,0,0.5,-0.21374,180,0,0,1171372
0,0,0,0.5,-0.21374,180,0,0,1171389
0,0,0,0.5,-0.21374,180,0,0,1171406
0,0,0,0.5,-0.21374,180,0,0,1171422
0,0,0,0.5,-0.21374,180,0,0,1171439
0,0,0,0.5,-0.21374,180,0,0,1171455
0,0,0,0.5,-0.21374,180,0,0,1171472
0,0,0,0.5,-0.21374,180,0,0,1171489
0,0,0,0.5,-0.21374,180,0,0,1171505
0,0,0,0.5,-0.21374,180,0,0,1171522
0,0,0,0.5,-0.21374,180,0,0,1171539
0,0,0,0.5,-0.21374,180,0,0,1171555
0,0,0,0.5,-0.21374,180,0,0,1171572
0,0,0,0.5,-0.21374,180,0,0,1171589
0,1,0,0.5,-0.213605,180,0,0,1171606
0,0,0,0.5,-0.213605,180,0,0,1171622
0,0,0,0.5,-0.213605,180,0,0,1171639
0,0,0,0.5,-0.213605,180,0,0,1171655
0,0,0,0.5,-0.213605,180,0,0,1171672
0,0,0,0.5,-0.213605,180,0,0,1171689
0,0,0,0.5,-0.213605,180,0,0,1171705
0,0,0,0.5,-0.213605,180,0,0,1171722
0,0,0,0.5,-0.213605,180,0,0,1171739
0,0,0,0.5,-0.213605,180,0,0,1171755
0,0,0,0.5,-0.213605,180,0,0,1171772
0,0,0,0.5,-0.213605,180,0,0,1171789
0,0,0,0.5,-0.213605,180,0,0,1171805
0,0,0,0.5,-0.213605,180,0,0,1171822
0,0,0,0.5,-0.213605,180,0,0,1171839
0,0,0,0.5,-0.213605,180,0,0,1171855
0,0,0,0.5,-0.213605,180,0,0,1171872
0,0,0,0.5,-0.213605,180,0,0,1171889
0,0,0,0.5,-0.213605,180,0,0,1171905
0,0,0,0.5,-0.213605,180,0,0,1171922
0,0,0,0.5,-0.213605,180,0,0,1171939
0,0,0,0.5,-0.213605,180,0,0,1171956
0,0,0,0.5,-0.213605,180,0,0,1171972
0,0,0,0.5,-0.213605,180,0,0,1171989
0,0,0,0.5,-0.213605,180,0,0,1172005
0,0,0,0.5,-0.213605,180,0,0,1172022
0,0,0,0.5,-0.213605,180,0,0,1172039
0,0,0,0.5,-0.213605,180,0,0,1172055
0,0,0,0.5,-0.213605,180,0,0,1172072
0,0,0,0.5,-0.213605,180,0,0,1172089
0,0,0,0.5,-0.213605,180,0,0,1172105
0,1,0,0.5,-0.21347,180,0,0,1172123
0,0,0,0.5,-0.21347,180,0,0,1172139
0,1,0,0.5,-0.213335,180,0,0,1172157
0,1,-1,0.5,-0.2132,180,0,0,1172174
0,1,0,0.5,-0.213065,180,0,0,1172189
0,1,0,0.5,-0.21293,180,0,0,1172206
0,1,0,0.5,-0.212795,180,0,0,1172225
0,0,0,0.5,-0.212795,180,0,0,1172239
0,-1,0,0.5,-0.21293,180,0,0,1172256
0,-1,0,0.5,-0.213065,180,0,0,1172272
0,-1,0,0.5,-0.2132,180,0,0,1172289
0,-4,-1,0.5,-0.21374,180,0,0,1172306
0,-1,-1,0.5,-0.213875,180,0,0,1172322
0,0,-1,0.5,-0.213875,180,0,0,1172339
0,0,0,0.5,-0.213875,180,0,0,1172355
0,0,-1,0.5,-0.213875,180,0,0,1172372
0,0,-1,0.5,-0.213875,180,0,0,1172389
0,0,0,0.5,-0.213875,180,0,0,1172406
0,0,0,0.5,-0.213875,180,0,0,1172422
0,1,0,0.5,-0.21374,180,0,0,1172439
0,1,0,0.5,-0.213605,180,0,0,1172455
0,0,-1,0.5,-0.213605,180,0,0,1172472
0,1,-1,0.5,-0.21347,180,0,0,1172489
0,1,-1,0.5,-0.213335,180,0,0,1172506
0,1,-1,0.5,-0.2132,180,0,0,1172523
0,0,-1,0.5,-0.2132,180,0,0,1172539
0,0,-1,0.5,-0.2132,180,0,0,1172556
0,0,-1,0.5,-0.2132,180,0,0,1172572
0,-1,-1,0.5,-0.213335,180,0,0,1172589
0,0,-1,0.5,-0.213335,180,0,0,1172606
0,-1,-1,0.5,-0.21347,180,0,0,1172622
0,-1,-1,0.5,-0.213605,180,0,0,1172639
0,0,0,0.5,-0.213605,180,0,0,1172655
0,-1,-1,0.5,-0.21374,180,0,0,1172673
0,0,0,0.5,-0.21374,180,0,0,1172689
0,0,0,0.5,-0.21374,180,0,0,1172705
0,0,0,0.5,-0.21374,180,0,0,1172722
0,1,0,0.5,-0.213605,180,0,0,1172739
0,0,0,0.5,-0.213605,180,0,0,1172755
0,1,0,0.5,-0.21347,180,0,0,1172773
0,0,0,0.5,-0.21347,180,0,0,1172789
0,1,0,0.5,-0.213335,180,0,0,1172805
0,4,-1,0.5,-0.212795,180,0,0,1172822
0,3,0,0.5,-0.21239,180,0,0,1172839
0,2,-1,0.5,-0.21212,180,0,0,1172856
0,1,0,0.5,-0.211985,180,0,0,1172872
0,0,-1,0.5,-0.211985,180,0,0,1172889
0,-3,0,0.5,-0.21239,180,0,0,1172906
0,-2,0,0.5,-0.21266,180,0,0,1172922
0,-5,0,0.5,-0.213335,180,0,0,1172939
0,-3,0,0.5,-0.21374,180,0,1,1172956
0,-3,0,0.5,-0.214145,180,0,1,1172972
0,-3,0,0.5,-0.21455,180,0,0,1172989
0,-1,0,0.5,-0.214685,180,0,0,1173007
0,-1,0,0.5,-0.21482,180,0,0,1173023
0,1,-1,0.5,-0.214685,180,0,0,1173039
0,0,-1,0.5,-0.214685,180,0,0,1173056
0,2,-1,0.5,-0.214415,180,0,0,1173073
0,0,0,0.5,-0.214415,180,0,0,1173089
0,1,-1,0.5,-0.21428,180,0,0,1173107
0,1,0,0.5,-0.214145,180,0,0,1173122
0,0,-1,0.5,-0.214145,180,0,0,1173139
0,0,0,0.5,-0.214145,180,0,0,1173156
0,0,0,0.5,-0.214145,180,0,0,1173172
0,0,0,0.5,-0.214145,180,0,0,1173189
0,0,0,0.5,-0.214145,180,0,0,1173206
0,-1,0,0.5,-0.21428,180,0,0,1173222
0,0,0,0.5,-0.21428,180,0,0,1173238
0,0,0,0.5,-0.21428,180,0,0,1173255
0,0,0,0.5,-0.21428,180,0,0,1173272
0,0,0,0.5,-0.21428,180,0,0,1173288
0,0,0,0.5,-0.21428,180,0,0,1173305
0,0,0,0.5,-0.21428,180,0,0,1173322
0,0,0,0.5,-0.21428,180,0,0,1173338
0,-1,0,0.5,-0.214415,180,0,0,1173355
0,0,0,0.5,-0.214415,180,0,0,1173372
0,0,0,0.5,-0.214415,180,0,0,1173388
0,0,0,0.5,-0.214415,180,0,0,1173405
0,0,0,0.5,-0.214415,180,0,0,1173422
0,-1,0,0.5,-0.21455,180,0,0,1173439
0,0,0,0.5,-0.21455,180,0,0,1173455
0,0,0,0.5,-0.21455,180,0,0,1173472
0,0,0,0.5,-0.21455,180,0,0,1173488
0,0,0,0.5,-0.21455,180,0,0,1173505
0,0,0,0.5,-0.21455,180,0,0,1173522
0,0,0,0.5,-0.21455,180,0,0,1173538
0,0,0,0.5,-0.21455,180,0,0,1173555
0,0,0,0.5,-0.21455,180,0,0,1173572
0,-1,0,0.5,-0.214685,180,0,0,1173589
0,0,0,0.5,-0.214685,180,0,0,1173605
0,-1,0,0.5,-0.21482,180,0,0,1173622
0,0,0,0.5,-0.21482,180,0,0,1173639
0,0,0,0.5,-0.21482,180,0,0,1173655
0,-1,0,0.5,-0.214955,180,0,0,1173672
0,0,0,0.5,-0.214955,180,0,0,1173688
0,0,0,0.5,-0.214955,180,0,0,1173705
0,0,0,0.5,-0.214955,180,0,0,1173722
0,1,0,0.5,-0.21482,180,0,0,1173739
0,0,0,0.5,-0.21482,180,0,0,1173755
0,0,0,0.5,-0.21482,180,0,0,1173772
0,0,0,0.5,-0.21482,180,0,0,1173789
0,0,0,0.5,-0.21482,180,0,0,1173805
0,0,0,0.5,-0.21482,180,0,0,1173822
0,0,0,0.5,-0.21482,180,0,0,1173839
0,0,0,0.5,-0.21482,180,0,0,1173855
0,0,0,0.5,-0.21482,180,0,0,1173872
0,0,0,0.5,-0.21482,180,0,0,1173889
0,-1,0,0.5,-0.214955,180,0,0,1173906
0,0,0,0.5,-0.214955,180,0,0,1173922
0,0,0,0.5,-0.214955,180,0,0,1173939
0,0,0,0.5,-0.214955,180,0,0,1173955
0,0,0,0.5,-0.214955,180,0,0,1173972
0,0,0,0.5,-0.214955,180,0,0,1173989
0,0,0,0.5,-0.214955,180,0,0,1174005
0,-1,0,0.5,-0.21509,180,0,0,1174022
0,0,0,0.5,-0.21509,180,0,0,1174039
0,0,0,0.5,-0.21509,180,0,0,1174055
0,0,0,0.5,-0.21509,180,0,0,1174072
0,0,0,0.5,-0.21509,180,0,0,1174089
0,1,0,0.5,-0.214955,180,0,0,1174105
0,0,0,0.5,-0.214955,180,0,0,1174122
0,0,0,0.5,-0.214955,180,0,0,1174139
0,0,0,0.5,-0.214955,180,0,0,1174155
0,0,0,0.5,-0.214955,180,0,0,1174172
0,0,0,0.5,-0.214955,180,0,0,1174189
0,0,0,0.5,-0.214955,180,0,0,1174206
0,0,0,0.5,-0.214955,180,0,0,1174222
0,0,0,0.5,-0.214955,180,0,0,1174239
0,0,0,0.5,-0.214955,180,0,0,1174255
0,0,0,0.5,-0.214955,180,0,0,1174272
0,0,0,0.5,-0.214955,180,0,0,1174288
0,0,0,0.5,-0.214955,180,0,0,1174305
0,0,0,0.5,-0.214955,180,0,0,1174322
0,0,0,0.5,-0.214955,180,0,0,1174338
0,-1,0,0.5,-0.21509,180,0,0,1174356
0,0,0,0.5,-0.21509,180,0,0,1174372
0,0,0,0.5,-0.21509,180,0,0,1174389
0,0,0,0.5,-0.21509,180,0,0,1174405
0,0,0,0.5,-0.21509,180,0,0,1174422
0,0,0,0.5,-0.21509,180,0,0,1174438
0,0,0,0.5,-0.21509,180,0,0,1174456
0,0,0,0.5,-0.21509,180,0,0,1174472
0,0,0,0.5,-0.21509,180,0,0,1174488
0,0,0,0.5,-0.21509,180,0,0,1174505
0,0,0,0.5,-0.21509,180,0,0,1174522
0,0,0,0.5,-0.21509,180,0,0,1174538
0,0,0,0.5,-0.21509,180,0,0,1174555
0,0,0,0.5,-0.21509,180,0,0,1174572
0,0,0,0.5,-0.21509,180,0,0,1174588
0,0,0,0.5,-0.21509,180,0,0,1174605
0,0,0,0.5,-0.21509,180,0,0,1174622
0,0,0,0.5,-0.21509,180,0,0,1174639
0,0,0,0.5,-0.21509,180,0,0,1174656
0,0,0,0.5,-0.21509,180,0,0,1174672
0,0,1,0.5,-0.21509,180,0,0,1174689
0,0,0,0.5,-0.21509,180,0,0,1174705
0,0,0,0.5,-0.21509,180,0,0,1174722
0,1,0,0.5,-0.214955,180,0,0,1174739
0,0,0,0.5,-0.214955,180,0,0,1174755
0,0,0,0.5,-0.214955,180,0,0,1174772
0,0,0,0.5,-0.214955,180,0,0,1174789
0,2,0,0.5,-0.214685,180,0,0,1174806
0,0,0,0.5,-0.214685,180,0,0,1174822
0,1,0,0.5,-0.21455,180,0,0,1174840
0,0,0,0.5,-0.21455,180,0,0,1174855
0,0,0,0.5,-0.21455,180,0,0,1174872
0,0,0,0.5,-0.21455,180,0,0,1174888
0,0,0,0.5,-0.21455,180,0,0,1174905
0,0,0,0.5,-0.21455,180,0,0,1174922
0,0,0,0.5,-0.21455,180,0,0,1174939
0,0,0,0.5,-0.21455,180,0,0,1174955
0,0,0,0.5,-0.21455,180,0,0,1174972
0,1,0,0.5,-0.214415,180,0,0,1174989
0,0,0,0.5,-0.214415,180,0,0,1175005
0,0,0,0.5,-0.214415,180,0,0,1175022
0,0,0,0.5,-0.214415,180,0,0,1175039
0,0,0,0.5,-0.214415,180,0,0,1175055
0,0,0,0.5,-0.214415,180,0,0,1175072
0,0,0,0.5,-0.214415,180,0,0,1175089
0,0,0,0.5,-0.214415,180,0,0,1175106
0,0,0,0.5,-0.214415,180,0,0,1175122
0,0,0,0.5,-0.214415,180,0,0,1175139
0,0,0,0.5,-0.214415,180,0,0,1175155
0,1,0,0.5,-0.21428,180,0,0,1175172
0,0,0,0.5,-0.21428,180,0,0,1175189
0,0,0,0.5,-0.21428,180,0,0,1175205
0,1,0,0.5,-0.214145,180,0,0,1175222
0,0,0,0.5,-0.214145,180,0,0,1175239
0,0,0,0.5,-0.214145,180,0,0,1175255
0,0,0,0.5,-0.214145,180,0,0,1175272
0,0,0,0.5,-0.214145,180,0,0,1175288
0,0,0,0.5,-0.214145,180,0,0,1175305
0,0,0,0.5,-0.214145,180,0,0,1175322
0,0,0,0.5,-0.214145,180,0,0,1175338
0,0,0,0.5,-0.214145,180,0,0,1175355
0,0,0,0.5,-0.214145,180,0,0,1175372
0,0,0,0.5,-0.214145,180,0,0,1175388
0,0,0,0.5,-0.214145,180,0,0,1175405
0,0,0,0.5,-0.214145,180,0,0,1175422
0,0,0,0.5,-0.214145,180,0,0,1175438
0,0,0,0.5,-0.214145,180,0,0,1175455
0,0,0,0.5,-0.214145,180,0,0,1175472
0,0,0,0.5,-0.214145,180,0,0,1175488
0,0,0,0.5,-0.214145,180,0,0,1175506
0,0,0,0.5,-0.214145,180,0,0,1175522
0,1,0,0.5,-0.21401,180,0,0,1175539
0,0,0,0.5,-0.21401,180,0,0,1175555
0,0,0,0.5,-0.21401,180,0,0,1175572
0,1,0,0.5,-0.213875,180,0,0,1175589
0,0,0,0.5,-0.213875,180,0,0,1175605
0,0,0,0.5,-0.213875,180,0,0,1175622
0,0,0,0.5,-0.213875,180,0,0,1175639
0,0,0,0.5,-0.213875,180,0,0,1175656
0,0,0,0.5,-0.213875,180,0,0,1175672
0,0,0,0.5,-0.213875,180,0,0,1175689
0,0,0,0.5,-0.213875,180,0,0,1175705
0,0,0,0.5,-0.213875,180,0,0,1175722
0,0,0,0.5,-0.213875,180,0,0,1175739
0,0,0,0.5,-0.213875,180,0,0,1175755
0,0,0,0.5,-0.213875,180,0,0,1175772
0,0,0,0.5,-0.213875,180,0,0,1175789
0,0,0,0.5,-0.213875,180,0,0,1175806
0,0,0,0.5,-0.213875,180,0,0,1175823
0,0,0,0.5,-0.213875,180,0,0,1175839
0,0,0,0.5,-0.213875,180,0,0,1175855
0,0,0,0.5,-0.213875,180,0,0,1175872
0,0,0,0.5,-0.213875,180,0,0,1175888
0,0,0,0.5,-0.213875,180,0,0,1175905
0,0,0,0.5,-0.213875,180,0,0,1175922
0,0,0,0.5,-0.213875,180,0,0,1175938
0,1,0,0.5,-0.21374,180,0,0,1175956
0,0,0,0.5,-0.21374,180,0,0,1175972
0,0,0,0.5,-0.21374,180,0,0,1175988
0,0,0,0.5,-0.21374,180,0,0,1176007
0,0,0,0.5,-0.21374,180,0,0,1176022
0,0,0,0.5,-0.21374,180,0,0,1176038
0,0,0,0.5,-0.21374,180,0,0,1176055
0,0,0,0.5,-0.21374,180,0,0,1176072
0,0,0,0.5,-0.21374,180,0,0,1176088
0,0,0,0.5,-0.21374,180,0,0,1176106
0,0,0,0.5,-0.21374,180,0,0,1176122
0,0,0,0.5,-0.21374,180,0,0,1176138
0,0,0,0.5,-0.21374,180,0,0,1176155
0,0,0,0.5,-0.21374,180,0,0,1176172
0,0,0,0.5,-0.21374,180,0,0,1176188
0,0,0,0.5,-0.21374,180,0,0,1176205
0,0,0,0.5,-0.21374,180,0,0,1176222
0,0,0,0.5,-0.21374,180,0,0,1176238
0,0,0,0.5,-0.21374,180,0,0,1176255
0,0,0,0.5,-0.21374,180,0,0,1176272
0,0,0,0.5,-0.21374,180,0,0,1176289
0,0,0,0.5,-0.21374,180,0,0,1176305
0,0,0,0.5,-0.21374,180,0,0,1176322
0,0,0,0.5,-0.21374,180,0,0,1176339
0,0,0,0.5,-0.21374,180,0,0,1176355
0,0,0,0.5,-0.21374,180,0,0,1176372
0,0,0,0.5,-0.21374,180,0,0,1176389
0,0,0,0.5,-0.21374,180,0,0,1176405
0,0,0,0.5,-0.21374,180,0,0,1176422
0,0,0,0.5,-0.21374,180,0,0,1176438
0,0,0,0.5,-0.21374,180,0,0,1176455
0,0,0,0.5,-0.21374,180,0,0,1176472
0,0,0,0.5,-0.21374,180,0,0,1176488
0,0,0,0.5,-0.21374,180,0,0,1176505
0,0,0,0.5,-0.21374,180,0,0,1176522
0,0,0,0.5,-0.21374,180,0,0,1176538
0,0,0,0.5,-0.21374,180,0,0,1176555
0,0,0,0.5,-0.21374,180,0,0,1176572
0,0,0,0.5,-0.21374,180,0,0,1176588
0,0,0,0.5,-0.21374,180,0,0,1176605
0,0,0,0.5,-0.21374,180,0,0,1176622
0,0,0,0.5,-0.21374,180,0,0,1176638
0,0,0,0.5,-0.21374,180,0,0,1176655
0,0,0,0.5,-0.21374,180,0,0,1176672
0,0,0,0.5,-0.21374,180,0,0,1176688
0,0,0,0.5,-0.21374,180,0,0,1176705
0,0,0,0.5,-0.21374,180,0,0,1176722
0,0,0,0.5,-0.21374,180,0,0,1176738
0,0,0,0.5,-0.21374,180,0,0,1176755
0,0,0,0.5,-0.21374,180,0,0,1176772
0,0,0,0.5,-0.21374,180,0,0,1176788
0,0,0,0.5,-0.21374,180,0,0,1176806
0,0,0,0.5,-0.21374,180,0,0,1176822
0,1,0,0.5,-0.213605,180,0,0,1176839
0,0,0,0.5,-0.213605,180,0,0,1176855
0,0,0,0.5,-0.213605,180,0,0,1176872
0,0,0,0.5,-0.213605,180,0,0,1176888
0,0,0,0.5,-0.213605,180,0,0,1176905
0,0,0,0.5,-0.213605,180,0,0,1176922
0,0,0,0.5,-0.213605,180,0,0,1176939
0,0,0,0.5,-0.213605,180,0,0,1176955
0,0,0,0.5,-0.213605,180,0,0,1176972
0,0,0,0.5,-0.213605,180,0,0,1176988
0,0,0,0.5,-0.213605,180,0,0,1177005
0,0,0,0.5,-0.213605,180,0,0,1177022
0,0,0,0.5,-0.213605,180,0,0,1177038
0,0,0,0.5,-0.213605,180,0,0,1177055
0,0,0,0.5,-0.213605,180,0,0,1177072
0,0,0,0.5,-0.213605,180,0,0,1177088
0,0,0,0.5,-0.213605,180,0,0,1177105
0,0,0,0.5,-0.213605,180,0,0,1177122
0,0,0,0.5,-0.213605,180,0,0,1177138
0,0,0,0.5,-0.213605,180,0,0,1177155
0,0,0,0.5,-0.213605,180,0,0,1177172
0,0,0,0.5,-0.213605,180,0,0,1177189
0,0,0,0.5,-0.213605,180,0,0,1177205
0,0,0,0.5,-0.213605,180,0,0,1177222
0,0,0,0.5,-0.213605,180,0,0,1177238
0,0,0,0.5,-0.213605,180,0,0,1177255
0,0,0,0.5,-0.213605,180,0,0,1177272
0,0,0,0.5,-0.213605,180,0,0,1177288
0,0,0,0.5,-0.213605,180,0,0,1177305
0,0,0,0.5,-0.213605,180,0,0,1177323
0,0,0,0.5,-0.213605,180,0,0,1177338
0,0,0,0.5,-0.213605,180,0,0,1177355
0,0,0,0.5,-0.213605,180,0,0,1177372
0,0,0,0.5,-0.213605,180,0,0,1177388
0,0,0,0.5,-0.213605,180,0,0,1177405
0,0,0,0.5,-0.213605,180,0,0,1177422
0,0,0,0.5,-0.213605,180,0,0,1177438
0,0,0,0.5,-0.213605,180,0,0,1177455
0,0,0,0.5,-0.213605,180,0,0,1177472
0,0,0,0.5,-0.213605,180,0,0,1177488
0,0,0,0.5,-0.213605,180,0,0,1177505
0,0,0,0.5,-0.213605,180,0,0,1177522
0,0,0,0.5,-0.213605,180,0,0,1177538
0,0,0,0.5,-0.213605,180,0,0,1177555
0,0,0,0.5,-0.213605,180,0,0,1177572
0,0,0,0.5,-0.213605,180,0,0,1177588
0,0,0,0.5,-0.213605,180,0,0,1177606
0,0,0,0.5,-0.213605,180,0,0,1177622
0,0,0,0.5,-0.213605,180,0,0,1177638
0,0,0,0.5,-0.213605,180,0,0,1177655
0,0,0,0.5,-0.213605,180,0,0,1177672
0,1,0,0.5,-0.21347,180,0,0,1177690
0,0,0,0.5,-0.21347,180,0,0,1177705
0,0,0,0.5,-0.21347,180,0,0,1177722
0,0,0,0.5,-0.21347,180,0,0,1177739
0,0,0,0.5,-0.21347,180,0,0,1177755
0,0,0,0.5,-0.21347,180,0,0,1177772
0,0,0,0.5,-0.21347,180,0,0,1177788
0,0,0,0.5,-0.21347,180,0,0,1177805
0,0,0,0.5,-0.21347,180,0,0,1177822
0,0,0,0.5,-0.21347,180,0,0,1177839
0,0,0,0.5,-0.21347,180,0,0,1177857
0,0,0,0.5,-0.21347,180,0,0,1177872
0,0,0,0.5,-0.21347,180,0,0,1177889
0,0,0,0.5,-0.21347,180,0,0,1177905
0,0,0,0.5,-0.21347,180,0,0,1177922
0,0,0,0.5,-0.21347,180,0,0,1177939
0,0,0,0.5,-0.21347,180,0,0,1177955
0,0,0,0.5,-0.21347,180,0,0,1177972
0,0,0,0.5,-0.21347,180,0,0,1177988
0,0,0,0.5,-0.21347,180,0,0,1178005
0,0,0,0.5,-0.21347,180,0,0,1178022
0,0,0,0.5,-0.21347,180,0,0,1178038
0,0,0,0.5,-0.21347,180,0,0,1178055
0,0,0,0.5,-0.21347,180,0,0,1178072
0,0,0,0.5,-0.21347,180,0,0,1178088
0,0,0,0.5,-0.21347,180,0,0,1178105
0,0,0,0.5,-0.21347,180,0,0,1178122
0,0,0,0.5,-0.21347,180,0,0,1178138
0,0,0,0.5,-0.21347,180,0,0,1178155
0,0,0,0.5,-0.21347,180,0,0,1178172
0,0,0,0.5,-0.21347,180,0,0,1178188
0,0,0,0.5,-0.21347,180,0,0,1178205
0,0,0,0.5,-0.21347,180,0,0,1178222
0,0,0,0.5,-0.21347,180,0,0,1178238
0,0,0,0.5,-0.21347,180,0,0,1178255
0,0,0,0.5,-0.21347,180,0,0,1178272
0,0,0,0.5,-0.21347,180,0,0,1178288
0,0,0,0.5,-0.21347,180,0,0,1178305
0,0,0,0.5,-0.21347,180,0,0,1178322
0,0,0,0.5,-0.21347,180,0,0,1178338
0,0,0,0.5,-0.21347,180,0,0,1178355
0,0,0,0.5,-0.21347,180,0,0,1178372
0,0,0,0.5,-0.21347,180,0,0,1178388
0,0,0,0.5,-0.21347,180,0,0,1178405
0,0,0,0.5,-0.21347,180,0,0,1178422
0,0,0,0.5,-0.21347,180,0,0,1178438
0,0,0,0.5,-0.21347,180,0,0,1178455
0,0,0,0.5,-0.21347,180,0,0,1178472
0,0,0,0.5,-0.21347,180,0,0,1178488
0,0,0,0.5,-0.21347,180,0,0,1178505
0,0,0,0.5,-0.21347,180,0,0,1178522
0,0,0,0.5,-0.21347,180,0,0,1178539
0,0,0,0.5,-0.21347,180,0,0,1178555
0,0,0,0.5,-0.21347,180,0,0,1178572
0,0,0,0.5,-0.21347,180,0,0,1178588
0,0,0,0.5,-0.21347,180,0,0,1178605
0,0,0,0.5,-0.21347,180,0,0,1178622
0,0,0,0.5,-0.21347,180,0,0,1178638
0,0,0,0.5,-0.21347,180,0,0,1178655
0,0,0,0.5,-0.21347,180,0,0,1178672
0,0,0,0.5,-0.21347,180,0,0,1178688
0,0,0,0.5,-0.21347,180,0,0,1178705
0,0,0,0.5,-0.21347,180,0,0,1178722
0,0,0,0.5,-0.21347,180,0,0,1178739
0,0,0,0.5,-0.21347,180,0,0,1178755
0,0,0,0.5,-0.21347,180,0,0,1178772
0,0,0,0.5,-0.21347,180,0,0,1178788
0,0,0,0.5,-0.21347,180,0,0,1178805
0,0,0,0.5,-0.21347,180,0,0,1178822
0,0,0,0.5,-0.21347,180,0,0,1178839
0,0,0,0.5,-0.21347,180,0,0,1178855
0,0,0,0.5,-0.21347,180,0,0,1178872
0,0,0,0.5,-0.21347,180,0,0,1178889
0,0,0,0.5,-0.21347,180,0,0,1178905
0,0,0,0.5,-0.21347,180,0,0,1178922
0,0,0,0.5,-0.21347,180,0,0,1178938
0,0,0,0.5,-0.21347,180,0,0,1178955
0,0,0,0.5,-0.21347,180,0,0,1178972
0,0,0,0.5,-0.21347,180,0,0,1178988
0,0,0,0.5,-0.21347,180,0,0,1179005
0,0,0,0.5,-0.21347,180,0,0,1179022
0,0,0,0.5,-0.21347,180,0,0,1179038
0,0,0,0.5,-0.21347,180,0,0,1179055
0,0,0,0.5,-0.21347,180,0,0,1179072
0,0,0,0.5,-0.21347,180,0,0,1179088
0,0,0,0.5,-0.21347,180,0,0,1179105
0,0,0,0.5,-0.21347,180,0,0,1179122
0,0,0,0.5,-0.21347,180,0,0,1179138
0,0,0,0.5,-0.21347,180,0,0,1179155
0,0,0,0.5,-0.21347,180,0,0,1179172
0,0,0,0.5,-0.21347,180,0,0,1179188
0,0,0,0.5,-0.21347,180,0,0,1179205
0,0,0,0.5,-0.21347,180,0,0,1179222
0,0,0,0.5,-0.21347,180,0,0,1179239
0,0,0,0.5,-0.21347,180,0,0,1179255
0,0,0,0.5,-0.21347,180,0,0,1179272
0,0,0,0.5,-0.21347,180,0,0,1179288
0,0,0,0.5,-0.21347,180,0,0,1179305
0,0,0,0.5,-0.21347,180,0,0,1179322
0,0,0,0.5,-0.21347,180,0,0,1179338
0,0,0,0.5,-0.21347,180,0,0,1179356
0,0,0,0.5,-0.21347,180,0,0,1179372
0,0,0,0.5,-0.21347,180,0,0,1179388
0,0,0,0.5,-0.21347,180,0,0,1179405
0,0,0,0.5,-0.21347,180,0,0,1179422
0,0,0,0.5,-0.21347,180,0,0,1179438
0,0,0,0.5,-0.21347,180,0,0,1179455
0,0,0,0.5,-0.21347,180,0,0,1179472
0,0,0,0.5,-0.21347,180,0,0,1179488
0,0,0,0.5,-0.21347,180,0,0,1179505
0,0,0,0.5,-0.21347,180,0,0,1179522
0,0,0,0.5,-0.21347,180,0,0,1179538
0,0,0,0.5,-0.21347,180,0,0,1179555
0,0,0,0.5,-0.21347,180,0,0,1179572
0,0,0,0.5,-0.21347,180,0,0,1179588
0,0,0,0.5,-0.21347,180,0,0,1179605
0,0,0,0.5,-0.21347,180,0,0,1179622
0,0,0,0.5,-0.21347,180,0,0,1179638
0,0,0,0.5,-0.21347,180,0,0,1179655
0,0,0,0.5,-0.21347,180,0,0,1179672
0,0,0,0.5,-0.21347,180,0,0,1179688
0,0,0,0.5,-0.21347,180,0,0,1179705
0,0,0,0.5,-0.21347,180,0,0,1179722
0,0,0,0.5,-0.21347,180,0,0,1179738
0,0,0,0.5,-0.21347,180,0,0,1179755
0,0,0,0.5,-0.21347,180,0,0,1179772
0,0,0,0.5,-0.21347,180,0,0,1179788
0,0,0,0.5,-0.21347,180,0,0,1179806
0,1,0,0.5,-0.213335,180,0,0,1179822
0,0,0,0.5,-0.213335,180,0,0,1179838
0,0,0,0.5,-0.213335,180,0,0,1179855
0,0,0,0.5,-0.213335,180,0,0,1179872
0,0,0,0.5,-0.213335,180,0,0,1179888
0,0,0,0.5,-0.213335,180,0,0,1179905
0,0,0,0.5,-0.213335,180,0,0,1179922
0,0,0,0.5,-0.213335,180,0,0,1179939
0,0,0,0.5,-0.213335,180,0,0,1179955
0,0,0,0.5,-0.213335,180,0,0,1179972
0,0,0,0.5,-0.213335,180,0,0,1179988
0,0,0,0.5,-0.213335,180,0,0,1180005
0,0,0,0.5,-0.213335,180,0,0,1180022
0,0,0,0.5,-0.213335,180,0,0,1180038
0,0,0,0.5,-0.213335,180,0,0,1180055
0,0,0,0.5,-0.213335,180,0,0,1180072
0,0,0,0.5,-0.213335,180,0,0,1180088
0,0,0,0.5,-0.213335,180,0,0,1180105
0,0,0,0.5,-0.213335,180,0,0,1180122
0,0,0,0.5,-0.213335,180,0,0,1180138
0,0,0,0.5,-0.213335,180,0,0,1180155
0,0,0,0.5,-0.213335,180,0,0,1180172
0,0,0,0.5,-0.213335,180,0,0,1180188
0,0,0,0.5,-0.213335,180,0,0,1180205
0,0,0,0.5,-0.213335,180,0,0,1180222
0,0,0,0.5,-0.213335,180,0,0,1180238
0,0,0,0.5,-0.213335,180,0,0,1180255
0,0,0,0.5,-0.213335,180,0,0,1180272
0,0,0,0.5,-0.213335,180,0,0,1180288
0,0,0,0.5,-0.213335,180,0,0,1180305
0,0,0,0.5,-0.213335,180,0,0,1180322
0,0,0,0.5,-0.213335,180,0,0,1180338
0,0,0,0.5,-0.213335,180,0,0,1180355
0,0,0,0.5,-0.213335,180,0,0,1180372
0,0,0,0.5,-0.213335,180,0,0,1180388
0,0,0,0.5,-0.213335,180,0,0,1180405
0,0,0,0.5,-0.213335,180,0,0,1180422
0,0,0,0.5,-0.213335,180,0,0,1180438
0,0,0,0.5,-0.213335,180,0,0,1180455
0,0,0,0.5,-0.213335,180,0,0,1180472
0,0,0,0.5,-0.213335,180,0,0,1180488
0,0,0,0.5,-0.213335,180,0,0,1180506
0,0,0,0.5,-0.213335,180,0,0,1180522
0,0,0,0.5,-0.213335,180,0,0,1180538
0,0,0,0.5,-0.213335,180,0,0,1180555
0,0,0,0.5,-0.213335,180,0,0,1180572
0,0,0,0.5,-0.213335,180,0,0,1180588
0,0,0,0.5,-0.213335,180,0,0,1180605
0,0,0,0.5,-0.213335,180,0,0,1180622
0,0,0,0.5,-0.213335,180,0,0,1180638
0,0,0,0.5,-0.213335,180,0,0,1180655
0,0,0,0.5,-0.213335,180,0,0,1180672
0,0,0,0.5,-0.213335,180,0,0,1180688
0,0,0,0.5,-0.213335,180,0,0,1180705
0,0,0,0.5,-0.213335,180,0,0,1180722
0,0,0,0.5,-0.213335,180,0,0,1180738
0,0,0,0.5,-0.213335,180,0,0,1180755
0,0,0,0.5,-0.213335,180,0,0,1180772
0,0,0,0.5,-0.213335,180,0,0,1180788
0,0,0,0.5,-0.213335,180,0,0,1180805
0,0,0,0.5,-0.213335,180,0,0,1180821
0,0,0,0.5,-0.213335,180,0,0,1180838
0,0,0,0.5,-0.213335,180,0,0,1180855
0,0,0,0.5,-0.213335,180,0,0,1180872
0,0,0,0.5,-0.213335,180,0,0,1180888
0,0,0,0.5,-0.213335,180,0,0,1180905
0,0,0,0.5,-0.213335,180,0,0,1180922
0,0,0,0.5,-0.213335,180,0,0,1180938
0,0,0,0.5,-0.213335,180,0,0,1180955
0,0,0,0.5,-0.213335,180,0,0,1180972
0,0,0,0.5,-0.213335,180,0,0,1180988
0,0,0,0.5,-0.213335,180,0,0,1181005
0,0,0,0.5,-0.213335,180,0,0,1181022
0,0,0,0.5,-0.213335,180,0,0,1181038
0,0,0,0.5,-0.213335,180,0,0,1181055
0,0,0,0.5,-0.213335,180,0,0,1181071
0,0,0,0.5,-0.213335,180,0,0,1181088
0,0,0,0.5,-0.213335,180,0,0,1181105
0,0,0,0.5,-0.213335,180,0,0,1181122
0,0,0,0.5,-0.213335,180,0,0,1181138
0,0,0,0.5,-0.213335,180,0,0,1181155
0,0,0,0.5,-0.213335,180,0,0,1181172
0,0,0,0.5,-0.213335,180,0,0,1181188
0,0,0,0.5,-0.213335,180,0,0,1181205
0,0,0,0.5,-0.213335,180,0,0,1181222
0,0,0,0.5,-0.213335,180,0,0,1181238
0,0,0,0.5,-0.213335,180,0,0,1181255
0,0,0,0.5,-0.213335,180,0,0,1181272
0,0,0,0.5,-0.213335,180,0,0,1181288
0,0,0,0.5,-0.213335,180,0,0,1181305
0,0,0,0.5,-0.213335,180,0,0,1181322
0,0,0,0.5,-0.213335,180,0,0,1181338
0,0,0,0.5,-0.213335,180,0,0,1181355
0,0,0,0.5,-0.213335,180,0,0,1181372
0,0,0,0.5,-0.213335,180,0,0,1181388
0,0,0,0.5,-0.213335,180,0,0,1181405
0,0,0,0.5,-0.213335,180,0,0,1181422
0,0,0,0.5,-0.213335,180,0,0,1181438
0,0,0,0.5,-0.213335,180,0,0,1181455
0,0,0,0.5,-0.213335,180,0,0,1181472
0,0,0,0.5,-0.213335,180,0,0,1181488
0,0,0,0.5,-0.213335,180,0,0,1181505
0,0,0,0.5,-0.213335,180,0,0,1181522
0,0,0,0.5,-0.213335,180,0,0,1181538
0,0,0,0.5,-0.213335,180,0,0,1181555
0,0,0,0.5,-0.213335,180,0,0,1181572
0,0,0,0.5,-0.213335,180,0,0,1181588
0,0,0,0.5,-0.213335,180,0,0,1181605
0,0,0,0.5,-0.213335,180,0,0,1181622
0,0,0,0.5,-0.213335,180,0,0,1181638
0,0,0,0.5,-0.213335,180,0,0,1181655
0,0,0,0.5,-0.213335,180,0,0,1181672
0,0,0,0.5,-0.213335,180,0,0,1181688
0,0,0,0.5,-0.213335,180,0,0,1181705
0,1,0,0.5,-0.2132,180,0,0,1181722
0,0,0,0.5,-0.2132,180,0,0,1181738
0,0,0,0.5,-0.2132,180,0,0,1181755
0,0,0,0.5,-0.2132,180,0,0,1181772
0,0,0,0.5,-0.2132,180,0,0,1181788
0,0,0,0.5,-0.2132,180,0,0,1181805
0,0,0,0.5,-0.2132,180,0,0,1181822
0,0,0,0.5,-0.2132,180,0,0,1181838
0,0,0,0.5,-0.2132,180,0,0,1181855
0,0,0,0.5,-0.2132,180,0,0,1181872
0,0,0,0.5,-0.2132,180,0,0,1181888
0,0,0,0.5,-0.2132,180,0,0,1181905
0,0,0,0.5,-0.2132,180,0,0,1181922
0,0,0,0.5,-0.2132,180,0,0,1181938
0,0,0,0.5,-0.2132,180,0,0,1181955
0,0,0,0.5,-0.2132,180,0,0,1181972
0,0,0,0.5,-0.2132,180,0,0,1181988
0,0,0,0.5,-0.2132,180,0,0,1182005
0,0,0,0.5,-0.2132,180,0,0,1182022
0,-2,0,0.5,-0.21347,180,0,0,1182039
0,-1,0,0.5,-0.213605,180,0,0,1182055
0,-3,0,0.5,-0.21401,180,0,0,1182072
0,-5,0,0.5,-0.214685,180,0,0,1182089
0,-6,0,0.5,-0.215495,180,0,0,1182105
0,-9,0,0.5,-0.21671,180,0,0,1182122
0,-8,-1,0.5,-0.21779,180,0,0,1182139
0,-7,-1,0.5,-0.218735,180,0,0,1182157
0,-7,-3,0.5,-0.21968,180,0,0,1182173
0,-6,-4,0.5,-0.22049,180,0,0,1182191
0,-6,-4,0.5,-0.2213,180,0,0,1182208
0,-5,-3,0.5,-0.221975,180,0,0,1182225
0,-4,-4,0.5,-0.222515,180,0,0,1182242
0,-3,-5,0.5,-0.22292,180,0,0,1182258
0,-1,-6,0.5,-0.223055,180,0,0,1182273
0,2,-7,0.5,-0.222785,180,0,0,1182290
0,7,-7,0.5,-0.22184,180,0,0,1182308
0,12,-5,0.5,-0.22022,180,0,0,1182323
0,19,-4,0.5,-0.217655,180,0,0,1182339
0,21,-2,0.5,-0.21482,180,0,0,1182356
0,22,-2,0.5,-0.21185,180,0,0,1182372
0,23,0,0.5,-0.208745,180,0,0,1182391
0,50,1,0.5,-0.201995,180,0,0,1182410
0,31,4,0.5,-0.19781,180,0,0,1182424
0,36,5,0.5,-0.19295,180,0,0,1182440
0,37,5,0.5,-0.187955,180,0,0,1182456
0,40,4,0.5,-0.182555,180,0,0,1182473
0,33,3,0.5,-0.1781,180,0,0,1182490
0,30,0,0.5,-0.17405,180,0,0,1182505
0,24,0,0.5,-0.17081,180,0,0,1182522
0,20,0,0.5,-0.16811,180,0,0,1182539
0,17,0,0.5,-0.165815,180,0,0,1182555
0,16,-1,0.5,-0.163655,180,0,0,1182572
0,18,-3,0.5,-0.161225,180,0,0,1182590
0,19,-3,0.5,-0.15866,180,0,0,1182606
0,22,-4,0.5,-0.15569,180,0,0,1182624
0,25,-3,0.5,-0.152315,180,0,0,1182639
0,25,-4,0.5,-0.14894,180,0,0,1182657
0,27,-3,0.5,-0.145295,180,0,0,1182673
0,29,-3,0.5,-0.14138,180,0,0,1182690
0,31,-4,0.5,-0.137195,180,0,0,1182707
0,36,-4,0.5,-0.132335,180,0,0,1182723
0,36,-4,0.5,-0.127475,180,0,0,1182741
0,35,-4,0.5,-0.12275,180,0,0,1182756
0,35,-4,0.5,-0.118025,180,0,0,1182773
0,33,-4,0.5,-0.11357,180,0,0,1182790
0,65,-5,0.5,-0.104795,180,0,0,1182807
0,31,-8,0.5,-0.10061,180,0,0,1182824
0,29,-6,0.5,-0.096695,180,0,0,1182841
0,26,-7,0.5,-0.093185,180,0,0,1182866
0,21,-7,0.5,-0.09035,180,0,0,1182874
0,19,-7,0.5,-0.087785,180,0,0,1182893
0,18,-6,0.5,-0.085355,180,0,0,1182907
0,15,-5,0.5,-0.08333,180,0,0,1182923
0,14,-5,0.5,-0.08144,180,0,0,1182942
0,12,-5,0.5,-0.07982,180,0,0,1182957
0,10,-5,0.5,-0.07847,180,0,0,1182976
0,10,-4,0.5,-0.07712,180,0,0,1182990
0,10,-4,0.5,-0.07577,180,0,0,1183007
0,12,-4,0.5,-0.07415,180,0,0,1183024
0,15,-4,0.5,-0.072125,180,0,0,1183041
0,20,-5,0.5,-0.069425,180,0,0,1183057
0,23,-5,0.5,-0.06632,180,0,0,1183073
0,26,-4,0.5,-0.06281,180,0,0,1183089
0,31,-4,0.5,-0.058625,180,0,0,1183107
0,31,-4,0.5,-0.05444,180,0,0,1183123
0,36,-4,0.5,-0.04958,180,0,0,1183139
0,36,-5,0.5,-0.04472,180,0,0,1183157
0,38,-7,0.5,-0.03959,180,0,0,1183173
0,33,-7,0.5,-0.035135,180,0,0,1183191
0,64,-15,0.5,-0.026495,180,0,0,1183209
0,30,-7,0.5,-0.022445,180,0,0,1183225
0,31,-6,0.5,-0.01826,180,0,0,1183240
0,32,-5,0.5,-0.01394,180,0,0,1183257
0,34,-5,0.5,-0.00935,180,0,0,1183273
0,38,-4,0.5,-0.00422,180,0,0,1183290
0,40,-6,0.5,0.00118,180,0,0,1183308
0,41,-7,0.5,0.006715,180,0,0,1183325
0,39,-8,0.5,0.01198,180,0,0,1183340
0,35,-8,0.5,0.016705,180,0,0,1183358
0,31,-7,0.5,0.02089,180,0,0,1183373
0,28,-6,0.5,0.02467,180,0,0,1183392
0,25,-5,0.5,0.028045,180,0,0,1183407
0,26,-4,0.5,0.031555,180,0,0,1183423
0,29,-6,0.5,0.03547,180,0,0,1183440
0,30,-5,0.5,0.03952,180,0,0,1183460
0,35,-7,0.5,0.044245,180,0,0,1183475
0,37,-8,0.5,0.04924,180,0,0,1183490
0,34,-10,0.5,0.05383,180,0,0,1183512
0,33,-13,0.5,0.058285,180,0,0,1183528
0,34,-14,0.5,0.062875,180,0,0,1183542
0,32,-13,0.5,0.067195,180,0,0,1183560
0,35,-10,0.5,0.07192,180,0,0,1183574
0,36,-8,0.5,0.07678,180,0,0,1183590
0,42,-8,0.5,0.08245,180,0,0,1183610
0,86,-14,0.5,0.09406,180,0,0,1183626
0,43,-7,0.5,0.099865,180,0,0,1183641
0,44,-8,0.5,0.105805,180,0,0,1183657
0,44,-11,0.5,0.111745,180,0,0,1183675
0,41,-12,0.5,0.11728,180,0,0,1183692
0,40,-12,0.5,0.12268,180,0,0,1183711
0,31,-10,0.5,0.126865,180,0,0,1183725
0,27,-7,0.5,0.13051,180,0,0,1183741
0,27,-7,0.5,0.134155,180,0,0,1183757
0,26,-7,0.5,0.137665,180,0,0,1183774
0,23,-8,0.5,0.14077,180,0,0,1183793
0,24,-8,0.5,0.14401,180,0,0,1183809
0,24,-6,0.5,0.14725,180,0,0,1183824
0,27,-7,0.5,0.150895,180,0,0,1183840
0,30,-7,0.5,0.154945,180,0,0,1183858
0,33,-8,0.5,0.1594,180,0,0,1183873
0,33,-7,0.5,0.163855,180,0,0,1183897
0,31,-3,0.5,0.16804,180,0,0,1183909
0,27,0,0.5,0.171685,180,0,0,1183922
0,25,0,0.5,0.17506,180,0,0,1183939
0,22,0,0.5,0.17803,180,0,0,1183955
0,22,0,0.5,0.181,180,0,0,1183972
0,24,0,0.5,0.18424,180,0,0,1183989
0,26,2,0.5,0.18775,180,0,0,1184006
0,55,3,0.5,0.195175,180,0,0,1184023
0,27,0,0.5,0.19882,180,0,0,1184039
0,28,-2,0.5,0.2026,180,0,0,1184056
0,30,-3,0.5,0.20665,180,0,0,1184072
0,29,-2,0.5,0.210565,180,0,0,1184089
0,26,1,0.5,0.214075,180,0,0,1184107
0,20,4,0.5,0.216775,180,0,0,1184124
0,20,6,0.5,0.219475,180,0,0,1184141
0,22,9,0.5,0.222445,180,0,0,1184158
0,28,11,0.5,0.226225,180,0,0,1184175
0,30,11,0.5,0.230275,180,0,0,1184192
0,33,12,0.5,0.23473,180,0,0,1184209
0,31,8,0.5,0.238915,180,0,0,1184224
0,28,5,0.5,0.242695,180,0,0,1184239
0,29,3,0.5,0.24661,180,0,0,1184257
0,27,2,0.5,0.250255,180,0,0,1184273
0,26,2,0.5,0.253765,180,0,0,1184289
0,23,3,0.5,0.25687,180,0,0,1184308
0,18,3,0.5,0.2593,180,0,0,1184323
0,17,3,0.5,0.261595,180,0,0,1184339
0,12,1,0.5,0.263215,180,0,0,1184358
0,7,0,0.5,0.26416,180,0,0,1184372
0,3,-1,0.5,0.264565,180,0,0,1184389
0,-4,-2,0.5,0.264025,180,0,0,1184407
0,-5,0,0.5,0.26335,180,0,0,1184422
0,-4,0,0.5,0.26281,180,0,0,1184439
0,-2,0,0.5,0.26254,180,0,0,1184457
0,0,0,0.5,0.26254,180,0,0,1184472
0,10,2,0.5,0.26389,180,0,0,1184490
0,19,2,0.5,0.266455,180,0,0,1184507
0,27,1,0.5,0.2701,180,0,0,1184523
0,34,0,0.5,0.27469,180,0,0,1184539
0,34,0,0.5,0.27928,180,0,0,1184556
0,27,0,0.5,0.282925,180,0,0,1184572
0,15,2,0.5,0.28495,180,0,0,1184590
0,8,5,0.5,0.28603,180,0,0,1184607
0,7,8,0.5,0.286975,180,0,0,1184623
0,10,10,0.5,0.288325,180,0,0,1184644
0,13,12,0.5,0.29008,180,0,0,1184660
0,15,12,0.5,0.292105,180,0,0,1184675
0,19,10,0.5,0.29467,180,0,0,1184692
0,18,9,0.5,0.2971,180,0,0,1184708
0,13,6,0.5,0.298855,180,0,0,1184723
0,10,6,0.5,0.300205,180,0,0,1184741
0,4,5,0.5,0.300745,180,0,0,1184757
0,4,3,0.5,0.301285,180,0,0,1184773
0,8,1,0.5,0.302365,180,0,0,1184791
0,14,0,0.5,0.304255,180,0,0,1184805
0,41,0,0.5,0.30979,180,0,0,1184822
0,22,0,0.5,0.31276,180,0,0,1184838
0,22,1,0.5,0.31573,180,0,0,1184856
0,24,3,0.5,0.31897,180,0,0,1184872
0,28,4,0.5,0.32275,180,0,0,1184890
0,28,5,0.5,0.32653,180,0,0,1184907
0,30,4,0.5,0.33058,180,0,0,1184923
0,31,1,0.5,0.334765,180,0,0,1184939
0,31,0,0.5,0.33895,180,0,0,1184956
0,33,0,0.5,0.343405,180,0,0,1184972
0,33,0,0.5,0.34786,180,0,0,1184989
0,31,0,0.5,0.352045,180,0,0,1185005
0,24,0,0.5,0.355285,180,0,0,1185022
0,20,0,0.5,0.357985,180,0,0,1185038
0,15,1,0.5,0.36001,180,0,0,1185055
0,13,1,0.5,0.361765,180,0,0,1185072
0,10,1,0.5,0.363115,180,0,0,1185089
0,6,0,0.5,0.363925,180,0,0,1185105
0,3,1,0.5,0.36433,180,0,0,1185122
0,0,1,0.5,0.36433,180,0,0,1185139
0,1,1,0.5,0.364465,180,0,0,1185155
0,4,1,0.5,0.365005,180,0,0,1185173
0,8,0,0.5,0.366085,180,0,0,1185189
0,14,0,0.5,0.367975,180,0,0,1185205
0,43,-3,0.5,0.37378,180,0,0,1185223
0,29,-4,0.5,0.377695,180,0,0,1185240
0,35,-3,0.5,0.38242,180,0,0,1185256
0,37,-2,0.5,0.387415,180,0,0,1185274
0,38,0,0.5,0.392545,180,0,0,1185288
0,38,0,0.5,0.397675,180,0,0,1185305
0,38,2,0.5,0.402805,180,0,0,1185323
0,34,3,0.5,0.407395,180,0,0,1185344
0,29,1,0.5,0.41131,180,0,0,1185359
0,27,0,0.5,0.414955,180,0,0,1185372
0,30,0,0.5,0.419005,180,0,0,1185388
0,31,-1,0.5,0.42319,180,0,0,1185406
0,32,-3,0.5,0.42751,180,0,0,1185423
0,31,-3,0.5,0.431695,180,0,0,1185439
0,30,-2,0.5,0.435745,180,0,0,1185458
0,31,0,0.5,0.43993,180,0,0,1185472
0,30,0,0.5,0.44398,180,0,0,1185488
0,29,0,0.5,0.447895,180,0,0,1185506
0,24,0,0.5,0.451135,180,0,0,1185522
0,16,0,0.5,0.453295,180,0,0,1185539
0,11,-1,0.5,0.45478,180,0,0,1185556
0,6,0,0.5,0.45559,180,0,0,1185572
0,3,-1,0.5,0.455995,180,0,0,1185589
0,3,0,0.5,0.4564,180,0,0,1185605
0,7,0,0.5,0.457345,180,0,0,1185622
0,7,0,0.5,0.45829,180,0,0,1185639
0,11,0,0.5,0.459775,180,0,0,1185656
0,15,0,0.5,0.4618,180,0,0,1185672
0,20,0,0.5,0.4645,180,0,0,1185689
0,24,0,0.5,0.46774,180,0,0,1185705
0,24,0,0.5,0.47098,180,0,0,1185722
0,21,3,0.5,0.473815,180,0,0,1185739
0,20,6,0.5,0.476515,180,0,0,1185757
0,17,8,0.5,0.47881,180,0,0,1185773
0,11,7,0.5,0.480295,180,0,0,1185790
0,5,5,0.5,0.48097,180,0,0,1185807
0,1,4,0.5,0.481105,180,0,0,1185825
0,-3,4,0.5,0.4807,180,0,0,1185839
0,-4,4,0.5,0.48016,180,0,0,1185856
0,-3,5,0.5,0.479755,180,0,0,1185874
0,0,4,0.5,0.479755,180,0,0,1185889
0,6,4,0.5,0.480565,180,0,0,1185907
0,15,3,0.5,0.48259,180,0,0,1185922
0,24,2,0.5,0.48583,180,0,0,1185939
0,27,0,0.5,0.489475,180,0,0,1185956
0,26,0,0.5,0.492985,180,0,0,1185972
0,24,4,0.5,0.496225,180,0,0,1185990
0,48,10,0.5,0.502705,180,0,0,1186008
0,24,20,0.5,0.505945,180,0,0,1186026
0,25,14,0.5,0.50932,180,0,0,1186042
0,22,9,0.5,0.51229,180,0,0,1186064
0,21,6,0.5,0.515125,180,0,0,1186073
0,20,5,0.5,0.517825,180,0,0,1186090
0,19,4,0.5,0.52039,180,0,0,1186107
0,22,3,0.5,0.52336,180,0,0,1186125
0,25,2,0.5,0.526735,180,0,0,1186143
0,25,2,0.5,0.53011,180,0,0,1186159
0,20,3,0.5,0.53281,180,0,0,1186173
0,16,5,0.5,0.53497,180,0,0,1186190
0,13,5,0.5,0.536725,180,0,0,1186206
0,9,5,0.5,0.53794,180,0,0,1186223
0,6,5,0.5,0.53875,180,0,0,1186241
0,3,5,0.5,0.539155,180,0,0,1186257
0,1,4,0.5,0.53929,180,0,0,1186274
0,1,5,0.5,0.539425,180,0,0,1186292
0,0,5,0.5,0.539425,180,0,0,1186306
0,2,6,0.5,0.539695,180,0,0,1186324
0,5,7,0.5,0.54037,180,0,0,1186340
0,8,7,0.5,0.54145,180,0,0,1186357
0,12,7,0.5,0.54307,180,0,0,1186374
0,14,7,0.5,0.54496,180,0,0,1186392
0,19,5,0.5,0.547525,180,0,0,1186406
0,46,10,0.5,0.553735,180,0,0,1186429
0,25,5,0.5,0.55711,180,0,0,1186444
0,25,7,0.5,0.560485,180,0,0,1186459
0,29,8,0.5,0.5644,180,0,0,1186482
0,26,9,0.5,0.56791,180,0,0,1186492
0,27,10,0.5,0.571555,180,0,0,1186507
0,24,7,0.5,0.574795,180,0,0,1186530
0,22,5,0.5,0.577765,180,0,0,1186540
0,22,4,0.5,0.580735,180,0,0,1186556
0,23,3,0.5,0.58384,180,0,0,1186573
0,25,2,0.5,0.587215,180,0,0,1186589
0,22,3,0.5,0.590185,180,0,0,1186606
0,19,2,0.5,0.59275,180,0,0,1186622
0,14,4,0.5,0.59464,180,0,0,1186639
0,9,4,0.5,0.595855,180,0,0,1186660
0,8,5,0.5,0.596935,180,0,0,1186677
0,5,4,0.5,0.59761,180,0,0,1186689
0,2,4,0.5,0.59788,180,0,0,1186706
0,-2,5,0.5,0.59761,180,0,0,1186723
0,-3,5,0.5,0.597205,180,0,0,1186739
0,-5,5,0.5,0.59653,180,0,0,1186759
0,-3,3,0.5,0.596125,180,0,0,1186773
0,-1,3,0.5,0.59599,180,0,0,1186789
0,4,2,0.5,0.59653,180,0,0,1186806
0,31,3,0.5,0.600715,180,0,0,1186823
0,28,0,0.5,0.604495,180,0,0,1186839
0,34,0,0.5,0.609085,180,0,0,1186855
0,35,-2,0.5,0.61381,180,0,0,1186872
0,34,-2,0.5,0.6184,180,0,0,1186889
0,26,-1,0.5,0.62191,180,0,0,1186906
0,21,1,0.5,0.624745,180,0,0,1186922
0,14,2,0.5,0.626635,180,0,0,1186939
0,12,3,0.5,0.628255,180,0,0,1186956
0,8,4,0.5,0.629335,180,0,0,1186974
0,8,5,0.5,0.630415,180,0,0,1186990
0,9,7,0.5,0.63163,180,0,0,1187007
0,12,9,0.5,0.63325,180,0,0,1187025
0,12,9,0.5,0.63487,180,0,0,1187040
0,14,10,0.5,0.63676,180,0,0,1187059
0,16,9,0.5,0.63892,180,0,0,1187074
0,19,7,0.5,0.641485,180,0,0,1187090
0,23,5,0.5,0.64459,180,0,0,1187108
0,22,3,0.5,0.64756,180,0,0,1187122
0,23,3,0.5,0.650665,180,0,0,1187139
0,21,2,0.5,0.6535,180,0,0,1187156
0,21,1,0.5,0.656335,180,0,0,1187173
0,18,0,0.5,0.658765,180,0,0,1187188
0,17,0,0.5,0.66106,180,0,0,1187205
0,28,0,0.5,0.66484,180,0,0,1187222
0,10,0,0.5,0.66619,180,0,0,1187238
0,9,0,0.5,0.667405,180,0,0,1187255
0,8,1,0.5,0.668485,180,0,0,1187272
0,8,2,0.5,0.669565,180,0,0,1187289
0,7,2,0.5,0.67051,180,0,0,1187307
0,4,3,0.5,0.67105,180,0,0,1187324
0,3,3,0.5,0.671455,180,0,0,1187339
0,2,3,0.5,0.671725,180,0,0,1187357
0,3,3,0.5,0.67213,180,0,0,1187373
0,7,5,0.5,0.673075,180,0,0,1187389
0,13,5,0.5,0.67483,180,0,0,1187407
0,18,5,0.5,0.67726,180,0,0,1187424
0,20,5,0.5,0.67996,180,0,0,1187440
0,25,6,0.5,0.683335,180,0,0,1187457
0,27,6,0.5,0.68698,180,0,0,1187474
0,27,6,0.5,0.690625,180,0,0,1187490
0,27,6,0.5,0.69427,180,0,0,1187507
0,24,6,0.5,0.69751,180,0,0,1187524
0,23,5,0.5,0.700615,180,0,0,1187540
0,21,5,0.5,0.70345,180,0,0,1187557
0,21,6,0.5,0.706285,180,0,0,1187574
0,19,6,0.5,0.70885,180,0,0,1187590
0,17,6,0.5,0.71,180,0,0,1187607
