0,51,4,0.5,-0.703115,180,0,0,335054
0,49,4,0.5,-0.6965,180,0,0,335065
0,48,5,0.5,-0.69002,180,0,0,335080
0,45,4,0.5,-0.683945,180,0,0,335096
0,50,4,0.5,-0.677195,180,0,0,335115
0,50,3,0.5,-0.670445,180,0,0,335132
0,56,0,0.5,-0.662885,180,0,0,335145
0,57,0,0.5,-0.65519,180,0,0,335161
0,57,0,0.5,-0.647495,180,0,0,335178
0,56,0,0.5,-0.639935,180,0,0,335195
0,52,0,0.5,-0.632915,180,0,0,335212
0,53,0,0.5,-0.62576,180,0,0,335228
0,56,1,0.5,-0.6182,180,0,0,335245
0,58,1,0.5,-0.61037,180,0,0,335264
0,121,0,0.5,-0.594035,180,0,0,335278
0,59,0,0.5,-0.58607,180,0,0,335296
0,58,0,0.5,-0.57824,180,0,0,335311
0,55,0,0.5,-0.570815,180,0,0,335328
0,52,4,0.5,-0.563795,180,0,0,335347
0,55,5,0.5,-0.55637,180,0,0,335365
0,56,5,0.5,-0.54881,180,0,0,335379
0,56,5,0.5,-0.54125,180,0,0,335397
0,59,3,0.5,-0.533285,180,0,0,335412
0,61,1,0.5,-0.52505,180,0,0,335428
0,51,0,0.5,-0.518165,180,0,0,335447
0,43,0,0.5,-0.51236,180,0,0,335462
0,41,0,0.5,-0.506825,180,0,0,335478
0,40,0,0.5,-0.501425,180,0,0,335496
0,41,0,0.5,-0.49589,180,0,0,335511
0,41,0,0.5,-0.490355,180,0,0,335528
0,43,0,0.5,-0.48455,180,0,0,335546
0,50,0,0.5,-0.4778,180,0,0,335561
0,49,1,0.5,-0.471185,180,0,0,335578
0,50,3,0.5,-0.464435,180,0,0,335596
0,52,2,0.5,-0.457415,180,0,0,335612
0,48,0,0.5,-0.450935,180,0,0,335628
0,40,0,0.5,-0.445535,180,0,0,335645
0,39,0,0.5,-0.44027,180,0,0,335662
0,78,3,0.5,-0.42974,180,0,0,335679
0,38,5,0.5,-0.42461,180,0,0,335697
0,31,5,0.5,-0.420425,180,0,0,335714
0,30,5,0.5,-0.416375,180,0,0,335730
0,27,4,0.5,-0.41273,180,0,0,335747
0,31,2,0.5,-0.408545,180,0,0,335762
0,42,0,0.5,-0.402875,180,0,0,335778
0,49,-1,0.5,-0.39626,180,0,0,335795
0,57,0,0.5,-0.388565,180,0,0,335811
0,59,0,0.5,-0.3806,180,0,0,335828
0,61,0,0.5,-0.372365,180,0,0,335847
0,58,0,0.5,-0.364535,180,0,0,335862
0,54,0,0.5,-0.357245,180,0,0,335878
0,54,0,0.5,-0.349955,180,0,0,335895
0,56,0,0.5,-0.342395,180,0,0,335911
0,56,0,0.5,-0.334835,180,0,0,335929
0,60,-1,0.5,-0.326735,180,0,0,335945
0,59,-1,0.5,-0.31877,180,0,0,335961
0,60,-1,0.5,-0.31067,180,0,0,335980
0,56,-4,0.5,-0.30311,180,0,0,336000
0,45,-6,0.5,-0.297035,180,0,0,336013
0,44,-7,0.5,-0.291095,180,0,0,336030
0,47,-6,0.5,-0.28475,180,0,0,336047
0,117,-2,0.5,-0.268955,180,0,0,336066
0,62,0,0.5,-0.260585,180,0,0,336078
0,67,0,0.5,-0.25154,180,0,0,336095
0,61,0,0.5,-0.243305,180,0,0,336113
0,58,0,0.5,-0.235475,180,0,0,336128
0,57,0,0.5,-0.22778,180,0,0,336145
0,54,0,0.5,-0.22049,180,0,0,336162
0,54,0,0.5,-0.2132,180,0,0,336178
0,55,0,0.5,-0.205775,180,0,0,336195
0,55,0,0.5,-0.19835,180,0,0,336211
0,48,0,0.5,-0.19187,180,0,0,336228
0,46,0,0.5,-0.18566,180,0,0,336244
0,45,0,0.5,-0.179585,180,0,0,336261
0,46,0,0.5,-0.173375,180,0,0,336278
0,48,0,0.5,-0.166895,180,0,0,336294
0,54,0,0.5,-0.159605,180,0,0,336311
0,56,0,0.5,-0.152045,180,0,0,336329
0,60,0,0.5,-0.143945,180,0,0,336344
0,59,0,0.5,-0.13598,180,0,0,336361
0,58,0,0.5,-0.12815,180,0,0,336379
0,58,0,0.5,-0.12032,180,0,0,336394
0,56,0,0.5,-0.11276,180,0,0,336411
0,58,0,0.5,-0.10493,180,0,0,336429
0,57,-2,0.5,-0.097235,180,0,0,336445
0,56,-2,0.5,-0.089675,180,0,0,336462
0,115,-3,0.5,-0.07415,180,0,0,336481
0,61,0,0.5,-0.065915,180,0,0,336495
0,68,0,0.5,-0.056735,180,0,0,336515
0,67,0,0.5,-0.04769,180,0,0,336528
0,62,0,0.5,-0.03932,180,0,0,336545
0,62,0,0.5,-0.03095,180,0,0,336563
0,63,0,0.5,-0.022445,180,0,0,336579
0,60,0,0.5,-0.014345,180,0,0,336595
0,60,0,0.5,-0.006245,180,0,0,336612
0,61,0,0.5,0.00199,180,0,0,336631
0,63,-1,0.5,0.010495,180,0,0,336649
0,62,0,0.5,0.018865,180,0,0,336662
0,60,-1,0.5,0.026965,180,0,0,336679
0,56,-2,0.5,0.034525,180,0,0,336695
0,57,0,0.5,0.04222,180,0,0,336711
0,54,0,0.5,0.04951,180,0,0,336728
0,48,-2,0.5,0.05599,180,0,0,336745
0,37,-5,0.5,0.060985,180,0,0,336763
0,33,-5,0.5,0.06544,180,0,0,336782
0,31,-5,0.5,0.069625,180,0,0,336796
0,29,-6,0.5,0.07354,180,0,0,336815
0,31,-7,0.5,0.077725,180,0,0,336832
0,35,-7,0.5,0.08245,180,0,0,336846
0,44,-7,0.5,0.08839,180,0,0,336864
0,114,-13,0.5,0.10378,180,0,0,336882
0,64,-7,0.5,0.11242,180,0,0,336897
0,62,-6,0.5,0.12079,180,0,0,336914
0,60,-6,0.5,0.12889,180,0,0,336930
0,63,-5,0.5,0.137395,180,0,0,336946
0,58,-5,0.5,0.145225,180,0,0,336964
0,60,-6,0.5,0.153325,180,0,0,336980
0,60,-5,0.5,0.161425,180,0,0,336996
0,58,-7,0.5,0.169255,180,0,0,337015
0,55,-7,0.5,0.17668,180,0,0,337030
0,56,-7,0.5,0.18424,180,0,0,337046
0,55,-7,0.5,0.191665,180,0,0,337064
0,54,-7,0.5,0.198955,180,0,0,337083
0,53,-7,0.5,0.20611,180,0,0,337097
0,48,-7,0.5,0.21259,180,0,0,337115
0,39,-9,0.5,0.217855,180,0,0,337137
0,37,-9,0.5,0.22285,180,0,0,337148
0,35,-9,0.5,0.227575,180,0,0,337167
0,34,-8,0.5,0.232165,180,0,0,337184
0,33,-8,0.5,0.23662,180,0,0,337198
0,31,-8,0.5,0.240805,180,0,0,337215
0,32,-8,0.5,0.245125,180,0,0,337232
0,36,-8,0.5,0.249985,180,0,0,337247
0,35,-7,0.5,0.25471,180,0,0,337264
0,72,-12,0.5,0.26443,180,0,0,337284
0,33,-11,0.5,0.268885,180,0,0,337298
0,28,-6,0.5,0.272665,180,0,0,337313
0,24,-5,0.5,0.275905,180,0,0,337331
0,18,-3,0.5,0.278335,180,0,0,337346
0,12,-3,0.5,0.279955,180,0,0,337364
0,8,-3,0.5,0.281035,180,0,0,337381
0,7,-3,0.5,0.28198,180,0,0,337396
0,4,-3,0.5,0.28252,180,0,0,337413
0,4,-2,0.5,0.28306,180,0,0,337429
0,5,-2,0.5,0.283735,180,0,0,337447
0,6,-2,0.5,0.284545,180,0,0,337463
0,10,-2,0.5,0.285895,180,0,0,337479
0,12,-1,0.5,0.287515,180,0,0,337496
0,15,-1,0.5,0.28954,180,0,0,337512
0,15,-1,0.5,0.291565,180,0,0,337528
0,16,-1,0.5,0.293725,180,0,0,337546
0,16,-2,0.5,0.295885,180,0,0,337563
0,15,-3,0.5,0.29791,180,0,0,337579
0,16,-4,0.5,0.30007,180,0,0,337596
0,16,-5,0.5,0.30223,180,0,0,337614
0,17,-6,0.5,0.304525,180,0,0,337630
0,19,-8,0.5,0.30709,180,0,0,337647
0,21,-8,0.5,0.309925,180,0,0,337666
0,37,-16,0.5,0.31492,180,0,0,337682
0,15,-6,0.5,0.316945,180,0,0,337696
0,10,-4,0.5,0.318295,180,0,0,337713
0,7,-3,0.5,0.31924,180,0,0,337729
0,4,-2,0.5,0.31978,180,0,0,337747
0,4,0,0.5,0.32032,180,0,0,337763
0,3,0,0.5,0.320725,180,0,0,337778
0,4,0,0.5,0.321265,180,0,0,337795
0,4,0,0.5,0.321805,180,0,0,337813
0,2,0,0.5,0.322075,180,0,0,337828
0,3,0,0.5,0.32248,180,0,0,337845
0,4,0,0.5,0.32302,180,0,0,337862
0,5,0,0.5,0.323695,180,0,0,337878
0,5,-1,0.5,0.32437,180,0,0,337895
0,7,0,0.5,0.325315,180,0,0,337911
0,8,0,0.5,0.326395,180,0,0,337928
0,7,0,0.5,0.32734,180,0,0,337944
0,8,0,0.5,0.32842,180,0,0,337963
0,8,0,0.5,0.3295,180,0,0,337978
0,7,0,0.5,0.330445,180,0,0,337994
0,6,-1,0.5,0.331255,180,0,0,338011
0,6,-1,0.5,0.332065,180,0,0,338028
0,5,-2,0.5,0.33274,180,0,0,338046
0,5,-2,0.5,0.333415,180,0,0,338062
0,7,-4,0.5,0.33436,180,0,0,338081
0,0,-2,0.5,0.33436,180,0,0,338096
0,6,-6,0.5,0.33517,180,0,0,338116
0,1,-3,0.5,0.335305,180,0,0,338130
0,2,-3,0.5,0.335575,180,0,0,338146
0,1,-3,0.5,0.33571,180,0,0,338163
0,1,-2,0.5,0.335845,180,0,0,338179
0,2,-2,0.5,0.336115,180,0,0,338196
0,1,-2,0.5,0.33625,180,0,0,338212
0,2,-1,0.5,0.33652,180,0,0,338229
0,0,-1,0.5,0.33652,180,0,0,338245
0,1,-1,0.5,0.336655,180,0,0,338262
0,1,0,0.5,0.33679,180,0,0,338278
0,0,0,0.5,0.33679,180,0,0,338294
0,0,0,0.5,0.33679,180,0,0,338311
0,0,0,0.5,0.33679,180,0,0,338328
0,0,0,0.5,0.33679,180,0,0,338344
0,0,0,0.5,0.33679,180,0,0,338361
0,0,1,0.5,0.33679,180,0,0,338378
0,-1,0,0.5,0.336655,180,0,0,338394
0,0,0,0.5,0.336655,180,0,0,338411
0,0,0,0.5,0.336655,180,0,0,338428
0,-3,0,0.5,0.33625,180,0,0,338444
0,0,0,0.5,0.33625,180,0,0,338461
0,-1,0,0.5,0.336115,180,0,0,338478
0,-1,0,0.5,0.33598,180,0,0,338494
0,0,-1,0.5,0.33598,180,0,0,338511
0,0,0,0.5,0.33598,180,0,0,338527
0,0,0,0.5,0.33598,180,0,0,338544
0,1,0,0.5,0.336115,180,0,0,338561
0,0,0,0.5,0.336115,180,0,0,338578
0,1,0,0.5,0.33625,180,0,0,338595
0,0,0,0.5,0.33625,180,0,0,338611
0,0,0,0.5,0.33625,180,0,0,338627
0,0,0,0.5,0.33625,180,0,0,338644
0,0,0,0.5,0.33625,180,0,0,338661
0,-1,0,0.5,0.336115,180,0,0,338678
0,0,0,0.5,0.336115,180,0,0,338694
0,0,0,0.5,0.336115,180,0,0,338711
0,0,0,0.5,0.336115,180,0,0,338727
0,0,0,0.5,0.336115,180,0,0,338744
0,0,0,0.5,0.336115,180,0,0,338761
0,0,0,0.5,0.336115,180,0,0,338777
0,0,0,0.5,0.336115,180,0,0,338794
0,0,0,0.5,0.336115,180,0,0,338811
0,0,0,0.5,0.336115,180,0,0,338827
0,0,0,0.5,0.336115,180,0,0,338844
0,0,0,0.5,0.336115,180,0,0,338861
0,0,0,0.5,0.336115,180,0,0,338878
0,0,0,0.5,0.336115,180,0,0,338894
0,0,0,0.5,0.336115,180,0,0,338911
0,0,0,0.5,0.336115,180,0,0,338927
0,0,0,0.5,0.336115,180,0,0,338944
0,0,0,0.5,0.336115,180,0,0,338961
0,0,0,0.5,0.336115,180,0,0,338978
0,0,0,0.5,0.336115,180,0,0,338994
0,0,1,0.5,0.336115,180,0,0,339011
0,0,0,0.5,0.336115,180,0,0,339027
0,1,0,0.5,0.33625,180,0,0,339045
0,0,0,0.5,0.33625,180,0,0,339061
0,0,0,0.5,0.33625,180,0,0,339078
0,0,0,0.5,0.33625,180,0,0,339094
0,0,0,0.5,0.33625,180,0,0,339111
0,0,0,0.5,0.33625,180,0,0,339128
0,0,0,0.5,0.33625,180,0,0,339144
0,0,0,0.5,0.33625,180,0,0,339162
0,0,0,0.5,0.33625,180,0,0,339178
0,0,0,0.5,0.33625,180,0,0,339194
0,0,0,0.5,0.33625,180,0,0,339211
0,0,0,0.5,0.33625,180,0,0,339227
0,0,0,0.5,0.33625,180,0,0,339244
0,0,0,0.5,0.33625,180,0,0,339261
0,0,0,0.5,0.33625,180,0,0,339277
0,1,0,0.5,0.336385,180,0,0,339295
0,0,0,0.5,0.336385,180,0,0,339311
0,0,0,0.5,0.336385,180,0,0,339327
0,0,0,0.5,0.336385,180,0,0,339344
0,-1,0,0.5,0.33625,180,0,0,339361
0,0,0,0.5,0.33625,180,0,0,339377
0,0,0,0.5,0.33625,180,0,0,339394
0,0,0,0.5,0.33625,180,0,0,339411
0,0,0,0.5,0.33625,180,0,0,339427
0,1,0,0.5,0.336385,180,0,0,339445
0,1,1,0.5,0.33652,180,0,0,339461
0,1,0,0.5,0.336655,180,0,0,339478
0,0,0,0.5,0.336655,180,0,0,339494
0,0,0,0.5,0.336655,180,0,0,339511
0,0,0,0.5,0.336655,180,0,0,339528
0,0,0,0.5,0.336655,180,0,0,339544
0,0,0,0.5,0.336655,180,0,0,339561
0,0,0,0.5,0.336655,180,0,0,339577
0,0,0,0.5,0.336655,180,0,0,339594
0,0,0,0.5,0.336655,180,0,0,339611
0,0,0,0.5,0.336655,180,0,0,339627
0,1,1,0.5,0.33679,180,0,0,339645
0,0,0,0.5,0.33679,180,0,0,339661
0,1,1,0.5,0.336925,180,0,0,339678
0,1,0,0.5,0.33706,180,0,0,339695
0,1,0,0.5,0.337195,180,0,0,339711
0,0,0,0.5,0.337195,180,0,0,339727
0,0,0,0.5,0.337195,180,0,0,339744
0,1,0,0.5,0.33733,180,0,0,339763
0,0,0,0.5,0.33733,180,0,0,339778
0,0,0,0.5,0.33733,180,0,0,339796
0,0,0,0.5,0.33733,180,0,0,339811
0,0,1,0.5,0.33733,180,0,0,339828
0,0,0,0.5,0.33733,180,0,0,339844
0,0,0,0.5,0.33733,180,0,0,339861
0,1,0,0.5,0.337465,180,0,0,339878
0,1,0,0.5,0.3376,180,0,0,339896
0,0,0,0.5,0.3376,180,0,0,339911
0,1,0,0.5,0.337735,180,0,0,339928
0,1,0,0.5,0.33787,180,0,0,339945
0,0,0,0.5,0.33787,180,0,0,339961
0,0,0,0.5,0.33787,180,0,0,339977
0,0,0,0.5,0.33787,180,0,0,339995
0,0,0,0.5,0.33787,180,0,0,340011
0,0,0,0.5,0.33787,180,0,0,340027
0,0,0,0.5,0.33787,180,0,0,340044
0,0,0,0.5,0.33787,180,0,0,340061
0,0,0,0.5,0.33787,180,0,0,340078
0,1,0,0.5,0.338005,180,0,0,340095
0,1,0,0.5,0.33814,180,0,0,340111
0,0,0,0.5,0.33814,180,0,0,340127
0,1,0,0.5,0.338275,180,0,0,340146
0,1,0,0.5,0.33841,180,0,0,340161
0,0,0,0.5,0.33841,180,0,0,340178
0,0,0,0.5,0.33841,180,0,0,340195
0,0,0,0.5,0.33841,180,0,0,340211
0,0,0,0.5,0.33841,180,0,0,340227
0,0,0,0.5,0.33841,180,0,0,340244
0,1,0,0.5,0.338545,180,0,0,340261
0,0,0,0.5,0.338545,180,0,0,340277
0,0,0,0.5,0.338545,180,0,0,340294
0,0,0,0.5,0.338545,180,0,0,340311
0,1,0,0.5,0.33868,180,0,0,340328
0,0,0,0.5,0.33868,180,0,0,340344
0,1,0,0.5,0.338815,180,0,0,340361
0,0,0,0.5,0.338815,180,0,0,340377
0,0,0,0.5,0.338815,180,0,0,340394
0,0,0,0.5,0.338815,180,0,0,340411
0,0,0,0.5,0.338815,180,0,0,340427
0,0,0,0.5,0.338815,180,0,0,340444
0,0,0,0.5,0.338815,180,0,0,340461
0,0,0,0.5,0.338815,180,0,0,340478
0,1,0,0.5,0.33895,180,0,0,340494
0,0,0,0.5,0.33895,180,0,0,340511
0,0,0,0.5,0.33895,180,0,0,340527
0,1,0,0.5,0.339085,180,0,0,340545
0,0,0,0.5,0.339085,180,0,0,340561
0,0,0,0.5,0.339085,180,0,0,340577
0,1,0,0.5,0.33922,180,0,0,340595
0,0,0,0.5,0.33922,180,0,0,340611
0,0,0,0.5,0.33922,180,0,0,340627
0,0,0,0.5,0.33922,180,0,0,340644
0,0,0,0.5,0.33922,180,0,0,340661
0,0,0,0.5,0.33922,180,0,0,340678
0,0,0,0.5,0.33922,180,0,0,340694
0,0,0,0.5,0.33922,180,0,0,340711
0,0,0,0.5,0.33922,180,0,0,340728
0,0,0,0.5,0.33922,180,0,0,340744
0,0,0,0.5,0.33922,180,0,0,340761
0,0,0,0.5,0.33922,180,0,0,340777
0,0,0,0.5,0.33922,180,0,0,340794
0,0,0,0.5,0.33922,180,0,0,340811
0,0,0,0.5,0.33922,180,0,0,340828
0,0,0,0.5,0.33922,180,0,0,340846
0,0,0,0.5,0.33922,180,0,0,340861
0,0,0,0.5,0.33922,180,0,0,340878
0,0,0,0.5,0.33922,180,0,0,340894
0,0,0,0.5,0.33922,180,0,0,340911
0,0,0,0.5,0.33922,180,0,0,340928
0,0,0,0.5,0.33922,180,0,0,340944
0,0,0,0.5,0.33922,180,0,0,340961
0,0,0,0.5,0.33922,180,0,0,340977
0,0,0,0.5,0.33922,180,0,0,340995
0,0,0,0.5,0.33922,180,0,0,341011
0,0,0,0.5,0.33922,180,0,0,341027
0,0,-1,0.5,0.33922,180,0,0,341045
0,1,0,0.5,0.339355,180,0,0,341061
0,0,0,0.5,0.339355,180,0,0,341077
0,-1,0,0.5,0.33922,180,0,0,341096
0,0,0,0.5,0.33922,180,0,0,341111
0,0,0,0.5,0.33922,180,0,0,341128
0,0,0,0.5,0.33922,180,0,0,341144
0,0,0,0.5,0.33922,180,0,0,341161
0,0,0,0.5,0.33922,180,0,0,341178
0,0,0,0.5,0.33922,180,0,0,341194
0,0,0,0.5,0.33922,180,0,0,341211
0,-1,0,0.5,0.339085,180,0,0,341228
0,0,0,0.5,0.339085,180,0,0,341244
0,0,0,0.5,0.339085,180,0,0,341261
0,0,0,0.5,0.339085,180,0,0,341277
0,0,0,0.5,0.339085,180,0,0,341294
0,0,0,0.5,0.339085,180,0,0,341311
0,0,0,0.5,0.339085,180,0,0,341327
0,0,0,0.5,0.339085,180,0,0,341344
0,0,0,0.5,0.339085,180,0,0,341361
0,-1,0,0.5,0.33895,180,0,0,341378
0,0,0,0.5,0.33895,180,0,0,341394
0,0,0,0.5,0.33895,180,0,0,341411
0,0,0,0.5,0.33895,180,0,0,341427
0,0,0,0.5,0.33895,180,0,0,341444
0,0,0,0.5,0.33895,180,0,0,341461
0,0,0,0.5,0.33895,180,0,0,341477
0,0,0,0.5,0.33895,180,0,0,341494
0,0,0,0.5,0.33895,180,0,0,341511
0,0,0,0.5,0.33895,180,0,0,341527
0,0,0,0.5,0.33895,180,0,0,341544
0,0,0,0.5,0.33895,180,0,0,341561
0,0,0,0.5,0.33895,180,0,0,341577
0,-1,0,0.5,0.338815,180,0,0,341594
0,0,0,0.5,0.338815,180,0,0,341611
0,0,0,0.5,0.338815,180,0,0,341627
0,-1,0,0.5,0.33868,180,0,0,341645
0,0,0,0.5,0.33868,180,0,0,341661
0,0,0,0.5,0.33868,180,0,0,341677
0,0,0,0.5,0.33868,180,0,0,341694
0,0,0,0.5,0.33868,180,0,0,341711
0,0,0,0.5,0.33868,180,0,0,341727
0,0,0,0.5,0.33868,180,0,0,341744
0,0,0,0.5,0.33868,180,0,0,341761
0,0,0,0.5,0.33868,180,0,0,341777
0,0,0,0.5,0.33868,180,0,0,341794
0,0,0,0.5,0.33868,180,0,0,341811
0,0,0,0.5,0.33868,180,0,0,341827
0,0,0,0.5,0.33868,180,0,0,341844
0,0,0,0.5,0.33868,180,0,0,341861
0,0,0,0.5,0.33868,180,0,0,341877
0,0,0,0.5,0.33868,180,0,0,341894
0,-1,0,0.5,0.338545,180,0,0,341911
0,0,0,0.5,0.338545,180,0,0,341928
0,0,0,0.5,0.338545,180,0,0,341944
0,0,0,0.5,0.338545,180,0,0,341961
0,0,0,0.5,0.338545,180,0,0,341977
0,0,0,0.5,0.338545,180,0,0,341994
0,0,0,0.5,0.338545,180,0,0,342011
0,0,0,0.5,0.338545,180,0,0,342027
0,0,0,0.5,0.338545,180,0,0,342045
0,0,0,0.5,0.338545,180,0,0,342062
0,1,0,0.5,0.33868,180,0,0,342079
0,0,0,0.5,0.33868,180,0,0,342095
0,0,0,0.5,0.33868,180,0,0,342111
0,0,0,0.5,0.33868,180,0,0,342127
0,0,0,0.5,0.33868,180,0,0,342144
0,0,0,0.5,0.33868,180,0,0,342161
0,0,0,0.5,0.33868,180,0,0,342178
0,0,0,0.5,0.33868,180,0,0,342194
0,0,0,0.5,0.33868,180,0,0,342211
0,-1,0,0.5,0.338545,180,0,0,342228
0,0,0,0.5,0.338545,180,0,0,342244
0,0,0,0.5,0.338545,180,0,0,342261
0,0,0,0.5,0.338545,180,0,0,342277
0,0,0,0.5,0.338545,180,0,0,342294
0,0,0,0.5,0.338545,180,0,0,342311
0,0,0,0.5,0.338545,180,0,0,342327
0,0,0,0.5,0.338545,180,0,0,342344
0,0,0,0.5,0.338545,180,0,0,342361
0,0,0,0.5,0.338545,180,0,0,342377
0,0,0,0.5,0.338545,180,0,0,342394
0,-1,0,0.5,0.33841,180,0,0,342411
0,0,0,0.5,0.33841,180,0,0,342427
0,0,0,0.5,0.33841,180,0,0,342444
0,0,0,0.5,0.33841,180,0,0,342461
0,0,0,0.5,0.33841,180,0,0,342477
0,0,0,0.5,0.33841,180,0,0,342494
0,0,0,0.5,0.33841,180,0,0,342511
0,0,0,0.5,0.33841,180,0,0,342527
0,0,0,0.5,0.33841,180,0,0,342544
0,0,0,0.5,0.33841,180,0,0,342561
0,0,0,0.5,0.33841,180,0,0,342578
0,0,0,0.5,0.33841,180,0,0,342595
0,0,0,0.5,0.33841,180,0,0,342611
0,0,0,0.5,0.33841,180,0,0,342627
0,0,0,0.5,0.33841,180,0,0,342644
0,0,0,0.5,0.33841,180,0,0,342661
0,0,0,0.5,0.33841,180,0,0,342677
0,0,0,0.5,0.33841,180,0,0,342694
0,0,0,0.5,0.33841,180,0,0,342711
0,0,0,0.5,0.33841,180,0,0,342727
0,0,0,0.5,0.33841,180,0,0,342744
0,0,0,0.5,0.33841,180,0,0,342761
0,0,0,0.5,0.33841,180,0,0,342777
0,0,0,0.5,0.33841,180,0,0,342794
0,0,0,0.5,0.33841,180,0,0,342811
0,0,0,0.5,0.33841,180,0,0,342827
0,0,0,0.5,0.33841,180,0,0,342844
0,0,0,0.5,0.33841,180,0,0,342861
0,0,0,0.5,0.33841,180,0,0,342877
0,0,0,0.5,0.33841,180,0,0,342894
0,0,0,0.5,0.33841,180,0,0,342911
0,0,0,0.5,0.33841,180,0,0,342927
0,0,0,0.5,0.33841,180,0,0,342944
0,0,0,0.5,0.33841,180,0,0,342961
0,0,0,0.5,0.33841,180,0,0,342977
0,0,0,0.5,0.33841,180,0,0,342994
0,0,0,0.5,0.33841,180,0,0,343011
0,0,0,0.5,0.33841,180,0,0,343027
0,0,1,0.5,0.33841,180,0,0,343044
0,0,0,0.5,0.33841,180,0,0,343061
0,0,0,0.5,0.33841,180,0,0,343077
0,0,0,0.5,0.33841,180,0,0,343094
0,1,0,0.5,0.338545,180,0,0,343111
0,0,0,0.5,0.338545,180,0,0,343127
0,0,0,0.5,0.338545,180,0,0,343144
0,0,0,0.5,0.338545,180,0,0,343161
0,0,0,0.5,0.338545,180,0,0,343177
0,1,0,0.5,0.33868,180,0,0,343194
0,0,0,0.5,0.33868,180,0,0,343211
0,0,0,0.5,0.33868,180,0,0,343227
0,0,0,0.5,0.33868,180,0,0,343244
0,0,0,0.5,0.33868,180,0,0,343261
0,0,0,0.5,0.33868,180,0,0,343277
0,0,0,0.5,0.33868,180,0,0,343294
0,0,0,0.5,0.33868,180,0,0,343311
0,0,0,0.5,0.33868,180,0,0,343328
0,0,0,0.5,0.33868,180,0,0,343344
0,0,0,0.5,0.33868,180,0,0,343361
0,0,0,0.5,0.33868,180,0,0,343377
0,1,0,0.5,0.338815,180,0,0,343395
0,0,0,0.5,0.338815,180,0,0,343411
0,0,0,0.5,0.338815,180,0,0,343427
0,0,0,0.5,0.338815,180,0,0,343444
0,1,0,0.5,0.33895,180,0,0,343461
0,0,0,0.5,0.33895,180,0,0,343477
0,0,0,0.5,0.33895,180,0,0,343494
0,0,0,0.5,0.33895,180,0,0,343511
0,0,0,0.5,0.33895,180,0,0,343527
0,0,0,0.5,0.33895,180,0,0,343544
0,0,0,0.5,0.33895,180,0,0,343561
0,0,0,0.5,0.33895,180,0,0,343577
0,0,0,0.5,0.33895,180,0,0,343594
0,0,0,0.5,0.33895,180,0,0,343611
0,0,0,0.5,0.33895,180,0,0,343627
0,0,0,0.5,0.33895,180,0,0,343645
0,1,0,0.5,0.339085,180,0,0,343661
0,0,0,0.5,0.339085,180,0,0,343677
0,0,0,0.5,0.339085,180,0,0,343694
0,0,0,0.5,0.339085,180,0,0,343711
0,0,0,0.5,0.339085,180,0,0,343727
0,0,0,0.5,0.339085,180,0,0,343745
0,0,0,0.5,0.339085,180,0,0,343761
0,0,0,0.5,0.339085,180,0,0,343777
0,0,0,0.5,0.339085,180,0,0,343794
0,0,0,0.5,0.339085,180,0,0,343811
0,0,0,0.5,0.339085,180,0,0,343828
0,0,0,0.5,0.339085,180,0,0,343845
0,0,0,0.5,0.339085,180,0,0,343861
0,0,0,0.5,0.339085,180,0,0,343877
0,0,0,0.5,0.339085,180,0,0,343894
0,0,0,0.5,0.339085,180,0,0,343911
0,0,0,0.5,0.339085,180,0,0,343927
0,0,0,0.5,0.339085,180,0,0,343944
0,0,0,0.5,0.339085,180,0,0,343961
0,0,0,0.5,0.339085,180,0,0,343977
0,2,0,0.5,0.339355,180,0,0,343995
0,0,0,0.5,0.339355,180,0,0,344011
0,0,0,0.5,0.339355,180,0,0,344028
0,0,0,0.5,0.339355,180,0,0,344045
0,0,0,0.5,0.339355,180,0,0,344061
0,0,0,0.5,0.339355,180,0,0,344077
0,0,0,0.5,0.339355,180,0,0,344094
0,0,0,0.5,0.339355,180,0,0,344111
0,0,0,0.5,0.339355,180,0,0,344127
0,0,0,0.5,0.339355,180,0,0,344144
0,0,0,0.5,0.339355,180,0,0,344161
0,0,0,0.5,0.339355,180,0,0,344177
0,0,0,0.5,0.339355,180,0,0,344194
0,0,0,0.5,0.339355,180,0,0,344211
0,0,0,0.5,0.339355,180,0,0,344227
0,0,0,0.5,0.339355,180,0,0,344244
0,0,0,0.5,0.339355,180,0,0,344262
0,0,0,0.5,0.339355,180,0,0,344279
0,0,0,0.5,0.339355,180,0,0,344295
0,0,0,0.5,0.339355,180,0,0,344311
0,0,0,0.5,0.339355,180,0,0,344327
0,0,0,0.5,0.339355,180,0,0,344345
0,0,0,0.5,0.339355,180,0,0,344361
0,0,0,0.5,0.339355,180,0,0,344378
0,0,0,0.5,0.339355,180,0,0,344395
0,0,0,0.5,0.339355,180,0,0,344411
0,0,0,0.5,0.339355,180,0,0,344427
0,0,0,0.5,0.339355,180,0,0,344444
0,0,0,0.5,0.339355,180,0,0,344461
0,0,0,0.5,0.339355,180,0,0,344477
0,0,0,0.5,0.339355,180,0,0,344494
0,0,0,0.5,0.339355,180,0,0,344511
0,0,0,0.5,0.339355,180,0,0,344527
0,0,0,0.5,0.339355,180,0,0,344545
0,0,0,0.5,0.339355,180,0,0,344561
0,1,0,0.5,0.33949,180,0,0,344578
0,0,0,0.5,0.33949,180,0,0,344595
0,0,0,0.5,0.33949,180,0,0,344611
0,0,0,0.5,0.33949,180,0,0,344627
0,0,0,0.5,0.33949,180,0,0,344644
0,0,0,0.5,0.33949,180,0,0,344661
0,0,0,0.5,0.33949,180,0,0,344677
0,0,0,0.5,0.33949,180,0,0,344694
0,0,0,0.5,0.33949,180,0,0,344711
0,0,0,0.5,0.33949,180,0,0,344727
0,0,0,0.5,0.33949,180,0,0,344746
0,0,0,0.5,0.33949,180,0,0,344761
0,0,0,0.5,0.33949,180,0,0,344777
0,0,0,0.5,0.33949,180,0,0,344795
0,0,0,0.5,0.33949,180,0,0,344811
0,0,0,0.5,0.33949,180,0,0,344827
0,0,0,0.5,0.33949,180,0,0,344844
0,0,0,0.5,0.33949,180,0,0,344861
0,0,0,0.5,0.33949,180,0,0,344877
0,0,0,0.5,0.33949,180,0,0,344894
0,0,0,0.5,0.33949,180,0,0,344911
0,0,0,0.5,0.33949,180,0,0,344927
0,0,0,0.5,0.33949,180,0,0,344945
0,0,0,0.5,0.33949,180,0,0,344961
0,0,0,0.5,0.33949,180,0,0,344977
0,0,0,0.5,0.33949,180,0,0,344994
0,0,0,0.5,0.33949,180,0,0,345011
0,0,0,0.5,0.33949,180,0,0,345027
0,0,0,0.5,0.33949,180,0,0,345044
0,0,0,0.5,0.33949,180,0,0,345061
0,0,0,0.5,0.33949,180,0,0,345077
0,0,0,0.5,0.33949,180,0,0,345094
0,0,0,0.5,0.33949,180,0,0,345111
0,0,0,0.5,0.33949,180,0,0,345127
0,0,0,0.5,0.33949,180,0,0,345144
0,0,0,0.5,0.33949,180,0,0,345161
0,0,0,0.5,0.33949,180,0,0,345177
0,0,0,0.5,0.33949,180,0,0,345194
0,0,0,0.5,0.33949,180,0,0,345211
0,0,0,0.5,0.33949,180,0,0,345228
0,0,0,0.5,0.33949,180,0,0,345247
0,0,0,0.5,0.33949,180,0,0,345262
0,0,0,0.5,0.33949,180,0,0,345278
0,0,0,0.5,0.33949,180,0,0,345294
0,0,0,0.5,0.33949,180,0,0,345311
0,0,0,0.5,0.33949,180,0,0,345327
0,0,0,0.5,0.33949,180,0,0,345344
0,0,0,0.5,0.33949,180,0,0,345360
0,0,0,0.5,0.33949,180,0,0,345377
0,0,-1,0.5,0.33949,180,0,0,345394
0,0,0,0.5,0.33949,180,0,0,345410
0,0,0,0.5,0.33949,180,0,0,345428
0,0,0,0.5,0.33949,180,0,0,345444
0,0,0,0.5,0.33949,180,0,0,345461
0,0,0,0.5,0.33949,180,0,0,345477
0,0,0,0.5,0.33949,180,0,0,345494
0,0,0,0.5,0.33949,180,0,0,345510
0,0,0,0.5,0.33949,180,0,0,345527
0,0,0,0.5,0.33949,180,0,0,345544
0,0,0,0.5,0.33949,180,0,0,345560
0,0,0,0.5,0.33949,180,0,0,345577
0,0,0,0.5,0.33949,180,0,0,345594
0,0,0,0.5,0.33949,180,0,0,345611
0,0,0,0.5,0.33949,180,0,0,345627
0,0,0,0.5,0.33949,180,0,0,345644
0,0,0,0.5,0.33949,180,0,0,345660
0,0,0,0.5,0.33949,180,0,0,345677
0,0,0,0.5,0.33949,180,0,0,345694
0,0,0,0.5,0.33949,180,0,0,345710
0,0,0,0.5,0.33949,180,0,0,345728
0,0,0,0.5,0.33949,180,0,0,345744
0,0,0,0.5,0.33949,180,0,0,345761
0,0,0,0.5,0.33949,180,0,0,345778
0,0,0,0.5,0.33949,180,0,0,345794
0,0,0,0.5,0.33949,180,0,0,345810
0,0,0,0.5,0.33949,180,0,0,345827
0,0,0,0.5,0.33949,180,0,0,345844
0,0,0,0.5,0.33949,180,0,0,345860
0,0,0,0.5,0.33949,180,0,0,345877
0,0,0,0.5,0.33949,180,0,0,345894
0,0,0,0.5,0.33949,180,0,0,345910
0,0,0,0.5,0.33949,180,0,0,345927
0,0,0,0.5,0.33949,180,0,0,345944
0,0,0,0.5,0.33949,180,0,0,345960
0,0,0,0.5,0.33949,180,0,0,345977
0,0,0,0.5,0.33949,180,0,0,345994
0,0,0,0.5,0.33949,180,0,0,346011
0,0,0,0.5,0.33949,180,0,0,346027
0,0,0,0.5,0.33949,180,0,0,346044
0,0,0,0.5,0.33949,180,0,0,346061
0,0,0,0.5,0.33949,180,0,0,346077
0,0,0,0.5,0.33949,180,0,0,346094
0,0,0,0.5,0.33949,180,0,0,346111
0,0,0,0.5,0.33949,180,0,0,346127
0,0,0,0.5,0.33949,180,0,0,346144
0,0,0,0.5,0.33949,180,0,0,346161
0,0,0,0.5,0.33949,180,0,0,346177
0,0,0,0.5,0.33949,180,0,0,346194
0,0,0,0.5,0.33949,180,0,0,346211
0,0,0,0.5,0.33949,180,0,0,346228
0,0,0,0.5,0.33949,180,0,0,346244
0,0,0,0.5,0.33949,180,0,0,346261
0,0,0,0.5,0.33949,180,0,0,346278
0,0,0,0.5,0.33949,180,0,0,346294
0,0,0,0.5,0.33949,180,0,0,346311
0,-1,0,0.5,0.339355,180,0,0,346328
0,0,0,0.5,0.339355,180,0,0,346344
0,0,0,0.5,0.339355,180,0,0,346360
0,0,0,0.5,0.339355,180,0,0,346377
0,0,0,0.5,0.339355,180,0,0,346394
0,0,0,0.5,0.339355,180,0,0,346410
0,0,0,0.5,0.339355,180,0,0,346427
0,-4,0,0.5,0.338815,180,0,0,346444
0,-3,0,0.5,0.33841,180,0,0,346461
0,-3,0,0.5,0.338005,180,0,0,346477
0,-4,0,0.5,0.337465,180,0,0,346494
0,-4,0,0.5,0.336925,180,0,0,346511
0,-17,-1,0.5,0.33463,180,0,0,346529
0,-13,-1,0.5,0.332875,180,0,0,346545
0,-17,-2,0.5,0.33058,180,0,0,346561
0,-20,-2,0.5,0.32788,180,0,0,346579
0,-19,-3,0.5,0.325315,180,0,0,346600
0,-16,-4,0.5,0.323155,180,0,0,346612
0,-14,-5,0.5,0.321265,180,0,0,346630
0,-13,-5,0.5,0.31951,180,0,0,346647
0,-11,-5,0.5,0.318025,180,0,0,346663
0,-8,-5,0.5,0.316945,180,0,0,346679
0,-8,-5,0.5,0.315865,180,0,0,346698
0,-6,-7,0.5,0.315055,180,0,0,346713
0,-6,-8,0.5,0.314245,180,0,0,346730
0,-4,-9,0.5,0.313705,180,0,0,346747
0,-3,-8,0.5,0.3133,180,0,0,346763
0,-2,-7,0.5,0.31303,180,0,0,346780
0,0,-5,0.5,0.31303,180,0,0,346797
0,1,-3,0.5,0.313165,180,0,0,346812
0,5,-4,0.5,0.31384,180,0,0,346829
0,9,-4,0.5,0.315055,180,0,0,346846
0,11,-4,0.5,0.31654,180,0,0,346864
0,12,-4,0.5,0.31816,180,0,0,346880
0,13,-5,0.5,0.319915,180,0,0,346896
0,14,-5,0.5,0.321805,180,0,0,346913
0,31,-7,0.5,0.32599,180,0,0,346930
0,18,-3,0.5,0.32842,180,0,0,346945
0,19,-3,0.5,0.330985,180,0,0,346962
0,21,-3,0.5,0.33382,180,0,0,346979
0,22,-3,0.5,0.33679,180,0,0,346995
0,24,-3,0.5,0.34003,180,0,0,347015
0,24,-3,0.5,0.34327,180,0,0,347030
0,24,-2,0.5,0.34651,180,0,0,347046
0,22,-2,0.5,0.34948,180,0,0,347065
0,23,-2,0.5,0.352585,180,0,0,347079
0,24,-2,0.5,0.355825,180,0,0,347096
0,26,-2,0.5,0.359335,180,0,0,347112
0,27,-1,0.5,0.36298,180,0,0,347128
0,30,0,0.5,0.36703,180,0,0,347144
0,32,0,0.5,0.37135,180,0,0,347162
0,31,-1,0.5,0.375535,180,0,0,347178
0,26,-1,0.5,0.379045,180,0,0,347195
0,26,-3,0.5,0.382555,180,0,0,347212
0,25,-3,0.5,0.38593,180,0,0,347228
0,24,-3,0.5,0.38917,180,0,0,347245
0,29,-3,0.5,0.393085,180,0,0,347262
0,31,-3,0.5,0.39727,180,0,0,347278
0,32,-3,0.5,0.40159,180,0,0,347297
0,33,-4,0.5,0.406045,180,0,0,347312
0,56,-7,0.5,0.413605,180,0,0,347330
0,22,-4,0.5,0.416575,180,0,0,347348
0,20,-5,0.5,0.419275,180,0,0,347363
0,20,-3,0.5,0.421975,180,0,0,347379
0,20,-3,0.5,0.424675,180,0,0,347396
0,21,-2,0.5,0.42751,180,0,0,347414
0,21,-2,0.5,0.430345,180,0,0,347428
0,21,-2,0.5,0.43318,180,0,0,347445
0,23,-2,0.5,0.436285,180,0,0,347464
0,24,0,0.5,0.439525,180,0,0,347477
0,26,0,0.5,0.443035,180,0,0,347495
0,26,0,0.5,0.446545,180,0,0,347512
0,28,1,0.5,0.450325,180,0,0,347528
0,26,1,0.5,0.453835,180,0,0,347545
0,22,0,0.5,0.456805,180,0,0,347562
0,18,0,0.5,0.459235,180,0,0,347577
0,18,0,0.5,0.461665,180,0,0,347595
0,18,0,0.5,0.464095,180,0,0,347611
0,23,0,0.5,0.4672,180,0,0,347628
0,24,0,0.5,0.47044,180,0,0,347645
0,29,2,0.5,0.474355,180,0,0,347662
0,29,2,0.5,0.47827,180,0,0,347678
0,28,2,0.5,0.48205,180,0,0,347695
0,27,2,0.5,0.485695,180,0,0,347713
0,24,1,0.5,0.488935,180,0,0,347728
0,41,0,0.5,0.49447,180,0,0,347745
0,14,0,0.5,0.49636,180,0,0,347761
0,15,0,0.5,0.498385,180,0,0,347777
0,13,0,0.5,0.50014,180,0,0,347794
0,12,0,0.5,0.50176,180,0,0,347811
0,11,0,0.5,0.503245,180,0,0,347829
0,9,0,0.5,0.50446,180,0,0,347844
0,6,0,0.5,0.50527,180,0,0,347862
0,4,0,0.5,0.50581,180,0,0,347878
0,1,0,0.5,0.505945,180,0,0,347894
0,0,0,0.5,0.505945,180,0,0,347911
0,-3,0,0.5,0.50554,180,0,0,347928
0,-3,0,0.5,0.505135,180,0,0,347944
0,-5,1,0.5,0.50446,180,0,0,347961
0,-4,0,0.5,0.50392,180,0,0,347978
0,-3,1,0.5,0.503515,180,0,0,347996
0,-3,1,0.5,0.50311,180,0,0,348014
0,-2,1,0.5,0.50284,180,0,0,348029
0,0,1,0.5,0.50284,180,0,0,348045
0,0,1,0.5,0.50284,180,0,0,348064
0,2,2,0.5,0.50311,180,0,0,348084
0,2,1,0.5,0.50338,180,0,0,348096
0,0,0,0.5,0.50338,180,0,0,348111
0,5,2,0.5,0.504055,180,0,0,348130
0,3,1,0.5,0.50446,180,0,0,348145
0,1,1,0.5,0.504595,180,0,0,348163
0,1,0,0.5,0.50473,180,0,0,348180
0,1,1,0.5,0.504865,180,0,0,348195
0,1,1,0.5,0.505,180,0,0,348216
0,2,1,0.5,0.50527,180,0,0,348229
0,1,0,0.5,0.505405,180,0,0,348244
0,1,0,0.5,0.50554,180,0,0,348262
0,1,1,0.5,0.505675,180,0,0,348279
0,1,0,0.5,0.50581,180,0,0,348294
0,0,0,0.5,0.50581,180,0,0,348313
0,0,0,0.5,0.50581,180,0,0,348327
0,0,0,0.5,0.50581,180,0,0,348344
0,0,0,0.5,0.50581,180,0,0,348361
0,0,0,0.5,0.50581,180,0,0,348377
0,1,0,0.5,0.505945,180,0,0,348394
0,0,0,0.5,0.505945,180,0,0,348410
0,1,0,0.5,0.50608,180,0,0,348427
0,1,0,0.5,0.506215,180,0,0,348444
0,2,0,0.5,0.506485,180,0,0,348461
0,1,0,0.5,0.50662,180,0,0,348478
0,1,0,0.5,0.506755,180,0,0,348494
0,0,0,0.5,0.506755,180,0,0,348510
0,1,0,0.5,0.50689,180,0,0,348528
0,0,0,0.5,0.50689,180,0,0,348544
0,1,0,0.5,0.507025,180,0,0,348561
0,1,0,0.5,0.50716,180,0,0,348578
0,0,0,0.5,0.50716,180,0,0,348594
0,1,0,0.5,0.507295,180,0,0,348611
0,-1,0,0.5,0.50716,180,0,0,348627
0,-6,0,0.5,0.50635,180,0,0,348644
0,-9,0,0.5,0.505135,180,0,0,348661
0,-9,0,0.5,0.50392,180,0,0,348678
0,-9,0,0.5,0.502705,180,0,0,348694
0,-6,0,0.5,0.501895,180,0,0,348711
0,-6,0,0.5,0.501085,180,0,0,348727
0,-5,0,0.5,0.50041,180,0,0,348744
0,-3,0,0.5,0.500005,180,0,0,348761
0,-4,0,0.5,0.499465,180,0,0,348778
0,-2,0,0.5,0.499195,180,0,0,348794
0,-2,0,0.5,0.498925,180,0,0,348811
0,0,0,0.5,0.498925,180,0,0,348827
0,0,0,0.5,0.498925,180,0,0,348845
0,0,0,0.5,0.498925,180,0,0,348861
0,4,0,0.5,0.499465,180,0,0,348878
0,2,0,0.5,0.499735,180,0,0,348894
0,4,0,0.5,0.500275,180,0,0,348911
0,3,0,0.5,0.50068,180,0,0,348928
0,5,0,0.5,0.501355,180,0,0,348944
0,2,0,0.5,0.501625,180,0,0,348961
0,2,0,0.5,0.501895,180,0,0,348978
0,0,0,0.5,0.501895,180,0,0,348994
0,0,0,0.5,0.501895,180,0,0,349010
0,0,0,0.5,0.501895,180,0,0,349027
0,0,0,0.5,0.501895,180,0,0,349044
0,-2,0,0.5,0.501625,180,0,0,349061
0,-1,0,0.5,0.50149,180,0,0,349077
0,0,0,0.5,0.50149,180,0,0,349094
0,0,0,0.5,0.50149,180,0,0,349110
0,0,0,0.5,0.50149,180,0,0,349127
0,0,-1,0.5,0.50149,180,0,0,349145
0,0,0,0.5,0.50149,180,0,0,349160
0,1,0,0.5,0.501625,180,0,0,349178
0,0,0,0.5,0.501625,180,0,0,349194
0,0,0,0.5,0.501625,180,0,0,349212
0,1,0,0.5,0.50176,180,0,0,349229
0,0,0,0.5,0.50176,180,0,0,349244
0,0,0,0.5,0.50176,180,0,0,349261
0,0,0,0.5,0.50176,180,0,0,349277
0,-1,0,0.5,0.501625,180,0,0,349295
0,0,0,0.5,0.501625,180,0,0,349310
0,0,0,0.5,0.501625,180,0,0,349327
0,0,0,0.5,0.501625,180,0,0,349344
0,0,0,0.5,0.501625,180,0,0,349361
0,0,0,0.5,0.501625,180,0,0,349377
0,1,0,0.5,0.50176,180,0,0,349394
0,0,0,0.5,0.50176,180,0,0,349410
0,0,0,0.5,0.50176,180,0,0,349427
0,0,0,0.5,0.50176,180,0,0,349444
0,0,0,0.5,0.50176,180,0,0,349460
0,0,0,0.5,0.50176,180,0,0,349477
0,0,0,0.5,0.50176,180,0,0,349494
0,0,0,0.5,0.50176,180,0,0,349510
0,0,0,0.5,0.50176,180,0,0,349527
0,0,0,0.5,0.50176,180,0,0,349544
0,0,0,0.5,0.50176,180,0,0,349560
0,0,0,0.5,0.50176,180,0,0,349577
0,0,0,0.5,0.50176,180,0,0,349594
0,0,0,0.5,0.50176,180,0,0,349610
0,0,0,0.5,0.50176,180,0,0,349627
0,0,0,0.5,0.50176,180,0,0,349644
0,0,0,0.5,0.50176,180,0,0,349660
0,0,0,0.5,0.50176,180,0,0,349677
0,0,0,0.5,0.50176,180,0,0,349694
0,0,0,0.5,0.50176,180,0,0,349710
0,0,0,0.5,0.50176,180,0,0,349727
0,0,0,0.5,0.50176,180,0,0,349744
0,1,0,0.5,0.501895,180,0,0,349761
0,0,0,0.5,0.501895,180,0,0,349777
0,0,0,0.5,0.501895,180,0,0,349794
0,0,0,0.5,0.501895,180,0,0,349810
0,0,0,0.5,0.501895,180,0,0,349827
0,0,0,0.5,0.501895,180,0,0,349844
0,0,0,0.5,0.501895,180,0,0,349860
0,0,0,0.5,0.501895,180,0,0,349877
0,0,0,0.5,0.501895,180,0,0,349894
0,0,0,0.5,0.501895,180,0,0,349910
0,0,0,0.5,0.501895,180,0,0,349927
0,0,0,0.5,0.501895,180,0,0,349944
0,0,0,0.5,0.501895,180,0,0,349960
0,0,0,0.5,0.501895,180,0,0,349977
0,0,0,0.5,0.501895,180,0,0,349994
0,0,0,0.5,0.501895,180,0,0,350010
0,0,0,0.5,0.501895,180,0,0,350027
0,0,0,0.5,0.501895,180,0,0,350044
0,0,0,0.5,0.501895,180,0,0,350060
0,0,0,0.5,0.501895,180,0,0,350077
0,0,0,0.5,0.501895,180,0,0,350094
0,0,0,0.5,0.501895,180,0,0,350110
0,0,0,0.5,0.501895,180,0,0,350127
0,0,0,0.5,0.501895,180,0,0,350144
0,0,0,0.5,0.501895,180,0,0,350160
0,0,0,0.5,0.501895,180,0,0,350177
0,0,0,0.5,0.501895,180,0,0,350194
0,0,0,0.5,0.501895,180,0,0,350210
0,0,0,0.5,0.501895,180,0,0,350227
0,0,0,0.5,0.501895,180,0,0,350244
0,0,0,0.5,0.501895,180,0,0,350260
0,0,0,0.5,0.501895,180,0,0,350278
0,0,0,0.5,0.501895,180,0,0,350294
0,0,0,0.5,0.501895,180,0,0,350310
0,2,0,0.5,0.502165,180,0,0,350328
0,0,0,0.5,0.502165,180,0,0,350344
0,0,0,0.5,0.502165,180,0,0,350361
0,0,0,0.5,0.502165,180,0,0,350377
0,0,0,0.5,0.502165,180,0,0,350394
0,0,0,0.5,0.502165,180,0,0,350410
0,0,0,0.5,0.502165,180,0,0,350427
0,0,0,0.5,0.502165,180,0,0,350444
0,0,0,0.5,0.502165,180,0,0,350460
0,0,0,0.5,0.502165,180,0,0,350477
0,0,1,0.5,0.502165,180,0,0,350495
0,0,0,0.5,0.502165,180,0,0,350510
0,0,0,0.5,0.502165,180,0,0,350527
0,1,0,0.5,0.5023,180,0,0,350545
0,0,0,0.5,0.5023,180,0,0,350561
0,0,0,0.5,0.5023,180,0,0,350578
0,0,0,0.5,0.5023,180,0,0,350595
0,0,0,0.5,0.5023,180,0,0,350612
0,0,0,0.5,0.5023,180,0,0,350628
0,0,0,0.5,0.5023,180,0,0,350644
0,0,0,0.5,0.5023,180,0,0,350661
0,0,0,0.5,0.5023,180,0,0,350677
0,0,0,0.5,0.5023,180,0,0,350694
0,0,0,0.5,0.5023,180,0,0,350710
0,1,0,0.5,0.502435,180,0,0,350728
0,0,0,0.5,0.502435,180,0,0,350744
0,0,0,0.5,0.502435,180,0,0,350760
0,0,0,0.5,0.502435,180,0,0,350777
0,0,0,0.5,0.502435,180,0,0,350794
0,-1,0,0.5,0.5023,180,0,0,350812
0,0,0,0.5,0.5023,180,0,0,350827
0,0,0,0.5,0.5023,180,0,0,350844
0,0,0,0.5,0.5023,180,0,0,350860
0,0,0,0.5,0.5023,180,0,0,350877
0,0,0,0.5,0.5023,180,0,0,350894
0,0,0,0.5,0.5023,180,0,0,350910
0,0,0,0.5,0.5023,180,0,0,350927
0,0,0,0.5,0.5023,180,0,0,350944
0,0,0,0.5,0.5023,180,0,0,350960
0,0,0,0.5,0.5023,180,0,0,350977
0,0,0,0.5,0.5023,180,0,0,350994
0,0,0,0.5,0.5023,180,0,0,351011
0,0,0,0.5,0.5023,180,0,0,351027
0,0,0,0.5,0.5023,180,0,0,351045
0,0,0,0.5,0.5023,180,0,0,351060
0,0,0,0.5,0.5023,180,0,0,351077
0,0,0,0.5,0.5023,180,0,0,351094
0,0,0,0.5,0.5023,180,0,0,351110
0,0,0,0.5,0.5023,180,0,0,351127
0,0,0,0.5,0.5023,180,0,0,351144
0,0,0,0.5,0.5023,180,0,0,351160
0,0,0,0.5,0.5023,180,0,0,351177
0,0,0,0.5,0.5023,180,0,0,351194
0,0,0,0.5,0.5023,180,0,0,351210
0,0,0,0.5,0.5023,180,0,0,351227
0,0,0,0.5,0.5023,180,0,0,351244
0,0,0,0.5,0.5023,180,0,0,351260
0,0,0,0.5,0.5023,180,0,0,351277
0,0,0,0.5,0.5023,180,0,0,351294
0,0,0,0.5,0.5023,180,0,0,351311
0,0,0,0.5,0.5023,180,0,0,351328
0,0,0,0.5,0.5023,180,0,0,351344
0,0,0,0.5,0.5023,180,0,0,351361
0,1,0,0.5,0.502435,180,0,0,351378
0,0,0,0.5,0.502435,180,0,0,351394
0,0,0,0.5,0.502435,180,0,0,351410
0,0,0,0.5,0.502435,180,0,0,351427
0,0,0,0.5,0.502435,180,0,0,351444
0,0,0,0.5,0.502435,180,0,0,351460
0,0,0,0.5,0.502435,180,0,0,351477
0,0,0,0.5,0.502435,180,0,0,351494
0,0,0,0.5,0.502435,180,0,0,351510
0,0,0,0.5,0.502435,180,0,0,351527
0,0,0,0.5,0.502435,180,0,0,351544
0,0,0,0.5,0.502435,180,0,0,351560
0,0,0,0.5,0.502435,180,0,0,351577
0,0,0,0.5,0.502435,180,0,0,351594
0,0,0,0.5,0.502435,180,0,0,351611
0,0,0,0.5,0.502435,180,0,0,351627
0,0,0,0.5,0.502435,180,0,0,351644
0,0,0,0.5,0.502435,180,0,0,351660
0,0,0,0.5,0.502435,180,0,0,351677
0,0,0,0.5,0.502435,180,0,0,351695
0,0,0,0.5,0.502435,180,0,0,351710
0,0,0,0.5,0.502435,180,0,0,351727
0,0,0,0.5,0.502435,180,0,0,351744
0,0,0,0.5,0.502435,180,0,0,351760
0,0,0,0.5,0.502435,180,0,0,351777
0,0,0,0.5,0.502435,180,0,0,351794
0,0,0,0.5,0.502435,180,0,0,351810
0,0,0,0.5,0.502435,180,0,0,351828
0,0,0,0.5,0.502435,180,0,0,351844
0,0,0,0.5,0.502435,180,0,0,351860
0,0,0,0.5,0.502435,180,0,0,351877
0,0,0,0.5,0.502435,180,0,0,351894
0,0,0,0.5,0.502435,180,0,0,351910
0,0,0,0.5,0.502435,180,0,0,351928
0,0,0,0.5,0.502435,180,0,0,351944
0,0,-1,0.5,0.502435,180,0,0,351962
0,0,0,0.5,0.502435,180,0,0,351977
0,0,0,0.5,0.502435,180,0,0,351994
0,0,0,0.5,0.502435,180,0,0,352012
0,0,0,0.5,0.502435,180,0,0,352027
0,0,0,0.5,0.502435,180,0,0,352044
0,0,0,0.5,0.502435,180,0,0,352061
0,0,0,0.5,0.502435,180,0,0,352077
0,0,0,0.5,0.502435,180,0,0,352094
0,0,0,0.5,0.502435,180,0,0,352111
0,0,0,0.5,0.502435,180,0,0,352127
0,0,0,0.5,0.502435,180,0,0,352144
0,0,0,0.5,0.502435,180,0,0,352161
0,0,0,0.5,0.502435,180,0,0,352177
0,0,0,0.5,0.502435,180,0,0,352194
0,0,0,0.5,0.502435,180,0,0,352210
0,0,0,0.5,0.502435,180,0,0,352227
0,0,0,0.5,0.502435,180,0,0,352244
0,0,0,0.5,0.502435,180,0,0,352261
0,0,0,0.5,0.502435,180,0,0,352277
0,0,0,0.5,0.502435,180,0,0,352294
0,0,0,0.5,0.502435,180,0,0,352310
0,0,0,0.5,0.502435,180,0,0,352327
0,0,0,0.5,0.502435,180,0,0,352344
0,0,0,0.5,0.502435,180,0,0,352360
0,0,0,0.5,0.502435,180,0,0,352377
0,0,0,0.5,0.502435,180,0,0,352394
0,0,0,0.5,0.502435,180,0,0,352411
0,0,0,0.5,0.502435,180,0,0,352427
0,0,0,0.5,0.502435,180,0,0,352444
0,0,0,0.5,0.502435,180,0,0,352460
0,0,0,0.5,0.502435,180,0,0,352477
0,0,0,0.5,0.502435,180,0,0,352494
0,0,0,0.5,0.502435,180,0,0,352511
0,0,0,0.5,0.502435,180,0,0,352527
0,0,0,0.5,0.502435,180,0,0,352544
0,0,0,0.5,0.502435,180,0,0,352561
0,0,0,0.5,0.502435,180,0,0,352577
0,0,0,0.5,0.502435,180,0,0,352594
0,0,0,0.5,0.502435,180,0,0,352610
0,0,0,0.5,0.502435,180,0,0,352627
0,0,0,0.5,0.502435,180,0,0,352644
0,0,0,0.5,0.502435,180,0,0,352660
0,0,0,0.5,0.502435,180,0,0,352677
0,0,0,0.5,0.502435,180,0,0,352694
0,1,0,0.5,0.50257,180,0,0,352711
0,0,0,0.5,0.50257,180,0,0,352727
0,0,0,0.5,0.50257,180,0,0,352745
0,0,0,0.5,0.50257,180,0,0,352760
0,0,0,0.5,0.50257,180,0,0,352777
0,0,0,0.5,0.50257,180,0,0,352794
0,0,0,0.5,0.50257,180,0,0,352810
0,0,0,0.5,0.50257,180,0,0,352827
0,0,0,0.5,0.50257,180,0,0,352844
0,0,0,0.5,0.50257,180,0,0,352860
0,0,0,0.5,0.50257,180,0,0,352877
0,0,0,0.5,0.50257,180,0,0,352894
0,0,0,0.5,0.50257,180,0,0,352911
0,0,0,0.5,0.50257,180,0,0,352927
0,0,0,0.5,0.50257,180,0,0,352944
0,0,0,0.5,0.50257,180,0,0,352960
0,0,0,0.5,0.50257,180,0,0,352977
0,0,0,0.5,0.50257,180,0,0,352994
0,0,0,0.5,0.50257,180,0,0,353010
0,0,0,0.5,0.50257,180,0,0,353027
0,0,0,0.5,0.50257,180,0,0,353044
0,0,0,0.5,0.50257,180,0,0,353060
0,0,0,0.5,0.50257,180,0,0,353077
0,0,0,0.5,0.50257,180,0,0,353094
0,0,0,0.5,0.50257,180,0,0,353110
0,0,0,0.5,0.50257,180,0,0,353127
0,0,0,0.5,0.50257,180,0,0,353144
0,0,0,0.5,0.50257,180,0,0,353160
0,0,0,0.5,0.50257,180,0,0,353177
0,0,0,0.5,0.50257,180,0,0,353194
0,0,0,0.5,0.50257,180,0,0,353210
0,0,0,0.5,0.50257,180,0,0,353227
0,0,0,0.5,0.50257,180,0,0,353244
0,0,0,0.5,0.50257,180,0,0,353260
0,0,0,0.5,0.50257,180,0,0,353277
0,0,0,0.5,0.50257,180,0,0,353294
0,0,0,0.5,0.50257,180,0,0,353310
0,0,0,0.5,0.50257,180,0,0,353327
0,0,0,0.5,0.50257,180,0,0,353345
0,0,0,0.5,0.50257,180,0,0,353362
0,0,0,0.5,0.50257,180,0,0,353377
0,0,0,0.5,0.50257,180,0,0,353394
0,0,0,0.5,0.50257,180,0,0,353411
0,0,0,0.5,0.50257,180,0,0,353427
0,0,0,0.5,0.50257,180,0,0,353444
0,0,0,0.5,0.50257,180,0,0,353460
0,1,0,0.5,0.502705,180,0,0,353478
0,0,0,0.5,0.502705,180,0,0,353494
0,0,0,0.5,0.502705,180,0,0,353510
0,0,0,0.5,0.502705,180,0,0,353527
0,0,0,0.5,0.502705,180,0,0,353544
0,0,0,0.5,0.502705,180,0,0,353560
0,0,0,0.5,0.502705,180,0,0,353577
0,0,0,0.5,0.502705,180,0,0,353594
0,0,0,0.5,0.502705,180,0,0,353610
0,0,0,0.5,0.502705,180,0,0,353627
0,0,0,0.5,0.502705,180,0,0,353644
0,0,0,0.5,0.502705,180,0,0,353660
0,0,0,0.5,0.502705,180,0,0,353677
0,0,0,0.5,0.502705,180,0,0,353694
0,0,0,0.5,0.502705,180,0,0,353710
0,0,0,0.5,0.502705,180,0,0,353727
0,0,0,0.5,0.502705,180,0,0,353744
0,0,0,0.5,0.502705,180,0,0,353760
0,0,0,0.5,0.502705,180,0,0,353777
0,0,0,0.5,0.502705,180,0,0,353794
0,0,0,0.5,0.502705,180,0,0,353810
0,0,0,0.5,0.502705,180,0,0,353827
0,0,0,0.5,0.502705,180,0,0,353844
0,0,0,0.5,0.502705,180,0,0,353860
0,0,0,0.5,0.502705,180,0,0,353878
0,1,0,0.5,0.50284,180,0,0,353894
0,0,0,0.5,0.50284,180,0,0,353911
0,0,0,0.5,0.50284,180,0,0,353927
0,0,0,0.5,0.50284,180,0,0,353944
0,0,0,0.5,0.50284,180,0,0,353960
0,0,0,0.5,0.50284,180,0,0,353977
0,0,0,0.5,0.50284,180,0,0,353994
0,0,0,0.5,0.50284,180,0,0,354010
0,0,0,0.5,0.50284,180,0,0,354027
0,0,0,0.5,0.50284,180,0,0,354044
0,0,0,0.5,0.50284,180,0,0,354060
0,0,0,0.5,0.50284,180,0,0,354077
0,0,0,0.5,0.50284,180,0,0,354094
0,0,0,0.5,0.50284,180,0,0,354110
0,0,0,0.5,0.50284,180,0,0,354128
0,0,0,0.5,0.50284,180,0,0,354144
0,0,0,0.5,0.50284,180,0,0,354160
0,0,0,0.5,0.50284,180,0,0,354178
0,0,0,0.5,0.50284,180,0,0,354194
0,0,0,0.5,0.50284,180,0,0,354210
0,0,0,0.5,0.50284,180,0,0,354227
0,0,0,0.5,0.50284,180,0,0,354244
0,0,0,0.5,0.50284,180,0,0,354260
0,0,0,0.5,0.50284,180,0,0,354277
0,0,0,0.5,0.50284,180,0,0,354294
0,0,0,0.5,0.50284,180,0,0,354310
0,0,0,0.5,0.50284,180,0,0,354328
0,0,0,0.5,0.50284,180,0,0,354345
0,0,0,0.5,0.50284,180,0,0,354360
0,0,0,0.5,0.50284,180,0,0,354378
0,0,0,0.5,0.50284,180,0,0,354394
0,0,0,0.5,0.50284,180,0,0,354410
0,0,0,0.5,0.50284,180,0,0,354427
0,0,0,0.5,0.50284,180,0,0,354444
0,0,0,0.5,0.50284,180,0,0,354461
0,0,0,0.5,0.50284,180,0,0,354477
0,0,0,0.5,0.50284,180,0,0,354494
0,0,0,0.5,0.50284,180,0,0,354510
0,0,0,0.5,0.50284,180,0,0,354527
0,0,0,0.5,0.50284,180,0,0,354544
0,0,0,0.5,0.50284,180,0,0,354560
0,0,0,0.5,0.50284,180,0,0,354577
0,0,0,0.5,0.50284,180,0,0,354594
0,0,0,0.5,0.50284,180,0,0,354610
0,0,0,0.5,0.50284,180,0,0,354627
0,0,0,0.5,0.50284,180,0,0,354644
0,0,0,0.5,0.50284,180,0,0,354661
0,0,0,0.5,0.50284,180,0,0,354677
0,0,0,0.5,0.50284,180,0,0,354694
0,0,0,0.5,0.50284,180,0,0,354710
0,0,0,0.5,0.50284,180,0,0,354727
0,0,0,0.5,0.50284,180,0,0,354744
0,0,0,0.5,0.50284,180,0,0,354760
0,0,0,0.5,0.50284,180,0,0,354777
0,1,0,0.5,0.502975,180,0,0,354795
0,0,0,0.5,0.502975,180,0,0,354810
0,0,0,0.5,0.502975,180,0,0,354827
0,0,0,0.5,0.502975,180,0,0,354844
0,0,0,0.5,0.502975,180,0,0,354860
0,0,0,0.5,0.502975,180,0,0,354877
0,0,0,0.5,0.502975,180,0,0,354894
0,0,0,0.5,0.502975,180,0,0,354910
0,0,0,0.5,0.502975,180,0,0,354928
0,0,0,0.5,0.502975,180,0,0,354944
0,0,0,0.5,0.502975,180,0,0,354962
0,0,0,0.5,0.502975,180,0,0,354979
0,0,0,0.5,0.502975,180,0,0,354995
0,0,0,0.5,0.502975,180,0,0,355011
0,0,0,0.5,0.502975,180,0,0,355028
0,0,0,0.5,0.502975,180,0,0,355044
0,0,0,0.5,0.502975,180,0,0,355061
0,0,0,0.5,0.502975,180,0,0,355077
0,0,0,0.5,0.502975,180,0,0,355094
0,0,0,0.5,0.502975,180,0,0,355111
0,0,0,0.5,0.502975,180,0,0,355127
0,0,0,0.5,0.502975,180,0,0,355144
0,0,0,0.5,0.502975,180,0,0,355160
0,0,0,0.5,0.502975,180,0,0,355177
0,0,0,0.5,0.502975,180,0,0,355194
0,0,0,0.5,0.502975,180,0,0,355210
0,0,0,0.5,0.502975,180,0,0,355227
0,0,0,0.5,0.502975,180,0,0,355244
0,0,0,0.5,0.502975,180,0,0,355261
0,0,0,0.5,0.502975,180,0,0,355277
0,0,0,0.5,0.502975,180,0,0,355294
0,0,0,0.5,0.502975,180,0,0,355311
0,0,0,0.5,0.502975,180,0,0,355328
0,0,0,0.5,0.502975,180,0,0,355344
0,0,0,0.5,0.502975,180,0,0,355361
0,0,0,0.5,0.502975,180,0,0,355378
0,0,0,0.5,0.502975,180,0,0,355394
0,0,0,0.5,0.502975,180,0,0,355411
0,0,0,0.5,0.502975,180,0,0,355427
0,0,0,0.5,0.502975,180,0,0,355444
0,0,0,0.5,0.502975,180,0,0,355461
0,0,0,0.5,0.502975,180,0,0,355477
0,0,0,0.5,0.502975,180,0,0,355493
0,0,0,0.5,0.502975,180,0,0,355510
0,1,0,0.5,0.50311,180,0,0,355527
0,0,0,0.5,0.50311,180,0,0,355543
0,0,0,0.5,0.50311,180,0,0,355560
0,0,0,0.5,0.50311,180,0,0,355577
0,0,0,0.5,0.50311,180,0,0,355593
0,0,0,0.5,0.50311,180,0,0,355610
0,0,0,0.5,0.50311,180,0,0,355627
0,0,0,0.5,0.50311,180,0,0,355643
0,0,0,0.5,0.50311,180,0,0,355660
0,0,0,0.5,0.50311,180,0,0,355677
0,0,0,0.5,0.50311,180,0,0,355693
0,0,0,0.5,0.50311,180,0,0,355710
0,0,0,0.5,0.50311,180,0,0,355727
0,0,0,0.5,0.50311,180,0,0,355744
0,0,0,0.5,0.50311,180,0,0,355760
0,0,0,0.5,0.50311,180,0,0,355777
0,0,0,0.5,0.50311,180,0,0,355794
0,0,0,0.5,0.50311,180,0,0,355810
0,0,0,0.5,0.50311,180,0,0,355827
0,0,0,0.5,0.50311,180,0,0,355843
0,0,0,0.5,0.50311,180,0,0,355860
0,0,0,0.5,0.50311,180,0,0,355877
0,0,0,0.5,0.50311,180,0,0,355894
0,0,0,0.5,0.50311,180,0,0,355910
0,0,0,0.5,0.50311,180,0,0,355927
0,0,0,0.5,0.50311,180,0,0,355944
0,0,0,0.5,0.50311,180,0,0,355960
0,0,0,0.5,0.50311,180,0,0,355977
0,0,0,0.5,0.50311,180,0,0,355993
0,0,0,0.5,0.50311,180,0,0,356010
0,0,0,0.5,0.50311,180,0,0,356027
0,0,0,0.5,0.50311,180,0,0,356044
0,0,0,0.5,0.50311,180,0,0,356060
0,0,0,0.5,0.50311,180,0,0,356077
0,0,0,0.5,0.50311,180,0,0,356094
0,0,0,0.5,0.50311,180,0,0,356110
0,0,0,0.5,0.50311,180,0,0,356127
0,0,0,0.5,0.50311,180,0,0,356144
0,0,0,0.5,0.50311,180,0,0,356160
0,0,0,0.5,0.50311,180,0,0,356177
0,0,0,0.5,0.50311,180,0,0,356193
0,0,0,0.5,0.50311,180,0,0,356210
0,0,0,0.5,0.50311,180,0,0,356227
0,0,0,0.5,0.50311,180,0,0,356244
0,0,0,0.5,0.50311,180,0,0,356260
0,0,0,0.5,0.50311,180,0,0,356277
0,0,0,0.5,0.50311,180,0,0,356294
0,0,0,0.5,0.50311,180,0,0,356310
0,0,0,0.5,0.50311,180,0,0,356327
0,0,0,0.5,0.50311,180,0,0,356344
0,0,0,0.5,0.50311,180,0,0,356360
0,0,0,0.5,0.50311,180,0,0,356381
0,0,0,0.5,0.50311,180,0,0,356394
0,0,0,0.5,0.50311,180,0,0,356410
0,0,0,0.5,0.50311,180,0,0,356427
0,0,0,0.5,0.50311,180,0,0,356443
0,0,0,0.5,0.50311,180,0,0,356461
0,0,0,0.5,0.50311,180,0,0,356477
0,0,0,0.5,0.50311,180,0,0,356493
0,0,0,0.5,0.50311,180,0,0,356511
0,0,0,0.5,0.50311,180,0,0,356527
0,0,0,0.5,0.50311,180,0,0,356544
0,0,0,0.5,0.50311,180,0,0,356560
0,0,0,0.5,0.50311,180,0,0,356577
0,0,0,0.5,0.50311,180,0,0,356593
0,0,0,0.5,0.50311,180,0,0,356611
0,0,0,0.5,0.50311,180,0,0,356627
0,0,0,0.5,0.50311,180,0,0,356644
0,0,0,0.5,0.50311,180,0,0,356661
0,0,0,0.5,0.50311,180,0,0,356677
0,0,0,0.5,0.50311,180,0,0,356693
0,0,0,0.5,0.50311,180,0,0,356710
0,0,0,0.5,0.50311,180,0,0,356727
0,0,0,0.5,0.50311,180,0,0,356743
0,0,0,0.5,0.50311,180,0,0,356760
0,0,0,0.5,0.50311,180,0,0,356777
0,0,0,0.5,0.50311,180,0,0,356793
0,0,0,0.5,0.50311,180,0,0,356810
0,0,0,0.5,0.50311,180,0,0,356827
0,0,0,0.5,0.50311,180,0,0,356843
0,0,0,0.5,0.50311,180,0,0,356860
0,0,0,0.5,0.50311,180,0,0,356877
0,0,0,0.5,0.50311,180,0,0,356893
0,0,0,0.5,0.50311,180,0,0,356911
0,0,0,0.5,0.50311,180,0,0,356927
0,0,0,0.5,0.50311,180,0,0,356943
0,0,0,0.5,0.50311,180,0,0,356960
0,-3,0,0.5,0.502705,180,0,0,356977
0,-5,0,0.5,0.50203,180,0,0,356994
0,-9,-2,0.5,0.500815,180,0,0,357012
0,-14,-2,0.5,0.498925,180,0,0,357028
0,-17,-3,0.5,0.49663,180,0,0,357045
0,-19,-3,0.5,0.494065,180,0,0,357065
0,-20,-2,0.5,0.491365,180,0,0,357078
0,-19,-2,0.5,0.4888,180,0,0,357095
0,-16,-3,0.5,0.48664,180,0,0,357112
0,-16,-4,0.5,0.48448,180,0,0,357130
0,-16,-6,0.5,0.48232,180,0,0,357147
0,-19,-8,0.5,0.479755,180,0,0,357166
0,-21,-7,0.5,0.47692,180,0,0,357181
0,-21,-6,0.5,0.474085,180,0,0,357200
0,-20,-5,0.5,0.471385,180,0,0,357214
0,-44,-12,0.5,0.465445,180,0,0,357239
0,-18,-7,0.5,0.463015,180,0,0,357251
0,0,0,0.5,0.463015,180,0,0,357260
0,-14,-7,0.5,0.461125,180,0,0,357279
0,-12,-8,0.5,0.459505,180,0,0,357298
0,-23,-15,0.5,0.4564,180,0,0,357316
0,-9,-6,0.5,0.455185,180,0,0,357329
0,-5,-5,0.5,0.45451,180,0,0,357347
0,-2,-5,0.5,0.45424,180,0,0,357363
0,4,-6,0.5,0.45478,180,0,0,357379
0,10,-7,0.5,0.45613,180,0,0,357397
0,14,-6,0.5,0.45802,180,0,0,357412
0,20,-6,0.5,0.46072,180,0,0,357430
0,27,-4,0.5,0.464365,180,0,0,357445
0,35,-3,0.5,0.46909,180,0,0,357466
0,36,-2,0.5,0.47395,180,0,0,357478
0,36,-2,0.5,0.47881,180,0,0,357495
0,32,-2,0.5,0.48313,180,0,0,357511
0,26,-2,0.5,0.48664,180,0,0,357528
0,16,-1,0.5,0.4888,180,0,0,357545
0,13,-1,0.5,0.490555,180,0,0,357561
0,10,0,0.5,0.491905,180,0,0,357577
0,6,-1,0.5,0.492715,180,0,0,357595
0,2,-1,0.5,0.492985,180,0,0,357611
0,-2,-1,0.5,0.492715,180,0,0,357630
0,-3,-2,0.5,0.49231,180,0,0,357644
0,-6,-1,0.5,0.4915,180,0,0,357661
0,-5,-1,0.5,0.490825,180,0,0,357678
0,-5,-1,0.5,0.49015,180,0,0,357695
0,-2,0,0.5,0.48988,180,0,0,357711
0,-4,0,0.5,0.48934,180,0,0,357728
0,0,0,0.5,0.48934,180,0,0,357744
0,1,1,0.5,0.489475,180,0,0,357763
0,5,0,0.5,0.49015,180,0,0,357779
0,5,1,0.5,0.490825,180,0,0,357794
0,7,1,0.5,0.49177,180,0,0,357811
0,6,2,0.5,0.49258,180,0,0,357828
0,5,1,0.5,0.493255,180,0,0,357845
0,5,2,0.5,0.49393,180,0,0,357861
0,3,1,0.5,0.494335,180,0,0,357879
0,3,1,0.5,0.49474,180,0,0,357895
0,1,0,0.5,0.494875,180,0,0,357911
0,3,-1,0.5,0.49528,180,0,0,357929
0,1,-3,0.5,0.495415,180,0,0,357945
0,3,-2,0.5,0.49582,180,0,0,357962
0,2,-2,0.5,0.49609,180,0,0,357979
0,4,-2,0.5,0.49663,180,0,0,357995
0,4,-2,0.5,0.49717,180,0,0,358012
0,4,-1,0.5,0.49771,180,0,0,358027
0,3,-1,0.5,0.498115,180,0,0,358045
0,3,-2,0.5,0.49852,180,0,0,358063
0,2,-1,0.5,0.49879,180,0,0,358079
0,1,-1,0.5,0.498925,180,0,0,358094
0,0,0,0.5,0.498925,180,0,0,358114
0,-1,0,0.5,0.49879,180,0,0,358128
0,0,0,0.5,0.49879,180,0,0,358144
0,0,0,0.5,0.49879,180,0,0,358160
0,-1,1,0.5,0.498655,180,0,0,358178
0,-1,1,0.5,0.49852,180,0,0,358194
0,-1,2,0.5,0.498385,180,0,0,358212
0,-1,2,0.5,0.49825,180,0,0,358228
0,-1,2,0.5,0.498115,180,0,0,358245
0,-2,2,0.5,0.497845,180,0,0,358262
0,-2,2,0.5,0.497575,180,0,0,358278
0,-1,1,0.5,0.49744,180,0,0,358295
0,1,1,0.5,0.497575,180,0,0,358312
0,3,0,0.5,0.49798,180,0,0,358327
0,2,0,0.5,0.49825,180,0,0,358344
0,3,0,0.5,0.498655,180,0,0,358361
0,2,0,0.5,0.498925,180,0,0,358377
0,2,0,0.5,0.499195,180,0,0,358394
0,1,0,0.5,0.49933,180,0,0,358413
0,0,0,0.5,0.49933,180,0,0,358427
0,1,0,0.5,0.499465,180,0,0,358444
0,0,-1,0.5,0.499465,180,0,0,358461
0,0,0,0.5,0.499465,180,0,0,358477
0,0,0,0.5,0.499465,180,0,0,358494
0,-1,0,0.5,0.49933,180,0,0,358511
0,0,0,0.5,0.49933,180,0,0,358527
0,0,0,0.5,0.49933,180,0,0,358544
0,1,0,0.5,0.499465,180,0,0,358561
0,0,0,0.5,0.499465,180,0,0,358577
0,0,0,0.5,0.499465,180,0,0,358593
0,1,1,0.5,0.4996,180,0,0,358611
0,0,0,0.5,0.4996,180,0,0,358627
0,0,0,0.5,0.4996,180,0,0,358643
0,0,0,0.5,0.4996,180,0,0,358660
0,0,0,0.5,0.4996,180,0,0,358677
0,0,0,0.5,0.4996,180,0,0,358694
0,1,0,0.5,0.499735,180,0,0,358711
0,0,0,0.5,0.499735,180,0,0,358729
0,0,0,0.5,0.499735,180,0,0,358744
0,0,0,0.5,0.499735,180,0,0,358760
0,1,0,0.5,0.49987,180,0,0,358778
0,0,0,0.5,0.49987,180,0,0,358794
0,0,0,0.5,0.49987,180,0,0,358810
0,0,0,0.5,0.49987,180,0,0,358827
0,0,-1,0.5,0.49987,180,0,0,358845
0,0,0,0.5,0.49987,180,0,0,358860
0,0,0,0.5,0.49987,180,0,0,358877
0,0,0,0.5,0.49987,180,0,0,358895
0,0,0,0.5,0.49987,180,0,0,358910
0,0,0,0.5,0.49987,180,0,0,358927
0,0,0,0.5,0.49987,180,0,0,358944
0,0,0,0.5,0.49987,180,0,0,358960
0,0,0,0.5,0.49987,180,0,0,358977
0,0,0,0.5,0.49987,180,0,0,358995
0,0,0,0.5,0.49987,180,0,0,359010
0,0,0,0.5,0.49987,180,0,0,359027
0,0,0,0.5,0.49987,180,0,0,359044
0,0,0,0.5,0.49987,180,0,0,359060
0,0,0,0.5,0.49987,180,0,0,359077
0,0,0,0.5,0.49987,180,0,0,359094
0,1,0,0.5,0.500005,180,0,0,359111
0,0,0,0.5,0.500005,180,0,0,359127
0,0,0,0.5,0.500005,180,0,0,359144
0,0,0,0.5,0.500005,180,0,0,359161
0,1,0,0.5,0.50014,180,0,0,359178
0,0,0,0.5,0.50014,180,0,0,359194
0,0,0,0.5,0.50014,180,0,0,359210
0,0,0,0.5,0.50014,180,0,0,359227
0,0,0,0.5,0.50014,180,0,0,359244
0,0,0,0.5,0.50014,180,0,0,359260
0,0,0,0.5,0.50014,180,0,0,359277
0,0,0,0.5,0.50014,180,0,0,359294
0,0,0,0.5,0.50014,180,0,0,359310
0,0,0,0.5,0.50014,180,0,0,359327
0,0,0,0.5,0.50014,180,0,0,359343
0,0,0,0.5,0.50014,180,0,0,359360
0,0,0,0.5,0.50014,180,0,0,359377
0,0,0,0.5,0.50014,180,0,0,359394
0,0,0,0.5,0.50014,180,0,0,359411
0,-1,0,0.5,0.500005,180,0,0,359428
0,0,0,0.5,0.500005,180,0,0,359444
0,0,0,0.5,0.500005,180,0,0,359460
0,0,0,0.5,0.500005,180,0,0,359477
0,0,0,0.5,0.500005,180,0,0,359493
0,0,0,0.5,0.500005,180,0,0,359510
0,0,0,0.5,0.500005,180,0,0,359527
0,1,0,0.5,0.50014,180,0,0,359544
0,0,0,0.5,0.50014,180,0,0,359560
0,0,0,0.5,0.50014,180,0,0,359577
0,0,0,0.5,0.50014,180,0,0,359594
0,0,0,0.5,0.50014,180,0,0,359610
0,0,0,0.5,0.50014,180,0,0,359627
0,0,0,0.5,0.50014,180,0,0,359644
0,0,0,0.5,0.50014,180,0,0,359660
0,0,0,0.5,0.50014,180,0,0,359678
0,-1,0,0.5,0.500005,180,0,0,359694
0,0,0,0.5,0.500005,180,0,0,359710
0,0,0,0.5,0.500005,180,0,0,359728
0,0,0,0.5,0.500005,180,0,0,359744
0,0,0,0.5,0.500005,180,0,0,359760
0,0,0,0.5,0.500005,180,0,0,359778
0,0,0,0.5,0.500005,180,0,0,359794
0,0,0,0.5,0.500005,180,0,0,359810
0,0,0,0.5,0.500005,180,0,0,359827
0,0,0,0.5,0.500005,180,0,0,359844
0,0,0,0.5,0.500005,180,0,0,359860
0,0,0,0.5,0.500005,180,0,0,359878
0,0,0,0.5,0.500005,180,0,0,359894
0,-1,0,0.5,0.49987,180,0,0,359911
0,0,0,0.5,0.49987,180,0,0,359927
0,0,0,0.5,0.49987,180,0,0,359944
0,0,0,0.5,0.49987,180,0,0,359960
0,0,0,0.5,0.49987,180,0,0,359977
0,0,0,0.5,0.49987,180,0,0,359994
0,0,0,0.5,0.49987,180,0,0,360010
0,0,0,0.5,0.49987,180,0,0,360027
0,0,0,0.5,0.49987,180,0,0,360043
0,0,0,0.5,0.49987,180,0,0,360060
0,0,0,0.5,0.49987,180,0,0,360077
0,0,0,0.5,0.49987,180,0,0,360093
0,0,0,0.5,0.49987,180,0,0,360110
0,1,0,0.5,0.500005,180,0,0,360128
0,0,0,0.5,0.500005,180,0,0,360144
0,0,0,0.5,0.500005,180,0,0,360160
0,0,0,0.5,0.500005,180,0,0,360177
0,0,0,0.5,0.500005,180,0,0,360194
0,0,0,0.5,0.500005,180,0,0,360210
0,0,0,0.5,0.500005,180,0,0,360227
0,0,0,0.5,0.500005,180,0,0,360244
0,-1,0,0.5,0.49987,180,0,0,360261
0,0,0,0.5,0.49987,180,0,0,360277
0,0,0,0.5,0.49987,180,0,0,360293
0,0,0,0.5,0.49987,180,0,0,360310
0,0,0,0.5,0.49987,180,0,0,360327
0,0,0,0.5,0.49987,180,0,0,360343
0,0,0,0.5,0.49987,180,0,0,360360
0,0,0,0.5,0.49987,180,0,0,360377
0,0,0,0.5,0.49987,180,0,0,360394
0,0,0,0.5,0.49987,180,0,0,360410
0,0,0,0.5,0.49987,180,0,0,360427
0,0,0,0.5,0.49987,180,0,0,360444
0,0,0,0.5,0.49987,180,0,0,360460
0,1,0,0.5,0.500005,180,0,0,360478
0,0,0,0.5,0.500005,180,0,0,360494
0,0,0,0.5,0.500005,180,0,0,360510
0,0,0,0.5,0.500005,180,0,0,360529
0,0,0,0.5,0.500005,180,0,0,360544
0,0,0,0.5,0.500005,180,0,0,360560
0,0,0,0.5,0.500005,180,0,0,360577
0,0,0,0.5,0.500005,180,0,0,360593
0,0,0,0.5,0.500005,180,0,0,360610
0,0,0,0.5,0.500005,180,0,0,360627
0,0,0,0.5,0.500005,180,0,0,360644
0,0,0,0.5,0.500005,180,0,0,360660
0,0,0,0.5,0.500005,180,0,0,360679
0,0,0,0.5,0.500005,180,0,0,360694
0,0,0,0.5,0.500005,180,0,0,360710
0,0,0,0.5,0.500005,180,0,0,360728
0,0,1,0.5,0.500005,180,0,0,360744
0,0,0,0.5,0.500005,180,0,0,360760
0,0,0,0.5,0.500005,180,0,0,360777
0,0,0,0.5,0.500005,180,0,0,360794
0,0,0,0.5,0.500005,180,0,0,360811
0,0,0,0.5,0.500005,180,0,0,360827
0,0,0,0.5,0.500005,180,0,0,360844
0,0,0,0.5,0.500005,180,0,0,360860
0,0,0,0.5,0.500005,180,0,0,360877
0,0,0,0.5,0.500005,180,0,0,360893
0,0,0,0.5,0.500005,180,0,0,360910
0,0,0,0.5,0.500005,180,0,0,360927
0,1,0,0.5,0.50014,180,0,0,360945
0,0,0,0.5,0.50014,180,0,0,360960
0,0,0,0.5,0.50014,180,0,0,360977
0,0,0,0.5,0.50014,180,0,0,360993
0,0,0,0.5,0.50014,180,0,0,361010
0,0,0,0.5,0.50014,180,0,0,361027
0,0,0,0.5,0.50014,180,0,0,361043
0,0,0,0.5,0.50014,180,0,0,361060
0,0,0,0.5,0.50014,180,0,0,361077
0,0,0,0.5,0.50014,180,0,0,361093
0,0,0,0.5,0.50014,180,0,0,361110
0,0,0,0.5,0.50014,180,0,0,361127
0,0,0,0.5,0.50014,180,0,0,361144
0,1,0,0.5,0.500275,180,0,0,361161
0,0,0,0.5,0.500275,180,0,0,361178
0,0,0,0.5,0.500275,180,0,0,361194
0,0,0,0.5,0.500275,180,0,0,361210
0,0,0,0.5,0.500275,180,0,0,361227
0,0,0,0.5,0.500275,180,0,0,361243
0,0,0,0.5,0.500275,180,0,0,361260
0,0,0,0.5,0.500275,180,0,0,361277
0,0,0,0.5,0.500275,180,0,0,361293
0,0,0,0.5,0.500275,180,0,0,361310
0,0,0,0.5,0.500275,180,0,0,361327
0,1,0,0.5,0.50041,180,0,0,361344
0,0,0,0.5,0.50041,180,0,0,361360
0,0,0,0.5,0.50041,180,0,0,361378
0,0,0,0.5,0.50041,180,0,0,361394
0,0,0,0.5,0.50041,180,0,0,361410
0,0,0,0.5,0.50041,180,0,0,361427
0,0,0,0.5,0.50041,180,0,0,361443
0,0,0,0.5,0.50041,180,0,0,361460
0,0,0,0.5,0.50041,180,0,0,361477
0,0,0,0.5,0.50041,180,0,0,361493
0,0,0,0.5,0.50041,180,0,0,361510
0,0,0,0.5,0.50041,180,0,0,361527
0,0,0,0.5,0.50041,180,0,0,361543
0,0,0,0.5,0.50041,180,0,0,361560
0,0,0,0.5,0.50041,180,0,0,361577
0,0,0,0.5,0.50041,180,0,0,361593
0,0,0,0.5,0.50041,180,0,0,361610
0,0,0,0.5,0.50041,180,0,0,361627
0,0,0,0.5,0.50041,180,0,0,361643
0,0,0,0.5,0.50041,180,0,0,361660
0,0,0,0.5,0.50041,180,0,0,361677
0,0,0,0.5,0.50041,180,0,0,361693
0,0,0,0.5,0.50041,180,0,0,361710
0,0,0,0.5,0.50041,180,0,0,361727
0,0,0,0.5,0.50041,180,0,0,361743
0,0,0,0.5,0.50041,180,0,0,361760
0,0,0,0.5,0.50041,180,0,0,361777
0,0,0,0.5,0.50041,180,0,0,361793
0,0,0,0.5,0.50041,180,0,0,361810
0,0,0,0.5,0.50041,180,0,0,361827
0,0,0,0.5,0.50041,180,0,0,361843
0,0,0,0.5,0.50041,180,0,0,361860
0,0,0,0.5,0.50041,180,0,0,361877
0,0,0,0.5,0.50041,180,0,0,361893
0,0,0,0.5,0.50041,180,0,0,361910
0,0,0,0.5,0.50041,180,0,0,361927
0,0,0,0.5,0.50041,180,0,0,361944
0,0,0,0.5,0.50041,180,0,0,361960
0,0,0,0.5,0.50041,180,0,0,361977
0,0,0,0.5,0.50041,180,0,0,361994
0,0,0,0.5,0.50041,180,0,0,362010
0,0,0,0.5,0.50041,180,0,0,362027
0,0,0,0.5,0.50041,180,0,0,362043
0,0,0,0.5,0.50041,180,0,0,362060
0,0,0,0.5,0.50041,180,0,0,362077
0,0,0,0.5,0.50041,180,0,0,362093
0,0,0,0.5,0.50041,180,0,0,362110
0,0,0,0.5,0.50041,180,0,0,362127
0,0,0,0.5,0.50041,180,0,0,362144
0,0,0,0.5,0.50041,180,0,0,362160
0,1,0,0.5,0.500545,180,0,0,362177
0,0,0,0.5,0.500545,180,0,0,362193
0,0,0,0.5,0.500545,180,0,0,362210
0,0,0,0.5,0.500545,180,0,0,362227
0,0,0,0.5,0.500545,180,0,0,362244
0,0,0,0.5,0.500545,180,0,0,362260
0,0,0,0.5,0.500545,180,0,0,362277
0,0,0,0.5,0.500545,180,0,0,362294
0,0,0,0.5,0.500545,180,0,0,362310
0,0,0,0.5,0.500545,180,0,0,362328
0,0,0,0.5,0.500545,180,0,0,362344
0,0,0,0.5,0.500545,180,0,0,362360
0,0,0,0.5,0.500545,180,0,0,362377
0,0,0,0.5,0.500545,180,0,0,362394
0,0,0,0.5,0.500545,180,0,0,362411
0,0,0,0.5,0.500545,180,0,0,362429
0,0,0,0.5,0.500545,180,0,0,362444
0,0,0,0.5,0.500545,180,0,0,362460
0,0,0,0.5,0.500545,180,0,0,362477
0,0,0,0.5,0.500545,180,0,0,362494
0,0,0,0.5,0.500545,180,0,0,362510
0,0,0,0.5,0.500545,180,0,0,362527
0,0,0,0.5,0.500545,180,0,0,362543
0,0,0,0.5,0.500545,180,0,0,362560
0,0,0,0.5,0.500545,180,0,0,362577
0,0,0,0.5,0.500545,180,0,0,362593
0,0,0,0.5,0.500545,180,0,0,362610
0,0,0,0.5,0.500545,180,0,0,362627
0,0,0,0.5,0.500545,180,0,0,362643
0,0,0,0.5,0.500545,180,0,0,362660
0,0,0,0.5,0.500545,180,0,0,362677
0,0,0,0.5,0.500545,180,0,0,362693
0,0,0,0.5,0.500545,180,0,0,362710
0,0,0,0.5,0.500545,180,0,0,362727
0,0,0,0.5,0.500545,180,0,0,362743
0,0,0,0.5,0.500545,180,0,0,362760
0,0,0,0.5,0.500545,180,0,0,362777
0,0,0,0.5,0.500545,180,0,0,362793
0,0,0,0.5,0.500545,180,0,0,362810
0,0,0,0.5,0.500545,180,0,0,362827
0,0,0,0.5,0.500545,180,0,0,362843
0,0,0,0.5,0.500545,180,0,0,362860
0,0,0,0.5,0.500545,180,0,0,362877
0,0,0,0.5,0.500545,180,0,0,362893
0,0,0,0.5,0.500545,180,0,0,362910
0,0,0,0.5,0.500545,180,0,0,362927
0,0,0,0.5,0.500545,180,0,0,362943
0,0,0,0.5,0.500545,180,0,0,362960
0,0,0,0.5,0.500545,180,0,0,362977
0,0,0,0.5,0.500545,180,0,0,362993
0,0,0,0.5,0.500545,180,0,0,363010
0,0,0,0.5,0.500545,180,0,0,363027
0,0,0,0.5,0.500545,180,0,0,363043
0,0,0,0.5,0.500545,180,0,0,363060
0,0,0,0.5,0.500545,180,0,0,363077
0,0,0,0.5,0.500545,180,0,0,363093
0,0,0,0.5,0.500545,180,0,0,363110
0,0,0,0.5,0.500545,180,0,0,363127
0,0,0,0.5,0.500545,180,0,0,363144
0,0,0,0.5,0.500545,180,0,0,363160
0,0,0,0.5,0.500545,180,0,0,363177
0,0,0,0.5,0.500545,180,0,0,363194
0,0,0,0.5,0.500545,180,0,0,363211
0,0,0,0.5,0.500545,180,0,0,363227
0,0,0,0.5,0.500545,180,0,0,363244
0,0,0,0.5,0.500545,180,0,0,363260
0,0,0,0.5,0.500545,180,0,0,363277
0,-2,0,0.5,0.500275,180,0,0,363294
0,-1,0,0.5,0.50014,180,0,0,363311
0,0,0,0.5,0.50014,180,0,0,363327
0,-2,0,0.5,0.49987,180,0,0,363344
0,-2,0,0.5,0.4996,180,0,0,363361
0,-1,0,0.5,0.499465,180,0,0,363377
0,-1,0,0.5,0.49933,180,0,0,363395
0,-2,-1,0.5,0.49906,180,0,0,363411
0,-2,-1,0.5,0.49879,180,0,0,363428
0,-2,-2,0.5,0.49852,180,0,0,363446
0,-3,-2,0.5,0.498115,180,0,0,363463
0,-5,-2,0.5,0.49744,180,0,0,363478
0,-10,-4,0.5,0.49609,180,0,0,363495
0,-12,-2,0.5,0.49447,180,0,0,363512
0,-13,-3,0.5,0.492715,180,0,0,363529
0,-12,-4,0.5,0.491095,180,0,0,363546
0,-11,-4,0.5,0.48961,180,0,0,363563
0,-10,-6,0.5,0.48826,180,0,0,363580
0,-9,-7,0.5,0.487045,180,0,0,363596
0,-12,-8,0.5,0.485425,180,0,0,363613
0,-16,-7,0.5,0.483265,180,0,0,363630
0,-18,-7,0.5,0.480835,180,0,0,363645
0,-19,-7,0.5,0.47827,180,0,0,363662
0,-19,-7,0.5,0.475705,180,0,0,363679
0,-17,-8,0.5,0.47341,180,0,0,363696
0,-13,-9,0.5,0.471655,180,0,0,363714
0,-9,-9,0.5,0.47044,180,0,0,363731
0,-4,-8,0.5,0.4699,180,0,0,363747
0,8,-16,0.5,0.47098,180,0,0,363766
0,9,-7,0.5,0.472195,180,0,0,363779
0,11,-7,0.5,0.47368,180,0,0,363797
0,14,-7,0.5,0.47557,180,0,0,363813
0,23,-7,0.5,0.478675,180,0,0,363829
0,24,-7,0.5,0.481915,180,0,0,363848
0,29,-6,0.5,0.48583,180,0,0,363863
0,29,-6,0.5,0.489745,180,0,0,363879
0,27,-6,0.5,0.49339,180,0,0,363898
0,24,-4,0.5,0.49663,180,0,0,363912
0,23,-3,0.5,0.499735,180,0,0,363930
0,25,-2,0.5,0.50311,180,0,0,363944
0,26,-3,0.5,0.50662,180,0,0,363962
0,27,-2,0.5,0.510265,180,0,0,363978
0,32,-1,0.5,0.514585,180,0,0,363995
0,35,-1,0.5,0.51931,180,0,0,364011
0,36,-2,0.5,0.52417,180,0,0,364030
0,34,-2,0.5,0.52876,180,0,0,364045
0,33,-2,0.5,0.533215,180,0,0,364061
0,35,-4,0.5,0.53794,180,0,0,364079
0,38,-3,0.5,0.54307,180,0,0,364096
0,39,-3,0.5,0.548335,180,0,0,364113
0,42,-3,0.5,0.554005,180,0,0,364129
0,45,-3,0.5,0.56008,180,0,0,364144
0,83,-8,0.5,0.571285,180,0,0,364165
0,34,-3,0.5,0.575875,180,0,0,364178
0,29,-2,0.5,0.57979,180,0,0,364195
0,27,-2,0.5,0.583435,180,0,0,364211
0,27,-1,0.5,0.58708,180,0,0,364230
0,31,-2,0.5,0.591265,180,0,0,364245
0,31,-2,0.5,0.59545,180,0,0,364261
0,31,-4,0.5,0.599635,180,0,0,364278
0,29,-5,0.5,0.60355,180,0,0,364297
0,31,-6,0.5,0.607735,180,0,0,364312
0,34,-7,0.5,0.612325,180,0,0,364330
0,40,-7,0.5,0.617725,180,0,0,364348
0,41,-7,0.5,0.62326,180,0,0,364363
0,36,-7,0.5,0.62812,180,0,0,364379
0,25,-5,0.5,0.631495,180,0,0,364395
0,27,-4,0.5,0.63514,180,0,0,364413
0,33,-4,0.5,0.639595,180,0,0,364428
0,32,-3,0.5,0.643915,180,0,0,364445
0,34,-3,0.5,0.648505,180,0,0,364463
0,31,-5,0.5,0.65269,180,0,0,364478
0,22,-3,0.5,0.65566,180,0,0,364495
0,18,-2,0.5,0.65809,180,0,0,364511
0,18,-2,0.5,0.66052,180,0,0,364528
0,21,-2,0.5,0.663355,180,0,0,364545
0,49,-1,0.5,0.66997,180,0,0,364561
0,31,0,0.5,0.674155,180,0,0,364577
0,34,0,0.5,0.678745,180,0,0,364594
0,35,0,0.5,0.68347,180,0,0,364612
0,38,0,0.5,0.6886,180,0,0,364627
0,39,0,0.5,0.693865,180,0,0,364644
0,41,0,0.5,0.6994,180,0,0,364660
0,45,-1,0.5,0.705475,180,0,0,364677
0,49,-1,0.5,0.71,180,0,0,364694
