0,55,96,0.5,-0.702575,180,0,0,813440
0,38,48,0.5,-0.697445,180,0,0,813457
0,22,24,0.5,-0.694475,180,0,0,813467
0,22,24,0.5,-0.691505,180,0,0,813478
0,0,0,0.5,-0.691505,180,0,0,813484
0,23,23,0.5,-0.6884,180,0,0,813503
0,21,22,0.5,-0.685565,180,0,0,813520
0,18,22,0.5,-0.683135,180,0,0,813535
0,18,22,0.5,-0.680705,180,0,0,813552
0,19,22,0.5,-0.67814,180,0,0,813570
0,20,24,0.5,-0.67544,180,0,0,813588
0,22,24,0.5,-0.67247,180,0,0,813603
0,54,37,0.5,-0.66518,180,0,0,813623
0,26,11,0.5,-0.66167,180,0,0,813635
0,26,48,0.5,-0.65816,180,0,0,813661
0,24,24,0.5,-0.65492,180,0,0,813677
0,21,24,0.5,-0.652085,180,0,0,813690
0,19,24,0.5,-0.64952,180,0,0,813704
0,16,24,0.5,-0.64736,180,0,0,813721
0,15,24,0.5,-0.645335,180,0,0,813738
0,14,24,0.5,-0.643445,180,0,0,813754
0,15,24,0.5,-0.64142,180,0,0,813772
0,14,24,0.5,-0.63953,180,0,0,813787
0,18,24,0.5,-0.6371,180,0,0,813804
0,18,24,0.5,-0.63467,180,0,0,813821
0,19,24,0.5,-0.632105,180,0,0,813839
0,19,24,0.5,-0.62954,180,0,0,813852
0,19,24,0.5,-0.626975,180,0,0,813869
0,23,24,0.5,-0.62387,180,0,0,813889
0,50,30,0.5,-0.61712,180,0,0,813913
0,26,42,0.5,-0.61361,180,0,0,813933
0,24,24,0.5,-0.61037,180,0,0,813945
0,23,10,0.5,-0.607265,180,0,0,813955
0,0,14,0.5,-0.607265,180,0,0,813967
0,14,20,0.5,-0.605375,180,0,0,813986
0,38,48,0.5,-0.600245,180,0,0,814012
0,14,24,0.5,-0.598355,180,0,0,814027
0,17,24,0.5,-0.59606,180,0,0,814040
0,18,24,0.5,-0.59363,180,0,0,814056
0,15,24,0.5,-0.591605,180,0,0,814070
0,17,24,0.5,-0.58931,180,0,0,814086
0,17,24,0.5,-0.587015,180,0,0,814118
0,19,24,0.5,-0.58445,180,0,1,814129
0,19,24,0.5,-0.581885,180,0,1,814145
0,18,24,0.5,-0.579455,180,0,0,814162
0,17,24,0.5,-0.57716,180,0,0,814177
0,17,24,0.5,-0.574865,180,0,0,814189
0,18,24,0.5,-0.572435,180,0,0,814203
0,16,24,0.5,-0.570275,180,0,0,814220
0,18,24,0.5,-0.567845,180,0,0,814238
0,16,24,0.5,-0.565685,180,0,0,814253
0,17,24,0.5,-0.56339,180,0,0,814270
0,15,24,0.5,-0.561365,180,0,0,814288
0,14,24,0.5,-0.559475,180,0,0,814303
0,18,24,0.5,-0.557045,180,0,0,814322
0,21,24,0.5,-0.55421,180,0,0,814339
0,20,24,0.5,-0.55151,180,0,0,814357
0,25,24,0.5,-0.548135,180,0,1,814371
0,25,24,0.5,-0.54476,180,0,1,814387
0,21,24,0.5,-0.541925,180,0,1,814403
0,60,48,0.5,-0.533825,180,0,0,814429
0,30,24,0.5,-0.529775,180,0,0,814440
0,26,23,0.5,-0.526265,180,0,0,814460
0,30,25,0.5,-0.522215,180,0,0,814474
0,29,24,0.5,-0.5183,180,0,0,814491
0,28,24,0.5,-0.51452,180,0,0,814507
0,28,24,0.5,-0.51074,180,0,0,814520
0,30,24,0.5,-0.50669,180,0,0,814539
0,26,24,0.5,-0.50318,180,0,1,814555
0,27,24,0.5,-0.499535,180,0,1,814571
0,27,24,0.5,-0.49589,180,0,0,814588
0,27,24,0.5,-0.492245,180,0,0,814604
0,27,24,0.5,-0.4886,180,0,0,814621
0,30,24,0.5,-0.48455,180,0,0,814636
0,28,24,0.5,-0.48077,180,0,0,814656
0,33,24,0.5,-0.476315,180,0,0,814671
0,32,24,0.5,-0.471995,180,0,0,814687
0,30,24,0.5,-0.467945,180,0,0,814706
0,28,24,0.5,-0.464165,180,0,0,814723
0,26,24,0.5,-0.460655,180,0,0,814737
0,24,24,0.5,-0.457415,180,0,0,814753
0,25,24,0.5,-0.45404,180,0,0,814770
0,25,24,0.5,-0.450665,180,0,0,814796
0,52,48,0.5,-0.443645,180,0,0,814815
0,29,24,0.5,-0.43973,180,0,0,814829
0,27,24,0.5,-0.436085,180,0,0,814844
0,28,24,0.5,-0.432305,180,0,0,814871
0,55,48,0.5,-0.42488,180,0,0,814898
0,26,24,0.5,-0.42137,180,0,0,814911
0,24,24,0.5,-0.41813,180,0,0,814925
0,25,24,0.5,-0.414755,180,0,0,814935
0,24,6,0.5,-0.411515,180,0,0,814943
0,0,18,0.5,-0.411515,180,0,0,814961
0,23,24,0.5,-0.40841,180,0,0,814980
0,24,24,0.5,-0.40517,180,0,0,814996
0,47,48,0.5,-0.398825,180,0,0,815020
0,25,24,0.5,-0.39545,180,0,0,815034
0,26,24,0.5,-0.39194,180,0,0,815049
0,24,24,0.5,-0.3887,180,0,0,815062
0,22,24,0.5,-0.38573,180,0,0,815079
0,21,24,0.5,-0.382895,180,0,0,815096
0,22,24,0.5,-0.379925,180,0,0,815113
0,20,24,0.5,-0.377225,180,0,0,815128
0,19,24,0.5,-0.37466,180,0,0,815145
0,16,24,0.5,-0.3725,180,0,0,815161
0,13,24,0.5,-0.370745,180,0,1,815180
0,10,24,0.5,-0.369395,180,0,1,815197
0,1,24,0.5,-0.36926,180,0,0,815211
0,0,24,0.5,-0.36926,180,0,0,815228
0,0,24,0.5,-0.36926,180,0,0,815244
0,-1,24,0.5,-0.369395,180,0,0,815270
0,1,48,0.5,-0.36926,180,0,1,815300
0,0,24,0.5,-0.36926,180,0,1,815313
0,1,24,0.5,-0.369125,180,0,1,815331
0,8,24,0.5,-0.368045,180,0,0,815343
0,9,24,0.5,-0.36683,180,0,0,815357
0,8,23,0.5,-0.36575,180,0,0,815369
0,10,22,0.5,-0.3644,180,0,0,815382
0,9,18,0.5,-0.363185,180,0,0,815395
0,15,13,0.5,-0.36116,180,0,1,815411
0,15,35,0.5,-0.359135,180,0,1,815434
0,20,23,0.5,-0.356435,180,0,1,815449
0,21,24,0.5,-0.3536,180,0,0,815462
0,24,24,0.5,-0.35036,180,0,0,815480
0,25,24,0.5,-0.346985,180,0,0,815495
0,27,24,0.5,-0.34334,180,0,1,815515
0,26,24,0.5,-0.33983,180,0,1,815531
0,26,24,0.5,-0.33632,180,0,0,815545
0,25,24,0.5,-0.332945,180,0,0,815562
0,29,24,0.5,-0.32903,180,0,0,815579
0,28,24,0.5,-0.32525,180,0,0,815596
0,18,11,0.5,-0.32282,180,0,1,815609
0,26,22,0.5,-0.31931,180,0,0,815631
0,25,21,0.5,-0.315935,180,0,0,815646
0,24,22,0.5,-0.312695,180,0,0,815662
0,21,22,0.5,-0.30986,180,0,0,815679
0,21,23,0.5,-0.307025,180,0,0,815700
0,20,24,0.5,-0.304325,180,0,0,815716
0,23,24,0.5,-0.30122,180,0,0,815729
0,25,24,0.5,-0.297845,180,0,0,815745
0,25,24,0.5,-0.29447,180,0,0,815762
0,20,24,0.5,-0.29177,180,0,0,815780
0,43,42,0.5,-0.285965,180,0,0,815800
0,23,24,0.5,-0.28286,180,0,0,815812
0,17,30,0.5,-0.280565,180,0,0,815831
0,19,24,0.5,-0.278,180,0,0,815847
0,19,24,0.5,-0.275435,180,0,0,815870
0,24,24,0.5,-0.272195,180,0,0,815882
0,26,24,0.5,-0.268685,180,0,0,815899
0,28,24,0.5,-0.264905,180,0,0,815913
0,29,24,0.5,-0.26099,180,0,0,815930
0,28,24,0.5,-0.25721,180,0,0,815947
0,25,24,0.5,-0.253835,180,0,0,815963
0,26,24,0.5,-0.250325,180,0,0,815980
0,29,24,0.5,-0.24641,180,0,0,815996
0,30,24,0.5,-0.24236,180,0,0,816012
0,30,24,0.5,-0.23831,180,0,0,816029
0,29,24,0.5,-0.234395,180,0,0,816048
0,30,24,0.5,-0.230345,180,0,0,816063
0,28,24,0.5,-0.226565,180,0,0,816081
0,29,24,0.5,-0.22265,180,0,0,816097
0,30,24,0.5,-0.2186,180,0,0,816112
0,28,24,0.5,-0.21482,180,0,0,816129
0,27,24,0.5,-0.211175,180,0,0,816145
0,24,24,0.5,-0.207935,180,0,0,816163
0,5,12,0.5,-0.20726,180,0,0,816177
0,63,48,0.5,-0.198755,180,0,0,816205
0,37,24,0.5,-0.19376,180,0,0,816220
0,39,24,0.5,-0.188495,180,0,0,816236
0,40,24,0.5,-0.183095,180,0,0,816251
0,41,24,0.5,-0.17756,180,0,0,816266
0,39,24,0.5,-0.172295,180,0,0,816281
0,36,24,0.5,-0.167435,180,0,0,816297
0,37,24,0.5,-0.16244,180,0,0,816313
0,35,24,0.5,-0.157715,180,0,0,816330
0,36,24,0.5,-0.152855,180,0,0,816351
0,38,24,0.5,-0.147725,180,0,0,816362
0,36,24,0.5,-0.142865,180,0,0,816383
0,34,24,0.5,-0.138275,180,0,0,816399
0,28,24,0.5,-0.134495,180,0,0,816412
0,30,24,0.5,-0.130445,180,0,0,816430
0,28,24,0.5,-0.126665,180,0,0,816446
0,30,24,0.5,-0.122615,180,0,0,816462
0,30,24,0.5,-0.118565,180,0,0,816482
0,28,24,0.5,-0.114785,180,0,0,816498
0,24,24,0.5,-0.111545,180,0,0,816512
0,29,24,0.5,-0.10763,180,0,0,816530
0,64,27,0.5,-0.09899,180,0,0,816549
0,0,21,0.5,-0.09899,180,0,0,816562
0,71,43,0.5,-0.089405,180,0,0,816587
0,37,29,0.5,-0.08441,180,0,0,816601
0,41,24,0.5,-0.078875,180,0,0,816616
0,40,24,0.5,-0.073475,180,0,0,816632
0,40,24,0.5,-0.068075,180,0,0,816646
0,42,24,0.5,-0.062405,180,0,0,816663
0,41,24,0.5,-0.05687,180,0,0,816680
0,42,24,0.5,-0.0512,180,0,0,816697
0,39,24,0.5,-0.045935,180,0,0,816713
0,36,24,0.5,-0.041075,180,0,0,816730
0,15,17,0.5,-0.03905,180,0,0,816744
0,39,24,0.5,-0.033785,180,0,0,816763
0,38,24,0.5,-0.028655,180,0,0,816781
0,36,24,0.5,-0.023795,180,0,0,816798
0,38,24,0.5,-0.018665,180,0,0,816813
0,37,24,0.5,-0.01367,180,0,0,816831
0,28,24,0.5,-0.00989,180,0,0,816847
0,27,24,0.5,-0.006245,180,0,0,816863
0,28,24,0.5,-0.002465,180,0,0,816883
0,0,-1,0.5,-0.002465,180,0,0,816892
0,26,24,0.5,0.001045,180,0,0,816918
0,36,24,0.5,0.005905,180,0,0,816932
0,35,24,0.5,0.01063,180,0,0,816948
0,34,24,0.5,0.01522,180,0,0,816963
0,69,42,0.5,0.024535,180,0,0,816985
0,33,30,0.5,0.02899,180,0,0,816999
0,35,24,0.5,0.033715,180,0,0,817017
0,32,21,0.5,0.038035,180,0,0,817030
0,30,27,0.5,0.042085,180,0,0,817050
0,30,24,0.5,0.046135,180,0,0,817063
0,28,24,0.5,0.049915,180,0,0,817079
0,28,24,0.5,0.053695,180,0,0,817095
0,28,24,0.5,0.057475,180,0,0,817112
0,30,24,0.5,0.061525,180,0,0,817129
0,32,24,0.5,0.065845,180,0,0,817145
0,32,24,0.5,0.070165,180,0,0,817162
0,31,24,0.5,0.07435,180,0,0,817184
0,35,24,0.5,0.079075,180,0,0,817197
0,31,24,0.5,0.08326,180,0,0,817213
0,32,24,0.5,0.08758,180,0,0,817231
0,31,24,0.5,0.091765,180,0,0,817247
0,31,24,0.5,0.09595,180,0,0,817265
0,28,24,0.5,0.09973,180,0,0,817283
0,20,24,0.5,0.10243,180,0,0,817299
0,31,24,0.5,0.106615,180,0,0,817313
0,30,24,0.5,0.110665,180,0,1,817331
0,31,24,0.5,0.11485,180,0,1,817347
0,9,14,0.5,0.116065,180,0,1,817361
0,60,48,0.5,0.124165,180,0,0,817394
0,54,28,0.5,0.131455,180,0,0,817413
0,29,33,0.5,0.13537,180,0,0,817431
0,0,11,0.5,0.13537,180,0,0,817440
0,30,24,0.5,0.13942,180,0,1,817450
0,28,24,0.5,0.1432,180,0,1,817465
0,27,24,0.5,0.146845,180,0,1,817480
0,28,24,0.5,0.150625,180,0,1,817497
0,25,24,0.5,0.154,180,0,0,817513
0,22,24,0.5,0.15697,180,0,0,817537
0,22,24,0.5,0.15994,180,0,0,817552
0,23,24,0.5,0.163045,180,0,0,817565
0,19,24,0.5,0.16561,180,0,0,817579
0,22,24,0.5,0.16858,180,0,1,817596
0,20,24,0.5,0.17128,180,0,1,817612
0,21,24,0.5,0.174115,180,0,0,817628
0,20,24,0.5,0.176815,180,0,0,817649
0,19,24,0.5,0.17938,180,0,0,817664
0,20,24,0.5,0.18208,180,0,0,817679
0,18,24,0.5,0.18451,180,0,0,817697
0,15,24,0.5,0.186535,180,0,0,817712
0,13,24,0.5,0.18829,180,0,1,817731
0,17,24,0.5,0.190585,180,0,1,817749
0,16,24,0.5,0.192745,180,0,1,817763
0,15,24,0.5,0.19477,180,0,0,817781
0,28,48,0.5,0.19855,180,0,0,817805
0,15,24,0.5,0.200575,180,0,0,817817
0,12,8,0.5,0.202195,180,0,0,817828
0,14,40,0.5,0.204085,180,0,0,817854
0,14,24,0.5,0.205975,180,0,0,817867
0,16,24,0.5,0.208135,180,0,0,817880
0,19,24,0.5,0.2107,180,0,0,817896
0,22,24,0.5,0.21367,180,0,0,817915
0,28,24,0.5,0.21745,180,0,0,817931
0,31,24,0.5,0.221635,180,0,0,817948
0,30,24,0.5,0.225685,180,0,0,817962
0,27,24,0.5,0.22933,180,0,0,817978
0,26,24,0.5,0.23284,180,0,0,817997
0,23,24,0.5,0.235945,180,0,0,818014
0,26,24,0.5,0.239455,180,0,0,818031
0,24,24,0.5,0.242695,180,0,0,818046
0,25,24,0.5,0.24607,180,0,0,818062
0,22,24,0.5,0.24904,180,0,0,818079
0,22,24,0.5,0.25201,180,0,0,818099
0,24,24,0.5,0.25525,180,0,0,818113
0,24,24,0.5,0.25849,180,0,0,818130
0,25,24,0.5,0.261865,180,0,0,818149
0,25,24,0.5,0.26524,180,0,0,818163
0,43,48,0.5,0.271045,180,0,0,818188
0,21,24,0.5,0.27388,180,0,0,818201
0,21,24,0.5,0.276715,180,0,0,818217
0,23,24,0.5,0.27982,180,0,0,818230
0,23,24,0.5,0.282925,180,0,0,818248
0,25,24,0.5,0.2863,180,0,0,818263
0,0,0,0.5,0.2863,180,0,0,818274
0,51,48,0.5,0.293185,180,0,0,818303
0,25,24,0.5,0.29656,180,0,0,818317
0,24,24,0.5,0.2998,180,0,0,818331
0,20,24,0.5,0.3025,180,1,1,818347
0,20,24,0.5,0.3052,180,1,1,818362
0,21,24,0.5,0.308035,180,1,0,818404
0,47,48,0.5,0.31438,180,0,0,818423
0,45,48,0.5,0.320455,180,0,1,818442
0,20,20,0.5,0.323155,180,0,1,818452
0,0,4,0.5,0.323155,180,0,1,818458
0,20,24,0.5,0.325855,180,0,1,818470
0,24,24,0.5,0.329095,180,0,1,818489
0,24,24,0.5,0.332335,180,0,1,818504
0,21,24,0.5,0.33517,180,0,1,818521
0,19,24,0.5,0.337735,180,0,1,818539
0,14,24,0.5,0.339625,180,0,1,818554
0,13,24,0.5,0.34138,180,0,1,818572
0,10,24,0.5,0.34273,180,0,1,818588
0,7,24,0.5,0.343675,180,0,1,818604
0,4,24,0.5,0.344215,180,0,1,818621
0,1,23,0.5,0.34435,180,0,1,818640
0,0,23,0.5,0.34435,180,0,1,818654
0,0,21,0.5,0.34435,180,0,1,818670
0,2,21,0.5,0.34462,180,0,1,818694
0,9,40,0.5,0.345835,180,0,0,818723
0,10,19,0.5,0.347185,180,0,1,818739
0,15,17,0.5,0.34921,180,0,1,818751
0,15,16,0.5,0.351235,180,0,1,818763
0,17,17,0.5,0.35353,180,0,1,818772
0,0,0,0.5,0.35353,180,0,1,818781
0,27,33,0.5,0.357175,180,0,0,818808
0,11,18,0.5,0.35866,180,0,0,818821
0,9,19,0.5,0.359875,180,0,0,818838
0,6,21,0.5,0.360685,180,0,0,818856
0,6,21,0.5,0.361495,180,0,1,818870
0,9,23,0.5,0.36271,180,0,1,818889
0,9,23,0.5,0.363925,180,0,1,818908
0,12,22,0.5,0.365545,180,0,0,818921
0,13,21,0.5,0.3673,180,0,0,818939
0,12,22,0.5,0.36892,180,0,0,818953
0,14,20,0.5,0.37081,180,0,0,818971
0,17,21,0.5,0.373105,180,0,1,818989
0,17,21,0.5,0.3754,180,0,1,819003
0,18,20,0.5,0.37783,180,0,1,819022
0,20,19,0.5,0.38053,180,0,0,819036
0,20,18,0.5,0.38323,180,0,0,819053
0,21,16,0.5,0.386065,180,0,0,819068
0,20,14,0.5,0.388765,180,0,0,819085
0,20,13,0.5,0.391465,180,0,1,819103
0,15,12,0.5,0.39349,180,0,1,819120
0,13,12,0.5,0.395245,180,0,1,819135
0,12,13,0.5,0.396865,180,0,1,819153
0,13,14,0.5,0.39862,180,0,0,819170
0,12,14,0.5,0.40024,180,0,0,819187
0,15,16,0.5,0.402265,180,0,0,819203
0,31,32,0.5,0.40645,180,0,1,819223
0,19,14,0.5,0.409015,180,0,1,819235
0,17,13,0.5,0.41131,180,0,1,819252
0,17,13,0.5,0.413605,180,0,1,819270
0,16,13,0.5,0.415765,180,0,0,819287
0,15,13,0.5,0.41779,180,0,0,819303
0,13,12,0.5,0.419545,180,0,0,819319
0,10,13,0.5,0.420895,180,0,0,819335
0,9,13,0.5,0.42211,180,0,1,819351
0,8,13,0.5,0.42319,180,0,1,819371
0,7,15,0.5,0.424135,180,0,1,819390
0,8,15,0.5,0.425215,180,0,1,819401
0,9,15,0.5,0.42643,180,0,0,819419
0,10,16,0.5,0.42778,180,0,0,819437
0,12,16,0.5,0.4294,180,0,0,819453
0,14,15,0.5,0.43129,180,0,1,819473
0,14,14,0.5,0.43318,180,0,1,819485
0,17,13,0.5,0.435475,180,0,1,819500
0,18,13,0.5,0.437905,180,0,1,819518
0,20,12,0.5,0.440605,180,0,0,819536
0,19,11,0.5,0.44317,180,0,0,819552
0,17,11,0.5,0.445465,180,0,0,819568
0,13,10,0.5,0.44722,180,0,0,819585
0,12,11,0.5,0.44884,180,0,1,819602
0,18,21,0.5,0.45127,180,0,1,819621
0,10,11,0.5,0.45262,180,0,1,819635
0,9,17,0.5,0.453835,180,0,1,819654
0,10,14,0.5,0.455185,180,0,0,819680
0,23,28,0.5,0.45829,180,0,0,819703
0,0,0,0.5,0.45829,180,0,0,819708
0,9,13,0.5,0.459505,180,0,0,819718
0,7,13,0.5,0.46045,180,0,1,819736
0,5,15,0.5,0.461125,180,0,1,819755
0,5,14,0.5,0.4618,180,0,1,819769
0,6,16,0.5,0.46261,180,0,1,819786
0,8,17,0.5,0.46369,180,0,0,819802
0,8,16,0.5,0.46477,180,0,0,819820
0,9,15,0.5,0.465985,180,0,0,819837
0,10,15,0.5,0.467335,180,0,0,819854
0,12,14,0.5,0.468955,180,0,1,819872
0,11,13,0.5,0.47044,180,0,1,819885
0,13,12,0.5,0.472195,180,0,1,819900
0,12,12,0.5,0.473815,180,0,0,819918
0,12,12,0.5,0.475435,180,0,0,819937
0,14,12,0.5,0.477325,180,0,0,819951
0,13,12,0.5,0.47908,180,0,0,819970
0,14,12,0.5,0.48097,180,0,1,819986
0,13,11,0.5,0.482725,180,0,1,820000
0,14,11,0.5,0.484615,180,0,1,820018
0,25,17,0.5,0.48799,180,0,1,820036
0,12,7,0.5,0.48961,180,0,0,820051
0,8,6,0.5,0.49069,180,0,0,820067
0,6,7,0.5,0.4915,180,0,0,820084
0,5,7,0.5,0.492175,180,0,0,820101
0,4,7,0.5,0.492715,180,0,1,820119
0,6,10,0.5,0.493525,180,0,1,820134
0,7,10,0.5,0.49447,180,0,1,820151
0,9,11,0.5,0.495685,180,0,1,820169
0,11,12,0.5,0.49717,180,0,0,820185
0,11,11,0.5,0.498655,180,0,0,820204
0,14,11,0.5,0.500545,180,0,0,820220
0,10,10,0.5,0.501895,180,0,0,820234
0,8,10,0.5,0.502975,180,0,0,820251
0,6,10,0.5,0.503785,180,0,1,820268
0,5,11,0.5,0.50446,180,0,1,820284
0,6,11,0.5,0.50527,180,0,1,820301
0,6,11,0.5,0.50608,180,0,1,820319
0,6,12,0.5,0.50689,180,0,0,820334
0,7,12,0.5,0.507835,180,0,0,820353
0,7,11,0.5,0.50878,180,0,0,820368
0,8,10,0.5,0.50986,180,0,1,820388
0,8,9,0.5,0.51094,180,0,1,820402
0,16,18,0.5,0.5131,180,0,1,820421
0,7,8,0.5,0.514045,180,0,1,820434
0,9,8,0.5,0.51526,180,0,1,820454
0,7,8,0.5,0.516205,180,0,0,820469
0,7,8,0.5,0.51715,180,0,0,820483
0,7,8,0.5,0.518095,180,0,0,820500
0,7,8,0.5,0.51904,180,0,1,820517
0,8,8,0.5,0.52012,180,0,1,820534
0,8,8,0.5,0.5212,180,0,1,820551
0,8,7,0.5,0.52228,180,0,1,820567
0,7,7,0.5,0.523225,180,0,0,820584
0,8,5,0.5,0.524305,180,0,0,820601
0,5,5,0.5,0.52498,180,0,0,820617
0,5,4,0.5,0.525655,180,0,0,820633
0,3,4,0.5,0.52606,180,0,0,820649
0,2,3,0.5,0.52633,180,0,1,820666
0,0,4,0.5,0.52633,180,0,1,820682
0,0,5,0.5,0.52633,180,0,1,820702
0,0,7,0.5,0.52633,180,0,1,820716
0,1,8,0.5,0.526465,180,0,0,820733
0,4,9,0.5,0.527005,180,0,0,820755
0,5,9,0.5,0.52768,180,0,0,820769
0,7,9,0.5,0.528625,180,0,1,820784
0,17,17,0.5,0.53092,180,0,1,820806
0,0,0,0.5,0.53092,180,0,1,820815
0,15,15,0.5,0.532945,180,0,1,820836
0,3,7,0.5,0.53335,180,0,1,820850
0,3,8,0.5,0.533755,180,0,0,820868
0,3,8,0.5,0.53416,180,0,0,820886
0,2,8,0.5,0.53443,180,0,0,820901
0,3,10,0.5,0.534835,180,0,1,820919
0,4,9,0.5,0.535375,180,0,1,820934
0,6,9,0.5,0.536185,180,0,1,820950
0,7,9,0.5,0.53713,180,0,1,820967
0,7,8,0.5,0.538075,180,0,0,820984
0,7,8,0.5,0.53902,180,0,0,821001
0,8,7,0.5,0.5401,180,0,0,821018
0,7,6,0.5,0.541045,180,0,0,821033
0,6,6,0.5,0.541855,180,0,1,821051
0,5,6,0.5,0.54253,180,0,1,821068
0,5,6,0.5,0.543205,180,0,1,821083
0,6,6,0.5,0.544015,180,0,1,821101
0,5,5,0.5,0.54469,180,0,0,821117
0,5,6,0.5,0.545365,180,0,0,821133
0,5,6,0.5,0.54604,180,0,0,821149
0,6,6,0.5,0.54685,180,0,0,821168
0,6,5,0.5,0.54766,180,0,1,821182
0,8,5,0.5,0.54874,180,0,1,821200
0,19,5,0.5,0.551305,180,0,1,821217
0,8,9,0.5,0.552385,180,0,1,821233
0,5,4,0.5,0.55306,180,0,1,821252
0,3,4,0.5,0.553465,180,0,1,821267
0,0,4,0.5,0.553465,180,0,0,821283
0,-1,5,0.5,0.55333,180,0,0,821299
0,-2,6,0.5,0.55306,180,0,0,821317
0,-1,7,0.5,0.552925,180,0,0,821333
0,0,7,0.5,0.552925,180,0,1,821355
0,3,7,0.5,0.55333,180,0,1,821370
0,4,8,0.5,0.55387,180,0,1,821383
0,8,7,0.5,0.55495,180,0,1,821401
0,9,5,0.5,0.556165,180,0,1,821419
0,7,5,0.5,0.55711,180,0,1,821432
0,5,4,0.5,0.557785,180,0,0,821449
0,3,5,0.5,0.55819,180,0,0,821467
0,1,4,0.5,0.558325,180,0,0,821489
0,0,5,0.5,0.558325,180,0,0,821505
0,1,6,0.5,0.55846,180,0,1,821518
0,2,7,0.5,0.55873,180,0,1,821534
0,5,7,0.5,0.559405,180,0,1,821550
0,8,6,0.5,0.560485,180,0,1,821567
0,7,6,0.5,0.56143,180,0,1,821583
0,5,6,0.5,0.562105,180,0,0,821601
0,7,6,0.5,0.56305,180,0,0,821617
0,2,12,0.5,0.56332,180,0,0,821635
0,1,6,0.5,0.563455,180,0,0,821650
0,2,6,0.5,0.563725,180,0,0,821669
0,3,5,0.5,0.56413,180,0,1,821686
0,4,6,0.5,0.56467,180,0,1,821702
0,6,5,0.5,0.56548,180,0,1,821715
0,6,5,0.5,0.56629,180,0,1,821733
0,7,6,0.5,0.567235,180,0,1,821749
0,5,5,0.5,0.56791,180,0,0,821768
0,3,5,0.5,0.568315,180,0,0,821783
0,2,5,0.5,0.568585,180,0,0,821800
0,2,5,0.5,0.568855,180,0,0,821817
0,3,5,0.5,0.56926,180,0,1,821836
0,4,4,0.5,0.5698,180,0,1,821849
0,5,4,0.5,0.570475,180,0,1,821866
0,4,3,0.5,0.571015,180,0,1,821883
0,5,3,0.5,0.57169,180,0,0,821899
0,5,3,0.5,0.572365,180,0,0,821916
0,3,3,0.5,0.57277,180,0,0,821935
0,3,4,0.5,0.573175,180,0,0,821949
0,2,3,0.5,0.573445,180,0,1,821966
0,3,4,0.5,0.57385,180,0,1,821982
0,3,2,0.5,0.574255,180,0,1,821999
0,3,2,0.5,0.57466,180,0,1,822016
0,6,4,0.5,0.57547,180,0,1,822034
0,3,2,0.5,0.575875,180,0,1,822049
0,2,1,0.5,0.576145,180,0,0,822065
0,2,2,0.5,0.576415,180,0,0,822085
0,1,1,0.5,0.57655,180,0,0,822098
0,0,1,0.5,0.57655,180,0,0,822115
0,-1,1,0.5,0.576415,180,0,0,822132
0,-8,2,0.5,0.575335,180,0,0,822148
0,-7,2,0.5,0.57439,180,0,0,822165
0,-7,3,0.5,0.573445,180,0,1,822185
0,-6,5,0.5,0.572635,180,0,1,822201
0,-3,5,0.5,0.57223,180,0,1,822218
0,-3,7,0.5,0.571825,180,0,1,822233
0,-3,7,0.5,0.57142,180,0,0,822253
0,-3,6,0.5,0.571015,180,0,0,822267
0,-2,6,0.5,0.570745,180,0,0,822284
0,-1,6,0.5,0.57061,180,0,0,822300
0,0,6,0.5,0.57061,180,0,0,822318
0,0,6,0.5,0.57061,180,0,1,822336
0,0,6,0.5,0.57061,180,0,1,822351
0,0,5,0.5,0.57061,180,0,1,822368
0,3,5,0.5,0.571015,180,0,1,822385
0,0,3,0.5,0.571015,180,0,0,822399
0,2,4,0.5,0.571285,180,0,0,822415
0,3,7,0.5,0.57169,180,0,0,822433
0,1,3,0.5,0.571825,180,0,0,822449
0,1,3,0.5,0.57196,180,0,0,822466
0,0,2,0.5,0.57196,180,0,0,822482
0,1,3,0.5,0.572095,180,0,1,822499
0,3,2,0.5,0.5725,180,0,1,822515
0,4,3,0.5,0.57304,180,0,1,822534
0,4,3,0.5,0.57358,180,0,1,822549
0,2,3,0.5,0.57385,180,0,1,822568
0,0,3,0.5,0.57385,180,0,1,822583
0,-1,3,0.5,0.573715,180,0,0,822601
0,-4,4,0.5,0.573175,180,0,0,822619
0,-4,3,0.5,0.572635,180,0,0,822633
0,-5,4,0.5,0.57196,180,0,0,822649
0,-2,3,0.5,0.57169,180,0,1,822669
0,-1,3,0.5,0.571555,180,0,1,822683
0,-1,2,0.5,0.57142,180,0,1,822699
0,0,2,0.5,0.57142,180,0,1,822716
0,2,2,0.5,0.57169,180,0,1,822733
0,2,2,0.5,0.57196,180,0,0,822749
0,3,1,0.5,0.572365,180,0,0,822768
0,0,2,0.5,0.572365,180,0,0,822782
0,2,2,0.5,0.572635,180,0,0,822801
0,1,2,0.5,0.57277,180,0,0,822818
0,5,4,0.5,0.573445,180,0,1,822834
0,2,2,0.5,0.573715,180,0,1,822850
0,2,2,0.5,0.573985,180,0,1,822866
0,1,1,0.5,0.57412,180,0,0,822885
0,2,2,0.5,0.57439,180,0,0,822899
0,2,1,0.5,0.57466,180,0,0,822915
0,2,2,0.5,0.57493,180,0,0,822932
0,2,1,0.5,0.5752,180,0,1,822952
0,2,1,0.5,0.57547,180,0,1,822968
0,3,1,0.5,0.575875,180,0,0,822983
0,3,1,0.5,0.57628,180,0,0,822998
0,4,1,0.5,0.57682,180,0,0,823016
0,4,2,0.5,0.57736,180,0,0,823033
0,4,2,0.5,0.5779,180,0,1,823049
0,2,2,0.5,0.57817,180,0,1,823067
0,5,2,0.5,0.578845,180,0,0,823083
0,4,3,0.5,0.579385,180,0,0,823099
0,4,3,0.5,0.579925,180,0,0,823117
0,5,3,0.5,0.5806,180,0,0,823132
0,3,3,0.5,0.581005,180,0,0,823149
0,4,3,0.5,0.581545,180,0,0,823166
0,5,6,0.5,0.58222,180,0,0,823186
0,0,0,0.5,0.58222,180,0,0,823197
0,2,6,0.5,0.58249,180,0,0,823222
0,1,2,0.5,0.582625,180,0,0,823233
0,0,4,0.5,0.582625,180,0,0,823249
0,0,3,0.5,0.582625,180,0,0,823268
0,0,4,0.5,0.582625,180,0,1,823284
0,0,3,0.5,0.582625,180,0,1,823299
0,0,3,0.5,0.582625,180,0,1,823316
0,0,3,0.5,0.582625,180,0,1,823332
0,0,2,0.5,0.582625,180,0,0,823348
0,3,2,0.5,0.58303,180,0,0,823367
0,2,2,0.5,0.5833,180,0,0,823382
0,0,1,0.5,0.5833,180,0,0,823398
0,-2,1,0.5,0.58303,180,0,0,823417
0,-4,1,0.5,0.58249,180,0,0,823433
0,-4,2,0.5,0.58195,180,0,0,823449
0,-3,3,0.5,0.581545,180,0,1,823466
0,-2,4,0.5,0.581275,180,0,1,823483
0,-2,3,0.5,0.581005,180,0,1,823499
0,0,3,0.5,0.581005,180,0,0,823516
0,0,2,0.5,0.581005,180,0,0,823535
0,1,2,0.5,0.58114,180,0,0,823549
0,0,2,0.5,0.58114,180,0,0,823567
0,0,1,0.5,0.58114,180,0,0,823582
0,1,1,0.5,0.581275,180,0,0,823600
0,0,1,0.5,0.581275,180,0,0,823617
0,-6,4,0.5,0.580465,180,0,1,823635
0,-3,3,0.5,0.58006,180,0,1,823651
0,-3,3,0.5,0.579655,180,0,1,823666
0,-1,3,0.5,0.57952,180,0,0,823685
0,-2,3,0.5,0.57925,180,0,0,823699
0,-2,2,0.5,0.57898,180,0,0,823716
0,-4,3,0.5,0.57844,180,0,0,823734
0,-5,2,0.5,0.577765,180,0,0,823750
0,-8,2,0.5,0.576685,180,0,0,823766
0,-8,1,0.5,0.575605,180,0,0,823782
0,-8,2,0.5,0.574525,180,0,0,823799
0,-8,1,0.5,0.573445,180,0,0,823816
0,-7,1,0.5,0.5725,180,0,0,823833
0,-5,1,0.5,0.571825,180,0,0,823848
0,-3,2,0.5,0.57142,180,0,0,823867
0,-2,3,0.5,0.57115,180,0,0,823884
0,1,2,0.5,0.571285,180,0,0,823898
0,1,4,0.5,0.57142,180,0,0,823916
0,2,4,0.5,0.57169,180,0,0,823934
0,2,4,0.5,0.57196,180,0,0,823950
0,2,5,0.5,0.57223,180,0,0,823969
0,2,5,0.5,0.5725,180,0,0,823983
0,3,6,0.5,0.572905,180,0,0,824000
0,0,7,0.5,0.572905,180,0,0,824018
0,-1,7,0.5,0.57277,180,0,0,824033
0,-6,17,0.5,0.57196,180,0,0,824052
0,-4,10,0.5,0.57142,180,0,0,824067
0,-2,11,0.5,0.57115,180,0,0,824085
0,0,11,0.5,0.57115,180,0,0,824100
0,2,11,0.5,0.57142,180,0,0,824120
0,2,12,0.5,0.57169,180,0,0,824136
0,5,13,0.5,0.572365,180,0,0,824151
0,8,13,0.5,0.573445,180,0,0,824170
0,5,12,0.5,0.57412,180,0,0,824184
0,5,11,0.5,0.574795,180,0,0,824201
0,7,12,0.5,0.57574,180,0,0,824220
0,5,12,0.5,0.576415,180,0,0,824235
0,7,12,0.5,0.57736,180,0,0,824252
0,12,15,0.5,0.57898,180,0,0,824272
0,15,16,0.5,0.581005,180,0,0,824284
0,15,16,0.5,0.58303,180,0,0,824303
0,13,15,0.5,0.584785,180,0,0,824321
0,11,14,0.5,0.58627,180,0,0,824341
0,14,22,0.5,0.58816,180,0,0,824361
0,0,3,0.5,0.58816,180,0,0,824369
0,7,12,0.5,0.589105,180,0,0,824385
0,8,13,0.5,0.590185,180,0,0,824403
0,7,12,0.5,0.59113,180,0,0,824420
0,16,19,0.5,0.59329,180,0,0,824437
0,6,17,0.5,0.5941,180,0,0,824454
0,4,9,0.5,0.59464,180,0,0,824467
0,3,10,0.5,0.595045,180,0,0,824489
0,-1,8,0.5,0.59491,180,0,0,824501
0,-5,7,0.5,0.594235,180,0,0,824518
0,-6,5,0.5,0.593425,180,0,0,824534
0,-7,5,0.5,0.59248,180,0,0,824551
0,-7,5,0.5,0.591535,180,0,0,824567
0,-4,4,0.5,0.590995,180,0,0,824583
0,-5,4,0.5,0.59032,180,0,0,824599
0,-6,4,0.5,0.58951,180,0,0,824616
0,-7,3,0.5,0.588565,180,0,0,824634
0,-11,4,0.5,0.58708,180,0,0,824649
0,-9,5,0.5,0.585865,180,0,0,824666
0,-8,6,0.5,0.584785,180,0,0,824683
0,-5,7,0.5,0.58411,180,0,1,824700
0,-5,8,0.5,0.583435,180,0,1,824717
0,-3,7,0.5,0.58303,180,0,0,824734
0,-3,7,0.5,0.582625,180,0,0,824750
0,-3,7,0.5,0.58222,180,0,0,824766
0,-1,7,0.5,0.582085,180,0,0,824783
0,-4,11,0.5,0.581545,180,0,0,824808
0,0,0,0.5,0.581545,180,0,0,824816
0,-6,4,0.5,0.580735,180,0,0,824833
0,-4,8,0.5,0.580195,180,0,0,824851
0,-5,5,0.5,0.57952,180,0,1,824868
0,-4,6,0.5,0.57898,180,0,1,824885
0,-4,7,0.5,0.57844,180,0,1,824901
0,-4,7,0.5,0.5779,180,0,0,824919
0,-4,7,0.5,0.57736,180,0,0,824934
0,-4,7,0.5,0.57682,180,0,0,824950
0,-8,7,0.5,0.57574,180,0,0,824969
0,-9,8,0.5,0.574525,180,0,0,824984
0,-10,7,0.5,0.573175,180,0,0,825000
0,-12,7,0.5,0.571555,180,0,0,825020
0,-12,8,0.5,0.569935,180,0,0,825034
0,-10,7,0.5,0.568585,180,0,1,825051
0,-10,9,0.5,0.567235,180,0,1,825069
0,-8,10,0.5,0.566155,180,0,0,825084
0,-7,9,0.5,0.56521,180,0,0,825101
0,-8,9,0.5,0.56413,180,0,0,825119
0,-7,9,0.5,0.563185,180,0,0,825133
0,-8,7,0.5,0.562105,180,0,0,825150
0,-7,8,0.5,0.56116,180,0,0,825169
0,-7,7,0.5,0.560215,180,0,0,825183
0,-7,7,0.5,0.55927,180,0,0,825199
0,-16,17,0.5,0.55711,180,0,0,825223
0,0,0,0.5,0.55711,180,0,0,825231
0,-23,16,0.5,0.554005,180,0,0,825253
0,-13,8,0.5,0.55225,180,0,0,825269
0,-12,6,0.5,0.55063,180,0,0,825284
0,-11,5,0.5,0.549145,180,0,0,825299
0,-9,5,0.5,0.54793,180,0,0,825318
0,-8,3,0.5,0.54685,180,0,0,825332
0,-7,4,0.5,0.545905,180,0,0,825349
0,-5,4,0.5,0.54523,180,0,0,825366
0,-2,5,0.5,0.54496,180,0,0,825383
0,0,6,0.5,0.54496,180,0,0,825399
0,0,6,0.5,0.54496,180,0,0,825418
0,0,6,0.5,0.54496,180,0,0,825434
0,0,6,0.5,0.54496,180,0,0,825450
0,-2,7,0.5,0.54469,180,0,0,825468
0,-5,7,0.5,0.544015,180,0,0,825485
0,-7,7,0.5,0.54307,180,0,0,825500
0,-7,7,0.5,0.542125,180,0,0,825517
0,-10,6,0.5,0.540775,180,0,0,825535
0,-10,6,0.5,0.539425,180,0,0,825550
0,-11,7,0.5,0.53794,180,0,0,825568
0,-10,9,0.5,0.53659,180,0,0,825585
0,-6,8,0.5,0.53578,180,0,0,825601
0,-7,10,0.5,0.534835,180,0,0,825620
0,-16,12,0.5,0.532675,180,0,0,825637
0,-9,13,0.5,0.53146,180,0,0,825660
0,-10,7,0.5,0.53011,180,0,0,825672
0,-9,6,0.5,0.528895,180,0,0,825683
0,-8,7,0.5,0.527815,180,0,0,825700
0,-7,8,0.5,0.52687,180,0,0,825720
0,-6,7,0.5,0.52606,180,0,0,825733
0,-5,8,0.5,0.525385,180,0,0,825750
0,-6,7,0.5,0.524575,180,0,0,825769
0,-8,8,0.5,0.523495,180,0,0,825784
0,-9,7,0.5,0.52228,180,0,0,825800
0,-13,8,0.5,0.520525,180,0,0,825818
0,-12,8,0.5,0.518905,180,0,0,825836
0,-13,8,0.5,0.51715,180,0,0,825859
0,-10,7,0.5,0.5158,180,0,0,825872
0,-9,7,0.5,0.514585,180,0,0,825889
0,-6,7,0.5,0.513775,180,0,0,825901
0,-4,6,0.5,0.513235,180,0,0,825919
0,-1,6,0.5,0.5131,180,0,0,825933
0,0,6,0.5,0.5131,180,0,0,825949
0,2,5,0.5,0.51337,180,0,0,825966
0,1,5,0.5,0.513505,180,0,0,825983
0,2,5,0.5,0.513775,180,0,0,826000
0,0,5,0.5,0.513775,180,0,0,826016
0,0,6,0.5,0.513775,180,0,0,826034
0,0,16,0.5,0.513775,180,0,0,826053
0,2,11,0.5,0.514045,180,0,0,826069
0,5,13,0.5,0.51472,180,0,0,826085
0,7,16,0.5,0.515665,180,0,0,826103
0,6,16,0.5,0.516475,180,0,0,826121
0,7,17,0.5,0.51742,180,0,0,826136
0,5,16,0.5,0.518095,180,0,0,826152
0,1,14,0.5,0.51823,180,0,0,826169
0,2,15,0.5,0.5185,180,0,0,826186
0,1,13,0.5,0.518635,180,0,0,826202
0,1,12,0.5,0.51877,180,0,0,826218
0,-1,14,0.5,0.518635,180,0,0,826235
0,2,14,0.5,0.518905,180,0,0,826252
0,4,15,0.5,0.519445,180,0,0,826270
0,1,17,0.5,0.51958,180,0,0,826287
0,5,19,0.5,0.520255,180,0,0,826304
0,8,18,0.5,0.521335,180,0,0,826321
0,10,18,0.5,0.522685,180,0,0,826336
0,11,18,0.5,0.52417,180,0,0,826353
0,10,17,0.5,0.52552,180,0,0,826371
0,8,15,0.5,0.5266,180,0,0,826387
0,7,16,0.5,0.527545,180,0,0,826404
0,4,15,0.5,0.528085,180,0,0,826422
0,1,28,0.5,0.52822,180,0,0,826441
0,0,13,0.5,0.52822,180,0,0,826451
0,-3,13,0.5,0.527815,180,0,0,826470
0,-6,13,0.5,0.527005,180,0,0,826485
0,-5,13,0.5,0.52633,180,0,0,826507
0,-9,12,0.5,0.525115,180,0,0,826519
0,-11,14,0.5,0.52363,180,0,0,826535
0,-11,13,0.5,0.522145,180,0,0,826551
0,-12,13,0.5,0.520525,180,0,0,826569
0,-11,12,0.5,0.51904,180,0,0,826585
0,-11,11,0.5,0.517555,180,0,0,826600
0,-11,11,0.5,0.51607,180,0,0,826619
0,-13,10,0.5,0.514315,180,0,0,826634
0,-12,9,0.5,0.512695,180,0,0,826651
0,-9,9,0.5,0.51148,180,0,0,826670
0,-10,10,0.5,0.51013,180,0,0,826684
0,-9,10,0.5,0.508915,180,0,0,826701
0,-8,8,0.5,0.507835,180,0,0,826717
0,-6,6,0.5,0.507025,180,0,0,826732
0,-13,10,0.5,0.50527,180,0,0,826751
0,-14,9,0.5,0.50338,180,0,0,826768
0,-14,9,0.5,0.50149,180,0,0,826783
0,-12,8,0.5,0.49987,180,0,0,826800
0,-12,10,0.5,0.49825,180,0,0,826819
0,-9,8,0.5,0.497035,180,0,0,826834
0,-12,21,0.5,0.495415,180,0,0,826854
0,0,12,0.5,0.495415,180,0,0,826872
0,1,13,0.5,0.49555,180,0,0,826884
0,5,13,0.5,0.496225,180,0,0,826902
0,5,14,0.5,0.4969,180,0,0,826920
0,8,13,0.5,0.49798,180,0,0,826936
0,9,13,0.5,0.499195,180,0,0,826952
0,9,12,0.5,0.50041,180,0,0,826969
0,9,12,0.5,0.501625,180,0,0,826984
0,7,11,0.5,0.50257,180,0,0,827002
0,6,10,0.5,0.50338,180,0,0,827019
0,4,10,0.5,0.50392,180,0,0,827033
0,5,9,0.5,0.504595,180,0,0,827051
0,5,11,0.5,0.50527,180,0,0,827069
0,7,11,0.5,0.506215,180,0,0,827083
0,5,11,0.5,0.50689,180,0,0,827101
0,4,11,0.5,0.50743,180,0,0,827118
0,4,10,0.5,0.50797,180,0,0,827134
0,4,9,0.5,0.50851,180,0,0,827151
0,5,8,0.5,0.509185,180,0,0,827168
0,2,7,0.5,0.509455,180,0,0,827183
0,2,7,0.5,0.509725,180,0,0,827201
0,1,9,0.5,0.50986,180,0,0,827218
0,-1,10,0.5,0.509725,180,0,0,827234
0,-7,21,0.5,0.50878,180,0,0,827256
0,-7,11,0.5,0.507835,180,0,0,827269
0,-9,10,0.5,0.50662,180,0,0,827284
0,-12,10,0.5,0.505,180,0,0,827303
0,-12,10,0.5,0.50338,180,0,0,827318
0,-11,10,0.5,0.501895,180,0,0,827333
0,-8,10,0.5,0.500815,180,0,0,827351
0,-7,11,0.5,0.49987,180,0,0,827367
0,-5,12,0.5,0.499195,180,0,0,827384
0,-5,12,0.5,0.49852,180,0,0,827401
0,-5,13,0.5,0.497845,180,0,0,827418
0,-8,12,0.5,0.496765,180,0,0,827434
0,-7,12,0.5,0.49582,180,0,1,827454
0,-10,13,0.5,0.49447,180,0,1,827472
0,-10,11,0.5,0.49312,180,0,0,827486
0,-9,12,0.5,0.491905,180,0,0,827503
0,-9,13,0.5,0.49069,180,0,0,827518
0,-6,13,0.5,0.48988,180,0,0,827535
0,-8,14,0.5,0.4888,180,0,0,827552
0,-6,13,0.5,0.48799,180,0,0,827567
0,-8,13,0.5,0.48691,180,0,0,827584
0,-10,13,0.5,0.48556,180,0,0,827605
0,-10,12,0.5,0.48421,180,0,0,827619
0,-10,11,0.5,0.48286,180,0,0,827635
0,-7,9,0.5,0.481915,180,0,0,827650
0,-4,9,0.5,0.481375,180,0,0,827668
0,-5,17,0.5,0.4807,180,0,0,827685
0,1,8,0.5,0.480835,180,0,0,827700
0,3,8,0.5,0.48124,180,0,0,827717
0,4,7,0.5,0.48178,180,0,0,827734
0,6,10,0.5,0.48259,180,0,0,827751
0,5,9,0.5,0.483265,180,0,0,827767
0,4,10,0.5,0.483805,180,0,0,827784
0,2,10,0.5,0.484075,180,0,0,827800
0,-1,9,0.5,0.48394,180,0,0,827819
0,-3,8,0.5,0.483535,180,0,0,827833
0,-6,8,0.5,0.482725,180,0,0,827851
0,-5,8,0.5,0.48205,180,0,0,827868
0,-8,9,0.5,0.48097,180,0,0,827885
0,-7,9,0.5,0.480025,180,0,0,827901
0,-9,10,0.5,0.47881,180,0,0,827917
0,-8,8,0.5,0.47773,180,0,0,827933
0,-11,9,0.5,0.476245,180,0,0,827952
0,-11,8,0.5,0.47476,180,0,0,827970
0,-13,8,0.5,0.473005,180,0,0,827984
0,-11,6,0.5,0.47152,180,0,0,828004
0,-15,10,0.5,0.469495,180,0,0,828020
0,0,0,0.5,0.469495,180,0,0,828031
0,-3,6,0.5,0.46909,180,0,1,828050
0,0,6,0.5,0.46909,180,0,1,828068
0,2,13,0.5,0.46936,180,0,1,828084
0,2,9,0.5,0.46963,180,0,1,828102
0,3,10,0.5,0.470035,180,0,1,828119
0,2,10,0.5,0.470305,180,0,1,828133
0,-1,10,0.5,0.47017,180,0,1,828151
0,-3,10,0.5,0.469765,180,0,1,828168
0,-9,10,0.5,0.46855,180,0,1,828184
0,-6,9,0.5,0.46774,180,0,0,828202
0,-7,8,0.5,0.466795,180,0,0,828218
0,-4,7,0.5,0.466255,180,0,0,828233
0,0,5,0.5,0.466255,180,0,0,828249
0,5,3,0.5,0.46693,180,0,0,828265
0,12,2,0.5,0.46855,180,0,0,828281
0,15,1,0.5,0.470575,180,0,0,828298
0,20,1,0.5,0.473275,180,0,0,828317
0,25,1,0.5,0.47665,180,0,0,828331
0,29,2,0.5,0.480565,180,0,0,828348
0,39,3,0.5,0.48583,180,0,0,828368
0,37,3,0.5,0.490825,180,0,0,828382
0,34,3,0.5,0.495415,180,0,0,828400
0,26,4,0.5,0.498925,180,0,0,828416
0,21,3,0.5,0.50176,180,0,0,828434
0,36,4,0.5,0.50662,180,0,0,828451
0,17,8,0.5,0.508915,180,0,0,828468
0,17,3,0.5,0.51121,180,0,0,828482
0,21,2,0.5,0.514045,180,0,0,828499
0,24,1,0.5,0.517285,180,0,0,828516
0,26,-1,0.5,0.520795,180,0,0,828531
0,31,-3,0.5,0.52498,180,0,0,828549
0,26,-3,0.5,0.52849,180,0,0,828568
0,22,-1,0.5,0.53146,180,0,0,828582
0,14,0,0.5,0.53335,180,0,0,828598
0,12,2,0.5,0.53497,180,0,0,828615
0,10,3,0.5,0.53632,180,0,0,828632
0,9,3,0.5,0.537535,180,0,0,828649
0,9,4,0.5,0.53875,180,0,0,828666
0,10,4,0.5,0.5401,180,0,0,828683
0,9,3,0.5,0.541315,180,0,0,828699
0,9,2,0.5,0.54253,180,0,0,828715
0,7,0,0.5,0.543475,180,0,0,828731
0,10,-2,0.5,0.544825,180,0,0,828752
0,12,-2,0.5,0.546445,180,0,0,828767
0,19,-3,0.5,0.54901,180,0,0,828783
0,23,-5,0.5,0.552115,180,0,0,828800
0,30,-6,0.5,0.556165,180,0,0,828820
0,34,-7,0.5,0.560755,180,0,0,828833
0,59,-12,0.5,0.56872,180,0,0,828854
0,19,-3,0.5,0.571285,180,0,0,828867
0,14,-1,0.5,0.573175,180,0,0,828881
0,12,-1,0.5,0.574795,180,0,0,828899
0,9,0,0.5,0.57601,180,0,0,828915
0,10,2,0.5,0.57736,180,0,0,828932
0,12,2,0.5,0.57898,180,0,0,828949
0,18,3,0.5,0.58141,180,0,0,828967
0,24,1,0.5,0.58465,180,0,0,828982
0,30,-2,0.5,0.5887,180,0,0,829000
0,35,-4,0.5,0.593425,180,0,0,829016
0,38,-5,0.5,0.598555,180,0,0,829032
0,40,-3,0.5,0.603955,180,0,0,829049
0,33,0,0.5,0.60841,180,0,0,829065
0,32,0,0.5,0.61273,180,0,0,829082
0,29,2,0.5,0.616645,180,0,0,829098
0,27,2,0.5,0.62029,180,0,0,829115
0,27,3,0.5,0.623935,180,0,0,829131
0,23,3,0.5,0.62704,180,0,0,829149
0,20,2,0.5,0.62974,180,0,0,829167
0,12,2,0.5,0.63136,180,0,0,829183
0,6,1,0.5,0.63217,180,0,0,829198
0,1,0,0.5,0.632305,180,0,0,829216
0,1,-1,0.5,0.63244,180,0,0,829233
0,6,-1,0.5,0.63325,180,0,0,829249
0,7,0,0.5,0.634195,180,0,0,829267
0,14,2,0.5,0.636085,180,0,0,829282
0,18,3,0.5,0.638515,180,0,0,829300
0,20,4,0.5,0.641215,180,0,0,829316
0,17,6,0.5,0.64351,180,0,0,829333
0,16,6,0.5,0.64567,180,0,0,829349
0,13,6,0.5,0.647425,180,0,0,829369
0,10,5,0.5,0.648775,180,0,0,829382
0,8,4,0.5,0.649855,180,0,0,829399
0,6,4,0.5,0.650665,180,0,0,829417
0,5,4,0.5,0.65134,180,0,0,829432
0,1,4,0.5,0.651475,180,0,0,829450
0,-2,4,0.5,0.651205,180,0,0,829468
0,-9,3,0.5,0.64999,180,0,0,829483
0,-11,2,0.5,0.648505,180,0,0,829499
0,-11,2,0.5,0.64702,180,0,0,829516
0,-2,1,0.5,0.64675,180,0,0,829532
0,6,1,0.5,0.64756,180,0,0,829549
0,7,2,0.5,0.648505,180,0,0,829565
0,9,1,0.5,0.64972,180,0,0,829582
0,11,0,0.5,0.651205,180,0,0,829598
0,12,0,0.5,0.652825,180,0,0,829615
0,13,0,0.5,0.65458,180,0,0,829632
0,20,0,0.5,0.65728,180,0,0,829648
0,4,0,0.5,0.65782,180,0,0,829665
0,1,0,0.5,0.657955,180,0,0,829681
0,-5,0,0.5,0.65728,180,0,0,829697
0,-9,0,0.5,0.656065,180,0,0,829714
0,-13,0,0.5,0.65431,180,0,0,829731
0,-15,-1,0.5,0.652285,180,0,0,829748
0,-17,-1,0.5,0.64999,180,0,0,829765
0,-13,-2,0.5,0.648235,180,0,0,829782
0,-7,-2,0.5,0.64729,180,0,0,829799
0,-1,0,0.5,0.647155,180,0,0,829814
0,2,0,0.5,0.647425,180,0,0,829831
0,6,1,0.5,0.648235,180,0,0,829849
0,7,2,0.5,0.64918,180,0,0,829866
0,11,3,0.5,0.650665,180,0,0,829883
0,14,2,0.5,0.652555,180,0,0,829901
0,16,2,0.5,0.654715,180,0,0,829915
0,17,2,0.5,0.65701,180,0,0,829932
0,18,2,0.5,0.65944,180,0,0,829949
0,18,2,0.5,0.66187,180,0,0,829965
0,28,3,0.5,0.66565,180,0,0,829986
0,0,2,0.5,0.66565,180,0,0,829998
0,11,3,0.5,0.667135,180,0,0,830016
0,6,2,0.5,0.667945,180,0,0,830031
0,4,4,0.5,0.668485,180,0,0,830052
0,0,0,0.5,0.668485,180,0,0,830064
0,-4,2,0.5,0.667945,180,0,0,830082
0,-3,1,0.5,0.66754,180,0,0,830102
0,-7,2,0.5,0.666595,180,0,0,830117
0,-5,2,0.5,0.66592,180,0,0,830132
0,-6,3,0.5,0.66511,180,0,0,830149
0,-7,3,0.5,0.664165,180,0,0,830168
0,-5,2,0.5,0.66349,180,0,0,830182
0,-6,3,0.5,0.66268,180,0,0,830199
0,-1,1,0.5,0.662545,180,0,0,830216
0,-2,2,0.5,0.662275,180,0,0,830233
0,1,2,0.5,0.66241,180,0,0,830249
0,1,1,0.5,0.662545,180,0,0,830265
0,5,1,0.5,0.66322,180,0,0,830282
0,5,1,0.5,0.663895,180,0,0,830298
0,5,0,0.5,0.66457,180,0,0,830314
0,3,0,0.5,0.664975,180,0,0,830331
0,4,0,0.5,0.665515,180,0,0,830348
0,3,0,0.5,0.66592,180,0,0,830365
0,1,0,0.5,0.666055,180,0,0,830381
0,1,0,0.5,0.66619,180,0,0,830398
0,0,-1,0.5,0.66619,180,0,0,830415
0,1,-1,0.5,0.666325,180,0,0,830433
0,0,-1,0.5,0.666325,180,0,0,830448
0,0,0,0.5,0.666325,180,0,0,830464
0,1,0,0.5,0.66646,180,0,0,830482
0,0,0,0.5,0.66646,180,0,0,830498
0,0,0,0.5,0.66646,180,0,0,830514
0,1,0,0.5,0.666595,180,0,0,830531
0,0,0,0.5,0.666595,180,0,0,830547
0,0,0,0.5,0.666595,180,0,0,830565
0,0,1,0.5,0.666595,180,0,0,830581
0,0,0,0.5,0.666595,180,0,0,830597
0,0,0,0.5,0.666595,180,0,0,830614
0,0,1,0.5,0.666595,180,0,0,830631
0,0,1,0.5,0.666595,180,0,0,830648
0,0,0,0.5,0.666595,180,0,0,830664
0,0,1,0.5,0.666595,180,0,0,830681
0,0,0,0.5,0.666595,180,0,0,830697
0,1,0,0.5,0.66673,180,0,0,830715
0,0,0,0.5,0.66673,180,0,0,830730
0,0,0,0.5,0.66673,180,0,0,830747
0,0,0,0.5,0.66673,180,0,0,830764
0,0,0,0.5,0.66673,180,0,0,830780
0,0,0,0.5,0.66673,180,0,0,830797
0,0,0,0.5,0.66673,180,0,0,830814
0,0,0,0.5,0.66673,180,0,0,830830
0,-1,0,0.5,0.666595,180,0,0,830847
0,0,0,0.5,0.666595,180,0,0,830864
0,0,0,0.5,0.666595,180,0,0,830880
0,1,0,0.5,0.66673,180,0,0,830897
0,0,0,0.5,0.66673,180,0,0,830914
0,0,0,0.5,0.66673,180,0,0,830930
0,0,0,0.5,0.66673,180,0,0,830947
0,0,0,0.5,0.66673,180,0,0,830964
0,1,0,0.5,0.666865,180,0,0,830981
0,0,0,0.5,0.666865,180,0,0,830997
0,0,0,0.5,0.666865,180,0,0,831014
0,0,0,0.5,0.666865,180,0,0,831030
0,0,0,0.5,0.666865,180,0,0,831047
0,-1,0,0.5,0.66673,180,0,0,831064
0,0,0,0.5,0.66673,180,0,0,831081
0,0,0,0.5,0.66673,180,0,0,831098
0,0,0,0.5,0.66673,180,0,0,831114
0,0,0,0.5,0.66673,180,0,0,831131
0,1,0,0.5,0.666865,180,0,0,831149
0,0,0,0.5,0.666865,180,0,0,831164
0,1,0,0.5,0.667,180,0,0,831181
0,1,0,0.5,0.667135,180,0,0,831198
0,0,0,0.5,0.667135,180,0,0,831215
0,0,0,0.5,0.667135,180,0,0,831230
0,0,0,0.5,0.667135,180,0,0,831247
0,0,0,0.5,0.667135,180,0,0,831264
0,-1,0,0.5,0.667,180,0,0,831281
0,0,0,0.5,0.667,180,0,0,831297
0,0,0,0.5,0.667,180,0,0,831314
0,0,0,0.5,0.667,180,0,0,831330
0,-1,0,0.5,0.666865,180,0,0,831348
0,1,0,0.5,0.667,180,0,0,831365
0,0,0,0.5,0.667,180,0,0,831380
0,0,0,0.5,0.667,180,0,0,831397
0,1,0,0.5,0.667135,180,0,0,831416
0,0,0,0.5,0.667135,180,0,0,831430
0,0,0,0.5,0.667135,180,0,0,831447
0,0,0,0.5,0.667135,180,0,0,831464
0,0,0,0.5,0.667135,180,0,0,831480
0,0,0,0.5,0.667135,180,0,0,831497
0,0,0,0.5,0.667135,180,0,0,831514
0,0,0,0.5,0.667135,180,0,0,831530
0,0,0,0.5,0.667135,180,0,0,831547
0,0,0,0.5,0.667135,180,0,0,831564
0,0,0,0.5,0.667135,180,0,0,831580
0,0,0,0.5,0.667135,180,0,0,831597
0,0,0,0.5,0.667135,180,0,0,831614
0,1,0,0.5,0.66727,180,0,0,831631
0,1,0,0.5,0.667405,180,0,0,831647
0,0,0,0.5,0.667405,180,0,0,831664
0,0,0,0.5,0.667405,180,0,0,831680
0,0,0,0.5,0.667405,180,0,0,831698
0,0,0,0.5,0.667405,180,0,0,831714
0,0,0,0.5,0.667405,180,0,0,831730
0,0,0,0.5,0.667405,180,0,0,831747
0,0,0,0.5,0.667405,180,0,0,831764
0,-1,0,0.5,0.66727,180,0,0,831781
0,0,0,0.5,0.66727,180,0,0,831798
0,0,0,0.5,0.66727,180,0,0,831814
0,0,0,0.5,0.66727,180,0,0,831830
0,-1,0,0.5,0.667135,180,0,0,831847
0,0,0,0.5,0.667135,180,0,0,831864
0,0,0,0.5,0.667135,180,0,0,831880
0,1,0,0.5,0.66727,180,0,0,831897
0,0,0,0.5,0.66727,180,0,0,831914
0,0,0,0.5,0.66727,180,0,0,831930
0,1,0,0.5,0.667405,180,0,0,831948
0,0,0,0.5,0.667405,180,0,0,831964
0,0,0,0.5,0.667405,180,0,0,831980
0,0,0,0.5,0.667405,180,0,0,831997
0,0,0,0.5,0.667405,180,0,0,832014
0,0,0,0.5,0.667405,180,0,0,832030
0,0,0,0.5,0.667405,180,0,0,832047
0,0,0,0.5,0.667405,180,0,0,832064
0,0,0,0.5,0.667405,180,0,0,832080
0,0,0,0.5,0.667405,180,0,0,832097
0,0,0,0.5,0.667405,180,0,0,832114
0,0,0,0.5,0.667405,180,0,0,832130
0,0,0,0.5,0.667405,180,0,0,832147
0,0,-1,0.5,0.667405,180,0,0,832165
0,0,0,0.5,0.667405,180,0,0,832180
0,0,0,0.5,0.667405,180,0,0,832197
0,0,0,0.5,0.667405,180,0,0,832214
0,0,0,0.5,0.667405,180,0,0,832230
0,0,0,0.5,0.667405,180,0,0,832247
0,-1,0,0.5,0.66727,180,0,0,832264
0,0,0,0.5,0.66727,180,0,0,832280
0,0,0,0.5,0.66727,180,0,0,832298
0,0,0,0.5,0.66727,180,0,0,832314
0,-1,0,0.5,0.667135,180,0,0,832331
0,0,0,0.5,0.667135,180,0,0,832347
0,0,0,0.5,0.667135,180,0,0,832364
0,0,0,0.5,0.667135,180,0,0,832380
0,0,0,0.5,0.667135,180,0,0,832397
0,0,0,0.5,0.667135,180,0,0,832414
0,0,0,0.5,0.667135,180,0,0,832430
0,0,0,0.5,0.667135,180,0,0,832447
0,0,0,0.5,0.667135,180,0,0,832466
0,0,0,0.5,0.667135,180,0,0,832480
0,0,0,0.5,0.667135,180,0,0,832497
0,0,0,0.5,0.667135,180,0,0,832514
0,0,0,0.5,0.667135,180,0,0,832530
0,0,0,0.5,0.667135,180,0,0,832547
0,0,0,0.5,0.667135,180,0,0,832564
0,0,0,0.5,0.667135,180,0,0,832580
0,0,0,0.5,0.667135,180,0,0,832597
0,-1,0,0.5,0.667,180,0,0,832614
0,0,0,0.5,0.667,180,0,0,832630
0,0,0,0.5,0.667,180,0,0,832647
0,0,0,0.5,0.667,180,0,0,832664
0,0,0,0.5,0.667,180,0,0,832680
0,0,0,0.5,0.667,180,0,0,832698
0,0,0,0.5,0.667,180,0,0,832715
0,0,0,0.5,0.667,180,0,0,832731
0,-1,0,0.5,0.666865,180,0,0,832748
0,0,0,0.5,0.666865,180,0,0,832765
0,0,0,0.5,0.666865,180,0,0,832781
0,0,0,0.5,0.666865,180,0,0,832797
0,1,0,0.5,0.667,180,0,0,832814
0,0,0,0.5,0.667,180,0,0,832830
0,0,0,0.5,0.667,180,0,0,832847
0,0,0,0.5,0.667,180,0,0,832865
0,0,0,0.5,0.667,180,0,0,832880
0,-1,0,0.5,0.666865,180,0,0,832897
0,0,0,0.5,0.666865,180,0,0,832914
0,0,0,0.5,0.666865,180,0,0,832930
0,0,0,0.5,0.666865,180,0,0,832947
0,0,0,0.5,0.666865,180,0,0,832964
0,0,0,0.5,0.666865,180,0,0,832980
0,0,0,0.5,0.666865,180,0,0,832997
0,0,0,0.5,0.666865,180,0,0,833014
0,0,0,0.5,0.666865,180,0,0,833030
0,-1,0,0.5,0.66673,180,0,0,833048
0,0,0,0.5,0.66673,180,0,0,833064
0,0,0,0.5,0.66673,180,0,0,833080
0,0,0,0.5,0.66673,180,0,0,833097
0,0,0,0.5,0.66673,180,0,0,833114
0,0,0,0.5,0.66673,180,0,0,833130
0,0,0,0.5,0.66673,180,0,0,833147
0,0,0,0.5,0.66673,180,0,0,833164
0,0,0,0.5,0.66673,180,0,0,833180
0,0,0,0.5,0.66673,180,0,0,833197
0,0,0,0.5,0.66673,180,0,0,833214
0,0,0,0.5,0.66673,180,0,0,833230
0,0,0,0.5,0.66673,180,0,0,833247
0,0,0,0.5,0.66673,180,0,0,833264
0,0,0,0.5,0.66673,180,0,0,833280
0,0,0,0.5,0.66673,180,0,0,833297
0,0,0,0.5,0.66673,180,0,0,833314
0,0,0,0.5,0.66673,180,0,0,833330
0,0,0,0.5,0.66673,180,0,0,833347
0,0,0,0.5,0.66673,180,0,0,833364
0,0,0,0.5,0.66673,180,0,0,833380
0,0,0,0.5,0.66673,180,0,0,833397
0,0,0,0.5,0.66673,180,0,0,833414
0,0,0,0.5,0.66673,180,0,0,833430
0,0,0,0.5,0.66673,180,0,0,833447
0,-1,0,0.5,0.666595,180,0,0,833464
0,0,0,0.5,0.666595,180,0,0,833480
0,1,0,0.5,0.66673,180,0,0,833498
0,0,0,0.5,0.66673,180,0,0,833514
0,0,0,0.5,0.66673,180,0,0,833530
0,0,0,0.5,0.66673,180,0,0,833547
0,0,0,0.5,0.66673,180,0,0,833564
0,0,0,0.5,0.66673,180,0,0,833580
0,0,0,0.5,0.66673,180,0,0,833597
0,0,0,0.5,0.66673,180,0,0,833614
0,0,0,0.5,0.66673,180,0,0,833630
0,0,0,0.5,0.66673,180,0,0,833648
0,0,0,0.5,0.66673,180,0,0,833664
0,0,0,0.5,0.66673,180,0,0,833680
0,0,0,0.5,0.66673,180,0,0,833697
0,0,0,0.5,0.66673,180,0,0,833714
0,0,0,0.5,0.66673,180,0,0,833730
0,0,0,0.5,0.66673,180,0,0,833748
0,0,0,0.5,0.66673,180,0,0,833766
0,0,0,0.5,0.66673,180,0,0,833781
0,0,0,0.5,0.66673,180,0,0,833798
0,0,0,0.5,0.66673,180,0,0,833817
0,0,0,0.5,0.66673,180,0,0,833831
0,0,0,0.5,0.66673,180,0,0,833847
0,0,0,0.5,0.66673,180,0,0,833864
0,0,0,0.5,0.66673,180,0,0,833880
0,1,0,0.5,0.666865,180,0,0,833897
0,0,0,0.5,0.666865,180,0,0,833914
0,0,0,0.5,0.666865,180,0,0,833930
0,0,0,0.5,0.666865,180,0,0,833948
0,0,0,0.5,0.666865,180,0,0,833964
0,0,0,0.5,0.666865,180,0,0,833980
0,0,0,0.5,0.666865,180,0,0,833997
0,0,0,0.5,0.666865,180,0,0,834015
0,0,0,0.5,0.666865,180,0,0,834031
0,0,0,0.5,0.666865,180,0,0,834047
0,0,0,0.5,0.666865,180,0,0,834064
0,0,0,0.5,0.666865,180,0,0,834080
0,0,0,0.5,0.666865,180,0,0,834098
0,0,0,0.5,0.666865,180,0,0,834114
0,0,0,0.5,0.666865,180,0,0,834130
0,0,0,0.5,0.666865,180,0,0,834147
0,0,0,0.5,0.666865,180,0,0,834165
0,0,0,0.5,0.666865,180,0,0,834180
0,0,0,0.5,0.666865,180,0,0,834197
0,0,1,0.5,0.666865,180,0,0,834215
0,0,0,0.5,0.666865,180,0,0,834230
0,0,0,0.5,0.666865,180,0,0,834248
0,0,0,0.5,0.666865,180,0,0,834264
0,0,0,0.5,0.666865,180,0,0,834280
0,0,0,0.5,0.666865,180,0,0,834297
0,0,0,0.5,0.666865,180,0,0,834314
0,0,0,0.5,0.666865,180,0,0,834330
0,0,0,0.5,0.666865,180,0,0,834347
0,0,0,0.5,0.666865,180,0,0,834364
0,0,0,0.5,0.666865,180,0,0,834380
0,0,0,0.5,0.666865,180,0,0,834397
0,0,0,0.5,0.666865,180,0,0,834414
0,0,0,0.5,0.666865,180,0,0,834430
0,0,0,0.5,0.666865,180,0,0,834447
0,0,0,0.5,0.666865,180,0,0,834464
0,0,0,0.5,0.666865,180,0,0,834480
0,0,0,0.5,0.666865,180,0,0,834497
0,0,0,0.5,0.666865,180,0,0,834514
0,0,0,0.5,0.666865,180,0,0,834530
0,0,0,0.5,0.666865,180,0,0,834547
0,0,0,0.5,0.666865,180,0,0,834564
0,0,0,0.5,0.666865,180,0,0,834580
0,1,0,0.5,0.667,180,0,0,834597
0,0,0,0.5,0.667,180,0,0,834614
0,0,0,0.5,0.667,180,0,0,834630
0,0,0,0.5,0.667,180,0,0,834648
0,0,0,0.5,0.667,180,0,0,834664
0,0,0,0.5,0.667,180,0,0,834680
0,-1,0,0.5,0.666865,180,0,0,834699
0,0,0,0.5,0.666865,180,0,0,834714
0,0,0,0.5,0.666865,180,0,0,834730
0,0,0,0.5,0.666865,180,0,0,834748
0,0,0,0.5,0.666865,180,0,0,834764
0,0,0,0.5,0.666865,180,0,0,834780
0,0,0,0.5,0.666865,180,0,0,834797
0,0,0,0.5,0.666865,180,0,0,834814
0,0,0,0.5,0.666865,180,0,0,834830
0,0,0,0.5,0.666865,180,0,0,834847
0,1,0,0.5,0.667,180,0,0,834866
0,0,0,0.5,0.667,180,0,0,834880
0,0,0,0.5,0.667,180,0,0,834897
0,0,0,0.5,0.667,180,0,0,834915
0,0,0,0.5,0.667,180,0,0,834930
0,0,0,0.5,0.667,180,0,0,834947
0,0,0,0.5,0.667,180,0,0,834965
0,0,0,0.5,0.667,180,0,0,834980
0,0,0,0.5,0.667,180,0,0,834998
0,0,0,0.5,0.667,180,0,0,835015
0,0,0,0.5,0.667,180,0,0,835030
0,0,0,0.5,0.667,180,0,0,835047
0,0,0,0.5,0.667,180,0,0,835065
0,0,0,0.5,0.667,180,0,0,835080
0,0,0,0.5,0.667,180,0,0,835097
0,0,0,0.5,0.667,180,0,0,835114
0,0,0,0.5,0.667,180,0,0,835130
0,0,0,0.5,0.667,180,0,0,835147
0,0,0,0.5,0.667,180,0,0,835164
0,0,0,0.5,0.667,180,0,0,835180
0,0,0,0.5,0.667,180,0,0,835197
0,0,0,0.5,0.667,180,0,0,835214
0,0,0,0.5,0.667,180,0,0,835230
0,0,0,0.5,0.667,180,0,0,835247
0,0,0,0.5,0.667,180,0,0,835264
0,0,0,0.5,0.667,180,0,0,835280
0,0,0,0.5,0.667,180,0,0,835298
0,0,0,0.5,0.667,180,0,0,835314
0,0,0,0.5,0.667,180,0,0,835330
0,0,0,0.5,0.667,180,0,0,835347
0,0,0,0.5,0.667,180,0,0,835364
0,0,0,0.5,0.667,180,0,0,835380
0,0,0,0.5,0.667,180,0,0,835397
0,0,0,0.5,0.667,180,0,0,835414
0,0,0,0.5,0.667,180,0,0,835430
0,0,0,0.5,0.667,180,0,0,835447
0,0,0,0.5,0.667,180,0,0,835464
0,0,0,0.5,0.667,180,0,0,835480
0,0,0,0.5,0.667,180,0,0,835497
0,0,0,0.5,0.667,180,0,0,835514
0,0,0,0.5,0.667,180,0,0,835530
0,0,0,0.5,0.667,180,0,0,835547
0,0,0,0.5,0.667,180,0,0,835564
0,0,0,0.5,0.667,180,0,0,835580
0,0,0,0.5,0.667,180,0,0,835597
0,0,0,0.5,0.667,180,0,0,835614
0,0,0,0.5,0.667,180,0,0,835630
0,0,0,0.5,0.667,180,0,0,835647
0,0,0,0.5,0.667,180,0,0,835664
0,0,0,0.5,0.667,180,0,0,835680
0,0,0,0.5,0.667,180,0,0,835697
0,0,0,0.5,0.667,180,0,0,835714
0,0,0,0.5,0.667,180,0,0,835730
0,0,0,0.5,0.667,180,0,0,835747
0,0,0,0.5,0.667,180,0,0,835764
0,0,-1,0.5,0.667,180,0,0,835782
0,0,0,0.5,0.667,180,0,0,835798
0,0,0,0.5,0.667,180,0,0,835815
0,0,0,0.5,0.667,180,0,0,835831
0,0,0,0.5,0.667,180,0,0,835848
0,0,0,0.5,0.667,180,0,0,835864
0,0,0,0.5,0.667,180,0,0,835881
0,0,0,0.5,0.667,180,0,0,835899
0,0,0,0.5,0.667,180,0,0,835915
0,0,0,0.5,0.667,180,0,0,835931
0,-1,0,0.5,0.666865,180,0,0,835949
0,0,0,0.5,0.666865,180,0,0,835964
0,0,0,0.5,0.666865,180,0,0,835980
0,0,0,0.5,0.666865,180,0,0,835997
0,0,0,0.5,0.666865,180,0,0,836014
0,0,0,0.5,0.666865,180,0,0,836030
0,0,0,0.5,0.666865,180,0,0,836047
0,0,0,0.5,0.666865,180,0,0,836064
0,0,0,0.5,0.666865,180,0,0,836080
0,0,0,0.5,0.666865,180,0,0,836097
0,0,0,0.5,0.666865,180,0,0,836114
0,0,0,0.5,0.666865,180,0,0,836130
0,0,0,0.5,0.666865,180,0,0,836147
0,0,0,0.5,0.666865,180,0,0,836164
0,0,0,0.5,0.666865,180,0,0,836180
0,0,0,0.5,0.666865,180,0,0,836197
0,0,0,0.5,0.666865,180,0,0,836214
0,0,0,0.5,0.666865,180,0,0,836230
0,0,0,0.5,0.666865,180,0,0,836247
0,0,0,0.5,0.666865,180,0,0,836264
0,0,0,0.5,0.666865,180,0,0,836280
0,0,0,0.5,0.666865,180,0,0,836297
0,0,0,0.5,0.666865,180,0,0,836314
0,0,0,0.5,0.666865,180,0,0,836330
0,0,0,0.5,0.666865,180,0,0,836347
0,0,0,0.5,0.666865,180,0,0,836364
0,0,0,0.5,0.666865,180,0,0,836380
0,0,0,0.5,0.666865,180,0,0,836397
0,0,0,0.5,0.666865,180,0,0,836414
0,0,0,0.5,0.666865,180,0,0,836430
0,0,0,0.5,0.666865,180,0,0,836448
0,0,0,0.5,0.666865,180,0,0,836464
0,0,0,0.5,0.666865,180,0,0,836480
0,0,0,0.5,0.666865,180,0,0,836497
0,0,0,0.5,0.666865,180,0,0,836514
0,0,0,0.5,0.666865,180,0,0,836530
0,0,0,0.5,0.666865,180,0,0,836547
0,0,0,0.5,0.666865,180,0,0,836564
0,0,0,0.5,0.666865,180,0,0,836580
0,0,0,0.5,0.666865,180,0,0,836597
0,0,0,0.5,0.666865,180,0,0,836614
0,0,0,0.5,0.666865,180,0,0,836630
0,0,0,0.5,0.666865,180,0,0,836648
0,0,0,0.5,0.666865,180,0,0,836664
0,0,0,0.5,0.666865,180,0,0,836680
0,0,0,0.5,0.666865,180,0,0,836697
0,0,0,0.5,0.666865,180,0,0,836714
0,0,0,0.5,0.666865,180,0,0,836730
0,0,0,0.5,0.666865,180,0,0,836748
0,0,0,0.5,0.666865,180,0,0,836764
0,0,0,0.5,0.666865,180,0,0,836780
0,0,0,0.5,0.666865,180,0,0,836797
0,0,0,0.5,0.666865,180,0,0,836814
0,0,0,0.5,0.666865,180,0,0,836831
0,0,0,0.5,0.666865,180,0,0,836847
0,0,0,0.5,0.666865,180,0,0,836864
0,0,0,0.5,0.666865,180,0,0,836880
0,0,0,0.5,0.666865,180,0,0,836897
0,0,0,0.5,0.666865,180,0,0,836913
0,0,0,0.5,0.666865,180,0,0,836930
0,0,0,0.5,0.666865,180,0,0,836947
0,0,0,0.5,0.666865,180,0,0,836963
0,0,0,0.5,0.666865,180,0,0,836980
0,0,0,0.5,0.666865,180,0,0,836997
0,0,0,0.5,0.666865,180,0,0,837013
0,0,0,0.5,0.666865,180,0,0,837030
0,0,0,0.5,0.666865,180,0,0,837047
0,1,0,0.5,0.667,180,0,0,837064
0,0,0,0.5,0.667,180,0,0,837080
0,0,0,0.5,0.667,180,0,0,837097
0,0,0,0.5,0.667,180,0,0,837113
0,0,0,0.5,0.667,180,0,0,837130
0,0,0,0.5,0.667,180,0,0,837147
0,0,0,0.5,0.667,180,0,0,837163
0,0,0,0.5,0.667,180,0,0,837180
0,0,0,0.5,0.667,180,0,0,837197
0,0,0,0.5,0.667,180,0,0,837213
0,0,0,0.5,0.667,180,0,0,837231
0,0,0,0.5,0.667,180,0,0,837248
0,0,0,0.5,0.667,180,0,0,837263
0,0,0,0.5,0.667,180,0,0,837280
0,0,0,0.5,0.667,180,0,0,837297
0,0,0,0.5,0.667,180,0,0,837313
0,0,0,0.5,0.667,180,0,0,837330
0,0,0,0.5,0.667,180,0,0,837347
0,0,0,0.5,0.667,180,0,0,837363
0,0,0,0.5,0.667,180,0,0,837380
0,0,0,0.5,0.667,180,0,0,837397
0,0,0,0.5,0.667,180,0,0,837414
0,0,0,0.5,0.667,180,0,0,837430
0,0,0,0.5,0.667,180,0,0,837447
0,0,0,0.5,0.667,180,0,0,837463
0,0,0,0.5,0.667,180,0,0,837480
0,0,0,0.5,0.667,180,0,0,837497
0,0,0,0.5,0.667,180,0,0,837513
0,0,0,0.5,0.667,180,0,0,837531
0,0,0,0.5,0.667,180,0,0,837547
0,0,0,0.5,0.667,180,0,0,837563
0,0,0,0.5,0.667,180,0,0,837580
0,0,0,0.5,0.667,180,0,0,837597
0,0,0,0.5,0.667,180,0,0,837614
0,0,0,0.5,0.667,180,0,0,837630
0,0,0,0.5,0.667,180,0,0,837647
0,0,0,0.5,0.667,180,0,0,837664
0,0,0,0.5,0.667,180,0,0,837680
0,0,0,0.5,0.667,180,0,0,837697
0,0,0,0.5,0.667,180,0,0,837714
0,0,0,0.5,0.667,180,0,0,837730
0,0,0,0.5,0.667,180,0,0,837747
0,0,0,0.5,0.667,180,0,0,837764
0,0,0,0.5,0.667,180,0,0,837780
0,0,0,0.5,0.667,180,0,0,837798
0,0,0,0.5,0.667,180,0,0,837814
0,0,0,0.5,0.667,180,0,0,837830
0,0,0,0.5,0.667,180,0,0,837847
0,0,0,0.5,0.667,180,0,0,837865
0,0,0,0.5,0.667,180,0,0,837881
0,0,0,0.5,0.667,180,0,0,837897
0,0,0,0.5,0.667,180,0,0,837913
0,0,0,0.5,0.667,180,0,0,837930
0,0,0,0.5,0.667,180,0,0,837947
0,0,0,0.5,0.667,180,0,0,837964
0,0,0,0.5,0.667,180,0,0,837980
0,0,0,0.5,0.667,180,0,0,837997
0,0,0,0.5,0.667,180,0,0,838014
0,0,0,0.5,0.667,180,0,0,838030
0,0,0,0.5,0.667,180,0,0,838047
0,0,0,0.5,0.667,180,0,0,838064
0,0,0,0.5,0.667,180,0,0,838080
0,0,0,0.5,0.667,180,0,0,838097
0,0,0,0.5,0.667,180,0,0,838114
0,0,0,0.5,0.667,180,0,0,838130
0,0,0,0.5,0.667,180,0,0,838147
0,0,0,0.5,0.667,180,0,0,838163
0,0,0,0.5,0.667,180,0,0,838180
0,0,0,0.5,0.667,180,0,0,838197
0,0,0,0.5,0.667,180,0,0,838214
0,0,0,0.5,0.667,180,0,0,838230
0,0,0,0.5,0.667,180,0,0,838247
0,0,0,0.5,0.667,180,0,0,838264
0,0,0,0.5,0.667,180,0,0,838280
0,0,0,0.5,0.667,180,0,0,838297
0,0,0,0.5,0.667,180,0,0,838313
0,0,0,0.5,0.667,180,0,0,838330
0,0,0,0.5,0.667,180,0,0,838347
0,0,0,0.5,0.667,180,0,0,838363
0,0,0,0.5,0.667,180,0,0,838380
0,0,0,0.5,0.667,180,0,0,838397
0,0,0,0.5,0.667,180,0,0,838413
0,0,0,0.5,0.667,180,0,0,838430
0,0,0,0.5,0.667,180,0,0,838447
0,0,0,0.5,0.667,180,0,0,838463
0,0,0,0.5,0.667,180,0,0,838481
0,0,0,0.5,0.667,180,0,0,838497
0,0,0,0.5,0.667,180,0,0,838513
0,0,0,0.5,0.667,180,0,0,838530
0,0,0,0.5,0.667,180,0,0,838547
0,0,0,0.5,0.667,180,0,0,838563
0,0,0,0.5,0.667,180,0,0,838580
0,0,0,0.5,0.667,180,0,0,838597
0,0,0,0.5,0.667,180,0,0,838614
0,0,0,0.5,0.667,180,0,0,838630
0,0,0,0.5,0.667,180,0,0,838647
0,0,0,0.5,0.667,180,0,0,838664
0,0,0,0.5,0.667,180,0,0,838680
0,0,0,0.5,0.667,180,0,0,838697
0,0,0,0.5,0.667,180,0,0,838714
0,0,0,0.5,0.667,180,0,0,838730
0,0,0,0.5,0.667,180,0,0,838747
0,0,0,0.5,0.667,180,0,0,838764
0,0,1,0.5,0.667,180,0,0,838781
0,0,0,0.5,0.667,180,0,0,838797
0,0,0,0.5,0.667,180,0,0,838814
0,0,0,0.5,0.667,180,0,0,838830
0,0,0,0.5,0.667,180,0,0,838847
0,0,0,0.5,0.667,180,0,0,838864
0,0,0,0.5,0.667,180,0,0,838880
0,0,0,0.5,0.667,180,0,0,838897
0,0,0,0.5,0.667,180,0,0,838915
0,0,0,0.5,0.667,180,0,0,838932
0,0,0,0.5,0.667,180,0,0,838948
0,0,0,0.5,0.667,180,0,0,838964
0,0,0,0.5,0.667,180,0,0,838980
0,0,0,0.5,0.667,180,0,0,838997
0,0,0,0.5,0.667,180,0,0,839013
0,0,0,0.5,0.667,180,0,0,839030
0,0,0,0.5,0.667,180,0,0,839047
0,0,0,0.5,0.667,180,0,0,839063
0,0,0,0.5,0.667,180,0,0,839080
0,0,0,0.5,0.667,180,0,0,839097
0,0,0,0.5,0.667,180,0,0,839114
0,0,0,0.5,0.667,180,0,0,839130
0,0,0,0.5,0.667,180,0,0,839147
0,0,0,0.5,0.667,180,0,0,839164
0,0,0,0.5,0.667,180,0,0,839180
0,0,0,0.5,0.667,180,0,0,839197
0,0,0,0.5,0.667,180,0,0,839214
0,0,0,0.5,0.667,180,0,0,839230
0,0,0,0.5,0.667,180,0,0,839247
0,0,0,0.5,0.667,180,0,0,839263
0,0,0,0.5,0.667,180,0,0,839280
0,0,0,0.5,0.667,180,0,0,839297
0,0,0,0.5,0.667,180,0,0,839314
0,0,0,0.5,0.667,180,0,0,839330
0,0,0,0.5,0.667,180,0,0,839347
0,0,0,0.5,0.667,180,0,0,839363
0,0,0,0.5,0.667,180,0,0,839380
0,0,0,0.5,0.667,180,0,0,839398
0,0,0,0.5,0.667,180,0,0,839414
0,0,0,0.5,0.667,180,0,0,839430
0,0,0,0.5,0.667,180,0,0,839447
0,0,0,0.5,0.667,180,0,0,839464
0,0,0,0.5,0.667,180,0,0,839480
0,0,0,0.5,0.667,180,0,0,839497
0,0,0,0.5,0.667,180,0,0,839514
0,0,0,0.5,0.667,180,0,0,839530
0,0,0,0.5,0.667,180,0,0,839547
0,0,0,0.5,0.667,180,0,0,839564
0,0,0,0.5,0.667,180,0,0,839580
0,0,0,0.5,0.667,180,0,0,839597
0,0,0,0.5,0.667,180,0,0,839614
0,0,0,0.5,0.667,180,0,0,839630
0,0,0,0.5,0.667,180,0,0,839647
0,0,0,0.5,0.667,180,0,0,839664
0,0,0,0.5,0.667,180,0,0,839680
0,0,0,0.5,0.667,180,0,0,839697
0,0,0,0.5,0.667,180,0,0,839714
0,0,0,0.5,0.667,180,0,0,839730
0,0,0,0.5,0.667,180,0,0,839748
0,0,0,0.5,0.667,180,0,0,839764
0,0,0,0.5,0.667,180,0,0,839780
0,0,0,0.5,0.667,180,0,0,839797
0,0,0,0.5,0.667,180,0,0,839814
0,0,0,0.5,0.667,180,0,0,839831
0,0,0,0.5,0.667,180,0,0,839848
0,0,0,0.5,0.667,180,0,0,839864
0,0,0,0.5,0.667,180,0,0,839881
0,0,0,0.5,0.667,180,0,0,839899
0,0,0,0.5,0.667,180,0,0,839913
0,0,0,0.5,0.667,180,0,0,839930
0,0,0,0.5,0.667,180,0,0,839947
0,0,0,0.5,0.667,180,0,0,839963
0,0,0,0.5,0.667,180,0,0,839980
0,0,0,0.5,0.667,180,0,0,839997
0,0,0,0.5,0.667,180,0,0,840013
0,0,0,0.5,0.667,180,0,0,840030
0,0,0,0.5,0.667,180,0,0,840047
0,0,0,0.5,0.667,180,0,0,840063
0,0,0,0.5,0.667,180,0,0,840080
0,0,0,0.5,0.667,180,0,0,840097
0,0,0,0.5,0.667,180,0,0,840113
0,0,0,0.5,0.667,180,0,0,840130
0,0,0,0.5,0.667,180,0,0,840147
0,0,0,0.5,0.667,180,0,0,840163
0,0,0,0.5,0.667,180,0,0,840180
0,0,0,0.5,0.667,180,0,0,840197
0,0,0,0.5,0.667,180,0,0,840213
0,0,0,0.5,0.667,180,0,0,840230
0,0,0,0.5,0.667,180,0,0,840247
0,0,0,0.5,0.667,180,0,0,840264
0,0,0,0.5,0.667,180,0,0,840280
0,0,0,0.5,0.667,180,0,0,840297
0,0,0,0.5,0.667,180,0,0,840313
0,0,0,0.5,0.667,180,0,0,840330
0,0,0,0.5,0.667,180,0,0,840347
0,0,0,0.5,0.667,180,0,0,840363
0,0,0,0.5,0.667,180,0,0,840380
0,0,0,0.5,0.667,180,0,0,840397
0,0,0,0.5,0.667,180,0,0,840413
0,0,0,0.5,0.667,180,0,0,840430
0,0,0,0.5,0.667,180,0,0,840447
0,0,0,0.5,0.667,180,0,0,840463
0,0,0,0.5,0.667,180,0,0,840480
0,0,0,0.5,0.667,180,0,0,840497
0,0,0,0.5,0.667,180,0,0,840513
0,0,0,0.5,0.667,180,0,0,840530
0,0,0,0.5,0.667,180,0,0,840547
0,0,0,0.5,0.667,180,0,0,840563
0,0,0,0.5,0.667,180,0,0,840580
0,0,0,0.5,0.667,180,0,0,840597
0,0,0,0.5,0.667,180,0,0,840613
0,0,0,0.5,0.667,180,0,0,840630
0,0,0,0.5,0.667,180,0,0,840647
0,0,0,0.5,0.667,180,0,0,840663
0,0,0,0.5,0.667,180,0,0,840680
0,0,0,0.5,0.667,180,0,0,840697
0,0,0,0.5,0.667,180,0,0,840713
0,0,0,0.5,0.667,180,0,0,840730
0,0,0,0.5,0.667,180,0,0,840747
0,0,0,0.5,0.667,180,0,0,840763
0,0,0,0.5,0.667,180,0,0,840780
0,0,0,0.5,0.667,180,0,0,840797
0,0,0,0.5,0.667,180,0,0,840814
0,0,0,0.5,0.667,180,0,0,840830
0,0,0,0.5,0.667,180,0,0,840848
0,0,0,0.5,0.667,180,0,0,840863
0,0,0,0.5,0.667,180,0,0,840880
0,0,0,0.5,0.667,180,0,0,840898
0,0,0,0.5,0.667,180,0,0,840913
0,0,0,0.5,0.667,180,0,0,840930
0,0,0,0.5,0.667,180,0,0,840947
0,0,0,0.5,0.667,180,0,0,840964
0,0,0,0.5,0.667,180,0,0,840980
0,0,0,0.5,0.667,180,0,0,840997
0,0,0,0.5,0.667,180,0,0,841013
0,0,0,0.5,0.667,180,0,0,841030
0,0,0,0.5,0.667,180,0,0,841047
0,0,0,0.5,0.667,180,0,0,841064
0,1,0,0.5,0.667135,180,0,0,841081
0,0,0,0.5,0.667135,180,0,0,841097
0,0,0,0.5,0.667135,180,0,0,841114
0,0,0,0.5,0.667135,180,0,0,841130
0,0,0,0.5,0.667135,180,0,0,841147
0,0,0,0.5,0.667135,180,0,0,841164
0,0,0,0.5,0.667135,180,0,0,841180
0,0,0,0.5,0.667135,180,0,0,841197
0,0,0,0.5,0.667135,180,0,0,841213
0,0,0,0.5,0.667135,180,0,0,841230
0,0,0,0.5,0.667135,180,0,0,841247
0,0,0,0.5,0.667135,180,0,0,841264
0,0,0,0.5,0.667135,180,0,0,841280
0,0,0,0.5,0.667135,180,0,0,841297
0,0,0,0.5,0.667135,180,0,0,841314
0,0,0,0.5,0.667135,180,0,0,841332
0,0,0,0.5,0.667135,180,0,0,841347
0,0,0,0.5,0.667135,180,0,0,841363
0,0,0,0.5,0.667135,180,0,0,841380
0,0,0,0.5,0.667135,180,0,0,841397
0,0,0,0.5,0.667135,180,0,0,841413
0,0,0,0.5,0.667135,180,0,0,841430
0,0,0,0.5,0.667135,180,0,0,841448
0,0,0,0.5,0.667135,180,0,0,841464
0,0,0,0.5,0.667135,180,0,0,841481
0,0,0,0.5,0.667135,180,0,0,841497
0,0,0,0.5,0.667135,180,0,0,841515
0,0,0,0.5,0.667135,180,0,0,841530
0,0,0,0.5,0.667135,180,0,0,841547
0,0,0,0.5,0.667135,180,0,0,841564
0,0,0,0.5,0.667135,180,0,0,841581
0,0,0,0.5,0.667135,180,0,0,841597
0,0,0,0.5,0.667135,180,0,0,841614
0,0,0,0.5,0.667135,180,0,0,841631
0,0,0,0.5,0.667135,180,0,0,841647
0,0,0,0.5,0.667135,180,0,0,841663
0,0,0,0.5,0.667135,180,0,0,841680
0,0,0,0.5,0.667135,180,0,0,841697
0,0,0,0.5,0.667135,180,0,0,841714
0,0,0,0.5,0.667135,180,0,0,841730
0,0,0,0.5,0.667135,180,0,0,841747
0,0,0,0.5,0.667135,180,0,0,841764
0,0,0,0.5,0.667135,180,0,0,841780
0,0,0,0.5,0.667135,180,0,0,841797
0,0,0,0.5,0.667135,180,0,0,841815
0,0,0,0.5,0.667135,180,0,0,841833
0,0,0,0.5,0.667135,180,0,0,841847
0,0,0,0.5,0.667135,180,0,0,841863
0,0,0,0.5,0.667135,180,0,0,841881
0,0,0,0.5,0.667135,180,0,0,841897
0,0,0,0.5,0.667135,180,0,0,841913
0,0,0,0.5,0.667135,180,0,0,841930
0,0,0,0.5,0.667135,180,0,0,841947
0,0,0,0.5,0.667135,180,0,0,841963
0,0,0,0.5,0.667135,180,0,0,841980
0,0,0,0.5,0.667135,180,0,0,841997
0,0,0,0.5,0.667135,180,0,0,842013
0,0,0,0.5,0.667135,180,0,0,842030
0,0,0,0.5,0.667135,180,0,0,842047
0,0,0,0.5,0.667135,180,0,0,842063
0,0,0,0.5,0.667135,180,0,0,842080
0,0,0,0.5,0.667135,180,0,0,842097
0,0,0,0.5,0.667135,180,0,0,842113
0,0,0,0.5,0.667135,180,0,0,842130
0,0,0,0.5,0.667135,180,0,0,842147
0,0,0,0.5,0.667135,180,0,0,842164
0,0,0,0.5,0.667135,180,0,0,842180
0,0,0,0.5,0.667135,180,0,0,842197
0,0,0,0.5,0.667135,180,0,0,842213
0,0,0,0.5,0.667135,180,0,0,842230
0,0,0,0.5,0.667135,180,0,0,842247
0,0,0,0.5,0.667135,180,0,0,842263
0,0,0,0.5,0.667135,180,0,0,842280
0,0,0,0.5,0.667135,180,0,0,842297
0,0,0,0.5,0.667135,180,0,0,842314
0,0,0,0.5,0.667135,180,0,0,842330
0,0,0,0.5,0.667135,180,0,0,842347
0,0,0,0.5,0.667135,180,0,0,842364
0,0,0,0.5,0.667135,180,0,0,842380
0,0,0,0.5,0.667135,180,0,0,842397
0,0,0,0.5,0.667135,180,0,0,842413
0,0,0,0.5,0.667135,180,0,0,842430
0,0,0,0.5,0.667135,180,0,0,842447
0,0,0,0.5,0.667135,180,0,0,842463
0,0,0,0.5,0.667135,180,0,0,842480
0,0,0,0.5,0.667135,180,0,0,842497
0,0,0,0.5,0.667135,180,0,0,842513
0,0,0,0.5,0.667135,180,0,0,842530
0,0,0,0.5,0.667135,180,0,0,842547
0,0,0,0.5,0.667135,180,0,0,842563
0,0,0,0.5,0.667135,180,0,0,842580
0,0,0,0.5,0.667135,180,0,0,842597
0,0,0,0.5,0.667135,180,0,0,842613
0,0,0,0.5,0.667135,180,0,0,842632
0,0,0,0.5,0.667135,180,0,0,842648
0,0,0,0.5,0.667135,180,0,0,842664
0,0,0,0.5,0.667135,180,0,0,842680
0,0,0,0.5,0.667135,180,0,0,842697
0,0,0,0.5,0.667135,180,0,0,842714
0,0,0,0.5,0.667135,180,0,0,842730
0,0,0,0.5,0.667135,180,0,0,842747
0,0,0,0.5,0.667135,180,0,0,842764
0,0,0,0.5,0.667135,180,0,0,842780
0,0,0,0.5,0.667135,180,0,0,842797
0,0,0,0.5,0.667135,180,0,0,842814
0,0,0,0.5,0.667135,180,0,0,842831
0,0,0,0.5,0.667135,180,0,0,842847
0,0,0,0.5,0.667135,180,0,0,842865
0,0,0,0.5,0.667135,180,0,0,842882
0,0,0,0.5,0.667135,180,0,0,842897
0,0,0,0.5,0.667135,180,0,0,842913
0,0,0,0.5,0.667135,180,0,0,842930
0,0,0,0.5,0.667135,180,0,0,842947
0,0,0,0.5,0.667135,180,0,0,842964
0,0,0,0.5,0.667135,180,0,0,842980
0,0,0,0.5,0.667135,180,0,0,842997
0,0,0,0.5,0.667135,180,0,0,843014
0,0,0,0.5,0.667135,180,0,0,843030
0,0,0,0.5,0.667135,180,0,0,843047
0,0,0,0.5,0.667135,180,0,0,843064
0,0,0,0.5,0.667135,180,0,0,843080
0,0,0,0.5,0.667135,180,0,0,843097
0,0,0,0.5,0.667135,180,0,0,843113
0,0,0,0.5,0.667135,180,0,0,843130
0,0,0,0.5,0.667135,180,0,0,843147
0,0,0,0.5,0.667135,180,0,0,843163
0,0,0,0.5,0.667135,180,0,0,843180
0,0,0,0.5,0.667135,180,0,0,843197
0,0,0,0.5,0.667135,180,0,0,843213
0,0,0,0.5,0.667135,180,0,0,843231
0,0,0,0.5,0.667135,180,0,0,843247
0,0,0,0.5,0.667135,180,0,0,843264
0,0,0,0.5,0.667135,180,0,0,843280
0,0,0,0.5,0.667135,180,0,0,843297
0,0,0,0.5,0.667135,180,0,0,843314
0,0,0,0.5,0.667135,180,0,0,843330
0,0,0,0.5,0.667135,180,0,0,843348
0,0,0,0.5,0.667135,180,0,0,843364
0,0,0,0.5,0.667135,180,0,0,843382
0,0,0,0.5,0.667135,180,0,0,843397
0,0,0,0.5,0.667135,180,0,0,843413
0,0,0,0.5,0.667135,180,0,0,843430
0,0,0,0.5,0.667135,180,0,0,843447
0,0,0,0.5,0.667135,180,0,0,843463
0,0,0,0.5,0.667135,180,0,0,843480
0,0,0,0.5,0.667135,180,0,0,843497
0,0,0,0.5,0.667135,180,0,0,843513
0,0,0,0.5,0.667135,180,0,0,843530
0,0,0,0.5,0.667135,180,0,0,843548
0,0,0,0.5,0.667135,180,0,0,843564
0,0,0,0.5,0.667135,180,0,0,843580
0,0,0,0.5,0.667135,180,0,0,843597
0,0,0,0.5,0.667135,180,0,0,843613
0,0,0,0.5,0.667135,180,0,0,843631
0,0,0,0.5,0.667135,180,0,0,843647
0,0,0,0.5,0.667135,180,0,0,843663
0,0,0,0.5,0.667135,180,0,0,843680
0,0,0,0.5,0.667135,180,0,0,843697
0,0,0,0.5,0.667135,180,0,0,843714
0,0,0,0.5,0.667135,180,0,0,843730
0,0,0,0.5,0.667135,180,0,0,843748
0,0,0,0.5,0.667135,180,0,0,843764
0,0,0,0.5,0.667135,180,0,0,843780
0,0,0,0.5,0.667135,180,0,0,843797
0,0,0,0.5,0.667135,180,0,0,843814
0,0,0,0.5,0.667135,180,0,0,843830
0,0,0,0.5,0.667135,180,0,0,843847
0,0,0,0.5,0.667135,180,0,0,843864
0,0,0,0.5,0.667135,180,0,0,843881
0,0,0,0.5,0.667135,180,0,0,843897
0,0,0,0.5,0.667135,180,0,0,843914
0,0,0,0.5,0.667135,180,0,0,843930
0,0,0,0.5,0.667135,180,0,0,843947
0,0,0,0.5,0.667135,180,0,0,843963
0,0,0,0.5,0.667135,180,0,0,843980
0,0,0,0.5,0.667135,180,0,0,843997
0,0,0,0.5,0.667135,180,0,0,844013
0,0,0,0.5,0.667135,180,0,0,844030
0,0,0,0.5,0.667135,180,0,0,844047
0,0,0,0.5,0.667135,180,0,0,844063
0,0,0,0.5,0.667135,180,0,0,844080
0,0,0,0.5,0.667135,180,0,0,844097
0,0,0,0.5,0.667135,180,0,0,844113
0,0,0,0.5,0.667135,180,0,0,844130
0,0,0,0.5,0.667135,180,0,0,844147
0,0,0,0.5,0.667135,180,0,0,844164
0,0,0,0.5,0.667135,180,0,0,844182
0,0,0,0.5,0.667135,180,0,0,844199
0,0,0,0.5,0.667135,180,0,0,844213
0,0,0,0.5,0.667135,180,0,0,844230
0,0,0,0.5,0.667135,180,0,0,844247
0,0,0,0.5,0.667135,180,0,0,844264
0,0,0,0.5,0.667135,180,0,0,844280
0,0,0,0.5,0.667135,180,0,0,844297
0,0,0,0.5,0.667135,180,0,0,844313
0,0,0,0.5,0.667135,180,0,0,844330
0,0,0,0.5,0.667135,180,0,0,844347
0,0,0,0.5,0.667135,180,0,0,844363
0,0,0,0.5,0.667135,180,0,0,844380
0,0,0,0.5,0.667135,180,0,0,844397
0,0,0,0.5,0.667135,180,0,0,844413
0,0,0,0.5,0.667135,180,0,0,844430
0,0,0,0.5,0.667135,180,0,0,844447
0,0,0,0.5,0.667135,180,0,0,844463
0,0,0,0.5,0.667135,180,0,0,844480
0,1,0,0.5,0.66727,180,0,0,844498
0,0,0,0.5,0.66727,180,0,0,844514
0,0,0,0.5,0.66727,180,0,0,844530
0,0,0,0.5,0.66727,180,0,0,844547
0,0,0,0.5,0.66727,180,0,0,844564
0,0,0,0.5,0.66727,180,0,0,844580
0,0,0,0.5,0.66727,180,0,0,844597
0,0,0,0.5,0.66727,180,0,0,844613
0,0,0,0.5,0.66727,180,0,0,844630
0,0,0,0.5,0.66727,180,0,0,844647
0,0,0,0.5,0.66727,180,0,0,844664
0,0,0,0.5,0.66727,180,0,0,844680
0,0,0,0.5,0.66727,180,0,0,844697
0,0,0,0.5,0.66727,180,0,0,844713
0,0,0,0.5,0.66727,180,0,0,844730
0,0,0,0.5,0.66727,180,0,0,844747
0,0,0,0.5,0.66727,180,0,0,844764
0,0,0,0.5,0.66727,180,0,0,844780
0,0,0,0.5,0.66727,180,0,0,844797
0,0,0,0.5,0.66727,180,0,0,844813
0,0,0,0.5,0.66727,180,0,0,844830
0,0,0,0.5,0.66727,180,0,0,844847
0,0,0,0.5,0.66727,180,0,0,844865
0,0,0,0.5,0.66727,180,0,0,844881
0,0,0,0.5,0.66727,180,0,0,844897
0,0,0,0.5,0.66727,180,0,0,844914
0,0,0,0.5,0.66727,180,0,0,844930
0,0,0,0.5,0.66727,180,0,0,844947
0,0,0,0.5,0.66727,180,0,0,844965
0,0,0,0.5,0.66727,180,0,0,844980
0,0,0,0.5,0.66727,180,0,0,844997
0,0,0,0.5,0.66727,180,0,0,845013
0,0,0,0.5,0.66727,180,0,0,845030
0,0,0,0.5,0.66727,180,0,0,845047
0,0,0,0.5,0.66727,180,0,0,845064
0,0,0,0.5,0.66727,180,0,0,845080
0,0,0,0.5,0.66727,180,0,0,845097
0,0,0,0.5,0.66727,180,0,0,845113
0,0,0,0.5,0.66727,180,0,0,845130
0,0,0,0.5,0.66727,180,0,0,845147
0,0,0,0.5,0.66727,180,0,0,845163
0,0,0,0.5,0.66727,180,0,0,845181
0,0,0,0.5,0.66727,180,0,0,845197
0,0,0,0.5,0.66727,180,0,0,845213
0,0,0,0.5,0.66727,180,0,0,845230
0,0,0,0.5,0.66727,180,0,0,845247
0,0,0,0.5,0.66727,180,0,0,845263
0,0,0,0.5,0.66727,180,0,0,845281
0,0,0,0.5,0.66727,180,0,0,845298
0,0,0,0.5,0.66727,180,0,0,845314
0,0,0,0.5,0.66727,180,0,0,845330
0,0,0,0.5,0.66727,180,0,0,845347
0,0,0,0.5,0.66727,180,0,0,845364
0,0,0,0.5,0.66727,180,0,0,845380
0,-3,0,0.5,0.666865,180,0,0,845398
0,-5,0,0.5,0.66619,180,0,0,845414
0,-8,0,0.5,0.66511,180,0,0,845430
0,-11,0,0.5,0.663625,180,0,0,845447
0,-13,0,0.5,0.66187,180,0,0,845464
0,-17,0,0.5,0.659575,180,0,0,845481
0,-18,0,0.5,0.657145,180,0,0,845497
0,-18,0,0.5,0.654715,180,0,0,845514
0,-16,-1,0.5,0.652555,180,0,0,845531
0,-14,0,0.5,0.650665,180,0,0,845548
0,-14,0,0.5,0.648775,180,0,0,845564
0,-14,0,0.5,0.646885,180,0,0,845581
0,-13,0,0.5,0.64513,180,0,0,845598
0,-16,1,0.5,0.64297,180,0,0,845617
0,-15,2,0.5,0.640945,180,0,0,845631
0,-13,3,0.5,0.63919,180,0,0,845649
0,-12,2,0.5,0.63757,180,0,0,845665
0,-11,2,0.5,0.636085,180,0,0,845681
0,-23,2,0.5,0.63298,180,0,0,845698
0,-9,0,0.5,0.631765,180,0,0,845714
0,-9,0,0.5,0.63055,180,0,0,845730
0,-11,0,0.5,0.629065,180,0,0,845749
0,-11,0,0.5,0.62758,180,0,0,845764
0,-11,0,0.5,0.626095,180,0,0,845780
0,-13,0,0.5,0.62434,180,0,0,845797
0,-13,0,0.5,0.622585,180,0,0,845814
0,-12,1,0.5,0.620965,180,0,0,845830
0,-10,1,0.5,0.619615,180,0,0,845848
0,-11,2,0.5,0.61813,180,0,0,845864
0,-11,3,0.5,0.616645,180,0,0,845881
0,-10,4,0.5,0.615295,180,0,0,845899
0,-5,5,0.5,0.61462,180,0,0,845915
0,2,6,0.5,0.61489,180,0,0,845932
0,7,8,0.5,0.615835,180,0,0,845950
0,13,11,0.5,0.61759,180,0,0,845966
0,21,14,0.5,0.620425,180,0,0,845984
0,26,16,0.5,0.623935,180,0,0,846001
0,25,15,0.5,0.62731,180,0,0,846018
0,23,14,0.5,0.630415,180,0,0,846034
0,18,14,0.5,0.632845,180,0,0,846051
0,9,16,0.5,0.63406,180,0,0,846068
0,0,10,0.5,0.63406,180,0,0,846082
0,6,26,0.5,0.63487,180,0,0,846102
0,7,13,0.5,0.635815,180,0,0,846116
0,5,13,0.5,0.63649,180,0,0,846133
0,3,12,0.5,0.636895,180,0,0,846151
0,0,12,0.5,0.636895,180,0,0,846166
0,0,11,0.5,0.636895,180,0,0,846182
0,0,11,0.5,0.636895,180,0,0,846200
0,0,10,0.5,0.636895,180,0,0,846216
0,-2,9,0.5,0.636625,180,0,0,846233
0,-4,9,0.5,0.636085,180,0,0,846250
0,-8,6,0.5,0.635005,180,0,0,846266
0,-11,5,0.5,0.63352,180,0,0,846281
0,-13,2,0.5,0.631765,180,0,0,846299
0,-17,1,0.5,0.62947,180,0,0,846314
0,-20,0,0.5,0.62677,180,0,0,846330
0,-21,0,0.5,0.623935,180,0,0,846347
0,-23,0,0.5,0.62083,180,0,0,846364
0,-24,1,0.5,0.61759,180,0,0,846381
0,-21,4,0.5,0.614755,180,0,0,846398
0,-20,4,0.5,0.612055,180,0,0,846416
0,-15,4,0.5,0.61003,180,0,0,846433
0,-12,8,0.5,0.60841,180,0,0,846452
0,0,3,0.5,0.60841,180,0,0,846465
0,1,14,0.5,0.608545,180,0,0,846486
0,8,10,0.5,0.609625,180,0,0,846501
0,13,14,0.5,0.61138,180,0,0,846517
0,14,14,0.5,0.61327,180,0,0,846534
0,20,15,0.5,0.61597,180,0,0,846550
0,21,18,0.5,0.618805,180,0,0,846567
0,23,20,0.5,0.62191,180,0,0,846584
0,29,24,0.5,0.625825,180,0,0,846603
0,30,24,0.5,0.629875,180,0,0,846619
0,29,24,0.5,0.63379,180,0,0,846635
0,22,22,0.5,0.63676,180,0,0,846652
0,22,23,0.5,0.63973,180,0,0,846668
0,19,22,0.5,0.642295,180,0,0,846685
0,16,20,0.5,0.644455,180,0,0,846701
0,13,17,0.5,0.64621,180,0,0,846717
0,12,14,0.5,0.64783,180,0,0,846733
0,9,14,0.5,0.649045,180,0,0,846750
0,5,12,0.5,0.64972,180,0,0,846766
0,1,11,0.5,0.649855,180,0,0,846782
0,0,9,0.5,0.649855,180,0,0,846799
0,-2,8,0.5,0.649585,180,0,0,846815
0,-5,6,0.5,0.64891,180,0,0,846835
0,-5,4,0.5,0.648235,180,0,0,846850
0,-4,3,0.5,0.647695,180,0,0,846865
0,-5,3,0.5,0.64702,180,0,0,846881
0,-7,7,0.5,0.646075,180,0,0,846899
0,-1,3,0.5,0.64594,180,0,0,846914
0,1,1,0.5,0.646075,180,0,0,846931
0,1,7,0.5,0.64621,180,0,0,846949
0,2,4,0.5,0.64648,180,0,0,846964
0,1,5,0.5,0.646615,180,0,0,846982
0,2,7,0.5,0.646885,180,0,0,846999
0,0,7,0.5,0.646885,180,0,0,847015
0,4,9,0.5,0.647425,180,0,0,847032
0,5,10,0.5,0.6481,180,0,0,847050
0,5,10,0.5,0.648775,180,0,0,847067
0,1,12,0.5,0.64891,180,0,0,847083
0,-3,13,0.5,0.648505,180,0,0,847101
0,-8,10,0.5,0.647425,180,0,0,847116
0,-8,10,0.5,0.646345,180,0,0,847132
0,-8,8,0.5,0.645265,180,0,0,847150
0,-6,7,0.5,0.644455,180,0,0,847169
0,-3,6,0.5,0.64405,180,0,0,847183
0,-1,7,0.5,0.643915,180,0,0,847202
0,0,7,0.5,0.643915,180,0,0,847216
0,1,7,0.5,0.64405,180,0,0,847236
0,0,7,0.5,0.64405,180,0,0,847251
0,1,7,0.5,0.644185,180,0,0,847271
0,1,7,0.5,0.64432,180,0,0,847283
0,-3,10,0.5,0.643915,180,0,0,847303
0,-6,5,0.5,0.643105,180,0,0,847315
0,-5,5,0.5,0.64243,180,0,0,847331
0,-4,5,0.5,0.64189,180,0,0,847349
0,-4,6,0.5,0.64135,180,0,0,847366
0,-4,6,0.5,0.64081,180,0,0,847382
0,-5,7,0.5,0.640135,180,0,0,847399
0,-6,5,0.5,0.639325,180,0,0,847416
0,-5,4,0.5,0.63865,180,0,0,847431
0,-6,4,0.5,0.63784,180,0,0,847450
0,-6,4,0.5,0.63703,180,0,0,847466
0,-5,5,0.5,0.636355,180,0,0,847482
0,-5,6,0.5,0.63568,180,0,0,847501
0,-4,7,0.5,0.63514,180,0,0,847516
0,-2,7,0.5,0.63487,180,0,0,847532
0,2,7,0.5,0.63514,180,0,0,847550
0,10,7,0.5,0.63649,180,0,0,847565
0,16,5,0.5,0.63865,180,0,0,847582
0,19,4,0.5,0.641215,180,0,0,847599
0,16,3,0.5,0.643375,180,0,0,847615
0,15,2,0.5,0.6454,180,0,0,847631
0,15,1,0.5,0.647425,180,0,0,847647
0,22,1,0.5,0.650395,180,0,0,847664
0,27,1,0.5,0.65404,180,0,0,847681
0,69,11,0.5,0.663355,180,0,0,847700
0,34,6,0.5,0.667945,180,0,0,847715
0,23,6,0.5,0.67105,180,0,0,847732
0,19,7,0.5,0.673615,180,0,0,847750
0,14,6,0.5,0.675505,180,0,0,847768
0,13,6,0.5,0.67726,180,0,0,847784
0,16,5,0.5,0.67942,180,0,0,847799
0,25,4,0.5,0.682795,180,0,0,847815
0,35,4,0.5,0.68752,180,0,0,847831
0,39,5,0.5,0.692785,180,0,0,847848
0,39,6,0.5,0.69805,180,0,0,847865
0,33,7,0.5,0.702505,180,0,0,847882
0,29,8,0.5,0.70642,180,0,0,847905
0,29,8,0.5,0.71,180,0,0,847917
