0,72,81,0.5,-0.70028,180,0,0,400202
0,43,48,0.5,-0.694475,180,0,0,400224
0,20,24,0.5,-0.691775,180,0,0,400236
0,21,24,0.5,-0.68894,180,0,0,400248
0,20,24,0.5,-0.68624,180,0,0,400262
0,0,0,0.5,-0.68624,180,0,0,400267
0,23,24,0.5,-0.683135,180,0,0,400290
0,23,24,0.5,-0.68003,180,0,1,400306
0,19,24,0.5,-0.677465,180,0,1,400322
0,56,39,0.5,-0.669905,180,0,0,400343
0,29,33,0.5,-0.66599,180,0,0,400362
0,30,24,0.5,-0.66194,180,0,0,400378
0,29,24,0.5,-0.658025,180,0,0,400392
0,22,24,0.5,-0.655055,180,0,0,400407
0,29,24,0.5,-0.65114,180,0,0,400421
0,18,21,0.5,-0.64871,180,0,0,400439
0,20,24,0.5,-0.64601,180,0,0,400456
0,35,24,0.5,-0.641285,180,0,0,400471
0,36,24,0.5,-0.636425,180,0,0,400488
0,40,24,0.5,-0.631025,180,0,0,400505
0,22,18,0.5,-0.628055,180,0,0,400521
0,23,24,0.5,-0.62495,180,0,0,400539
0,13,18,0.5,-0.623195,180,0,0,400552
0,34,24,0.5,-0.618605,180,0,0,400571
0,34,24,0.5,-0.614015,180,0,0,400587
0,33,24,0.5,-0.60956,180,0,0,400605
0,34,24,0.5,-0.60497,180,0,0,400622
0,35,24,0.5,-0.600245,180,0,0,400636
0,30,24,0.5,-0.596195,180,0,0,400654
0,31,24,0.5,-0.59201,180,0,0,400675
0,57,48,0.5,-0.584315,180,0,0,400703
0,24,24,0.5,-0.581075,180,0,0,400717
0,24,24,0.5,-0.577835,180,0,0,400729
0,23,24,0.5,-0.57473,180,0,0,400742
0,0,0,0.5,-0.57473,180,0,0,400748
0,10,13,0.5,-0.57338,180,0,0,400768
0,37,31,0.5,-0.568385,180,0,0,400791
0,25,35,0.5,-0.56501,180,0,0,400807
0,25,24,0.5,-0.561635,180,0,0,400821
0,26,24,0.5,-0.558125,180,0,0,400838
0,28,24,0.5,-0.554345,180,0,0,400855
0,26,24,0.5,-0.550835,180,0,0,400872
0,29,24,0.5,-0.54692,180,0,0,400886
0,26,24,0.5,-0.54341,180,0,0,400904
0,25,24,0.5,-0.540035,180,0,0,400932
0,23,24,0.5,-0.53693,180,0,0,400946
0,21,20,0.5,-0.534095,180,0,0,400959
0,27,24,0.5,-0.53045,180,0,0,400973
0,29,24,0.5,-0.526535,180,0,0,400987
0,28,24,0.5,-0.522755,180,0,0,401003
0,27,24,0.5,-0.51911,180,0,0,401020
0,7,11,0.5,-0.518165,180,0,0,401033
0,22,24,0.5,-0.515195,180,0,0,401054
0,22,24,0.5,-0.512225,180,0,0,401069
0,23,24,0.5,-0.50912,180,0,0,401096
0,88,72,0.5,-0.49724,180,0,0,401140
0,33,24,0.5,-0.492785,180,0,0,401154
0,35,24,0.5,-0.48806,180,0,0,401167
0,33,24,0.5,-0.483605,180,0,0,401182
0,1,0,0.5,-0.48347,180,0,0,401188
0,26,24,0.5,-0.47996,180,0,0,401207
0,26,24,0.5,-0.47645,180,0,0,401225
0,28,24,0.5,-0.47267,180,0,0,401239
0,26,24,0.5,-0.46916,180,0,0,401258
0,26,24,0.5,-0.46565,180,0,0,401274
0,27,24,0.5,-0.462005,180,0,0,401291
0,29,24,0.5,-0.45809,180,0,0,401303
0,28,24,0.5,-0.45431,180,0,0,401321
0,27,24,0.5,-0.450665,180,0,0,401337
0,30,24,0.5,-0.446615,180,0,0,401363
0,66,48,0.5,-0.437705,180,0,0,401386
0,31,24,0.5,-0.43352,180,0,0,401403
0,31,24,0.5,-0.429335,180,0,0,401419
0,28,24,0.5,-0.425555,180,0,0,401435
0,32,24,0.5,-0.421235,180,0,0,401449
0,33,24,0.5,-0.41678,180,0,0,401463
0,35,24,0.5,-0.412055,180,0,0,401480
0,35,24,0.5,-0.40733,180,0,0,401497
0,36,24,0.5,-0.40247,180,0,0,401509
0,0,0,0.5,-0.40247,180,0,0,401514
0,36,24,0.5,-0.39761,180,0,0,401538
0,32,24,0.5,-0.39329,180,0,0,401554
0,0,5,0.5,-0.39329,180,0,1,401572
0,66,48,0.5,-0.38438,180,0,1,401610
0,71,48,0.5,-0.374795,180,0,1,401630
0,37,24,0.5,-0.3698,180,0,0,401642
0,7,6,0.5,-0.368855,180,0,0,401650
0,0,0,0.5,-0.368855,180,0,0,401654
0,34,24,0.5,-0.364265,180,0,0,401676
0,28,24,0.5,-0.360485,180,0,0,401693
0,0,0,0.5,-0.360485,180,0,0,401704
0,29,24,0.5,-0.35657,180,0,0,401726
0,36,24,0.5,-0.35171,180,0,1,401746
0,36,24,0.5,-0.34685,180,0,1,401763
0,72,27,0.5,-0.33713,180,0,1,401779
0,0,21,0.5,-0.33713,180,0,1,401792
0,37,24,0.5,-0.332135,180,0,0,401811
0,60,28,0.5,-0.324035,180,0,0,401829
0,42,39,0.5,-0.318365,180,0,0,401849
0,42,24,0.5,-0.312695,180,0,0,401861
0,42,24,0.5,-0.307025,180,0,0,401877
0,35,24,0.5,-0.3023,180,0,0,401893
0,36,24,0.5,-0.29744,180,0,0,401910
0,34,24,0.5,-0.29285,180,0,0,401926
0,32,24,0.5,-0.28853,180,0,0,401943
0,33,24,0.5,-0.284075,180,0,0,401962
0,29,24,0.5,-0.28016,180,0,0,401976
0,21,23,0.5,-0.277325,180,0,0,401993
0,33,24,0.5,-0.27287,180,0,0,402011
0,33,24,0.5,-0.268415,180,0,0,402025
0,31,24,0.5,-0.26423,180,0,0,402043
0,36,24,0.5,-0.25937,180,0,0,402064
0,32,24,0.5,-0.25505,180,0,0,402079
0,32,24,0.5,-0.25073,180,0,0,402098
0,34,24,0.5,-0.24614,180,0,0,402113
0,34,24,0.5,-0.24155,180,0,0,402129
0,36,24,0.5,-0.23669,180,0,0,402144
0,37,24,0.5,-0.231695,180,0,0,402161
0,33,24,0.5,-0.22724,180,0,0,402178
0,37,24,0.5,-0.222245,180,0,0,402193
0,28,24,0.5,-0.218465,180,0,0,402211
0,2,0,0.5,-0.218195,180,0,0,402222
0,14,12,0.5,-0.216305,180,0,0,402240
0,51,42,0.5,-0.20942,180,0,0,402263
0,18,24,0.5,-0.20699,180,0,0,402276
0,0,0,0.5,-0.20699,180,0,0,402287
0,24,24,0.5,-0.20375,180,0,0,402311
0,23,21,0.5,-0.200645,180,0,0,402325
0,32,24,0.5,-0.196325,180,0,0,402343
0,35,24,0.5,-0.1916,180,0,0,402360
0,32,24,0.5,-0.18728,180,0,0,402376
0,30,24,0.5,-0.18323,180,0,0,402392
0,29,24,0.5,-0.179315,180,0,0,402416
0,28,24,0.5,-0.175535,180,0,0,402429
0,31,24,0.5,-0.17135,180,0,0,402447
0,31,24,0.5,-0.167165,180,0,0,402464
0,29,24,0.5,-0.16325,180,0,0,402478
0,28,24,0.5,-0.15947,180,0,0,402496
0,28,24,0.5,-0.15569,180,0,0,402510
0,28,24,0.5,-0.15191,180,0,0,402526
0,24,24,0.5,-0.14867,180,0,0,402542
0,23,24,0.5,-0.145565,180,0,0,402567
0,50,48,0.5,-0.138815,180,0,0,402595
0,27,24,0.5,-0.13517,180,0,1,402609
0,29,24,0.5,-0.131255,180,0,1,402621
0,29,24,0.5,-0.12734,180,0,1,402632
0,0,0,0.5,-0.12734,180,0,1,402637
0,25,30,0.5,-0.123965,180,0,1,402665
0,27,24,0.5,-0.12032,180,0,0,402683
0,26,24,0.5,-0.11681,180,0,0,402699
0,22,24,0.5,-0.11384,180,0,0,402714
0,23,24,0.5,-0.110735,180,0,0,402729
0,21,24,0.5,-0.1079,180,0,0,402743
0,24,24,0.5,-0.10466,180,0,0,402759
0,24,24,0.5,-0.10142,180,0,0,402778
0,23,24,0.5,-0.098315,180,0,1,402795
0,23,24,0.5,-0.09521,180,0,1,402813
0,24,24,0.5,-0.09197,180,0,1,402828
0,26,24,0.5,-0.08846,180,0,0,402844
0,25,24,0.5,-0.085085,180,0,0,402860
0,27,24,0.5,-0.08144,180,0,0,402879
0,30,24,0.5,-0.07739,180,0,0,402894
0,30,24,0.5,-0.07334,180,0,0,402910
0,30,24,0.5,-0.06929,180,0,0,402926
0,29,24,0.5,-0.065375,180,0,0,402944
0,20,21,0.5,-0.062675,180,0,0,402958
0,31,24,0.5,-0.05849,180,0,0,402977
0,30,24,0.5,-0.05444,180,0,0,402994
0,32,24,0.5,-0.05012,180,0,0,403011
0,32,24,0.5,-0.0458,180,0,0,403026
0,52,37,0.5,-0.03878,180,0,0,403046
0,0,4,0.5,-0.03878,180,0,0,403055
0,12,13,0.5,-0.03716,180,0,0,403075
0,29,24,0.5,-0.033245,180,0,0,403094
0,27,24,0.5,-0.0296,180,0,0,403112
0,28,24,0.5,-0.02582,180,0,1,403128
0,29,24,0.5,-0.021905,180,0,1,403145
0,30,24,0.5,-0.017855,180,0,1,403161
0,27,24,0.5,-0.01421,180,0,1,403176
0,25,24,0.5,-0.010835,180,0,1,403193
0,25,24,0.5,-0.00746,180,0,0,403210
0,24,24,0.5,-0.00422,180,0,0,403226
0,23,24,0.5,-0.001115,180,0,0,403243
0,21,24,0.5,0.00172,180,0,0,403260
0,23,24,0.5,0.004825,180,0,0,403278
0,26,24,0.5,0.008335,180,0,1,403293
0,16,21,0.5,0.010495,180,0,1,403309
0,28,24,0.5,0.014275,180,0,1,403328
0,27,24,0.5,0.01792,180,0,0,403347
0,27,24,0.5,0.021565,180,0,0,403364
0,26,24,0.5,0.025075,180,0,0,403379
0,26,24,0.5,0.028585,180,0,0,403395
0,28,24,0.5,0.032365,180,0,0,403411
0,52,30,0.5,0.039385,180,0,0,403429
0,25,40,0.5,0.04276,180,0,0,403449
0,26,26,0.5,0.04627,180,0,1,403465
0,24,24,0.5,0.04951,180,0,1,403478
0,26,24,0.5,0.05302,180,0,1,403493
0,22,24,0.5,0.05599,180,0,0,403511
0,22,24,0.5,0.05896,180,0,0,403532
0,22,24,0.5,0.06193,180,0,0,403551
0,18,24,0.5,0.06436,180,0,0,403574
0,32,48,0.5,0.06868,180,0,0,403595
0,17,24,0.5,0.070975,180,0,1,403611
0,14,24,0.5,0.072865,180,0,1,403624
0,17,23,0.5,0.07516,180,0,1,403636
0,0,1,0.5,0.07516,180,0,1,403642
0,14,24,0.5,0.07705,180,0,0,403662
0,14,24,0.5,0.07894,180,0,0,403679
0,11,24,0.5,0.080425,180,0,0,403693
0,12,24,0.5,0.082045,180,0,0,403711
0,11,24,0.5,0.08353,180,0,0,403729
0,11,24,0.5,0.085015,180,0,0,403745
0,11,24,0.5,0.0865,180,0,1,403762
0,13,24,0.5,0.088255,180,0,1,403780
0,13,24,0.5,0.09001,180,0,1,403794
0,15,24,0.5,0.092035,180,0,1,403813
0,15,24,0.5,0.09406,180,0,0,403828
0,31,48,0.5,0.098245,180,0,0,403852
0,18,24,0.5,0.100675,180,0,0,403867
0,16,24,0.5,0.102835,180,0,0,403884
0,14,24,0.5,0.104725,180,0,0,403896
0,15,24,0.5,0.10675,180,0,0,403910
0,14,24,0.5,0.10864,180,0,0,403926
0,14,24,0.5,0.11053,180,0,1,403943
0,18,24,0.5,0.11296,180,0,1,403960
0,20,24,0.5,0.11566,180,0,0,403976
0,26,24,0.5,0.11917,180,0,0,403993
0,25,24,0.5,0.122545,180,0,0,404010
0,30,24,0.5,0.126595,180,0,0,404026
0,31,24,0.5,0.13078,180,0,0,404043
0,27,24,0.5,0.134425,180,0,0,404061
0,25,23,0.5,0.1378,180,0,0,404075
0,22,23,0.5,0.14077,180,0,0,404094
0,21,24,0.5,0.143605,180,0,0,404111
0,19,23,0.5,0.14617,180,0,0,404126
0,16,24,0.5,0.14833,180,0,0,404150
0,25,47,0.5,0.151705,180,0,0,404174
0,12,24,0.5,0.153325,180,0,0,404188
0,16,24,0.5,0.155485,180,0,0,404202
0,18,24,0.5,0.157915,180,0,0,404215
0,0,0,0.5,0.157915,180,0,0,404220
0,39,28,0.5,0.16318,180,0,0,404245
0,20,44,0.5,0.16588,180,0,1,404265
0,20,24,0.5,0.16858,180,0,1,404277
0,20,24,0.5,0.17128,180,0,1,404294
0,20,24,0.5,0.17398,180,0,1,404310
0,24,24,0.5,0.17722,180,0,0,404329
0,22,24,0.5,0.18019,180,0,0,404345
0,26,24,0.5,0.1837,180,0,0,404361
0,29,24,0.5,0.187615,180,0,0,404386
0,30,24,0.5,0.191665,180,0,0,404398
0,27,24,0.5,0.19531,180,0,0,404411
0,25,24,0.5,0.198685,180,0,0,404428
0,24,24,0.5,0.201925,180,0,0,404442
0,20,24,0.5,0.204625,180,0,0,404459
0,22,24,0.5,0.207595,180,0,0,404475
0,18,24,0.5,0.210025,180,0,0,404493
0,18,24,0.5,0.212455,180,0,0,404513
0,20,24,0.5,0.215155,180,0,0,404526
0,20,24,0.5,0.217855,180,0,0,404545
0,22,24,0.5,0.220825,180,0,0,404561
0,24,24,0.5,0.224065,180,0,0,404581
0,53,48,0.5,0.23122,180,0,0,404605
0,27,24,0.5,0.234865,180,0,0,404618
0,27,24,0.5,0.23851,180,0,0,404632
0,28,2,0.5,0.24229,180,0,0,404638
0,29,40,0.5,0.246205,180,0,0,404666
0,24,30,0.5,0.249445,180,0,0,404681
0,22,24,0.5,0.252415,180,0,0,404695
0,30,24,0.5,0.256465,180,0,0,404711
0,29,24,0.5,0.26038,180,0,0,404726
0,29,24,0.5,0.264295,180,0,0,404744
0,28,24,0.5,0.268075,180,0,0,404760
0,31,24,0.5,0.27226,180,0,0,404776
0,31,24,0.5,0.276445,180,0,0,404796
0,28,24,0.5,0.280225,180,0,0,404811
0,31,24,0.5,0.28441,180,0,0,404829
0,29,24,0.5,0.288325,180,1,1,404846
0,32,24,0.5,0.292645,180,1,1,404860
0,28,24,0.5,0.296425,180,1,1,404876
0,28,24,0.5,0.300205,180,0,1,404895
0,29,24,0.5,0.30412,180,0,0,404913
0,30,24,0.5,0.30817,180,0,0,404926
0,12,14,0.5,0.30979,180,0,0,404940
0,3,21,0.5,0.310195,180,0,0,404959
0,26,24,0.5,0.313705,180,0,1,404983
0,60,24,0.5,0.321805,180,0,1,404996
0,0,24,0.5,0.321805,180,0,1,405010
0,32,24,0.5,0.326125,180,0,1,405029
0,49,25,0.5,0.33274,180,0,1,405043
0,20,35,0.5,0.33544,180,0,1,405065
0,12,36,0.5,0.33706,180,0,0,405082
0,10,24,0.5,0.33841,180,0,0,405093
0,3,24,0.5,0.338815,180,0,0,405110
0,-1,24,0.5,0.33868,180,0,1,405127
0,0,24,0.5,0.33868,180,0,1,405144
0,0,24,0.5,0.33868,180,0,1,405161
0,1,24,0.5,0.338815,180,0,0,405177
0,-1,24,0.5,0.33868,180,0,0,405198
0,0,24,0.5,0.33868,180,0,1,405211
0,0,21,0.5,0.33868,180,0,1,405225
0,1,22,0.5,0.338815,180,0,1,405244
0,4,21,0.5,0.339355,180,0,1,405260
0,5,20,0.5,0.34003,180,0,1,405274
0,7,21,0.5,0.340975,180,0,1,405292
0,8,20,0.5,0.342055,180,0,1,405309
0,10,21,0.5,0.343405,180,0,1,405326
0,12,21,0.5,0.345025,180,0,1,405342
0,16,21,0.5,0.347185,180,0,1,405360
0,6,7,0.5,0.347995,180,0,1,405372
0,22,19,0.5,0.350965,180,0,1,405393
0,24,18,0.5,0.354205,180,0,1,405410
0,26,18,0.5,0.357715,180,0,1,405425
0,25,18,0.5,0.36109,180,0,1,405444
0,49,29,0.5,0.367705,180,0,1,405464
0,25,24,0.5,0.37108,180,0,1,405477
0,26,17,0.5,0.37459,180,0,1,405492
0,26,14,0.5,0.3781,180,0,1,405507
0,23,15,0.5,0.381205,180,0,1,405525
0,21,14,0.5,0.38404,180,0,1,405542
0,17,13,0.5,0.386335,180,0,1,405557
0,15,14,0.5,0.38836,180,0,1,405574
0,16,15,0.5,0.39052,180,0,1,405592
0,15,16,0.5,0.392545,180,0,1,405609
0,18,17,0.5,0.394975,180,0,1,405626
0,17,17,0.5,0.39727,180,0,1,405642
0,17,16,0.5,0.399565,180,0,1,405657
0,16,14,0.5,0.401725,180,0,1,405676
0,16,13,0.5,0.403885,180,0,1,405691
0,15,12,0.5,0.40591,180,0,1,405707
0,14,12,0.5,0.4078,180,0,1,405726
0,12,11,0.5,0.40942,180,0,1,405740
0,8,10,0.5,0.4105,180,0,1,405756
0,7,10,0.5,0.411445,180,0,1,405774
0,5,11,0.5,0.41212,180,0,1,405791
0,5,12,0.5,0.412795,180,0,1,405809
0,6,14,0.5,0.413605,180,0,1,405825
0,7,15,0.5,0.41455,180,0,1,405843
0,20,29,0.5,0.41725,180,0,1,405863
0,11,14,0.5,0.418735,180,0,1,405874
0,11,15,0.5,0.42022,180,0,1,405892
0,9,15,0.5,0.421435,180,0,1,405913
0,5,15,0.5,0.42211,180,0,1,405937
0,3,15,0.5,0.422515,180,0,1,405948
0,5,16,0.5,0.42319,180,0,1,405959
0,8,17,0.5,0.42427,180,0,1,405974
0,10,19,0.5,0.42562,180,0,1,405992
0,13,17,0.5,0.427375,180,0,1,406010
0,13,16,0.5,0.42913,180,0,1,406026
0,13,15,0.5,0.430885,180,0,1,406040
0,12,15,0.5,0.432505,180,0,1,406058
0,14,13,0.5,0.434395,180,0,1,406075
0,12,13,0.5,0.436015,180,0,1,406091
0,13,13,0.5,0.43777,180,0,1,406110
0,12,12,0.5,0.43939,180,0,1,406123
0,15,12,0.5,0.441415,180,0,1,406141
0,13,12,0.5,0.44317,180,0,0,406158
0,13,11,0.5,0.444925,180,0,0,406173
0,13,11,0.5,0.44668,180,0,0,406191
0,11,9,0.5,0.448165,180,0,0,406207
0,10,8,0.5,0.449515,180,0,1,406224
0,9,8,0.5,0.45073,180,0,1,406239
0,13,10,0.5,0.452485,180,0,1,406257
0,3,13,0.5,0.45289,180,0,1,406273
0,2,9,0.5,0.45316,180,0,1,406291
0,0,11,0.5,0.45316,180,0,0,406308
0,0,12,0.5,0.45316,180,0,0,406324
0,3,15,0.5,0.453565,180,0,0,406341
0,6,14,0.5,0.454375,180,0,0,406358
0,8,15,0.5,0.455455,180,0,1,406376
0,12,16,0.5,0.457075,180,0,1,406392
0,13,15,0.5,0.45883,180,0,1,406409
0,15,14,0.5,0.460855,180,0,1,406425
0,16,14,0.5,0.463015,180,0,1,406441
0,16,13,0.5,0.465175,180,0,0,406458
0,16,13,0.5,0.467335,180,0,0,406474
0,14,14,0.5,0.469225,180,0,0,406491
0,15,13,0.5,0.47125,180,0,0,406507
0,15,13,0.5,0.473275,180,0,1,406524
0,16,12,0.5,0.475435,180,0,1,406539
0,15,11,0.5,0.47746,180,0,1,406562
0,15,11,0.5,0.479485,180,0,1,406573
0,14,11,0.5,0.481375,180,0,1,406589
0,16,9,0.5,0.483535,180,0,0,406607
0,13,9,0.5,0.48529,180,0,0,406624
0,13,7,0.5,0.487045,180,0,0,406639
0,20,7,0.5,0.489745,180,0,0,406656
0,9,8,0.5,0.49096,180,0,1,406674
0,6,9,0.5,0.49177,180,0,1,406689
0,5,7,0.5,0.492445,180,0,1,406707
0,1,8,0.5,0.49258,180,0,1,406724
0,-1,8,0.5,0.492445,180,0,1,406739
0,0,10,0.5,0.492445,180,0,0,406756
0,1,11,0.5,0.49258,180,0,0,406774
0,0,12,0.5,0.49258,180,0,0,406791
0,2,12,0.5,0.49285,180,0,0,406809
0,8,13,0.5,0.49393,180,0,1,406826
0,7,12,0.5,0.494875,180,0,1,406840
0,10,11,0.5,0.496225,180,0,1,406857
0,8,10,0.5,0.497305,180,0,1,406874
0,12,9,0.5,0.498925,180,0,1,406889
0,14,10,0.5,0.500815,180,0,1,406907
0,11,10,0.5,0.5023,180,0,0,406923
0,13,10,0.5,0.504055,180,0,0,406939
0,10,10,0.5,0.505405,180,0,0,406958
0,10,10,0.5,0.506755,180,0,0,406973
0,10,9,0.5,0.508105,180,0,1,406989
0,10,8,0.5,0.509455,180,0,1,407007
0,23,16,0.5,0.51256,180,0,1,407026
0,10,6,0.5,0.51391,180,0,1,407038
0,0,0,0.5,0.51391,180,0,1,407054
0,16,12,0.5,0.51607,180,0,1,407074
0,7,5,0.5,0.517015,180,0,0,407088
0,8,6,0.5,0.518095,180,0,0,407106
0,6,6,0.5,0.518905,180,0,0,407122
0,6,6,0.5,0.519715,180,0,0,407143
0,4,6,0.5,0.520255,180,0,1,407159
0,5,8,0.5,0.52093,180,0,1,407174
0,4,8,0.5,0.52147,180,0,1,407189
0,5,9,0.5,0.522145,180,0,1,407212
0,5,11,0.5,0.52282,180,0,1,407227
0,6,12,0.5,0.52363,180,0,1,407240
0,6,12,0.5,0.52444,180,0,0,407259
0,8,12,0.5,0.52552,180,0,0,407273
0,9,13,0.5,0.526735,180,0,0,407290
0,9,12,0.5,0.52795,180,0,0,407307
0,10,11,0.5,0.5293,180,0,0,407323
0,11,11,0.5,0.530785,180,0,1,407339
0,10,9,0.5,0.532135,180,0,1,407360
0,12,9,0.5,0.533755,180,0,1,407373
0,12,8,0.5,0.535375,180,0,1,407389
0,26,16,0.5,0.538885,180,0,0,407412
0,11,9,0.5,0.54037,180,0,0,407430
0,0,0,0.5,0.54037,180,0,0,407437
0,19,16,0.5,0.542935,180,0,1,407462
0,8,8,0.5,0.544015,180,0,1,407474
0,7,6,0.5,0.54496,180,0,1,407489
0,5,6,0.5,0.545635,180,0,1,407505
0,6,5,0.5,0.546445,180,0,1,407522
0,5,4,0.5,0.54712,180,0,1,407538
0,4,3,0.5,0.54766,180,0,1,407554
0,6,4,0.5,0.54847,180,0,0,407573
0,5,3,0.5,0.549145,180,0,0,407588
0,3,2,0.5,0.54955,180,0,0,407604
0,3,3,0.5,0.549955,180,0,0,407622
0,0,3,0.5,0.549955,180,0,0,407638
0,5,2,0.5,0.55063,180,0,1,407655
0,-7,8,0.5,0.549685,180,0,1,407673
0,1,7,0.5,0.54982,180,0,1,407690
0,3,8,0.5,0.550225,180,0,1,407706
0,5,10,0.5,0.5509,180,0,1,407724
0,9,10,0.5,0.552115,180,0,1,407739
0,9,11,0.5,0.55333,180,0,0,407756
0,10,11,0.5,0.55468,180,0,0,407778
0,18,21,0.5,0.55711,180,0,0,407793
0,0,0,0.5,0.55711,180,0,0,407804
0,9,10,0.5,0.558325,180,0,0,407823
0,11,9,0.5,0.55981,180,0,0,407840
0,25,14,0.5,0.563185,180,0,1,407857
0,11,14,0.5,0.56467,180,0,1,407877
0,11,9,0.5,0.566155,180,0,1,407890
0,10,8,0.5,0.567505,180,0,1,407905
0,9,7,0.5,0.56872,180,0,1,407923
0,7,6,0.5,0.569665,180,0,0,407940
0,7,6,0.5,0.57061,180,0,0,407958
0,5,6,0.5,0.571285,180,0,0,407972
0,4,6,0.5,0.571825,180,0,0,407991
0,3,7,0.5,0.57223,180,0,1,408005
0,3,6,0.5,0.572635,180,0,1,408022
0,5,5,0.5,0.57331,180,0,1,408038
0,4,4,0.5,0.57385,180,0,1,408054
0,6,4,0.5,0.57466,180,0,1,408071
0,4,3,0.5,0.5752,180,0,1,408089
0,2,3,0.5,0.57547,180,0,0,408106
0,1,3,0.5,0.575605,180,0,0,408121
0,0,3,0.5,0.575605,180,0,0,408138
0,0,5,0.5,0.575605,180,0,0,408162
0,1,6,0.5,0.57574,180,0,0,408176
0,7,6,0.5,0.576685,180,0,1,408191
0,5,14,0.5,0.57736,180,0,1,408213
0,4,7,0.5,0.5779,180,0,1,408225
0,5,7,0.5,0.578575,180,0,1,408239
0,6,8,0.5,0.579385,180,0,1,408255
0,5,8,0.5,0.58006,180,0,1,408272
0,2,8,0.5,0.58033,180,0,1,408292
0,5,9,0.5,0.581005,180,0,0,408306
0,6,10,0.5,0.581815,180,0,0,408323
0,5,9,0.5,0.58249,180,0,0,408341
0,6,9,0.5,0.5833,180,0,0,408356
0,3,8,0.5,0.583705,180,0,0,408372
0,3,8,0.5,0.58411,180,0,0,408390
0,1,7,0.5,0.584245,180,0,0,408405
0,0,7,0.5,0.584245,180,0,1,408422
0,0,6,0.5,0.584245,180,0,1,408443
0,1,4,0.5,0.58438,180,0,1,408457
0,2,3,0.5,0.58465,180,0,1,408472
0,3,2,0.5,0.585055,180,0,1,408487
0,5,1,0.5,0.58573,180,0,1,408504
0,7,2,0.5,0.586675,180,0,0,408522
0,3,1,0.5,0.58708,180,0,0,408537
0,4,2,0.5,0.58762,180,0,0,408554
0,1,3,0.5,0.587755,180,0,0,408573
0,2,4,0.5,0.588025,180,0,0,408589
0,3,4,0.5,0.58843,180,0,1,408605
0,6,9,0.5,0.58924,180,0,1,408624
0,4,5,0.5,0.58978,180,0,1,408639
0,6,5,0.5,0.59059,180,0,0,408656
0,5,6,0.5,0.591265,180,0,0,408673
0,4,6,0.5,0.591805,180,0,0,408689
0,2,6,0.5,0.592075,180,0,0,408706
0,1,6,0.5,0.59221,180,0,0,408723
0,4,8,0.5,0.59275,180,0,1,408740
0,4,7,0.5,0.59329,180,0,1,408756
0,3,6,0.5,0.593695,180,0,1,408773
0,4,7,0.5,0.594235,180,0,1,408789
0,5,7,0.5,0.59491,180,0,1,408806
0,4,7,0.5,0.59545,180,0,1,408824
0,5,7,0.5,0.596125,180,0,1,408839
0,4,7,0.5,0.596665,180,0,0,408856
0,4,6,0.5,0.597205,180,0,0,408873
0,3,4,0.5,0.59761,180,0,0,408888
0,4,4,0.5,0.59815,180,0,0,408906
0,3,3,0.5,0.598555,180,0,0,408922
0,3,3,0.5,0.59896,180,0,0,408938
0,3,3,0.5,0.599365,180,0,0,408955
0,5,3,0.5,0.60004,180,0,1,408972
0,4,3,0.5,0.60058,180,0,1,408990
0,10,3,0.5,0.60193,180,0,0,409006
0,5,8,0.5,0.602605,180,0,0,409023
0,4,4,0.5,0.603145,180,0,0,409038
0,3,6,0.5,0.60355,180,0,0,409055
0,2,6,0.5,0.60382,180,0,0,409072
0,2,7,0.5,0.60409,180,0,0,409090
0,4,9,0.5,0.60463,180,0,0,409109
0,3,8,0.5,0.605035,180,0,0,409124
0,3,7,0.5,0.60544,180,0,0,409139
0,2,8,0.5,0.60571,180,0,1,409155
0,0,7,0.5,0.60571,180,0,1,409172
0,-1,7,0.5,0.605575,180,0,1,409188
0,0,7,0.5,0.605575,180,0,0,409207
0,0,9,0.5,0.605575,180,0,0,409222
0,-1,9,0.5,0.60544,180,0,0,409241
0,-3,9,0.5,0.605035,180,0,0,409256
0,-4,10,0.5,0.604495,180,0,0,409272
0,-4,9,0.5,0.603955,180,0,0,409289
0,-5,9,0.5,0.60328,180,0,0,409305
0,-5,10,0.5,0.602605,180,0,0,409323
0,-1,10,0.5,0.60247,180,0,0,409340
0,0,8,0.5,0.60247,180,0,0,409357
0,0,7,0.5,0.60247,180,0,0,409372
0,2,7,0.5,0.60274,180,0,0,409390
0,16,14,0.5,0.6049,180,0,0,409410
0,12,7,0.5,0.60652,180,0,0,409422
0,15,8,0.5,0.608545,180,0,0,409439
0,17,9,0.5,0.61084,180,0,0,409456
0,19,10,0.5,0.613405,180,0,0,409472
0,21,13,0.5,0.61624,180,0,0,409490
0,22,14,0.5,0.61921,180,0,0,409507
0,27,17,0.5,0.622855,180,0,0,409525
0,28,18,0.5,0.626635,180,0,0,409543
0,32,19,0.5,0.630955,180,0,0,409561
0,28,17,0.5,0.634735,180,0,0,409587
0,27,19,0.5,0.63838,180,0,0,409603
0,26,17,0.5,0.64189,180,0,0,409616
0,22,18,0.5,0.64486,180,0,0,409630
0,18,17,0.5,0.64729,180,0,0,409641
0,14,17,0.5,0.64918,180,0,0,409658
0,14,17,0.5,0.65107,180,0,0,409674
0,9,18,0.5,0.652285,180,0,0,409695
0,9,17,0.5,0.6535,180,0,0,409707
0,2,18,0.5,0.65377,180,0,0,409725
0,0,18,0.5,0.65377,180,0,0,409743
0,0,20,0.5,0.65377,180,0,0,409762
0,0,19,0.5,0.65377,180,0,0,409779
0,9,37,0.5,0.654985,180,0,0,409800
0,0,0,0.5,0.654985,180,0,0,409803
0,12,35,0.5,0.656605,180,0,0,409829
0,6,6,0.5,0.657415,180,0,0,409839
0,7,30,0.5,0.65836,180,0,0,409864
0,8,18,0.5,0.65944,180,0,0,409877
0,10,17,0.5,0.66079,180,0,0,409890
0,9,16,0.5,0.662005,180,0,0,409907
0,8,16,0.5,0.663085,180,0,0,409927
0,5,13,0.5,0.66376,180,0,0,409942
0,0,14,0.5,0.66376,180,0,0,409956
0,-3,13,0.5,0.663355,180,0,0,409974
0,-7,13,0.5,0.66241,180,0,0,409992
0,-8,13,0.5,0.66133,180,0,0,410007
0,-9,12,0.5,0.660115,180,0,0,410024
0,-9,11,0.5,0.6589,180,0,0,410047
0,-9,11,0.5,0.657685,180,0,0,410057
0,-8,10,0.5,0.656605,180,0,0,410072
0,-6,10,0.5,0.655795,180,0,0,410089
0,-4,8,0.5,0.655255,180,0,0,410105
0,-4,8,0.5,0.654715,180,0,0,410122
0,-4,9,0.5,0.654175,180,0,0,410139
0,-3,9,0.5,0.65377,180,0,0,410156
0,-2,10,0.5,0.6535,180,0,0,410175
0,-2,10,0.5,0.65323,180,0,0,410190
0,-1,9,0.5,0.653095,180,0,0,410210
0,0,18,0.5,0.653095,180,0,0,410225
0,0,8,0.5,0.653095,180,0,0,410239
0,1,10,0.5,0.65323,180,0,0,410256
0,4,7,0.5,0.65377,180,0,0,410272
0,5,8,0.5,0.654445,180,0,0,410290
0,3,7,0.5,0.65485,180,0,0,410306
0,4,6,0.5,0.65539,180,0,0,410323
0,3,5,0.5,0.655795,180,0,0,410339
0,3,5,0.5,0.6562,180,0,0,410356
0,4,5,0.5,0.65674,180,0,0,410372
0,3,4,0.5,0.657145,180,0,0,410389
0,3,5,0.5,0.65755,180,0,0,410409
0,3,5,0.5,0.657955,180,0,0,410423
0,5,6,0.5,0.65863,180,0,0,410438
0,3,5,0.5,0.659035,180,0,0,410455
0,5,5,0.5,0.65971,180,0,0,410472
0,4,6,0.5,0.66025,180,0,0,410488
0,4,6,0.5,0.66079,180,0,0,410506
0,3,7,0.5,0.661195,180,0,0,410523
0,1,9,0.5,0.66133,180,0,0,410539
0,0,9,0.5,0.66133,180,0,0,410555
0,0,10,0.5,0.66133,180,0,0,410573
0,1,11,0.5,0.661465,180,0,0,410591
0,4,11,0.5,0.662005,180,0,0,410606
0,11,14,0.5,0.66349,180,0,0,410623
0,6,18,0.5,0.6643,180,0,0,410640
0,8,12,0.5,0.66538,180,0,1,410656
0,6,12,0.5,0.66619,180,0,1,410675
0,2,12,0.5,0.66646,180,0,1,410691
0,-1,11,0.5,0.666325,180,0,0,410707
0,0,11,0.5,0.666325,180,0,0,410722
0,0,9,0.5,0.666325,180,0,0,410740
0,0,8,0.5,0.666325,180,0,0,410757
0,1,7,0.5,0.66646,180,0,0,410773
0,3,6,0.5,0.666865,180,0,0,410788
0,4,6,0.5,0.667405,180,0,0,410806
0,7,6,0.5,0.66835,180,0,0,410822
0,8,7,0.5,0.66943,180,0,0,410839
0,10,8,0.5,0.67078,180,0,1,410857
0,10,8,0.5,0.67213,180,0,1,410872
0,9,8,0.5,0.673345,180,0,1,410889
0,6,8,0.5,0.674155,180,0,0,410907
0,6,9,0.5,0.674965,180,0,0,410922
0,3,8,0.5,0.67537,180,0,0,410939
0,4,9,0.5,0.67591,180,0,0,410957
0,4,9,0.5,0.67645,180,0,0,410972
0,4,9,0.5,0.67699,180,0,0,410990
0,5,9,0.5,0.677665,180,0,0,411006
0,3,12,0.5,0.67807,180,0,0,411024
0,-2,5,0.5,0.6778,180,0,0,411039
0,-3,4,0.5,0.677395,180,0,0,411055
0,-2,5,0.5,0.677125,180,0,0,411071
0,-1,6,0.5,0.67699,180,0,0,411089
0,0,8,0.5,0.67699,180,0,0,411105
0,0,8,0.5,0.67699,180,0,0,411123
0,0,10,0.5,0.67699,180,0,0,411139
0,-3,10,0.5,0.676585,180,0,0,411158
0,-6,10,0.5,0.675775,180,0,0,411173
0,-5,10,0.5,0.6751,180,0,0,411189
0,-4,9,0.5,0.67456,180,0,0,411205
0,-3,10,0.5,0.674155,180,0,0,411223
0,-2,9,0.5,0.673885,180,0,0,411239
0,0,9,0.5,0.673885,180,0,0,411256
0,0,9,0.5,0.673885,180,0,0,411273
0,0,8,0.5,0.673885,180,0,0,411289
0,0,8,0.5,0.673885,180,0,0,411305
0,-1,10,0.5,0.67375,180,0,0,411323
0,-2,10,0.5,0.67348,180,0,0,411340
0,1,12,0.5,0.673615,180,0,0,411357
0,0,12,0.5,0.673615,180,0,0,411374
0,3,11,0.5,0.67402,180,0,0,411390
0,2,12,0.5,0.67429,180,0,0,411408
0,3,17,0.5,0.674695,180,0,0,411425
0,5,18,0.5,0.67537,180,0,0,411442
0,12,13,0.5,0.67699,180,0,0,411458
0,12,14,0.5,0.67861,180,0,0,411475
0,17,16,0.5,0.680905,180,0,0,411493
0,16,16,0.5,0.683065,180,0,0,411507
0,14,16,0.5,0.684955,180,0,0,411525
0,14,17,0.5,0.686845,180,0,0,411541
0,13,17,0.5,0.6886,180,0,0,411559
0,13,18,0.5,0.690355,180,0,0,411577
0,13,17,0.5,0.69211,180,0,0,411592
0,12,17,0.5,0.69373,180,0,0,411613
0,11,16,0.5,0.695215,180,0,0,411625
0,10,16,0.5,0.696565,180,0,0,411640
0,11,14,0.5,0.69805,180,0,0,411657
0,9,14,0.5,0.699265,180,0,0,411677
0,2,11,0.5,0.699535,180,0,0,411689
0,-4,10,0.5,0.698995,180,0,0,411706
0,-6,8,0.5,0.698185,180,0,0,411722
0,-8,7,0.5,0.697105,180,0,0,411739
0,-11,7,0.5,0.69562,180,0,0,411755
0,-10,6,0.5,0.69427,180,0,0,411772
0,-9,5,0.5,0.693055,180,0,0,411788
0,-27,7,0.5,0.68941,180,0,0,411807
0,0,2,0.5,0.68941,180,0,0,411821
0,-33,4,0.5,0.684955,180,0,0,411838
0,-16,13,0.5,0.682795,180,0,0,411857
0,-16,8,0.5,0.680635,180,0,0,411874
0,-14,9,0.5,0.678745,180,0,0,411891
0,-13,10,0.5,0.67699,180,0,0,411907
0,-14,11,0.5,0.6751,180,0,0,411923
0,-14,11,0.5,0.67321,180,0,0,411941
0,-15,11,0.5,0.671185,180,0,0,411957
0,-14,11,0.5,0.669295,180,0,0,411973
0,-13,8,0.5,0.66754,180,0,0,411990
0,-14,11,0.5,0.66565,180,0,0,412006
0,-12,11,0.5,0.66403,180,0,1,412023
0,-14,13,0.5,0.66214,180,0,1,412041
0,-16,11,0.5,0.65998,180,0,1,412057
0,-18,11,0.5,0.65755,180,0,0,412073
0,-21,10,0.5,0.654715,180,0,0,412089
0,-22,9,0.5,0.651745,180,0,0,412105
0,-17,6,0.5,0.64945,180,0,0,412122
0,-15,5,0.5,0.647425,180,0,0,412139
0,-11,4,0.5,0.64594,180,0,1,412156
0,-5,2,0.5,0.645265,180,0,0,412171
0,-2,2,0.5,0.644995,180,0,0,412189
0,1,1,0.5,0.64513,180,0,0,412207
0,2,1,0.5,0.6454,180,0,0,412221
0,10,3,0.5,0.64675,180,0,0,412238
0,6,3,0.5,0.64756,180,0,0,412254
0,6,4,0.5,0.64837,180,0,1,412271
0,6,6,0.5,0.64918,180,0,1,412290
0,5,6,0.5,0.649855,180,0,0,412305
0,3,8,0.5,0.65026,180,0,0,412325
0,0,9,0.5,0.65026,180,0,0,412340
0,-3,10,0.5,0.649855,180,0,0,412356
0,-7,10,0.5,0.64891,180,0,0,412373
0,-7,9,0.5,0.647965,180,0,0,412390
0,-7,9,0.5,0.64702,180,0,0,412406
0,-7,10,0.5,0.646075,180,0,0,412423
0,-6,11,0.5,0.645265,180,0,0,412441
0,-5,12,0.5,0.64459,180,0,0,412459
0,-6,13,0.5,0.64378,180,0,0,412473
0,-8,14,0.5,0.6427,180,0,0,412491
0,-8,13,0.5,0.64162,180,0,0,412506
0,-8,11,0.5,0.64054,180,0,0,412523
0,-9,9,0.5,0.639325,180,0,0,412541
0,-6,8,0.5,0.638515,180,0,0,412556
0,-3,9,0.5,0.63811,180,0,0,412573
0,2,11,0.5,0.63838,180,0,0,412597
0,22,16,0.5,0.64135,180,0,0,412613
0,18,37,0.5,0.64378,180,0,0,412641
0,20,21,0.5,0.64648,180,0,0,412656
0,18,21,0.5,0.64891,180,0,0,412665
0,18,21,0.5,0.65134,180,0,0,412677
0,17,21,0.5,0.653635,180,0,0,412693
0,17,22,0.5,0.65593,180,0,0,412708
0,12,21,0.5,0.65755,180,0,0,412729
0,9,21,0.5,0.658765,180,0,0,412744
0,3,19,0.5,0.65917,180,0,0,412765
0,0,19,0.5,0.65917,180,0,0,412775
0,-1,18,0.5,0.659035,180,0,0,412794
0,0,17,0.5,0.659035,180,0,0,412806
0,-1,16,0.5,0.6589,180,0,0,412825
0,-5,15,0.5,0.658225,180,0,0,412847
0,-5,15,0.5,0.65755,180,0,0,412861
0,0,16,0.5,0.65755,180,0,0,412873
0,4,17,0.5,0.65809,180,0,0,412892
0,13,18,0.5,0.659845,180,0,0,412907
0,19,18,0.5,0.66241,180,0,0,412926
0,26,22,0.5,0.66592,180,0,0,412943
0,26,24,0.5,0.66943,180,0,0,412958
0,27,24,0.5,0.673075,180,0,0,412976
0,25,24,0.5,0.67645,180,0,0,412993
0,23,24,0.5,0.679555,180,0,0,413013
0,21,24,0.5,0.68239,180,0,0,413025
0,18,24,0.5,0.68482,180,0,0,413043
0,27,48,0.5,0.688465,180,0,0,413077
0,11,24,0.5,0.68995,180,0,0,413087
0,7,24,0.5,0.690895,180,0,0,413099
0,5,23,0.5,0.69157,180,0,0,413110
0,0,22,0.5,0.69157,180,0,0,413126
0,0,22,0.5,0.69157,180,0,0,413143
0,0,22,0.5,0.69157,180,0,0,413159
0,0,23,0.5,0.69157,180,0,0,413175
0,0,23,0.5,0.69157,180,0,0,413192
0,0,24,0.5,0.69157,180,0,0,413208
0,0,23,0.5,0.69157,180,0,0,413227
0,-1,22,0.5,0.691435,180,0,0,413243
0,0,24,0.5,0.691435,180,0,0,413258
0,0,24,0.5,0.691435,180,0,0,413275
0,0,23,0.5,0.691435,180,0,0,413293
0,0,23,0.5,0.691435,180,0,0,413309
0,-1,22,0.5,0.6913,180,0,0,413325
0,-2,22,0.5,0.69103,180,0,0,413343
0,-3,20,0.5,0.690625,180,0,0,413359
0,-7,18,0.5,0.68968,180,0,0,413376
0,-7,16,0.5,0.688735,180,0,0,413394
0,-8,15,0.5,0.687655,180,0,0,413407
0,-7,14,0.5,0.68671,180,0,0,413425
0,-19,23,0.5,0.684145,180,0,0,413442
0,-10,15,0.5,0.682795,180,0,0,413457
0,-11,13,0.5,0.68131,180,0,0,413477
0,-12,14,0.5,0.67969,180,0,0,413491
0,-16,14,0.5,0.67753,180,0,0,413507
0,-17,13,0.5,0.675235,180,0,0,413524
0,-18,13,0.5,0.672805,180,0,0,413545
0,-18,13,0.5,0.670375,180,0,0,413558
0,-18,12,0.5,0.667945,180,0,0,413573
0,-15,11,0.5,0.66592,180,0,0,413590
0,-11,11,0.5,0.664435,180,0,0,413608
0,-9,12,0.5,0.66322,180,0,0,413625
0,-5,13,0.5,0.662545,180,0,0,413643
0,-5,14,0.5,0.66187,180,0,0,413657
0,-4,14,0.5,0.66133,180,0,0,413674
0,-7,14,0.5,0.660385,180,0,0,413691
0,-6,14,0.5,0.659575,180,0,0,413707
0,-5,12,0.5,0.6589,180,0,0,413722
0,-1,12,0.5,0.658765,180,0,0,413739
0,0,13,0.5,0.658765,180,0,0,413756
0,0,14,0.5,0.658765,180,0,0,413776
0,2,15,0.5,0.659035,180,0,0,413793
0,1,16,0.5,0.65917,180,0,0,413810
0,-2,16,0.5,0.6589,180,0,0,413825
0,0,15,0.5,0.6589,180,0,0,413842
0,-3,30,0.5,0.658495,180,0,1,413861
0,0,18,0.5,0.658495,180,0,1,413881
0,1,18,0.5,0.65863,180,0,1,413896
0,-1,18,0.5,0.658495,180,0,1,413909
0,-3,18,0.5,0.65809,180,0,1,413924
0,-5,16,0.5,0.657415,180,0,0,413944
0,-5,15,0.5,0.65674,180,0,0,413957
0,-3,15,0.5,0.656335,180,0,0,413974
0,1,14,0.5,0.65647,180,0,0,413991
0,0,14,0.5,0.65647,180,0,0,414010
0,2,14,0.5,0.65674,180,0,0,414025
0,3,14,0.5,0.657145,180,0,0,414042
0,2,15,0.5,0.657415,180,0,0,414057
0,0,14,0.5,0.657415,180,0,0,414073
0,-1,15,0.5,0.65728,180,0,0,414092
0,-5,13,0.5,0.656605,180,0,0,414107
0,-7,11,0.5,0.65566,180,0,0,414123
0,-5,10,0.5,0.654985,180,0,0,414142
0,0,11,0.5,0.654985,180,0,0,414156
0,0,13,0.5,0.654985,180,0,0,414173
0,0,14,0.5,0.654985,180,0,0,414190
0,0,14,0.5,0.654985,180,0,0,414206
0,0,13,0.5,0.654985,180,0,0,414223
0,0,11,0.5,0.654985,180,0,0,414242
0,1,21,0.5,0.65512,180,0,0,414261
0,3,9,0.5,0.655525,180,0,0,414273
0,4,8,0.5,0.656065,180,0,0,414289
0,4,6,0.5,0.656605,180,0,0,414306
0,5,5,0.5,0.65728,180,0,1,414322
0,4,5,0.5,0.65782,180,0,1,414339
0,10,5,0.5,0.65917,180,0,1,414354
0,13,6,0.5,0.660925,180,0,1,414371
0,15,5,0.5,0.66295,180,0,1,414389
0,14,3,0.5,0.66484,180,0,1,414404
0,6,1,0.5,0.66565,180,0,0,414421
0,1,0,0.5,0.665785,180,0,0,414438
0,2,0,0.5,0.666055,180,0,0,414454
0,11,0,0.5,0.66754,180,0,0,414470
0,20,-1,0.5,0.67024,180,0,0,414487
0,26,1,0.5,0.67375,180,0,0,414504
0,33,2,0.5,0.678205,180,0,0,414521
0,37,2,0.5,0.6832,180,0,0,414539
0,40,0,0.5,0.6886,180,0,0,414553
0,49,-1,0.5,0.695215,180,0,0,414570
0,50,0,0.5,0.701965,180,0,0,414587
0,46,0,0.5,0.708175,180,0,0,414603
0,35,3,0.5,0.71,180,0,0,414621
