0,176,24,0.5,-0.68624,180,0,0,1185596
0,22,6,0.5,-0.68327,180,0,0,1185609
0,18,6,0.5,-0.68084,180,0,0,1185622
0,18,7,0.5,-0.67841,180,0,0,1185641
0,16,7,0.5,-0.67625,180,0,0,1185651
0,0,0,0.5,-0.67625,180,0,0,1185661
0,16,7,0.5,-0.67409,180,0,0,1185675
0,18,6,0.5,-0.67166,180,0,0,1185694
0,47,9,0.5,-0.665315,180,0,0,1185715
0,0,0,0.5,-0.665315,180,0,0,1185724
0,25,4,0.5,-0.66194,180,0,0,1185742
0,56,6,0.5,-0.65438,180,0,0,1185762
0,0,0,0.5,-0.65438,180,0,0,1185772
0,61,7,0.5,-0.646145,180,0,0,1185792
0,0,0,0.5,-0.646145,180,0,0,1185804
0,64,6,0.5,-0.637505,180,0,0,1185825
0,30,4,0.5,-0.633455,180,0,0,1185840
0,23,4,0.5,-0.63035,180,0,0,1185855
0,18,6,0.5,-0.62792,180,0,0,1185876
0,15,6,0.5,-0.625895,180,0,0,1185896
0,11,7,0.5,-0.62441,180,0,0,1185908
0,9,8,0.5,-0.623195,180,0,0,1185924
0,8,7,0.5,-0.622115,180,0,0,1185940
0,10,7,0.5,-0.620765,180,0,0,1185959
0,13,6,0.5,-0.61901,180,0,0,1185974
0,19,6,0.5,-0.616445,180,0,0,1185991
0,19,5,0.5,-0.61388,180,0,0,1186010
0,24,5,0.5,-0.61064,180,0,0,1186023
0,25,4,0.5,-0.607265,180,0,0,1186039
0,25,4,0.5,-0.60389,180,0,0,1186058
0,26,4,0.5,-0.60038,180,0,0,1186073
0,25,4,0.5,-0.597005,180,0,0,1186092
0,25,3,0.5,-0.59363,180,0,0,1186107
0,27,4,0.5,-0.589985,180,0,0,1186123
0,27,3,0.5,-0.58634,180,0,0,1186141
0,29,3,0.5,-0.582425,180,0,0,1186157
0,26,2,0.5,-0.578915,180,0,0,1186173
0,40,8,0.5,-0.573515,180,0,0,1186197
0,14,0,0.5,-0.571625,180,0,0,1186206
0,10,13,0.5,-0.570275,180,0,0,1186225
0,6,7,0.5,-0.569465,180,0,0,1186241
0,2,9,0.5,-0.569195,180,0,0,1186262
0,0,8,0.5,-0.569195,180,0,0,1186280
0,1,8,0.5,-0.56906,180,0,0,1186302
0,4,7,0.5,-0.56852,180,0,0,1186321
0,7,6,0.5,-0.567575,180,0,0,1186333
0,8,6,0.5,-0.566495,180,0,0,1186343
0,10,6,0.5,-0.565145,180,0,0,1186359
0,11,6,0.5,-0.56366,180,0,0,1186377
0,11,7,0.5,-0.562175,180,0,0,1186392
0,13,7,0.5,-0.56042,180,0,0,1186412
0,15,7,0.5,-0.558395,180,0,0,1186427
0,16,7,0.5,-0.556235,180,0,0,1186441
0,18,7,0.5,-0.553805,180,0,0,1186460
0,19,7,0.5,-0.55124,180,0,0,1186477
0,19,7,0.5,-0.548675,180,0,0,1186494
0,17,7,0.5,-0.54638,180,0,0,1186508
0,16,7,0.5,-0.54422,180,0,0,1186525
0,26,12,0.5,-0.54071,180,0,0,1186547
0,0,0,0.5,-0.54071,180,0,0,1186557
0,24,7,0.5,-0.53747,180,0,0,1186578
0,10,14,0.5,-0.53612,180,0,0,1186596
0,9,8,0.5,-0.534905,180,0,0,1186610
0,8,9,0.5,-0.533825,180,0,0,1186625
0,4,9,0.5,-0.533285,180,0,0,1186647
0,2,10,0.5,-0.533015,180,0,0,1186667
0,0,11,0.5,-0.533015,180,0,0,1186678
0,1,9,0.5,-0.53288,180,0,0,1186695
0,4,9,0.5,-0.53234,180,0,0,1186713
0,6,8,0.5,-0.53153,180,0,0,1186729
0,8,8,0.5,-0.53045,180,0,0,1186742
0,6,9,0.5,-0.52964,180,0,0,1186764
0,5,9,0.5,-0.528965,180,0,0,1186782
0,4,10,0.5,-0.528425,180,0,0,1186796
0,1,11,0.5,-0.52829,180,0,0,1186812
0,0,11,0.5,-0.52829,180,0,0,1186827
0,0,11,0.5,-0.52829,180,0,0,1186843
0,0,11,0.5,-0.52829,180,0,0,1186860
0,0,10,0.5,-0.52829,180,0,0,1186881
0,0,9,0.5,-0.52829,180,0,0,1186894
0,2,7,0.5,-0.52802,180,0,0,1186912
0,2,7,0.5,-0.52775,180,0,0,1186928
0,4,5,0.5,-0.52721,180,0,0,1186942
0,3,4,0.5,-0.526805,180,0,0,1186961
0,5,3,0.5,-0.52613,180,0,0,1186978
0,10,3,0.5,-0.52478,180,0,0,1186993
0,8,1,0.5,-0.5237,180,0,0,1187009
0,8,1,0.5,-0.52262,180,0,0,1187024
0,8,1,0.5,-0.52154,180,0,0,1187042
0,9,1,0.5,-0.520325,180,0,0,1187059
0,7,1,0.5,-0.51938,180,0,0,1187074
0,8,1,0.5,-0.5183,180,0,0,1187092
0,7,1,0.5,-0.517355,180,0,0,1187111
0,4,1,0.5,-0.516815,180,0,0,1187124
0,4,2,0.5,-0.516275,180,0,0,1187141
0,3,2,0.5,-0.51587,180,0,0,1187158
0,4,2,0.5,-0.51533,180,0,0,1187174
0,4,3,0.5,-0.51479,180,0,0,1187194
0,5,4,0.5,-0.514115,180,0,0,1187214
0,6,4,0.5,-0.513305,180,0,0,1187225
0,11,4,0.5,-0.51182,180,0,0,1187244
0,16,4,0.5,-0.50966,180,0,0,1187262
0,21,4,0.5,-0.506825,180,0,0,1187275
0,48,10,0.5,-0.500345,180,0,0,1187300
0,23,5,0.5,-0.49724,180,0,0,1187321
0,21,6,0.5,-0.494405,180,0,0,1187329
0,0,0,0.5,-0.494405,180,0,0,1187341
0,44,12,0.5,-0.488465,180,0,0,1187363
0,27,5,0.5,-0.48482,180,0,0,1187379
0,26,5,0.5,-0.48131,180,0,0,1187396
0,26,5,0.5,-0.4778,180,0,0,1187410
0,25,3,0.5,-0.474425,180,0,0,1187425
0,24,4,0.5,-0.471185,180,0,0,1187446
0,24,3,0.5,-0.467945,180,0,0,1187459
0,24,2,0.5,-0.464705,180,0,0,1187475
0,22,2,0.5,-0.461735,180,0,0,1187492
0,20,2,0.5,-0.459035,180,0,0,1187510
0,18,0,0.5,-0.456605,180,0,0,1187525
0,16,0,0.5,-0.454445,180,0,0,1187541
0,17,0,0.5,-0.45215,180,0,0,1187561
0,16,0,0.5,-0.44999,180,0,0,1187578
0,18,0,0.5,-0.44756,180,0,0,1187591
0,19,3,0.5,-0.444995,180,0,0,1187609
0,18,3,0.5,-0.442565,180,0,0,1187626
0,16,5,0.5,-0.440405,180,0,0,1187642
0,15,5,0.5,-0.43838,180,0,31,1187663
0,16,6,0.5,-0.43622,180,0,31,1187678
0,14,6,0.5,-0.43433,180,0,0,1187693
0,35,12,0.5,-0.429605,180,0,0,1187716
0,20,5,0.5,-0.426905,180,0,0,1187733
0,24,5,0.5,-0.423665,180,0,0,1187747
0,23,4,0.5,-0.42056,180,0,0,1187766
0,25,4,0.5,-0.417185,180,0,0,1187785
0,22,3,0.5,-0.414215,180,0,0,1187794
0,22,3,0.5,-0.411245,180,0,0,1187812
0,21,3,0.5,-0.40841,180,0,0,1187843
0,19,1,0.5,-0.405845,180,0,0,1187851
0,19,2,0.5,-0.40328,180,0,0,1187859
0,19,1,0.5,-0.400715,180,0,0,1187880
0,17,1,0.5,-0.39842,180,0,0,1187894
0,18,0,0.5,-0.39599,180,0,0,1187912
0,20,0,0.5,-0.39329,180,0,0,1187930
0,21,2,0.5,-0.390455,180,0,0,1187948
0,22,3,0.5,-0.387485,180,0,0,1187963
0,20,4,0.5,-0.384785,180,0,0,1187976
0,18,5,0.5,-0.382355,180,0,0,1187998
0,17,5,0.5,-0.38006,180,0,0,1188012
0,16,6,0.5,-0.3779,180,0,0,1188028
0,16,6,0.5,-0.37574,180,0,0,1188044
0,17,7,0.5,-0.373445,180,0,0,1188064
0,19,6,0.5,-0.37088,180,0,0,1188080
0,21,5,0.5,-0.368045,180,0,0,1188095
0,46,9,0.5,-0.361835,180,0,0,1188112
0,21,4,0.5,-0.359,180,0,0,1188128
0,20,4,0.5,-0.3563,180,0,0,1188144
0,19,4,0.5,-0.353735,180,0,0,1188165
0,19,5,0.5,-0.35117,180,0,0,1188181
0,22,4,0.5,-0.3482,180,0,0,1188194
0,24,3,0.5,-0.34496,180,0,0,1188212
0,25,3,0.5,-0.341585,180,0,0,1188229
0,30,2,0.5,-0.337535,180,0,0,1188245
0,27,1,0.5,-0.33389,180,0,0,1188260
0,26,1,0.5,-0.33038,180,0,0,1188279
0,25,3,0.5,-0.327005,180,0,0,1188295
0,19,5,0.5,-0.32444,180,0,0,1188310
0,19,6,0.5,-0.321875,180,0,0,1188328
0,19,7,0.5,-0.31931,180,0,0,1188348
0,16,7,0.5,-0.31715,180,0,0,1188362
0,16,8,0.5,-0.31499,180,0,0,1188379
0,14,8,0.5,-0.3131,180,0,0,1188396
0,15,8,0.5,-0.311075,180,0,0,1188412
0,17,8,0.5,-0.30878,180,0,0,1188433
0,35,12,0.5,-0.304055,180,0,0,1188452
0,0,0,0.5,-0.304055,180,0,0,1188461
0,20,5,0.5,-0.301355,180,0,0,1188478
0,20,4,0.5,-0.298655,180,0,0,1188494
0,48,10,0.5,-0.292175,180,0,0,1188515
0,25,5,0.5,-0.2888,180,0,0,1188532
0,26,4,0.5,-0.28529,180,0,0,1188549
0,27,4,0.5,-0.281645,180,0,0,1188562
0,26,4,0.5,-0.278135,180,0,0,1188578
0,26,4,0.5,-0.274625,180,0,0,1188594
0,24,5,0.5,-0.271385,180,0,0,1188615
0,21,6,0.5,-0.26855,180,0,0,1188632
0,16,7,0.5,-0.26639,180,0,0,1188651
0,12,8,0.5,-0.26477,180,0,0,1188664
0,8,9,0.5,-0.26369,180,0,0,1188688
0,6,8,0.5,-0.26288,180,0,0,1188701
0,4,8,0.5,-0.26234,180,0,0,1188716
0,7,6,0.5,-0.261395,180,0,0,1188728
0,9,6,0.5,-0.26018,180,0,0,1188749
0,14,5,0.5,-0.25829,180,0,0,1188762
0,17,5,0.5,-0.255995,180,0,0,1188778
0,19,5,0.5,-0.25343,180,0,0,1188796
0,21,5,0.5,-0.250595,180,0,0,1188815
0,22,6,0.5,-0.247625,180,0,0,1188830
0,22,5,0.5,-0.244655,180,0,0,1188847
0,24,5,0.5,-0.241415,180,0,0,1188868
0,52,11,0.5,-0.234395,180,0,0,1188884
0,26,5,0.5,-0.230885,180,0,0,1188896
0,26,4,0.5,-0.227375,180,0,0,1188912
0,26,5,0.5,-0.223865,180,0,0,1188932
0,24,5,0.5,-0.220625,180,0,0,1188947
0,0,0,0.5,-0.220625,180,0,0,1188963
0,41,14,0.5,-0.21509,180,0,0,1188982
0,16,10,0.5,-0.21293,180,0,0,1189001
0,11,10,0.5,-0.211445,180,0,0,1189016
0,8,12,0.5,-0.210365,180,0,0,1189033
0,8,11,0.5,-0.209285,180,0,0,1189049
0,9,11,0.5,-0.20807,180,0,0,1189065
0,11,9,0.5,-0.206585,180,0,0,1189081
0,14,9,0.5,-0.204695,180,0,0,1189104
0,16,7,0.5,-0.202535,180,0,0,1189118
0,19,7,0.5,-0.19997,180,0,0,1189131
0,18,6,0.5,-0.19754,180,0,0,1189146
0,21,7,0.5,-0.194705,180,0,0,1189167
0,24,6,0.5,-0.191465,180,0,0,1189181
0,24,5,0.5,-0.188225,180,0,0,1189199
0,26,4,0.5,-0.184715,180,0,0,1189214
0,27,4,0.5,-0.18107,180,0,0,1189232
0,26,3,0.5,-0.17756,180,0,0,1189246
0,25,3,0.5,-0.174185,180,0,0,1189262
0,45,6,0.5,-0.16811,180,0,0,1189284
0,22,5,0.5,-0.16514,180,0,0,1189299
0,20,6,0.5,-0.16244,180,0,0,1189316
0,19,8,0.5,-0.159875,180,0,0,1189332
0,17,9,0.5,-0.15758,180,0,0,1189348
0,16,9,0.5,-0.15542,180,0,0,1189364
0,12,9,0.5,-0.1538,180,0,0,1189382
0,13,10,0.5,-0.152045,180,0,0,1189402
0,9,10,0.5,-0.15083,180,0,0,1189419
0,8,11,0.5,-0.14975,180,0,0,1189436
0,8,9,0.5,-0.14867,180,0,0,1189449
0,8,7,0.5,-0.14759,180,0,0,1189464
0,8,6,0.5,-0.14651,180,0,0,1189481
0,9,5,0.5,-0.145295,180,0,0,1189503
0,11,4,0.5,-0.14381,180,0,0,1189514
0,13,3,0.5,-0.142055,180,0,0,1189531
0,11,3,0.5,-0.14057,180,0,0,1189547
0,9,2,0.5,-0.139355,180,0,0,1189564
0,8,2,0.5,-0.138275,180,0,0,1189581
0,6,2,0.5,-0.137465,180,0,0,1189596
0,4,3,0.5,-0.136925,180,0,0,1189615
0,4,4,0.5,-0.136385,180,0,0,1189630
0,9,6,0.5,-0.13517,180,0,0,1189650
0,2,11,0.5,-0.1349,180,0,0,1189671
0,0,6,0.5,-0.1349,180,0,0,1189685
0,0,7,0.5,-0.1349,180,0,0,1189701
0,0,6,0.5,-0.1349,180,0,0,1189714
0,1,6,0.5,-0.134765,180,0,0,1189732
0,-1,5,0.5,-0.1349,180,0,0,1189749
0,1,6,0.5,-0.134765,180,0,0,1189767
0,0,5,0.5,-0.134765,180,0,0,1189781
0,0,4,0.5,-0.134765,180,0,0,1189800
0,0,3,0.5,-0.134765,180,0,0,1189815
0,1,3,0.5,-0.13463,180,0,0,1189835
0,1,1,0.5,-0.134495,180,0,0,1189849
0,0,1,0.5,-0.134495,180,0,0,1189863
0,0,0,0.5,-0.134495,180,0,0,1189879
0,0,0,0.5,-0.134495,180,0,0,1189896
0,-2,0,0.5,-0.134765,180,0,0,1189912
0,-1,0,0.5,-0.1349,180,0,0,1189929
0,-2,0,0.5,-0.13517,180,0,0,1189947
0,-5,0,0.5,-0.135845,180,0,0,1189962
0,-5,0,0.5,-0.13652,180,0,0,1189981
0,-6,1,0.5,-0.13733,180,0,0,1189997
0,-6,1,0.5,-0.13814,180,0,0,1190012
0,-12,4,0.5,-0.13976,180,0,0,1190032
0,-7,3,0.5,-0.140705,180,0,0,1190049
0,-8,3,0.5,-0.141785,180,0,0,1190064
0,-6,2,0.5,-0.142595,180,0,0,1190080
0,-4,2,0.5,-0.143135,180,0,0,1190097
0,-1,2,0.5,-0.14327,180,0,0,1190119
0,1,1,0.5,-0.143135,180,0,0,1190130
0,7,0,0.5,-0.14219,180,0,0,1190146
0,8,1,0.5,-0.14111,180,0,0,1190163
0,7,1,0.5,-0.140165,180,0,0,1190181
0,6,2,0.5,-0.139355,180,0,0,1190199
0,5,2,0.5,-0.13868,180,0,0,1190216
0,6,1,0.5,-0.13787,180,0,0,1190230
0,8,1,0.5,-0.13679,180,0,0,1190249
0,7,1,0.5,-0.135845,180,0,0,1190263
0,9,0,0.5,-0.13463,180,0,0,1190281
0,12,0,0.5,-0.13301,180,0,0,1190301
0,12,0,0.5,-0.13139,180,0,0,1190314
0,8,0,0.5,-0.13031,180,0,0,1190331
0,6,0,0.5,-0.1295,180,0,0,1190348
0,4,0,0.5,-0.12896,180,0,0,1190364
0,1,1,0.5,-0.128825,180,0,0,1190383
0,-1,1,0.5,-0.12896,180,0,0,1190399
0,0,0,0.5,-0.12896,180,0,0,1190413
0,-6,2,0.5,-0.12977,180,0,0,1190436
0,-3,1,0.5,-0.130175,180,0,0,1190449
0,-4,1,0.5,-0.130715,180,0,0,1190466
0,-4,0,0.5,-0.131255,180,0,0,1190482
0,-3,-1,0.5,-0.13166,180,0,0,1190498
0,-6,-1,0.5,-0.13247,180,0,0,1190518
0,-5,-2,0.5,-0.133145,180,0,0,1190534
0,-4,-4,0.5,-0.133685,180,0,0,1190551
0,-3,-4,0.5,-0.13409,180,0,0,1190565
0,-2,-4,0.5,-0.13436,180,0,0,1190583
0,-2,-5,0.5,-0.13463,180,0,0,1190601
0,-1,-5,0.5,-0.134765,180,0,0,1190620
0,-2,-5,0.5,-0.135035,180,0,0,1190632
0,-2,-5,0.5,-0.135305,180,0,0,1190648
0,-3,-5,0.5,-0.13571,180,0,0,1190671
0,-5,-10,0.5,-0.136385,180,0,0,1190689
0,0,0,0.5,-0.136385,180,0,0,1190699
0,-1,-4,0.5,-0.13652,180,0,0,1190715
0,3,-5,0.5,-0.136115,180,0,0,1190732
0,9,-6,0.5,-0.1349,180,0,0,1190750
0,14,-7,0.5,-0.13301,180,0,0,1190766
0,18,-7,0.5,-0.13058,180,0,0,1190783
0,50,-16,0.5,-0.12383,180,0,0,1190806
0,27,-9,0.5,-0.120185,180,0,0,1190820
0,27,-8,0.5,-0.11654,180,0,0,1190835
0,25,-7,0.5,-0.113165,180,0,0,1190855
0,24,-5,0.5,-0.109925,180,0,0,1190868
0,22,-4,0.5,-0.106955,180,0,0,1190884
0,22,-4,0.5,-0.103985,180,0,0,1190901
0,22,-3,0.5,-0.101015,180,0,0,1190919
0,23,-2,0.5,-0.09791,180,0,0,1190941
0,26,-2,0.5,-0.0944,180,0,0,1190952
0,23,-2,0.5,-0.091295,180,0,0,1190966
0,24,-3,0.5,-0.088055,180,0,0,1190984
0,24,-4,0.5,-0.084815,180,0,0,1191002
0,27,-4,0.5,-0.08117,180,0,0,1191017
0,27,-5,0.5,-0.077525,180,0,0,1191034
0,28,-5,0.5,-0.073745,180,0,0,1191051
0,26,-4,0.5,-0.070235,180,0,0,1191067
0,24,-3,0.5,-0.066995,180,0,0,1191087
0,22,-2,0.5,-0.064025,180,0,0,1191102
0,20,-1,0.5,-0.061325,180,0,0,1191116
0,21,-1,0.5,-0.05849,180,0,0,1191132
0,21,-1,0.5,-0.055655,180,0,0,1191150
0,49,-3,0.5,-0.04904,180,0,0,1191170
0,28,-2,0.5,-0.04526,180,0,0,1191184
0,31,-3,0.5,-0.041075,180,0,0,1191202
0,28,-3,0.5,-0.037295,180,0,0,1191217
0,31,-4,0.5,-0.03311,180,0,0,1191237
0,30,-4,0.5,-0.02906,180,0,0,1191253
0,27,-5,0.5,-0.025415,180,0,0,1191269
0,27,-6,0.5,-0.02177,180,0,0,1191285
0,22,-5,0.5,-0.0188,180,0,0,1191303
0,18,-4,0.5,-0.01637,180,0,0,1191318
0,13,-3,0.5,-0.014615,180,0,0,1191333
0,10,-3,0.5,-0.013265,180,0,0,1191350
0,7,-3,0.5,-0.01232,180,0,0,1191366
0,6,-3,0.5,-0.01151,180,0,0,1191387
0,6,-4,0.5,-0.0107,180,0,0,1191404
0,8,-6,0.5,-0.00962,180,0,0,1191421
0,15,-5,0.5,-0.007595,180,0,0,1191433
0,18,-5,0.5,-0.005165,180,0,0,1191454
0,22,-5,0.5,-0.002195,180,0,0,1191471
0,25,-5,0.5,0.00118,180,0,0,1191485
0,27,-4,0.5,0.004825,180,0,0,1191503
0,29,-4,0.5,0.00874,180,0,0,1191519
0,31,-3,0.5,0.012925,180,0,0,1191533
0,32,-3,0.5,0.017245,180,0,0,1191550
0,66,-4,0.5,0.026155,180,0,0,1191571
0,30,-2,0.5,0.030205,180,0,0,1191587
0,27,-3,0.5,0.03385,180,0,0,1191604
0,22,-2,0.5,0.03682,180,0,0,1191617
0,20,-1,0.5,0.03952,180,0,0,1191632
0,17,-1,0.5,0.041815,180,0,0,1191651
0,14,-2,0.5,0.043705,180,0,0,1191668
0,11,-2,0.5,0.04519,180,0,0,1191684
0,10,-3,0.5,0.04654,180,0,0,1191706
0,13,-3,0.5,0.048295,180,0,0,1191721
0,17,-4,0.5,0.05059,180,0,0,1191734
0,20,-3,0.5,0.05329,180,0,0,1191751
0,21,-4,0.5,0.056125,180,0,0,1191769
0,24,-3,0.5,0.059365,180,0,0,1191786
0,23,-3,0.5,0.06247,180,0,0,1191804
0,24,-2,0.5,0.06571,180,0,0,1191817
0,24,-2,0.5,0.06895,180,0,0,1191833
0,24,-2,0.5,0.07219,180,0,0,1191852
0,26,-1,0.5,0.0757,180,0,0,1191867
0,26,-2,0.5,0.07921,180,0,0,1191886
0,26,-2,0.5,0.08272,180,0,0,1191901
0,23,-2,0.5,0.085825,180,0,0,1191917
0,20,-1,0.5,0.088525,180,0,0,1191937
0,32,-1,0.5,0.092845,180,0,0,1191952
0,13,0,0.5,0.0946,180,0,0,1191971
0,11,0,0.5,0.096085,180,0,0,1191985
0,11,0,0.5,0.09757,180,0,0,1192000
0,12,0,0.5,0.09919,180,0,0,1192016
0,16,0,0.5,0.10135,180,0,0,1192036
0,18,-1,0.5,0.10378,180,0,0,1192053
0,23,-2,0.5,0.106885,180,0,0,1192068
0,27,-3,0.5,0.11053,180,0,0,1192090
0,26,-3,0.5,0.11404,180,0,0,1192103
0,28,-3,0.5,0.11782,180,0,0,1192118
0,30,-3,0.5,0.12187,180,0,0,1192134
0,33,-3,0.5,0.126325,180,0,0,1192155
0,35,-2,0.5,0.13105,180,0,0,1192169
0,35,-3,0.5,0.135775,180,0,0,1192187
0,31,-3,0.5,0.13996,180,0,0,1192202
0,29,-3,0.5,0.143875,180,0,0,1192218
0,24,-2,0.5,0.147115,180,0,0,1192235
0,21,-2,0.5,0.14995,180,0,0,1192252
0,18,0,0.5,0.15238,180,0,0,1192268
0,17,-1,0.5,0.154675,180,0,0,1192284
0,17,-1,0.5,0.15697,180,0,0,1192301
0,31,-1,0.5,0.161155,180,0,0,1192320
0,18,0,0.5,0.163585,180,0,0,1192336
0,22,0,0.5,0.166555,180,0,0,1192354
0,27,-1,0.5,0.1702,180,0,0,1192370
0,28,-2,0.5,0.17398,180,0,0,1192387
0,32,-2,0.5,0.1783,180,0,0,1192408
0,33,-2,0.5,0.182755,180,0,0,1192423
0,35,-1,0.5,0.18748,180,0,0,1192440
0,37,-1,0.5,0.192475,180,0,0,1192452
0,36,-2,0.5,0.197335,180,0,0,1192470
0,32,-1,0.5,0.201655,180,0,0,1192485
0,28,-1,0.5,0.205435,180,0,0,1192502
0,21,0,0.5,0.20827,180,0,0,1192518
0,17,0,0.5,0.210565,180,0,0,1192535
0,12,0,0.5,0.212185,180,0,0,1192552
0,8,0,0.5,0.213265,180,0,0,1192569
0,4,1,0.5,0.213805,180,0,0,1192585
0,4,1,0.5,0.214345,180,0,0,1192607
0,6,0,0.5,0.215155,180,0,0,1192619
0,8,0,0.5,0.216235,180,0,0,1192634
0,12,-1,0.5,0.217855,180,0,0,1192653
0,14,-2,0.5,0.219745,180,0,0,1192669
0,17,-1,0.5,0.22204,180,0,0,1192686
0,17,-1,0.5,0.224335,180,0,0,1192701
0,39,0,0.5,0.2296,180,0,0,1192719
0,21,0,0.5,0.232435,180,0,0,1192735
0,24,1,0.5,0.235675,180,0,0,1192751
0,30,2,0.5,0.239725,180,0,0,1192773
0,29,2,0.5,0.24364,180,0,0,1192792
0,32,2,0.5,0.24796,180,0,0,1192803
0,33,1,0.5,0.252415,180,1,0,1192821
0,29,0,0.5,0.25633,180,1,0,1192838
0,26,0,0.5,0.25984,180,1,0,1192855
0,21,0,0.5,0.262675,180,0,0,1192869
0,16,2,0.5,0.264835,180,0,0,1192886
0,13,1,0.5,0.26659,180,0,0,1192903
0,8,1,0.5,0.26767,180,0,0,1192924
0,6,0,0.5,0.26848,180,0,0,1192937
0,6,1,0.5,0.26929,180,0,0,1192952
0,7,0,0.5,0.270235,180,0,0,1192968
0,10,0,0.5,0.271585,180,0,0,1192986
0,14,0,0.5,0.273475,180,0,0,1193002
0,31,-3,0.5,0.27766,180,0,0,1193025
0,0,0,0.5,0.27766,180,0,0,1193037
0,14,-2,0.5,0.27955,180,0,0,1193052
0,13,-1,0.5,0.281305,180,0,0,1193072
0,11,-1,0.5,0.28279,180,0,0,1193088
0,9,0,0.5,0.284005,180,0,0,1193102
0,16,0,0.5,0.286165,180,0,0,1193123
0,5,1,0.5,0.28684,180,0,0,1193140
0,3,1,0.5,0.287245,180,0,0,1193154
0,2,1,0.5,0.287515,180,0,0,1193171
0,2,2,0.5,0.287785,180,0,31,1193186
0,3,2,0.5,0.28819,180,0,31,1193205
0,2,1,0.5,0.28846,180,0,0,1193220
0,3,1,0.5,0.288865,180,0,0,1193236
0,4,1,0.5,0.289405,180,0,0,1193256
0,5,1,0.5,0.29008,180,0,0,1193270
0,7,0,0.5,0.291025,180,0,0,1193286
0,8,1,0.5,0.292105,180,0,0,1193308
0,9,0,0.5,0.29332,180,0,0,1193320
0,10,0,0.5,0.29467,180,0,0,1193336
0,12,0,0.5,0.29629,180,0,0,1193353
0,14,0,0.5,0.29818,180,0,0,1193369
0,16,0,0.5,0.30034,180,0,0,1193388
0,17,0,0.5,0.302635,180,0,0,1193403
0,19,0,0.5,0.3052,180,0,0,1193419
0,20,0,0.5,0.3079,180,0,31,1193440
0,19,0,0.5,0.310465,180,0,0,1193453
0,19,0,0.5,0.31303,180,0,0,1193470
0,32,2,0.5,0.31735,180,0,0,1193489
0,12,3,0.5,0.31897,180,0,0,1193504
0,8,3,0.5,0.32005,180,0,0,1193524
0,6,3,0.5,0.32086,180,0,0,1193539
0,5,3,0.5,0.321535,180,0,0,1193554
0,5,2,0.5,0.32221,180,0,0,1193571
0,8,2,0.5,0.32329,180,0,0,1193587
0,10,1,0.5,0.32464,180,0,0,1193605
0,15,1,0.5,0.326665,180,0,0,1193625
0,18,1,0.5,0.329095,180,0,0,1193638
0,21,1,0.5,0.33193,180,0,0,1193654
0,23,2,0.5,0.335035,180,0,0,1193670
0,25,2,0.5,0.33841,180,0,0,1193691
0,24,3,0.5,0.34165,180,0,0,1193706
0,26,2,0.5,0.34516,180,0,0,1193721
0,27,2,0.5,0.348805,180,0,0,1193744
0,26,1,0.5,0.352315,180,0,0,1193756
0,28,0,0.5,0.356095,180,0,0,1193773
0,27,0,0.5,0.35974,180,0,0,1193787
0,52,1,0.5,0.36676,180,0,0,1193807
0,20,0,0.5,0.36946,180,0,0,1193822
0,0,3,0.5,0.36946,180,0,0,1193839
0,33,8,0.5,0.373915,180,0,0,1193859
0,12,5,0.5,0.375535,180,0,0,1193875
0,10,5,0.5,0.376885,180,0,0,1193889
0,8,5,0.5,0.377965,180,0,0,1193906
0,9,5,0.5,0.37918,180,0,0,1193923
0,11,4,0.5,0.380665,180,0,0,1193939
0,15,3,0.5,0.38269,180,0,0,1193956
0,19,3,0.5,0.385255,180,0,0,1193975
0,20,2,0.5,0.387955,180,0,0,1193991
0,21,2,0.5,0.39079,180,0,0,1194005
0,21,3,0.5,0.393625,180,0,0,1194022
0,22,3,0.5,0.396595,180,0,0,1194039
0,24,4,0.5,0.399835,180,0,0,1194059
0,23,4,0.5,0.40294,180,0,0,1194074
0,21,3,0.5,0.405775,180,0,0,1194090
0,17,2,0.5,0.40807,180,0,0,1194106
0,14,2,0.5,0.40996,180,0,0,1194125
0,10,2,0.5,0.41131,180,0,0,1194141
0,9,2,0.5,0.412525,180,0,0,1194158
0,5,2,0.5,0.4132,180,0,0,1194176
0,2,4,0.5,0.41347,180,0,0,1194193
0,0,0,0.5,0.41347,180,0,0,1194205
0,-4,2,0.5,0.41293,180,0,0,1194222
0,-9,4,0.5,0.411715,180,0,0,1194241
0,-3,2,0.5,0.41131,180,0,0,1194257
0,-2,1,0.5,0.41104,180,0,0,1194271
0,0,0,0.5,0.41104,180,0,0,1194288
0,2,0,0.5,0.41131,180,0,0,1194306
0,2,0,0.5,0.41158,180,0,0,1194321
0,4,0,0.5,0.41212,180,0,0,1194339
0,3,0,0.5,0.412525,180,0,0,1194354
0,3,0,0.5,0.41293,180,0,0,1194373
0,4,1,0.5,0.41347,180,0,0,1194391
0,5,1,0.5,0.414145,180,0,0,1194405
0,5,1,0.5,0.41482,180,0,0,1194424
0,6,1,0.5,0.41563,180,0,0,1194442
0,4,2,0.5,0.41617,180,0,0,1194455
0,4,3,0.5,0.41671,180,0,0,1194473
0,5,5,0.5,0.417385,180,0,0,1194493
0,5,5,0.5,0.41806,180,0,0,1194509
0,5,6,0.5,0.418735,180,0,0,1194528
0,6,8,0.5,0.419545,180,0,0,1194546
0,5,7,0.5,0.42022,180,0,0,1194559
0,5,8,0.5,0.420895,180,0,0,1194579
0,5,7,0.5,0.42157,180,0,0,1194593
0,11,12,0.5,0.423055,180,0,0,1194613
0,7,4,0.5,0.424,180,0,0,1194624
0,5,4,0.5,0.424675,180,0,0,1194641
0,4,3,0.5,0.425215,180,0,0,1194658
0,1,3,0.5,0.42535,180,0,0,1194675
0,-1,3,0.5,0.425215,180,0,0,1194691
0,-3,4,0.5,0.42481,180,0,0,1194710
0,-6,3,0.5,0.424,180,0,0,1194723
0,-9,3,0.5,0.422785,180,0,0,1194741
0,-10,3,0.5,0.421435,180,0,0,1194761
0,-13,3,0.5,0.41968,180,0,0,1194776
0,-12,4,0.5,0.41806,180,0,0,1194795
0,-10,3,0.5,0.41671,180,0,0,1194812
0,-8,4,0.5,0.41563,180,0,0,1194825
0,-5,2,0.5,0.414955,180,0,0,1194840
0,-5,2,0.5,0.41428,180,0,0,1194859
0,-1,1,0.5,0.414145,180,0,0,1194875
0,3,2,0.5,0.41455,180,0,0,1194891
0,7,1,0.5,0.415495,180,0,0,1194906
0,10,2,0.5,0.416845,180,0,0,1194925
0,10,2,0.5,0.418195,180,0,0,1194941
0,10,1,0.5,0.419545,180,0,0,1194957
0,9,3,0.5,0.42076,180,0,0,1194977
0,7,4,0.5,0.421705,180,0,0,1194993
0,8,14,0.5,0.422785,180,0,0,1195012
0,3,9,0.5,0.42319,180,0,0,1195026
0,0,11,0.5,0.42319,180,0,0,1195043
0,1,11,0.5,0.423325,180,0,0,1195064
0,4,11,0.5,0.423865,180,0,0,1195079
0,8,11,0.5,0.424945,180,0,0,1195092
0,10,10,0.5,0.426295,180,0,0,1195111
0,12,11,0.5,0.427915,180,0,0,1195126
0,12,10,0.5,0.429535,180,0,0,1195143
0,13,11,0.5,0.43129,180,0,0,1195161
0,12,10,0.5,0.43291,180,0,0,1195177
0,12,11,0.5,0.43453,180,0,0,1195193
0,11,11,0.5,0.436015,180,0,0,1195210
0,12,11,0.5,0.437635,180,0,0,1195231
0,12,11,0.5,0.439255,180,0,0,1195244
0,13,11,0.5,0.44101,180,0,0,1195260
0,13,10,0.5,0.442765,180,0,0,1195275
0,13,9,0.5,0.44452,180,0,0,1195295
0,12,9,0.5,0.44614,180,0,0,1195312
0,15,8,0.5,0.448165,180,0,0,1195326
0,14,8,0.5,0.450055,180,0,0,1195343
0,17,8,0.5,0.45235,180,0,0,1195361
0,37,10,0.5,0.457345,180,0,0,1195380
0,18,13,0.5,0.459775,180,0,0,1195397
0,19,9,0.5,0.46234,180,0,0,1195412
0,19,10,0.5,0.464905,180,0,0,1195441
0,18,10,0.5,0.467335,180,0,0,1195454
0,18,11,0.5,0.469765,180,0,0,1195465
0,17,10,0.5,0.47206,180,0,0,1195476
0,14,9,0.5,0.47395,180,0,0,1195495
0,13,8,0.5,0.475705,180,0,0,1195510
0,11,8,0.5,0.47719,180,0,0,1195528
0,11,7,0.5,0.478675,180,0,0,1195543
0,13,8,0.5,0.48043,180,0,0,1195565
0,14,8,0.5,0.48232,180,0,0,1195577
0,16,9,0.5,0.48448,180,0,0,1195596
0,16,10,0.5,0.48664,180,0,0,1195617
0,37,27,0.5,0.491635,180,0,0,1195644
0,18,14,0.5,0.494065,180,0,0,1195660
0,18,14,0.5,0.496495,180,0,0,1195675
0,18,15,0.5,0.498925,180,0,0,1195688
0,0,0,0.5,0.498925,180,0,0,1195694
0,18,14,0.5,0.501355,180,0,0,1195715
0,35,29,0.5,0.50608,180,0,0,1195741
0,17,14,0.5,0.508375,180,0,0,1195756
0,14,15,0.5,0.510265,180,0,0,1195770
0,12,14,0.5,0.511885,180,0,0,1195785
0,10,13,0.5,0.513235,180,0,0,1195796
0,9,12,0.5,0.51445,180,0,0,1195814
0,10,4,0.5,0.5158,180,0,0,1195830
0,13,20,0.5,0.517555,180,0,0,1195852
0,14,12,0.5,0.519445,180,0,0,1195865
0,17,14,0.5,0.52174,180,0,0,1195880
0,16,12,0.5,0.5239,180,0,0,1195895
0,18,13,0.5,0.52633,180,0,0,1195913
0,16,12,0.5,0.52849,180,0,0,1195931
0,19,13,0.5,0.531055,180,0,0,1195948
0,21,12,0.5,0.53389,180,0,0,1195962
0,22,11,0.5,0.53686,180,0,0,1195978
0,23,12,0.5,0.539965,180,0,0,1195995
0,22,10,0.5,0.542935,180,0,0,1196011
0,20,10,0.5,0.545635,180,0,0,1196027
0,35,11,0.5,0.55036,180,0,0,1196051
0,0,7,0.5,0.55036,180,0,0,1196063
0,16,8,0.5,0.55252,180,0,0,1196078
0,17,8,0.5,0.554815,180,0,0,1196096
0,18,8,0.5,0.557245,180,0,0,1196111
0,17,10,0.5,0.55954,180,0,0,1196132
0,17,11,0.5,0.561835,180,0,0,1196145
0,36,26,0.5,0.566695,180,0,0,1196168
0,18,2,0.5,0.569125,180,0,0,1196176
0,21,25,0.5,0.57196,180,0,0,1196198
0,20,13,0.5,0.57466,180,0,0,1196215
0,21,13,0.5,0.577495,180,0,0,1196234
0,22,14,0.5,0.580465,180,0,0,1196250
0,24,15,0.5,0.583705,180,0,0,1196269
0,23,15,0.5,0.58681,180,0,0,1196279
0,25,15,0.5,0.590185,180,0,0,1196295
0,24,14,0.5,0.593425,180,0,0,1196314
0,22,14,0.5,0.596395,180,0,0,1196331
0,21,14,0.5,0.59923,180,0,0,1196347
0,17,13,0.5,0.601525,180,0,0,1196363
0,15,12,0.5,0.60355,180,0,0,1196379
0,16,12,0.5,0.60571,180,0,0,1196396
0,15,13,0.5,0.607735,180,0,0,1196419
0,16,13,0.5,0.609895,180,0,0,1196435
0,18,14,0.5,0.612325,180,0,0,1196448
0,17,14,0.5,0.61462,180,0,0,1196468
0,18,14,0.5,0.61705,180,0,0,1196482
0,18,15,0.5,0.61948,180,0,0,1196496
0,41,31,0.5,0.625015,180,0,0,1196522
0,22,15,0.5,0.627985,180,0,0,1196531
0,0,0,0.5,0.627985,180,0,0,1196542
0,47,14,0.5,0.63433,180,0,0,1196562
0,23,25,0.5,0.637435,180,0,0,1196585
0,21,11,0.5,0.64027,180,0,0,1196600
0,20,9,0.5,0.64297,180,0,0,1196612
0,18,8,0.5,0.6454,180,0,0,1196633
0,17,8,0.5,0.647695,180,0,0,1196649
0,17,10,0.5,0.64999,180,0,0,1196662
0,15,11,0.5,0.652015,180,0,0,1196681
0,14,13,0.5,0.653905,180,0,0,1196699
0,15,15,0.5,0.65593,180,0,0,1196721
0,14,16,0.5,0.65782,180,0,0,1196730
0,14,16,0.5,0.65971,180,0,0,1196755
0,15,16,0.5,0.661735,180,0,0,1196768
0,16,15,0.5,0.663895,180,0,0,1196781
0,17,16,0.5,0.66619,180,0,0,1196797
0,18,17,0.5,0.66862,180,0,0,1196814
0,16,17,0.5,0.67078,180,0,0,1196829
0,17,17,0.5,0.673075,180,0,0,1196852
0,17,16,0.5,0.67537,180,0,0,1196866
0,18,16,0.5,0.6778,180,0,0,1196883
0,20,15,0.5,0.6805,180,0,0,1196899
0,38,28,0.5,0.68563,180,0,0,1196921
0,0,0,0.5,0.68563,180,0,0,1196926
0,42,26,0.5,0.6913,180,0,0,1196952
0,25,12,0.5,0.694675,180,0,0,1196966
0,28,11,0.5,0.698455,180,0,0,1196983
0,30,11,0.5,0.702505,180,0,0,1196997
0,30,10,0.5,0.706555,180,0,0,1197012
0,31,9,0.5,0.71,180,0,0,1197030
