0,-2,7,0.5,-0.71,180,0,31,1273913
0,0,-1,0.5,-0.71,180,0,31,1273924
0,0,0,0.5,-0.71,180,0,31,1273931
0,-1,0,0.5,-0.71,180,0,31,1273941
0,0,0,0.5,-0.71,180,0,31,1273957
0,0,0,0.5,-0.71,180,0,31,1273973
0,0,0,0.5,-0.71,180,0,31,1273990
0,0,0,0.5,-0.71,180,0,31,1274007
0,1,1,0.5,-0.709865,180,0,31,1274025
0,1,1,0.5,-0.70973,180,0,31,1274041
0,3,1,0.5,-0.709325,180,0,31,1274057
0,3,1,0.5,-0.70892,180,0,31,1274074
0,5,0,0.5,-0.708245,180,0,31,1274095
0,7,1,0.5,-0.7073,180,0,31,1274111
0,7,0,0.5,-0.706355,180,0,31,1274123
0,7,0,0.5,-0.70541,180,0,31,1274141
0,7,0,0.5,-0.704465,180,0,0,1274158
0,5,0,0.5,-0.70379,180,0,0,1274175
0,4,-1,0.5,-0.70325,180,0,0,1274191
0,0,-2,0.5,-0.70325,180,0,0,1274207
0,1,-1,0.5,-0.703115,180,0,0,1274225
0,2,0,0.5,-0.702845,180,0,0,1274240
0,4,0,0.5,-0.702305,180,0,0,1274257
0,5,1,0.5,-0.70163,180,0,0,1274274
0,4,2,0.5,-0.70109,180,0,0,1274292
0,5,4,0.5,-0.700415,180,0,0,1274309
0,5,4,0.5,-0.69974,180,0,0,1274324
0,5,4,0.5,-0.699065,180,0,0,1274342
0,4,4,0.5,-0.698525,180,0,0,1274359
0,1,4,0.5,-0.69839,180,0,0,1274375
0,0,4,0.5,-0.69839,180,0,0,1274392
0,-5,3,0.5,-0.699065,180,0,0,1274408
0,-8,2,0.5,-0.700145,180,0,0,1274424
0,-9,2,0.5,-0.70136,180,0,0,1274446
0,-11,1,0.5,-0.702845,180,0,0,1274460
0,-11,0,0.5,-0.70433,180,0,0,1274474
0,-10,0,0.5,-0.70568,180,0,0,1274492
0,-10,0,0.5,-0.70703,180,0,0,1274507
0,-10,0,0.5,-0.70838,180,0,0,1274523
0,-9,-1,0.5,-0.709595,180,0,0,1274541
0,-16,-2,0.5,-0.71,180,0,0,1274559
0,-6,-3,0.5,-0.71,180,0,0,1274575
0,-5,-2,0.5,-0.71,180,0,0,1274592
0,-4,-2,0.5,-0.71,180,0,0,1274608
0,-2,-2,0.5,-0.71,180,0,0,1274624
0,-2,-1,0.5,-0.71,180,0,0,1274640
0,-1,0,0.5,-0.71,180,0,0,1274657
0,-1,0,0.5,-0.71,180,0,0,1274677
0,-1,2,0.5,-0.71,180,0,0,1274690
0,-1,2,0.5,-0.71,180,0,0,1274707
0,-2,3,0.5,-0.71,180,0,0,1274726
0,-1,2,0.5,-0.71,180,0,0,1274740
0,-1,2,0.5,-0.71,180,0,0,1274760
0,-1,2,0.5,-0.71,180,0,0,1274774
0,-2,2,0.5,-0.71,180,0,0,1274791
0,-2,1,0.5,-0.71,180,0,31,1274807
0,-1,0,0.5,-0.71,180,0,31,1274824
0,-1,0,0.5,-0.71,180,0,31,1274840
0,-2,0,0.5,-0.71,180,0,31,1274857
0,-1,-2,0.5,-0.71,180,0,31,1274881
0,-1,-2,0.5,-0.71,180,0,31,1274892
0,-2,-2,0.5,-0.71,180,0,31,1274907
0,-1,-2,0.5,-0.71,180,0,31,1274924
0,-1,-1,0.5,-0.71,180,0,0,1274941
0,0,-1,0.5,-0.71,180,0,0,1274959
0,0,0,0.5,-0.71,180,0,0,1274973
0,0,0,0.5,-0.71,180,0,0,1274990
0,3,0,0.5,-0.709595,180,0,0,1275008
0,0,0,0.5,-0.709595,180,0,0,1275023
0,0,0,0.5,-0.709595,180,0,0,1275040
0,0,0,0.5,-0.709595,180,0,0,1275056
0,0,0,0.5,-0.709595,180,0,0,1275074
0,0,0,0.5,-0.709595,180,0,0,1275090
0,0,1,0.5,-0.709595,180,0,0,1275107
0,1,2,0.5,-0.70946,180,0,0,1275124
0,1,3,0.5,-0.709325,180,0,0,1275142
0,0,2,0.5,-0.709325,180,0,0,1275158
0,0,3,0.5,-0.709325,180,0,31,1275175
0,0,2,0.5,-0.709325,180,0,31,1275191
0,-1,2,0.5,-0.70946,180,0,31,1275209
0,-1,1,0.5,-0.709595,180,0,31,1275224
0,-1,1,0.5,-0.70973,180,0,31,1275241
0,-1,1,0.5,-0.709865,180,0,31,1275257
0,0,0,0.5,-0.709865,180,0,31,1275274
0,-1,0,0.5,-0.71,180,0,31,1275290
0,0,0,0.5,-0.71,180,0,31,1275307
0,0,0,0.5,-0.71,180,0,31,1275324
0,0,0,0.5,-0.71,180,0,31,1275340
0,0,-1,0.5,-0.71,180,0,31,1275357
0,-1,-2,0.5,-0.71,180,0,31,1275376
0,0,-1,0.5,-0.71,180,0,31,1275391
0,0,0,0.5,-0.71,180,0,31,1275407
0,0,0,0.5,-0.71,180,0,31,1275423
0,0,0,0.5,-0.71,180,0,31,1275440
0,-1,2,0.5,-0.71,180,0,31,1275458
0,0,1,0.5,-0.71,180,0,31,1275473
0,2,1,0.5,-0.70973,180,0,31,1275490
0,2,2,0.5,-0.70946,180,0,31,1275509
0,2,1,0.5,-0.70919,180,0,31,1275527
0,5,1,0.5,-0.708515,180,0,31,1275541
0,6,1,0.5,-0.707705,180,0,31,1275557
0,8,0,0.5,-0.706625,180,0,31,1275574
0,8,0,0.5,-0.705545,180,0,31,1275591
0,11,0,0.5,-0.70406,180,0,31,1275610
0,11,0,0.5,-0.702575,180,0,31,1275624
0,15,0,0.5,-0.70055,180,0,31,1275640
0,16,0,0.5,-0.69839,180,0,31,1275657
0,17,1,0.5,-0.696095,180,0,31,1275675
0,17,2,0.5,-0.6938,180,0,31,1275690
0,15,1,0.5,-0.691775,180,0,0,1275708
0,13,1,0.5,-0.69002,180,0,0,1275724
0,9,2,0.5,-0.688805,180,0,0,1275742
0,11,2,0.5,-0.68732,180,0,0,1275761
0,2,1,0.5,-0.68705,180,0,0,1275775
0,-1,1,0.5,-0.687185,180,0,0,1275791
0,-1,1,0.5,-0.68732,180,0,0,1275807
0,-1,1,0.5,-0.687455,180,0,0,1275824
0,0,1,0.5,-0.687455,180,0,0,1275840
0,3,2,0.5,-0.68705,180,0,0,1275858
0,4,2,0.5,-0.68651,180,0,0,1275876
0,4,2,0.5,-0.68597,180,0,0,1275896
0,4,2,0.5,-0.68543,180,0,0,1275907
0,6,2,0.5,-0.68462,180,0,0,1275928
0,8,2,0.5,-0.68354,180,0,0,1275944
0,8,3,0.5,-0.68246,180,0,0,1275958
0,9,3,0.5,-0.681245,180,0,0,1275975
0,9,4,0.5,-0.68003,180,0,0,1275994
0,10,4,0.5,-0.67868,180,0,0,1276011
0,8,5,0.5,-0.6776,180,0,0,1276025
0,8,5,0.5,-0.67652,180,0,0,1276042
0,8,5,0.5,-0.67544,180,0,0,1276059
0,18,12,0.5,-0.67301,180,0,0,1276084
0,0,0,0.5,-0.67301,180,0,0,1276089
0,9,4,0.5,-0.671795,180,0,0,1276109
0,9,4,0.5,-0.67058,180,0,0,1276124
0,9,3,0.5,-0.669365,180,0,0,1276141
0,15,5,0.5,-0.66734,180,0,0,1276159
0,6,1,0.5,-0.66653,180,0,0,1276177
0,5,1,0.5,-0.665855,180,0,0,1276190
0,6,1,0.5,-0.665045,180,0,0,1276208
0,7,1,0.5,-0.6641,180,0,0,1276225
0,8,2,0.5,-0.66302,180,0,0,1276243
0,10,2,0.5,-0.66167,180,0,0,1276259
0,11,2,0.5,-0.660185,180,0,0,1276276
0,14,2,0.5,-0.658295,180,0,0,1276291
0,14,3,0.5,-0.656405,180,0,0,1276307
0,14,2,0.5,-0.654515,180,0,0,1276325
0,14,4,0.5,-0.652625,180,0,0,1276341
0,11,4,0.5,-0.65114,180,0,0,1276360
0,10,4,0.5,-0.64979,180,0,0,1276376
0,9,4,0.5,-0.648575,180,0,0,1276391
0,6,4,0.5,-0.647765,180,0,0,1276408
0,3,4,0.5,-0.64736,180,0,0,1276425
0,2,3,0.5,-0.64709,180,0,0,1276446
0,0,3,0.5,-0.64709,180,0,0,1276462
0,-2,3,0.5,-0.64736,180,0,0,1276476
0,-4,3,0.5,-0.6479,180,0,0,1276492
0,-3,3,0.5,-0.648305,180,0,0,1276511
0,-3,3,0.5,-0.64871,180,0,0,1276525
0,-1,3,0.5,-0.648845,180,0,0,1276545
0,1,3,0.5,-0.64871,180,0,0,1276564
0,3,2,0.5,-0.648305,180,0,0,1276575
0,17,8,0.5,-0.64601,180,0,0,1276593
0,12,4,0.5,-0.64439,180,0,0,1276610
0,12,5,0.5,-0.64277,180,0,0,1276625
0,12,4,0.5,-0.64115,180,0,0,1276643
0,10,5,0.5,-0.6398,180,0,0,1276662
0,9,4,0.5,-0.638585,180,0,0,1276675
0,8,3,0.5,-0.637505,180,0,0,1276691
0,8,3,0.5,-0.636425,180,0,0,1276709
0,6,2,0.5,-0.635615,180,0,0,1276725
0,5,2,0.5,-0.63494,180,0,0,1276742
0,4,1,0.5,-0.6344,180,0,0,1276757
0,2,2,0.5,-0.63413,180,0,0,1276774
0,0,2,0.5,-0.63413,180,0,0,1276792
0,-1,1,0.5,-0.634265,180,0,0,1276807
0,-2,1,0.5,-0.634535,180,0,0,1276824
0,-4,2,0.5,-0.635075,180,0,0,1276841
0,-8,1,0.5,-0.636155,180,0,0,1276858
0,-6,2,0.5,-0.636965,180,0,0,1276875
0,-13,2,0.5,-0.63872,180,0,0,1276902
0,-6,1,0.5,-0.63953,180,0,0,1276913
0,0,0,0.5,-0.63953,180,0,0,1276923
0,-4,0,0.5,-0.64007,180,0,0,1276941
0,-2,0,0.5,-0.64034,180,0,0,1276958
0,-7,0,0.5,-0.641285,180,0,0,1276974
0,-4,2,0.5,-0.641825,180,0,0,1276991
0,-7,3,0.5,-0.64277,180,0,0,1277011
0,-8,3,0.5,-0.64385,180,0,0,1277024
0,-11,4,0.5,-0.645335,180,0,0,1277041
0,-12,3,0.5,-0.646955,180,0,0,1277057
0,-13,4,0.5,-0.64871,180,0,0,1277075
0,-11,3,0.5,-0.650195,180,0,0,1277091
0,-9,4,0.5,-0.65141,180,0,0,1277111
0,-9,3,0.5,-0.652625,180,0,0,1277124
0,-6,3,0.5,-0.653435,180,0,0,1277141
0,-5,2,0.5,-0.65411,180,0,0,1277157
0,-5,2,0.5,-0.654785,180,0,0,1277175
0,-4,1,0.5,-0.655325,180,0,0,1277190
0,-4,0,0.5,-0.655865,180,0,0,1277207
0,-3,0,0.5,-0.65627,180,0,0,1277223
0,-5,0,0.5,-0.656945,180,0,0,1277240
0,-5,0,0.5,-0.65762,180,0,0,1277256
0,-6,0,0.5,-0.65843,180,0,0,1277275
0,-5,-1,0.5,-0.659105,180,0,0,1277291
0,-4,0,0.5,-0.659645,180,0,0,1277307
0,-3,0,0.5,-0.66005,180,0,0,1277324
0,-1,0,0.5,-0.660185,180,0,0,1277340
0,-1,0,0.5,-0.66032,180,0,0,1277357
0,0,0,0.5,-0.66032,180,0,0,1277374
0,4,0,0.5,-0.65978,180,0,0,1277390
0,5,2,0.5,-0.659105,180,0,0,1277410
0,3,3,0.5,-0.6587,180,0,0,1277425
0,2,3,0.5,-0.65843,180,0,0,1277441
0,3,4,0.5,-0.658025,180,0,0,1277458
0,2,3,0.5,-0.657755,180,0,0,1277476
0,2,4,0.5,-0.657485,180,0,0,1277494
0,2,3,0.5,-0.657215,180,0,31,1277508
0,1,3,0.5,-0.65708,180,0,31,1277524
0,2,2,0.5,-0.65681,180,0,31,1277541
0,0,3,0.5,-0.65681,180,0,31,1277557
0,1,2,0.5,-0.656675,180,0,31,1277574
0,0,1,0.5,-0.656675,180,0,31,1277591
0,0,0,0.5,-0.656675,180,0,31,1277606
0,-1,0,0.5,-0.65681,180,0,31,1277624
0,0,0,0.5,-0.65681,180,0,31,1277640
0,-3,0,0.5,-0.657215,180,0,31,1277657
0,-1,0,0.5,-0.65735,180,0,31,1277674
0,0,0,0.5,-0.65735,180,0,31,1277690
0,-1,0,0.5,-0.657485,180,0,31,1277707
0,0,0,0.5,-0.657485,180,0,31,1277723
0,5,-1,0.5,-0.65681,180,0,31,1277740
0,6,0,0.5,-0.656,180,0,31,1277756
0,16,0,0.5,-0.65384,180,0,31,1277773
0,12,1,0.5,-0.65222,180,0,31,1277791
0,12,1,0.5,-0.6506,180,0,31,1277807
0,13,2,0.5,-0.648845,180,0,31,1277827
0,13,2,0.5,-0.64709,180,0,31,1277844
0,13,3,0.5,-0.645335,180,0,31,1277860
0,13,3,0.5,-0.64358,180,0,31,1277874
0,10,3,0.5,-0.64223,180,0,31,1277893
0,9,4,0.5,-0.641015,180,0,0,1277909
0,5,3,0.5,-0.64034,180,0,0,1277926
0,3,3,0.5,-0.639935,180,0,0,1277941
0,0,3,0.5,-0.639935,180,0,0,1277957
0,-1,2,0.5,-0.64007,180,0,0,1277974
0,-4,2,0.5,-0.64061,180,0,0,1277991
0,-4,2,0.5,-0.64115,180,0,0,1278009
0,-6,1,0.5,-0.64196,180,0,0,1278025
0,-7,2,0.5,-0.642905,180,0,0,1278042
0,-6,1,0.5,-0.643715,180,0,0,1278057
0,-7,1,0.5,-0.64466,180,0,0,1278074
0,-7,1,0.5,-0.645605,180,0,0,1278092
0,-7,0,0.5,-0.64655,180,0,0,1278107
0,-9,1,0.5,-0.647765,180,0,0,1278127
0,-9,1,0.5,-0.64898,180,0,0,1278143
0,-9,1,0.5,-0.650195,180,0,0,1278158
0,-9,1,0.5,-0.65141,180,0,0,1278174
0,-9,1,0.5,-0.652625,180,0,0,1278191
0,-18,3,0.5,-0.655055,180,0,0,1278209
0,-6,1,0.5,-0.655865,180,0,0,1278225
0,-5,1,0.5,-0.65654,180,0,0,1278242
0,-5,1,0.5,-0.657215,180,0,0,1278257
0,-3,0,0.5,-0.65762,180,0,0,1278273
0,-2,0,0.5,-0.65789,180,0,0,1278290
0,-1,0,0.5,-0.658025,180,0,0,1278310
0,-1,0,0.5,-0.65816,180,0,0,1278325
0,0,0,0.5,-0.65816,180,0,0,1278340
0,0,0,0.5,-0.65816,180,0,0,1278356
0,1,0,0.5,-0.658025,180,0,0,1278374
0,4,1,0.5,-0.657485,180,0,0,1278391
0,4,0,0.5,-0.656945,180,0,31,1278407
0,6,0,0.5,-0.656135,180,0,31,1278423
0,8,0,0.5,-0.655055,180,0,31,1278441
0,9,0,0.5,-0.65384,180,0,0,1278457
0,11,0,0.5,-0.652355,180,0,0,1278474
0,12,-1,0.5,-0.650735,180,0,0,1278490
0,13,0,0.5,-0.64898,180,0,0,1278507
0,12,0,0.5,-0.64736,180,0,0,1278524
0,11,0,0.5,-0.645875,180,0,0,1278540
0,7,1,0.5,-0.64493,180,0,0,1278557
0,4,1,0.5,-0.64439,180,0,0,1278575
0,3,3,0.5,-0.643985,180,0,0,1278591
0,-3,1,0.5,-0.64439,180,0,0,1278609
0,-7,2,0.5,-0.645335,180,0,0,1278624
0,-7,1,0.5,-0.64628,180,0,0,1278642
0,-6,2,0.5,-0.64709,180,0,0,1278657
0,-7,1,0.5,-0.648035,180,0,0,1278673
0,-5,1,0.5,-0.64871,180,0,0,1278690
0,-6,1,0.5,-0.64952,180,0,0,1278709
0,-4,1,0.5,-0.65006,180,0,0,1278724
0,-5,0,0.5,-0.650735,180,0,0,1278740
0,-4,0,0.5,-0.651275,180,0,0,1278758
0,-1,0,0.5,-0.65141,180,0,0,1278773
0,-1,0,0.5,-0.651545,180,0,0,1278790
0,0,0,0.5,-0.651545,180,0,0,1278807
0,0,0,0.5,-0.651545,180,0,0,1278825
0,4,0,0.5,-0.651005,180,0,0,1278840
0,4,0,0.5,-0.650465,180,0,0,1278856
0,5,0,0.5,-0.64979,180,0,0,1278876
0,6,0,0.5,-0.64898,180,0,0,1278891
0,8,0,0.5,-0.6479,180,0,0,1278906
0,10,2,0.5,-0.64655,180,0,0,1278924
0,12,3,0.5,-0.64493,180,0,0,1278942
0,13,4,0.5,-0.643175,180,0,0,1278957
0,14,4,0.5,-0.641285,180,0,0,1278975
0,15,6,0.5,-0.63926,180,0,0,1278996
0,30,13,0.5,-0.63521,180,0,0,1279012
0,14,6,0.5,-0.63332,180,0,0,1279025
0,16,6,0.5,-0.63116,180,0,0,1279041
0,15,6,0.5,-0.629135,180,0,0,1279058
0,14,6,0.5,-0.627245,180,0,0,1279076
0,14,5,0.5,-0.625355,180,0,0,1279092
0,12,4,0.5,-0.623735,180,0,0,1279108
0,11,3,0.5,-0.62225,180,0,0,1279124
0,9,3,0.5,-0.621035,180,0,0,1279142
0,6,2,0.5,-0.620225,180,0,0,1279158
0,7,2,0.5,-0.61928,180,0,0,1279177
0,6,2,0.5,-0.61847,180,0,0,1279191
0,7,2,0.5,-0.617525,180,0,0,1279207
0,8,3,0.5,-0.616445,180,0,0,1279224
0,9,4,0.5,-0.61523,180,0,0,1279243
0,10,4,0.5,-0.61388,180,0,0,1279261
0,12,3,0.5,-0.61226,180,0,0,1279275
0,11,3,0.5,-0.610775,180,0,0,1279291
0,11,2,0.5,-0.60929,180,0,0,1279307
0,10,1,0.5,-0.60794,180,0,0,1279323
0,8,1,0.5,-0.60686,180,0,0,1279341
0,15,1,0.5,-0.604835,180,0,0,1279358
0,6,1,0.5,-0.604025,180,0,0,1279376
0,4,1,0.5,-0.603485,180,0,0,1279392
0,5,2,0.5,-0.60281,180,0,0,1279408
0,5,2,0.5,-0.602135,180,0,0,1279426
0,4,3,0.5,-0.601595,180,0,0,1279443
0,1,3,0.5,-0.60146,180,0,0,1279460
0,-2,2,0.5,-0.60173,180,0,0,1279476
0,-5,1,0.5,-0.602405,180,0,0,1279492
0,-7,1,0.5,-0.60335,180,0,0,1279510
0,-8,1,0.5,-0.60443,180,0,0,1279525
0,-9,2,0.5,-0.605645,180,0,0,1279541
0,-9,2,0.5,-0.60686,180,0,0,1279557
0,-12,3,0.5,-0.60848,180,0,0,1279576
0,-17,3,0.5,-0.610775,180,0,0,1279590
0,-20,3,0.5,-0.613475,180,0,0,1279608
0,-22,3,0.5,-0.616445,180,0,0,1279624
0,-22,2,0.5,-0.619415,180,0,0,1279642
0,-21,1,0.5,-0.62225,180,0,0,1279657
0,-18,1,0.5,-0.62468,180,0,0,1279675
0,-13,1,0.5,-0.626435,180,0,0,1279691
0,-8,0,0.5,-0.627515,180,0,0,1279708
0,-2,0,0.5,-0.627785,180,0,0,1279725
0,5,2,0.5,-0.62711,180,0,0,1279745
0,0,0,0.5,-0.62711,180,0,0,1279756
0,2,2,0.5,-0.62684,180,0,0,1279774
0,-3,5,0.5,-0.627245,180,0,0,1279794
0,-4,3,0.5,-0.627785,180,0,0,1279808
0,-5,2,0.5,-0.62846,180,0,0,1279831
0,-4,2,0.5,-0.629,180,0,0,1279843
0,-3,2,0.5,-0.629405,180,0,0,1279863
0,-3,2,0.5,-0.62981,180,0,0,1279874
0,-1,3,0.5,-0.629945,180,0,0,1279891
0,-2,4,0.5,-0.630215,180,0,0,1279910
0,-2,5,0.5,-0.630485,180,0,0,1279927
0,-7,7,0.5,-0.63143,180,0,0,1279945
0,-11,7,0.5,-0.632915,180,0,0,1279959
0,-14,7,0.5,-0.634805,180,0,0,1279976
0,-14,6,0.5,-0.636695,180,0,0,1279994
0,-13,5,0.5,-0.63845,180,0,0,1280009
0,-8,4,0.5,-0.63953,180,0,0,1280030
0,-6,4,0.5,-0.64034,180,0,0,1280047
0,-5,4,0.5,-0.641015,180,0,0,1280060
0,-2,3,0.5,-0.641285,180,0,0,1280077
0,-2,3,0.5,-0.641555,180,0,0,1280092
0,-1,3,0.5,-0.64169,180,0,0,1280109
0,-1,3,0.5,-0.641825,180,0,0,1280129
0,2,0,0.5,-0.641555,180,0,0,1280142
0,3,2,0.5,-0.64115,180,0,0,1280158
0,4,7,0.5,-0.64061,180,0,0,1280176
0,4,5,0.5,-0.64007,180,0,0,1280192
0,1,5,0.5,-0.639935,180,0,0,1280210
0,1,4,0.5,-0.6398,180,0,0,1280227
0,-3,3,0.5,-0.640205,180,0,0,1280242
0,-3,2,0.5,-0.64061,180,0,0,1280258
0,0,2,0.5,-0.64061,180,0,0,1280276
0,2,2,0.5,-0.64034,180,0,0,1280294
0,4,3,0.5,-0.6398,180,0,0,1280311
0,3,3,0.5,-0.639395,180,0,0,1280327
0,1,4,0.5,-0.63926,180,0,0,1280342
0,0,4,0.5,-0.63926,180,0,0,1280360
0,3,4,0.5,-0.638855,180,0,0,1280376
0,5,2,0.5,-0.63818,180,0,0,1280392
0,12,2,0.5,-0.63656,180,0,0,1280413
0,11,1,0.5,-0.635075,180,0,0,1280425
0,26,1,0.5,-0.631565,180,0,0,1280445
0,0,1,0.5,-0.631565,180,0,0,1280458
0,13,2,0.5,-0.62981,180,0,0,1280478
0,18,7,0.5,-0.62738,180,0,0,1280496
0,0,0,0.5,-0.62738,180,0,0,1280510
0,9,9,0.5,-0.626165,180,0,0,1280527
0,1,5,0.5,-0.62603,180,0,0,1280547
0,2,6,0.5,-0.62576,180,0,0,1280562
0,4,6,0.5,-0.62522,180,0,0,1280578
0,5,6,0.5,-0.624545,180,0,0,1280601
0,6,7,0.5,-0.623735,180,0,0,1280615
0,7,6,0.5,-0.62279,180,0,0,1280629
0,11,7,0.5,-0.621305,180,0,0,1280644
0,15,7,0.5,-0.61928,180,0,0,1280661
0,18,6,0.5,-0.61685,180,0,0,1280681
0,18,7,0.5,-0.61442,180,0,0,1280697
0,22,8,0.5,-0.61145,180,0,0,1280714
0,21,9,0.5,-0.608615,180,0,0,1280729
0,23,10,0.5,-0.60551,180,0,0,1280745
0,22,9,0.5,-0.60254,180,0,0,1280764
0,24,8,0.5,-0.5993,180,0,0,1280782
0,21,7,0.5,-0.596465,180,0,0,1280794
0,18,6,0.5,-0.594035,180,0,0,1280812
0,15,4,0.5,-0.59201,180,0,0,1280826
0,12,4,0.5,-0.59039,180,0,0,1280844
0,12,4,0.5,-0.58877,180,0,0,1280862
0,24,8,0.5,-0.58553,180,0,0,1280880
0,0,0,0.5,-0.58553,180,0,0,1280895
0,14,5,0.5,-0.58364,180,0,0,1280911
0,30,12,0.5,-0.57959,180,0,0,1280932
0,14,6,0.5,-0.5777,180,0,0,1280944
0,13,6,0.5,-0.575945,180,0,0,1280964
0,13,6,0.5,-0.57419,180,0,0,1280979
0,12,6,0.5,-0.57257,180,0,0,1280995
0,11,6,0.5,-0.571085,180,0,0,1281012
0,8,7,0.5,-0.570005,180,0,0,1281030
0,7,7,0.5,-0.56906,180,0,0,1281045
0,5,8,0.5,-0.568385,180,0,0,1281066
0,4,9,0.5,-0.567845,180,0,0,1281083
0,5,9,0.5,-0.56717,180,0,0,1281097
0,7,10,0.5,-0.566225,180,0,0,1281114
0,11,9,0.5,-0.56474,180,0,0,1281131
0,13,8,0.5,-0.562985,180,0,0,1281150
0,15,8,0.5,-0.56096,180,0,0,1281165
0,17,7,0.5,-0.558665,180,0,0,1281183
0,18,7,0.5,-0.556235,180,0,0,1281196
0,18,6,0.5,-0.553805,180,0,0,1281213
0,35,10,0.5,-0.54908,180,0,0,1281233
0,0,0,0.5,-0.54908,180,0,0,1281243
0,32,8,0.5,-0.54476,180,0,0,1281267
0,13,4,0.5,-0.543005,180,0,0,1281280
0,12,3,0.5,-0.541385,180,0,0,1281295
0,13,5,0.5,-0.53963,180,0,0,1281315
0,14,6,0.5,-0.53774,180,0,0,1281332
0,16,6,0.5,-0.53558,180,0,0,1281352
0,17,6,0.5,-0.533285,180,0,0,1281371
0,18,6,0.5,-0.530855,180,0,0,1281383
0,16,6,0.5,-0.528695,180,0,0,1281395
0,16,6,0.5,-0.526535,180,0,0,1281412
0,16,6,0.5,-0.524375,180,0,0,1281430
0,14,7,0.5,-0.522485,180,0,0,1281446
0,12,8,0.5,-0.520865,180,0,0,1281464
0,11,9,0.5,-0.51938,180,0,0,1281483
0,11,9,0.5,-0.517895,180,0,0,1281499
0,12,10,0.5,-0.516275,180,0,0,1281514
0,15,10,0.5,-0.51425,180,0,0,1281533
0,16,10,0.5,-0.51209,180,0,0,1281551
0,19,9,0.5,-0.509525,180,0,0,1281569
0,20,8,0.5,-0.506825,180,0,0,1281583
0,17,7,0.5,-0.50453,180,0,0,1281596
0,30,7,0.5,-0.50048,180,0,0,1281616
0,0,6,0.5,-0.50048,180,0,0,1281629
0,24,11,0.5,-0.49724,180,0,0,1281647
0,9,5,0.5,-0.496025,180,0,0,1281663
0,7,5,0.5,-0.49508,180,0,0,1281679
0,6,4,0.5,-0.49427,180,0,0,1281699
0,8,5,0.5,-0.49319,180,0,0,1281713
0,10,6,0.5,-0.49184,180,0,0,1281728
0,11,7,0.5,-0.490355,180,0,0,1281751
0,13,7,0.5,-0.4886,180,0,0,1281763
0,15,6,0.5,-0.486575,180,0,0,1281781
0,16,6,0.5,-0.484415,180,0,0,1281799
0,18,6,0.5,-0.481985,180,0,0,1281814
0,18,6,0.5,-0.479555,180,0,0,1281834
0,19,7,0.5,-0.47699,180,0,0,1281850
0,21,7,0.5,-0.474155,180,0,0,1281865
0,21,7,0.5,-0.47132,180,0,0,1281881
0,24,7,0.5,-0.46808,180,0,0,1281899
0,23,8,0.5,-0.464975,180,0,0,1281914
0,24,8,0.5,-0.461735,180,0,0,1281932
0,24,9,0.5,-0.458495,180,0,0,1281947
0,37,8,0.5,-0.4535,180,0,0,1281968
0,11,13,0.5,-0.452015,180,0,0,1281991
0,5,5,0.5,-0.45134,180,0,0,1282001
0,0,0,0.5,-0.45134,180,0,0,1282014
0,2,5,0.5,-0.45107,180,0,0,1282029
0,-3,11,0.5,-0.451475,180,0,0,1282050
0,0,6,0.5,-0.451475,180,0,0,1282065
0,3,7,0.5,-0.45107,180,0,0,1282084
0,4,7,0.5,-0.45053,180,0,0,1282097
0,6,7,0.5,-0.44972,180,0,0,1282117
0,8,7,0.5,-0.44864,180,0,0,1282131
0,9,7,0.5,-0.447425,180,0,0,1282147
0,12,7,0.5,-0.445805,180,0,0,1282163
0,17,7,0.5,-0.44351,180,0,0,1282183
0,19,8,0.5,-0.440945,180,0,0,1282200
0,20,7,0.5,-0.438245,180,0,0,1282214
0,20,7,0.5,-0.435545,180,0,0,1282232
0,18,6,0.5,-0.433115,180,0,0,1282254
0,18,6,0.5,-0.430685,180,0,0,1282266
0,34,9,0.5,-0.426095,180,0,0,1282288
0,17,4,0.5,-0.4238,180,0,0,1282305
0,0,0,0.5,-0.4238,180,0,0,1282315
0,14,3,0.5,-0.42191,180,0,0,1282330
0,12,2,0.5,-0.42029,180,0,0,1282346
0,12,2,0.5,-0.41867,180,0,0,1282362
0,12,1,0.5,-0.41705,180,0,0,1282381
0,14,2,0.5,-0.41516,180,0,0,1282399
0,18,3,0.5,-0.41273,180,0,0,1282414
0,43,8,0.5,-0.406925,180,0,0,1282435
0,23,8,0.5,-0.40382,180,0,0,1282452
0,23,7,0.5,-0.400715,180,0,0,1282470
0,21,8,0.5,-0.39788,180,0,0,1282483
0,19,9,0.5,-0.395315,180,0,0,1282499
0,18,9,0.5,-0.392885,180,0,0,1282517
0,16,9,0.5,-0.390725,180,0,0,1282534
0,17,10,0.5,-0.38843,180,0,0,1282549
0,16,11,0.5,-0.38627,180,0,0,1282566
0,15,10,0.5,-0.384245,180,0,0,1282584
0,17,11,0.5,-0.38195,180,0,0,1282599
0,17,9,0.5,-0.379655,180,0,0,1282618
0,17,8,0.5,-0.37736,180,0,0,1282636
0,13,6,0.5,-0.375605,180,0,0,1282647
0,11,5,0.5,-0.37412,180,0,0,1282669
0,10,5,0.5,-0.37277,180,0,0,1282682
0,8,4,0.5,-0.37169,180,0,0,1282700
0,8,4,0.5,-0.37061,180,0,0,1282719
0,14,7,0.5,-0.36872,180,0,0,1282739
0,0,0,0.5,-0.36872,180,0,0,1282746
0,7,4,0.5,-0.367775,180,0,0,1282764
0,10,5,0.5,-0.366425,180,0,0,1282783
0,27,13,0.5,-0.36278,180,0,0,1282804
0,18,7,0.5,-0.36035,180,0,0,1282822
0,20,7,0.5,-0.35765,180,0,0,1282836
0,22,7,0.5,-0.35468,180,0,0,1282849
0,21,7,0.5,-0.351845,180,0,0,1282866
0,17,8,0.5,-0.34955,180,0,0,1282883
0,12,8,0.5,-0.34793,180,0,0,1282903
0,7,8,0.5,-0.346985,180,0,0,1282921
0,2,8,0.5,-0.346715,180,0,0,1282936
0,0,8,0.5,-0.346715,180,0,0,1282951
0,-1,7,0.5,-0.34685,180,0,0,1282965
0,-1,6,0.5,-0.346985,180,0,0,1282982
0,2,6,0.5,-0.346715,180,0,0,1283001
0,6,5,0.5,-0.345905,180,0,0,1283018
0,9,6,0.5,-0.34469,180,0,0,1283033
0,13,5,0.5,-0.342935,180,0,0,1283048
0,17,5,0.5,-0.34064,180,0,0,1283066
0,19,5,0.5,-0.338075,180,0,0,1283081
0,20,5,0.5,-0.335375,180,0,0,1283099
0,19,4,0.5,-0.33281,180,0,0,1283117
0,17,3,0.5,-0.330515,180,0,0,1283134
0,15,3,0.5,-0.32849,180,0,0,1283150
0,26,6,0.5,-0.32498,180,0,0,1283169
0,13,4,0.5,-0.323225,180,0,0,1283183
0,17,6,0.5,-0.32093,180,0,0,1283200
0,17,7,0.5,-0.318635,180,0,0,1283216
0,17,8,0.5,-0.31634,180,0,0,1283232
0,17,8,0.5,-0.314045,180,0,0,1283255
0,17,8,0.5,-0.31175,180,0,0,1283270
0,15,9,0.5,-0.309725,180,0,0,1283287
0,13,9,0.5,-0.30797,180,0,0,1283300
0,13,9,0.5,-0.306215,180,0,0,1283321
0,11,10,0.5,-0.30473,180,0,0,1283335
0,8,10,0.5,-0.30365,180,0,0,1283350
0,8,11,0.5,-0.30257,180,0,0,1283370
0,11,11,0.5,-0.301085,180,0,0,1283386
0,13,10,0.5,-0.29933,180,0,0,1283403
0,16,9,0.5,-0.29717,180,0,0,1283417
0,17,7,0.5,-0.294875,180,0,0,1283438
0,17,7,0.5,-0.29258,180,0,0,1283454
0,16,5,0.5,-0.29042,180,0,0,1283472
0,15,5,0.5,-0.288395,180,0,0,1283485
0,14,4,0.5,-0.286505,180,0,0,1283500
0,30,8,0.5,-0.282455,180,0,0,1283521
0,0,0,0.5,-0.282455,180,0,0,1283532
0,36,8,0.5,-0.277595,180,0,0,1283554
0,20,4,0.5,-0.274895,180,0,0,1283566
0,21,5,0.5,-0.27206,180,0,0,1283584
0,24,5,0.5,-0.26882,180,0,0,1283601
0,24,6,0.5,-0.26558,180,0,0,1283616
0,25,7,0.5,-0.262205,180,0,0,1283636
0,25,7,0.5,-0.25883,180,0,0,1283651
0,23,8,0.5,-0.255725,180,0,0,1283667
0,22,9,0.5,-0.252755,180,0,0,1283686
0,18,9,0.5,-0.250325,180,0,0,1283703
0,15,10,0.5,-0.2483,180,0,0,1283719
0,15,10,0.5,-0.246275,180,0,0,1283733
0,13,10,0.5,-0.24452,180,0,0,1283757
0,13,11,0.5,-0.242765,180,0,0,1283772
0,15,11,0.5,-0.24074,180,0,0,1283784
0,17,10,0.5,-0.238445,180,0,0,1283801
0,18,9,0.5,-0.236015,180,0,0,1283823
0,15,7,0.5,-0.23399,180,0,0,1283836
0,15,6,0.5,-0.231965,180,0,0,1283851
0,12,5,0.5,-0.230345,180,0,0,1283866
0,22,10,0.5,-0.227375,180,0,0,1283891
0,0,0,0.5,-0.227375,180,0,0,1283899
0,11,4,0.5,-0.22589,180,0,0,1283917
0,8,4,0.5,-0.22481,180,0,0,1283933
0,20,8,0.5,-0.22211,180,0,0,1283953
0,13,5,0.5,-0.220355,180,0,0,1283973
0,18,6,0.5,-0.217925,180,0,0,1283986
0,21,6,0.5,-0.21509,180,0,0,1284003
0,24,7,0.5,-0.21185,180,0,0,1284019
0,23,7,0.5,-0.208745,180,0,0,1284037
0,21,8,0.5,-0.20591,180,0,0,1284051
0,20,8,0.5,-0.20321,180,0,0,1284071
0,17,9,0.5,-0.200915,180,0,0,1284086
0,15,9,0.5,-0.19889,180,0,0,1284103
0,12,10,0.5,-0.19727,180,0,0,1284119
0,13,10,0.5,-0.195515,180,0,0,1284136
0,13,10,0.5,-0.19376,180,0,0,1284152
0,14,11,0.5,-0.19187,180,0,0,1284172
0,17,10,0.5,-0.189575,180,0,0,1284186
0,19,9,0.5,-0.18701,180,0,0,1284203
0,19,8,0.5,-0.184445,180,0,0,1284220
0,18,6,0.5,-0.182015,180,0,0,1284237
0,18,6,0.5,-0.179585,180,0,0,1284257
0,17,5,0.5,-0.17729,180,0,0,1284269
0,17,5,0.5,-0.174995,180,0,0,1284285
0,17,5,0.5,-0.1727,180,0,0,1284301
0,32,9,0.5,-0.16838,180,0,0,1284323
0,17,5,0.5,-0.166085,180,0,0,1284337
0,18,6,0.5,-0.163655,180,0,0,1284352
0,18,6,0.5,-0.161225,180,0,0,1284367
0,17,6,0.5,-0.15893,180,0,0,1284389
0,12,6,0.5,-0.15731,180,0,0,1284404
0,6,5,0.5,-0.1565,180,0,0,1284421
0,2,6,0.5,-0.15623,180,0,0,1284434
0,-4,6,0.5,-0.15677,180,0,0,1284456
0,-7,5,0.5,-0.157715,180,0,0,1284470
0,-12,5,0.5,-0.159335,180,0,0,1284487
0,-13,5,0.5,-0.16109,180,0,0,1284500
0,-15,4,0.5,-0.163115,180,0,0,1284523
0,-15,4,0.5,-0.16514,180,0,0,1284534
0,-12,3,0.5,-0.16676,180,0,0,1284552
0,-9,3,0.5,-0.167975,180,0,0,1284567
0,-12,6,0.5,-0.169595,180,0,0,1284595
0,-2,3,0.5,-0.169865,180,0,0,1284614
0,1,2,0.5,-0.16973,180,0,0,1284621
0,0,0,0.5,-0.16973,180,0,0,1284634
0,3,2,0.5,-0.169325,180,0,0,1284650
0,3,1,0.5,-0.16892,180,0,0,1284672
0,6,2,0.5,-0.16811,180,0,0,1284685
0,9,3,0.5,-0.166895,180,0,0,1284703
0,8,5,0.5,-0.165815,180,0,0,1284718
0,11,3,0.5,-0.16433,180,0,0,1284735
0,10,3,0.5,-0.16298,180,0,0,1284751
0,13,3,0.5,-0.161225,180,0,0,1284768
0,12,3,0.5,-0.159605,180,0,0,1284786
0,12,3,0.5,-0.157985,180,0,0,1284801
0,12,4,0.5,-0.156365,180,0,0,1284817
0,12,4,0.5,-0.154745,180,0,0,1284835
0,9,5,0.5,-0.15353,180,0,0,1284852
0,11,5,0.5,-0.152045,180,0,0,1284875
0,11,5,0.5,-0.15056,180,0,0,1284886
0,14,5,0.5,-0.14867,180,0,0,1284904
0,16,5,0.5,-0.14651,180,0,0,1284919
0,17,5,0.5,-0.144215,180,0,0,1284937
0,16,4,0.5,-0.142055,180,0,0,1284951
0,16,4,0.5,-0.139895,180,0,0,1284974
0,13,4,0.5,-0.13814,180,0,0,1284985
0,11,3,0.5,-0.136655,180,0,0,1285002
0,6,2,0.5,-0.135845,180,0,0,1285017
0,4,1,0.5,-0.135305,180,0,0,1285035
0,0,0,0.5,-0.135305,180,0,0,1285051
0,0,0,0.5,-0.135305,180,0,0,1285066
0,-1,2,0.5,-0.13544,180,0,0,1285089
0,6,4,0.5,-0.13463,180,0,0,1285104
0,9,4,0.5,-0.133415,180,0,0,1285128
0,11,6,0.5,-0.13193,180,0,0,1285138
0,12,5,0.5,-0.13031,180,0,0,1285153
0,14,6,0.5,-0.12842,180,0,0,1285173
0,14,6,0.5,-0.12653,180,0,0,1285185
0,16,7,0.5,-0.12437,180,0,0,1285205
0,16,7,0.5,-0.12221,180,0,0,1285220
0,17,7,0.5,-0.119915,180,0,0,1285238
0,17,6,0.5,-0.11762,180,0,0,1285253
0,20,6,0.5,-0.11492,180,0,0,1285272
0,19,5,0.5,-0.112355,180,0,0,1285286
0,21,6,0.5,-0.10952,180,0,0,1285304
0,22,5,0.5,-0.10655,180,0,0,1285320
0,21,5,0.5,-0.103715,180,0,0,1285336
0,20,5,0.5,-0.101015,180,0,0,1285354
0,19,5,0.5,-0.09845,180,0,0,1285374
0,16,4,0.5,-0.09629,180,0,0,1285385
0,27,3,0.5,-0.092645,180,0,0,1285407
0,12,6,0.5,-0.091025,180,0,0,1285424
0,0,0,0.5,-0.091025,180,0,0,1285434
0,12,4,0.5,-0.089405,180,0,0,1285452
0,14,4,0.5,-0.087515,180,0,0,1285469
0,35,10,0.5,-0.08279,180,0,0,1285488
0,18,5,0.5,-0.08036,180,0,0,1285505
0,19,6,0.5,-0.077795,180,0,0,1285521
0,18,6,0.5,-0.075365,180,0,0,1285536
0,16,7,0.5,-0.073205,180,0,0,1285556
0,16,8,0.5,-0.071045,180,0,0,1285572
0,12,7,0.5,-0.069425,180,0,0,1285589
0,11,8,0.5,-0.06794,180,0,0,1285607
0,6,7,0.5,-0.06713,180,0,0,1285621
0,3,7,0.5,-0.066725,180,0,0,1285641
0,1,9,0.5,-0.06659,180,0,0,1285656
0,1,8,0.5,-0.066455,180,0,0,1285671
0,5,8,0.5,-0.06578,180,0,0,1285688
0,8,7,0.5,-0.0647,180,0,0,1285704
0,14,6,0.5,-0.06281,180,0,0,1285723
0,17,6,0.5,-0.060515,180,0,0,1285738
0,19,6,0.5,-0.05795,180,0,0,1285754
0,20,6,0.5,-0.05525,180,0,0,1285773
0,36,10,0.5,-0.05039,180,0,0,1285793
0,0,0,0.5,-0.05039,180,0,0,1285803
0,16,4,0.5,-0.04823,180,0,0,1285821
0,16,5,0.5,-0.04607,180,0,0,1285837
0,29,8,0.5,-0.042155,180,0,0,1285857
0,14,5,0.5,-0.040265,180,0,0,1285872
0,0,0,0.5,-0.040265,180,0,0,1285885
0,33,11,0.5,-0.03581,180,0,0,1285907
0,18,7,0.5,-0.03338,180,0,0,1285924
0,19,7,0.5,-0.030815,180,0,0,1285937
0,21,7,0.5,-0.02798,180,0,0,1285956
0,17,7,0.5,-0.025685,180,0,0,1285971
0,14,6,0.5,-0.023795,180,0,0,1285988
0,10,7,0.5,-0.022445,180,0,0,1286005
0,3,6,0.5,-0.02204,180,0,0,1286021
0,0,7,0.5,-0.02204,180,0,0,1286041
0,-4,6,0.5,-0.02258,180,0,0,1286057
0,-7,6,0.5,-0.023525,180,0,0,1286071
0,-9,5,0.5,-0.02474,180,0,0,1286093
0,-7,4,0.5,-0.025685,180,0,0,1286109
0,-9,3,0.5,-0.0269,180,0,0,1286121
0,-6,2,0.5,-0.02771,180,0,0,1286136
0,-3,2,0.5,-0.028115,180,0,0,1286155
0,1,2,0.5,-0.02798,180,0,0,1286171
0,6,2,0.5,-0.02717,180,0,0,1286188
0,11,2,0.5,-0.025685,180,0,0,1286203
0,13,3,0.5,-0.02393,180,0,0,1286221
0,33,6,0.5,-0.019475,180,0,0,1286239
0,15,2,0.5,-0.01745,180,0,0,1286254
0,13,2,0.5,-0.015695,180,0,0,1286275
0,10,3,0.5,-0.014345,180,0,0,1286294
0,7,2,0.5,-0.0134,180,0,0,1286305
0,5,3,0.5,-0.012725,180,0,0,1286322
0,4,3,0.5,-0.012185,180,0,0,1286337
0,2,4,0.5,-0.011915,180,0,0,1286357
0,0,5,0.5,-0.011915,180,0,0,1286374
0,-3,6,0.5,-0.01232,180,0,0,1286393
0,-5,7,0.5,-0.012995,180,0,0,1286405
0,-7,8,0.5,-0.01394,180,0,0,1286429
0,-8,8,0.5,-0.01502,180,0,0,1286441
0,-8,8,0.5,-0.0161,180,0,0,1286456
0,-6,9,0.5,-0.01691,180,0,0,1286478
0,-4,8,0.5,-0.01745,180,0,0,1286494
0,-2,8,0.5,-0.01772,180,0,0,1286512
0,0,8,0.5,-0.01772,180,0,0,1286525
0,1,8,0.5,-0.017585,180,0,0,1286544
0,2,7,0.5,-0.017315,180,0,0,1286559
0,5,8,0.5,-0.01664,180,0,0,1286575
0,16,14,0.5,-0.01448,180,0,0,1286593
0,9,7,0.5,-0.013265,180,0,31,1286607
0,9,6,0.5,-0.01205,180,0,31,1286624
0,7,6,0.5,-0.011105,180,0,0,1286639
0,6,5,0.5,-0.010295,180,0,0,1286659
0,5,5,0.5,-0.00962,180,0,0,1286677
0,6,5,0.5,-0.00881,180,0,0,1286693
0,8,5,0.5,-0.00773,180,0,0,1286706
0,7,5,0.5,-0.006785,180,0,0,1286722
0,9,4,0.5,-0.00557,180,0,0,1286738
0,10,5,0.5,-0.00422,180,0,0,1286757
0,11,5,0.5,-0.002735,180,0,0,1286773
0,9,5,0.5,-0.00152,180,0,0,1286791
0,9,6,0.5,-0.000305,180,0,0,1286807
0,8,7,0.5,0.000775,180,0,0,1286827
0,5,7,0.5,0.00145,180,0,0,1286841
0,5,7,0.5,0.002125,180,0,0,1286856
0,6,6,0.5,0.002935,180,0,0,1286875
0,12,6,0.5,0.004555,180,0,0,1286893
0,17,6,0.5,0.00685,180,0,0,1286910
0,20,7,0.5,0.00955,180,0,0,1286923
0,19,6,0.5,0.012115,180,0,0,1286938
0,17,7,0.5,0.01441,180,0,0,1286957
0,14,5,0.5,0.0163,180,0,0,1286972
0,11,6,0.5,0.017785,180,0,0,1286989
0,10,5,0.5,0.019135,180,0,0,1287006
0,20,8,0.5,0.021835,180,0,0,1287025
0,11,4,0.5,0.02332,180,0,0,1287039
0,14,4,0.5,0.02521,180,0,0,1287057
0,15,4,0.5,0.027235,180,0,0,1287075
0,17,5,0.5,0.02953,180,0,0,1287090
0,15,6,0.5,0.031555,180,0,0,1287106
0,13,7,0.5,0.03331,180,0,0,1287123
0,11,10,0.5,0.034795,180,0,0,1287144
0,11,10,0.5,0.03628,180,0,0,1287161
0,12,11,0.5,0.0379,180,0,0,1287177
0,14,11,0.5,0.03979,180,0,0,1287194
0,14,10,0.5,0.04168,180,0,0,1287211
0,14,11,0.5,0.04357,180,0,0,1287231
0,16,11,0.5,0.04573,180,0,0,1287242
0,15,11,0.5,0.047755,180,0,0,1287257
0,14,10,0.5,0.049645,180,0,0,1287274
0,13,10,0.5,0.0514,180,0,0,1287295
0,11,10,0.5,0.052885,180,0,0,1287307
0,18,16,0.5,0.055315,180,0,0,1287331
0,12,5,0.5,0.056935,180,0,0,1287343
0,0,3,0.5,0.056935,180,0,0,1287355
0,14,9,0.5,0.058825,180,0,0,1287380
0,32,21,0.5,0.063145,180,0,0,1287400
0,21,10,0.5,0.06598,180,0,0,1287409
0,19,10,0.5,0.068545,180,0,0,1287427
0,23,9,0.5,0.07165,180,0,0,1287445
0,23,11,0.5,0.074755,180,0,0,1287462
0,24,10,0.5,0.077995,180,0,0,1287478
0,26,10,0.5,0.081505,180,0,0,1287492
0,27,10,0.5,0.08515,180,0,0,1287509
0,27,9,0.5,0.088795,180,0,0,1287526
0,24,8,0.5,0.092035,180,0,0,1287545
0,21,7,0.5,0.09487,180,0,0,1287564
0,17,6,0.5,0.097165,180,0,0,1287573
0,14,5,0.5,0.099055,180,0,0,1287594
0,12,5,0.5,0.100675,180,0,0,1287609
0,12,6,0.5,0.102295,180,0,0,1287624
0,12,7,0.5,0.103915,180,0,0,1287644
0,13,9,0.5,0.10567,180,0,0,1287657
0,13,8,0.5,0.107425,180,0,0,1287675
0,12,10,0.5,0.109045,180,0,0,1287691
0,11,10,0.5,0.11053,180,0,0,1287712
0,10,12,0.5,0.11188,180,0,0,1287729
0,10,12,0.5,0.11323,180,0,0,1287745
0,12,13,0.5,0.11485,180,0,0,1287759
0,25,28,0.5,0.118225,180,0,0,1287780
0,14,14,0.5,0.120115,180,0,0,1287795
0,14,13,0.5,0.122005,180,0,0,1287814
0,15,12,0.5,0.12403,180,0,0,1287831
0,15,11,0.5,0.126055,180,0,0,1287843
0,16,10,0.5,0.128215,180,0,0,1287860
0,18,9,0.5,0.130645,180,0,0,1287878
0,18,9,0.5,0.133075,180,0,0,1287896
0,17,8,0.5,0.13537,180,0,0,1287917
0,14,8,0.5,0.13726,180,0,0,1287928
0,10,7,0.5,0.13861,180,0,0,1287944
0,6,7,0.5,0.13942,180,0,0,1287959
0,4,8,0.5,0.13996,180,0,0,1287976
0,12,15,0.5,0.14158,180,0,0,1288003
0,0,5,0.5,0.14158,180,0,0,1288009
0,10,12,0.5,0.14293,180,0,0,1288033
0,13,12,0.5,0.144685,180,0,0,1288049
0,15,13,0.5,0.14671,180,0,0,1288066
0,18,13,0.5,0.14914,180,0,0,1288076
0,40,22,0.5,0.15454,180,0,0,1288103
0,24,16,0.5,0.15778,180,0,0,1288116
0,24,12,0.5,0.16102,180,0,0,1288133
0,0,0,0.5,0.16102,180,0,0,1288140
0,25,12,0.5,0.164395,180,0,0,1288161
0,48,23,0.5,0.170875,180,0,0,1288186
0,22,11,0.5,0.173845,180,0,0,1288200
0,17,9,0.5,0.17614,180,0,0,1288212
0,14,8,0.5,0.17803,180,0,0,1288230
0,7,6,0.5,0.178975,180,0,0,1288246
0,4,6,0.5,0.179515,180,0,0,1288259
0,4,6,0.5,0.180055,180,0,0,1288283
0,5,7,0.5,0.18073,180,0,0,1288297
0,7,8,0.5,0.181675,180,0,0,1288311
0,9,8,0.5,0.18289,180,0,0,1288326
0,11,9,0.5,0.184375,180,0,0,1288344
0,12,9,0.5,0.185995,180,0,0,1288362
0,16,9,0.5,0.188155,180,0,0,1288376
0,16,9,0.5,0.190315,180,0,0,1288392
0,17,9,0.5,0.19261,180,0,0,1288413
0,18,9,0.5,0.19504,180,0,0,1288427
0,21,9,0.5,0.197875,180,0,0,1288444
0,20,9,0.5,0.200575,180,0,0,1288465
0,44,22,0.5,0.206515,180,0,0,1288487
0,21,10,0.5,0.20935,180,0,0,1288497
0,0,1,0.5,0.20935,180,0,0,1288507
0,22,11,0.5,0.21232,180,0,0,1288527
0,37,19,0.5,0.217315,180,0,0,1288546
0,14,8,0.5,0.219205,180,0,0,1288561
0,9,1,0.5,0.22042,180,0,0,1288575
0,6,10,0.5,0.22123,180,0,0,1288593
0,6,9,0.5,0.22204,180,0,0,1288611
0,9,8,0.5,0.223255,180,0,0,1288627
0,10,9,0.5,0.224605,180,0,0,1288645
0,15,10,0.5,0.22663,180,0,0,1288662
0,17,11,0.5,0.228925,180,0,0,1288678
0,18,12,0.5,0.231355,180,0,0,1288695
0,20,13,0.5,0.234055,180,0,0,1288713
0,22,13,0.5,0.237025,180,0,0,1288728
0,23,13,0.5,0.24013,180,0,0,1288745
0,28,13,0.5,0.24391,180,0,0,1288765
0,27,12,0.5,0.247555,180,0,0,1288782
0,28,13,0.5,0.251335,180,1,0,1288796
0,30,12,0.5,0.255385,180,1,0,1288813
0,29,12,0.5,0.2593,180,1,0,1288832
0,27,11,0.5,0.262945,180,0,0,1288847
0,22,9,0.5,0.265915,180,0,0,1288864
0,18,9,0.5,0.268345,180,0,0,1288877
0,14,8,0.5,0.270235,180,0,0,1288896
0,21,14,0.5,0.27307,180,0,0,1288914
0,11,8,0.5,0.274555,180,0,0,1288929
0,9,8,0.5,0.27577,180,0,0,1288950
0,9,10,0.5,0.276985,180,0,0,1288967
0,7,10,0.5,0.27793,180,0,0,1288981
0,5,10,0.5,0.278605,180,0,0,1288996
0,4,10,0.5,0.279145,180,0,0,1289011
0,4,9,0.5,0.279685,180,0,0,1289030
0,3,9,0.5,0.28009,180,0,0,1289050
0,3,8,0.5,0.280495,180,0,0,1289061
0,0,7,0.5,0.280495,180,0,0,1289077
0,0,7,0.5,0.280495,180,0,0,1289095
0,2,7,0.5,0.280765,180,0,0,1289112
0,4,6,0.5,0.281305,180,0,0,1289132
0,6,6,0.5,0.282115,180,0,31,1289144
0,7,5,0.5,0.28306,180,0,31,1289160
0,6,5,0.5,0.28387,180,0,31,1289178
0,4,5,0.5,0.28441,180,0,31,1289194
0,3,4,0.5,0.284815,180,0,1,1289211
0,2,4,0.5,0.285085,180,0,1,1289228
0,2,4,0.5,0.285355,180,0,1,1289246
0,1,3,0.5,0.28549,180,0,1,1289260
0,1,4,0.5,0.285625,180,0,1,1289277
0,0,3,0.5,0.285625,180,0,1,1289293
0,1,3,0.5,0.28576,180,0,1,1289315
0,2,5,0.5,0.28603,180,0,1,1289334
0,3,2,0.5,0.286435,180,0,31,1289344
0,4,3,0.5,0.286975,180,0,31,1289361
0,6,3,0.5,0.287785,180,0,31,1289379
0,7,3,0.5,0.28873,180,0,0,1289397
0,9,3,0.5,0.289945,180,0,0,1289412
0,10,2,0.5,0.291295,180,0,0,1289427
0,10,2,0.5,0.292645,180,0,0,1289444
0,12,2,0.5,0.294265,180,0,0,1289460
0,12,2,0.5,0.295885,180,0,0,1289476
0,12,1,0.5,0.297505,180,0,0,1289495
0,11,2,0.5,0.29899,180,0,0,1289512
0,12,1,0.5,0.30061,180,0,0,1289526
0,12,0,0.5,0.30223,180,0,0,1289543
0,11,0,0.5,0.303715,180,0,0,1289559
0,9,0,0.5,0.30493,180,0,0,1289576
0,8,0,0.5,0.30601,180,0,0,1289593
0,4,0,0.5,0.30655,180,0,0,1289610
0,1,0,0.5,0.306685,180,0,0,1289626
0,-1,0,0.5,0.30655,180,0,0,1289642
0,-10,5,0.5,0.3052,180,0,0,1289666
0,0,0,0.5,0.3052,180,0,0,1289678
0,-1,3,0.5,0.305065,180,0,0,1289695
0,3,8,0.5,0.30547,180,0,0,1289713
0,4,3,0.5,0.30601,180,0,0,1289727
0,5,3,0.5,0.306685,180,0,0,1289746
0,5,1,0.5,0.30736,180,0,0,1289764
0,6,1,0.5,0.30817,180,0,0,1289777
0,6,0,0.5,0.30898,180,0,0,1289792
0,7,0,0.5,0.309925,180,0,31,1289811
0,5,0,0.5,0.3106,180,0,31,1289833
0,5,0,0.5,0.311275,180,0,31,1289843
0,5,0,0.5,0.31195,180,0,0,1289859
0,3,0,0.5,0.312355,180,0,0,1289876
0,3,0,0.5,0.31276,180,0,0,1289893
0,2,0,0.5,0.31303,180,0,0,1289909
0,0,0,0.5,0.31303,180,0,0,1289926
0,0,0,0.5,0.31303,180,0,31,1289943
0,0,0,0.5,0.31303,180,0,31,1289960
0,-1,0,0.5,0.312895,180,0,0,1289976
0,0,0,0.5,0.312895,180,0,0,1289993
0,-1,0,0.5,0.31276,180,0,0,1290011
0,0,0,0.5,0.31276,180,0,0,1290026
0,0,0,0.5,0.31276,180,0,0,1290042
0,1,0,0.5,0.312895,180,0,31,1290061
0,0,0,0.5,0.312895,180,0,31,1290076
0,1,0,0.5,0.31303,180,0,0,1290093
0,0,0,0.5,0.31303,180,0,0,1290110
0,0,0,0.5,0.31303,180,0,0,1290126
0,0,0,0.5,0.31303,180,0,0,1290145
0,0,0,0.5,0.31303,180,0,0,1290161
0,0,0,0.5,0.31303,180,0,31,1290176
0,0,-1,0.5,0.31303,180,0,31,1290193
0,0,0,0.5,0.31303,180,0,0,1290211
0,1,0,0.5,0.313165,180,0,0,1290227
0,0,0,0.5,0.313165,180,0,0,1290243
0,0,0,0.5,0.313165,180,0,0,1290262
0,1,0,0.5,0.3133,180,0,0,1290280
0,0,0,0.5,0.3133,180,0,31,1290294
0,1,0,0.5,0.313435,180,0,31,1290312
0,0,0,0.5,0.313435,180,0,31,1290327
0,0,0,0.5,0.313435,180,0,0,1290344
0,0,0,0.5,0.313435,180,0,0,1290360
0,0,0,0.5,0.313435,180,0,0,1290378
0,-1,0,0.5,0.3133,180,0,0,1290394
0,-1,0,0.5,0.313165,180,0,0,1290412
0,0,-1,0.5,0.313165,180,0,31,1290428
0,0,0,0.5,0.313165,180,0,31,1290444
0,2,-1,0.5,0.313435,180,0,0,1290466
0,0,0,0.5,0.313435,180,0,0,1290478
0,0,0,0.5,0.313435,180,0,0,1290496
0,0,0,0.5,0.313435,180,0,0,1290513
0,0,0,0.5,0.313435,180,0,0,1290528
0,0,0,0.5,0.313435,180,0,0,1290544
0,0,-1,0.5,0.313435,180,0,31,1290562
0,0,0,0.5,0.313435,180,0,31,1290577
0,0,0,0.5,0.313435,180,0,0,1290594
0,-1,0,0.5,0.3133,180,0,0,1290611
0,0,0,0.5,0.3133,180,0,0,1290627
0,0,0,0.5,0.3133,180,0,0,1290644
0,0,-1,0.5,0.3133,180,0,0,1290664
0,0,-1,0.5,0.3133,180,0,31,1290680
0,2,-1,0.5,0.31357,180,0,31,1290697
0,2,0,0.5,0.31384,180,0,31,1290711
0,3,0,0.5,0.314245,180,0,31,1290728
0,4,0,0.5,0.314785,180,0,0,1290746
0,2,0,0.5,0.315055,180,0,0,1290764
0,2,0,0.5,0.315325,180,0,0,1290779
0,4,1,0.5,0.315865,180,0,0,1290801
0,0,0,0.5,0.315865,180,0,0,1290812
0,9,0,0.5,0.31708,180,0,31,1290832
0,0,0,0.5,0.31708,180,0,31,1290844
0,6,0,0.5,0.31789,180,0,31,1290861
0,7,0,0.5,0.318835,180,0,0,1290880
0,0,0,0.5,0.318835,180,0,0,1290901
0,0,0,0.5,0.318835,180,0,0,1290912
0,0,1,0.5,0.318835,180,0,0,1290930
0,-2,1,0.5,0.318565,180,0,0,1290945
0,-1,1,0.5,0.31843,180,0,0,1290964
0,-3,2,0.5,0.318025,180,0,0,1290984
0,-2,2,0.5,0.317755,180,0,0,1290996
0,-1,1,0.5,0.31762,180,0,0,1291012
0,-1,2,0.5,0.317485,180,0,0,1291032
0,0,2,0.5,0.317485,180,0,0,1291045
0,0,1,0.5,0.317485,180,0,0,1291064
0,0,1,0.5,0.317485,180,0,0,1291079
0,0,0,0.5,0.317485,180,0,0,1291095
0,0,0,0.5,0.317485,180,0,31,1291112
0,0,-1,0.5,0.317485,180,0,31,1291130
0,-1,-1,0.5,0.31735,180,0,31,1291146
0,0,-1,0.5,0.31735,180,0,0,1291163
0,0,0,0.5,0.31735,180,0,0,1291181
0,2,0,0.5,0.31762,180,0,0,1291196
0,4,0,0.5,0.31816,180,0,0,1291213
0,7,0,0.5,0.319105,180,0,0,1291229
0,10,0,0.5,0.320455,180,0,0,1291246
0,24,2,0.5,0.323695,180,0,0,1291265
0,10,1,0.5,0.325045,180,0,0,1291281
0,8,0,0.5,0.326125,180,0,0,1291297
0,8,1,0.5,0.327205,180,0,0,1291315
0,7,0,0.5,0.32815,180,0,0,1291334
0,6,1,0.5,0.32896,180,0,0,1291346
0,4,1,0.5,0.3295,180,0,0,1291366
0,3,1,0.5,0.329905,180,0,0,1291381
0,3,1,0.5,0.33031,180,0,0,1291397
0,2,3,0.5,0.33058,180,0,0,1291414
0,2,2,0.5,0.33085,180,0,0,1291433
0,1,3,0.5,0.330985,180,0,0,1291450
0,0,3,0.5,0.330985,180,0,0,1291470
0,0,3,0.5,0.330985,180,0,0,1291482
0,1,3,0.5,0.33112,180,0,0,1291497
0,1,4,0.5,0.331255,180,0,0,1291518
0,2,4,0.5,0.331525,180,0,0,1291533
0,1,4,0.5,0.33166,180,0,0,1291548
0,3,3,0.5,0.332065,180,0,0,1291564
0,3,3,0.5,0.33247,180,0,0,1291580
0,5,3,0.5,0.333145,180,0,0,1291597
0,2,3,0.5,0.333415,180,0,0,1291618
0,-3,1,0.5,0.33301,180,0,0,1291631
0,-7,0,0.5,0.332065,180,0,0,1291647
0,-5,0,0.5,0.33139,180,0,0,1291663
0,-6,-1,0.5,0.33058,180,0,0,1291682
0,-4,0,0.5,0.33004,180,0,0,1291697
0,-4,0,0.5,0.3295,180,0,0,1291714
0,-5,0,0.5,0.328825,180,0,0,1291730
0,-1,0,0.5,0.32869,180,0,0,1291751
0,3,0,0.5,0.329095,180,0,0,1291766
0,7,-1,0.5,0.33004,180,0,0,1291781
0,8,-1,0.5,0.33112,180,0,0,1291797
0,10,0,0.5,0.33247,180,0,0,1291814
0,13,0,0.5,0.334225,180,0,0,1291831
0,15,1,0.5,0.33625,180,0,0,1291853
0,18,2,0.5,0.33868,180,0,0,1291867
0,21,2,0.5,0.341515,180,0,0,1291883
0,22,3,0.5,0.344485,180,0,0,1291898
0,23,2,0.5,0.34759,180,0,0,1291915
0,22,2,0.5,0.35056,180,0,0,1291934
0,20,2,0.5,0.35326,180,0,0,1291949
0,20,2,0.5,0.35596,180,0,0,1291965
0,37,7,0.5,0.360955,180,0,0,1291985
0,16,4,0.5,0.363115,180,0,0,1292000
0,15,4,0.5,0.36514,180,0,0,1292016
0,15,4,0.5,0.367165,180,0,0,1292033
0,13,4,0.5,0.36892,180,0,0,1292051
0,11,4,0.5,0.370405,180,0,0,1292065
0,11,5,0.5,0.37189,180,0,0,1292083
0,9,6,0.5,0.373105,180,0,0,1292100
0,10,7,0.5,0.374455,180,0,0,1292115
0,10,7,0.5,0.375805,180,0,0,1292134
0,12,9,0.5,0.377425,180,0,0,1292152
0,12,8,0.5,0.379045,180,0,0,1292175
0,12,6,0.5,0.380665,180,0,0,1292185
0,12,5,0.5,0.382285,180,0,0,1292202
0,13,3,0.5,0.38404,180,0,0,1292219
0,12,3,0.5,0.38566,180,0,0,1292233
0,12,3,0.5,0.38728,180,0,0,1292249
0,13,3,0.5,0.389035,180,0,0,1292265
0,14,3,0.5,0.390925,180,0,0,1292285
0,15,4,0.5,0.39295,180,0,0,1292299
0,16,4,0.5,0.39511,180,0,0,1292316
0,18,5,0.5,0.39754,180,0,0,1292335
0,41,11,0.5,0.403075,180,0,0,1292355
0,23,6,0.5,0.40618,180,0,0,1292368
0,22,7,0.5,0.40915,180,0,0,1292386
0,22,6,0.5,0.41212,180,0,0,1292402
0,19,7,0.5,0.414685,180,0,0,1292420
0,13,7,0.5,0.41644,180,0,0,1292443
0,17,14,0.5,0.418735,180,0,0,1292468
0,0,0,0.5,0.418735,180,0,0,1292472
0,4,7,0.5,0.419275,180,0,0,1292483
0,1,7,0.5,0.41941,180,0,0,1292503
0,2,6,0.5,0.41968,180,0,0,1292520
0,3,5,0.5,0.420085,180,0,0,1292534
0,4,6,0.5,0.420625,180,0,0,1292550
0,7,5,0.5,0.42157,180,0,0,1292567
0,13,5,0.5,0.423325,180,0,0,1292587
0,16,5,0.5,0.425485,180,0,0,1292602
0,18,4,0.5,0.427915,180,0,0,1292615
0,20,4,0.5,0.430615,180,0,0,1292636
0,20,4,0.5,0.433315,180,0,0,1292654
0,21,5,0.5,0.43615,180,0,0,1292668
0,21,5,0.5,0.438985,180,0,0,1292683
0,21,4,0.5,0.44182,180,0,0,1292707
0,22,4,0.5,0.44479,180,0,0,1292719
0,22,4,0.5,0.44776,180,0,0,1292734
0,50,11,0.5,0.45451,180,0,0,1292754
0,25,7,0.5,0.457885,180,0,0,1292770
0,24,8,0.5,0.461125,180,0,0,1292789
0,20,8,0.5,0.463825,180,0,0,1292804
0,18,9,0.5,0.466255,180,0,0,1292820
0,14,9,0.5,0.468145,180,0,0,1292836
0,11,9,0.5,0.46963,180,0,0,1292853
0,8,9,0.5,0.47071,180,0,0,1292870
0,8,10,0.5,0.47179,180,0,0,1292891
0,9,9,0.5,0.473005,180,0,0,1292905
0,12,10,0.5,0.474625,180,0,0,1292931
0,29,16,0.5,0.47854,180,0,0,1292957
0,16,6,0.5,0.4807,180,0,0,1292964
0,0,0,0.5,0.4807,180,0,0,1292967
0,15,5,0.5,0.482725,180,0,0,1292984
0,16,4,0.5,0.484885,180,0,0,1293001
0,16,5,0.5,0.487045,180,0,0,1293017
0,17,4,0.5,0.48934,180,0,0,1293038
0,19,4,0.5,0.491905,180,0,0,1293055
0,38,8,0.5,0.497035,180,0,0,1293075
0,0,0,0.5,0.497035,180,0,0,1293083
0,18,4,0.5,0.499465,180,0,0,1293103
0,36,9,0.5,0.504325,180,0,0,1293127
0,19,5,0.5,0.50689,180,0,0,1293142
0,20,5,0.5,0.50959,180,0,0,1293161
0,20,5,0.5,0.51229,180,0,0,1293167
0,20,5,0.5,0.51499,180,0,0,1293186
0,17,6,0.5,0.517285,180,0,0,1293204
0,14,6,0.5,0.519175,180,0,0,1293222
0,10,6,0.5,0.520525,180,0,0,1293238
0,10,6,0.5,0.521875,180,0,0,1293256
0,9,6,0.5,0.52309,180,0,0,1293268
0,10,6,0.5,0.52444,180,0,0,1293285
0,12,8,0.5,0.52606,180,0,0,1293302
0,15,8,0.5,0.528085,180,0,0,1293323
0,15,7,0.5,0.53011,180,0,0,1293335
0,19,8,0.5,0.532675,180,0,0,1293352
0,20,7,0.5,0.535375,180,0,0,1293370
0,21,6,0.5,0.53821,180,0,0,1293386
0,21,6,0.5,0.541045,180,0,0,1293403
0,16,4,0.5,0.543205,180,0,0,1293419
0,29,7,0.5,0.54712,180,0,0,1293442
0,0,0,0.5,0.54712,180,0,0,1293454
0,13,4,0.5,0.548875,180,0,0,1293470
0,15,4,0.5,0.5509,180,0,0,1293486
0,16,4,0.5,0.55306,180,0,0,1293503
0,17,5,0.5,0.555355,180,0,0,1293522
0,38,10,0.5,0.560485,180,0,0,1293543
0,20,6,0.5,0.563185,180,0,0,1293557
0,21,6,0.5,0.56602,180,0,0,1293570
0,21,6,0.5,0.568855,180,0,0,1293587
0,22,6,0.5,0.571825,180,0,0,1293604
0,21,6,0.5,0.57466,180,0,0,1293621
0,20,6,0.5,0.57736,180,0,0,1293638
0,18,6,0.5,0.57979,180,0,0,1293653
0,17,6,0.5,0.582085,180,0,0,1293669
0,15,6,0.5,0.58411,180,0,0,1293686
0,11,6,0.5,0.585595,180,0,0,1293703
0,9,7,0.5,0.58681,180,0,0,1293722
0,6,6,0.5,0.58762,180,0,0,1293736
0,8,7,0.5,0.5887,180,0,0,1293753
0,10,6,0.5,0.59005,180,0,0,1293769
0,14,7,0.5,0.59194,180,0,0,1293787
0,18,8,0.5,0.59437,180,0,0,1293806
0,20,7,0.5,0.59707,180,0,0,1293822
0,19,6,0.5,0.599635,180,0,0,1293836
0,32,10,0.5,0.603955,180,0,0,1293862
0,12,4,0.5,0.605575,180,0,0,1293872
0,0,0,0.5,0.605575,180,0,0,1293887
0,12,5,0.5,0.607195,180,0,0,1293905
0,22,5,0.5,0.610165,180,0,0,1293920
0,13,9,0.5,0.61192,180,0,0,1293940
0,14,7,0.5,0.61381,180,0,0,1293955
0,15,8,0.5,0.615835,180,0,0,1293970
0,15,8,0.5,0.61786,180,0,0,1293989
0,17,9,0.5,0.620155,180,0,0,1294007
0,17,8,0.5,0.62245,180,0,0,1294026
0,19,8,0.5,0.625015,180,0,0,1294036
0,19,8,0.5,0.62758,180,0,0,1294053
0,18,7,0.5,0.63001,180,0,0,1294073
0,17,8,0.5,0.632305,180,0,0,1294089
0,14,7,0.5,0.634195,180,0,0,1294106
0,15,10,0.5,0.63622,180,0,0,1294121
0,13,10,0.5,0.637975,180,0,0,1294140
0,15,10,0.5,0.64,180,0,0,1294154
0,16,10,0.5,0.64216,180,0,0,1294173
0,18,9,0.5,0.64459,180,0,0,1294191
0,16,8,0.5,0.64675,180,0,0,1294208
0,14,7,0.5,0.64864,180,0,0,1294221
0,11,7,0.5,0.650125,180,0,0,1294238
0,9,6,0.5,0.65134,180,0,0,1294257
0,9,7,0.5,0.652555,180,0,0,1294273
0,19,12,0.5,0.65512,180,0,0,1294294
0,10,6,0.5,0.65647,180,0,0,1294307
0,11,6,0.5,0.657955,180,0,0,1294320
0,12,7,0.5,0.659575,180,0,0,1294339
0,13,8,0.5,0.66133,180,0,0,1294356
0,15,8,0.5,0.663355,180,0,0,1294373
0,16,8,0.5,0.665515,180,0,0,1294394
0,16,7,0.5,0.667675,180,0,0,1294409
0,19,7,0.5,0.67024,180,0,0,1294425
0,15,7,0.5,0.672265,180,0,0,1294438
0,16,7,0.5,0.674425,180,0,0,1294461
0,15,8,0.5,0.67645,180,0,0,1294472
0,14,9,0.5,0.67834,180,0,0,1294488
0,14,9,0.5,0.68023,180,0,0,1294506
0,16,11,0.5,0.68239,180,0,0,1294531
0,17,11,0.5,0.684685,180,0,0,1294546
0,15,10,0.5,0.68671,180,0,0,1294565
0,9,9,0.5,0.687925,180,0,0,1294577
0,4,8,0.5,0.688465,180,0,0,1294592
0,0,7,0.5,0.688465,180,0,0,1294605
0,-13,11,0.5,0.68671,180,0,0,1294632
0,-11,6,0.5,0.685225,180,0,0,1294649
0,-12,5,0.5,0.683605,180,0,0,1294657
0,0,0,0.5,0.683605,180,0,0,1294669
0,-15,6,0.5,0.68158,180,0,0,1294690
0,-34,14,0.5,0.67699,180,0,0,1294711
0,-19,7,0.5,0.674425,180,0,0,1294725
0,-18,8,0.5,0.671995,180,0,0,1294744
0,-16,7,0.5,0.669835,180,0,0,1294756
0,-14,7,0.5,0.667945,180,0,0,1294771
0,-9,6,0.5,0.66673,180,0,0,1294788
0,-7,6,0.5,0.665785,180,0,0,1294807
0,-2,5,0.5,0.665515,180,0,0,1294825
0,-1,4,0.5,0.66538,180,0,0,1294839
0,-1,3,0.5,0.665245,180,0,0,1294854
0,0,3,0.5,0.665245,180,0,0,1294872
0,0,2,0.5,0.665245,180,0,0,1294889
0,0,2,0.5,0.665245,180,0,0,1294906
0,1,2,0.5,0.66538,180,0,0,1294922
0,-1,3,0.5,0.665245,180,0,0,1294943
0,-1,3,0.5,0.66511,180,0,0,1294956
0,-2,4,0.5,0.66484,180,0,0,1294973
0,1,4,0.5,0.664975,180,0,0,1294989
0,3,4,0.5,0.66538,180,0,0,1295006
0,5,4,0.5,0.666055,180,0,0,1295021
0,5,5,0.5,0.66673,180,0,0,1295040
0,9,9,0.5,0.667945,180,0,0,1295059
0,2,3,0.5,0.668215,180,0,0,1295074
0,2,3,0.5,0.668485,180,0,0,1295088
0,1,2,0.5,0.66862,180,0,0,1295107
0,3,2,0.5,0.669025,180,0,0,1295123
0,4,2,0.5,0.669565,180,0,0,1295140
0,6,3,0.5,0.670375,180,0,0,1295155
0,7,3,0.5,0.67132,180,0,0,1295172
0,7,3,0.5,0.672265,180,0,0,1295191
0,6,4,0.5,0.673075,180,0,0,1295211
0,8,5,0.5,0.674155,180,0,0,1295226
0,9,5,0.5,0.67537,180,0,0,1295238
0,10,6,0.5,0.67672,180,0,0,1295257
0,8,6,0.5,0.6778,180,0,0,1295280
0,7,6,0.5,0.678745,180,0,0,1295290
0,8,6,0.5,0.679825,180,0,0,1295311
0,9,7,0.5,0.68104,180,0,0,1295323
0,9,6,0.5,0.682255,180,0,0,1295339
0,8,7,0.5,0.683335,180,0,0,1295359
0,9,7,0.5,0.68455,180,0,0,1295376
0,8,8,0.5,0.68563,180,0,0,1295391
0,7,8,0.5,0.686575,180,0,0,1295406
0,8,9,0.5,0.687655,180,0,0,1295424
0,8,9,0.5,0.688735,180,0,0,1295440
0,21,18,0.5,0.69157,180,0,0,1295467
0,13,9,0.5,0.693325,180,0,0,1295482
0,14,8,0.5,0.695215,180,0,0,1295491
0,16,8,0.5,0.697375,180,0,0,1295506
0,16,7,0.5,0.699535,180,0,0,1295524
0,18,6,0.5,0.701965,180,0,0,1295542
0,20,6,0.5,0.704665,180,0,0,1295562
0,21,5,0.5,0.7075,180,0,0,1295575
0,22,4,0.5,0.71,180,0,0,1295590
