0,67,-32,0.5,-0.700955,180,0,0,792076
0,16,-6,0.5,-0.698795,180,0,0,792084
0,18,-6,0.5,-0.696365,180,0,0,792097
0,0,0,0.5,-0.696365,180,0,0,792105
0,19,-6,0.5,-0.6938,180,0,0,792119
0,20,-5,0.5,-0.6911,180,0,0,792135
0,22,-4,0.5,-0.68813,180,0,0,792152
0,23,-4,0.5,-0.685025,180,0,0,792167
0,25,-4,0.5,-0.68165,180,0,0,792186
0,24,-3,0.5,-0.67841,180,0,0,792203
0,24,-4,0.5,-0.67517,180,0,0,792218
0,20,-5,0.5,-0.67247,180,0,0,792235
0,17,-4,0.5,-0.670175,180,0,0,792256
0,15,-6,0.5,-0.66815,180,0,0,792270
0,14,-5,0.5,-0.66626,180,0,0,792289
0,12,-5,0.5,-0.66464,180,0,0,792301
0,12,-6,0.5,-0.66302,180,0,0,792318
0,9,-6,0.5,-0.661805,180,0,0,792336
0,19,-11,0.5,-0.65924,180,0,0,792353
0,9,-6,0.5,-0.658025,180,0,0,792369
0,9,-6,0.5,-0.65681,180,0,0,792395
0,11,-7,0.5,-0.655325,180,0,0,792410
0,13,-6,0.5,-0.65357,180,0,0,792422
0,15,-7,0.5,-0.651545,180,0,0,792435
0,16,-6,0.5,-0.649385,180,0,0,792453
0,17,-6,0.5,-0.64709,180,0,0,792469
0,17,-6,0.5,-0.644795,180,0,31,792488
0,14,-6,0.5,-0.642905,180,0,0,792503
0,12,-6,0.5,-0.641285,180,0,0,792520
0,11,-6,0.5,-0.6398,180,0,0,792538
0,10,-4,0.5,-0.63845,180,0,0,792554
0,12,-4,0.5,-0.63683,180,0,0,792569
0,14,-4,0.5,-0.63494,180,0,0,792586
0,18,-3,0.5,-0.63251,180,0,0,792602
0,19,-3,0.5,-0.629945,180,0,0,792618
0,23,-3,0.5,-0.62684,180,0,0,792634
0,23,-3,0.5,-0.623735,180,0,0,792652
0,21,-3,0.5,-0.6209,180,0,0,792668
0,18,-3,0.5,-0.61847,180,0,0,792685
0,17,-5,0.5,-0.616175,180,0,0,792705
0,15,-4,0.5,-0.61415,180,0,0,792721
0,25,-9,0.5,-0.610775,180,0,0,792737
0,11,-5,0.5,-0.60929,180,0,0,792754
0,9,-6,0.5,-0.608075,180,0,0,792773
0,10,-6,0.5,-0.606725,180,0,31,792788
0,7,-6,0.5,-0.60578,180,0,31,792805
0,8,-7,0.5,-0.6047,180,0,31,792821
0,6,-6,0.5,-0.60389,180,0,31,792835
0,7,-6,0.5,-0.602945,180,0,0,792854
0,8,-6,0.5,-0.601865,180,0,0,792869
0,9,-6,0.5,-0.60065,180,0,0,792887
0,11,-5,0.5,-0.599165,180,0,0,792907
0,14,-5,0.5,-0.597275,180,0,0,792917
0,16,-5,0.5,-0.595115,180,0,0,792937
0,13,-4,0.5,-0.59336,180,0,0,792952
0,13,-4,0.5,-0.591605,180,0,0,792967
0,14,-4,0.5,-0.589715,180,0,0,792987
0,13,-3,0.5,-0.58796,180,0,31,793006
0,12,-3,0.5,-0.58634,180,0,0,793020
0,13,-3,0.5,-0.584585,180,0,0,793037
0,12,-2,0.5,-0.582965,180,0,0,793055
0,13,-3,0.5,-0.58121,180,0,0,793068
0,15,-3,0.5,-0.579185,180,0,0,793085
0,17,-4,0.5,-0.57689,180,0,0,793101
0,17,-4,0.5,-0.574595,180,0,0,793119
0,17,-5,0.5,-0.5723,180,0,0,793135
0,34,-7,0.5,-0.56771,180,0,0,793153
0,19,-8,0.5,-0.565145,180,0,0,793175
0,19,-6,0.5,-0.56258,180,0,0,793190
0,22,-6,0.5,-0.55961,180,0,0,793204
0,24,-6,0.5,-0.55637,180,0,0,793218
0,24,-4,0.5,-0.55313,180,0,0,793234
0,24,-4,0.5,-0.54989,180,0,0,793252
0,24,-4,0.5,-0.54665,180,0,0,793274
0,24,-4,0.5,-0.54341,180,0,0,793289
0,22,-4,0.5,-0.54044,180,0,0,793305
0,19,-4,0.5,-0.537875,180,0,0,793319
0,14,-3,0.5,-0.535985,180,0,0,793335
0,11,-3,0.5,-0.5345,180,0,0,793354
0,7,-2,0.5,-0.533555,180,0,0,793368
0,6,-2,0.5,-0.532745,180,0,0,793384
0,3,-3,0.5,-0.53234,180,0,0,793401
0,-1,-4,0.5,-0.532475,180,0,0,793417
0,-5,-4,0.5,-0.53315,180,0,0,793434
0,-7,-3,0.5,-0.534095,180,0,0,793452
0,-7,-2,0.5,-0.53504,180,0,0,793467
0,-8,-2,0.5,-0.53612,180,0,0,793486
0,-6,-2,0.5,-0.53693,180,0,0,793501
0,-6,-2,0.5,-0.53774,180,0,0,793519
0,-9,-6,0.5,-0.538955,180,0,0,793544
0,-7,-4,0.5,-0.5399,180,0,0,793558
0,-8,-5,0.5,-0.54098,180,0,0,793570
0,-12,-6,0.5,-0.5426,180,0,0,793585
0,-15,-8,0.5,-0.544625,180,0,0,793604
0,-16,-10,0.5,-0.546785,180,0,0,793621
0,-16,-10,0.5,-0.548945,180,0,0,793641
0,-15,-10,0.5,-0.55097,180,0,0,793660
0,-15,-10,0.5,-0.552995,180,0,0,793670
0,-12,-9,0.5,-0.554615,180,0,0,793685
0,-8,-8,0.5,-0.555695,180,0,0,793707
0,-4,-7,0.5,-0.556235,180,0,0,793724
0,0,-6,0.5,-0.556235,180,0,0,793740
0,4,-4,0.5,-0.555695,180,0,0,793755
0,5,-3,0.5,-0.55502,180,0,0,793769
0,6,-3,0.5,-0.55421,180,0,0,793785
0,6,-2,0.5,-0.5534,180,0,0,793805
0,4,-1,0.5,-0.55286,180,0,0,793820
0,1,-1,0.5,-0.552725,180,0,0,793834
0,0,-1,0.5,-0.552725,180,0,0,793850
0,-1,-1,0.5,-0.55286,180,0,0,793867
0,-4,-1,0.5,-0.5534,180,0,0,793885
0,-3,0,0.5,-0.553805,180,0,0,793901
0,-2,-1,0.5,-0.554075,180,0,0,793917
0,-3,-1,0.5,-0.55448,180,0,0,793934
0,-3,-2,0.5,-0.554885,180,0,0,793952
0,-1,-2,0.5,-0.55502,180,0,0,793968
0,1,-2,0.5,-0.554885,180,0,0,793984
0,3,-2,0.5,-0.55448,180,0,0,794000
0,2,-1,0.5,-0.55421,180,0,0,794020
0,3,-1,0.5,-0.553805,180,0,0,794040
0,3,-1,0.5,-0.5534,180,0,0,794052
0,2,-1,0.5,-0.55313,180,0,0,794069
0,0,-1,0.5,-0.55313,180,0,0,794085
0,-1,-1,0.5,-0.553265,180,0,0,794101
0,-1,-1,0.5,-0.5534,180,0,0,794117
0,-3,0,0.5,-0.553805,180,0,0,794134
0,-3,0,0.5,-0.55421,180,0,0,794150
0,-2,0,0.5,-0.55448,180,0,0,794168
0,-2,0,0.5,-0.55475,180,0,0,794184
0,-3,0,0.5,-0.555155,180,0,0,794200
0,-2,0,0.5,-0.555425,180,0,0,794217
0,-1,0,0.5,-0.55556,180,0,0,794238
0,0,-1,0.5,-0.55556,180,0,0,794251
0,0,0,0.5,-0.55556,180,0,0,794267
0,0,0,0.5,-0.55556,180,0,0,794284
0,-2,3,0.5,-0.55583,180,0,0,794303
0,-8,3,0.5,-0.55691,180,0,0,794320
0,-4,4,0.5,-0.55745,180,0,0,794335
0,0,2,0.5,-0.55745,180,0,0,794352
0,-9,6,0.5,-0.558665,180,0,0,794372
0,-4,2,0.5,-0.559205,180,0,0,794389
0,-2,2,0.5,-0.559475,180,0,0,794405
0,0,1,0.5,-0.559475,180,0,0,794417
0,0,0,0.5,-0.559475,180,0,0,794433
0,2,0,0.5,-0.559205,180,0,0,794450
0,1,-1,0.5,-0.55907,180,0,0,794472
0,0,-2,0.5,-0.55907,180,0,0,794484
0,0,-2,0.5,-0.55907,180,0,0,794501
0,0,-2,0.5,-0.55907,180,0,0,794517
0,0,-1,0.5,-0.55907,180,0,0,794535
0,0,-1,0.5,-0.55907,180,0,0,794553
0,0,0,0.5,-0.55907,180,0,0,794567
0,0,0,0.5,-0.55907,180,0,0,794584
0,0,0,0.5,-0.55907,180,0,0,794601
0,-2,2,0.5,-0.55934,180,0,0,794617
0,0,2,0.5,-0.55934,180,0,0,794634
0,0,2,0.5,-0.55934,180,0,0,794650
0,0,3,0.5,-0.55934,180,0,0,794667
0,1,6,0.5,-0.559205,180,0,0,794691
0,0,0,0.5,-0.559205,180,0,0,794700
0,5,4,0.5,-0.55853,180,0,0,794719
0,7,4,0.5,-0.557585,180,0,0,794735
0,15,9,0.5,-0.55556,180,0,0,794754
0,5,4,0.5,-0.554885,180,0,0,794769
0,4,3,0.5,-0.554345,180,0,0,794786
0,4,2,0.5,-0.553805,180,0,0,794805
0,5,1,0.5,-0.55313,180,0,0,794818
0,7,2,0.5,-0.552185,180,0,0,794835
0,7,1,0.5,-0.55124,180,0,0,794851
0,6,1,0.5,-0.55043,180,0,0,794869
0,7,1,0.5,-0.549485,180,0,0,794885
0,7,2,0.5,-0.54854,180,0,0,794901
0,9,1,0.5,-0.547325,180,0,0,794918
0,10,2,0.5,-0.545975,180,0,0,794935
0,13,1,0.5,-0.54422,180,0,0,794952
0,15,2,0.5,-0.542195,180,0,0,794969
0,17,1,0.5,-0.5399,180,0,0,794991
0,17,1,0.5,-0.537605,180,0,0,795002
0,17,0,0.5,-0.53531,180,0,0,795020
0,17,0,0.5,-0.533015,180,0,0,795034
0,18,-1,0.5,-0.530585,180,0,0,795054
0,20,-1,0.5,-0.527885,180,0,0,795069
0,23,-1,0.5,-0.52478,180,0,0,795084
0,26,0,0.5,-0.52127,180,0,0,795103
0,29,0,0.5,-0.517355,180,0,0,795117
0,65,0,0.5,-0.50858,180,0,0,795136
0,32,0,0.5,-0.50426,180,0,0,795154
0,31,1,0.5,-0.500075,180,0,0,795173
0,33,1,0.5,-0.49562,180,0,0,795185
0,28,1,0.5,-0.49184,180,0,0,795202
0,25,2,0.5,-0.488465,180,0,0,795219
0,19,1,0.5,-0.4859,180,0,0,795239
0,15,1,0.5,-0.483875,180,0,0,795253
0,12,-1,0.5,-0.482255,180,0,0,795271
0,11,-2,0.5,-0.48077,180,0,0,795287
0,9,-3,0.5,-0.479555,180,0,0,795305
0,8,-3,0.5,-0.478475,180,0,0,795322
0,9,-3,0.5,-0.47726,180,0,0,795337
0,8,-2,0.5,-0.47618,180,0,0,795352
0,8,-3,0.5,-0.4751,180,0,0,795370
0,9,-3,0.5,-0.473885,180,0,0,795389
0,11,-3,0.5,-0.4724,180,0,0,795403
0,13,-3,0.5,-0.470645,180,0,0,795425
0,14,-3,0.5,-0.468755,180,0,0,795439
0,17,-2,0.5,-0.46646,180,0,0,795453
0,21,-1,0.5,-0.463625,180,0,0,795469
0,23,0,0.5,-0.46052,180,0,0,795486
0,26,0,0.5,-0.45701,180,0,0,795501
0,53,0,0.5,-0.449855,180,0,0,795522
0,26,0,0.5,-0.446345,180,0,0,795536
0,25,0,0.5,-0.44297,180,0,0,795555
0,23,0,0.5,-0.439865,180,0,0,795570
0,23,0,0.5,-0.43676,180,0,0,795585
0,19,-1,0.5,-0.434195,180,0,0,795607
0,17,-2,0.5,-0.4319,180,0,0,795622
0,14,-3,0.5,-0.43001,180,0,0,795636
0,11,-3,0.5,-0.428525,180,0,0,795654
0,9,-3,0.5,-0.42731,180,0,0,795669
0,7,-3,0.5,-0.426365,180,0,0,795689
0,9,-4,0.5,-0.42515,180,0,0,795707
0,9,-4,0.5,-0.423935,180,0,0,795723
0,11,-5,0.5,-0.42245,180,0,0,795741
0,11,-5,0.5,-0.420965,180,0,0,795755
0,11,-4,0.5,-0.41948,180,0,0,795774
0,13,-4,0.5,-0.417725,180,0,0,795786
0,11,-4,0.5,-0.41624,180,0,0,795803
0,11,-4,0.5,-0.414755,180,0,0,795821
0,10,-3,0.5,-0.413405,180,0,0,795836
0,13,-3,0.5,-0.41165,180,0,0,795857
0,15,-3,0.5,-0.409625,180,0,0,795870
0,39,-5,0.5,-0.40436,180,0,0,795895
0,24,-2,0.5,-0.40112,180,0,0,795912
0,25,-3,0.5,-0.397745,180,0,0,795923
0,26,-3,0.5,-0.394235,180,0,0,795941
0,25,-3,0.5,-0.39086,180,0,0,795958
0,24,-4,0.5,-0.38762,180,0,0,795970
0,20,-5,0.5,-0.38492,180,0,0,795988
0,16,-5,0.5,-0.38276,180,0,0,796008
0,13,-5,0.5,-0.381005,180,0,0,796023
0,10,-7,0.5,-0.379655,180,0,0,796039
0,7,-7,0.5,-0.37871,180,0,0,796058
0,7,-8,0.5,-0.377765,180,0,0,796082
0,7,-7,0.5,-0.37682,180,0,0,796092
0,10,-8,0.5,-0.37547,180,0,0,796105
0,12,-7,0.5,-0.37385,180,0,0,796124
0,16,-8,0.5,-0.37169,180,0,0,796142
0,18,-7,0.5,-0.36926,180,0,0,796161
0,44,-13,0.5,-0.36332,180,0,0,796185
0,24,-6,0.5,-0.36008,180,0,0,796198
0,0,0,0.5,-0.36008,180,0,0,796204
0,25,-5,0.5,-0.356705,180,0,0,796222
0,24,-4,0.5,-0.353465,180,0,0,796238
0,26,-4,0.5,-0.349955,180,0,0,796256
0,25,-4,0.5,-0.34658,180,0,0,796272
0,23,-4,0.5,-0.343475,180,0,0,796287
0,45,-11,0.5,-0.3374,180,0,0,796321
0,17,-7,0.5,-0.335105,180,0,0,796331
0,12,-7,0.5,-0.333485,180,0,0,796343
0,10,-8,0.5,-0.332135,180,0,0,796356
0,7,-8,0.5,-0.33119,180,0,0,796374
0,4,-8,0.5,-0.33065,180,0,0,796388
0,1,-8,0.5,-0.330515,180,0,0,796408
0,0,-8,0.5,-0.330515,180,0,0,796424
0,1,-8,0.5,-0.33038,180,0,0,796440
0,6,-7,0.5,-0.32957,180,0,0,796456
0,10,-7,0.5,-0.32822,180,0,0,796481
0,14,-8,0.5,-0.32633,180,0,0,796491
0,17,-8,0.5,-0.324035,180,0,0,796507
0,20,-7,0.5,-0.321335,180,0,0,796527
0,19,-7,0.5,-0.31877,180,0,0,796542
0,16,-7,0.5,-0.31661,180,0,0,796557
0,14,-7,0.5,-0.31472,180,0,0,796574
0,12,-6,0.5,-0.3131,180,0,0,796591
0,10,-6,0.5,-0.31175,180,0,0,796610
0,10,-6,0.5,-0.3104,180,0,0,796623
0,9,-5,0.5,-0.309185,180,0,0,796640
0,19,-12,0.5,-0.30662,180,0,0,796663
0,10,-7,0.5,-0.30527,180,0,0,796676
0,13,-6,0.5,-0.303515,180,0,0,796698
0,16,-6,0.5,-0.301355,180,0,0,796713
0,18,-5,0.5,-0.298925,180,0,0,796725
0,18,-6,0.5,-0.296495,180,0,0,796739
0,18,-6,0.5,-0.294065,180,0,0,796759
0,16,-7,0.5,-0.291905,180,0,0,796776
0,16,-7,0.5,-0.289745,180,0,0,796790
0,18,-7,0.5,-0.287315,180,0,0,796806
0,18,-6,0.5,-0.284885,180,0,0,796827
0,17,-5,0.5,-0.28259,180,0,0,796840
0,18,-4,0.5,-0.28016,180,0,0,796856
0,14,-3,0.5,-0.27827,180,0,0,796877
0,12,-4,0.5,-0.27665,180,0,0,796893
0,9,-3,0.5,-0.275435,180,0,0,796907
0,6,-3,0.5,-0.274625,180,0,0,796923
0,8,-8,0.5,-0.273545,180,0,0,796946
0,0,0,0.5,-0.273545,180,0,0,796955
0,4,-4,0.5,-0.273005,180,0,0,796973
0,5,-5,0.5,-0.27233,180,0,0,796989
0,8,-5,0.5,-0.27125,180,0,0,797006
0,11,-5,0.5,-0.269765,180,0,0,797025
0,13,-6,0.5,-0.26801,180,0,0,797042
0,17,-6,0.5,-0.265715,180,0,0,797060
0,21,-5,0.5,-0.26288,180,0,0,797073
0,50,-9,0.5,-0.25613,180,0,0,797093
0,30,-4,0.5,-0.25208,180,0,0,797107
0,31,-4,0.5,-0.247895,180,0,0,797126
0,31,-4,0.5,-0.24371,180,0,0,797142
0,28,-4,0.5,-0.23993,180,0,0,797155
0,27,-5,0.5,-0.236285,180,0,0,797173
0,23,-6,0.5,-0.23318,180,0,0,797194
0,19,-6,0.5,-0.230615,180,0,0,797209
0,15,-6,0.5,-0.22859,180,0,0,797227
0,11,-6,0.5,-0.227105,180,0,0,797243
0,7,-6,0.5,-0.22616,180,0,0,797258
0,4,-6,0.5,-0.22562,180,0,0,797276
0,5,-7,0.5,-0.224945,180,0,0,797292
0,6,-7,0.5,-0.224135,180,0,0,797308
0,8,-9,0.5,-0.223055,180,0,0,797325
0,9,-8,0.5,-0.22184,180,0,0,797344
0,9,-9,0.5,-0.220625,180,0,0,797358
0,9,-9,0.5,-0.21941,180,1,31,797377
0,8,-10,0.5,-0.21833,180,1,31,797392
0,10,-19,0.5,-0.21698,180,1,31,797413
0,4,-9,0.5,-0.21644,180,0,0,797440
0,3,-9,0.5,-0.216035,180,0,0,797457
0,8,-16,0.5,-0.214955,180,0,0,797477
0,0,0,0.5,-0.214955,180,0,0,797485
0,5,-8,0.5,-0.21428,180,0,0,797500
0,6,-7,0.5,-0.21347,180,0,0,797512
0,8,-6,0.5,-0.21239,180,0,31,797526
0,9,-7,0.5,-0.211175,180,0,31,797545
0,8,-7,0.5,-0.210095,180,0,31,797558
0,7,-7,0.5,-0.20915,180,0,31,797579
0,4,-7,0.5,-0.20861,180,0,31,797597
0,4,-7,0.5,-0.20807,180,0,0,797613
0,1,-6,0.5,-0.207935,180,0,0,797626
0,-1,-5,0.5,-0.20807,180,0,0,797643
0,-2,-5,0.5,-0.20834,180,0,0,797661
0,-2,-4,0.5,-0.20861,180,0,0,797677
0,-3,-3,0.5,-0.209015,180,0,0,797692
0,-3,-3,0.5,-0.20942,180,0,0,797707
0,-2,-2,0.5,-0.20969,180,0,0,797727
0,-1,-2,0.5,-0.209825,180,0,0,797741
0,1,-1,0.5,-0.20969,180,0,0,797756
0,1,0,0.5,-0.209555,180,0,0,797774
0,0,-1,0.5,-0.209555,180,0,0,797795
0,0,0,0.5,-0.209555,180,0,0,797806
0,-1,0,0.5,-0.20969,180,0,0,797823
0,-4,-3,0.5,-0.21023,180,0,0,797842
0,-2,-3,0.5,-0.2105,180,0,0,797857
0,-1,-3,0.5,-0.210635,180,0,0,797876
0,1,-4,0.5,-0.2105,180,0,0,797891
0,2,-4,0.5,-0.21023,180,0,0,797908
0,2,-4,0.5,-0.20996,180,0,0,797927
0,3,-4,0.5,-0.209555,180,0,0,797942
0,2,-4,0.5,-0.209285,180,0,0,797960
0,2,-4,0.5,-0.209015,180,0,0,797979
0,1,-4,0.5,-0.20888,180,0,0,797993
0,1,-4,0.5,-0.208745,180,0,0,798010
0,1,-4,0.5,-0.20861,180,0,0,798026
0,0,-4,0.5,-0.20861,180,0,0,798043
0,-1,-4,0.5,-0.208745,180,0,0,798058
0,-1,-3,0.5,-0.20888,180,0,0,798076
0,-1,-3,0.5,-0.209015,180,0,0,798094
0,0,-3,0.5,-0.209015,180,0,31,798108
0,0,-3,0.5,-0.209015,180,0,31,798126
0,0,-3,0.5,-0.209015,180,0,0,798144
0,1,-2,0.5,-0.20888,180,0,0,798157
0,-1,-2,0.5,-0.209015,180,0,0,798174
0,1,-2,0.5,-0.20888,180,0,0,798192
0,2,-3,0.5,-0.20861,180,0,0,798209
0,2,-2,0.5,-0.20834,180,0,0,798224
0,2,-1,0.5,-0.20807,180,0,31,798244
0,2,-2,0.5,-0.2078,180,0,0,798260
0,2,-2,0.5,-0.20753,180,0,0,798275
0,2,-2,0.5,-0.20726,180,0,0,798292
0,1,-2,0.5,-0.207125,180,0,0,798309
0,0,-1,0.5,-0.207125,180,0,0,798327
0,2,-3,0.5,-0.206855,180,0,0,798354
0,0,0,0.5,-0.206855,180,0,31,798359
0,3,-1,0.5,-0.20645,180,0,31,798374
0,2,-1,0.5,-0.20618,180,0,0,798391
0,2,-1,0.5,-0.20591,180,0,0,798408
0,1,-1,0.5,-0.205775,180,0,0,798427
0,0,-1,0.5,-0.205775,180,0,0,798441
0,0,-1,0.5,-0.205775,180,0,0,798458
0,0,0,0.5,-0.205775,180,0,0,798476
0,0,0,0.5,-0.205775,180,0,0,798490
0,0,0,0.5,-0.205775,180,0,31,798510
0,0,0,0.5,-0.205775,180,0,31,798524
0,0,0,0.5,-0.205775,180,0,0,798540
0,1,0,0.5,-0.20564,180,0,0,798557
0,0,0,0.5,-0.20564,180,0,0,798574
0,3,0,0.5,-0.205235,180,0,0,798592
0,0,0,0.5,-0.205235,180,0,0,798607
0,7,1,0.5,-0.20429,180,0,31,798628
0,5,0,0.5,-0.203615,180,0,31,798641
0,5,0,0.5,-0.20294,180,0,31,798661
0,6,0,0.5,-0.20213,180,0,0,798675
0,6,0,0.5,-0.20132,180,0,0,798691
0,7,0,0.5,-0.200375,180,0,0,798707
0,6,0,0.5,-0.199565,180,0,0,798725
0,6,0,0.5,-0.198755,180,0,0,798744
0,7,1,0.5,-0.19781,180,0,31,798759
0,5,0,0.5,-0.197135,180,0,31,798774
0,5,0,0.5,-0.19646,180,0,31,798792
0,4,0,0.5,-0.19592,180,0,0,798812
0,3,-1,0.5,-0.195515,180,0,0,798829
0,4,0,0.5,-0.194975,180,0,0,798843
0,4,0,0.5,-0.194435,180,0,0,798858
0,3,0,0.5,-0.19403,180,0,31,798877
0,4,0,0.5,-0.19349,180,0,31,798894
0,4,0,0.5,-0.19295,180,0,31,798908
0,2,0,0.5,-0.19268,180,0,0,798924
0,0,0,0.5,-0.19268,180,0,0,798942
0,0,0,0.5,-0.19268,180,0,0,798961
0,0,1,0.5,-0.19268,180,0,0,798980
0,1,2,0.5,-0.192545,180,0,0,798998
0,2,2,0.5,-0.192275,180,0,0,799012
0,4,1,0.5,-0.191735,180,0,0,799029
0,2,1,0.5,-0.191465,180,0,31,799043
0,3,1,0.5,-0.19106,180,0,31,799060
0,2,1,0.5,-0.19079,180,0,31,799075
0,2,0,0.5,-0.19052,180,0,0,799098
0,3,1,0.5,-0.190115,180,0,0,799113
0,3,1,0.5,-0.18971,180,0,0,799126
0,6,1,0.5,-0.1889,180,0,0,799142
0,5,1,0.5,-0.188225,180,0,31,799163
0,7,1,0.5,-0.18728,180,0,31,799181
0,5,0,0.5,-0.186605,180,0,31,799193
0,3,0,0.5,-0.1862,180,0,31,799209
0,1,0,0.5,-0.186065,180,0,0,799225
0,0,0,0.5,-0.186065,180,0,0,799242
0,-1,0,0.5,-0.1862,180,0,0,799259
0,-3,1,0.5,-0.186605,180,0,0,799279
0,0,1,0.5,-0.186605,180,0,0,799292
0,2,2,0.5,-0.186335,180,0,31,799312
0,4,4,0.5,-0.185795,180,0,31,799332
0,0,0,0.5,-0.185795,180,0,31,799343
0,1,4,0.5,-0.18566,180,0,0,799361
0,0,1,0.5,-0.18566,180,0,0,799376
0,-1,2,0.5,-0.185795,180,0,0,799397
0,-2,2,0.5,-0.186065,180,0,0,799411
0,-3,2,0.5,-0.18647,180,0,0,799425
0,-5,1,0.5,-0.187145,180,0,0,799447
0,-6,1,0.5,-0.187955,180,0,0,799463
0,-5,1,0.5,-0.18863,180,0,0,799479
0,-5,2,0.5,-0.189305,180,0,0,799493
0,-4,2,0.5,-0.189845,180,0,0,799510
0,-1,2,0.5,-0.18998,180,0,0,799528
0,-2,2,0.5,-0.19025,180,0,0,799547
0,-1,1,0.5,-0.190385,180,0,0,799561
0,0,1,0.5,-0.190385,180,0,0,799581
0,-1,1,0.5,-0.19052,180,0,0,799598
0,0,1,0.5,-0.19052,180,0,0,799611
0,2,2,0.5,-0.19025,180,0,0,799628
0,3,1,0.5,-0.189845,180,0,0,799648
0,5,2,0.5,-0.18917,180,0,0,799665
0,2,2,0.5,-0.1889,180,0,0,799677
0,2,2,0.5,-0.18863,180,0,0,799694
0,0,2,0.5,-0.18863,180,0,0,799711
0,-1,3,0.5,-0.188765,180,0,0,799727
0,0,6,0.5,-0.188765,180,0,0,799744
0,0,4,0.5,-0.188765,180,0,31,799762
0,0,4,0.5,-0.188765,180,0,31,799777
0,0,4,0.5,-0.188765,180,0,0,799794
0,0,4,0.5,-0.188765,180,0,0,799813
0,0,4,0.5,-0.188765,180,0,0,799830
0,-1,3,0.5,-0.1889,180,0,0,799846
0,-1,3,0.5,-0.189035,180,0,0,799862
0,0,3,0.5,-0.189035,180,0,0,799878
0,-1,3,0.5,-0.18917,180,0,0,799898
0,0,2,0.5,-0.18917,180,0,0,799911
0,-2,2,0.5,-0.18944,180,0,0,799926
0,-3,2,0.5,-0.189845,180,0,0,799944
0,-3,3,0.5,-0.19025,180,0,0,799963
0,-1,2,0.5,-0.190385,180,0,0,799978
0,-1,2,0.5,-0.19052,180,0,0,799995
0,0,2,0.5,-0.19052,180,0,0,800013
0,-1,2,0.5,-0.190655,180,0,0,800029
0,-1,2,0.5,-0.19079,180,0,0,800047
0,-1,2,0.5,-0.190925,180,0,0,800061
0,-2,2,0.5,-0.191195,180,0,0,800077
0,-3,1,0.5,-0.1916,180,0,0,800095
0,-8,1,0.5,-0.19268,180,0,0,800115
0,-5,0,0.5,-0.193355,180,0,0,800132
0,-6,0,0.5,-0.194165,180,0,0,800143
0,-5,0,0.5,-0.19484,180,0,0,800167
0,-5,0,0.5,-0.195515,180,0,0,800177
0,-4,0,0.5,-0.196055,180,0,0,800195
0,-4,1,0.5,-0.196595,180,0,0,800211
0,-4,2,0.5,-0.197135,180,0,0,800228
0,-2,3,0.5,-0.197405,180,0,0,800245
0,-2,2,0.5,-0.197675,180,0,0,800261
0,-2,3,0.5,-0.197945,180,0,0,800279
0,-1,3,0.5,-0.19808,180,0,0,800300
0,0,3,0.5,-0.19808,180,0,0,800313
0,-1,3,0.5,-0.198215,180,0,0,800330
0,1,4,0.5,-0.19808,180,0,0,800346
0,0,3,0.5,-0.19808,180,0,0,800366
0,2,3,0.5,-0.19781,180,0,0,800382
0,2,2,0.5,-0.19754,180,0,0,800395
0,4,3,0.5,-0.197,180,0,0,800412
0,3,2,0.5,-0.196595,180,0,0,800431
0,4,2,0.5,-0.196055,180,0,0,800446
0,10,6,0.5,-0.194705,180,0,0,800465
0,7,4,0.5,-0.19376,180,0,0,800481
0,9,4,0.5,-0.192545,180,0,0,800503
0,9,4,0.5,-0.19133,180,0,0,800517
0,13,5,0.5,-0.189575,180,0,0,800536
0,13,5,0.5,-0.18782,180,0,0,800549
0,12,6,0.5,-0.1862,180,0,0,800566
0,13,5,0.5,-0.184445,180,0,31,800583
0,12,5,0.5,-0.182825,180,0,31,800596
0,12,5,0.5,-0.181205,180,0,0,800617
0,11,5,0.5,-0.17972,180,0,0,800628
0,10,4,0.5,-0.17837,180,0,0,800646
0,12,5,0.5,-0.17675,180,0,0,800664
0,14,4,0.5,-0.17486,180,0,0,800683
0,14,4,0.5,-0.17297,180,0,0,800698
0,17,4,0.5,-0.170675,180,0,0,800714
0,20,4,0.5,-0.167975,180,0,0,800733
0,21,3,0.5,-0.16514,180,0,0,800752
0,22,3,0.5,-0.16217,180,0,0,800763
0,20,2,0.5,-0.15947,180,0,0,800780
0,19,1,0.5,-0.156905,180,0,0,800796
0,16,0,0.5,-0.154745,180,0,0,800815
0,14,-1,0.5,-0.152855,180,0,0,800830
0,13,-1,0.5,-0.1511,180,0,0,800849
0,11,-1,0.5,-0.149615,180,0,0,800865
0,23,-2,0.5,-0.14651,180,0,0,800880
0,12,-6,0.5,-0.14489,180,0,0,800898
0,13,-3,0.5,-0.143135,180,0,0,800916
0,13,-3,0.5,-0.14138,180,0,0,800932
0,15,-1,0.5,-0.139355,180,0,0,800948
0,17,-1,0.5,-0.13706,180,0,0,800962
0,17,0,0.5,-0.134765,180,0,0,800980
0,17,0,0.5,-0.13247,180,0,0,800997
0,13,0,0.5,-0.130715,180,0,0,801013
0,12,0,0.5,-0.129095,180,0,0,801033
0,9,-1,0.5,-0.12788,180,0,0,801046
0,4,0,0.5,-0.12734,180,0,0,801065
0,1,0,0.5,-0.127205,180,0,0,801081
0,-5,0,0.5,-0.12788,180,0,0,801097
0,-9,2,0.5,-0.129095,180,0,0,801116
0,-10,3,0.5,-0.130445,180,0,0,801129
0,-7,4,0.5,-0.13139,180,0,0,801147
0,-5,4,0.5,-0.132065,180,0,0,801163
0,-1,4,0.5,-0.1322,180,0,0,801184
0,1,4,0.5,-0.132065,180,0,0,801199
0,10,5,0.5,-0.130715,180,0,31,801221
0,9,1,0.5,-0.1295,180,0,31,801237
0,0,0,0.5,-0.1295,180,0,31,801247
0,9,0,0.5,-0.128285,180,0,31,801262
0,21,0,0.5,-0.12545,180,0,0,801281
0,12,1,0.5,-0.12383,180,0,0,801297
0,14,1,0.5,-0.12194,180,0,0,801313
0,15,1,0.5,-0.119915,180,0,0,801332
0,14,0,0.5,-0.118025,180,0,0,801346
0,15,0,0.5,-0.116,180,0,31,801363
0,13,-1,0.5,-0.114245,180,0,31,801379
0,14,-2,0.5,-0.112355,180,0,31,801397
0,13,-2,0.5,-0.1106,180,0,0,801416
0,14,-2,0.5,-0.10871,180,0,0,801430
0,16,-1,0.5,-0.10655,180,0,0,801451
0,19,-1,0.5,-0.103985,180,0,0,801467
0,20,0,0.5,-0.101285,180,0,0,801481
0,22,0,0.5,-0.098315,180,0,0,801496
0,21,0,0.5,-0.09548,180,0,0,801514
0,22,0,0.5,-0.09251,180,0,0,801533
0,20,0,0.5,-0.08981,180,0,0,801548
0,35,0,0.5,-0.085085,180,0,0,801572
0,0,0,0.5,-0.085085,180,0,0,801579
0,12,0,0.5,-0.083465,180,0,0,801597
0,9,0,0.5,-0.08225,180,0,0,801615
0,5,-2,0.5,-0.081575,180,0,0,801632
0,0,-3,0.5,-0.081575,180,0,0,801649
0,-6,-4,0.5,-0.082385,180,0,0,801667
0,-12,-5,0.5,-0.084005,180,0,0,801684
0,-15,0,0.5,-0.08603,180,0,0,801698
0,-18,-4,0.5,-0.08846,180,0,0,801716
0,-21,-1,0.5,-0.091295,180,0,0,801730
0,-24,-1,0.5,-0.094535,180,0,0,801748
0,-24,0,0.5,-0.097775,180,0,0,801764
0,-24,0,0.5,-0.101015,180,0,0,801781
0,-20,0,0.5,-0.103715,180,0,0,801796
0,-17,0,0.5,-0.10601,180,0,0,801814
0,-11,0,0.5,-0.107495,180,0,0,801831
0,-5,0,0.5,-0.10817,180,0,0,801846
0,-2,0,0.5,-0.10844,180,0,0,801864
0,2,-1,0.5,-0.10817,180,0,0,801885
0,8,-2,0.5,-0.10709,180,0,0,801898
0,8,-2,0.5,-0.10601,180,0,0,801915
0,10,-4,0.5,-0.10466,180,0,0,801933
0,7,-3,0.5,-0.103715,180,0,0,801951
0,7,-3,0.5,-0.10277,180,0,0,801972
0,5,-3,0.5,-0.102095,180,0,0,801989
0,2,-2,0.5,-0.101825,180,0,0,801999
0,1,-6,0.5,-0.10169,180,0,0,802018
0,0,0,0.5,-0.10169,180,0,0,802034
0,0,-5,0.5,-0.10169,180,0,0,802050
0,-2,-2,0.5,-0.10196,180,0,0,802068
0,-1,0,0.5,-0.102095,180,0,0,802082
0,-5,0,0.5,-0.10277,180,0,0,802097
0,-5,0,0.5,-0.103445,180,0,0,802114
0,-6,0,0.5,-0.104255,180,0,0,802132
0,-5,0,0.5,-0.10493,180,0,0,802148
0,-5,1,0.5,-0.105605,180,0,0,802166
0,-3,1,0.5,-0.10601,180,0,0,802183
0,-2,1,0.5,-0.10628,180,0,0,802199
0,1,1,0.5,-0.106145,180,0,0,802216
0,7,1,0.5,-0.1052,180,0,0,802235
0,12,1,0.5,-0.10358,180,0,31,802249
0,15,1,0.5,-0.101555,180,0,31,802265
0,17,0,0.5,-0.09926,180,0,31,802282
0,14,0,0.5,-0.09737,180,0,0,802298
0,15,0,0.5,-0.095345,180,0,0,802316
0,11,-1,0.5,-0.09386,180,0,0,802334
0,11,-2,0.5,-0.092375,180,0,0,802354
0,10,-2,0.5,-0.091025,180,0,0,802365
0,8,-2,0.5,-0.089945,180,0,0,802382
0,5,-2,0.5,-0.08927,180,0,0,802399
0,11,-7,0.5,-0.087785,180,0,0,802418
0,6,-4,0.5,-0.086975,180,0,31,802434
0,7,-4,0.5,-0.08603,180,0,31,802453
0,7,-4,0.5,-0.085085,180,0,31,802469
0,7,-4,0.5,-0.08414,180,0,0,802487
0,7,-3,0.5,-0.083195,180,0,0,802501
0,9,-3,0.5,-0.08198,180,0,0,802518
0,9,-3,0.5,-0.080765,180,0,0,802535
0,9,-4,0.5,-0.07955,180,0,0,802550
0,10,-3,0.5,-0.0782,180,0,0,802567
0,12,-2,0.5,-0.07658,180,0,0,802584
0,13,-3,0.5,-0.074825,180,0,0,802600
0,15,-2,0.5,-0.0728,180,0,0,802616
0,16,-2,0.5,-0.07064,180,0,0,802634
0,17,-2,0.5,-0.068345,180,0,0,802651
0,17,-2,0.5,-0.06605,180,0,0,802671
0,18,-2,0.5,-0.06362,180,0,0,802683
0,19,-2,0.5,-0.061055,180,0,0,802705
0,18,-1,0.5,-0.058625,180,0,0,802717
0,17,-2,0.5,-0.05633,180,0,0,802737
0,15,-2,0.5,-0.054305,180,0,0,802750
0,15,-2,0.5,-0.05228,180,0,0,802766
0,16,-2,0.5,-0.05012,180,0,31,802784
0,18,-4,0.5,-0.04769,180,0,31,802800
0,34,-7,0.5,-0.0431,180,0,0,802824
0,13,-4,0.5,-0.041345,180,0,0,802839
0,11,-4,0.5,-0.03986,180,0,0,802862
0,9,-5,0.5,-0.038645,180,0,0,802874
0,10,-5,0.5,-0.037295,180,0,0,802888
0,7,-6,0.5,-0.03635,180,0,0,802904
0,6,-6,0.5,-0.03554,180,0,0,802918
0,8,-7,0.5,-0.03446,180,0,0,802935
0,9,-6,0.5,-0.033245,180,0,0,802952
0,12,-7,0.5,-0.031625,180,0,0,802969
0,15,-6,0.5,-0.0296,180,0,0,802987
0,18,-6,0.5,-0.02717,180,0,0,803003
0,20,-6,0.5,-0.02447,180,0,0,803019
0,20,-5,0.5,-0.02177,180,0,0,803035
0,21,-4,0.5,-0.018935,180,0,0,803056
0,20,-4,0.5,-0.016235,180,0,0,803067
0,21,-4,0.5,-0.0134,180,0,0,803090
0,20,-4,0.5,-0.0107,180,0,0,803104
0,19,-3,0.5,-0.008135,180,0,0,803117
0,21,-3,0.5,-0.0053,180,0,0,803136
0,29,-8,0.5,-0.001385,180,0,0,803158
0,6,-5,0.5,-0.000575,180,0,0,803173
0,0,0,0.5,-0.000575,180,0,0,803184
0,-6,-7,0.5,-0.001385,180,0,0,803212
0,-11,-2,0.5,-0.00287,180,0,0,803224
0,-12,-1,0.5,-0.00449,180,0,0,803242
0,-10,0,0.5,-0.00584,180,0,0,803254
0,-8,0,0.5,-0.00692,180,0,0,803267
0,-8,0,0.5,-0.008,180,0,0,803283
0,-8,-1,0.5,-0.00908,180,0,0,803304
0,-10,-1,0.5,-0.01043,180,0,0,803317
0,-12,-3,0.5,-0.01205,180,0,0,803334
0,-14,-4,0.5,-0.01394,180,0,0,803351
0,-16,-5,0.5,-0.0161,180,0,0,803371
0,-17,-6,0.5,-0.018395,180,0,0,803385
0,-15,-7,0.5,-0.02042,180,0,0,803401
0,-11,-8,0.5,-0.021905,180,0,0,803426
0,-11,-10,0.5,-0.02339,180,0,0,803437
0,-8,-10,0.5,-0.02447,180,0,0,803455
0,-6,-10,0.5,-0.02528,180,0,0,803473
0,-2,-10,0.5,-0.02555,180,0,0,803491
0,6,-17,0.5,-0.02474,180,0,0,803510
0,0,0,0.5,-0.02474,180,0,0,803517
0,6,-7,0.5,-0.02393,180,0,0,803536
0,7,-7,0.5,-0.022985,180,0,0,803552
0,19,-12,0.5,-0.02042,180,0,0,803572
0,9,-5,0.5,-0.019205,180,0,0,803587
0,13,-5,0.5,-0.01745,180,0,0,803607
0,14,-4,0.5,-0.01556,180,0,0,803619
0,16,-4,0.5,-0.0134,180,0,0,803636
0,18,-3,0.5,-0.01097,180,0,0,803652
0,21,-4,0.5,-0.008135,180,0,0,803668
0,23,-3,0.5,-0.00503,180,0,0,803687
0,25,-3,0.5,-0.001655,180,0,0,803708
0,26,-3,0.5,0.001855,180,0,0,803719
0,27,-3,0.5,0.0055,180,0,0,803737
0,23,-3,0.5,0.008605,180,0,0,803752
0,21,-4,0.5,0.01144,180,0,0,803771
0,19,-5,0.5,0.014005,180,0,0,803793
0,16,-4,0.5,0.016165,180,0,0,803807
0,16,-5,0.5,0.018325,180,0,0,803819
0,14,-4,0.5,0.020215,180,0,0,803835
0,13,-5,0.5,0.02197,180,0,0,803855
0,13,-5,0.5,0.023725,180,0,0,803869
0,10,-6,0.5,0.025075,180,0,0,803886
0,10,-6,0.5,0.026425,180,0,0,803903
0,9,-6,0.5,0.02764,180,0,0,803920
0,7,-6,0.5,0.028585,180,0,0,803938
0,19,-9,0.5,0.03115,180,0,0,803958
0,12,-11,0.5,0.03277,180,0,0,803973
0,14,-8,0.5,0.03466,180,0,0,803991
0,13,-8,0.5,0.036415,180,0,0,804006
0,14,-9,0.5,0.038305,180,0,0,804026
0,15,-9,0.5,0.04033,180,0,0,804040
0,15,-9,0.5,0.042355,180,0,0,804054
0,18,-9,0.5,0.044785,180,0,0,804072
0,20,-9,0.5,0.047485,180,0,0,804087
0,22,-8,0.5,0.050455,180,0,0,804107
0,20,-7,0.5,0.053155,180,0,0,804123
0,19,-6,0.5,0.05572,180,0,0,804136
0,18,-5,0.5,0.05815,180,0,0,804156
0,20,-6,0.5,0.06085,180,0,0,804176
0,20,-5,0.5,0.06355,180,0,0,804188
0,21,-7,0.5,0.066385,180,0,0,804204
0,19,-7,0.5,0.06895,180,0,0,804222
0,16,-8,0.5,0.07111,180,0,0,804239
0,23,-9,0.5,0.074215,180,0,0,804259
0,10,-14,0.5,0.075565,180,0,0,804278
0,10,-15,0.5,0.076915,180,0,0,804295
0,0,0,0.5,0.076915,180,0,0,804302
0,11,-10,0.5,0.0784,180,0,0,804320
0,12,-9,0.5,0.08002,180,0,0,804339
0,27,-18,0.5,0.083665,180,0,0,804361
0,14,-8,0.5,0.085555,180,0,0,804379
0,12,-7,0.5,0.087175,180,0,0,804399
0,9,-6,0.5,0.08839,180,0,0,804406
0,7,-5,0.5,0.089335,180,0,0,804419
0,9,-5,0.5,0.09055,180,0,0,804438
0,9,-5,0.5,0.091765,180,0,0,804455
0,12,-6,0.5,0.093385,180,0,0,804476
0,16,-7,0.5,0.095545,180,0,0,804493
0,19,-7,0.5,0.09811,180,0,0,804506
0,22,-8,0.5,0.10108,180,0,0,804529
0,52,-13,0.5,0.1081,180,0,0,804554
0,28,-5,0.5,0.11188,180,0,0,804565
0,0,0,0.5,0.11188,180,0,0,804570
0,27,-5,0.5,0.115525,180,0,0,804588
0,27,-5,0.5,0.11917,180,0,0,804605
0,26,-6,0.5,0.12268,180,0,0,804624
0,23,-6,0.5,0.125785,180,0,0,804640
0,19,-5,0.5,0.12835,180,0,0,804655
0,18,-5,0.5,0.13078,180,0,0,804672
0,13,-4,0.5,0.132535,180,0,0,804687
0,17,-7,0.5,0.13483,180,0,0,804706
0,3,-4,0.5,0.135235,180,0,0,804721
0,0,-5,0.5,0.135235,180,0,0,804739
0,-2,-5,0.5,0.134965,180,0,0,804756
0,-5,-6,0.5,0.13429,180,0,0,804773
0,-5,-5,0.5,0.133615,180,0,0,804788
0,-2,-5,0.5,0.133345,180,0,0,804805
0,2,-6,0.5,0.133615,180,0,0,804822
0,5,-6,0.5,0.13429,180,0,0,804838
0,9,-7,0.5,0.135505,180,0,0,804858
0,12,-8,0.5,0.137125,180,0,0,804873
0,13,-8,0.5,0.13888,180,0,0,804889
0,16,-9,0.5,0.14104,180,0,0,804907
0,19,-10,0.5,0.143605,180,0,0,804926
0,21,-10,0.5,0.14644,180,0,0,804940
0,23,-10,0.5,0.149545,180,0,0,804957
0,24,-10,0.5,0.152785,180,0,0,804974
0,24,-9,0.5,0.156025,180,0,0,804994
0,27,-8,0.5,0.15967,180,0,0,805007
0,26,-7,0.5,0.16318,180,0,0,805024
0,27,-6,0.5,0.166825,180,0,0,805042
0,29,-6,0.5,0.17074,180,0,0,805056
0,28,-6,0.5,0.17452,180,0,0,805073
0,28,-6,0.5,0.1783,180,0,0,805089
0,26,-4,0.5,0.18181,180,0,0,805104
0,48,-7,0.5,0.18829,180,0,0,805126
0,22,-4,0.5,0.19126,180,0,0,805142
0,20,-6,0.5,0.19396,180,0,0,805156
0,18,-6,0.5,0.19639,180,0,0,805174
0,15,-7,0.5,0.198415,180,0,0,805193
0,14,-7,0.5,0.200305,180,0,0,805210
0,12,-7,0.5,0.201925,180,0,0,805227
0,10,-8,0.5,0.203275,180,0,0,805241
0,12,-8,0.5,0.204895,180,0,0,805265
0,31,-15,0.5,0.20908,180,0,0,805287
0,19,-7,0.5,0.211645,180,0,0,805301
0,0,0,0.5,0.211645,180,0,0,805307
0,18,-6,0.5,0.214075,180,0,0,805325
0,17,-6,0.5,0.21637,180,0,0,805340
0,17,-5,0.5,0.218665,180,0,0,805363
0,14,-5,0.5,0.220555,180,0,0,805376
0,15,-5,0.5,0.22258,180,0,0,805391
0,14,-4,0.5,0.22447,180,0,0,805405
0,14,-4,0.5,0.22636,180,0,0,805422
0,15,-4,0.5,0.228385,180,0,0,805439
0,33,-9,0.5,0.23284,180,0,0,805461
0,17,-5,0.5,0.235135,180,0,0,805475
0,21,-5,0.5,0.23797,180,0,0,805492
0,20,-5,0.5,0.24067,180,0,0,805510
0,21,-4,0.5,0.243505,180,0,0,805526
0,19,-4,0.5,0.24607,180,0,0,805546
0,19,-4,0.5,0.248635,180,0,0,805557
0,17,-4,0.5,0.25093,180,0,0,805574
0,14,-4,0.5,0.25282,180,0,0,805590
0,13,-5,0.5,0.254575,180,0,0,805606
0,12,-6,0.5,0.256195,180,0,0,805627
0,13,-6,0.5,0.25795,180,0,0,805643
0,13,-6,0.5,0.259705,180,0,0,805659
0,15,-7,0.5,0.26173,180,0,0,805676
0,14,-6,0.5,0.26362,180,0,0,805692
0,11,-7,0.5,0.265105,180,0,0,805707
0,8,-7,0.5,0.266185,180,0,0,805722
0,3,-8,0.5,0.26659,180,0,0,805742
0,-1,-8,0.5,0.266455,180,0,0,805759
0,-4,-15,0.5,0.265915,180,0,0,805781
0,0,0,0.5,0.265915,180,0,0,805789
0,-1,-8,0.5,0.26578,180,0,31,805807
0,1,-8,0.5,0.265915,180,0,0,805823
0,0,-9,0.5,0.265915,180,0,0,805841
0,7,-17,0.5,0.26686,180,0,0,805863
0,6,-8,0.5,0.26767,180,0,0,805876
0,9,-8,0.5,0.268885,180,0,0,805891
0,9,-9,0.5,0.2701,180,0,31,805913
0,9,-8,0.5,0.271315,180,0,31,805931
0,10,-8,0.5,0.272665,180,0,31,805947
0,7,-8,0.5,0.27361,180,0,31,805959
0,6,-7,0.5,0.27442,180,0,31,805978
0,6,-7,0.5,0.27523,180,0,0,805994
0,5,-7,0.5,0.275905,180,0,0,806010
0,4,-6,0.5,0.276445,180,0,0,806027
0,4,-6,0.5,0.276985,180,0,0,806042
0,4,-6,0.5,0.277525,180,0,0,806058
0,5,-6,0.5,0.2782,180,0,31,806075
0,5,-5,0.5,0.278875,180,0,31,806092
0,4,-4,0.5,0.279415,180,0,31,806108
0,2,-5,0.5,0.279685,180,0,0,806126
0,2,-4,0.5,0.279955,180,0,0,806142
0,2,-5,0.5,0.280225,180,0,0,806162
0,3,-4,0.5,0.28063,180,0,0,806175
0,3,-3,0.5,0.281035,180,0,0,806193
0,8,-5,0.5,0.282115,180,0,0,806212
0,4,-2,0.5,0.282655,180,0,0,806225
0,3,-2,0.5,0.28306,180,0,0,806241
0,3,-2,0.5,0.283465,180,0,0,806257
0,1,-1,0.5,0.2836,180,0,0,806275
0,2,-1,0.5,0.28387,180,0,0,806293
0,2,-2,0.5,0.28414,180,0,0,806306
0,4,-2,0.5,0.28468,180,0,0,806324
0,9,-3,0.5,0.285895,180,0,0,806342
0,11,-2,0.5,0.28738,180,0,0,806359
0,14,-3,0.5,0.28927,180,0,0,806374
0,17,-3,0.5,0.291565,180,0,0,806390
0,19,-3,0.5,0.29413,180,0,0,806407
0,22,-3,0.5,0.2971,180,0,0,806423
0,26,-2,0.5,0.30061,180,0,0,806443
0,27,-2,0.5,0.304255,180,0,0,806465
0,30,0,0.5,0.308305,180,0,0,806477
0,32,0,0.5,0.312625,180,0,0,806490
0,31,0,0.5,0.31681,180,0,0,806506
0,28,0,0.5,0.32059,180,0,0,806525
0,24,-1,0.5,0.32383,180,0,0,806544
0,20,-2,0.5,0.32653,180,0,0,806557
0,33,-5,0.5,0.330985,180,0,0,806580
0,12,-3,0.5,0.332605,180,0,0,806592
0,0,0,0.5,0.332605,180,0,0,806606
0,10,-4,0.5,0.333955,180,0,0,806626
0,19,-11,0.5,0.33652,180,0,0,806644
0,10,-6,0.5,0.33787,180,0,0,806658
0,13,-8,0.5,0.339625,180,0,0,806676
0,13,-8,0.5,0.34138,180,0,0,806692
0,14,-9,0.5,0.34327,180,0,0,806713
0,17,-9,0.5,0.345565,180,0,0,806730
0,19,-8,0.5,0.34813,180,0,0,806745
0,22,-8,0.5,0.3511,180,0,0,806763
0,26,-8,0.5,0.35461,180,0,0,806778
0,30,-6,0.5,0.35866,180,0,0,806793
0,33,-5,0.5,0.363115,180,0,0,806813
0,36,-5,0.5,0.367975,180,0,0,806830
0,36,-4,0.5,0.372835,180,0,0,806842
0,34,-4,0.5,0.377425,180,0,0,806861
0,31,-4,0.5,0.38161,180,0,0,806880
0,54,-7,0.5,0.3889,180,0,0,806898
0,21,-4,0.5,0.391735,180,0,0,806914
0,0,0,0.5,0.391735,180,0,0,806924
0,17,-5,0.5,0.39403,180,0,0,806944
0,26,-14,0.5,0.39754,180,0,0,806962
0,0,0,0.5,0.39754,180,0,0,806974
0,9,-8,0.5,0.398755,180,0,0,806993
0,15,-16,0.5,0.40078,180,0,0,807014
0,10,-7,0.5,0.40213,180,0,0,807027
0,9,-7,0.5,0.403345,180,0,31,807043
0,12,-8,0.5,0.404965,180,0,31,807060
0,11,-8,0.5,0.40645,180,0,31,807079
0,10,-7,0.5,0.4078,180,0,0,807099
0,10,-8,0.5,0.40915,180,0,0,807110
0,11,-7,0.5,0.410635,180,0,0,807130
0,14,-7,0.5,0.412525,180,0,0,807142
0,15,-7,0.5,0.41455,180,0,0,807161
0,18,-6,0.5,0.41698,180,0,0,807175
0,22,-6,0.5,0.41995,180,0,0,807196
0,23,-4,0.5,0.423055,180,0,0,807211
0,26,-4,0.5,0.426565,180,0,0,807229
0,27,-3,0.5,0.43021,180,0,0,807247
0,56,-4,0.5,0.43777,180,0,0,807265
0,0,0,0.5,0.43777,180,0,0,807275
0,26,-2,0.5,0.44128,180,0,0,807292
0,24,-2,0.5,0.44452,180,0,0,807307
0,43,-6,0.5,0.450325,180,0,0,807331
0,20,-3,0.5,0.453025,180,0,0,807343
0,18,-8,0.5,0.455455,180,0,0,807362
0,17,-7,0.5,0.45775,180,0,0,807379
0,15,-7,0.5,0.459775,180,0,0,807398
0,14,-8,0.5,0.461665,180,0,0,807414
0,14,-8,0.5,0.463555,180,0,0,807435
0,14,-9,0.5,0.465445,180,0,0,807448
0,14,-9,0.5,0.467335,180,0,0,807460
0,14,-10,0.5,0.469225,180,0,0,807480
0,15,-9,0.5,0.47125,180,0,0,807496
0,16,-8,0.5,0.47341,180,0,0,807515
0,17,-7,0.5,0.475705,180,0,0,807529
0,17,-7,0.5,0.478,180,0,0,807549
0,16,-7,0.5,0.48016,180,0,0,807562
0,15,-7,0.5,0.482185,180,0,0,807578
0,15,-7,0.5,0.48421,180,0,0,807594
0,14,-6,0.5,0.4861,180,0,0,807613
0,15,-6,0.5,0.488125,180,0,0,807628
0,13,-4,0.5,0.48988,180,0,0,807643
0,15,-3,0.5,0.491905,180,0,0,807659
0,15,-3,0.5,0.49393,180,0,0,807676
0,15,-3,0.5,0.495955,180,0,0,807695
0,29,-7,0.5,0.49987,180,0,0,807716
0,13,-1,0.5,0.501625,180,0,0,807733
0,11,-8,0.5,0.50311,180,0,0,807746
0,6,-5,0.5,0.50392,180,0,0,807763
0,5,-4,0.5,0.504595,180,0,0,807777
0,3,-5,0.5,0.505,180,0,0,807796
0,1,-4,0.5,0.505135,180,0,0,807811
0,0,-3,0.5,0.505135,180,0,0,807830
0,-3,-3,0.5,0.50473,180,0,0,807845
0,-4,-3,0.5,0.50419,180,0,0,807860
0,-5,-4,0.5,0.503515,180,0,0,807878
0,-2,-4,0.5,0.503245,180,0,0,807893
0,0,-4,0.5,0.503245,180,0,0,807911
0,5,-4,0.5,0.50392,180,0,0,807929
0,6,-3,0.5,0.50473,180,0,0,807944
0,9,-4,0.5,0.505945,180,0,0,807963
0,12,-4,0.5,0.507565,180,0,0,807980
0,15,-4,0.5,0.50959,180,0,0,807996
0,19,-4,0.5,0.512155,180,0,0,808014
0,23,-4,0.5,0.51526,180,0,0,808028
0,28,-3,0.5,0.51904,180,0,0,808045
0,29,-2,0.5,0.522955,180,0,0,808062
0,29,-1,0.5,0.52687,180,0,0,808081
0,61,-2,0.5,0.535105,180,0,0,808099
0,30,-1,0.5,0.539155,180,0,0,808115
0,30,-1,0.5,0.543205,180,0,0,808127
0,25,-2,0.5,0.54658,180,0,0,808146
0,23,-1,0.5,0.549685,180,0,0,808160
0,20,-2,0.5,0.552385,180,0,0,808183
0,18,-3,0.5,0.554815,180,0,0,808198
0,16,-4,0.5,0.556975,180,0,0,808213
0,15,-6,0.5,0.559,180,0,0,808230
0,13,-6,0.5,0.560755,180,0,0,808248
0,13,-7,0.5,0.56251,180,0,0,808262
0,12,-7,0.5,0.56413,180,0,0,808283
0,10,-8,0.5,0.56548,180,0,0,808301
0,11,-8,0.5,0.566965,180,0,0,808320
0,11,-7,0.5,0.56845,180,0,0,808328
0,12,-7,0.5,0.57007,180,0,0,808348
0,14,-7,0.5,0.57196,180,0,0,808368
0,32,-12,0.5,0.57628,180,0,0,808390
0,19,-6,0.5,0.578845,180,0,0,808404
0,0,0,0.5,0.578845,180,0,0,808411
0,19,-5,0.5,0.58141,180,0,0,808432
0,43,-9,0.5,0.587215,180,0,0,808450
0,0,0,0.5,0.587215,180,0,0,808463
0,22,-4,0.5,0.590185,180,0,0,808480
0,22,-3,0.5,0.593155,180,0,0,808497
0,45,-8,0.5,0.59923,180,0,0,808516
0,24,-4,0.5,0.60247,180,0,0,808529
0,27,-4,0.5,0.606115,180,0,0,808545
0,27,-4,0.5,0.60976,180,0,0,808570
0,28,-5,0.5,0.61354,180,0,0,808578
0,25,-5,0.5,0.616915,180,0,0,808599
0,24,-6,0.5,0.620155,180,0,0,808613
0,24,-7,0.5,0.623395,180,0,0,808631
0,23,-7,0.5,0.6265,180,0,0,808650
0,22,-7,0.5,0.62947,180,0,0,808664
0,18,-7,0.5,0.6319,180,0,0,808680
0,14,-7,0.5,0.63379,180,0,0,808698
0,8,-6,0.5,0.63487,180,0,0,808718
0,4,-5,0.5,0.63541,180,0,0,808728
0,2,-4,0.5,0.63568,180,0,0,808746
0,1,-5,0.5,0.635815,180,0,0,808763
0,-2,-5,0.5,0.635545,180,0,0,808779
0,-5,-5,0.5,0.63487,180,0,0,808797
0,-7,-4,0.5,0.633925,180,0,0,808815
0,-9,-4,0.5,0.63271,180,0,0,808829
0,-9,-3,0.5,0.631495,180,0,0,808846
0,-6,-3,0.5,0.630685,180,0,0,808863
0,-3,-4,0.5,0.63028,180,0,0,808881
0,3,-3,0.5,0.630685,180,0,0,808899
0,6,-3,0.5,0.631495,180,0,0,808913
0,6,-3,0.5,0.632305,180,0,31,808928
0,7,-3,0.5,0.63325,180,0,31,808948
0,8,-3,0.5,0.63433,180,0,31,808963
0,9,-2,0.5,0.635545,180,0,0,808981
0,8,-3,0.5,0.636625,180,0,0,809001
0,9,-3,0.5,0.63784,180,0,0,809017
0,9,-3,0.5,0.639055,180,0,0,809028
0,10,-4,0.5,0.640405,180,0,31,809046
0,7,-4,0.5,0.64135,180,0,31,809063
0,6,-5,0.5,0.64216,180,0,31,809083
0,4,-5,0.5,0.6427,180,0,0,809100
0,3,-4,0.5,0.643105,180,0,0,809114
0,2,-4,0.5,0.643375,180,0,0,809132
0,1,-3,0.5,0.64351,180,0,0,809147
0,4,-3,0.5,0.64405,180,0,0,809164
0,4,-3,0.5,0.64459,180,0,0,809183
0,6,-3,0.5,0.6454,180,0,0,809199
0,8,-3,0.5,0.64648,180,0,0,809212
0,23,-5,0.5,0.649585,180,0,0,809235
0,13,-2,0.5,0.65134,180,0,0,809249
0,0,0,0.5,0.65134,180,0,0,809261
0,30,-3,0.5,0.65539,180,0,0,809284
0,19,-1,0.5,0.657955,180,0,0,809296
0,20,0,0.5,0.660655,180,0,0,809313
0,20,0,0.5,0.663355,180,0,0,809328
0,21,0,0.5,0.66619,180,0,0,809349
0,19,0,0.5,0.668755,180,0,0,809362
0,18,1,0.5,0.671185,180,0,0,809378
0,17,1,0.5,0.67348,180,0,0,809395
0,17,1,0.5,0.675775,180,0,0,809416
0,15,1,0.5,0.6778,180,0,0,809431
0,15,1,0.5,0.679825,180,0,0,809449
0,14,0,0.5,0.681715,180,0,0,809467
0,15,-2,0.5,0.68374,180,0,0,809480
0,16,-2,0.5,0.6859,180,0,0,809498
0,16,-3,0.5,0.68806,180,0,0,809515
0,16,-3,0.5,0.69022,180,0,31,809530
0,15,-3,0.5,0.692245,180,0,31,809548
0,13,-3,0.5,0.694,180,0,31,809564
0,10,-4,0.5,0.69535,180,0,31,809581
0,8,-4,0.5,0.69643,180,0,0,809597
0,19,-9,0.5,0.698995,180,0,0,809625
0,15,-4,0.5,0.70102,180,0,0,809637
0,17,-3,0.5,0.703315,180,0,0,809651
0,21,-2,0.5,0.70615,180,0,0,809667
0,22,-2,0.5,0.70912,180,0,0,809682
0,22,0,0.5,0.71,180,0,0,809696
