0,23,11,0.5,-0.706895,180,0,0,105024
-1,10,5,0.5,-0.705545,180,0,0,105034
1,9,5,0.5,-0.70433,180,0,0,105045
0,8,5,0.5,-0.70325,180,0,0,105063
0,9,5,0.5,-0.702035,180,0,0,105078
0,11,4,0.5,-0.70055,180,0,0,105095
0,12,4,0.5,-0.69893,180,0,0,105113
0,12,3,0.5,-0.69731,180,0,0,105127
0,11,2,0.5,-0.695825,180,0,0,105144
0,8,1,0.5,-0.694745,180,0,0,105163
0,4,2,0.5,-0.694205,180,0,0,105177
0,1,3,0.5,-0.69407,180,0,0,105194
0,-1,5,0.5,-0.694205,180,0,0,105213
0,-1,6,0.5,-0.69434,180,0,0,105228
0,0,6,0.5,-0.69434,180,0,0,105245
0,1,7,0.5,-0.694205,180,0,0,105262
0,0,7,0.5,-0.694205,180,0,0,105278
0,0,7,0.5,-0.694205,180,0,0,105295
0,3,7,0.5,-0.6938,180,0,0,105313
0,4,7,0.5,-0.69326,180,0,0,105328
-1,5,7,0.5,-0.692585,180,0,0,105345
0,5,7,0.5,-0.69191,180,0,0,105364
0,7,7,0.5,-0.690965,180,0,0,105378
0,7,7,0.5,-0.69002,180,0,0,105395
0,10,7,0.5,-0.68867,180,0,0,105413
0,27,13,0.5,-0.685025,180,0,0,105432
0,15,5,0.5,-0.683,180,0,0,105446
0,17,5,0.5,-0.680705,180,0,0,105464
0,17,5,0.5,-0.67841,180,0,0,105478
0,17,6,0.5,-0.676115,180,0,0,105495
0,17,6,0.5,-0.67382,180,0,0,105512
0,15,6,0.5,-0.671795,180,0,0,105528
3,15,8,0.5,-0.66977,180,0,0,105546
0,14,6,0.5,-0.66788,180,0,0,105561
0,13,6,0.5,-0.666125,180,0,0,105578
0,12,6,0.5,-0.664505,180,0,0,105596
0,9,7,0.5,-0.66329,180,0,0,105613
-2,10,5,0.5,-0.66194,180,0,0,105628
-1,9,7,0.5,-0.660725,180,0,0,105645
0,7,6,0.5,-0.65978,180,0,0,105663
0,7,7,0.5,-0.658835,180,0,0,105679
0,6,6,0.5,-0.658025,180,0,0,105696
2,5,7,0.5,-0.65735,180,0,0,105715
0,5,5,0.5,-0.656675,180,0,0,105730
1,5,6,0.5,-0.656,180,0,0,105746
-2,5,4,0.5,-0.655325,180,0,0,105762
-1,7,5,0.5,-0.65438,180,0,0,105778
0,7,5,0.5,-0.653435,180,0,0,105794
0,8,6,0.5,-0.652355,180,0,0,105813
0,7,5,0.5,-0.65141,180,0,0,105829
1,14,10,0.5,-0.64952,180,0,0,105846
0,5,5,0.5,-0.648845,180,0,0,105862
-2,5,5,0.5,-0.64817,180,0,0,105883
0,5,5,0.5,-0.647495,180,0,0,105895
0,4,4,0.5,-0.646955,180,0,0,105912
0,5,5,0.5,-0.64628,180,0,0,105928
0,5,4,0.5,-0.645605,180,0,0,105944
0,4,4,0.5,-0.645065,180,0,0,105964
0,6,4,0.5,-0.644255,180,0,0,105980
0,3,3,0.5,-0.64385,180,0,0,105994
0,3,3,0.5,-0.643445,180,0,0,106012
0,3,3,0.5,-0.64304,180,0,0,106028
0,2,3,0.5,-0.64277,180,0,0,106044
0,2,3,0.5,-0.6425,180,0,0,106062
0,2,3,0.5,-0.64223,180,0,0,106078
0,2,3,0.5,-0.64196,180,0,0,106094
0,2,3,0.5,-0.64169,180,0,0,106112
0,3,3,0.5,-0.641285,180,0,0,106129
0,2,3,0.5,-0.641015,180,0,0,106144
0,4,3,0.5,-0.640475,180,0,0,106161
-5,5,1,0.5,-0.6398,180,0,0,106177
5,4,7,0.5,-0.63926,180,0,0,106195
0,5,3,0.5,-0.638585,180,0,0,106213
0,6,4,0.5,-0.637775,180,0,0,106229
1,11,7,0.5,-0.63629,180,0,0,106246
0,6,5,0.5,-0.63548,180,0,0,106265
0,6,5,0.5,-0.63467,180,0,0,106278
0,6,5,0.5,-0.63386,180,0,0,106295
0,7,4,0.5,-0.632915,180,0,0,106311
0,5,5,0.5,-0.63224,180,0,0,106331
0,6,5,0.5,-0.63143,180,0,0,106344
0,6,6,0.5,-0.63062,180,0,0,106362
0,5,5,0.5,-0.629945,180,0,0,106379
0,7,5,0.5,-0.629,180,0,0,106394
0,6,5,0.5,-0.62819,180,0,0,106412
0,8,5,0.5,-0.62711,180,0,0,106428
0,7,4,0.5,-0.626165,180,0,0,106444
0,7,4,0.5,-0.62522,180,0,0,106461
0,6,4,0.5,-0.62441,180,0,0,106479
0,4,4,0.5,-0.62387,180,0,0,106494
0,4,4,0.5,-0.62333,180,0,0,106514
0,2,3,0.5,-0.62306,180,0,0,106529
0,4,3,0.5,-0.62252,180,0,0,106544
-1,3,3,0.5,-0.622115,180,0,0,106562
-1,4,3,0.5,-0.621575,180,0,0,106578
0,5,3,0.5,-0.6209,180,0,0,106594
0,7,3,0.5,-0.619955,180,0,0,106611
0,20,4,0.5,-0.617255,180,0,0,106631
2,14,9,0.5,-0.615365,180,0,0,106646
0,15,6,0.5,-0.61334,180,0,0,106662
0,15,8,0.5,-0.611315,180,0,0,106681
0,14,8,0.5,-0.609425,180,0,0,106696
0,12,9,0.5,-0.607805,180,0,0,106713
-1,9,9,0.5,-0.60659,180,0,0,106730
1,9,10,0.5,-0.605375,180,0,0,106747
0,6,8,0.5,-0.604565,180,0,0,106763
0,3,8,0.5,-0.60416,180,0,0,106781
0,1,8,0.5,-0.604025,180,0,0,106795
0,0,8,0.5,-0.604025,180,0,0,106812
0,0,9,0.5,-0.604025,180,0,0,106831
0,0,9,0.5,-0.604025,180,0,0,106847
0,0,10,0.5,-0.604025,180,0,0,106863
0,0,10,0.5,-0.604025,180,0,0,106880
-4,3,9,0.5,-0.60362,180,0,0,106895
-1,5,12,0.5,-0.602945,180,0,0,106913
-6,6,9,0.5,-0.602135,180,0,0,106931
7,5,14,0.5,-0.60146,180,0,0,106947
0,5,11,0.5,-0.600785,180,0,0,106964
0,3,10,0.5,-0.60038,180,0,0,106981
-4,1,7,0.5,-0.600245,180,0,0,106995
5,0,12,0.5,-0.600245,180,0,0,107013
2,2,10,0.5,-0.599975,180,0,0,107031
0,15,19,0.5,-0.59795,180,0,0,107048
0,10,11,0.5,-0.5966,180,0,0,107063
-2,8,11,0.5,-0.59552,180,0,0,107080
-2,6,11,0.5,-0.59471,180,0,0,107096
2,4,11,0.5,-0.59417,180,0,0,107113
1,1,9,0.5,-0.594035,180,0,0,107130
0,-1,12,0.5,-0.59417,180,0,0,107146
0,1,12,0.5,-0.594035,180,0,0,107164
0,5,13,0.5,-0.59336,180,0,0,107183
0,8,15,0.5,-0.59228,180,0,0,107198
2,11,14,0.5,-0.590795,180,0,0,107214
0,13,14,0.5,-0.58904,180,0,0,107231
0,12,16,0.5,-0.58742,180,0,0,107247
0,9,16,0.5,-0.586205,180,0,0,107263
0,7,16,0.5,-0.58526,180,0,0,107284
0,8,17,0.5,-0.58418,180,0,0,107299
0,9,18,0.5,-0.582965,180,0,0,107314
0,10,18,0.5,-0.581615,180,0,0,107332
-2,14,16,0.5,-0.579725,180,0,0,107356
0,27,36,0.5,-0.57608,180,0,0,107385
0,15,19,0.5,-0.574055,180,0,0,107399
0,17,17,0.5,-0.57176,180,0,0,107408
1,17,18,0.5,-0.569465,180,0,0,107422
0,16,19,0.5,-0.567305,180,0,0,107442
-1,14,18,0.5,-0.565415,180,0,0,107460
0,11,18,0.5,-0.56393,180,0,0,107474
0,10,19,0.5,-0.56258,180,0,0,107488
0,10,19,0.5,-0.56123,180,0,0,107500
-2,8,16,0.5,-0.56015,180,0,0,107515
0,9,18,0.5,-0.558935,180,0,0,107540
0,8,15,0.5,-0.557855,180,0,0,107551
0,9,16,0.5,-0.55664,180,0,0,107565
1,5,16,0.5,-0.555965,180,0,0,107582
0,7,17,0.5,-0.55502,180,0,0,107598
-1,9,17,0.5,-0.553805,180,0,0,107616
0,9,17,0.5,-0.55259,180,0,0,107632
0,10,18,0.5,-0.55124,180,0,0,107648
0,9,18,0.5,-0.550025,180,0,0,107668
0,8,18,0.5,-0.548945,180,0,0,107684
-1,7,19,0.5,-0.548,180,0,0,107700
0,4,19,0.5,-0.54746,180,0,0,107717
0,6,20,0.5,-0.54665,180,0,0,107732
0,6,20,0.5,-0.54584,180,0,0,107750
0,8,21,0.5,-0.54476,180,0,0,107768
0,9,21,0.5,-0.543545,180,0,0,107785
0,8,20,0.5,-0.542465,180,0,0,107799
0,14,25,0.5,-0.540575,180,0,0,107817
0,7,29,0.5,-0.53963,180,0,0,107839
-1,7,16,0.5,-0.538685,180,0,0,107851
-5,3,13,0.5,-0.53828,180,0,0,107864
5,1,18,0.5,-0.538145,180,0,0,107882
0,0,14,0.5,-0.538145,180,0,0,107898
0,-3,14,0.5,-0.53855,180,0,0,107914
0,-6,13,0.5,-0.53936,180,0,0,107933
0,-8,11,0.5,-0.54044,180,0,0,107947
0,-12,10,0.5,-0.54206,180,0,0,107965
0,-14,8,0.5,-0.54395,180,0,0,107983
0,-13,8,0.5,-0.545705,180,0,0,107996
0,-11,7,0.5,-0.54719,180,0,0,108013
0,-10,6,0.5,-0.54854,180,0,0,108031
0,-7,8,0.5,-0.549485,180,0,0,108046
0,-3,8,0.5,-0.54989,180,0,0,108063
-2,-1,9,0.5,-0.550025,180,0,0,108081
0,4,10,0.5,-0.549485,180,0,0,108096
0,7,11,0.5,-0.54854,180,0,0,108114
-4,9,10,0.5,-0.547325,180,0,0,108131
0,10,14,0.5,-0.545975,180,0,0,108147
-3,12,13,0.5,-0.544355,180,0,0,108168
-1,13,14,0.5,-0.5426,180,0,0,108182
-1,9,15,0.5,-0.541385,180,0,0,108201
0,12,30,0.5,-0.539765,180,0,0,108222
0,6,14,0.5,-0.538955,180,0,0,108233
0,6,3,0.5,-0.538145,180,0,0,108245
0,8,24,0.5,-0.537065,180,0,0,108266
0,10,14,0.5,-0.535715,180,0,0,108283
0,14,15,0.5,-0.533825,180,0,0,108298
-2,16,15,0.5,-0.531665,180,0,0,108315
0,17,16,0.5,-0.52937,180,0,0,108332
0,15,17,0.5,-0.527345,180,0,0,108348
0,13,16,0.5,-0.52559,180,0,0,108365
4,11,18,0.5,-0.524105,180,0,0,108383
0,13,16,0.5,-0.52235,180,0,0,108398
1,12,14,0.5,-0.52073,180,0,0,108414
1,12,15,0.5,-0.51911,180,0,0,108431
0,10,14,0.5,-0.51776,180,0,0,108454
0,9,14,0.5,-0.516545,180,0,0,108464
0,8,16,0.5,-0.515465,180,0,0,108483
0,10,16,0.5,-0.514115,180,0,0,108497
-4,10,16,0.5,-0.512765,180,0,0,108514
4,11,22,0.5,-0.51128,180,0,0,108534
0,11,20,0.5,-0.509795,180,0,0,108551
0,10,20,0.5,-0.508445,180,0,0,108567
0,11,19,0.5,-0.50696,180,0,0,108585
-4,12,20,0.5,-0.50534,180,0,0,108598
0,26,29,0.5,-0.50183,180,0,0,108619
0,13,29,0.5,-0.500075,180,0,0,108634
0,10,17,0.5,-0.498725,180,0,0,108649
0,9,16,0.5,-0.49751,180,0,0,108668
-4,8,12,0.5,-0.49643,180,0,0,108682
4,6,17,0.5,-0.49562,180,0,0,108698
0,2,13,0.5,-0.49535,180,0,0,108718
-3,-1,13,0.5,-0.495485,180,0,0,108735
-1,-4,11,0.5,-0.496025,180,0,0,108751
0,-9,12,0.5,-0.49724,180,0,0,108768
0,-10,12,0.5,-0.49859,180,0,0,108782
0,-14,11,0.5,-0.50048,180,0,0,108796
0,-15,11,0.5,-0.502505,180,0,0,108814
1,-16,10,0.5,-0.504665,180,0,0,108831
0,-16,10,0.5,-0.506825,180,0,0,108847
0,-17,10,0.5,-0.50912,180,0,0,108869
0,-16,10,0.5,-0.51128,180,0,0,108883
0,-18,10,0.5,-0.51371,180,0,0,108896
0,-14,9,0.5,-0.5156,180,0,0,108913
0,-13,9,0.5,-0.517355,180,0,0,108930
0,-14,10,0.5,-0.519245,180,0,0,108947
0,-12,10,0.5,-0.520865,180,0,0,108964
0,-12,11,0.5,-0.522485,180,0,0,108982
0,-11,12,0.5,-0.52397,180,0,0,108997
0,-11,12,0.5,-0.525455,180,0,0,109015
0,-19,21,0.5,-0.52802,180,0,0,109036
0,-8,8,0.5,-0.5291,180,0,0,109047
0,-5,7,0.5,-0.529775,180,0,0,109063
0,-4,8,0.5,-0.530315,180,0,0,109080
0,-4,8,0.5,-0.530855,180,0,0,109096
0,-2,8,0.5,-0.531125,180,0,0,109114
0,-3,8,0.5,-0.53153,180,0,0,109132
0,-3,9,0.5,-0.531935,180,0,0,109147
0,-6,8,0.5,-0.532745,180,0,0,109163
0,-7,8,0.5,-0.53369,180,0,0,109181
0,-9,8,0.5,-0.534905,180,0,0,109196
0,-11,9,0.5,-0.53639,180,0,0,109214
0,-11,11,0.5,-0.537875,180,0,0,109231
0,-10,10,0.5,-0.539225,180,0,0,109247
0,-11,10,0.5,-0.54071,180,0,0,109264
-2,-10,10,0.5,-0.54206,180,0,0,109280
0,-10,9,0.5,-0.54341,180,0,0,109296
0,-11,9,0.5,-0.544895,180,0,0,109315
0,-10,10,0.5,-0.546245,180,0,0,109332
-1,-8,10,0.5,-0.547325,180,0,0,109348
2,-8,12,0.5,-0.548405,180,0,0,109367
-5,-7,8,0.5,-0.54935,180,0,0,109381
-7,-10,9,0.5,-0.5507,180,0,0,109397
0,-10,11,0.5,-0.55205,180,0,0,109414
0,-12,8,0.5,-0.55367,180,0,0,109432
1,-15,13,0.5,-0.555695,180,0,0,109448
0,-3,6,0.5,-0.5561,180,0,0,109463
0,0,5,0.5,-0.5561,180,0,0,109478
0,2,5,0.5,-0.55583,180,0,0,109495
0,5,6,0.5,-0.555155,180,0,0,109513
0,6,6,0.5,-0.554345,180,0,0,109532
0,9,7,0.5,-0.55313,180,0,0,109546
0,10,7,0.5,-0.55178,180,0,0,109563
0,13,8,0.5,-0.550025,180,0,0,109582
0,16,9,0.5,-0.547865,180,0,0,109597
0,17,9,0.5,-0.54557,180,0,0,109613
-2,17,9,0.5,-0.543275,180,0,0,109630
1,21,11,0.5,-0.54044,180,0,0,109647
1,22,12,0.5,-0.53747,180,0,0,109664
0,20,11,0.5,-0.53477,180,0,0,109681
1,21,12,0.5,-0.531935,180,0,0,109697
0,18,12,0.5,-0.529505,180,0,0,109715
-6,19,9,0.5,-0.52694,180,0,0,109731
1,19,12,0.5,-0.524375,180,0,0,109747
0,20,12,0.5,-0.521675,180,0,0,109765
0,19,14,0.5,-0.51911,180,0,0,109781
0,21,13,0.5,-0.516275,180,0,0,109797
0,34,13,0.5,-0.511685,180,0,0,109816
0,0,12,0.5,-0.511685,180,0,0,109831
0,28,23,0.5,-0.507905,180,0,0,109852
0,12,12,0.5,-0.506285,180,0,0,109865
0,12,12,0.5,-0.504665,180,0,0,109881
0,11,13,0.5,-0.50318,180,0,0,109897
0,12,13,0.5,-0.50156,180,0,0,109916
0,13,14,0.5,-0.499805,180,0,0,109932
0,13,14,0.5,-0.49805,180,0,0,109947
0,15,15,0.5,-0.496025,180,0,0,109965
-4,15,13,0.5,-0.494,180,0,0,109980
3,14,18,0.5,-0.49211,180,0,0,109999
0,14,17,0.5,-0.49022,180,0,0,110015
0,12,18,0.5,-0.4886,180,0,0,110033
4,9,19,0.5,-0.487385,180,0,0,110048
-3,5,15,0.5,-0.48671,180,0,0,110064
0,1,13,0.5,-0.486575,180,0,0,110081
0,0,12,0.5,-0.486575,180,0,0,110098
0,-4,11,0.5,-0.487115,180,0,0,110116
0,-7,11,0.5,-0.48806,180,0,0,110132
4,-8,14,0.5,-0.48914,180,0,0,110148
-4,-10,9,0.5,-0.49049,180,0,0,110164
0,-26,19,0.5,-0.494,180,0,0,110182
0,0,5,0.5,-0.494,180,0,0,110195
-1,-30,17,0.5,-0.49805,180,0,0,110216
0,-15,11,0.5,-0.500075,180,0,0,110230
0,-14,16,0.5,-0.501965,180,0,0,110248
4,-16,13,0.5,-0.504125,180,0,0,110264
0,-15,8,0.5,-0.50615,180,0,0,110282
-3,-16,6,0.5,-0.50831,180,0,1,110296
-2,-16,7,0.5,-0.51047,180,0,1,110313
0,-15,7,0.5,-0.512495,180,0,1,110329
0,-12,8,0.5,-0.514115,180,0,1,110346
0,-11,8,0.5,-0.5156,180,0,1,110364
0,-10,9,0.5,-0.51695,180,0,1,110379
1,-8,11,0.5,-0.51803,180,0,1,110398
0,-6,10,0.5,-0.51884,180,0,1,110415
0,-5,9,0.5,-0.519515,180,0,1,110429
0,-5,9,0.5,-0.52019,180,0,1,110446
0,-2,7,0.5,-0.52046,180,0,1,110463
0,-1,6,0.5,-0.520595,180,0,1,110479
4,1,6,0.5,-0.52046,180,0,0,110496
0,3,4,0.5,-0.520055,180,0,0,110512
1,5,6,0.5,-0.51938,180,0,0,110528
0,8,5,0.5,-0.5183,180,0,0,110545
0,10,6,0.5,-0.51695,180,0,0,110564
0,11,7,0.5,-0.515465,180,0,0,110579
0,15,7,0.5,-0.51344,180,0,0,110597
0,16,7,0.5,-0.51128,180,0,0,110614
-2,38,21,0.5,-0.50615,180,0,0,110642
0,0,0,0.5,-0.50615,180,0,0,110647
0,47,26,0.5,-0.499805,180,0,0,110667
0,26,18,0.5,-0.496295,180,0,0,110681
-3,25,14,0.5,-0.49292,180,0,0,110697
-1,24,17,0.5,-0.48968,180,0,0,110715
5,21,19,0.5,-0.486845,180,0,0,110732
0,17,17,0.5,-0.48455,180,0,0,110748
-3,16,16,0.5,-0.48239,180,0,0,110767
-3,12,13,0.5,-0.48077,180,0,0,110783
2,11,15,0.5,-0.479285,180,0,0,110800
-3,9,13,0.5,-0.47807,180,0,0,110814
0,5,11,0.5,-0.477395,180,0,0,110830
0,3,9,0.5,-0.47699,180,0,0,110852
0,0,10,0.5,-0.47699,180,0,0,110866
0,-1,10,0.5,-0.477125,180,0,0,110879
0,-2,10,0.5,-0.477395,180,0,0,110896
0,-6,12,0.5,-0.478205,180,0,0,110913
1,-9,11,0.5,-0.47942,180,0,0,110931
0,-10,10,0.5,-0.48077,180,0,0,110950
0,-12,9,0.5,-0.48239,180,0,0,110965
-3,-29,14,0.5,-0.486305,180,0,0,110982
0,0,0,0.5,-0.486305,180,0,0,110994
0,-31,15,0.5,-0.49049,180,0,0,111017
0,-14,7,0.5,-0.49238,180,0,0,111030
0,-14,7,0.5,-0.49427,180,0,0,111047
0,-14,7,0.5,-0.49616,180,0,0,111065
0,-13,7,0.5,-0.497915,180,0,0,111079
-1,-12,6,0.5,-0.499535,180,0,0,111096
0,-11,7,0.5,-0.50102,180,0,1,111114
0,-10,7,0.5,-0.50237,180,0,1,111130
2,-10,9,0.5,-0.50372,180,0,1,111146
0,-8,8,0.5,-0.5048,180,0,1,111164
0,-7,10,0.5,-0.505745,180,0,1,111180
1,-4,10,0.5,-0.506285,180,0,1,111197
-1,-2,6,0.5,-0.506555,180,0,0,111213
0,0,6,0.5,-0.506555,180,0,0,111228
0,2,5,0.5,-0.506285,180,0,0,111245
0,4,4,0.5,-0.505745,180,0,0,111262
0,7,4,0.5,-0.5048,180,0,0,111279
0,8,4,0.5,-0.50372,180,0,0,111296
0,9,5,0.5,-0.502505,180,0,0,111313
0,6,4,0.5,-0.501695,180,0,0,111328
0,2,5,0.5,-0.501425,180,0,0,111346
0,-4,4,0.5,-0.501965,180,0,0,111362
0,-11,5,0.5,-0.50345,180,0,0,111378
-5,-31,8,0.5,-0.507635,180,0,0,111397
0,-16,6,0.5,-0.509795,180,0,0,111414
0,-13,0,0.5,-0.51155,180,0,0,111428
1,-10,14,0.5,-0.5129,180,0,0,111449
-2,-5,6,0.5,-0.513575,180,0,0,111462
-1,-1,8,0.5,-0.51371,180,0,0,111480
0,0,8,0.5,-0.51371,180,0,1,111496
0,0,7,0.5,-0.51371,180,0,1,111513
-1,0,5,0.5,-0.51371,180,0,1,111529
0,0,5,0.5,-0.51371,180,0,1,111546
0,0,5,0.5,-0.51371,180,0,1,111563
1,-1,7,0.5,-0.513845,180,0,1,111579
0,-1,5,0.5,-0.51398,180,0,1,111602
0,-1,6,0.5,-0.514115,180,0,0,111614
0,0,5,0.5,-0.514115,180,0,0,111628
0,3,4,0.5,-0.51371,180,0,0,111645
0,3,3,0.5,-0.513305,180,0,0,111664
0,3,2,0.5,-0.5129,180,0,0,111678
0,5,0,0.5,-0.512225,180,0,0,111694
0,7,1,0.5,-0.51128,180,0,0,111711
0,9,0,0.5,-0.510065,180,0,0,111727
0,11,0,0.5,-0.50858,180,0,0,111744
0,11,0,0.5,-0.507095,180,0,0,111761
0,25,0,0.5,-0.50372,180,0,0,111777
0,0,0,0.5,-0.50372,180,0,0,111794
0,24,2,0.5,-0.50048,180,0,0,111812
0,0,0,0.5,-0.50048,180,0,0,111827
0,17,4,0.5,-0.498185,180,0,0,111849
-4,7,1,0.5,-0.49724,180,0,0,111861
0,11,3,0.5,-0.495755,180,0,0,111878
0,14,4,0.5,-0.493865,180,0,0,111895
0,17,5,0.5,-0.49157,180,0,0,111912
0,12,6,0.5,-0.48995,180,0,0,111929
0,6,7,0.5,-0.48914,180,0,0,111947
2,3,8,0.5,-0.488735,180,0,0,111963
0,1,7,0.5,-0.4886,180,0,0,111979
0,1,7,0.5,-0.488465,180,0,0,111999
0,0,7,0.5,-0.488465,180,0,0,112013
0,0,7,0.5,-0.488465,180,0,0,112030
-1,1,7,0.5,-0.48833,180,0,0,112045
0,0,9,0.5,-0.48833,180,0,0,112062
2,0,11,0.5,-0.48833,180,0,0,112080
0,2,11,0.5,-0.48806,180,0,0,112097
0,8,13,0.5,-0.48698,180,0,0,112114
0,17,13,0.5,-0.484685,180,0,0,112131
0,22,12,0.5,-0.481715,180,0,0,112150
0,27,13,0.5,-0.47807,180,0,0,112165
-6,54,24,0.5,-0.47078,180,0,0,112183
0,25,4,0.5,-0.467405,180,0,0,112195
3,20,24,0.5,-0.464705,180,0,0,112220
0,18,13,0.5,-0.462275,180,0,0,112234
0,15,12,0.5,-0.46025,180,0,0,112248
0,10,12,0.5,-0.4589,180,0,0,112264
0,4,12,0.5,-0.45836,180,0,0,112281
0,1,13,0.5,-0.458225,180,0,0,112302
0,0,15,0.5,-0.458225,180,0,0,112315
0,1,14,0.5,-0.45809,180,0,0,112332
0,6,14,0.5,-0.45728,180,0,0,112347
0,9,13,0.5,-0.456065,180,0,0,112364
-1,12,14,0.5,-0.454445,180,0,0,112381
1,12,16,0.5,-0.452825,180,0,0,112405
1,12,15,0.5,-0.451205,180,0,0,112419
0,12,14,0.5,-0.449585,180,0,0,112430
0,15,14,0.5,-0.44756,180,0,0,112447
-1,13,14,0.5,-0.445805,180,0,0,112465
0,13,15,0.5,-0.44405,180,0,0,112482
6,10,18,0.5,-0.4427,180,0,0,112498
-5,9,15,0.5,-0.441485,180,0,0,112515
0,8,19,0.5,-0.440405,180,0,0,112533
0,5,19,0.5,-0.43973,180,0,0,112548
-1,3,16,0.5,-0.439325,180,0,0,112564
0,-1,15,0.5,-0.43946,180,0,0,112580
0,0,11,0.5,-0.43946,180,0,0,112596
0,-3,11,0.5,-0.439865,180,0,0,112613
-1,-13,18,0.5,-0.44162,180,0,0,112632
3,-11,11,0.5,-0.443105,180,0,0,112647
0,-11,7,0.5,-0.44459,180,0,0,112663
0,-12,6,0.5,-0.44621,180,0,0,112679
0,-14,5,0.5,-0.4481,180,0,0,112696
0,-11,4,0.5,-0.449585,180,0,0,112712
0,-11,2,0.5,-0.45107,180,0,0,112728
-1,-8,0,0.5,-0.45215,180,0,0,112744
0,-6,0,0.5,-0.45296,180,0,1,112761
0,-5,0,0.5,-0.453635,180,0,1,112777
0,-4,-1,0.5,-0.454175,180,0,1,112794
0,-5,0,0.5,-0.45485,180,0,1,112811
0,-7,0,0.5,-0.455795,180,0,1,112827
0,-4,3,0.5,-0.456335,180,0,1,112847
0,-1,5,0.5,-0.45647,180,0,1,112862
0,3,8,0.5,-0.456065,180,0,1,112879
0,5,11,0.5,-0.45539,180,0,1,112905
0,8,24,0.5,-0.45431,180,0,1,112926
1,1,13,0.5,-0.454175,180,0,1,112940
0,0,11,0.5,-0.454175,180,0,0,112951
0,0,0,0.5,-0.454175,180,0,0,112961
-1,-1,8,0.5,-0.45431,180,0,0,112979
-4,-4,9,0.5,-0.45485,180,0,0,112997
0,0,0,0.5,-0.45485,180,0,1,113011
0,-7,5,0.5,-0.455795,180,0,1,113029
0,-4,1,0.5,-0.456335,180,0,1,113046
0,-2,0,0.5,-0.456605,180,0,1,113061
0,-1,0,0.5,-0.45674,180,0,1,113078
-1,-1,0,0.5,-0.456875,180,0,1,113094
0,3,1,0.5,-0.45647,180,0,1,113111
3,7,5,0.5,-0.455525,180,0,1,113129
0,9,4,0.5,-0.45431,180,0,1,113145
-2,9,6,0.5,-0.453095,180,0,0,113163
0,10,7,0.5,-0.451745,180,0,0,113180
0,6,7,0.5,-0.450935,180,0,0,113198
0,3,8,0.5,-0.45053,180,0,0,113213
0,0,8,0.5,-0.45053,180,0,0,113229
0,-4,8,0.5,-0.45107,180,0,0,113246
0,-4,7,0.5,-0.45161,180,0,0,113268
0,-7,7,0.5,-0.452555,180,0,0,113280
0,-5,7,0.5,-0.45323,180,0,0,113296
0,-4,6,0.5,-0.45377,180,0,0,113312
0,-3,6,0.5,-0.454175,180,0,0,113328
0,0,7,0.5,-0.454175,180,0,0,113347
0,5,8,0.5,-0.4535,180,0,0,113363
0,4,8,0.5,-0.45296,180,0,1,113381
0,5,11,0.5,-0.452285,180,0,1,113398
0,0,8,0.5,-0.452285,180,0,1,113413
0,-2,5,0.5,-0.452555,180,0,1,113430
0,-2,4,0.5,-0.452825,180,0,1,113445
0,-1,2,0.5,-0.45296,180,0,0,113461
0,6,0,0.5,-0.45215,180,0,0,113478
0,13,0,0.5,-0.450395,180,0,0,113494
0,17,0,0.5,-0.4481,180,0,0,113511
-1,21,-1,0.5,-0.445265,180,0,0,113528
0,23,0,0.5,-0.44216,180,0,0,113545
0,25,-1,0.5,-0.438785,180,0,0,113561
0,23,0,0.5,-0.43568,180,0,0,113580
0,21,1,0.5,-0.432845,180,0,0,113595
-1,18,3,0.5,-0.430415,180,0,0,113612
1,14,6,0.5,-0.428525,180,0,0,113629
0,12,7,0.5,-0.426905,180,0,0,113646
0,10,9,0.5,-0.425555,180,0,0,113662
0,10,9,0.5,-0.424205,180,0,0,113681
0,12,10,0.5,-0.422585,180,0,0,113697
0,12,12,0.5,-0.420965,180,0,0,113713
0,16,13,0.5,-0.418805,180,0,0,113732
0,17,15,0.5,-0.41651,180,0,0,113749
0,20,15,0.5,-0.41381,180,0,0,113765
1,21,16,0.5,-0.410975,180,0,0,113783
-1,46,32,0.5,-0.404765,180,0,0,113805
0,22,16,0.5,-0.401795,180,0,0,113816
0,23,15,0.5,-0.39869,180,0,0,113832
0,22,15,0.5,-0.39572,180,0,0,113849
0,21,15,0.5,-0.392885,180,0,0,113865
0,21,13,0.5,-0.39005,180,0,0,113882
0,18,12,0.5,-0.38762,180,0,0,113897
0,16,11,0.5,-0.38546,180,0,0,113913
0,12,10,0.5,-0.38384,180,0,0,113930
0,9,9,0.5,-0.382625,180,0,0,113947
0,4,9,0.5,-0.382085,180,0,0,113962
0,2,8,0.5,-0.381815,180,0,0,113979
0,-3,8,0.5,-0.38222,180,0,0,113997
0,-8,7,0.5,-0.3833,180,0,0,114013
0,-14,6,0.5,-0.38519,180,0,0,114029
0,-18,5,0.5,-0.38762,180,0,0,114047
0,-20,4,0.5,-0.39032,180,0,0,114062
0,-22,4,0.5,-0.39329,180,0,0,114079
0,-21,3,0.5,-0.396125,180,0,0,114096
0,-20,3,0.5,-0.398825,180,0,0,114111
0,-16,2,0.5,-0.400985,180,0,0,114128
0,-14,1,0.5,-0.402875,180,0,0,114144
0,-10,1,0.5,-0.404225,180,0,1,114162
-1,-6,0,0.5,-0.405035,180,0,1,114178
2,-2,2,0.5,-0.405305,180,0,1,114195
2,2,2,0.5,-0.405035,180,0,1,114211
0,4,3,0.5,-0.404495,180,0,1,114228
0,5,4,0.5,-0.40382,180,0,1,114245
0,5,6,0.5,-0.403145,180,0,1,114263
0,5,7,0.5,-0.40247,180,0,1,114280
0,4,6,0.5,-0.40193,180,0,1,114297
0,6,5,0.5,-0.40112,180,0,1,114312
0,5,3,0.5,-0.400445,180,0,1,114331
0,9,2,0.5,-0.39923,180,0,1,114345
0,12,2,0.5,-0.39761,180,0,0,114361
0,18,0,0.5,-0.39518,180,0,0,114377
0,22,0,0.5,-0.39221,180,0,0,114394
0,25,0,0.5,-0.388835,180,0,0,114411
-1,25,-2,0.5,-0.38546,180,0,0,114428
1,27,1,0.5,-0.381815,180,0,0,114445
0,25,1,0.5,-0.37844,180,0,0,114461
0,22,2,0.5,-0.37547,180,0,0,114478
0,18,3,0.5,-0.37304,180,0,0,114495
0,13,3,0.5,-0.371285,180,0,0,114511
0,10,4,0.5,-0.369935,180,0,0,114530
0,7,5,0.5,-0.36899,180,0,0,114546
0,3,5,0.5,-0.368585,180,0,0,114562
0,0,7,0.5,-0.368585,180,0,0,114581
-3,-3,7,0.5,-0.36899,180,0,0,114596
1,-17,13,0.5,-0.371285,180,0,0,114614
0,-12,6,0.5,-0.372905,180,0,0,114629
0,-16,6,0.5,-0.375065,180,0,0,114647
0,-17,7,0.5,-0.37736,180,0,0,114663
-2,-17,7,0.5,-0.379655,180,0,0,114679
0,-18,6,0.5,-0.382085,180,0,0,114696
0,-17,8,0.5,-0.38438,180,0,0,114713
0,-15,7,0.5,-0.386405,180,0,0,114729
0,-10,6,0.5,-0.387755,180,0,0,114747
-1,-6,4,0.5,-0.388565,180,0,0,114762
0,-1,6,0.5,-0.3887,180,0,0,114779
0,2,5,0.5,-0.38843,180,0,0,114796
-1,6,4,0.5,-0.38762,180,0,1,114812
-1,10,3,0.5,-0.38627,180,0,1,114828
0,9,2,0.5,-0.385055,180,0,1,114845
0,8,1,0.5,-0.383975,180,0,1,114861
-5,4,-1,0.5,-0.383435,180,0,1,114879
4,1,4,0.5,-0.3833,180,0,1,114895
2,-1,2,0.5,-0.383435,180,0,1,114911
-1,-2,1,0.5,-0.383705,180,0,1,114928
0,-3,2,0.5,-0.38411,180,0,1,114945
0,-2,3,0.5,-0.38438,180,0,0,114962
0,1,2,0.5,-0.384245,180,0,0,114980
-1,4,1,0.5,-0.383705,180,0,0,114995
2,14,4,0.5,-0.381815,180,0,0,115013
-3,6,0,0.5,-0.381005,180,0,0,115028
-3,5,1,0.5,-0.38033,180,0,0,115045
0,5,3,0.5,-0.379655,180,0,0,115061
0,6,4,0.5,-0.378845,180,0,0,115078
0,4,5,0.5,-0.378305,180,0,0,115097
0,4,7,0.5,-0.377765,180,0,0,115113
0,0,7,0.5,-0.377765,180,0,0,115130
0,0,7,0.5,-0.377765,180,0,0,115146
0,-4,7,0.5,-0.378305,180,0,0,115162
0,-7,7,0.5,-0.37925,180,0,0,115180
0,-8,6,0.5,-0.38033,180,0,0,115196
0,-9,6,0.5,-0.381545,180,0,0,115212
0,-10,5,0.5,-0.382895,180,0,0,115229
0,-7,4,0.5,-0.38384,180,0,0,115248
-4,-6,2,0.5,-0.38465,180,0,1,115261
4,-2,4,0.5,-0.38492,180,0,1,115278
0,1,2,0.5,-0.384785,180,0,1,115295
0,6,2,0.5,-0.383975,180,0,1,115313
0,6,1,0.5,-0.383165,180,0,1,115328
0,7,2,0.5,-0.38222,180,0,1,115345
1,6,1,0.5,-0.38141,180,0,1,115362
0,3,1,0.5,-0.381005,180,0,1,115378
0,1,1,0.5,-0.38087,180,0,0,115395
1,-8,2,0.5,-0.38195,180,0,0,115415
0,-3,1,0.5,-0.382355,180,0,0,115428
-3,-1,0,0.5,-0.38249,180,0,0,115445
0,4,0,0.5,-0.38195,180,0,0,115461
0,8,1,0.5,-0.38087,180,0,0,115478
0,10,2,0.5,-0.37952,180,0,0,115495
0,13,2,0.5,-0.377765,180,0,0,115512
0,14,1,0.5,-0.375875,180,0,0,115527
-2,11,0,0.5,-0.37439,180,0,0,115545
-3,8,0,0.5,-0.37331,180,0,0,115561
3,4,1,0.5,-0.37277,180,0,0,115577
0,-1,1,0.5,-0.372905,180,0,0,115594
0,-2,1,0.5,-0.373175,180,0,0,115611
0,-2,1,0.5,-0.373445,180,0,0,115627
0,-5,0,0.5,-0.37412,180,0,0,115646
-3,-5,0,0.5,-0.374795,180,0,0,115661
0,-5,1,0.5,-0.37547,180,0,0,115677
0,-8,0,0.5,-0.37655,180,0,0,115694
0,-7,1,0.5,-0.377495,180,0,0,115711
0,-9,0,0.5,-0.37871,180,0,0,115727
0,-10,0,0.5,-0.38006,180,0,0,115744
0,-10,0,0.5,-0.38141,180,0,0,115761
0,-6,0,0.5,-0.38222,180,0,0,115777
0,-4,4,0.5,-0.38276,180,0,0,115796
0,3,2,0.5,-0.382355,180,0,0,115811
0,7,3,0.5,-0.38141,180,0,0,115828
0,7,3,0.5,-0.380465,180,0,0,115844
0,9,4,0.5,-0.37925,180,0,0,115862
0,7,4,0.5,-0.378305,180,0,0,115879
0,7,4,0.5,-0.37736,180,0,0,115897
0,4,3,0.5,-0.37682,180,0,0,115911
0,2,3,0.5,-0.37655,180,0,0,115928
0,0,2,0.5,-0.37655,180,0,0,115946
0,-2,2,0.5,-0.37682,180,0,0,115961
0,-3,0,0.5,-0.377225,180,0,0,115977
0,-4,0,0.5,-0.377765,180,0,0,115994
0,-5,-1,0.5,-0.37844,180,0,0,116011
0,-7,-2,0.5,-0.379385,180,0,0,116027
-1,-6,-2,0.5,-0.380195,180,0,0,116044
0,-6,-3,0.5,-0.381005,180,0,1,116062
-1,-6,-3,0.5,-0.381815,180,0,1,116078
0,-5,-2,0.5,-0.38249,180,0,1,116094
3,-5,0,0.5,-0.383165,180,0,0,116111
0,-3,0,0.5,-0.38357,180,0,0,116127
-3,-2,1,0.5,-0.38384,180,0,0,116144
0,1,1,0.5,-0.383705,180,0,0,116161
0,3,1,0.5,-0.3833,180,0,0,116177
0,4,2,0.5,-0.38276,180,0,0,116197
0,0,0,0.5,-0.38276,180,0,0,116210
0,0,2,0.5,-0.38276,180,0,0,116228
0,-1,1,0.5,-0.382895,180,0,0,116244
2,-1,1,0.5,-0.38303,180,0,0,116261
0,-1,2,0.5,-0.383165,180,0,1,116278
0,-2,2,0.5,-0.383435,180,0,1,116296
0,-1,1,0.5,-0.38357,180,0,1,116311
0,-1,1,0.5,-0.383705,180,0,1,116327
0,-3,1,0.5,-0.38411,180,0,0,116344
0,-2,1,0.5,-0.38438,180,0,0,116361
0,-2,1,0.5,-0.38465,180,0,0,116377
0,-2,1,0.5,-0.38492,180,0,0,116396
0,-1,1,0.5,-0.385055,180,0,0,116411
0,-1,2,0.5,-0.38519,180,0,0,116428
0,0,1,0.5,-0.38519,180,0,0,116444
0,1,1,0.5,-0.385055,180,0,0,116462
0,1,0,0.5,-0.38492,180,0,0,116478
0,6,0,0.5,-0.38411,180,0,0,116494
0,8,0,0.5,-0.38303,180,0,0,116512
0,9,0,0.5,-0.381815,180,0,0,116527
0,12,0,0.5,-0.380195,180,0,0,116544
0,14,-1,0.5,-0.378305,180,0,0,116561
0,12,0,0.5,-0.376685,180,0,0,116577
0,10,-1,0.5,-0.375335,180,0,0,116594
0,15,1,0.5,-0.37331,180,0,0,116611
0,5,1,0.5,-0.372635,180,0,0,116628
0,3,1,0.5,-0.37223,180,0,0,116645
0,1,1,0.5,-0.372095,180,0,0,116661
0,-5,1,0.5,-0.37277,180,0,0,116678
0,-8,1,0.5,-0.37385,180,0,0,116695
0,-9,2,0.5,-0.375065,180,0,0,116711
1,-14,2,0.5,-0.376955,180,0,0,116728
0,-16,2,0.5,-0.379115,180,0,0,116745
0,-19,1,0.5,-0.38168,180,0,0,116761
0,-18,-1,0.5,-0.38411,180,0,0,116778
0,-19,0,0.5,-0.386675,180,0,0,116794
0,-15,0,0.5,-0.3887,180,0,0,116811
0,-12,0,0.5,-0.39032,180,0,0,116827
0,-8,1,0.5,-0.3914,180,0,0,116845
0,-3,1,0.5,-0.391805,180,0,1,116861
-1,0,1,0.5,-0.391805,180,0,1,116878
0,4,2,0.5,-0.391265,180,0,1,116895
0,5,3,0.5,-0.39059,180,0,1,116911
0,6,3,0.5,-0.38978,180,0,1,116928
0,7,4,0.5,-0.388835,180,0,1,116946
0,4,4,0.5,-0.388295,180,0,1,116962
0,1,3,0.5,-0.38816,180,0,1,116978
0,-1,2,0.5,-0.388295,180,0,1,116995
0,-14,1,0.5,-0.390185,180,0,0,117011
0,-8,0,0.5,-0.391265,180,0,0,117027
0,-7,-1,0.5,-0.39221,180,0,0,117044
0,-7,-1,0.5,-0.393155,180,0,0,117064
0,-7,0,0.5,-0.3941,180,0,0,117077
0,-6,0,0.5,-0.39491,180,0,0,117094
0,-5,0,0.5,-0.395585,180,0,0,117110
0,-4,0,0.5,-0.396125,180,0,1,117129
0,-1,0,0.5,-0.39626,180,0,1,117147
0,0,0,0.5,-0.39626,180,0,1,117160
0,0,0,0.5,-0.39626,180,0,1,117177
0,3,0,0.5,-0.395855,180,0,1,117194
0,1,0,0.5,-0.39572,180,0,1,117211
0,0,0,0.5,-0.39572,180,0,1,117227
0,0,0,0.5,-0.39572,180,0,1,117244
0,-4,0,0.5,-0.39626,180,0,1,117260
0,-4,0,0.5,-0.3968,180,0,1,117277
0,-2,0,0.5,-0.39707,180,0,0,117294
0,-1,0,0.5,-0.397205,180,0,0,117310
0,2,-2,0.5,-0.396935,180,0,0,117328
0,4,-2,0.5,-0.396395,180,0,0,117344
0,2,-2,0.5,-0.396125,180,0,0,117361
0,1,-3,0.5,-0.39599,180,0,0,117378
0,-1,-3,0.5,-0.396125,180,0,0,117396
1,-8,-6,0.5,-0.397205,180,0,0,117412
0,-6,-1,0.5,-0.398015,180,0,1,117428
0,-6,-1,0.5,-0.398825,180,0,1,117444
0,-6,0,0.5,-0.399635,180,0,1,117460
0,-2,0,0.5,-0.399905,180,0,1,117478
0,-2,0,0.5,-0.400175,180,0,1,117495
0,0,2,0.5,-0.400175,180,0,1,117511
0,0,2,0.5,-0.400175,180,0,1,117528
0,0,2,0.5,-0.400175,180,0,1,117544
0,1,1,0.5,-0.40004,180,0,0,117561
0,3,0,0.5,-0.399635,180,0,0,117577
0,4,-1,0.5,-0.399095,180,0,0,117595
0,4,-3,0.5,-0.398555,180,0,0,117611
0,2,-3,0.5,-0.398285,180,0,0,117634
-3,1,-3,0.5,-0.39815,180,0,0,117646
0,-2,-3,0.5,-0.39842,180,0,0,117662
0,-4,-3,0.5,-0.39896,180,0,1,117678
0,-4,-2,0.5,-0.3995,180,0,1,117696
0,-6,-1,0.5,-0.40031,180,0,1,117711
0,-4,0,0.5,-0.40085,180,0,1,117727
0,-2,0,0.5,-0.40112,180,0,1,117744
0,-2,2,0.5,-0.40139,180,0,1,117761
0,-2,4,0.5,-0.40166,180,0,1,117778
0,-1,4,0.5,-0.401795,180,0,1,117795
0,2,7,0.5,-0.401525,180,0,1,117815
0,0,1,0.5,-0.401525,180,0,1,117827
0,0,0,0.5,-0.401525,180,0,1,117843
1,-1,-2,0.5,-0.40166,180,0,1,117861
-1,-2,-3,0.5,-0.40193,180,0,1,117878
0,-1,-3,0.5,-0.402065,180,0,0,117895
1,0,-4,0.5,-0.402065,180,0,0,117918
0,3,-5,0.5,-0.40166,180,0,0,117931
0,4,-4,0.5,-0.40112,180,0,0,117945
0,6,-3,0.5,-0.40031,180,0,0,117962
0,10,-2,0.5,-0.39896,180,0,0,117980
-3,12,-2,0.5,-0.39734,180,0,0,117994
0,13,0,0.5,-0.395585,180,0,0,118011
0,15,2,0.5,-0.39356,180,0,0,118031
0,16,4,0.5,-0.3914,180,0,0,118046
0,18,5,0.5,-0.38897,180,0,0,118062
0,17,6,0.5,-0.386675,180,0,0,118078
0,17,7,0.5,-0.38438,180,0,0,118095
0,16,7,0.5,-0.38222,180,0,0,118113
0,17,8,0.5,-0.379925,180,0,0,118133
0,19,8,0.5,-0.37736,180,0,0,118148
0,20,6,0.5,-0.37466,180,0,0,118162
0,22,6,0.5,-0.37169,180,0,0,118179
0,22,5,0.5,-0.36872,180,0,0,118196
0,43,6,0.5,-0.362915,180,0,0,118212
0,19,9,0.5,-0.36035,180,0,0,118229
0,21,5,0.5,-0.357515,180,0,0,118246
0,20,5,0.5,-0.354815,180,0,0,118263
0,19,5,0.5,-0.35225,180,0,0,118278
0,19,6,0.5,-0.349685,180,0,0,118295
0,17,6,0.5,-0.34739,180,0,0,118313
0,16,6,0.5,-0.34523,180,0,0,118329
0,13,7,0.5,-0.343475,180,0,0,118347
0,11,7,0.5,-0.34199,180,0,0,118362
0,10,7,0.5,-0.34064,180,0,0,118379
-1,10,7,0.5,-0.33929,180,0,0,118396
0,10,7,0.5,-0.33794,180,0,0,118413
0,12,6,0.5,-0.33632,180,0,0,118429
0,12,6,0.5,-0.3347,180,0,0,118445
0,9,6,0.5,-0.333485,180,0,0,118462
0,10,6,0.5,-0.332135,180,0,0,118479
0,11,5,0.5,-0.33065,180,0,0,118495
0,13,4,0.5,-0.328895,180,0,0,118512
0,13,5,0.5,-0.32714,180,0,0,118528
0,14,4,0.5,-0.32525,180,0,0,118545
0,17,4,0.5,-0.322955,180,0,0,118562
0,18,5,0.5,-0.320525,180,0,0,118580
0,20,5,0.5,-0.317825,180,0,0,118596
0,44,10,0.5,-0.311885,180,0,0,118613
0,21,4,0.5,-0.30905,180,0,0,118628
0,19,4,0.5,-0.306485,180,0,0,118647
0,19,4,0.5,-0.30392,180,0,0,118661
0,15,4,0.5,-0.301895,180,0,0,118678
-2,11,4,0.5,-0.30041,180,0,0,118695
0,11,6,0.5,-0.298925,180,0,0,118712
0,12,8,0.5,-0.297305,180,0,0,118731
2,13,8,0.5,-0.29555,180,0,0,118748
0,14,9,0.5,-0.29366,180,0,0,118763
3,16,11,0.5,-0.2915,180,0,0,118781
0,20,9,0.5,-0.2888,180,0,0,118796
0,18,9,0.5,-0.28637,180,0,0,118813
0,19,9,0.5,-0.283805,180,0,0,118832
0,19,9,0.5,-0.28124,180,0,0,118849
0,19,9,0.5,-0.278675,180,0,0,118863
0,20,8,0.5,-0.275975,180,0,0,118879
0,24,7,0.5,-0.272735,180,0,0,118896
0,25,6,0.5,-0.26936,180,0,0,118912
0,30,7,0.5,-0.26531,180,0,0,118931
1,32,7,0.5,-0.26099,180,0,0,118947
0,32,7,0.5,-0.25667,180,0,0,118962
-2,31,7,0.5,-0.252485,180,0,0,118979
0,33,7,0.5,-0.24803,180,0,0,118995
0,67,13,0.5,-0.238985,180,0,0,119016
0,33,6,0.5,-0.23453,180,0,0,119031
-1,30,4,0.5,-0.23048,180,0,0,119045
0,27,5,0.5,-0.226835,180,0,0,119062
0,25,5,0.5,-0.22346,180,0,0,119079
0,21,6,0.5,-0.220625,180,0,0,119095
0,20,6,0.5,-0.217925,180,0,0,119113
0,21,8,0.5,-0.21509,180,0,0,119131
0,24,8,0.5,-0.21185,180,0,0,119146
0,28,9,0.5,-0.20807,180,0,0,119164
0,28,9,0.5,-0.20429,180,0,0,119180
5,28,11,0.5,-0.20051,180,0,0,119197
0,30,9,0.5,-0.19646,180,0,0,119212
2,30,10,0.5,-0.19241,180,0,0,119229
-3,29,9,0.5,-0.188495,180,0,0,119248
0,28,9,0.5,-0.184715,180,0,0,119264
0,27,9,0.5,-0.18107,180,0,0,119280
4,27,14,0.5,-0.177425,180,0,0,119297
1,26,11,0.5,-0.173915,180,0,0,119315
-3,28,8,0.5,-0.170135,180,0,0,119330
0,26,10,0.5,-0.166625,180,0,0,119346
0,22,9,0.5,-0.163655,180,0,0,119362
0,18,8,0.5,-0.161225,180,0,0,119379
0,15,9,0.5,-0.1592,180,0,0,119396
0,15,10,0.5,-0.157175,180,0,0,119414
0,23,20,0.5,-0.15407,180,0,0,119434
0,9,11,0.5,-0.152855,180,0,0,119446
0,7,11,0.5,-0.15191,180,0,0,119464
0,4,10,0.5,-0.15137,180,0,0,119480
0,4,11,0.5,-0.15083,180,0,0,119501
0,4,10,0.5,-0.15029,180,0,0,119514
0,3,9,0.5,-0.149885,180,0,0,119529
0,3,9,0.5,-0.14948,180,0,0,119546
0,1,9,0.5,-0.149345,180,0,0,119563
-1,2,10,0.5,-0.149075,180,0,0,119579
0,5,10,0.5,-0.1484,180,0,0,119596
0,7,10,0.5,-0.147455,180,0,0,119614
0,10,10,0.5,-0.146105,180,0,0,119631
0,11,10,0.5,-0.14462,180,0,0,119646
0,15,10,0.5,-0.142595,180,0,0,119664
0,16,11,0.5,-0.140435,180,0,0,119679
0,17,11,0.5,-0.13814,180,0,0,119696
0,17,11,0.5,-0.135845,180,0,0,119715
0,19,12,0.5,-0.13328,180,0,0,119730
0,19,12,0.5,-0.130715,180,0,0,119748
0,17,13,0.5,-0.12842,180,0,0,119765
0,19,13,0.5,-0.125855,180,0,0,119780
0,17,12,0.5,-0.12356,180,0,0,119798
0,19,13,0.5,-0.120995,180,0,0,119817
0,36,23,0.5,-0.116135,180,0,0,119834
0,18,11,0.5,-0.113705,180,0,0,119846
0,19,12,0.5,-0.11114,180,0,0,119864
0,18,11,0.5,-0.10871,180,0,0,119881
0,20,12,0.5,-0.10601,180,0,0,119897
0,19,11,0.5,-0.103445,180,0,0,119915
0,20,11,0.5,-0.100745,180,0,0,119930
-3,23,8,0.5,-0.09764,180,0,0,119945
0,23,8,0.5,-0.094535,180,0,0,119963
2,27,9,0.5,-0.09089,180,0,0,119979
-7,25,4,0.5,-0.087515,180,0,0,119995
4,25,9,0.5,-0.08414,180,0,0,120014
0,23,7,0.5,-0.081035,180,0,0,120028
0,22,7,0.5,-0.078065,180,0,0,120045
0,23,9,0.5,-0.07496,180,0,0,120063
0,24,10,0.5,-0.07172,180,0,0,120079
0,28,9,0.5,-0.06794,180,0,0,120096
-4,25,11,0.5,-0.064565,180,0,0,120116
0,24,13,0.5,-0.061325,180,0,0,120130
0,20,13,0.5,-0.058625,180,0,0,120147
5,20,16,0.5,-0.055925,180,0,0,120165
0,20,13,0.5,-0.053225,180,0,0,120181
0,22,13,0.5,-0.050255,180,0,0,120198
0,41,12,0.5,-0.04472,180,0,0,120216
0,21,27,0.5,-0.041885,180,0,0,120234
-2,20,14,0.5,-0.039185,180,0,0,120249
0,19,13,0.5,-0.03662,180,0,0,120265
0,16,13,0.5,-0.03446,180,0,0,120281
-2,13,13,0.5,-0.032705,180,0,0,120301
0,13,13,0.5,-0.03095,180,0,0,120316
0,12,13,0.5,-0.02933,180,0,0,120331
0,10,14,0.5,-0.02798,180,0,0,120349
-3,9,11,0.5,-0.026765,180,0,0,120368
-2,11,13,0.5,-0.02528,180,0,0,120385
-2,12,11,0.5,-0.02366,180,0,0,120398
0,12,14,0.5,-0.02204,180,0,0,120416
0,12,13,0.5,-0.02042,180,0,0,120431
-3,12,12,0.5,-0.0188,180,0,0,120447
0,13,12,0.5,-0.017045,180,0,0,120463
3,14,13,0.5,-0.015155,180,0,0,120480
1,16,12,0.5,-0.012995,180,0,0,120497
1,18,10,0.5,-0.010565,180,0,0,120513
-1,21,10,0.5,-0.00773,180,0,0,120529
-1,24,9,0.5,-0.00449,180,0,0,120546
-12,25,4,0.5,-0.001115,180,0,0,120562
0,26,10,0.5,0.002395,180,0,0,120579
1,24,11,0.5,0.005635,180,0,0,120598
0,24,11,0.5,0.008875,180,0,0,120615
0,46,21,0.5,0.015085,180,0,0,120634
-1,26,9,0.5,0.018595,180,0,0,120647
-6,29,10,0.5,0.02251,180,0,0,120664
0,31,14,0.5,0.026695,180,0,0,120680
1,32,16,0.5,0.031015,180,0,0,120699
0,29,16,0.5,0.03493,180,0,0,120716
0,28,17,0.5,0.03871,180,0,0,120732
0,26,17,0.5,0.04222,180,0,0,120747
0,24,16,0.5,0.04546,180,0,0,120765
0,26,17,0.5,0.04897,180,0,0,120783
0,24,16,0.5,0.05221,180,0,0,120799
0,22,14,0.5,0.05518,180,0,0,120816
0,21,13,0.5,0.058015,180,0,0,120830
0,20,13,0.5,0.060715,180,0,0,120848
0,20,14,0.5,0.063415,180,0,0,120864
-1,19,12,0.5,0.06598,180,0,0,120882
0,20,15,0.5,0.06868,180,0,0,120900
0,23,16,0.5,0.071785,180,0,0,120917
0,27,17,0.5,0.07543,180,0,0,120931
0,28,19,0.5,0.07921,180,0,0,120949
3,28,20,0.5,0.08299,180,0,0,120974
-4,53,37,0.5,0.090145,180,0,0,120993
0,24,19,0.5,0.093385,180,0,0,121007
0,24,19,0.5,0.096625,180,0,0,121020
0,23,18,0.5,0.09973,180,0,0,121033
0,21,17,0.5,0.102565,180,0,0,121049
0,21,16,0.5,0.1054,180,0,0,121065
0,18,16,0.5,0.10783,180,0,0,121081
3,19,19,0.5,0.110395,180,0,0,121099
2,18,19,0.5,0.112825,180,0,0,121115
0,18,19,0.5,0.115255,180,0,0,121132
-3,19,17,0.5,0.11782,180,0,0,121149
0,20,20,0.5,0.12052,180,0,0,121165
-2,17,19,0.5,0.122815,180,0,0,121182
-1,16,18,0.5,0.124975,180,0,0,121199
-6,15,16,0.5,0.127,180,0,0,121216
6,16,22,0.5,0.12916,180,0,0,121232
0,17,17,0.5,0.131455,180,0,0,121248
0,15,17,0.5,0.13348,180,0,0,121265
1,15,16,0.5,0.135505,180,0,0,121281
0,14,15,0.5,0.137395,180,0,0,121298
0,12,14,0.5,0.139015,180,0,0,121314
0,7,14,0.5,0.13996,180,0,0,121331
0,3,14,0.5,0.140365,180,0,0,121348
0,3,13,0.5,0.14077,180,0,0,121365
-5,-1,9,0.5,0.140635,180,0,0,121380
0,0,13,0.5,0.140635,180,0,0,121399
0,-5,11,0.5,0.13996,180,0,0,121413
0,-16,12,0.5,0.1378,180,0,0,121430
-3,-11,14,0.5,0.136315,180,0,0,121447
-1,-10,8,0.5,0.134965,180,0,0,121463
0,-11,8,0.5,0.13348,180,0,0,121479
0,-9,7,0.5,0.132265,180,0,0,121495
0,-8,7,0.5,0.131185,180,0,0,121512
-1,-4,7,0.5,0.130645,180,0,0,121529
1,0,7,0.5,0.130645,180,0,0,121545
0,3,5,0.5,0.13105,180,0,0,121563
0,6,6,0.5,0.13186,180,0,0,121578
0,11,6,0.5,0.133345,180,0,0,121597
-4,11,4,0.5,0.13483,180,0,0,121614
-1,13,7,0.5,0.136585,180,0,0,121630
0,15,8,0.5,0.13861,180,0,0,121646
-5,17,7,0.5,0.140905,180,0,0,121663
-5,21,7,0.5,0.14374,180,0,0,121679
0,20,8,0.5,0.14644,180,0,0,121696
0,24,9,0.5,0.14968,180,0,0,121712
-1,25,9,0.5,0.153055,180,0,0,121729
0,26,9,0.5,0.156565,180,0,0,121748
-5,26,7,0.5,0.160075,180,0,0,121763
1,28,11,0.5,0.163855,180,0,0,121780
0,27,10,0.5,0.1675,180,0,0,121797
0,30,11,0.5,0.17155,180,0,0,121813
0,55,16,0.5,0.178975,180,0,0,121832
0,27,16,0.5,0.18262,180,0,0,121849
0,26,11,0.5,0.18613,180,0,0,121863
0,25,12,0.5,0.189505,180,0,0,121882
0,26,12,0.5,0.193015,180,0,0,121897
0,29,14,0.5,0.19693,180,0,0,121914
0,28,15,0.5,0.20071,180,0,0,121932
0,28,16,0.5,0.20449,180,0,0,121948
0,28,16,0.5,0.20827,180,0,0,121964
0,25,16,0.5,0.211645,180,0,0,121983
0,27,15,0.5,0.21529,180,0,0,121997
-2,28,16,0.5,0.21907,180,0,0,122013
0,27,15,0.5,0.222715,180,0,0,122031
0,28,14,0.5,0.226495,180,0,0,122048
0,26,13,0.5,0.230005,180,0,0,122064
0,27,13,0.5,0.23365,180,0,0,122083
0,22,13,0.5,0.23662,180,0,0,122097
0,20,15,0.5,0.23932,180,0,0,122114
0,16,14,0.5,0.24148,180,0,0,122132
0,12,14,0.5,0.2431,180,0,0,122149
0,7,13,0.5,0.244045,180,0,0,122164
4,5,13,0.5,0.24472,180,0,0,122181
0,1,11,0.5,0.244855,180,0,0,122197
0,0,10,0.5,0.244855,180,0,0,122213
3,-9,10,0.5,0.24364,180,0,0,122230
1,-6,23,0.5,0.24283,180,0,0,122252
0,-8,10,0.5,0.24175,180,0,0,122263
0,-9,9,0.5,0.240535,180,0,0,122279
0,-10,9,0.5,0.239185,180,0,0,122296
0,-10,8,0.5,0.237835,180,0,0,122314
0,-8,8,0.5,0.236755,180,0,0,122330
0,-7,8,0.5,0.23581,180,0,0,122347
0,-6,6,0.5,0.235,180,0,0,122362
-4,-3,4,0.5,0.234595,180,0,0,122378
0,-1,7,0.5,0.23446,180,0,0,122396
0,1,7,0.5,0.234595,180,0,0,122412
0,3,8,0.5,0.235,180,0,0,122429
0,2,9,0.5,0.23527,180,0,0,122447
0,2,10,0.5,0.23554,180,0,0,122462
0,0,8,0.5,0.23554,180,0,0,122479
-1,0,8,0.5,0.23554,180,0,0,122496
0,4,7,0.5,0.23608,180,0,0,122512
1,5,6,0.5,0.236755,180,0,0,122529
1,7,6,0.5,0.2377,180,0,0,122545
0,9,5,0.5,0.238915,180,0,0,122562
0,8,4,0.5,0.239995,180,0,0,122578
0,7,3,0.5,0.24094,180,0,0,122596
0,6,3,0.5,0.24175,180,0,1,122612
0,4,3,0.5,0.24229,180,0,1,122628
0,8,5,0.5,0.24337,180,0,1,122646
0,4,2,0.5,0.24391,180,0,1,122661
-1,7,1,0.5,0.244855,180,0,1,122678
1,9,4,0.5,0.24607,180,0,1,122697
-5,9,0,0.5,0.247285,180,0,1,122710
-1,11,3,0.5,0.24877,180,0,1,122728
1,13,2,0.5,0.250525,180,1,1,122746
0,14,1,0.5,0.252415,180,1,1,122761
0,13,1,0.5,0.25417,180,1,1,122778
0,13,1,0.5,0.255925,180,0,0,122797
1,13,4,0.5,0.25768,180,0,0,122812
0,15,4,0.5,0.259705,180,0,0,122828
1,12,6,0.5,0.261325,180,0,0,122846
-1,12,6,0.5,0.262945,180,0,0,122862
-1,11,7,0.5,0.26443,180,0,0,122879
-2,12,7,0.5,0.26605,180,0,0,122896
0,16,9,0.5,0.26821,180,0,0,122912
4,20,11,0.5,0.27091,180,0,0,122931
0,20,10,0.5,0.27361,180,0,0,122947
0,21,13,0.5,0.276445,180,0,0,122964
0,20,13,0.5,0.279145,180,0,0,122982
0,21,17,0.5,0.28198,180,0,0,123001
0,39,19,0.5,0.287245,180,0,0,123021
0,20,33,0.5,0.289945,180,0,0,123044
-2,18,17,0.5,0.292375,180,0,0,123056
-5,20,15,0.5,0.295075,180,0,0,123068
4,18,20,0.5,0.297505,180,0,0,123085
0,17,17,0.5,0.2998,180,0,0,123099
0,15,16,0.5,0.301825,180,0,0,123115
0,17,15,0.5,0.30412,180,0,0,123131
0,16,14,0.5,0.30628,180,0,0,123148
0,13,14,0.5,0.308035,180,0,0,123164
0,13,14,0.5,0.30979,180,0,0,123181
-1,13,15,0.5,0.311545,180,0,0,123198
0,10,15,0.5,0.312895,180,0,0,123215
0,8,15,0.5,0.313975,180,0,0,123234
0,8,15,0.5,0.315055,180,0,0,123247
0,6,15,0.5,0.315865,180,0,0,123264
0,5,14,0.5,0.31654,180,0,0,123281
0,4,12,0.5,0.31708,180,0,0,123297
0,3,11,0.5,0.317485,180,0,0,123313
0,0,9,0.5,0.317485,180,0,0,123329
0,-3,8,0.5,0.31708,180,0,0,123345
0,-7,8,0.5,0.316135,180,0,0,123362
0,-12,8,0.5,0.314515,180,0,0,123379
0,-14,8,0.5,0.312625,180,0,0,123397
0,-34,14,0.5,0.308035,180,0,0,123415
0,0,0,0.5,0.308035,180,0,0,123427
0,-32,9,0.5,0.303715,180,0,0,123448
0,0,0,0.5,0.303715,180,0,0,123460
0,-28,7,0.5,0.299935,180,0,0,123479
0,-11,3,0.5,0.29845,180,0,1,123495
0,-9,2,0.5,0.297235,180,0,1,123512
0,-8,1,0.5,0.296155,180,0,1,123528
0,-6,2,0.5,0.295345,180,0,1,123546
0,0,3,0.5,0.295345,180,0,1,123561
0,-1,3,0.5,0.29521,180,0,1,123578
0,1,3,0.5,0.295345,180,0,1,123599
0,4,4,0.5,0.295885,180,0,1,123611
0,3,4,0.5,0.29629,180,0,1,123628
0,6,4,0.5,0.2971,180,0,1,123646
0,7,4,0.5,0.298045,180,0,0,123662
0,9,4,0.5,0.29926,180,0,0,123679
0,11,4,0.5,0.300745,180,0,0,123695
0,13,4,0.5,0.3025,180,0,0,123712
0,17,4,0.5,0.304795,180,0,0,123729
0,20,4,0.5,0.307495,180,0,0,123745
0,21,4,0.5,0.31033,180,0,0,123762
0,22,4,0.5,0.3133,180,0,0,123778
0,23,4,0.5,0.316405,180,0,0,123795
1,20,3,0.5,0.319105,180,0,0,123811
-2,45,5,0.5,0.32518,180,0,0,123832
0,25,4,0.5,0.328555,180,0,0,123846
0,24,4,0.5,0.331795,180,0,0,123861
0,23,5,0.5,0.3349,180,0,0,123878
-1,19,6,0.5,0.337465,180,0,0,123895
5,9,10,0.5,0.33868,180,0,0,123913
0,3,9,0.5,0.339085,180,0,0,123930
0,0,9,0.5,0.339085,180,0,0,123945
0,0,9,0.5,0.339085,180,0,0,123965
0,-4,8,0.5,0.338545,180,0,0,123982
0,-8,8,0.5,0.337465,180,0,0,123995
0,-10,9,0.5,0.336115,180,0,0,124013
0,-13,9,0.5,0.33436,180,0,0,124030
0,-14,9,0.5,0.33247,180,0,0,124045
0,-12,10,0.5,0.33085,180,0,0,124063
0,-1,10,0.5,0.330715,180,0,0,124080
0,14,10,0.5,0.332605,180,0,0,124095
0,24,12,0.5,0.335845,180,0,0,124114
0,30,11,0.5,0.339895,180,0,0,124130
0,33,12,0.5,0.34435,180,0,0,124147
0,33,13,0.5,0.348805,180,0,0,124164
0,33,14,0.5,0.35326,180,0,0,124181
0,31,16,0.5,0.357445,180,0,0,124197
-5,28,13,0.5,0.361225,180,0,0,124214
0,25,16,0.5,0.3646,180,0,0,124233
1,41,30,0.5,0.370135,180,0,0,124255
0,16,13,0.5,0.372295,180,0,0,124268
0,13,15,0.5,0.37405,180,0,0,124282
0,12,18,0.5,0.37567,180,0,0,124301
0,10,18,0.5,0.37702,180,0,0,124316
-3,9,14,0.5,0.378235,180,0,0,124332
0,8,16,0.5,0.379315,180,0,0,124348
-6,7,13,0.5,0.38026,180,0,0,124363
6,7,18,0.5,0.381205,180,0,0,124384
0,9,15,0.5,0.38242,180,0,0,124398
1,11,14,0.5,0.383905,180,0,0,124415
0,12,14,0.5,0.385525,180,0,0,124432
0,16,15,0.5,0.387685,180,0,0,124447
0,17,16,0.5,0.38998,180,0,0,124465
0,18,17,0.5,0.39241,180,0,0,124483
0,17,19,0.5,0.394705,180,0,0,124500
-2,16,20,0.5,0.396865,180,0,0,124515
-1,15,20,0.5,0.39889,180,0,0,124532
0,11,18,0.5,0.400375,180,0,0,124548
0,11,17,0.5,0.40186,180,0,0,124565
0,7,14,0.5,0.402805,180,0,0,124584
0,6,14,0.5,0.403615,180,0,0,124598
0,0,12,0.5,0.403615,180,0,0,124613
0,-3,12,0.5,0.40321,180,0,0,124630
1,-28,15,0.5,0.39943,180,0,0,124649
0,-22,20,0.5,0.39646,180,0,0,124667
0,-25,10,0.5,0.393085,180,0,0,124680
1,-23,9,0.5,0.38998,180,0,0,124696
-1,-22,8,0.5,0.38701,180,0,0,124713
0,-19,6,0.5,0.384445,180,0,0,124729
1,-15,4,0.5,0.38242,180,0,0,124746
0,-11,4,0.5,0.380935,180,0,1,124763
0,-6,3,0.5,0.380125,180,0,1,124777
0,-3,3,0.5,0.37972,180,0,1,124795
0,0,2,0.5,0.37972,180,0,1,124811
0,2,1,0.5,0.37999,180,0,1,124828
-5,5,-1,0.5,0.380665,180,0,0,124844
0,2,1,0.5,0.380935,180,0,0,124861
0,0,2,0.5,0.380935,180,0,0,124878
0,-1,2,0.5,0.3808,180,0,0,124895
0,0,3,0.5,0.3808,180,0,0,124911
0,2,4,0.5,0.38107,180,0,0,124928
0,3,4,0.5,0.381475,180,0,0,124946
0,9,4,0.5,0.38269,180,0,0,124962
-4,12,2,0.5,0.38431,180,0,0,124978
-2,16,4,0.5,0.38647,180,0,0,124996
1,19,7,0.5,0.389035,180,0,0,125012
0,19,7,0.5,0.3916,180,0,0,125029
1,41,13,0.5,0.397135,180,0,0,125048
0,20,7,0.5,0.399835,180,0,0,125063
0,21,8,0.5,0.40267,180,0,0,125079
0,22,8,0.5,0.40564,180,0,0,125096
0,24,8,0.5,0.40888,180,0,0,125112
0,24,8,0.5,0.41212,180,0,0,125129
0,25,9,0.5,0.415495,180,0,0,125147
-1,25,10,0.5,0.41887,180,0,0,125163
-6,23,7,0.5,0.421975,180,0,0,125179
5,22,14,0.5,0.424945,180,0,0,125197
0,20,12,0.5,0.427645,180,0,0,125214
0,17,11,0.5,0.42994,180,0,0,125230
0,11,12,0.5,0.431425,180,0,0,125246
0,7,11,0.5,0.43237,180,0,0,125264
0,1,13,0.5,0.432505,180,0,0,125281
0,-3,13,0.5,0.4321,180,0,0,125297
0,-10,12,0.5,0.43075,180,0,0,125314
0,-12,11,0.5,0.42913,180,0,0,125330
-1,-15,12,0.5,0.427105,180,0,0,125347
0,-15,10,0.5,0.42508,180,0,0,125364
0,-15,9,0.5,0.423055,180,0,0,125380
0,-15,7,0.5,0.42103,180,0,0,125395
0,-13,6,0.5,0.419275,180,0,1,125412
0,-12,4,0.5,0.417655,180,0,1,125431
0,-18,6,0.5,0.415225,180,0,1,125446
0,-7,2,0.5,0.41428,180,0,1,125461
1,-5,3,0.5,0.413605,180,0,1,125478
0,-2,3,0.5,0.413335,180,0,1,125495
0,1,4,0.5,0.41347,180,0,1,125511
-1,4,3,0.5,0.41401,180,0,1,125528
0,6,5,0.5,0.41482,180,0,1,125546
0,6,5,0.5,0.41563,180,0,1,125563
0,9,6,0.5,0.416845,180,0,1,125579
0,11,6,0.5,0.41833,180,0,0,125595
0,12,5,0.5,0.41995,180,0,0,125612
0,11,4,0.5,0.421435,180,0,0,125630
0,14,3,0.5,0.423325,180,0,0,125644
0,21,4,0.5,0.42616,180,0,0,125661
1,24,5,0.5,0.4294,180,0,0,125678
0,25,4,0.5,0.432775,180,0,0,125694
0,24,6,0.5,0.436015,180,0,0,125712
-3,24,4,0.5,0.439255,180,0,0,125728
-1,21,6,0.5,0.44209,180,0,0,125748
0,20,9,0.5,0.44479,180,0,0,125767
0,17,8,0.5,0.447085,180,0,0,125781
0,16,9,0.5,0.449245,180,0,0,125802
0,17,9,0.5,0.45154,180,0,0,125813
0,16,10,0.5,0.4537,180,0,0,125831
0,30,19,0.5,0.45775,180,0,0,125849
0,11,13,0.5,0.459235,180,0,0,125865
0,5,14,0.5,0.45991,180,0,0,125882
0,0,10,0.5,0.45991,180,0,0,125895
0,-3,9,0.5,0.459505,180,0,0,125913
-1,-5,10,0.5,0.45883,180,0,0,125930
1,-7,10,0.5,0.457885,180,0,0,125946
-1,-8,10,0.5,0.456805,180,0,0,125963
0,-11,11,0.5,0.45532,180,0,0,125983
-4,-12,8,0.5,0.4537,180,0,0,125995
0,-13,10,0.5,0.451945,180,0,0,126013
0,-11,9,0.5,0.45046,180,0,0,126032
4,-9,10,0.5,0.449245,180,0,0,126046
0,-6,6,0.5,0.448435,180,0,0,126062
0,-4,5,0.5,0.447895,180,0,0,126078
0,-2,4,0.5,0.447625,180,0,1,126095
0,0,2,0.5,0.447625,180,0,1,126113
0,2,2,0.5,0.447895,180,0,1,126128
0,4,1,0.5,0.448435,180,0,1,126144
0,4,0,0.5,0.448975,180,0,1,126160
0,4,0,0.5,0.449515,180,0,1,126178
0,3,0,0.5,0.44992,180,0,1,126193
1,1,1,0.5,0.450055,180,0,1,126212
0,1,2,0.5,0.45019,180,0,0,126228
0,11,6,0.5,0.451675,180,0,0,126245
0,11,4,0.5,0.45316,180,0,0,126261
0,14,3,0.5,0.45505,180,0,0,126278
-1,17,4,0.5,0.457345,180,0,0,126295
0,22,5,0.5,0.460315,180,0,0,126312
0,25,6,0.5,0.46369,180,0,0,126329
0,26,7,0.5,0.4672,180,0,0,126349
0,25,9,0.5,0.470575,180,0,0,126363
0,22,9,0.5,0.473545,180,0,0,126380
0,21,11,0.5,0.47638,180,0,0,126396
0,16,11,0.5,0.47854,180,0,0,126413
3,16,13,0.5,0.4807,180,0,0,126431
2,18,12,0.5,0.48313,180,0,0,126446
0,23,11,0.5,0.486235,180,0,0,126463
0,24,11,0.5,0.489475,180,0,0,126480
0,24,11,0.5,0.492715,180,0,0,126498
0,16,8,0.5,0.494875,180,0,0,126513
-2,11,8,0.5,0.49636,180,0,0,126530
-1,9,7,0.5,0.497575,180,0,0,126545
-1,9,6,0.5,0.49879,180,0,0,126562
0,10,8,0.5,0.50014,180,0,0,126581
-4,8,4,0.5,0.50122,180,0,0,126595
0,7,6,0.5,0.502165,180,0,0,126612
0,6,5,0.5,0.502975,180,0,0,126629
-4,3,6,0.5,0.50338,180,0,0,126645
-7,-4,7,0.5,0.50284,180,0,0,126662
0,-8,5,0.5,0.50176,180,0,0,126679
2,-14,6,0.5,0.49987,180,0,0,126695
0,-16,4,0.5,0.49771,180,0,0,126711
0,-18,3,0.5,0.49528,180,0,0,126728
0,-16,3,0.5,0.49312,180,0,0,126744
0,-13,3,0.5,0.491365,180,0,0,126761
0,-9,2,0.5,0.49015,180,0,0,126778
0,-3,2,0.5,0.489745,180,0,0,126794
0,1,3,0.5,0.48988,180,0,0,126811
0,7,4,0.5,0.490825,180,0,0,126828
0,11,5,0.5,0.49231,180,0,1,126845
2,12,6,0.5,0.49393,180,0,1,126862
0,12,6,0.5,0.49555,180,0,1,126879
0,13,8,0.5,0.497305,180,0,1,126896
-2,11,8,0.5,0.49879,180,0,1,126914
0,10,7,0.5,0.50014,180,0,1,126929
0,8,6,0.5,0.50122,180,0,1,126945
-1,6,5,0.5,0.50203,180,0,1,126962
0,6,5,0.5,0.50284,180,0,1,126978
0,5,3,0.5,0.503515,180,0,1,126995
0,5,1,0.5,0.50419,180,0,1,127010
0,7,0,0.5,0.505135,180,0,1,127027
0,10,0,0.5,0.506485,180,0,0,127044
0,27,0,0.5,0.51013,180,0,0,127060
0,17,0,0.5,0.512425,180,0,0,127077
0,19,0,0.5,0.51499,180,0,0,127094
0,22,2,0.5,0.51796,180,0,0,127112
0,23,3,0.5,0.521065,180,0,0,127127
0,22,6,0.5,0.524035,180,0,0,127145
0,22,7,0.5,0.527005,180,0,0,127162
0,21,9,0.5,0.52984,180,0,0,127179
0,18,10,0.5,0.53227,180,0,0,127196
0,17,11,0.5,0.534565,180,0,0,127214
0,17,13,0.5,0.53686,180,0,0,127235
0,13,11,0.5,0.538615,180,0,0,127255
0,11,12,0.5,0.5401,180,0,0,127270
0,4,11,0.5,0.54064,180,0,0,127282
0,-1,9,0.5,0.540505,180,0,0,127295
0,-4,9,0.5,0.539965,180,0,0,127313
0,-6,7,0.5,0.539155,180,0,0,127329
0,-8,8,0.5,0.538075,180,0,0,127348
-6,-10,0,0.5,0.536725,180,0,0,127363
-5,-13,1,0.5,0.53497,180,0,0,127377
0,-13,2,0.5,0.533215,180,0,0,127395
0,-21,0,0.5,0.53038,180,0,0,127415
0,0,0,0.5,0.53038,180,0,0,127426
0,-7,-2,0.5,0.529435,180,0,0,127444
0,-5,-2,0.5,0.52876,180,0,0,127462
-11,-2,-12,0.5,0.52849,180,0,0,127482
0,3,-1,0.5,0.528895,180,0,0,127494
-1,5,0,0.5,0.52957,180,0,0,127512
1,4,1,0.5,0.53011,180,0,0,127527
0,7,2,0.5,0.531055,180,0,0,127544
0,9,3,0.5,0.53227,180,0,0,127562
0,14,4,0.5,0.53416,180,0,0,127578
-1,17,5,0.5,0.536455,180,0,0,127595
2,22,7,0.5,0.539425,180,0,0,127615
0,23,7,0.5,0.54253,180,0,0,127628
0,26,9,0.5,0.54604,180,0,0,127645
0,25,9,0.5,0.549415,180,0,0,127664
0,25,10,0.5,0.55279,180,0,0,127678
-3,23,9,0.5,0.555895,180,0,0,127696
0,21,11,0.5,0.55873,180,0,0,127714
-1,21,11,0.5,0.561565,180,0,0,127729
1,20,14,0.5,0.564265,180,0,0,127750
0,21,14,0.5,0.5671,180,0,0,127764
-1,21,12,0.5,0.569935,180,0,0,127779
0,21,14,0.5,0.57277,180,0,0,127801
0,18,13,0.5,0.5752,180,0,0,127814
0,16,13,0.5,0.57736,180,0,0,127830
4,24,13,0.5,0.5806,180,0,0,127852
-1,7,19,0.5,0.581545,180,0,0,127864
-5,4,5,0.5,0.582085,180,0,0,127878
5,0,11,0.5,0.582085,180,0,0,127900
0,-3,7,0.5,0.58168,180,0,0,127913
1,-7,6,0.5,0.580735,180,0,0,127928
-1,-11,6,0.5,0.57925,180,0,0,127945
-1,-16,3,0.5,0.57709,180,0,0,127962
0,-20,2,0.5,0.57439,180,0,0,127978
-4,-24,1,0.5,0.57115,180,0,0,127994
-1,-22,1,0.5,0.56818,180,0,0,128011
0,-22,0,0.5,0.56521,180,0,0,128027
0,-18,0,0.5,0.56278,180,0,0,128044
0,-16,0,0.5,0.56062,180,0,0,128060
0,-9,1,0.5,0.559405,180,0,0,128077
0,-4,0,0.5,0.558865,180,0,1,128094
-1,-1,1,0.5,0.55873,180,0,1,128111
2,1,1,0.5,0.558865,180,0,1,128127
0,6,3,0.5,0.559675,180,0,1,128144
1,8,6,0.5,0.560755,180,0,1,128162
-7,9,0,0.5,0.56197,180,0,1,128177
2,11,6,0.5,0.563455,180,0,1,128195
0,8,5,0.5,0.564535,180,0,1,128213
0,5,4,0.5,0.56521,180,0,1,128229
1,2,4,0.5,0.56548,180,0,0,128245
4,1,3,0.5,0.565615,180,0,0,128262
-1,14,1,0.5,0.567505,180,0,0,128277
0,17,0,0.5,0.5698,180,0,0,128294
0,22,0,0.5,0.57277,180,0,0,128310
0,24,0,0.5,0.57601,180,0,0,128327
0,27,0,0.5,0.579655,180,0,0,128344
0,28,1,0.5,0.583435,180,0,0,128362
0,30,2,0.5,0.587485,180,0,0,128378
0,31,2,0.5,0.59167,180,0,0,128394
0,29,2,0.5,0.595585,180,0,0,128412
0,30,3,0.5,0.599635,180,0,0,128427
0,26,4,0.5,0.603145,180,0,0,128445
0,25,6,0.5,0.60652,180,0,0,128463
0,18,7,0.5,0.60895,180,0,0,128478
0,10,7,0.5,0.6103,180,0,0,128496
1,4,7,0.5,0.61084,180,0,0,128513
0,0,7,0.5,0.61084,180,0,0,128528
0,-4,6,0.5,0.6103,180,0,0,128546
0,-9,7,0.5,0.609085,180,0,0,128563
0,-10,6,0.5,0.607735,180,0,0,128578
0,-12,6,0.5,0.606115,180,0,0,128595
0,-16,6,0.5,0.603955,180,0,0,128612
0,-16,7,0.5,0.601795,180,0,0,128628
0,-18,6,0.5,0.599365,180,0,0,128646
0,-35,9,0.5,0.59464,180,0,0,128662
-5,-16,1,0.5,0.59248,180,0,0,128677
0,-13,4,0.5,0.590725,180,0,0,128695
0,-7,4,0.5,0.58978,180,0,0,128712
0,-3,5,0.5,0.589375,180,0,0,128728
0,3,5,0.5,0.58978,180,0,1,128747
-1,5,4,0.5,0.590455,180,0,1,128762
0,7,4,0.5,0.5914,180,0,1,128778
0,8,4,0.5,0.59248,180,0,1,128797
0,5,3,0.5,0.593155,180,0,1,128812
0,4,3,0.5,0.593695,180,0,1,128828
0,2,3,0.5,0.593965,180,0,1,128844
1,-2,3,0.5,0.593695,180,0,1,128861
0,-2,2,0.5,0.593425,180,0,1,128878
0,-4,2,0.5,0.592885,180,0,1,128896
0,-2,1,0.5,0.592615,180,0,1,128911
0,-2,2,0.5,0.592345,180,0,1,128927
-1,0,0,0.5,0.592345,180,0,1,128943
0,1,1,0.5,0.59248,180,0,1,128961
0,4,1,0.5,0.59302,180,0,1,128979
0,7,1,0.5,0.593965,180,0,1,128994
0,6,1,0.5,0.594775,180,0,1,129010
0,7,1,0.5,0.59572,180,0,1,129027
0,13,2,0.5,0.597475,180,0,1,129046
0,0,0,0.5,0.597475,180,0,1,129060
4,9,4,0.5,0.59869,180,0,0,129078
0,4,1,0.5,0.59923,180,0,0,129094
0,4,0,0.5,0.59977,180,0,0,129110
0,9,2,0.5,0.600985,180,0,0,129128
0,12,1,0.5,0.602605,180,0,0,129144
0,16,2,0.5,0.604765,180,0,0,129161
0,18,3,0.5,0.607195,180,0,0,129178
0,19,3,0.5,0.60976,180,0,0,129195
0,21,4,0.5,0.612595,180,0,0,129211
0,21,3,0.5,0.61543,180,0,0,129228
0,21,3,0.5,0.618265,180,0,0,129245
0,15,3,0.5,0.62029,180,0,0,129261
0,12,3,0.5,0.62191,180,0,0,129278
0,8,4,0.5,0.62299,180,0,0,129295
0,6,4,0.5,0.6238,180,0,0,129312
0,7,3,0.5,0.624745,180,0,0,129328
0,8,3,0.5,0.625825,180,0,0,129345
0,8,3,0.5,0.626905,180,0,0,129361
0,7,3,0.5,0.62785,180,0,0,129377
0,4,4,0.5,0.62839,180,0,0,129395
0,1,4,0.5,0.628525,180,0,0,129412
0,1,3,0.5,0.62866,180,0,0,129428
0,2,4,0.5,0.62893,180,0,0,129445
1,1,4,0.5,0.629065,180,0,0,129463
-3,-5,6,0.5,0.62839,180,0,0,129480
0,-7,4,0.5,0.627445,180,0,0,129495
0,-9,3,0.5,0.62623,180,0,0,129511
-1,-10,3,0.5,0.62488,180,0,0,129528
4,-10,6,0.5,0.62353,180,0,0,129546
1,-9,4,0.5,0.622315,180,0,0,129561
0,-9,3,0.5,0.6211,180,0,0,129579
0,-7,3,0.5,0.620155,180,0,0,129595
0,-4,3,0.5,0.619615,180,0,0,129612
0,2,4,0.5,0.619885,180,0,0,129628
0,9,4,0.5,0.6211,180,0,0,129649
0,14,5,0.5,0.62299,180,0,0,129667
0,16,6,0.5,0.62515,180,0,0,129682
0,16,6,0.5,0.62731,180,0,0,129696
0,17,7,0.5,0.629605,180,0,0,129713
0,17,6,0.5,0.6319,180,0,0,129729
0,14,7,0.5,0.63379,180,0,0,129745
0,12,7,0.5,0.63541,180,0,0,129763
0,11,7,0.5,0.636895,180,0,0,129779
0,7,7,0.5,0.63784,180,0,0,129796
0,7,7,0.5,0.638785,180,0,0,129813
0,3,7,0.5,0.63919,180,0,0,129829
0,1,7,0.5,0.639325,180,0,0,129846
0,-1,7,0.5,0.63919,180,0,0,129863
0,-4,11,0.5,0.63865,180,0,0,129880
0,-6,5,0.5,0.63784,180,0,0,129894
0,-8,4,0.5,0.63676,180,0,0,129917
0,-13,5,0.5,0.635005,180,0,0,129928
0,0,0,0.5,0.635005,180,0,0,129943
0,-14,15,0.5,0.633115,180,0,0,129963
0,11,9,0.5,0.6346,180,0,0,129980
0,22,10,0.5,0.63757,180,0,0,129996
0,30,12,0.5,0.64162,180,0,0,130014
0,32,18,0.5,0.64594,180,0,0,130033
0,27,24,0.5,0.649585,180,0,0,130050
0,26,23,0.5,0.653095,180,0,0,130066
0,25,23,0.5,0.65647,180,0,0,130083
0,25,21,0.5,0.659845,180,0,0,130099
1,26,21,0.5,0.663355,180,0,0,130115
0,26,21,0.5,0.666865,180,0,0,130132
-2,23,20,0.5,0.66997,180,0,0,130148
0,21,21,0.5,0.672805,180,0,0,130167
-1,12,17,0.5,0.674425,180,0,0,130183
0,10,19,0.5,0.675775,180,0,0,130199
0,9,15,0.5,0.67699,180,0,0,130214
1,10,13,0.5,0.67834,180,0,0,130230
0,9,12,0.5,0.679555,180,0,0,130247
0,13,9,0.5,0.68131,180,0,0,130264
0,2,18,0.5,0.68158,180,0,0,130285
0,0,9,0.5,0.68158,180,0,0,130296
0,-1,9,0.5,0.681445,180,0,0,130312
-3,-6,7,0.5,0.680635,180,0,0,130329
0,-6,8,0.5,0.679825,180,0,0,130346
-6,-10,5,0.5,0.678475,180,0,0,130362
1,-10,5,0.5,0.677125,180,0,0,130378
3,-13,6,0.5,0.67537,180,0,0,130395
0,-15,5,0.5,0.673345,180,0,0,130412
0,-14,4,0.5,0.671455,180,0,0,130428
0,-15,5,0.5,0.66943,180,0,0,130446
-2,-14,2,0.5,0.66754,180,0,0,130463
0,-13,5,0.5,0.665785,180,0,0,130478
0,-14,4,0.5,0.663895,180,0,0,130494
0,-10,4,0.5,0.662545,180,0,0,130511
0,-9,4,0.5,0.66133,180,0,0,130527
0,-5,4,0.5,0.660655,180,0,1,130545
0,-3,4,0.5,0.66025,180,0,1,130563
0,0,4,0.5,0.66025,180,0,1,130577
0,1,6,0.5,0.660385,180,0,1,130595
0,3,6,0.5,0.66079,180,0,1,130612
0,5,6,0.5,0.661465,180,0,1,130628
0,7,6,0.5,0.66241,180,0,1,130645
0,7,6,0.5,0.663355,180,0,1,130663
-1,12,10,0.5,0.664975,180,0,1,130680
3,9,3,0.5,0.66619,180,0,0,130695
0,13,3,0.5,0.667945,180,0,0,130712
0,17,3,0.5,0.67024,180,0,0,130727
0,22,3,0.5,0.67321,180,0,0,130744
0,25,3,0.5,0.676585,180,0,0,130762
0,27,2,0.5,0.68023,180,0,0,130779
0,26,4,0.5,0.68374,180,0,0,130795
-3,27,2,0.5,0.687385,180,0,0,130810
0,20,5,0.5,0.690085,180,0,0,130831
0,19,6,0.5,0.69265,180,0,0,130845
0,11,7,0.5,0.694135,180,0,0,130863
0,7,7,0.5,0.69508,180,0,0,130879
0,2,7,0.5,0.69535,180,0,0,130895
0,-2,5,0.5,0.69508,180,0,0,130912
3,-4,8,0.5,0.69454,180,0,0,130929
1,-7,6,0.5,0.693595,180,0,0,130945
0,-7,8,0.5,0.69265,180,0,0,130962
-1,-7,6,0.5,0.691705,180,0,0,130979
0,-10,7,0.5,0.690355,180,0,0,130995
-1,-10,6,0.5,0.689005,180,0,0,131014
0,-11,7,0.5,0.68752,180,0,0,131029
0,-12,7,0.5,0.6859,180,0,0,131046
0,-18,10,0.5,0.68347,180,0,0,131063
1,-5,5,0.5,0.682795,180,0,0,131078
-1,-1,5,0.5,0.68266,180,0,0,131095
0,4,5,0.5,0.6832,180,0,0,131111
0,7,5,0.5,0.684145,180,0,0,131128
-4,8,4,0.5,0.685225,180,0,1,131145
4,8,8,0.5,0.686305,180,0,1,131164
0,7,5,0.5,0.68725,180,0,1,131180
0,7,4,0.5,0.688195,180,0,1,131196
0,3,4,0.5,0.6886,180,0,1,131212
0,3,3,0.5,0.689005,180,0,1,131228
0,1,2,0.5,0.68914,180,0,1,131244
0,1,2,0.5,0.689275,180,0,1,131260
0,0,1,0.5,0.689275,180,0,1,131277
0,2,1,0.5,0.689545,180,0,1,131293
0,4,1,0.5,0.690085,180,0,1,131310
0,6,0,0.5,0.690895,180,0,0,131327
0,10,1,0.5,0.692245,180,0,0,131344
0,11,0,0.5,0.69373,180,0,0,131360
0,11,0,0.5,0.695215,180,0,0,131376
0,9,0,0.5,0.69643,180,0,0,131393
0,7,1,0.5,0.697375,180,0,0,131410
0,1,2,0.5,0.69751,180,0,0,131427
0,-8,3,0.5,0.69643,180,0,1,131444
0,-8,3,0.5,0.69535,180,0,1,131462
0,-9,2,0.5,0.694135,180,0,1,131477
-1,-10,3,0.5,0.692785,180,0,1,131494
0,-8,3,0.5,0.691705,180,0,1,131511
0,-6,4,0.5,0.690895,180,0,1,131529
0,-3,5,0.5,0.69049,180,0,1,131545
0,3,4,0.5,0.690895,180,0,1,131561
0,8,5,0.5,0.691975,180,0,1,131581
0,15,4,0.5,0.694,180,0,0,131594
0,20,5,0.5,0.6967,180,0,0,131613
0,23,5,0.5,0.699805,180,0,0,131628
0,27,5,0.5,0.70345,180,0,0,131644
0,28,6,0.5,0.70723,180,0,0,131663
1,28,7,0.5,0.71,180,0,0,131678
