0,99,-31,0.5,-0.696635,180,0,0,155213
0,98,-30,0.5,-0.683405,180,0,0,155232
-2,47,-14,0.5,-0.67706,180,0,0,155247
1,42,-10,0.5,-0.67139,180,0,0,155261
0,0,0,0.5,-0.67139,180,0,0,155265
0,38,-8,0.5,-0.66626,180,0,0,155278
0,35,-9,0.5,-0.661535,180,0,0,155295
-2,31,-9,0.5,-0.65735,180,0,0,155312
0,30,-10,0.5,-0.6533,180,0,0,155330
-1,28,-8,0.5,-0.64952,180,0,0,155347
0,28,-7,0.5,-0.64574,180,0,0,155361
0,29,-8,0.5,-0.641825,180,0,0,155379
0,28,-8,0.5,-0.638045,180,0,0,155395
0,25,-7,0.5,-0.63467,180,0,0,155411
0,19,-9,0.5,-0.632105,180,0,0,155428
0,-4,-1,0.5,-0.632645,180,0,0,155443
0,-8,0,0.5,-0.633725,180,0,0,155459
0,-11,0,0.5,-0.63521,180,0,0,155476
0,-13,0,0.5,-0.636965,180,0,0,155493
0,-9,0,0.5,-0.63818,180,0,0,155509
0,-3,0,0.5,-0.638585,180,0,0,155526
0,12,1,0.5,-0.636965,180,0,0,155543
0,26,1,0.5,-0.633455,180,0,0,155559
0,38,0,0.5,-0.628325,180,0,0,155576
0,42,0,0.5,-0.622655,180,0,0,155593
0,47,0,0.5,-0.61631,180,0,0,155609
0,52,0,0.5,-0.60929,180,0,0,155626
0,55,1,0.5,-0.601865,180,0,0,155644
0,55,0,0.5,-0.59444,180,0,0,155659
0,52,0,0.5,-0.58742,180,0,0,155676
0,48,0,0.5,-0.58094,180,0,0,155692
0,46,-1,0.5,-0.57473,180,0,0,155709
0,38,-1,0.5,-0.5696,180,0,0,155727
0,32,0,0.5,-0.56528,180,0,0,155743
0,27,0,0.5,-0.561635,180,0,0,155759
0,25,-1,0.5,-0.55826,180,0,0,155776
0,26,0,0.5,-0.55475,180,0,0,155793
0,28,0,0.5,-0.55097,180,0,0,155810
0,30,0,0.5,-0.54692,180,0,0,155826
0,50,0,0.5,-0.54017,180,0,0,155844
0,11,0,0.5,-0.538685,180,0,0,155859
0,7,0,0.5,-0.53774,180,0,0,155876
1,4,-2,0.5,-0.5372,180,0,0,155894
-1,-1,-2,0.5,-0.537335,180,0,0,155910
0,-9,-4,0.5,-0.53855,180,0,0,155928
0,-14,-5,0.5,-0.54044,180,0,0,155944
0,-15,-5,0.5,-0.542465,180,0,0,155960
0,-14,-4,0.5,-0.544355,180,0,0,155977
0,-11,-4,0.5,-0.54584,180,0,0,155993
1,-5,-4,0.5,-0.546515,180,0,0,156010
-1,-2,-3,0.5,-0.546785,180,0,0,156027
0,1,-3,0.5,-0.54665,180,0,0,156044
0,4,-2,0.5,-0.54611,180,0,0,156060
0,4,-2,0.5,-0.54557,180,0,0,156077
0,6,-1,0.5,-0.54476,180,0,0,156094
0,6,0,0.5,-0.54395,180,0,0,156110
2,4,0,0.5,-0.54341,180,0,0,156126
0,3,0,0.5,-0.543005,180,0,0,156143
0,2,0,0.5,-0.542735,180,0,0,156159
0,1,0,0.5,-0.5426,180,0,0,156176
0,0,1,0.5,-0.5426,180,0,0,156193
0,-1,1,0.5,-0.542735,180,0,0,156210
0,0,0,0.5,-0.542735,180,0,0,156226
0,15,0,0.5,-0.54071,180,0,0,156243
0,20,0,0.5,-0.53801,180,0,0,156259
0,26,0,0.5,-0.5345,180,0,0,156276
0,32,0,0.5,-0.53018,180,0,0,156293
0,38,0,0.5,-0.52505,180,0,0,156311
0,41,-1,0.5,-0.519515,180,0,0,156330
0,43,-2,0.5,-0.51371,180,0,0,156344
0,43,-4,0.5,-0.507905,180,0,0,156362
0,42,-4,0.5,-0.502235,180,0,0,156378
0,40,-4,0.5,-0.496835,180,0,0,156394
0,35,-4,0.5,-0.49211,180,0,0,156410
0,29,-2,0.5,-0.488195,180,0,0,156428
0,24,0,0.5,-0.484955,180,0,0,156442
0,13,0,0.5,-0.4832,180,0,0,156461
0,3,0,0.5,-0.482795,180,0,0,156476
1,-2,-1,0.5,-0.483065,180,0,0,156493
0,-7,-4,0.5,-0.48401,180,0,0,156511
0,-2,-5,0.5,-0.48428,180,0,0,156529
0,3,-6,0.5,-0.483875,180,0,0,156547
0,7,-5,0.5,-0.48293,180,0,0,156560
0,11,-3,0.5,-0.481445,180,0,0,156580
0,17,-1,0.5,-0.47915,180,0,0,156593
0,25,0,0.5,-0.475775,180,0,0,156609
2,32,1,0.5,-0.471455,180,0,0,156626
-3,84,-2,0.5,-0.460115,180,0,0,156643
0,46,1,0.5,-0.453905,180,0,0,156661
0,44,4,0.5,-0.447965,180,0,0,156677
0,34,5,0.5,-0.443375,180,0,0,156694
0,26,5,0.5,-0.439865,180,0,0,156710
0,16,3,0.5,-0.437705,180,0,0,156727
0,8,0,0.5,-0.436625,180,0,0,156742
0,7,-2,0.5,-0.43568,180,0,0,156761
0,10,-4,0.5,-0.43433,180,0,0,156779
0,15,-5,0.5,-0.432305,180,0,0,156794
0,19,-6,0.5,-0.42974,180,0,0,156811
0,23,-7,0.5,-0.426635,180,0,0,156828
0,24,-7,0.5,-0.423395,180,0,0,156846
0,21,-6,0.5,-0.42056,180,0,0,156860
0,12,-4,0.5,-0.41894,180,0,0,156877
0,7,-2,0.5,-0.417995,180,0,0,156893
0,-1,-2,0.5,-0.41813,180,0,0,156910
0,-7,-2,0.5,-0.419075,180,0,0,156927
0,-11,0,0.5,-0.42056,180,0,0,156943
0,-5,0,0.5,-0.421235,180,0,0,156959
0,4,4,0.5,-0.420695,180,0,0,156977
0,12,5,0.5,-0.419075,180,0,0,156994
0,21,6,0.5,-0.41624,180,0,0,157011
0,30,7,0.5,-0.41219,180,0,0,157028
-1,84,16,0.5,-0.40085,180,0,0,157050
0,42,9,0.5,-0.39518,180,0,0,157067
0,31,9,0.5,-0.390995,180,0,0,157078
0,24,8,0.5,-0.387755,180,0,0,157095
0,22,7,0.5,-0.384785,180,0,0,157111
0,23,5,0.5,-0.38168,180,0,0,157127
0,25,4,0.5,-0.378305,180,0,0,157146
0,27,3,0.5,-0.37466,180,0,0,157161
0,28,3,0.5,-0.37088,180,0,0,157177
0,25,3,0.5,-0.367505,180,0,0,157195
0,22,4,0.5,-0.364535,180,0,0,157210
0,18,5,0.5,-0.362105,180,0,0,157227
0,18,6,0.5,-0.359675,180,0,0,157245
0,15,6,0.5,-0.35765,180,0,0,157261
0,8,4,0.5,-0.35657,180,0,0,157278
0,3,3,0.5,-0.356165,180,0,0,157295
0,-1,2,0.5,-0.3563,180,0,0,157310
0,-8,2,0.5,-0.35738,180,0,0,157326
0,-12,2,0.5,-0.359,180,0,0,157346
0,-12,2,0.5,-0.36062,180,0,0,157359
0,-12,2,0.5,-0.36224,180,0,0,157377
0,-19,4,0.5,-0.364805,180,0,0,157396
0,0,0,0.5,-0.364805,180,0,0,157409
0,-5,3,0.5,-0.36548,180,0,0,157429
0,-3,2,0.5,-0.365885,180,0,0,157443
0,1,4,0.5,-0.36575,180,0,0,157460
0,3,2,0.5,-0.365345,180,0,0,157476
0,4,2,0.5,-0.364805,180,0,0,157493
0,6,2,0.5,-0.363995,180,0,0,157510
0,8,2,0.5,-0.362915,180,0,0,157526
0,8,2,0.5,-0.361835,180,0,0,157544
0,9,2,0.5,-0.36062,180,0,0,157560
0,6,2,0.5,-0.35981,180,0,0,157577
0,5,2,0.5,-0.359135,180,0,0,157595
0,6,2,0.5,-0.358325,180,0,0,157611
0,5,2,0.5,-0.35765,180,0,0,157626
0,6,2,0.5,-0.35684,180,0,0,157643
0,6,2,0.5,-0.35603,180,0,0,157660
0,3,2,0.5,-0.355625,180,0,0,157677
0,3,1,0.5,-0.35522,180,0,0,157693
0,2,1,0.5,-0.35495,180,0,0,157709
0,2,1,0.5,-0.35468,180,0,0,157726
0,1,1,0.5,-0.354545,180,0,0,157743
0,1,1,0.5,-0.35441,180,0,0,157759
0,0,1,0.5,-0.35441,180,0,0,157776
0,0,1,0.5,-0.35441,180,0,0,157793
0,0,1,0.5,-0.35441,180,0,0,157810
0,-1,1,0.5,-0.354545,180,0,0,157826
0,7,3,0.5,-0.3536,180,0,0,157845
0,15,2,0.5,-0.351575,180,0,0,157860
0,22,2,0.5,-0.348605,180,0,0,157878
0,22,0,0.5,-0.345635,180,0,0,157894
0,22,0,0.5,-0.342665,180,0,0,157909
0,18,0,0.5,-0.340235,180,0,0,157926
0,14,0,0.5,-0.338345,180,0,0,157943
0,14,0,0.5,-0.336455,180,0,0,157959
2,11,2,0.5,-0.33497,180,0,0,157977
0,11,0,0.5,-0.333485,180,0,0,157994
0,9,0,0.5,-0.33227,180,0,0,158009
0,8,1,0.5,-0.33119,180,0,0,158026
0,6,1,0.5,-0.33038,180,0,0,158044
0,3,2,0.5,-0.329975,180,0,0,158059
0,2,3,0.5,-0.329705,180,0,0,158079
1,0,5,0.5,-0.329705,180,0,0,158095
0,-1,5,0.5,-0.32984,180,0,0,158110
0,-1,4,0.5,-0.329975,180,0,0,158127
0,-2,4,0.5,-0.330245,180,0,0,158147
0,-2,3,0.5,-0.330515,180,0,0,158160
0,-3,2,0.5,-0.33092,180,0,0,158176
0,-4,2,0.5,-0.33146,180,0,0,158195
0,-4,2,0.5,-0.332,180,0,0,158209
0,-4,1,0.5,-0.33254,180,0,0,158228
-1,-3,2,0.5,-0.332945,180,0,0,158245
0,1,3,0.5,-0.33281,180,0,0,158261
0,4,1,0.5,-0.33227,180,0,0,158276
0,5,2,0.5,-0.331595,180,0,0,158293
0,6,1,0.5,-0.330785,180,0,0,158310
0,7,2,0.5,-0.32984,180,0,0,158327
0,7,2,0.5,-0.328895,180,0,0,158345
0,6,2,0.5,-0.328085,180,0,0,158359
0,6,1,0.5,-0.327275,180,0,0,158377
0,4,2,0.5,-0.326735,180,0,0,158393
0,4,2,0.5,-0.326195,180,0,0,158410
0,3,2,0.5,-0.32579,180,0,0,158427
0,2,1,0.5,-0.32552,180,0,0,158444
0,2,2,0.5,-0.32525,180,0,0,158460
0,1,1,0.5,-0.325115,180,0,0,158476
0,0,1,0.5,-0.325115,180,0,0,158493
0,0,2,0.5,-0.325115,180,0,0,158509
0,0,1,0.5,-0.325115,180,0,0,158526
0,0,2,0.5,-0.325115,180,0,0,158543
0,0,1,0.5,-0.325115,180,0,0,158559
0,0,2,0.5,-0.325115,180,0,0,158576
0,0,1,0.5,-0.325115,180,0,0,158592
0,0,1,0.5,-0.325115,180,0,0,158611
0,1,1,0.5,-0.32498,180,0,0,158627
-6,3,1,0.5,-0.324575,180,0,0,158643
0,1,1,0.5,-0.32444,180,0,0,158660
-6,1,-2,0.5,-0.324305,180,0,0,158677
6,1,6,0.5,-0.32417,180,0,0,158695
1,2,1,0.5,-0.3239,180,0,0,158709
-1,1,2,0.5,-0.323765,180,0,0,158726
2,0,1,0.5,-0.323765,180,0,0,158744
0,1,1,0.5,-0.32363,180,0,0,158760
0,0,1,0.5,-0.32363,180,0,0,158776
0,1,1,0.5,-0.323495,180,0,0,158793
0,0,1,0.5,-0.323495,180,0,0,158809
-3,2,0,0.5,-0.323225,180,0,0,158826
0,1,1,0.5,-0.32309,180,0,0,158843
0,2,1,0.5,-0.32282,180,0,0,158860
3,2,2,0.5,-0.32255,180,0,0,158876
-4,1,-1,0.5,-0.322415,180,0,0,158893
0,1,0,0.5,-0.32228,180,0,0,158909
0,1,1,0.5,-0.322145,180,0,0,158928
-2,1,0,0.5,-0.32201,180,0,0,158944
-1,1,0,0.5,-0.321875,180,0,0,158959
0,1,1,0.5,-0.32174,180,0,0,158977
2,0,1,0.5,-0.32174,180,0,0,158993
0,1,1,0.5,-0.321605,180,0,0,159010
0,0,1,0.5,-0.321605,180,0,0,159027
0,0,2,0.5,-0.321605,180,0,0,159044
0,0,0,0.5,-0.321605,180,0,0,159059
0,2,0,0.5,-0.321335,180,0,0,159077
0,0,0,0.5,-0.321335,180,0,0,159092
0,1,0,0.5,-0.3212,180,0,0,159109
0,1,0,0.5,-0.321065,180,0,0,159126
-1,1,0,0.5,-0.32093,180,0,0,159142
1,0,0,0.5,-0.32093,180,0,0,159159
0,0,0,0.5,-0.32093,180,0,0,159175
0,0,0,0.5,-0.32093,180,0,0,159193
0,0,0,0.5,-0.32093,180,0,0,159209
0,0,0,0.5,-0.32093,180,0,0,159225
0,0,0,0.5,-0.32093,180,0,0,159242
0,-1,0,0.5,-0.321065,180,0,0,159259
0,0,0,0.5,-0.321065,180,0,0,159275
0,0,0,0.5,-0.321065,180,0,0,159292
0,0,0,0.5,-0.321065,180,0,0,159309
0,0,0,0.5,-0.321065,180,0,0,159325
0,1,0,0.5,-0.32093,180,0,0,159342
0,1,0,0.5,-0.320795,180,0,0,159359
0,0,0,0.5,-0.320795,180,0,0,159375
0,0,0,0.5,-0.320795,180,0,0,159392
0,0,-1,0.5,-0.320795,180,0,0,159409
0,0,0,0.5,-0.320795,180,0,0,159425
0,-2,0,0.5,-0.321065,180,0,0,159442
0,0,0,0.5,-0.321065,180,0,0,159459
0,-1,0,0.5,-0.3212,180,0,0,159476
0,0,0,0.5,-0.3212,180,0,0,159493
0,-1,0,0.5,-0.321335,180,0,0,159509
0,0,0,0.5,-0.321335,180,0,0,159525
0,-1,0,0.5,-0.32147,180,0,0,159542
0,-1,0,0.5,-0.321605,180,0,0,159559
0,-1,-1,0.5,-0.32174,180,0,0,159576
0,0,-1,0.5,-0.32174,180,0,0,159595
0,0,-1,0.5,-0.32174,180,0,0,159609
0,-1,-1,0.5,-0.321875,180,0,0,159627
0,0,-1,0.5,-0.321875,180,0,0,159642
0,0,-1,0.5,-0.321875,180,0,0,159659
0,-2,-1,0.5,-0.322145,180,0,0,159676
0,0,0,0.5,-0.322145,180,0,0,159692
0,-1,-1,0.5,-0.32228,180,0,0,159709
0,-2,-1,0.5,-0.32255,180,0,0,159726
2,-1,1,0.5,-0.322685,180,0,0,159742
-2,-2,-3,0.5,-0.322955,180,0,0,159760
0,0,0,0.5,-0.322955,180,0,0,159775
-1,-1,-2,0.5,-0.32309,180,0,0,159793
0,-1,0,0.5,-0.323225,180,0,0,159810
0,0,0,0.5,-0.323225,180,0,0,159826
0,0,-1,0.5,-0.323225,180,0,0,159845
-3,0,-2,0.5,-0.323225,180,0,0,159861
0,-1,-3,0.5,-0.32336,180,0,0,159877
3,0,-1,0.5,-0.32336,180,0,0,159893
1,0,0,0.5,-0.32336,180,0,0,159909
0,-1,-1,0.5,-0.323495,180,0,0,159926
1,-1,0,0.5,-0.32363,180,0,0,159942
0,0,-1,0.5,-0.32363,180,0,0,159959
-5,-2,-4,0.5,-0.3239,180,0,0,159979
0,-2,-1,0.5,-0.32417,180,0,0,159993
-1,-1,-1,0.5,-0.324305,180,0,0,160010
0,-1,-1,0.5,-0.32444,180,0,0,160026
0,-1,-1,0.5,-0.324575,180,0,0,160043
0,0,-1,0.5,-0.324575,180,0,0,160059
0,0,-1,0.5,-0.324575,180,0,0,160076
0,0,-1,0.5,-0.324575,180,0,0,160092
0,0,-1,0.5,-0.324575,180,0,0,160110
0,0,-1,0.5,-0.324575,180,0,0,160126
4,0,-1,0.5,-0.324575,180,0,0,160143
0,-1,-1,0.5,-0.32471,180,0,0,160159
0,0,-1,0.5,-0.32471,180,0,0,160176
0,-2,-1,0.5,-0.32498,180,0,0,160192
0,-1,-1,0.5,-0.325115,180,0,0,160209
0,-2,-1,0.5,-0.325385,180,0,0,160226
0,-1,-1,0.5,-0.32552,180,0,0,160243
0,-1,-2,0.5,-0.325655,180,0,0,160259
1,0,-2,0.5,-0.325655,180,0,0,160276
0,0,-1,0.5,-0.325655,180,0,0,160293
0,0,-1,0.5,-0.325655,180,0,0,160309
0,0,-1,0.5,-0.325655,180,0,0,160326
0,0,-1,0.5,-0.325655,180,0,0,160343
0,0,-1,0.5,-0.325655,180,0,0,160359
0,0,-1,0.5,-0.325655,180,0,0,160376
0,-1,-1,0.5,-0.32579,180,0,0,160393
0,-1,-1,0.5,-0.325925,180,0,0,160409
0,-1,-1,0.5,-0.32606,180,0,0,160426
0,0,-1,0.5,-0.32606,180,0,0,160445
0,-1,-1,0.5,-0.326195,180,0,0,160459
0,0,0,0.5,-0.326195,180,0,0,160475
0,0,-1,0.5,-0.326195,180,0,0,160494
0,1,-1,0.5,-0.32606,180,0,0,160509
0,0,-1,0.5,-0.32606,180,0,0,160526
0,0,-1,0.5,-0.32606,180,0,0,160543
0,0,-1,0.5,-0.32606,180,0,0,160559
0,-1,0,0.5,-0.326195,180,0,0,160576
0,-1,-1,0.5,-0.32633,180,0,0,160593
0,-1,-1,0.5,-0.326465,180,0,0,160610
0,-1,-1,0.5,-0.3266,180,0,0,160626
0,0,0,0.5,-0.3266,180,0,0,160642
0,0,-2,0.5,-0.3266,180,0,0,160661
0,0,0,0.5,-0.3266,180,0,0,160675
0,1,0,0.5,-0.326465,180,0,0,160694
0,1,0,0.5,-0.32633,180,0,0,160709
0,0,-1,0.5,-0.32633,180,0,0,160726
0,0,0,0.5,-0.32633,180,0,0,160742
0,-1,-1,0.5,-0.326465,180,0,0,160761
1,0,1,0.5,-0.326465,180,0,0,160777
0,-1,-1,0.5,-0.3266,180,0,0,160793
2,-1,0,0.5,-0.326735,180,0,0,160809
1,-1,0,0.5,-0.32687,180,0,0,160826
-4,-1,-2,0.5,-0.327005,180,0,0,160844
0,0,0,0.5,-0.327005,180,0,0,160859
0,1,0,0.5,-0.32687,180,0,0,160876
0,1,0,0.5,-0.326735,180,0,0,160892
0,1,-1,0.5,-0.3266,180,0,0,160910
0,0,0,0.5,-0.3266,180,0,0,160925
0,1,-1,0.5,-0.326465,180,0,0,160944
-1,0,0,0.5,-0.326465,180,0,0,160959
1,0,-1,0.5,-0.326465,180,0,0,160977
0,0,0,0.5,-0.326465,180,0,0,160994
-1,0,0,0.5,-0.326465,180,0,0,161009
0,2,-1,0.5,-0.326195,180,0,0,161026
0,4,-1,0.5,-0.325655,180,0,0,161044
1,8,-2,0.5,-0.324575,180,0,0,161060
0,2,-1,0.5,-0.324305,180,0,0,161077
0,1,-4,0.5,-0.32417,180,0,0,161094
0,4,-6,0.5,-0.32363,180,0,0,161111
0,6,-7,0.5,-0.32282,180,0,0,161128
0,8,-8,0.5,-0.32174,180,0,0,161145
0,10,-6,0.5,-0.32039,180,0,0,161161
0,15,-5,0.5,-0.318365,180,0,0,161177
0,19,-4,0.5,-0.3158,180,0,0,161194
0,30,-5,0.5,-0.31175,180,0,0,161211
0,35,-4,0.5,-0.307025,180,0,0,161227
0,39,-4,0.5,-0.30176,180,0,0,161244
0,40,-3,0.5,-0.29636,180,0,0,161261
0,37,-2,0.5,-0.291365,180,0,0,161277
0,32,-2,0.5,-0.287045,180,0,0,161294
0,31,-4,0.5,-0.28286,180,0,0,161310
0,35,-6,0.5,-0.278135,180,0,0,161327
0,40,-7,0.5,-0.272735,180,0,0,161345
0,44,-8,0.5,-0.266795,180,0,0,161362
0,47,-7,0.5,-0.26045,180,0,0,161385
0,88,-12,0.5,-0.24857,180,0,0,161405
0,38,-6,0.5,-0.24344,180,0,0,161424
0,33,-7,0.5,-0.238985,180,0,0,161436
0,29,-7,0.5,-0.23507,180,0,0,161452
0,25,-7,0.5,-0.231695,180,0,0,161466
0,24,-7,0.5,-0.228455,180,0,0,161482
0,25,-7,0.5,-0.22508,180,0,0,161494
0,29,-7,0.5,-0.221165,180,0,0,161512
0,33,-6,0.5,-0.21671,180,0,0,161527
0,37,-6,0.5,-0.211715,180,0,0,161546
-1,41,-6,0.5,-0.20618,180,0,0,161561
0,42,-7,0.5,-0.20051,180,0,0,161579
0,43,-7,0.5,-0.194705,180,0,0,161594
0,40,-6,0.5,-0.189305,180,0,0,161611
0,35,-5,0.5,-0.18458,180,0,0,161628
0,28,-5,0.5,-0.1808,180,0,0,161644
0,22,-5,0.5,-0.17783,180,0,0,161661
0,17,-6,0.5,-0.175535,180,0,0,161677
0,9,-5,0.5,-0.17432,180,0,0,161694
0,4,-5,0.5,-0.17378,180,0,0,161711
0,2,-4,0.5,-0.17351,180,0,0,161727
0,-1,-3,0.5,-0.173645,180,0,0,161743
0,-2,-2,0.5,-0.173915,180,0,0,161760
0,-1,-3,0.5,-0.17405,180,0,0,161777
0,1,-3,0.5,-0.173915,180,0,0,161793
0,5,-2,0.5,-0.17324,180,0,0,161810
0,10,-4,0.5,-0.17189,180,0,0,161827
0,15,-4,0.5,-0.169865,180,0,0,161844
2,50,-10,0.5,-0.163115,180,0,0,161863
0,38,-5,0.5,-0.157985,180,0,0,161877
0,41,-5,0.5,-0.15245,180,0,0,161894
0,45,-6,0.5,-0.146375,180,0,0,161911
0,45,-7,0.5,-0.1403,180,0,0,161927
0,46,-8,0.5,-0.13409,180,0,0,161947
0,45,-9,0.5,-0.128015,180,0,0,161961
0,45,-9,0.5,-0.12194,180,0,0,161978
0,41,-8,0.5,-0.116405,180,0,0,161996
0,34,-7,0.5,-0.111815,180,0,0,162011
0,27,-8,0.5,-0.10817,180,0,0,162028
0,20,-8,0.5,-0.10547,180,0,0,162044
0,16,-9,0.5,-0.10331,180,0,0,162061
0,14,-8,0.5,-0.10142,180,0,0,162079
0,12,-7,0.5,-0.0998,180,0,0,162094
0,14,-7,0.5,-0.09791,180,0,0,162110
0,17,-5,0.5,-0.095615,180,0,0,162128
0,18,-6,0.5,-0.093185,180,0,0,162143
3,15,-7,0.5,-0.09116,180,0,0,162160
-2,8,-11,0.5,-0.09008,180,0,0,162178
0,6,-9,0.5,-0.08927,180,0,0,162194
-1,2,-7,0.5,-0.089,180,0,0,162211
0,-1,-8,0.5,-0.089135,180,0,0,162228
-2,-4,-16,0.5,-0.089675,180,0,0,162248
0,1,0,0.5,-0.08954,180,0,0,162259
0,4,-16,0.5,-0.089,180,0,0,162280
-3,8,-10,0.5,-0.08792,180,0,0,162295
0,14,-10,0.5,-0.08603,180,0,0,162312
0,20,-12,0.5,-0.08333,180,0,0,162330
0,20,-13,0.5,-0.08063,180,0,0,162346
0,24,-14,0.5,-0.07739,180,0,0,162363
2,28,-15,0.5,-0.07361,180,0,0,162380
1,34,-16,0.5,-0.06902,180,0,0,162397
0,35,-16,0.5,-0.064295,180,0,0,162418
3,36,-13,0.5,-0.059435,180,0,0,162428
0,30,-15,0.5,-0.055385,180,0,0,162446
0,25,-14,0.5,-0.05201,180,0,0,162462
0,24,-14,0.5,-0.04877,180,0,0,162479
0,22,-13,0.5,-0.0458,180,0,0,162495
0,22,-14,0.5,-0.04283,180,0,0,162514
0,24,-12,0.5,-0.03959,180,0,0,162528
0,31,-12,0.5,-0.035405,180,0,0,162545
0,37,-11,0.5,-0.03041,180,0,0,162562
0,41,-11,0.5,-0.024875,180,0,0,162578
0,44,-12,0.5,-0.018935,180,0,0,162597
0,43,-11,0.5,-0.01313,180,0,0,162611
1,37,-8,0.5,-0.008135,180,0,0,162628
0,30,-9,0.5,-0.004085,180,0,0,162645
0,39,-10,0.5,0.00118,180,0,0,162662
0,0,-6,0.5,0.00118,180,0,0,162678
0,15,-15,0.5,0.003205,180,0,0,162700
0,0,-7,0.5,0.003205,180,0,0,162712
0,-2,-6,0.5,0.002935,180,0,0,162727
0,-4,-6,0.5,0.002395,180,0,0,162746
0,-2,-5,0.5,0.002125,180,0,0,162761
0,-1,-6,0.5,0.00199,180,0,0,162777
0,1,-7,0.5,0.002125,180,0,0,162794
0,2,-7,0.5,0.002395,180,0,0,162810
0,5,-7,0.5,0.00307,180,0,0,162828
0,6,-6,0.5,0.00388,180,0,0,162845
0,8,-6,0.5,0.00496,180,0,0,162860
0,6,-6,0.5,0.00577,180,0,0,162878
0,8,-7,0.5,0.00685,180,0,0,162896
0,6,-6,0.5,0.00766,180,0,0,162910
0,5,-6,0.5,0.008335,180,0,0,162928
0,6,-5,0.5,0.009145,180,0,0,162945
0,7,-5,0.5,0.01009,180,0,0,162960
0,11,-5,0.5,0.011575,180,0,0,162978
2,16,-5,0.5,0.013735,180,0,0,162994
0,21,-4,0.5,0.01657,180,0,0,163010
0,26,-5,0.5,0.02008,180,0,0,163029
0,27,-5,0.5,0.023725,180,0,0,163045
0,66,-8,0.5,0.032635,180,0,0,163061
0,39,-7,0.5,0.0379,180,0,0,163078
0,42,-6,0.5,0.04357,180,0,0,163093
0,41,-4,0.5,0.049105,180,0,0,163111
0,39,-5,0.5,0.05437,180,0,0,163129
0,33,-5,0.5,0.058825,180,0,0,163145
0,23,-6,0.5,0.06193,180,0,0,163160
0,13,-6,0.5,0.063685,180,0,0,163178
0,5,-5,0.5,0.06436,180,0,0,163194
0,-1,-5,0.5,0.064225,180,0,0,163210
0,-7,-7,0.5,0.06328,180,0,0,163228
0,-10,-7,0.5,0.06193,180,0,0,163245
0,-12,-8,0.5,0.06031,180,0,0,163261
0,-12,-7,0.5,0.05869,180,0,0,163279
0,-12,-6,0.5,0.05707,180,0,0,163299
0,-9,-6,0.5,0.055855,180,0,0,163313
0,-7,-7,0.5,0.05491,180,0,0,163327
0,-5,-6,0.5,0.054235,180,0,0,163344
0,-2,-7,0.5,0.053965,180,0,0,163361
0,1,-7,0.5,0.0541,180,0,0,163378
0,1,-7,0.5,0.054235,180,0,0,163395
0,4,-5,0.5,0.054775,180,0,0,163412
-3,4,-6,0.5,0.055315,180,0,0,163428
0,4,-4,0.5,0.055855,180,0,0,163443
0,3,-3,0.5,0.05626,180,0,0,163460
1,5,-4,0.5,0.056935,180,0,0,163477
0,1,-1,0.5,0.05707,180,0,0,163493
0,0,-1,0.5,0.05707,180,0,0,163510
0,-1,-2,0.5,0.056935,180,0,0,163526
0,5,-3,0.5,0.05761,180,0,0,163544
0,11,-5,0.5,0.059095,180,0,0,163560
0,15,-5,0.5,0.06112,180,0,0,163577
0,22,-6,0.5,0.06409,180,0,0,163596
0,25,-6,0.5,0.067465,180,0,0,163611
0,29,-6,0.5,0.07138,180,0,0,163628
0,29,-6,0.5,0.075295,180,0,0,163644
0,32,-6,0.5,0.079615,180,0,0,163660
0,34,-5,0.5,0.084205,180,0,0,163677
0,35,-5,0.5,0.08893,180,0,0,163694
0,35,-6,0.5,0.093655,180,0,0,163718
0,35,-5,0.5,0.09838,180,0,0,163727
1,34,-7,0.5,0.10297,180,0,0,163744
0,30,-7,0.5,0.10702,180,0,0,163761
0,24,-7,0.5,0.11026,180,0,0,163777
0,16,-7,0.5,0.11242,180,0,0,163796
4,9,-5,0.5,0.113635,180,0,0,163810
0,0,-6,0.5,0.113635,180,0,0,163827
1,-7,-6,0.5,0.11269,180,0,0,163844
0,-27,-9,0.5,0.109045,180,0,0,163865
0,-17,-4,0.5,0.10675,180,0,0,163876
0,-17,-4,0.5,0.104455,180,0,0,163895
0,-16,-3,0.5,0.102295,180,0,0,163911
0,-12,-2,0.5,0.100675,180,0,0,163926
0,-9,-2,0.5,0.09946,180,0,0,163945
0,-5,-2,0.5,0.098785,180,0,0,163959
1,-1,-3,0.5,0.09865,180,0,0,163976
-4,1,-4,0.5,0.098785,180,0,0,163995
0,5,-3,0.5,0.09946,180,0,0,164010
0,8,-2,0.5,0.10054,180,0,0,164026
3,8,0,0.5,0.10162,180,0,0,164042
0,10,-1,0.5,0.10297,180,0,0,164059
0,10,0,0.5,0.10432,180,0,0,164075
0,10,0,0.5,0.10567,180,0,0,164092
1,10,0,0.5,0.10702,180,0,0,164109
0,9,1,0.5,0.108235,180,0,0,164126
0,9,1,0.5,0.10945,180,0,0,164143
0,7,2,0.5,0.110395,180,0,0,164159
0,7,2,0.5,0.11134,180,0,0,164176
0,6,1,0.5,0.11215,180,0,0,164192
-3,9,2,0.5,0.113365,180,0,0,164210
0,13,1,0.5,0.11512,180,0,0,164226
0,19,0,0.5,0.117685,180,0,0,164243
0,20,0,0.5,0.120385,180,0,0,164259
0,44,-5,0.5,0.126325,180,0,0,164277
0,20,-3,0.5,0.129025,180,0,0,164296
5,18,-1,0.5,0.131455,180,0,0,164310
0,15,-4,0.5,0.13348,180,0,0,164328
0,10,-4,0.5,0.13483,180,0,0,164344
0,5,-6,0.5,0.135505,180,0,0,164362
0,0,-7,0.5,0.135505,180,0,0,164378
0,-6,-7,0.5,0.134695,180,0,0,164395
0,-10,-8,0.5,0.133345,180,0,0,164412
0,-13,-8,0.5,0.13159,180,0,0,164428
0,-14,-7,0.5,0.1297,180,0,0,164444
0,-15,-6,0.5,0.127675,180,0,0,164462
0,-11,-5,0.5,0.12619,180,0,0,164477
0,-9,-5,0.5,0.124975,180,0,0,164493
0,-6,-4,0.5,0.124165,180,0,0,164510
0,-2,-4,0.5,0.123895,180,0,0,164530
0,0,-3,0.5,0.123895,180,0,0,164543
0,2,-3,0.5,0.124165,180,0,0,164560
0,4,-1,0.5,0.124705,180,0,0,164575
0,5,-2,0.5,0.12538,180,0,0,164593
0,5,0,0.5,0.126055,180,0,0,164612
0,3,0,0.5,0.12646,180,0,0,164626
0,1,0,0.5,0.126595,180,0,0,164642
0,1,2,0.5,0.12673,180,0,0,164661
0,-5,5,0.5,0.126055,180,0,0,164677
0,-5,4,0.5,0.12538,180,0,0,164693
0,-2,4,0.5,0.12511,180,0,0,164712
0,-1,4,0.5,0.124975,180,0,0,164728
-1,1,4,0.5,0.12511,180,0,0,164743
2,5,5,0.5,0.125785,180,0,0,164761
0,11,2,0.5,0.12727,180,0,0,164776
0,15,1,0.5,0.129295,180,0,0,164793
0,19,0,0.5,0.13186,180,0,0,164809
0,23,-1,0.5,0.134965,180,0,0,164827
0,25,-3,0.5,0.13834,180,0,0,164843
0,26,-3,0.5,0.14185,180,0,0,164861
0,26,-4,0.5,0.14536,180,0,0,164877
0,24,-4,0.5,0.1486,180,0,0,164893
0,21,-4,0.5,0.151435,180,0,0,164910
0,15,-4,0.5,0.15346,180,0,0,164928
0,6,-2,0.5,0.15427,180,0,0,164943
-2,-1,-3,0.5,0.154135,180,0,0,164959
0,-7,-3,0.5,0.15319,180,0,0,164977
0,-10,-3,0.5,0.15184,180,0,0,164993
-1,-13,-3,0.5,0.150085,180,0,0,165010
0,-14,-3,0.5,0.148195,180,0,0,165027
0,-31,-8,0.5,0.14401,180,0,0,165045
0,0,0,0.5,0.14401,180,0,0,165059
3,-25,-4,0.5,0.140635,180,0,0,165077
0,-10,-3,0.5,0.139285,180,0,0,165093
0,-7,-2,0.5,0.13834,180,0,0,165110
0,-4,-1,0.5,0.1378,180,0,0,165126
0,-3,-2,0.5,0.137395,180,0,0,165144
0,-1,-2,0.5,0.13726,180,0,0,165160
0,1,-3,0.5,0.137395,180,0,0,165177
0,2,-2,0.5,0.137665,180,0,0,165193
0,5,-2,0.5,0.13834,180,0,0,165212
0,5,-1,0.5,0.139015,180,0,0,165226
0,6,-1,0.5,0.139825,180,0,0,165242
1,5,0,0.5,0.1405,180,0,0,165259
0,2,0,0.5,0.14077,180,0,0,165276
0,2,0,0.5,0.14104,180,0,0,165292
0,2,1,0.5,0.14131,180,0,0,165309
0,6,1,0.5,0.14212,180,0,0,165326
1,10,3,0.5,0.14347,180,0,0,165343
0,14,4,0.5,0.14536,180,0,0,165361
0,18,5,0.5,0.14779,180,0,0,165378
0,19,5,0.5,0.150355,180,0,0,165393
0,20,5,0.5,0.153055,180,0,0,165412
0,20,4,0.5,0.155755,180,0,0,165427
0,21,3,0.5,0.15859,180,0,0,165443
0,20,2,0.5,0.16129,180,0,0,165460
0,17,2,0.5,0.163585,180,0,0,165476
0,29,2,0.5,0.1675,180,0,0,165493
0,13,4,0.5,0.169255,180,0,0,165511
0,14,1,0.5,0.171145,180,0,0,165526
0,13,0,0.5,0.1729,180,0,0,165543
0,13,0,0.5,0.174655,180,0,0,165559
0,12,0,0.5,0.176275,180,0,0,165576
0,8,-1,0.5,0.177355,180,0,0,165592
0,4,-2,0.5,0.177895,180,0,0,165610
0,1,-2,0.5,0.17803,180,0,0,165632
0,-1,-2,0.5,0.177895,180,0,0,165643
0,-4,-2,0.5,0.177355,180,0,0,165659
0,-5,-2,0.5,0.17668,180,0,0,165676
0,-4,-2,0.5,0.17614,180,0,0,165693
0,-6,-1,0.5,0.17533,180,0,0,165709
0,-5,-1,0.5,0.174655,180,0,0,165727
0,-6,0,0.5,0.173845,180,0,0,165742
0,-5,0,0.5,0.17317,180,0,0,165760
0,-5,0,0.5,0.172495,180,0,0,165776
0,-3,0,0.5,0.17209,180,0,0,165794
0,-3,0,0.5,0.171685,180,0,0,165809
0,-2,0,0.5,0.171415,180,0,0,165825
0,-1,0,0.5,0.17128,180,0,0,165842
0,0,0,0.5,0.17128,180,0,0,165858
0,0,0,0.5,0.17128,180,0,0,165875
0,5,1,0.5,0.171955,180,0,0,165892
0,3,1,0.5,0.17236,180,0,0,165909
0,3,0,0.5,0.172765,180,0,0,165928
0,4,1,0.5,0.173305,180,0,0,165942
0,4,1,0.5,0.173845,180,0,0,165959
-1,4,1,0.5,0.174385,180,0,0,165978
0,3,1,0.5,0.17479,180,0,0,165992
0,3,1,0.5,0.175195,180,0,0,166009
0,1,0,0.5,0.17533,180,0,0,166026
0,2,1,0.5,0.1756,180,0,0,166042
0,2,0,0.5,0.17587,180,0,0,166059
0,2,0,0.5,0.17614,180,0,0,166077
0,1,0,0.5,0.176275,180,0,0,166092
0,2,0,0.5,0.176545,180,0,0,166109
1,1,0,0.5,0.17668,180,0,0,166125
0,1,0,0.5,0.176815,180,0,0,166142
0,0,0,0.5,0.176815,180,0,0,166158
-3,1,-1,0.5,0.17695,180,0,0,166176
0,0,0,0.5,0.17695,180,0,0,166192
0,1,0,0.5,0.177085,180,0,0,166209
0,0,0,0.5,0.177085,180,0,0,166225
0,2,0,0.5,0.177355,180,0,0,166242
0,0,0,0.5,0.177355,180,0,0,166259
0,1,0,0.5,0.17749,180,0,0,166275
0,0,0,0.5,0.17749,180,0,0,166292
0,1,0,0.5,0.177625,180,0,0,166309
-1,0,0,0.5,0.177625,180,0,0,166325
0,0,1,0.5,0.177625,180,0,0,166342
0,0,0,0.5,0.177625,180,0,0,166358
0,0,0,0.5,0.177625,180,0,0,166375
0,1,2,0.5,0.17776,180,0,0,166392
0,1,0,0.5,0.177895,180,0,0,166409
0,1,1,0.5,0.17803,180,0,0,166426
0,0,0,0.5,0.17803,180,0,0,166442
0,1,0,0.5,0.178165,180,0,0,166459
0,1,0,0.5,0.1783,180,0,0,166475
0,0,0,0.5,0.1783,180,0,0,166492
0,0,0,0.5,0.1783,180,0,0,166509
0,1,0,0.5,0.178435,180,0,0,166525
0,0,0,0.5,0.178435,180,0,0,166542
0,0,0,0.5,0.178435,180,0,0,166558
0,0,0,0.5,0.178435,180,0,0,166575
0,0,1,0.5,0.178435,180,0,0,166592
0,0,0,0.5,0.178435,180,0,0,166608
0,0,0,0.5,0.178435,180,0,0,166625
0,0,0,0.5,0.178435,180,0,0,166642
0,0,0,0.5,0.178435,180,0,0,166659
0,0,0,0.5,0.178435,180,0,0,166675
2,2,0,0.5,0.178705,180,0,0,166692
0,0,0,0.5,0.178705,180,0,0,166709
0,1,0,0.5,0.17884,180,0,0,166726
0,1,0,0.5,0.178975,180,0,0,166742
0,0,0,0.5,0.178975,180,0,0,166758
0,1,0,0.5,0.17911,180,0,0,166776
0,0,0,0.5,0.17911,180,0,0,166792
0,0,0,0.5,0.17911,180,0,0,166808
0,0,0,0.5,0.17911,180,0,0,166826
0,0,0,0.5,0.17911,180,0,0,166842
0,0,0,0.5,0.17911,180,0,0,166859
0,1,0,0.5,0.179245,180,0,0,166876
0,0,0,0.5,0.179245,180,0,0,166892
0,0,-1,0.5,0.179245,180,0,0,166910
0,0,0,0.5,0.179245,180,0,0,166925
-2,0,0,0.5,0.179245,180,0,0,166942
-1,0,0,0.5,0.179245,180,0,0,166959
0,0,0,0.5,0.179245,180,0,0,166975
-1,0,-1,0.5,0.179245,180,0,0,166993
0,0,1,0.5,0.179245,180,0,0,167009
1,0,1,0.5,0.179245,180,0,0,167026
0,1,0,0.5,0.17938,180,0,0,167042
0,1,0,0.5,0.179515,180,0,0,167063
0,0,0,0.5,0.179515,180,0,0,167075
0,1,0,0.5,0.17965,180,0,0,167093
0,0,0,0.5,0.17965,180,0,0,167109
0,0,0,0.5,0.17965,180,0,0,167125
0,0,0,0.5,0.17965,180,0,0,167142
0,0,0,0.5,0.17965,180,0,0,167159
0,0,0,0.5,0.17965,180,0,0,167175
0,0,0,0.5,0.17965,180,0,0,167192
0,0,0,0.5,0.17965,180,0,0,167208
0,0,0,0.5,0.17965,180,0,0,167225
0,0,0,0.5,0.17965,180,0,0,167242
0,0,0,0.5,0.17965,180,0,0,167259
0,0,0,0.5,0.17965,180,0,0,167275
0,0,0,0.5,0.17965,180,0,0,167292
0,0,0,0.5,0.17965,180,0,0,167308
0,0,0,0.5,0.17965,180,0,0,167325
0,0,0,0.5,0.17965,180,0,0,167342
0,0,0,0.5,0.17965,180,0,0,167358
0,1,0,0.5,0.179785,180,0,0,167375
0,0,0,0.5,0.179785,180,0,0,167392
0,0,0,0.5,0.179785,180,0,0,167408
0,1,0,0.5,0.17992,180,0,0,167425
0,0,0,0.5,0.17992,180,0,0,167442
0,-1,0,0.5,0.179785,180,0,0,167458
0,0,0,0.5,0.179785,180,0,0,167475
0,0,0,0.5,0.179785,180,0,0,167492
0,0,0,0.5,0.179785,180,0,0,167508
0,0,0,0.5,0.179785,180,0,0,167525
0,0,0,0.5,0.179785,180,0,0,167542
0,0,0,0.5,0.179785,180,0,0,167558
0,0,0,0.5,0.179785,180,0,0,167575
0,0,0,0.5,0.179785,180,0,0,167592
0,0,0,0.5,0.179785,180,0,0,167608
0,0,0,0.5,0.179785,180,0,0,167625
0,0,0,0.5,0.179785,180,0,0,167642
0,0,0,0.5,0.179785,180,0,0,167659
0,0,0,0.5,0.179785,180,0,0,167675
0,0,0,0.5,0.179785,180,0,0,167692
0,0,0,0.5,0.179785,180,0,0,167709
0,1,0,0.5,0.17992,180,0,0,167725
0,0,0,0.5,0.17992,180,0,0,167742
0,0,0,0.5,0.17992,180,0,0,167758
0,0,0,0.5,0.17992,180,0,0,167775
0,0,0,0.5,0.17992,180,0,0,167792
0,0,0,0.5,0.17992,180,0,0,167808
0,0,0,0.5,0.17992,180,0,0,167825
0,0,0,0.5,0.17992,180,0,0,167842
0,0,0,0.5,0.17992,180,0,0,167859
0,0,0,0.5,0.17992,180,0,0,167875
0,0,0,0.5,0.17992,180,0,0,167892
0,0,0,0.5,0.17992,180,0,0,167909
0,0,0,0.5,0.17992,180,0,0,167925
0,0,0,0.5,0.17992,180,0,0,167942
0,-2,0,0.5,0.17965,180,0,0,167959
0,0,0,0.5,0.17965,180,0,0,167975
0,0,-1,0.5,0.17965,180,0,0,167992
0,0,0,0.5,0.17965,180,0,0,168008
0,0,0,0.5,0.17965,180,0,0,168025
0,1,0,0.5,0.179785,180,0,0,168042
0,0,0,0.5,0.179785,180,0,0,168058
0,0,0,0.5,0.179785,180,0,0,168075
0,0,0,0.5,0.179785,180,0,0,168092
0,0,0,0.5,0.179785,180,0,0,168109
0,0,0,0.5,0.179785,180,0,0,168125
0,0,0,0.5,0.179785,180,0,0,168142
0,0,0,0.5,0.179785,180,0,0,168158
0,-1,0,0.5,0.17965,180,0,0,168175
0,0,0,0.5,0.17965,180,0,0,168192
0,0,0,0.5,0.17965,180,0,0,168208
0,0,0,0.5,0.17965,180,0,0,168225
0,0,0,0.5,0.17965,180,0,0,168242
0,0,0,0.5,0.17965,180,0,0,168258
0,-1,0,0.5,0.179515,180,0,0,168275
0,0,0,0.5,0.179515,180,0,0,168292
0,0,0,0.5,0.179515,180,0,0,168308
0,0,0,0.5,0.179515,180,0,0,168325
0,0,0,0.5,0.179515,180,0,0,168342
0,0,0,0.5,0.179515,180,0,0,168358
0,0,0,0.5,0.179515,180,0,0,168375
0,0,0,0.5,0.179515,180,0,0,168392
0,0,0,0.5,0.179515,180,0,0,168408
0,0,0,0.5,0.179515,180,0,0,168425
0,0,0,0.5,0.179515,180,0,0,168442
0,0,0,0.5,0.179515,180,0,0,168458
0,0,0,0.5,0.179515,180,0,0,168475
0,0,0,0.5,0.179515,180,0,0,168492
0,1,0,0.5,0.17965,180,0,0,168509
0,0,0,0.5,0.17965,180,0,0,168525
0,0,0,0.5,0.17965,180,0,0,168542
0,0,0,0.5,0.17965,180,0,0,168558
0,0,0,0.5,0.17965,180,0,0,168575
0,0,0,0.5,0.17965,180,0,0,168592
0,0,0,0.5,0.17965,180,0,0,168608
0,0,0,0.5,0.17965,180,0,0,168625
0,-1,0,0.5,0.179515,180,0,0,168642
0,0,0,0.5,0.179515,180,0,0,168658
0,0,0,0.5,0.179515,180,0,0,168675
0,0,0,0.5,0.179515,180,0,0,168692
0,0,0,0.5,0.179515,180,0,0,168709
0,0,0,0.5,0.179515,180,0,0,168725
0,0,0,0.5,0.179515,180,0,0,168742
0,0,0,0.5,0.179515,180,0,0,168759
0,0,0,0.5,0.179515,180,0,0,168775
0,0,0,0.5,0.179515,180,0,0,168792
0,0,0,0.5,0.179515,180,0,0,168808
0,0,0,0.5,0.179515,180,0,0,168825
0,0,0,0.5,0.179515,180,0,0,168842
0,0,0,0.5,0.179515,180,0,0,168858
0,0,0,0.5,0.179515,180,0,0,168875
0,0,0,0.5,0.179515,180,0,0,168892
0,0,0,0.5,0.179515,180,0,0,168908
0,0,0,0.5,0.179515,180,0,0,168925
0,0,0,0.5,0.179515,180,0,0,168942
0,0,0,0.5,0.179515,180,0,0,168958
0,0,0,0.5,0.179515,180,0,0,168975
0,0,0,0.5,0.179515,180,0,0,168991
0,0,0,0.5,0.179515,180,0,0,169008
0,0,0,0.5,0.179515,180,0,0,169025
0,0,0,0.5,0.179515,180,0,0,169041
0,0,0,0.5,0.179515,180,0,0,169058
0,0,0,0.5,0.179515,180,0,0,169075
0,0,0,0.5,0.179515,180,0,0,169092
0,2,0,0.5,0.179785,180,0,0,169109
0,0,0,0.5,0.179785,180,0,0,169125
0,0,0,0.5,0.179785,180,0,0,169141
0,0,0,0.5,0.179785,180,0,0,169158
0,0,0,0.5,0.179785,180,0,0,169175
0,0,0,0.5,0.179785,180,0,0,169191
0,0,0,0.5,0.179785,180,0,0,169208
0,0,0,0.5,0.179785,180,0,0,169225
0,0,0,0.5,0.179785,180,0,0,169241
0,0,0,0.5,0.179785,180,0,0,169258
0,0,0,0.5,0.179785,180,0,0,169275
0,0,0,0.5,0.179785,180,0,0,169292
0,0,0,0.5,0.179785,180,0,0,169308
0,0,0,0.5,0.179785,180,0,0,169325
0,0,0,0.5,0.179785,180,0,0,169341
0,0,0,0.5,0.179785,180,0,0,169358
0,0,0,0.5,0.179785,180,0,0,169375
0,0,0,0.5,0.179785,180,0,0,169392
0,0,0,0.5,0.179785,180,0,0,169408
0,0,0,0.5,0.179785,180,0,0,169425
0,0,0,0.5,0.179785,180,0,0,169442
0,0,0,0.5,0.179785,180,0,0,169458
0,0,0,0.5,0.179785,180,0,0,169475
0,0,0,0.5,0.179785,180,0,0,169491
0,0,0,0.5,0.179785,180,0,0,169508
0,0,0,0.5,0.179785,180,0,0,169525
0,0,0,0.5,0.179785,180,0,0,169542
0,0,0,0.5,0.179785,180,0,0,169558
0,0,0,0.5,0.179785,180,0,0,169575
0,0,0,0.5,0.179785,180,0,0,169592
0,0,0,0.5,0.179785,180,0,0,169608
0,0,0,0.5,0.179785,180,0,0,169625
0,0,0,0.5,0.179785,180,0,0,169642
0,0,0,0.5,0.179785,180,0,0,169658
0,0,0,0.5,0.179785,180,0,0,169675
0,0,0,0.5,0.179785,180,0,0,169692
0,0,0,0.5,0.179785,180,0,0,169708
0,0,0,0.5,0.179785,180,0,0,169725
0,0,0,0.5,0.179785,180,0,0,169742
0,0,0,0.5,0.179785,180,0,0,169759
0,0,0,0.5,0.179785,180,0,0,169775
0,0,0,0.5,0.179785,180,0,0,169792
0,0,0,0.5,0.179785,180,0,0,169808
0,0,0,0.5,0.179785,180,0,0,169825
0,0,0,0.5,0.179785,180,0,0,169842
0,0,0,0.5,0.179785,180,0,0,169859
0,0,0,0.5,0.179785,180,0,0,169875
0,0,0,0.5,0.179785,180,0,0,169892
0,0,0,0.5,0.179785,180,0,0,169909
0,0,0,0.5,0.179785,180,0,0,169926
0,0,0,0.5,0.179785,180,0,0,169942
0,0,0,0.5,0.179785,180,0,0,169958
0,0,0,0.5,0.179785,180,0,0,169975
0,0,0,0.5,0.179785,180,0,0,169991
0,0,0,0.5,0.179785,180,0,0,170008
0,0,0,0.5,0.179785,180,0,0,170025
0,0,0,0.5,0.179785,180,0,0,170041
0,0,0,0.5,0.179785,180,0,0,170058
0,0,0,0.5,0.179785,180,0,0,170075
0,0,0,0.5,0.179785,180,0,0,170091
0,0,0,0.5,0.179785,180,0,0,170108
0,0,0,0.5,0.179785,180,0,0,170125
0,0,0,0.5,0.179785,180,0,0,170141
0,0,0,0.5,0.179785,180,0,0,170158
0,0,0,0.5,0.179785,180,0,0,170175
0,0,0,0.5,0.179785,180,0,0,170191
0,0,0,0.5,0.179785,180,0,0,170208
0,0,0,0.5,0.179785,180,0,0,170225
0,0,0,0.5,0.179785,180,0,0,170241
0,0,0,0.5,0.179785,180,0,0,170258
0,0,0,0.5,0.179785,180,0,0,170275
0,0,0,0.5,0.179785,180,0,0,170291
0,0,0,0.5,0.179785,180,0,0,170308
0,0,0,0.5,0.179785,180,0,0,170325
0,0,0,0.5,0.179785,180,0,0,170341
0,0,0,0.5,0.179785,180,0,0,170358
0,0,0,0.5,0.179785,180,0,0,170375
0,0,0,0.5,0.179785,180,0,0,170391
0,0,0,0.5,0.179785,180,0,0,170408
0,0,0,0.5,0.179785,180,0,0,170425
0,0,0,0.5,0.179785,180,0,0,170441
0,0,0,0.5,0.179785,180,0,0,170458
0,0,0,0.5,0.179785,180,0,0,170475
0,0,0,0.5,0.179785,180,0,0,170491
0,0,0,0.5,0.179785,180,0,0,170508
0,0,0,0.5,0.179785,180,0,0,170525
0,0,0,0.5,0.179785,180,0,0,170541
0,0,0,0.5,0.179785,180,0,0,170558
0,0,0,0.5,0.179785,180,0,0,170575
0,0,0,0.5,0.179785,180,0,0,170591
0,0,0,0.5,0.179785,180,0,0,170608
0,0,0,0.5,0.179785,180,0,0,170625
0,0,0,0.5,0.179785,180,0,0,170641
0,0,0,0.5,0.179785,180,0,0,170658
0,0,0,0.5,0.179785,180,0,0,170675
0,0,0,0.5,0.179785,180,0,0,170692
0,0,0,0.5,0.179785,180,0,0,170708
0,0,0,0.5,0.179785,180,0,0,170725
0,0,0,0.5,0.179785,180,0,0,170742
0,0,0,0.5,0.179785,180,0,0,170758
0,0,0,0.5,0.179785,180,0,0,170775
0,0,0,0.5,0.179785,180,0,0,170791
0,0,0,0.5,0.179785,180,0,0,170808
0,0,0,0.5,0.179785,180,0,0,170825
0,0,0,0.5,0.179785,180,0,0,170842
0,0,0,0.5,0.179785,180,0,0,170859
0,0,0,0.5,0.179785,180,0,0,170875
0,0,0,0.5,0.179785,180,0,0,170892
0,0,0,0.5,0.179785,180,0,0,170909
0,0,0,0.5,0.179785,180,0,0,170926
0,0,0,0.5,0.179785,180,0,0,170942
0,0,0,0.5,0.179785,180,0,0,170958
0,0,0,0.5,0.179785,180,0,0,170975
0,0,0,0.5,0.179785,180,0,0,170991
0,0,0,0.5,0.179785,180,0,0,171008
0,0,0,0.5,0.179785,180,0,0,171025
0,0,0,0.5,0.179785,180,0,0,171041
0,0,0,0.5,0.179785,180,0,0,171058
0,0,0,0.5,0.179785,180,0,0,171075
0,0,0,0.5,0.179785,180,0,0,171091
0,0,0,0.5,0.179785,180,0,0,171108
0,0,0,0.5,0.179785,180,0,0,171125
0,0,0,0.5,0.179785,180,0,0,171141
0,0,0,0.5,0.179785,180,0,0,171158
0,0,0,0.5,0.179785,180,0,0,171175
0,0,0,0.5,0.179785,180,0,0,171191
0,0,0,0.5,0.179785,180,0,0,171208
0,0,0,0.5,0.179785,180,0,0,171225
0,0,0,0.5,0.179785,180,0,0,171241
0,0,0,0.5,0.179785,180,0,0,171258
0,0,0,0.5,0.179785,180,0,0,171275
0,0,0,0.5,0.179785,180,0,0,171291
0,0,0,0.5,0.179785,180,0,0,171308
0,0,0,0.5,0.179785,180,0,0,171325
0,0,0,0.5,0.179785,180,0,0,171341
0,0,0,0.5,0.179785,180,0,0,171358
0,0,0,0.5,0.179785,180,0,0,171375
0,0,0,0.5,0.179785,180,0,0,171391
0,0,0,0.5,0.179785,180,0,0,171408
0,0,0,0.5,0.179785,180,0,0,171425
0,0,0,0.5,0.179785,180,0,0,171441
0,0,0,0.5,0.179785,180,0,0,171458
0,0,0,0.5,0.179785,180,0,0,171475
0,0,0,0.5,0.179785,180,0,0,171491
0,0,0,0.5,0.179785,180,0,0,171508
0,0,0,0.5,0.179785,180,0,0,171525
0,0,0,0.5,0.179785,180,0,0,171541
0,0,0,0.5,0.179785,180,0,0,171558
0,1,0,0.5,0.17992,180,0,0,171575
0,0,0,0.5,0.17992,180,0,0,171591
0,0,0,0.5,0.17992,180,0,0,171608
0,0,0,0.5,0.17992,180,0,0,171625
0,0,0,0.5,0.17992,180,0,0,171641
0,0,0,0.5,0.17992,180,0,0,171659
0,0,0,0.5,0.17992,180,0,0,171675
0,0,0,0.5,0.17992,180,0,0,171692
0,0,0,0.5,0.17992,180,0,0,171708
0,0,0,0.5,0.17992,180,0,0,171725
0,0,0,0.5,0.17992,180,0,0,171742
0,0,0,0.5,0.17992,180,0,0,171758
0,0,0,0.5,0.17992,180,0,0,171775
0,0,0,0.5,0.17992,180,0,0,171792
0,0,0,0.5,0.17992,180,0,0,171809
0,0,0,0.5,0.17992,180,0,0,171825
0,0,0,0.5,0.17992,180,0,0,171841
0,0,0,0.5,0.17992,180,0,0,171858
0,0,0,0.5,0.17992,180,0,0,171875
0,0,0,0.5,0.17992,180,0,0,171892
0,0,0,0.5,0.17992,180,0,0,171908
0,0,0,0.5,0.17992,180,0,0,171925
0,0,0,0.5,0.17992,180,0,0,171942
0,0,0,0.5,0.17992,180,0,0,171958
0,0,0,0.5,0.17992,180,0,0,171975
0,0,0,0.5,0.17992,180,0,0,171991
0,0,0,0.5,0.17992,180,0,0,172008
0,0,0,0.5,0.17992,180,0,0,172025
0,0,0,0.5,0.17992,180,0,0,172041
0,0,0,0.5,0.17992,180,0,0,172058
0,0,0,0.5,0.17992,180,0,0,172075
0,0,0,0.5,0.17992,180,0,0,172091
0,0,0,0.5,0.17992,180,0,0,172108
0,0,0,0.5,0.17992,180,0,0,172125
0,0,0,0.5,0.17992,180,0,0,172141
0,0,0,0.5,0.17992,180,0,0,172158
0,0,0,0.5,0.17992,180,0,0,172175
0,0,0,0.5,0.17992,180,0,0,172191
0,0,0,0.5,0.17992,180,0,0,172208
0,0,0,0.5,0.17992,180,0,0,172225
0,0,0,0.5,0.17992,180,0,0,172241
0,0,0,0.5,0.17992,180,0,0,172258
0,0,0,0.5,0.17992,180,0,0,172275
0,0,0,0.5,0.17992,180,0,0,172291
0,0,0,0.5,0.17992,180,0,0,172308
0,0,0,0.5,0.17992,180,0,0,172325
0,0,0,0.5,0.17992,180,0,0,172341
0,0,0,0.5,0.17992,180,0,0,172358
0,0,0,0.5,0.17992,180,0,0,172375
0,0,0,0.5,0.17992,180,0,0,172391
0,0,0,0.5,0.17992,180,0,0,172408
0,0,0,0.5,0.17992,180,0,0,172425
0,0,0,0.5,0.17992,180,0,0,172441
0,0,0,0.5,0.17992,180,0,0,172458
0,0,0,0.5,0.17992,180,0,0,172475
0,0,0,0.5,0.17992,180,0,0,172491
0,0,0,0.5,0.17992,180,0,0,172508
0,0,0,0.5,0.17992,180,0,0,172525
0,0,0,0.5,0.17992,180,0,0,172541
0,0,0,0.5,0.17992,180,0,0,172558
0,0,0,0.5,0.17992,180,0,0,172575
0,0,0,0.5,0.17992,180,0,0,172591
0,0,0,0.5,0.17992,180,0,0,172608
0,0,0,0.5,0.17992,180,0,0,172625
0,0,0,0.5,0.17992,180,0,0,172641
0,0,0,0.5,0.17992,180,0,0,172658
0,0,0,0.5,0.17992,180,0,0,172675
0,0,0,0.5,0.17992,180,0,0,172692
0,0,0,0.5,0.17992,180,0,0,172708
0,0,0,0.5,0.17992,180,0,0,172725
0,0,0,0.5,0.17992,180,0,0,172742
0,0,0,0.5,0.17992,180,0,0,172758
0,0,0,0.5,0.17992,180,0,0,172775
0,0,0,0.5,0.17992,180,0,0,172791
0,0,0,0.5,0.17992,180,0,0,172808
0,0,0,0.5,0.17992,180,0,0,172825
0,0,0,0.5,0.17992,180,0,0,172841
0,0,0,0.5,0.17992,180,0,0,172858
0,0,0,0.5,0.17992,180,0,0,172875
0,0,0,0.5,0.17992,180,0,0,172891
0,0,0,0.5,0.17992,180,0,0,172908
0,0,0,0.5,0.17992,180,0,0,172925
0,0,0,0.5,0.17992,180,0,0,172942
0,0,0,0.5,0.17992,180,0,0,172958
0,0,0,0.5,0.17992,180,0,0,172975
0,1,0,0.5,0.180055,180,0,0,172992
0,0,0,0.5,0.180055,180,0,0,173008
0,0,0,0.5,0.180055,180,0,0,173025
0,0,0,0.5,0.180055,180,0,0,173041
0,0,0,0.5,0.180055,180,0,0,173058
0,0,0,0.5,0.180055,180,0,0,173075
0,0,0,0.5,0.180055,180,0,0,173091
0,0,0,0.5,0.180055,180,0,0,173108
0,0,0,0.5,0.180055,180,0,0,173125
0,0,0,0.5,0.180055,180,0,0,173141
0,0,0,0.5,0.180055,180,0,0,173158
0,0,0,0.5,0.180055,180,0,0,173175
0,0,0,0.5,0.180055,180,0,0,173191
0,0,0,0.5,0.180055,180,0,0,173208
0,0,0,0.5,0.180055,180,0,0,173225
0,0,0,0.5,0.180055,180,0,0,173241
0,0,0,0.5,0.180055,180,0,0,173258
0,0,0,0.5,0.180055,180,0,0,173275
0,0,0,0.5,0.180055,180,0,0,173291
0,0,0,0.5,0.180055,180,0,0,173308
0,0,0,0.5,0.180055,180,0,0,173325
0,0,0,0.5,0.180055,180,0,0,173341
0,0,0,0.5,0.180055,180,0,0,173358
0,0,0,0.5,0.180055,180,0,0,173375
0,0,0,0.5,0.180055,180,0,0,173391
0,0,0,0.5,0.180055,180,0,0,173408
0,0,0,0.5,0.180055,180,0,0,173425
0,0,0,0.5,0.180055,180,0,0,173441
0,0,0,0.5,0.180055,180,0,0,173458
0,0,0,0.5,0.180055,180,0,0,173475
0,0,0,0.5,0.180055,180,0,0,173491
0,0,0,0.5,0.180055,180,0,0,173508
0,0,0,0.5,0.180055,180,0,0,173525
0,0,0,0.5,0.180055,180,0,0,173541
0,0,0,0.5,0.180055,180,0,0,173558
0,0,0,0.5,0.180055,180,0,0,173575
0,0,0,0.5,0.180055,180,0,0,173591
0,0,0,0.5,0.180055,180,0,0,173608
0,0,0,0.5,0.180055,180,0,0,173625
0,0,0,0.5,0.180055,180,0,0,173641
0,0,0,0.5,0.180055,180,0,0,173658
0,0,0,0.5,0.180055,180,0,0,173675
0,0,0,0.5,0.180055,180,0,0,173691
0,0,0,0.5,0.180055,180,0,0,173708
0,0,0,0.5,0.180055,180,0,0,173725
0,0,0,0.5,0.180055,180,0,0,173742
0,0,0,0.5,0.180055,180,0,0,173758
0,0,0,0.5,0.180055,180,0,0,173775
0,0,0,0.5,0.180055,180,0,0,173791
0,0,0,0.5,0.180055,180,0,0,173808
0,0,0,0.5,0.180055,180,0,0,173825
0,0,0,0.5,0.180055,180,0,0,173841
0,0,0,0.5,0.180055,180,0,0,173858
0,0,0,0.5,0.180055,180,0,0,173875
0,0,0,0.5,0.180055,180,0,0,173891
0,0,0,0.5,0.180055,180,0,0,173908
0,0,0,0.5,0.180055,180,0,0,173925
0,0,0,0.5,0.180055,180,0,0,173941
0,0,0,0.5,0.180055,180,0,0,173958
0,0,0,0.5,0.180055,180,0,0,173975
0,0,0,0.5,0.180055,180,0,0,173991
0,0,0,0.5,0.180055,180,0,0,174008
0,0,0,0.5,0.180055,180,0,0,174026
0,0,0,0.5,0.180055,180,0,0,174042
0,0,0,0.5,0.180055,180,0,0,174058
0,0,0,0.5,0.180055,180,0,0,174075
0,0,0,0.5,0.180055,180,0,0,174091
0,0,0,0.5,0.180055,180,0,0,174108
0,0,0,0.5,0.180055,180,0,0,174125
0,0,0,0.5,0.180055,180,0,0,174141
0,0,0,0.5,0.180055,180,0,0,174158
0,0,0,0.5,0.180055,180,0,0,174175
0,0,0,0.5,0.180055,180,0,0,174191
0,0,0,0.5,0.180055,180,0,0,174208
0,0,0,0.5,0.180055,180,0,0,174225
0,0,0,0.5,0.180055,180,0,0,174241
0,0,0,0.5,0.180055,180,0,0,174258
0,0,0,0.5,0.180055,180,0,0,174275
0,0,0,0.5,0.180055,180,0,0,174291
0,0,0,0.5,0.180055,180,0,0,174308
0,0,0,0.5,0.180055,180,0,0,174325
0,0,0,0.5,0.180055,180,0,0,174341
0,0,0,0.5,0.180055,180,0,0,174358
0,0,0,0.5,0.180055,180,0,0,174375
0,0,0,0.5,0.180055,180,0,0,174391
0,0,0,0.5,0.180055,180,0,0,174408
0,0,0,0.5,0.180055,180,0,0,174425
0,0,0,0.5,0.180055,180,0,0,174441
0,0,0,0.5,0.180055,180,0,0,174458
0,0,0,0.5,0.180055,180,0,0,174475
0,0,0,0.5,0.180055,180,0,0,174491
0,0,0,0.5,0.180055,180,0,0,174508
0,0,0,0.5,0.180055,180,0,0,174525
0,0,0,0.5,0.180055,180,0,0,174541
0,0,0,0.5,0.180055,180,0,0,174558
0,0,0,0.5,0.180055,180,0,0,174575
0,-3,0,0.5,0.17965,180,0,0,174592
0,-3,1,0.5,0.179245,180,0,0,174608
0,-4,0,0.5,0.178705,180,0,0,174625
0,-7,0,0.5,0.17776,180,0,0,174642
0,-10,1,0.5,0.17641,180,0,0,174659
0,-26,0,0.5,0.1729,180,0,0,174675
0,-16,0,0.5,0.17074,180,0,0,174692
0,-12,-1,0.5,0.16912,180,0,0,174709
0,-6,-2,0.5,0.16831,180,0,0,174726
0,0,-2,0.5,0.16831,180,0,0,174742
0,5,-3,0.5,0.168985,180,0,0,174759
0,4,-3,0.5,0.169525,180,0,0,174777
0,1,-4,0.5,0.16966,180,0,1,174795
0,0,-5,0.5,0.16966,180,0,1,174811
0,5,-5,0.5,0.170335,180,0,1,174828
0,8,-3,0.5,0.171415,180,0,1,174844
0,10,-2,0.5,0.172765,180,0,0,174862
0,12,0,0.5,0.174385,180,0,0,174876
0,14,1,0.5,0.176275,180,0,0,174892
0,14,1,0.5,0.178165,180,0,0,174909
0,18,2,0.5,0.180595,180,0,0,174926
0,19,1,0.5,0.18316,180,0,0,174942
0,23,1,0.5,0.186265,180,0,0,174959
0,25,2,0.5,0.18964,180,0,0,174977
0,31,4,0.5,0.193825,180,0,0,174994
0,33,5,0.5,0.19828,180,0,0,175012
0,35,7,0.5,0.203005,180,0,0,175029
0,33,6,0.5,0.20746,180,0,0,175043
0,30,5,0.5,0.21151,180,0,0,175061
0,30,4,0.5,0.21556,180,0,0,175076
0,58,5,0.5,0.22339,180,0,0,175093
0,33,5,0.5,0.227845,180,0,0,175110
0,34,7,0.5,0.232435,180,0,0,175130
0,38,9,0.5,0.237565,180,0,0,175144
0,40,8,0.5,0.242965,180,0,0,175160
0,41,8,0.5,0.2485,180,0,0,175177
0,42,6,0.5,0.25417,180,1,0,175193
0,46,6,0.5,0.26038,180,1,0,175210
0,52,4,0.5,0.2674,180,1,0,175227
0,54,0,0.5,0.27469,180,0,0,175242
0,56,0,0.5,0.28225,180,0,0,175259
0,53,0,0.5,0.289405,180,0,0,175276
0,46,4,0.5,0.295615,180,0,0,175293
0,47,5,0.5,0.30196,180,0,0,175310
0,48,6,0.5,0.30844,180,0,0,175327
0,52,5,0.5,0.31546,180,0,0,175343
0,51,4,0.5,0.322345,180,0,0,175360
0,55,3,0.5,0.32977,180,0,0,175377
0,49,2,0.5,0.336385,180,0,0,175392
0,45,1,0.5,0.34246,180,0,0,175409
0,38,2,0.5,0.34759,180,0,1,175426
0,35,2,0.5,0.352315,180,0,1,175442
0,31,1,0.5,0.3565,180,0,1,175460
0,47,4,0.5,0.362845,180,0,1,175477
0,17,1,0.5,0.36514,180,0,0,175492
0,16,0,0.5,0.3673,180,0,0,175509
0,15,0,0.5,0.369325,180,0,0,175526
0,14,-1,0.5,0.371215,180,0,0,175542
0,15,-2,0.5,0.37324,180,0,0,175559
0,13,-2,0.5,0.374995,180,0,0,175576
0,12,-1,0.5,0.376615,180,0,0,175592
0,14,-1,0.5,0.378505,180,0,0,175609
0,18,-1,0.5,0.380935,180,0,0,175625
0,20,-1,0.5,0.383635,180,0,1,175642
0,24,0,0.5,0.386875,180,0,1,175658
0,24,-1,0.5,0.390115,180,0,1,175676
0,24,-2,0.5,0.393355,180,0,0,175695
0,22,-3,0.5,0.396325,180,0,0,175709
0,18,-3,0.5,0.398755,180,0,0,175726
0,17,-5,0.5,0.40105,180,0,0,175743
0,17,-4,0.5,0.403345,180,0,1,175763
0,13,-2,0.5,0.4051,180,0,1,175776
0,12,-2,0.5,0.40672,180,0,0,175793
0,9,0,0.5,0.407935,180,0,0,175809
0,6,0,0.5,0.408745,180,0,0,175825
0,6,1,0.5,0.409555,180,0,0,175842
0,4,1,0.5,0.410095,180,0,1,175859
0,7,1,0.5,0.41104,180,0,1,175876
0,3,0,0.5,0.411445,180,0,1,175892
0,2,0,0.5,0.411715,180,0,0,175909
0,1,0,0.5,0.41185,180,0,0,175925
0,2,0,0.5,0.41212,180,0,0,175942
0,3,0,0.5,0.412525,180,0,0,175959
0,4,0,0.5,0.413065,180,0,0,175975
0,5,0,0.5,0.41374,180,0,1,175992
0,8,0,0.5,0.41482,180,0,1,176009
0,6,0,0.5,0.41563,180,0,0,176025
0,6,0,0.5,0.41644,180,0,0,176042
0,3,0,0.5,0.416845,180,0,0,176059
0,2,-1,0.5,0.417115,180,0,0,176075
0,2,-1,0.5,0.417385,180,0,0,176092
0,1,-1,0.5,0.41752,180,0,1,176109
0,1,-1,0.5,0.417655,180,0,1,176125
0,1,-1,0.5,0.41779,180,0,0,176142
0,1,-1,0.5,0.417925,180,0,0,176159
0,0,-1,0.5,0.417925,180,0,0,176175
0,0,-1,0.5,0.417925,180,0,0,176192
0,1,0,0.5,0.41806,180,0,0,176209
0,1,-1,0.5,0.418195,180,0,0,176225
0,0,0,0.5,0.418195,180,0,1,176241
0,1,0,0.5,0.41833,180,0,0,176259
0,2,0,0.5,0.4186,180,0,0,176275
0,1,0,0.5,0.418735,180,0,0,176292
0,1,0,0.5,0.41887,180,0,0,176309
0,1,1,0.5,0.419005,180,0,0,176326
0,0,1,0.5,0.419005,180,0,1,176342
0,2,1,0.5,0.419275,180,0,1,176362
-1,1,2,0.5,0.41941,180,0,1,176376
0,2,1,0.5,0.41968,180,0,0,176393
1,2,0,0.5,0.41995,180,0,0,176410
0,1,1,0.5,0.420085,180,0,0,176425
-1,0,0,0.5,0.420085,180,0,0,176442
0,0,0,0.5,0.420085,180,0,0,176458
0,1,0,0.5,0.42022,180,0,0,176475
0,1,0,0.5,0.420355,180,0,1,176492
0,1,0,0.5,0.42049,180,0,1,176509
0,1,0,0.5,0.420625,180,0,0,176525
0,0,0,0.5,0.420625,180,0,0,176541
0,0,0,0.5,0.420625,180,0,0,176558
0,0,0,0.5,0.420625,180,0,0,176575
0,0,0,0.5,0.420625,180,0,0,176591
0,0,0,0.5,0.420625,180,0,0,176608
0,1,0,0.5,0.42076,180,0,1,176625
0,0,0,0.5,0.42076,180,0,1,176641
0,1,0,0.5,0.420895,180,0,0,176658
0,1,0,0.5,0.42103,180,0,0,176675
0,1,0,0.5,0.421165,180,0,0,176692
0,0,0,0.5,0.421165,180,0,0,176708
0,1,0,0.5,0.4213,180,0,0,176725
0,1,0,0.5,0.421435,180,0,0,176742
0,3,0,0.5,0.42184,180,0,1,176758
0,3,0,0.5,0.422245,180,0,1,176775
0,3,0,0.5,0.42265,180,0,1,176792
0,2,0,0.5,0.42292,180,0,0,176808
0,1,0,0.5,0.423055,180,0,0,176825
0,0,0,0.5,0.423055,180,0,0,176841
0,0,0,0.5,0.423055,180,0,0,176858
0,1,0,0.5,0.42319,180,0,0,176875
0,2,0,0.5,0.42346,180,0,1,176892
0,4,0,0.5,0.424,180,0,1,176908
0,4,0,0.5,0.42454,180,0,1,176925
0,2,0,0.5,0.42481,180,0,0,176941
0,2,0,0.5,0.42508,180,0,0,176960
0,2,0,0.5,0.42535,180,0,0,176975
0,0,0,0.5,0.42535,180,0,0,176991
-1,1,-1,0.5,0.425485,180,0,0,177009
0,2,-1,0.5,0.425755,180,0,1,177025
0,4,-1,0.5,0.426295,180,0,1,177042
0,5,-1,0.5,0.42697,180,0,1,177059
0,13,-2,0.5,0.428725,180,0,0,177077
0,6,-3,0.5,0.429535,180,0,0,177094
0,6,-7,0.5,0.430345,180,0,0,177112
0,7,-3,0.5,0.43129,180,0,0,177127
0,9,-3,0.5,0.432505,180,0,0,177143
0,12,-3,0.5,0.434125,180,0,1,177160
0,14,-3,0.5,0.436015,180,0,1,177176
0,14,-3,0.5,0.437905,180,0,1,177192
0,15,-4,0.5,0.43993,180,0,0,177210
0,14,-5,0.5,0.44182,180,0,0,177226
0,12,-5,0.5,0.44344,180,0,0,177246
0,11,-7,0.5,0.444925,180,0,0,177260
0,7,-7,0.5,0.44587,180,0,0,177277
0,8,-7,0.5,0.44695,180,0,0,177297
1,11,-6,0.5,0.448435,180,0,0,177310
0,14,-7,0.5,0.450325,180,0,0,177326
2,20,-8,0.5,0.453025,180,0,0,177344
0,25,-10,0.5,0.4564,180,0,0,177362
0,29,-11,0.5,0.460315,180,0,0,177384
0,31,-13,0.5,0.4645,180,0,0,177398
0,32,-14,0.5,0.46882,180,0,0,177412
0,32,-13,0.5,0.47314,180,0,0,177427
0,29,-11,0.5,0.477055,180,0,0,177445
0,24,-10,0.5,0.480295,180,0,0,177461
0,34,-14,0.5,0.484885,180,0,0,177482
0,11,-14,0.5,0.48637,180,0,0,177496
0,12,-9,0.5,0.48799,180,0,0,177511
0,12,-8,0.5,0.48961,180,0,0,177527
0,18,-8,0.5,0.49204,180,0,0,177550
0,21,-7,0.5,0.494875,180,0,0,177562
0,31,-12,0.5,0.49906,180,0,0,177578
-5,35,-16,0.5,0.503785,180,0,0,177596
-4,39,-18,0.5,0.50905,180,0,0,177612
4,39,-14,0.5,0.514315,180,0,0,177629
0,37,-16,0.5,0.51931,180,0,0,177645
0,32,-16,0.5,0.52363,180,0,0,177663
2,26,-14,0.5,0.52714,180,0,0,177679
-3,22,-14,0.5,0.53011,180,0,0,177696
-1,19,-15,0.5,0.532675,180,0,0,177713
0,19,-13,0.5,0.53524,180,0,0,177728
0,24,-13,0.5,0.53848,180,0,0,177745
0,32,-12,0.5,0.5428,180,0,0,177763
0,38,-13,0.5,0.54793,180,0,0,177778
0,40,-14,0.5,0.55333,180,0,0,177796
0,43,-13,0.5,0.559135,180,0,0,177812
0,42,-13,0.5,0.564805,180,0,0,177828
3,40,-12,0.5,0.570205,180,0,0,177846
0,65,-26,0.5,0.57898,180,0,0,177871
0,24,-12,0.5,0.58222,180,0,0,177880
0,23,-12,0.5,0.585325,180,0,0,177896
0,21,-12,0.5,0.58816,180,0,0,177911
0,24,-12,0.5,0.5914,180,0,0,177928
0,31,-13,0.5,0.595585,180,0,0,177947
1,37,-14,0.5,0.60058,180,0,0,177965
0,43,-16,0.5,0.606385,180,0,0,177984
0,44,-18,0.5,0.612325,180,0,0,177997
0,41,-14,0.5,0.61786,180,0,0,178014
0,37,-13,0.5,0.622855,180,0,0,178029
1,30,-12,0.5,0.626905,180,0,0,178047
0,24,-12,0.5,0.630145,180,0,0,178061
0,18,-11,0.5,0.632575,180,0,0,178078
0,14,-10,0.5,0.634465,180,0,0,178095
0,12,-8,0.5,0.636085,180,0,0,178114
0,11,-8,0.5,0.63757,180,0,0,178130
0,15,-8,0.5,0.639595,180,0,0,178145
0,21,-6,0.5,0.64243,180,0,0,178161
0,27,-7,0.5,0.646075,180,0,0,178178
0,34,-7,0.5,0.650665,180,0,1,178194
0,37,-8,0.5,0.65566,180,0,1,178211
0,38,-7,0.5,0.66079,180,0,1,178227
0,32,-6,0.5,0.66511,180,0,0,178244
0,26,-5,0.5,0.66862,180,0,0,178260
0,20,-6,0.5,0.67132,180,0,0,178277
0,29,-17,0.5,0.675235,180,0,0,178297
0,21,-9,0.5,0.67807,180,0,0,178310
0,27,-8,0.5,0.681715,180,0,0,178327
0,33,-5,0.5,0.68617,180,0,0,178344
0,37,-5,0.5,0.691165,180,0,0,178359
-3,44,-6,0.5,0.697105,180,0,0,178380
0,48,-4,0.5,0.703585,180,0,0,178394
5,49,-1,0.5,0.71,180,0,0,178409
