0,110,-16,0.5,-0.69515,180,0,0,79840
0,47,-10,0.5,-0.688805,180,0,0,79851
0,45,-10,0.5,-0.68273,180,0,0,79859
0,0,0,0.5,-0.68273,180,0,0,79867
0,44,-11,0.5,-0.67679,180,0,0,79896
0,81,-19,0.5,-0.665855,180,0,0,79918
0,45,-9,0.5,-0.65978,180,0,0,79928
0,0,0,0.5,-0.65978,180,0,0,79934
0,101,-17,0.5,-0.646145,180,0,0,79958
0,0,-1,0.5,-0.646145,180,0,0,79968
1,106,-16,0.5,-0.631835,180,0,0,79988
0,46,-8,0.5,-0.625625,180,0,0,80007
0,35,-8,0.5,-0.6209,180,0,0,80020
0,30,-8,0.5,-0.61685,180,0,0,80037
0,20,-7,0.5,-0.61415,180,0,0,80053
0,12,-6,0.5,-0.61253,180,0,0,80071
-2,6,-5,0.5,-0.61172,180,0,0,80086
0,5,-3,0.5,-0.611045,180,0,0,80102
0,6,-2,0.5,-0.610235,180,0,0,80118
0,12,-2,0.5,-0.608615,180,0,0,80135
0,19,-2,0.5,-0.60605,180,0,0,80152
0,27,-2,0.5,-0.602405,180,0,0,80168
0,38,-2,0.5,-0.597275,180,0,0,80185
0,45,-1,0.5,-0.5912,180,0,0,80202
0,53,-1,0.5,-0.584045,180,0,0,80218
0,55,-1,0.5,-0.57662,180,0,0,80234
0,54,0,0.5,-0.56933,180,0,0,80251
0,51,0,0.5,-0.562445,180,0,0,80268
0,48,0,0.5,-0.555965,180,0,0,80284
0,44,0,0.5,-0.550025,180,0,0,80301
0,42,0,0.5,-0.544355,180,0,0,80317
0,40,0,0.5,-0.538955,180,0,0,80334
0,29,0,0.5,-0.53504,180,0,0,80351
0,37,-3,0.5,-0.530045,180,0,0,80368
0,21,-2,0.5,-0.52721,180,0,0,80385
0,26,-1,0.5,-0.5237,180,0,0,80401
0,33,0,0.5,-0.519245,180,0,0,80417
0,32,0,0.5,-0.514925,180,0,0,80434
0,34,0,0.5,-0.510335,180,0,0,80453
0,35,0,0.5,-0.50561,180,0,0,80468
0,38,1,0.5,-0.50048,180,0,0,80485
0,40,1,0.5,-0.49508,180,0,0,80501
0,47,0,0.5,-0.488735,180,0,0,80518
0,46,1,0.5,-0.482525,180,0,0,80535
0,43,2,0.5,-0.47672,180,0,0,80552
0,32,4,0.5,-0.4724,180,0,0,80570
3,25,5,0.5,-0.469025,180,0,0,80586
0,24,5,0.5,-0.465785,180,0,0,80602
0,19,3,0.5,-0.46322,180,0,0,80619
0,17,2,0.5,-0.460925,180,0,0,80634
0,16,2,0.5,-0.458765,180,0,0,80651
0,10,1,0.5,-0.457415,180,0,0,80669
0,4,1,0.5,-0.456875,180,0,0,80684
0,1,2,0.5,-0.45674,180,0,0,80701
0,-1,1,0.5,-0.456875,180,0,0,80720
0,0,2,0.5,-0.456875,180,0,0,80735
0,10,4,0.5,-0.455525,180,0,0,80752
0,61,19,0.5,-0.44729,180,0,0,80774
0,40,18,0.5,-0.44189,180,0,0,80789
0,38,20,0.5,-0.43676,180,0,0,80807
0,38,20,0.5,-0.43163,180,0,0,80823
0,37,20,0.5,-0.426635,180,0,0,80841
0,36,18,0.5,-0.421775,180,0,0,80858
0,35,16,0.5,-0.41705,180,0,0,80874
0,31,15,0.5,-0.412865,180,0,0,80888
0,31,15,0.5,-0.40868,180,0,0,80906
0,32,14,0.5,-0.40436,180,0,0,80920
0,31,12,0.5,-0.400175,180,0,0,80939
0,32,13,0.5,-0.395855,180,0,0,80954
0,30,14,0.5,-0.391805,180,0,0,80973
0,27,15,0.5,-0.38816,180,0,0,80990
0,26,17,0.5,-0.38465,180,0,0,81004
0,24,16,0.5,-0.38141,180,0,0,81023
0,16,13,0.5,-0.37925,180,0,0,81045
0,13,11,0.5,-0.377495,180,0,0,81053
0,11,11,0.5,-0.37601,180,0,0,81070
0,10,11,0.5,-0.37466,180,0,0,81088
0,9,12,0.5,-0.373445,180,0,0,81103
0,10,11,0.5,-0.372095,180,0,0,81121
-1,12,12,0.5,-0.370475,180,0,0,81140
0,18,12,0.5,-0.368045,180,0,0,81153
0,45,19,0.5,-0.36197,180,0,0,81173
0,29,16,0.5,-0.358055,180,0,0,81189
0,31,27,0.5,-0.35387,180,0,0,81207
0,32,15,0.5,-0.34955,180,0,0,81221
0,32,13,0.5,-0.34523,180,0,0,81240
1,32,12,0.5,-0.34091,180,0,0,81253
-3,30,11,0.5,-0.33686,180,0,0,81270
2,26,10,0.5,-0.33335,180,0,0,81288
0,22,8,0.5,-0.33038,180,0,1,81303
0,20,8,0.5,-0.32768,180,0,1,81320
-1,20,6,0.5,-0.32498,180,0,1,81335
0,18,7,0.5,-0.32255,180,0,0,81353
1,14,7,0.5,-0.32066,180,0,0,81371
0,12,8,0.5,-0.31904,180,0,0,81386
0,11,11,0.5,-0.317555,180,0,0,81406
0,8,11,0.5,-0.316475,180,0,0,81423
1,5,11,0.5,-0.3158,180,0,0,81438
-3,3,7,0.5,-0.315395,180,0,0,81452
0,-2,7,0.5,-0.315665,180,0,0,81469
0,-4,6,0.5,-0.316205,180,0,0,81485
-1,-9,5,0.5,-0.31742,180,0,0,81502
2,-8,6,0.5,-0.3185,180,0,0,81523
0,-4,7,0.5,-0.31904,180,0,0,81539
0,2,9,0.5,-0.31877,180,0,0,81554
0,33,24,0.5,-0.314315,180,0,0,81575
0,27,14,0.5,-0.31067,180,0,0,81587
0,32,16,0.5,-0.30635,180,0,0,81608
0,37,13,0.5,-0.301355,180,0,0,81622
0,38,10,0.5,-0.296225,180,0,0,81637
0,38,7,0.5,-0.291095,180,0,0,81653
0,39,6,0.5,-0.28583,180,0,0,81669
1,36,5,0.5,-0.28097,180,0,0,81687
0,34,6,0.5,-0.27638,180,0,0,81703
0,33,5,0.5,-0.271925,180,0,0,81719
-1,34,5,0.5,-0.267335,180,0,0,81736
0,34,5,0.5,-0.262745,180,0,0,81752
0,33,7,0.5,-0.25829,180,0,0,81771
0,34,9,0.5,-0.2537,180,0,0,81787
0,31,10,0.5,-0.249515,180,0,0,81805
0,30,10,0.5,-0.245465,180,0,0,81822
0,31,10,0.5,-0.24128,180,0,0,81837
0,31,9,0.5,-0.237095,180,0,0,81854
0,31,9,0.5,-0.23291,180,0,0,81871
0,31,8,0.5,-0.228725,180,0,0,81886
0,30,8,0.5,-0.224675,180,0,0,81903
0,33,9,0.5,-0.22022,180,0,0,81920
0,32,10,0.5,-0.2159,180,0,1,81938
0,32,11,0.5,-0.21158,180,0,1,81954
0,53,21,0.5,-0.204425,180,0,1,81975
-1,22,10,0.5,-0.201455,180,0,0,81987
0,22,10,0.5,-0.198485,180,0,0,82004
1,20,9,0.5,-0.195785,180,0,0,82021
0,18,8,0.5,-0.193355,180,0,0,82037
0,19,7,0.5,-0.19079,180,0,0,82053
0,19,8,0.5,-0.188225,180,0,0,82070
0,25,8,0.5,-0.18485,180,0,0,82087
0,30,9,0.5,-0.1808,180,0,0,82103
-1,34,8,0.5,-0.17621,180,0,0,82121
-1,40,11,0.5,-0.17081,180,0,0,82138
0,44,13,0.5,-0.16487,180,0,0,82154
0,46,13,0.5,-0.15866,180,0,0,82173
-1,46,14,0.5,-0.15245,180,0,0,82190
0,44,14,0.5,-0.14651,180,0,0,82207
0,41,14,0.5,-0.140975,180,0,0,82223
0,37,14,0.5,-0.13598,180,0,0,82242
0,34,12,0.5,-0.13139,180,0,0,82258
0,31,10,0.5,-0.127205,180,0,0,82274
0,31,8,0.5,-0.12302,180,0,0,82286
0,30,7,0.5,-0.11897,180,0,0,82302
-2,31,6,0.5,-0.114785,180,0,0,82319
0,35,6,0.5,-0.11006,180,0,0,82336
2,39,7,0.5,-0.104795,180,0,0,82352
0,88,14,0.5,-0.092915,180,0,0,82379
1,47,9,0.5,-0.08657,180,0,0,82390
-1,45,5,0.5,-0.080495,180,0,0,82402
0,36,6,0.5,-0.075635,180,0,0,82419
0,28,6,0.5,-0.071855,180,0,0,82437
0,17,6,0.5,-0.06956,180,0,0,82453
0,9,5,0.5,-0.068345,180,0,0,82469
0,2,6,0.5,-0.068075,180,0,0,82486
-1,-3,5,0.5,-0.06848,180,0,0,82503
0,-1,5,0.5,-0.068615,180,0,0,82519
0,0,4,0.5,-0.068615,180,0,0,82535
0,1,5,0.5,-0.06848,180,0,0,82553
0,1,4,0.5,-0.068345,180,0,0,82571
0,5,3,0.5,-0.06767,180,0,0,82585
0,9,2,0.5,-0.066455,180,0,0,82602
0,17,1,0.5,-0.06416,180,0,0,82618
0,24,0,0.5,-0.06092,180,0,0,82634
-1,32,0,0.5,-0.0566,180,0,1,82651
0,36,0,0.5,-0.05174,180,0,1,82668
0,39,0,0.5,-0.046475,180,0,1,82684
0,44,0,0.5,-0.040535,180,0,0,82701
0,46,0,0.5,-0.034325,180,0,0,82718
0,49,0,0.5,-0.02771,180,0,0,82734
0,48,0,0.5,-0.02123,180,0,0,82751
0,45,0,0.5,-0.015155,180,0,1,82768
0,68,0,0.5,-0.005975,180,0,1,82784
-1,26,0,0.5,-0.002465,180,0,1,82801
2,22,0,0.5,0.000505,180,0,0,82817
0,22,3,0.5,0.003475,180,0,0,82834
0,21,2,0.5,0.00631,180,0,0,82851
0,25,2,0.5,0.009685,180,0,0,82868
1,29,2,0.5,0.0136,180,0,0,82884
0,35,2,0.5,0.018325,180,0,0,82901
0,39,0,0.5,0.02359,180,0,1,82918
0,43,0,0.5,0.029395,180,0,1,82934
0,42,0,0.5,0.035065,180,0,1,82951
0,35,0,0.5,0.03979,180,0,0,82968
0,31,-2,0.5,0.043975,180,0,0,82984
0,27,0,0.5,0.04762,180,0,0,83001
0,24,-1,0.5,0.05086,180,0,0,83018
0,24,0,0.5,0.0541,180,0,0,83034
0,27,0,0.5,0.057745,180,0,1,83051
0,29,0,0.5,0.06166,180,0,1,83068
4,33,3,0.5,0.066115,180,0,1,83085
0,33,1,0.5,0.07057,180,0,1,83101
0,36,1,0.5,0.07543,180,0,0,83118
0,40,0,0.5,0.08083,180,0,0,83134
0,44,0,0.5,0.08677,180,0,0,83153
0,93,0,0.5,0.099325,180,0,0,83169
0,44,0,0.5,0.105265,180,0,0,83184
0,41,0,0.5,0.1108,180,0,1,83208
0,38,0,0.5,0.11593,180,0,1,83218
0,36,0,0.5,0.12079,180,0,1,83234
0,32,0,0.5,0.12511,180,0,0,83251
-2,29,2,0.5,0.129025,180,0,0,83268
0,29,4,0.5,0.13294,180,0,0,83285
0,27,4,0.5,0.136585,180,0,0,83304
0,26,5,0.5,0.140095,180,0,0,83319
0,27,5,0.5,0.14374,180,0,0,83335
-1,31,4,0.5,0.147925,180,0,1,83352
0,35,4,0.5,0.15265,180,0,1,83368
-1,35,3,0.5,0.157375,180,0,1,83385
0,34,4,0.5,0.161965,180,0,0,83404
-2,32,0,0.5,0.166285,180,0,0,83417
0,30,1,0.5,0.170335,180,0,0,83435
0,35,1,0.5,0.17506,180,0,0,83451
0,37,2,0.5,0.180055,180,0,0,83468
0,44,2,0.5,0.185995,180,0,0,83486
0,48,2,0.5,0.192475,180,0,0,83502
0,49,3,0.5,0.19909,180,0,0,83518
0,49,3,0.5,0.205705,180,0,0,83536
0,50,4,0.5,0.212455,180,0,0,83553
0,47,3,0.5,0.2188,180,0,0,83568
1,90,7,0.5,0.23095,180,0,0,83586
0,40,4,0.5,0.23635,180,0,0,83602
0,36,2,0.5,0.24121,180,0,0,83619
0,33,2,0.5,0.245665,180,0,0,83635
-1,32,1,0.5,0.249985,180,0,0,83652
1,32,2,0.5,0.254305,180,1,1,83668
0,32,2,0.5,0.258625,180,1,1,83685
0,36,2,0.5,0.263485,180,1,0,83702
0,38,2,0.5,0.268615,180,0,0,83718
1,43,5,0.5,0.27442,180,0,0,83738
-1,46,4,0.5,0.28063,180,0,0,83751
0,46,6,0.5,0.28684,180,0,0,83769
0,45,7,0.5,0.292915,180,0,0,83786
0,42,7,0.5,0.298585,180,0,0,83806
0,40,6,0.5,0.303985,180,0,0,83819
-3,38,3,0.5,0.309115,180,0,0,83835
0,34,3,0.5,0.313705,180,0,0,83853
0,28,1,0.5,0.317485,180,0,0,83868
0,23,1,0.5,0.32059,180,0,0,83884
0,23,2,0.5,0.323695,180,0,0,83901
0,23,3,0.5,0.3268,180,0,0,83918
0,50,8,0.5,0.33355,180,0,0,83937
0,0,0,0.5,0.33355,180,0,1,83951
-1,27,6,0.5,0.337195,180,0,1,83970
0,57,10,0.5,0.34489,180,0,1,83992
0,32,4,0.5,0.34921,180,0,1,84004
0,32,4,0.5,0.35353,180,0,0,84021
0,30,4,0.5,0.35758,180,0,0,84041
0,28,4,0.5,0.36136,180,0,0,84053
-2,26,4,0.5,0.36487,180,0,1,84069
2,23,4,0.5,0.367975,180,0,1,84085
0,20,3,0.5,0.370675,180,0,1,84102
1,16,4,0.5,0.372835,180,0,1,84119
-1,12,1,0.5,0.374455,180,0,0,84135
0,11,2,0.5,0.37594,180,0,0,84151
0,11,2,0.5,0.377425,180,0,0,84168
0,12,3,0.5,0.379045,180,0,0,84185
0,14,4,0.5,0.380935,180,0,1,84202
0,15,4,0.5,0.38296,180,0,0,84221
0,16,5,0.5,0.38512,180,0,0,84236
0,16,5,0.5,0.38728,180,0,0,84252
0,17,5,0.5,0.389575,180,0,0,84269
0,19,5,0.5,0.39214,180,0,0,84286
0,21,4,0.5,0.394975,180,0,1,84301
0,24,4,0.5,0.398215,180,0,1,84319
0,24,3,0.5,0.401455,180,0,1,84335
0,37,6,0.5,0.40645,180,0,0,84352
0,11,4,0.5,0.407935,180,0,0,84368
0,8,3,0.5,0.409015,180,0,0,84386
1,7,3,0.5,0.40996,180,0,0,84402
-4,4,0,0.5,0.4105,180,0,1,84418
0,4,2,0.5,0.41104,180,0,1,84435
0,5,3,0.5,0.411715,180,0,1,84451
0,4,3,0.5,0.412255,180,0,0,84468
0,5,4,0.5,0.41293,180,0,0,84485
0,6,4,0.5,0.41374,180,0,0,84502
1,8,6,0.5,0.41482,180,0,0,84519
-1,11,2,0.5,0.416305,180,0,0,84535
0,14,4,0.5,0.418195,180,0,1,84552
-3,16,4,0.5,0.420355,180,0,1,84569
0,15,5,0.5,0.42238,180,0,0,84586
-1,12,5,0.5,0.424,180,0,0,84603
0,10,4,0.5,0.42535,180,0,0,84618
0,8,4,0.5,0.42643,180,0,0,84635
0,7,3,0.5,0.427375,180,0,0,84652
0,6,3,0.5,0.428185,180,0,1,84669
0,6,2,0.5,0.428995,180,0,1,84684
0,5,2,0.5,0.42967,180,0,0,84703
0,5,1,0.5,0.430345,180,0,0,84718
0,3,1,0.5,0.43075,180,0,0,84735
0,2,3,0.5,0.43102,180,0,0,84752
0,1,4,0.5,0.431155,180,0,0,84769
0,2,3,0.5,0.431425,180,0,1,84786
0,5,3,0.5,0.4321,180,0,1,84804
0,6,3,0.5,0.43291,180,0,0,84820
0,6,3,0.5,0.43372,180,0,0,84836
0,5,2,0.5,0.434395,180,0,0,84856
0,2,3,0.5,0.434665,180,0,0,84868
0,2,3,0.5,0.434935,180,0,0,84887
0,0,3,0.5,0.434935,180,0,0,84901
0,0,4,0.5,0.434935,180,0,1,84919
0,2,4,0.5,0.435205,180,0,1,84940
0,5,5,0.5,0.43588,180,0,1,84952
0,5,4,0.5,0.436555,180,0,0,84969
0,7,5,0.5,0.4375,180,0,0,84986
0,5,4,0.5,0.438175,180,0,0,85001
0,5,5,0.5,0.43885,180,0,0,85018
-2,4,3,0.5,0.43939,180,0,0,85036
2,5,3,0.5,0.440065,180,0,1,85052
1,6,3,0.5,0.440875,180,0,1,85068
1,7,4,0.5,0.44182,180,0,1,85085
0,6,1,0.5,0.44263,180,0,0,85101
-1,5,2,0.5,0.443305,180,0,0,85118
0,2,4,0.5,0.443575,180,0,0,85139
0,0,2,0.5,0.443575,180,0,0,85151
0,-1,2,0.5,0.44344,180,0,0,85168
0,-2,1,0.5,0.44317,180,0,0,85186
0,-3,3,0.5,0.442765,180,0,0,85202
1,-2,0,0.5,0.442495,180,0,0,85218
0,-4,1,0.5,0.441955,180,0,0,85235
-1,-3,1,0.5,0.44155,180,0,0,85251
0,-3,0,0.5,0.441145,180,0,0,85267
0,-1,0,0.5,0.44101,180,0,0,85285
0,-1,0,0.5,0.440875,180,0,0,85301
0,0,0,0.5,0.440875,180,0,0,85317
0,2,0,0.5,0.441145,180,0,0,85340
0,2,0,0.5,0.441415,180,0,0,85351
1,3,-1,0.5,0.44182,180,0,0,85368
-3,3,0,0.5,0.442225,180,0,0,85387
2,3,0,0.5,0.44263,180,0,0,85401
0,4,0,0.5,0.44317,180,0,0,85418
2,7,1,0.5,0.444115,180,0,0,85435
0,7,0,0.5,0.44506,180,0,0,85451
0,11,1,0.5,0.446545,180,0,1,85468
-3,10,1,0.5,0.447895,180,0,1,85485
0,10,2,0.5,0.449245,180,0,1,85502
0,7,2,0.5,0.45019,180,0,0,85518
0,6,2,0.5,0.451,180,0,0,85534
0,5,5,0.5,0.451675,180,0,0,85554
0,0,0,0.5,0.451675,180,0,0,85568
0,1,3,0.5,0.45181,180,0,0,85586
0,-1,3,0.5,0.451675,180,0,0,85604
0,1,1,0.5,0.45181,180,0,1,85618
0,1,1,0.5,0.451945,180,0,1,85636
0,0,0,0.5,0.451945,180,0,1,85651
0,-1,1,0.5,0.45181,180,0,0,85668
0,-7,1,0.5,0.450865,180,0,0,85684
0,-10,1,0.5,0.449515,180,0,0,85701
0,-13,2,0.5,0.44776,180,0,0,85718
0,-13,2,0.5,0.446005,180,0,0,85734
0,-12,2,0.5,0.444385,180,0,0,85752
0,-10,2,0.5,0.443035,180,0,0,85768
0,-10,1,0.5,0.441685,180,0,0,85784
0,-9,0,0.5,0.44047,180,0,0,85801
0,-10,0,0.5,0.43912,180,0,0,85818
0,-8,-1,0.5,0.43804,180,0,0,85834
-3,-7,-4,0.5,0.437095,180,0,0,85852
0,-4,-1,0.5,0.436555,180,0,0,85869
0,1,-3,0.5,0.43669,180,0,0,85885
0,7,-5,0.5,0.437635,180,0,0,85903
0,13,-6,0.5,0.43939,180,0,0,85920
0,18,-7,0.5,0.44182,180,0,0,85939
0,47,-16,0.5,0.448165,180,0,0,85956
0,28,-6,0.5,0.451945,180,0,0,85972
0,27,-7,0.5,0.45559,180,0,0,85992
0,27,-6,0.5,0.459235,180,0,0,86002
0,21,-5,0.5,0.46207,180,0,0,86019
0,19,-5,0.5,0.464635,180,0,0,86038
0,19,-6,0.5,0.4672,180,0,0,86053
-1,19,-6,0.5,0.469765,180,0,0,86070
-1,24,-6,0.5,0.473005,180,0,0,86087
3,27,-6,0.5,0.47665,180,0,0,86102
0,31,-7,0.5,0.480835,180,0,0,86120
-2,34,-7,0.5,0.485425,180,0,0,86137
0,35,-7,0.5,0.49015,180,0,0,86154
3,35,-7,0.5,0.494875,180,0,0,86169
0,30,-6,0.5,0.498925,180,0,0,86187
0,27,-5,0.5,0.50257,180,0,0,86202
0,21,-4,0.5,0.505405,180,0,0,86219
0,17,-6,0.5,0.5077,180,0,0,86236
0,15,-6,0.5,0.509725,180,0,0,86252
0,12,-6,0.5,0.511345,180,0,0,86269
0,13,-5,0.5,0.5131,180,0,0,86286
-3,17,-5,0.5,0.515395,180,0,0,86302
0,22,-5,0.5,0.518365,180,0,0,86319
0,60,-5,0.5,0.526465,180,0,0,86337
0,36,-10,0.5,0.531325,180,0,0,86354
0,39,-5,0.5,0.53659,180,0,0,86369
0,42,-5,0.5,0.54226,180,0,0,86385
0,41,-5,0.5,0.547795,180,0,0,86402
0,38,-5,0.5,0.552925,180,0,0,86419
3,34,-4,0.5,0.557515,180,0,0,86436
0,25,-5,0.5,0.56089,180,0,0,86452
0,22,-5,0.5,0.56386,180,0,0,86469
0,20,-5,0.5,0.56656,180,0,0,86485
0,19,-5,0.5,0.569125,180,0,0,86502
-3,19,-5,0.5,0.57169,180,0,0,86519
0,23,-4,0.5,0.574795,180,0,0,86539
0,26,-3,0.5,0.578305,180,0,0,86551
0,27,-3,0.5,0.58195,180,0,0,86568
0,26,-4,0.5,0.58546,180,0,0,86585
0,22,-5,0.5,0.58843,180,0,0,86602
0,15,-5,0.5,0.590455,180,0,0,86619
0,7,-6,0.5,0.5914,180,0,0,86639
0,0,-5,0.5,0.5914,180,0,0,86652
0,-8,-5,0.5,0.59032,180,0,0,86668
0,-13,-4,0.5,0.588565,180,0,0,86685
0,-14,-3,0.5,0.586675,180,0,0,86702
0,-14,-2,0.5,0.584785,180,0,0,86718
0,-10,-1,0.5,0.583435,180,0,0,86735
0,-8,0,0.5,0.582355,180,0,0,86750
0,3,3,0.5,0.58276,180,0,0,86768
0,6,3,0.5,0.58357,180,0,0,86785
0,8,1,0.5,0.58465,180,0,0,86802
0,11,7,0.5,0.586135,180,0,0,86819
0,11,4,0.5,0.58762,180,0,0,86836
0,12,4,0.5,0.58924,180,0,0,86852
0,11,3,0.5,0.590725,180,0,0,86868
0,9,3,0.5,0.59194,180,0,0,86885
0,5,2,0.5,0.592615,180,0,0,86901
0,-1,1,0.5,0.59248,180,0,0,86918
0,-1,1,0.5,0.592345,180,0,0,86934
0,6,0,0.5,0.593155,180,0,0,86951
0,15,0,0.5,0.59518,180,0,0,86967
0,22,0,0.5,0.59815,180,0,0,86984
0,28,0,0.5,0.60193,180,0,0,87001
0,35,0,0.5,0.606655,180,0,0,87017
0,38,0,0.5,0.611785,180,0,0,87034
0,42,-2,0.5,0.617455,180,0,0,87052
0,45,-4,0.5,0.62353,180,0,0,87069
2,43,-5,0.5,0.629335,180,0,0,87088
0,36,-4,0.5,0.634195,180,0,0,87103
0,26,-3,0.5,0.637705,180,0,0,87119
0,21,-3,0.5,0.64054,180,0,0,87136
0,12,-1,0.5,0.64216,180,0,0,87152
0,17,-5,0.5,0.644455,180,0,0,87170
0,12,-4,0.5,0.646075,180,0,0,87185
0,21,-4,0.5,0.64891,180,0,0,87202
0,28,-3,0.5,0.65269,180,0,0,87218
0,36,-1,0.5,0.65755,180,0,0,87235
0,42,0,0.5,0.66322,180,0,0,87250
0,40,0,0.5,0.66862,180,0,0,87267
0,34,0,0.5,0.67321,180,0,0,87284
0,21,0,0.5,0.676045,180,0,0,87301
0,11,1,0.5,0.67753,180,0,0,87318
0,6,3,0.5,0.67834,180,0,0,87336
0,10,6,0.5,0.67969,180,0,0,87352
0,16,8,0.5,0.68185,180,0,0,87369
0,28,9,0.5,0.68563,180,0,0,87386
0,34,8,0.5,0.69022,180,0,0,87406
-2,39,5,0.5,0.695485,180,0,0,87421
0,40,3,0.5,0.700885,180,0,0,87435
0,42,1,0.5,0.706555,180,0,0,87451
0,42,0,0.5,0.71,180,0,0,87467
