0,109,86,0.5,-0.695285,180,0,0,419721
0,45,33,0.5,-0.68921,180,0,0,419744
0,45,32,0.5,-0.683135,180,0,1,419766
0,26,17,0.5,-0.679625,180,0,1,419781
0,30,17,0.5,-0.675575,180,0,1,419797
0,29,16,0.5,-0.67166,180,0,1,419809
0,0,0,0.5,-0.67166,180,0,1,419818
0,27,17,0.5,-0.668015,180,0,0,419834
0,22,17,0.5,-0.665045,180,0,0,419850
-2,17,17,0.5,-0.66275,180,0,0,419865
0,18,17,0.5,-0.66032,180,0,0,419882
0,20,16,0.5,-0.65762,180,0,0,419897
0,23,16,0.5,-0.654515,180,0,0,419915
0,28,16,0.5,-0.650735,180,0,1,419931
-14,27,9,0.5,-0.64709,180,0,1,419945
6,25,18,0.5,-0.643715,180,0,1,419965
0,38,18,0.5,-0.638585,180,0,0,419981
0,13,14,0.5,-0.63683,180,0,0,419996
0,11,19,0.5,-0.635345,180,0,0,420014
0,11,12,0.5,-0.63386,180,0,0,420030
0,13,12,0.5,-0.632105,180,0,0,420046
-1,17,12,0.5,-0.62981,180,0,0,420065
0,20,13,0.5,-0.62711,180,0,0,420080
0,24,12,0.5,-0.62387,180,0,1,420096
0,27,13,0.5,-0.620225,180,0,1,420114
-1,27,12,0.5,-0.61658,180,0,1,420129
0,28,12,0.5,-0.6128,180,0,1,420148
0,31,12,0.5,-0.608615,180,0,0,420163
0,32,11,0.5,-0.604295,180,0,0,420177
0,34,10,0.5,-0.599705,180,0,0,420195
0,31,10,0.5,-0.59552,180,0,0,420213
0,29,9,0.5,-0.591605,180,0,0,420227
1,24,10,0.5,-0.588365,180,0,0,420247
-7,20,7,0.5,-0.585665,180,0,0,420262
0,20,9,0.5,-0.582965,180,0,0,420277
-4,20,8,0.5,-0.580265,180,0,0,420294
0,26,11,0.5,-0.576755,180,0,0,420312
-1,29,12,0.5,-0.57284,180,0,0,420329
-1,32,12,0.5,-0.56852,180,0,0,420348
0,35,11,0.5,-0.563795,180,0,0,420363
0,40,11,0.5,-0.558395,180,0,0,420378
0,85,22,0.5,-0.54692,180,0,0,420398
0,44,11,0.5,-0.54098,180,0,0,420412
0,42,12,0.5,-0.53531,180,0,0,420434
0,38,11,0.5,-0.53018,180,0,0,420445
-1,38,12,0.5,-0.52505,180,0,1,420463
0,32,11,0.5,-0.52073,180,0,1,420478
0,32,12,0.5,-0.51641,180,0,1,420495
3,32,14,0.5,-0.51209,180,0,0,420521
-4,29,12,0.5,-0.508175,180,0,0,420533
0,24,14,0.5,-0.504935,180,0,0,420546
-1,20,15,0.5,-0.502235,180,0,0,420563
3,18,18,0.5,-0.499805,180,0,0,420580
0,18,18,0.5,-0.497375,180,0,0,420597
0,19,17,0.5,-0.49481,180,0,0,420613
0,21,17,0.5,-0.491975,180,0,1,420632
0,19,15,0.5,-0.48941,180,0,1,420646
-2,18,17,0.5,-0.48698,180,0,1,420672
0,11,15,0.5,-0.485495,180,0,1,420684
0,7,15,0.5,-0.48455,180,0,1,420697
0,7,11,0.5,-0.483605,180,0,0,420713
0,4,11,0.5,-0.483065,180,0,0,420728
0,1,11,0.5,-0.48293,180,0,0,420744
-1,-1,10,0.5,-0.483065,180,0,0,420761
0,-6,22,0.5,-0.483875,180,0,0,420783
-4,-3,7,0.5,-0.48428,180,0,0,420794
-2,-3,8,0.5,-0.484685,180,0,0,420813
0,-1,8,0.5,-0.48482,180,0,0,420831
0,1,7,0.5,-0.484685,180,0,0,420844
1,1,6,0.5,-0.48455,180,0,0,420861
-1,2,5,0.5,-0.48428,180,0,0,420876
0,4,5,0.5,-0.48374,180,0,0,420893
0,3,5,0.5,-0.483335,180,0,0,420912
0,5,4,0.5,-0.48266,180,0,0,420926
0,4,4,0.5,-0.48212,180,0,0,420943
0,4,4,0.5,-0.48158,180,0,0,420964
0,3,4,0.5,-0.481175,180,0,0,420976
0,3,3,0.5,-0.48077,180,0,0,420994
0,3,3,0.5,-0.480365,180,0,0,421012
-2,2,2,0.5,-0.480095,180,0,0,421025
0,1,2,0.5,-0.47996,180,0,0,421042
0,4,1,0.5,-0.47942,180,0,0,421059
0,4,0,0.5,-0.47888,180,0,0,421075
0,5,2,0.5,-0.478205,180,0,0,421092
-1,7,0,0.5,-0.47726,180,0,0,421108
0,8,0,0.5,-0.47618,180,0,0,421125
0,8,-1,0.5,-0.4751,180,0,0,421142
-1,8,-2,0.5,-0.47402,180,0,0,421160
0,9,-2,0.5,-0.472805,180,0,0,421176
0,12,-2,0.5,-0.471185,180,0,0,421193
0,5,2,0.5,-0.47051,180,0,0,421212
0,7,4,0.5,-0.469565,180,0,0,421227
-1,9,5,0.5,-0.46835,180,0,0,421244
0,12,8,0.5,-0.46673,180,0,0,421262
-1,15,5,0.5,-0.464705,180,0,0,421278
0,18,7,0.5,-0.462275,180,0,0,421296
2,20,6,0.5,-0.459575,180,0,0,421313
1,19,5,0.5,-0.45701,180,0,0,421329
0,19,3,0.5,-0.454445,180,0,0,421343
0,19,2,0.5,-0.45188,180,0,0,421360
0,20,0,0.5,-0.44918,180,0,0,421375
0,21,0,0.5,-0.446345,180,0,0,421392
0,23,0,0.5,-0.44324,180,0,0,421409
0,22,0,0.5,-0.44027,180,0,0,421425
0,18,1,0.5,-0.43784,180,0,0,421442
0,11,3,0.5,-0.436355,180,0,0,421461
0,6,5,0.5,-0.435545,180,0,0,421478
-1,5,6,0.5,-0.43487,180,0,0,421495
0,4,6,0.5,-0.43433,180,0,0,421511
0,4,6,0.5,-0.43379,180,0,0,421527
0,3,5,0.5,-0.433385,180,0,0,421544
0,2,4,0.5,-0.433115,180,0,0,421560
0,0,2,0.5,-0.433115,180,0,0,421576
0,-1,0,0.5,-0.43325,180,0,0,421592
0,-13,-3,0.5,-0.435005,180,0,0,421610
0,-9,-3,0.5,-0.43622,180,0,0,421626
0,-9,-4,0.5,-0.437435,180,0,0,421643
0,-8,-3,0.5,-0.438515,180,0,0,421660
0,-4,-4,0.5,-0.439055,180,0,0,421677
0,1,-3,0.5,-0.43892,180,0,0,421694
0,5,-2,0.5,-0.438245,180,0,0,421709
0,11,-3,0.5,-0.43676,180,0,0,421727
0,14,-3,0.5,-0.43487,180,0,0,421744
0,16,-3,0.5,-0.43271,180,0,0,421761
0,19,-3,0.5,-0.430145,180,0,0,421776
-2,21,-3,0.5,-0.42731,180,0,0,421794
2,23,-1,0.5,-0.424205,180,0,0,421809
-5,24,-3,0.5,-0.420965,180,0,0,421826
0,26,-1,0.5,-0.417455,180,0,0,421842
0,25,0,0.5,-0.41408,180,0,0,421859
3,24,1,0.5,-0.41084,180,0,0,421876
0,22,0,0.5,-0.40787,180,0,0,421892
0,21,0,0.5,-0.405035,180,0,0,421909
0,21,0,0.5,-0.4022,180,0,0,421925
-3,19,0,0.5,-0.399635,180,0,0,421942
0,21,2,0.5,-0.3968,180,0,0,421960
0,21,2,0.5,-0.393965,180,0,0,421976
-1,52,6,0.5,-0.386945,180,0,0,421995
0,27,2,0.5,-0.3833,180,0,0,422010
0,28,3,0.5,-0.37952,180,0,0,422026
0,28,3,0.5,-0.37574,180,0,0,422044
1,26,4,0.5,-0.37223,180,0,0,422060
0,25,5,0.5,-0.368855,180,0,0,422079
0,22,5,0.5,-0.365885,180,0,0,422096
0,19,5,0.5,-0.36332,180,0,0,422111
0,18,5,0.5,-0.36089,180,0,0,422129
0,19,6,0.5,-0.358325,180,0,0,422145
0,17,6,0.5,-0.35603,180,0,0,422163
0,14,6,0.5,-0.35414,180,0,0,422178
0,11,5,0.5,-0.352655,180,0,0,422196
0,4,5,0.5,-0.352115,180,0,0,422211
0,0,3,0.5,-0.352115,180,0,0,422226
0,-3,2,0.5,-0.35252,180,0,0,422242
0,-5,3,0.5,-0.353195,180,0,0,422259
0,-9,2,0.5,-0.35441,180,0,0,422276
0,-10,2,0.5,-0.35576,180,0,0,422293
0,-14,2,0.5,-0.35765,180,0,0,422311
0,-16,2,0.5,-0.35981,180,0,0,422325
0,-15,2,0.5,-0.361835,180,0,0,422342
0,-15,2,0.5,-0.36386,180,0,0,422359
0,-14,2,0.5,-0.36575,180,0,0,422376
0,-24,4,0.5,-0.36899,180,0,0,422395
0,-9,2,0.5,-0.370205,180,0,0,422410
0,-7,3,0.5,-0.37115,180,0,0,422426
0,-3,2,0.5,-0.371555,180,0,0,422443
0,-2,3,0.5,-0.371825,180,0,0,422459
0,1,2,0.5,-0.37169,180,0,0,422476
0,4,2,0.5,-0.37115,180,0,0,422493
0,6,1,0.5,-0.37034,180,0,0,422509
0,7,2,0.5,-0.369395,180,0,0,422526
0,8,1,0.5,-0.368315,180,0,0,422542
0,6,1,0.5,-0.367505,180,0,0,422559
0,6,2,0.5,-0.366695,180,0,0,422576
0,4,2,0.5,-0.366155,180,0,0,422592
0,0,3,0.5,-0.366155,180,0,0,422609
0,-2,3,0.5,-0.366425,180,0,0,422629
0,-4,3,0.5,-0.366965,180,0,0,422642
0,-4,2,0.5,-0.367505,180,0,0,422659
0,-6,3,0.5,-0.368315,180,0,0,422677
0,-4,2,0.5,-0.368855,180,0,0,422693
0,-3,2,0.5,-0.36926,180,0,0,422710
0,-2,2,0.5,-0.36953,180,0,0,422726
-2,-4,1,0.5,-0.37007,180,0,0,422743
0,3,2,0.5,-0.369665,180,0,0,422763
0,0,0,0.5,-0.369665,180,0,0,422775
0,10,2,0.5,-0.368315,180,0,0,422793
0,9,0,0.5,-0.3671,180,0,0,422808
0,10,1,0.5,-0.36575,180,0,0,422825
0,10,1,0.5,-0.3644,180,0,0,422842
0,8,1,0.5,-0.36332,180,0,0,422859
0,3,1,0.5,-0.362915,180,0,0,422875
0,3,1,0.5,-0.36251,180,0,0,422892
0,0,1,0.5,-0.36251,180,0,0,422909
0,-1,1,0.5,-0.362645,180,0,0,422926
0,-2,1,0.5,-0.362915,180,0,0,422942
0,-2,2,0.5,-0.363185,180,0,0,422960
0,-1,1,0.5,-0.36332,180,0,0,422976
0,-1,1,0.5,-0.363455,180,0,0,422992
0,0,1,0.5,-0.363455,180,0,0,423009
0,0,1,0.5,-0.363455,180,0,0,423025
0,1,1,0.5,-0.36332,180,0,0,423042
0,1,1,0.5,-0.363185,180,0,0,423059
0,2,1,0.5,-0.362915,180,0,0,423077
0,1,1,0.5,-0.36278,180,0,0,423094
0,1,1,0.5,-0.362645,180,0,0,423110
0,2,1,0.5,-0.362375,180,0,0,423125
0,2,1,0.5,-0.362105,180,0,0,423142
0,0,0,0.5,-0.362105,180,0,0,423158
0,0,0,0.5,-0.362105,180,0,0,423175
0,0,1,0.5,-0.362105,180,0,0,423192
0,0,1,0.5,-0.362105,180,0,0,423208
0,0,1,0.5,-0.362105,180,0,0,423225
0,0,0,0.5,-0.362105,180,0,0,423241
0,0,1,0.5,-0.362105,180,0,0,423259
0,1,1,0.5,-0.36197,180,0,0,423275
0,1,1,0.5,-0.361835,180,0,0,423292
0,1,0,0.5,-0.3617,180,0,0,423308
0,2,0,0.5,-0.36143,180,0,0,423325
0,1,0,0.5,-0.361295,180,0,0,423342
0,1,1,0.5,-0.36116,180,0,0,423360
-3,1,0,0.5,-0.361025,180,0,0,423375
0,0,0,0.5,-0.361025,180,0,0,423392
0,0,0,0.5,-0.361025,180,0,0,423408
0,0,0,0.5,-0.361025,180,0,0,423425
0,0,0,0.5,-0.361025,180,0,0,423441
0,0,0,0.5,-0.361025,180,0,0,423458
0,0,0,0.5,-0.361025,180,0,0,423475
4,-1,3,0.5,-0.36116,180,0,0,423493
0,0,1,0.5,-0.36116,180,0,0,423511
0,-1,0,0.5,-0.361295,180,0,0,423525
0,-1,0,0.5,-0.36143,180,0,0,423542
0,0,0,0.5,-0.36143,180,0,0,423558
1,0,0,0.5,-0.36143,180,0,0,423577
0,2,0,0.5,-0.36116,180,0,0,423594
0,1,0,0.5,-0.361025,180,0,0,423608
0,0,0,0.5,-0.361025,180,0,0,423625
0,1,0,0.5,-0.36089,180,0,0,423642
0,0,0,0.5,-0.36089,180,0,0,423658
0,0,0,0.5,-0.36089,180,0,0,423675
0,-1,0,0.5,-0.361025,180,0,0,423691
0,-1,0,0.5,-0.36116,180,0,0,423708
0,0,0,0.5,-0.36116,180,0,0,423725
0,0,0,0.5,-0.36116,180,0,0,423741
0,0,0,0.5,-0.36116,180,0,0,423758
0,0,0,0.5,-0.36116,180,0,0,423775
0,0,0,0.5,-0.36116,180,0,0,423791
0,0,0,0.5,-0.36116,180,0,0,423808
0,1,0,0.5,-0.361025,180,0,0,423825
0,0,0,0.5,-0.361025,180,0,0,423841
0,0,0,0.5,-0.361025,180,0,0,423858
0,0,0,0.5,-0.361025,180,0,0,423875
0,0,0,0.5,-0.361025,180,0,0,423891
0,0,0,0.5,-0.361025,180,0,0,423908
0,-2,0,0.5,-0.361295,180,0,0,423925
0,-1,0,0.5,-0.36143,180,0,0,423942
0,0,0,0.5,-0.36143,180,0,0,423958
0,0,0,0.5,-0.36143,180,0,0,423975
0,0,-1,0.5,-0.36143,180,0,0,423992
0,0,-1,0.5,-0.36143,180,0,0,424008
0,0,0,0.5,-0.36143,180,0,0,424025
0,0,0,0.5,-0.36143,180,0,0,424043
0,0,0,0.5,-0.36143,180,0,0,424058
0,-1,0,0.5,-0.361565,180,0,0,424076
0,-1,0,0.5,-0.3617,180,0,0,424091
0,-1,0,0.5,-0.361835,180,0,0,424108
0,0,0,0.5,-0.361835,180,0,0,424125
-3,-1,-2,0.5,-0.36197,180,0,0,424142
0,0,0,0.5,-0.36197,180,0,0,424158
0,0,0,0.5,-0.36197,180,0,0,424175
-1,-1,0,0.5,-0.362105,180,0,0,424192
0,0,0,0.5,-0.362105,180,0,0,424208
0,0,0,0.5,-0.362105,180,0,0,424225
0,1,0,0.5,-0.36197,180,0,0,424242
0,0,-1,0.5,-0.36197,180,0,0,424258
0,0,0,0.5,-0.36197,180,0,0,424275
1,0,0,0.5,-0.36197,180,0,0,424293
0,-1,-1,0.5,-0.362105,180,0,0,424310
0,-1,0,0.5,-0.36224,180,0,0,424325
0,-1,0,0.5,-0.362375,180,0,0,424342
0,-1,0,0.5,-0.36251,180,0,0,424360
0,-1,0,0.5,-0.362645,180,0,0,424376
0,0,0,0.5,-0.362645,180,0,0,424392
0,-1,0,0.5,-0.36278,180,0,0,424409
0,-1,0,0.5,-0.362915,180,0,0,424426
0,0,0,0.5,-0.362915,180,0,0,424442
0,1,0,0.5,-0.36278,180,0,0,424459
0,0,-1,0.5,-0.36278,180,0,0,424475
0,0,0,0.5,-0.36278,180,0,0,424491
0,0,-1,0.5,-0.36278,180,0,0,424508
0,0,0,0.5,-0.36278,180,0,0,424525
0,0,0,0.5,-0.36278,180,0,0,424541
0,-1,0,0.5,-0.362915,180,0,0,424559
0,-2,0,0.5,-0.363185,180,0,0,424576
0,0,0,0.5,-0.363185,180,0,0,424591
0,-1,0,0.5,-0.36332,180,0,0,424608
0,-1,0,0.5,-0.363455,180,0,0,424625
0,-1,0,0.5,-0.36359,180,0,0,424641
0,0,0,0.5,-0.36359,180,0,0,424658
0,0,0,0.5,-0.36359,180,0,0,424675
0,0,-1,0.5,-0.36359,180,0,0,424692
0,0,0,0.5,-0.36359,180,0,0,424708
0,1,0,0.5,-0.363455,180,0,0,424725
0,0,-1,0.5,-0.363455,180,0,0,424742
0,0,0,0.5,-0.363455,180,0,0,424758
0,-1,0,0.5,-0.36359,180,0,0,424777
0,0,0,0.5,-0.36359,180,0,0,424791
0,-2,0,0.5,-0.36386,180,0,0,424808
0,-1,0,0.5,-0.363995,180,0,0,424827
0,-1,0,0.5,-0.36413,180,0,0,424842
0,0,0,0.5,-0.36413,180,0,0,424858
0,-1,0,0.5,-0.364265,180,0,0,424875
0,0,0,0.5,-0.364265,180,0,0,424891
0,0,-1,0.5,-0.364265,180,0,0,424908
0,0,0,0.5,-0.364265,180,0,0,424925
0,0,0,0.5,-0.364265,180,0,0,424941
0,1,0,0.5,-0.36413,180,0,0,424958
0,1,-1,0.5,-0.363995,180,0,0,424975
0,0,0,0.5,-0.363995,180,0,0,424991
0,-1,0,0.5,-0.36413,180,0,0,425009
0,-1,0,0.5,-0.364265,180,0,0,425025
0,-1,0,0.5,-0.3644,180,0,0,425042
0,0,0,0.5,-0.3644,180,0,0,425058
0,-1,0,0.5,-0.364535,180,0,0,425075
0,-1,0,0.5,-0.36467,180,0,0,425091
0,0,0,0.5,-0.36467,180,0,0,425108
0,0,0,0.5,-0.36467,180,0,0,425125
0,-1,0,0.5,-0.364805,180,0,0,425141
0,0,0,0.5,-0.364805,180,0,0,425158
0,0,0,0.5,-0.364805,180,0,0,425175
0,0,0,0.5,-0.364805,180,0,0,425191
0,1,0,0.5,-0.36467,180,0,0,425208
0,1,0,0.5,-0.364535,180,0,0,425225
0,0,0,0.5,-0.364535,180,0,0,425241
0,-1,0,0.5,-0.36467,180,0,0,425258
0,-1,0,0.5,-0.364805,180,0,0,425275
0,0,0,0.5,-0.364805,180,0,0,425291
0,-2,0,0.5,-0.365075,180,0,0,425308
0,0,0,0.5,-0.365075,180,0,0,425325
0,0,0,0.5,-0.365075,180,0,0,425341
0,0,0,0.5,-0.365075,180,0,0,425359
0,-1,0,0.5,-0.36521,180,0,0,425375
0,0,0,0.5,-0.36521,180,0,0,425391
0,0,0,0.5,-0.36521,180,0,0,425408
0,1,0,0.5,-0.365075,180,0,0,425425
0,0,0,0.5,-0.365075,180,0,0,425441
0,0,0,0.5,-0.365075,180,0,0,425458
0,1,0,0.5,-0.36494,180,0,0,425475
0,0,0,0.5,-0.36494,180,0,0,425491
0,0,0,0.5,-0.36494,180,0,0,425508
0,-1,0,0.5,-0.365075,180,0,0,425525
0,-1,0,0.5,-0.36521,180,0,0,425542
0,0,0,0.5,-0.36521,180,0,0,425558
0,0,0,0.5,-0.36521,180,0,0,425575
0,-1,0,0.5,-0.365345,180,0,0,425592
0,0,0,0.5,-0.365345,180,0,0,425608
1,0,0,0.5,-0.365345,180,0,0,425625
0,0,0,0.5,-0.365345,180,0,0,425641
0,0,0,0.5,-0.365345,180,0,0,425658
0,1,0,0.5,-0.36521,180,0,0,425675
0,0,0,0.5,-0.36521,180,0,0,425691
0,0,0,0.5,-0.36521,180,0,0,425708
0,0,0,0.5,-0.36521,180,0,0,425725
0,0,0,0.5,-0.36521,180,0,0,425741
0,0,0,0.5,-0.36521,180,0,0,425758
0,0,0,0.5,-0.36521,180,0,0,425775
0,0,0,0.5,-0.36521,180,0,0,425791
0,0,0,0.5,-0.36521,180,0,0,425808
0,0,0,0.5,-0.36521,180,0,0,425825
0,0,0,0.5,-0.36521,180,0,0,425841
0,-1,0,0.5,-0.365345,180,0,0,425859
0,0,0,0.5,-0.365345,180,0,0,425875
0,0,0,0.5,-0.365345,180,0,0,425891
-1,0,0,0.5,-0.365345,180,0,0,425908
0,0,0,0.5,-0.365345,180,0,0,425925
0,3,0,0.5,-0.36494,180,0,0,425942
0,0,0,0.5,-0.36494,180,0,0,425958
0,0,0,0.5,-0.36494,180,0,0,425975
0,0,0,0.5,-0.36494,180,0,0,425991
0,0,0,0.5,-0.36494,180,0,0,426008
0,-1,1,0.5,-0.365075,180,0,0,426025
0,0,0,0.5,-0.365075,180,0,0,426041
0,0,0,0.5,-0.365075,180,0,0,426058
0,0,0,0.5,-0.365075,180,0,0,426076
0,0,0,0.5,-0.365075,180,0,0,426091
0,0,0,0.5,-0.365075,180,0,0,426108
0,0,0,0.5,-0.365075,180,0,0,426125
0,-1,0,0.5,-0.36521,180,0,0,426142
0,0,0,0.5,-0.36521,180,0,0,426158
0,0,0,0.5,-0.36521,180,0,0,426175
0,0,0,0.5,-0.36521,180,0,0,426191
0,1,0,0.5,-0.365075,180,0,0,426208
0,0,0,0.5,-0.365075,180,0,0,426225
0,1,0,0.5,-0.36494,180,0,0,426242
0,1,0,0.5,-0.364805,180,0,0,426258
0,1,0,0.5,-0.36467,180,0,0,426275
0,0,0,0.5,-0.36467,180,0,0,426291
0,-1,0,0.5,-0.364805,180,0,0,426308
0,-1,0,0.5,-0.36494,180,0,0,426325
0,0,0,0.5,-0.36494,180,0,0,426341
0,0,0,0.5,-0.36494,180,0,0,426358
0,0,0,0.5,-0.36494,180,0,0,426376
0,0,0,0.5,-0.36494,180,0,0,426391
0,0,0,0.5,-0.36494,180,0,0,426410
0,0,0,0.5,-0.36494,180,0,0,426425
0,0,0,0.5,-0.36494,180,0,0,426441
0,0,0,0.5,-0.36494,180,0,0,426458
0,2,0,0.5,-0.36467,180,0,0,426475
0,1,0,0.5,-0.364535,180,0,0,426491
0,0,0,0.5,-0.364535,180,0,0,426508
0,1,0,0.5,-0.3644,180,0,0,426525
0,0,0,0.5,-0.3644,180,0,0,426541
0,-2,0,0.5,-0.36467,180,0,0,426559
0,-1,0,0.5,-0.364805,180,0,0,426575
0,0,0,0.5,-0.364805,180,0,0,426591
0,0,0,0.5,-0.364805,180,0,0,426608
0,0,0,0.5,-0.364805,180,0,0,426624
0,0,0,0.5,-0.364805,180,0,0,426641
0,0,0,0.5,-0.364805,180,0,0,426658
0,0,0,0.5,-0.364805,180,0,0,426674
0,0,0,0.5,-0.364805,180,0,0,426691
0,0,0,0.5,-0.364805,180,0,0,426708
0,-1,0,0.5,-0.36494,180,0,0,426725
0,1,0,0.5,-0.364805,180,0,0,426741
0,0,0,0.5,-0.364805,180,0,0,426758
0,1,0,0.5,-0.36467,180,0,0,426775
0,1,0,0.5,-0.364535,180,0,0,426791
0,0,0,0.5,-0.364535,180,0,0,426808
0,0,0,0.5,-0.364535,180,0,0,426824
0,-1,0,0.5,-0.36467,180,0,0,426842
0,0,0,0.5,-0.36467,180,0,0,426859
0,0,0,0.5,-0.36467,180,0,0,426875
0,0,0,0.5,-0.36467,180,0,0,426891
0,0,0,0.5,-0.36467,180,0,0,426908
0,0,0,0.5,-0.36467,180,0,0,426924
0,0,0,0.5,-0.36467,180,0,0,426941
0,0,0,0.5,-0.36467,180,0,0,426958
0,0,0,0.5,-0.36467,180,0,0,426974
0,0,0,0.5,-0.36467,180,0,0,426991
0,1,0,0.5,-0.364535,180,0,0,427009
-2,0,0,0.5,-0.364535,180,0,0,427025
0,1,0,0.5,-0.3644,180,0,0,427041
0,0,0,0.5,-0.3644,180,0,0,427058
0,0,0,0.5,-0.3644,180,0,0,427074
-1,0,0,0.5,-0.3644,180,0,0,427091
0,0,0,0.5,-0.3644,180,0,0,427108
0,-1,0,0.5,-0.364535,180,0,0,427125
0,0,0,0.5,-0.364535,180,0,0,427141
0,0,0,0.5,-0.364535,180,0,0,427158
0,0,0,0.5,-0.364535,180,0,0,427175
0,0,0,0.5,-0.364535,180,0,0,427191
0,0,0,0.5,-0.364535,180,0,0,427208
0,0,0,0.5,-0.364535,180,0,0,427225
0,0,0,0.5,-0.364535,180,0,0,427241
0,0,0,0.5,-0.364535,180,0,0,427258
0,1,0,0.5,-0.3644,180,0,0,427275
0,0,0,0.5,-0.3644,180,0,0,427291
0,1,0,0.5,-0.364265,180,0,0,427308
0,0,0,0.5,-0.364265,180,0,0,427325
0,0,0,0.5,-0.364265,180,0,0,427342
0,0,0,0.5,-0.364265,180,0,0,427358
0,0,0,0.5,-0.364265,180,0,0,427376
0,-2,0,0.5,-0.364535,180,0,0,427391
0,-1,0,0.5,-0.36467,180,0,0,427408
0,0,0,0.5,-0.36467,180,0,0,427425
0,-1,0,0.5,-0.364805,180,0,0,427442
0,0,0,0.5,-0.364805,180,0,0,427459
0,0,0,0.5,-0.364805,180,0,0,427474
0,0,0,0.5,-0.364805,180,0,0,427491
0,0,0,0.5,-0.364805,180,0,0,427508
0,-2,0,0.5,-0.365075,180,0,0,427525
0,-1,0,0.5,-0.36521,180,0,0,427541
0,-2,0,0.5,-0.36548,180,0,0,427558
0,0,0,0.5,-0.36548,180,0,0,427574
0,0,0,0.5,-0.36548,180,0,0,427591
0,0,0,0.5,-0.36548,180,0,0,427608
0,7,0,0.5,-0.364535,180,0,0,427625
0,4,0,0.5,-0.363995,180,0,0,427641
0,2,0,0.5,-0.363725,180,0,1,427658
0,2,0,0.5,-0.363455,180,0,1,427675
0,1,0,0.5,-0.36332,180,0,1,427692
0,0,1,0.5,-0.36332,180,0,0,427709
0,-1,0,0.5,-0.363455,180,0,0,427725
0,-5,0,0.5,-0.36413,180,0,0,427742
0,-5,0,0.5,-0.364805,180,0,0,427761
0,-5,0,0.5,-0.36548,180,0,0,427775
0,-7,0,0.5,-0.366425,180,0,0,427792
0,-7,0,0.5,-0.36737,180,0,0,427808
0,-8,-1,0.5,-0.36845,180,0,0,427825
0,-9,0,0.5,-0.369665,180,0,0,427842
0,-9,0,0.5,-0.37088,180,0,0,427858
0,-6,-1,0.5,-0.37169,180,0,0,427875
0,-6,-2,0.5,-0.3725,180,0,0,427894
0,-4,-3,0.5,-0.37304,180,0,0,427910
-1,-4,-3,0.5,-0.37358,180,0,0,427926
-1,-3,-3,0.5,-0.373985,180,0,0,427943
0,-3,-3,0.5,-0.37439,180,0,0,427960
0,-4,-4,0.5,-0.37493,180,0,0,427977
0,-6,-3,0.5,-0.37574,180,0,0,427993
0,-3,-3,0.5,-0.376145,180,0,0,428011
0,1,-3,0.5,-0.37601,180,0,0,428026
0,7,0,0.5,-0.375065,180,0,0,428042
0,8,0,0.5,-0.373985,180,0,0,428061
0,9,2,0.5,-0.37277,180,0,0,428077
0,10,3,0.5,-0.37142,180,0,0,428095
0,11,5,0.5,-0.369935,180,0,0,428112
0,11,6,0.5,-0.36845,180,0,0,428131
0,11,7,0.5,-0.366965,180,0,0,428145
0,11,8,0.5,-0.36548,180,0,0,428163
0,10,8,0.5,-0.36413,180,0,0,428177
0,5,6,0.5,-0.363455,180,0,0,428194
0,-2,4,0.5,-0.363725,180,0,0,428210
0,-1,3,0.5,-0.36386,180,0,0,428226
0,-1,1,0.5,-0.363995,180,0,0,428242
0,0,0,0.5,-0.363995,180,0,0,428258
0,-3,-2,0.5,-0.3644,180,0,0,428276
0,1,-3,0.5,-0.364265,180,0,0,428292
-1,2,-4,0.5,-0.363995,180,0,0,428311
-2,2,-7,0.5,-0.363725,180,0,0,428326
2,4,-6,0.5,-0.363185,180,0,0,428343
-1,8,-4,0.5,-0.362105,180,0,0,428363
0,14,-4,0.5,-0.360215,180,0,0,428377
0,18,-2,0.5,-0.357785,180,0,0,428393
1,21,0,0.5,-0.35495,180,0,0,428409
1,40,2,0.5,-0.34955,180,0,0,428426
0,20,2,0.5,-0.34685,180,0,0,428443
-1,21,2,0.5,-0.344015,180,0,0,428462
0,21,2,0.5,-0.34118,180,0,0,428476
0,23,3,0.5,-0.338075,180,0,1,428493
0,22,3,0.5,-0.335105,180,0,1,428510
0,19,3,0.5,-0.33254,180,0,1,428526
0,14,2,0.5,-0.33065,180,0,0,428543
0,9,2,0.5,-0.329435,180,0,0,428562
0,8,2,0.5,-0.328355,180,0,0,428575
0,6,1,0.5,-0.327545,180,0,0,428592
0,5,1,0.5,-0.32687,180,0,0,428611
0,6,1,0.5,-0.32606,180,0,0,428626
0,5,0,0.5,-0.325385,180,0,0,428643
0,6,0,0.5,-0.324575,180,0,0,428660
0,4,0,0.5,-0.324035,180,0,0,428675
0,2,0,0.5,-0.323765,180,0,0,428692
0,3,-1,0.5,-0.32336,180,0,0,428710
0,2,-2,0.5,-0.32309,180,0,0,428725
0,2,-3,0.5,-0.32282,180,0,0,428743
0,4,-4,0.5,-0.32228,180,0,0,428761
0,8,-6,0.5,-0.3212,180,0,0,428776
0,13,-5,0.5,-0.319445,180,0,0,428793
2,43,-5,0.5,-0.31364,180,0,0,428815
0,20,0,0.5,-0.31094,180,0,0,428826
0,18,0,0.5,-0.30851,180,0,0,428842
0,15,0,0.5,-0.306485,180,0,0,428859
0,16,0,0.5,-0.304325,180,0,0,428875
0,17,0,0.5,-0.30203,180,0,0,428892
0,14,1,0.5,-0.30014,180,0,0,428911
0,11,1,0.5,-0.298655,180,0,0,428926
0,7,1,0.5,-0.29771,180,0,0,428946
0,1,1,0.5,-0.297575,180,0,0,428961
0,-5,2,0.5,-0.29825,180,0,0,428977
1,-7,3,0.5,-0.299195,180,0,0,428996
0,-10,2,0.5,-0.300545,180,0,0,429009
0,-12,1,0.5,-0.302165,180,0,0,429025
0,-16,2,0.5,-0.304325,180,0,0,429044
0,-17,2,0.5,-0.30662,180,0,0,429061
0,-16,0,0.5,-0.30878,180,0,0,429075
0,-16,0,0.5,-0.31094,180,0,0,429092
0,-11,0,0.5,-0.312425,180,0,0,429109
-1,-9,-1,0.5,-0.31364,180,0,0,429125
0,-8,-2,0.5,-0.31472,180,0,0,429143
1,-6,-2,0.5,-0.31553,180,0,0,429160
0,-1,-4,0.5,-0.315665,180,0,0,429176
0,2,-3,0.5,-0.315395,180,0,0,429193
0,6,-4,0.5,-0.314585,180,0,0,429210
0,18,-5,0.5,-0.312155,180,0,0,429226
0,19,-7,0.5,-0.30959,180,0,0,429248
0,28,-5,0.5,-0.30581,180,0,0,429260
0,35,-5,0.5,-0.301085,180,0,0,429276
0,45,-4,0.5,-0.29501,180,0,0,429293
0,44,-1,0.5,-0.28907,180,0,0,429310
0,34,0,0.5,-0.28448,180,0,0,429325
0,26,1,0.5,-0.28097,180,0,0,429343
0,22,2,0.5,-0.278,180,0,0,429359
0,18,2,0.5,-0.27557,180,0,0,429375
0,18,2,0.5,-0.27314,180,0,0,429392
0,17,2,0.5,-0.270845,180,0,0,429409
0,17,3,0.5,-0.26855,180,0,0,429426
0,20,3,0.5,-0.26585,180,0,0,429442
0,23,3,0.5,-0.262745,180,0,0,429460
0,26,2,0.5,-0.259235,180,0,0,429476
0,28,2,0.5,-0.255455,180,0,1,429493
0,30,0,0.5,-0.251405,180,0,1,429508
0,31,0,0.5,-0.24722,180,1,1,429525
0,33,0,0.5,-0.242765,180,1,1,429542
0,31,0,0.5,-0.23858,180,1,1,429559
0,31,0,0.5,-0.234395,180,0,0,429575
0,30,1,0.5,-0.230345,180,0,0,429592
0,27,2,0.5,-0.2267,180,0,0,429608
0,50,3,0.5,-0.21995,180,0,0,429626
0,24,4,0.5,-0.21671,180,0,0,429643
0,24,1,0.5,-0.21347,180,0,0,429660
0,23,1,0.5,-0.210365,180,0,0,429676
0,23,0,0.5,-0.20726,180,0,1,429692
0,23,0,0.5,-0.204155,180,0,1,429708
0,20,-1,0.5,-0.201455,180,0,1,429727
0,16,-1,0.5,-0.199295,180,0,1,429743
0,5,0,0.5,-0.19862,180,0,1,429759
0,1,0,0.5,-0.198485,180,0,1,429776
0,-6,0,0.5,-0.199295,180,0,1,429791
0,-8,0,0.5,-0.200375,180,0,1,429810
0,-9,1,0.5,-0.20159,180,0,1,429825
0,-8,1,0.5,-0.20267,180,0,1,429842
0,-6,1,0.5,-0.20348,180,0,1,429858
0,-3,0,0.5,-0.203885,180,0,1,429875
0,0,1,0.5,-0.203885,180,0,0,429894
0,0,0,0.5,-0.203885,180,0,0,429908
0,0,0,0.5,-0.203885,180,0,0,429924
0,3,0,0.5,-0.20348,180,0,0,429941
0,1,0,0.5,-0.203345,180,0,1,429959
0,0,0,0.5,-0.203345,180,0,1,429975
0,0,0,0.5,-0.203345,180,0,0,429991
0,0,0,0.5,-0.203345,180,0,0,430008
0,0,1,0.5,-0.203345,180,0,0,430025
0,1,1,0.5,-0.20321,180,0,0,430042
0,1,0,0.5,-0.203075,180,0,1,430058
0,1,1,0.5,-0.20294,180,0,1,430075
0,2,0,0.5,-0.20267,180,0,0,430091
0,0,0,0.5,-0.20267,180,0,0,430108
0,0,0,0.5,-0.20267,180,0,0,430124
0,0,0,0.5,-0.20267,180,0,0,430143
0,1,0,0.5,-0.202535,180,0,0,430158
0,2,0,0.5,-0.202265,180,0,1,430176
0,1,0,0.5,-0.20213,180,0,1,430191
0,3,0,0.5,-0.201725,180,0,0,430209
0,0,0,0.5,-0.201725,180,0,0,430225
0,0,0,0.5,-0.201725,180,0,0,430241
0,0,0,0.5,-0.201725,180,0,0,430258
0,0,0,0.5,-0.201725,180,0,0,430274
0,1,0,0.5,-0.20159,180,0,1,430291
0,1,0,0.5,-0.201455,180,0,1,430308
-3,2,1,0.5,-0.201185,180,0,0,430325
0,2,0,0.5,-0.200915,180,0,0,430341
0,0,0,0.5,-0.200915,180,0,0,430358
0,0,0,0.5,-0.200915,180,0,0,430375
0,1,0,0.5,-0.20078,180,0,1,430391
0,1,0,0.5,-0.200645,180,0,1,430410
0,4,0,0.5,-0.200105,180,0,1,430426
0,2,0,0.5,-0.199835,180,0,0,430441
0,0,0,0.5,-0.199835,180,0,0,430458
0,0,0,0.5,-0.199835,180,0,0,430475
0,0,0,0.5,-0.199835,180,0,0,430491
-1,0,0,0.5,-0.199835,180,0,1,430508
0,2,0,0.5,-0.199565,180,0,1,430525
0,2,0,0.5,-0.199295,180,0,1,430541
0,1,1,0.5,-0.19916,180,0,0,430559
0,1,0,0.5,-0.199025,180,0,0,430577
0,0,0,0.5,-0.199025,180,0,0,430591
0,0,0,0.5,-0.199025,180,0,0,430608
0,2,0,0.5,-0.198755,180,0,1,430627
0,2,0,0.5,-0.198485,180,0,1,430641
0,2,0,0.5,-0.198215,180,0,1,430658
0,2,0,0.5,-0.197945,180,0,0,430675
0,1,0,0.5,-0.19781,180,0,0,430691
-2,-2,0,0.5,-0.19808,180,0,0,430708
0,0,0,0.5,-0.19808,180,0,0,430724
0,0,0,0.5,-0.19808,180,0,0,430741
0,1,0,0.5,-0.197945,180,0,1,430758
0,2,0,0.5,-0.197675,180,0,1,430775
0,2,0,0.5,-0.197405,180,0,0,430791
0,1,0,0.5,-0.19727,180,0,0,430808
0,0,0,0.5,-0.19727,180,0,0,430824
0,0,0,0.5,-0.19727,180,0,0,430841
0,0,0,0.5,-0.19727,180,0,0,430858
0,2,0,0.5,-0.197,180,0,1,430875
0,3,0,0.5,-0.196595,180,0,1,430891
0,3,0,0.5,-0.19619,180,0,1,430908
0,2,0,0.5,-0.19592,180,0,0,430925
0,0,0,0.5,-0.19592,180,0,0,430941
0,0,0,0.5,-0.19592,180,0,0,430958
0,1,0,0.5,-0.195785,180,0,0,430975
0,4,0,0.5,-0.195245,180,0,1,430991
0,4,0,0.5,-0.194705,180,0,1,431008
0,4,0,0.5,-0.194165,180,0,1,431025
0,3,0,0.5,-0.19376,180,0,0,431041
0,1,1,0.5,-0.193625,180,0,0,431058
0,0,1,0.5,-0.193625,180,0,0,431075
0,1,0,0.5,-0.19349,180,0,0,431091
0,3,0,0.5,-0.193085,180,0,0,431108
0,6,0,0.5,-0.192275,180,0,1,431125
0,7,0,0.5,-0.19133,180,0,1,431141
0,6,0,0.5,-0.19052,180,0,1,431158
0,6,1,0.5,-0.18971,180,0,0,431175
0,5,1,0.5,-0.189035,180,0,0,431191
0,5,1,0.5,-0.18836,180,0,0,431209
0,16,3,0.5,-0.1862,180,0,0,431227
0,10,1,0.5,-0.18485,180,0,0,431242
0,12,2,0.5,-0.18323,180,0,1,431259
0,12,1,0.5,-0.18161,180,0,1,431275
0,10,1,0.5,-0.18026,180,0,1,431293
0,8,1,0.5,-0.17918,180,0,0,431312
0,5,1,0.5,-0.178505,180,0,0,431327
0,3,1,0.5,-0.1781,180,0,0,431343
0,3,1,0.5,-0.177695,180,0,0,431359
0,5,2,0.5,-0.17702,180,0,0,431378
0,6,2,0.5,-0.17621,180,0,1,431392
0,9,2,0.5,-0.174995,180,0,1,431409
0,10,2,0.5,-0.173645,180,0,1,431426
0,11,3,0.5,-0.17216,180,0,1,431442
0,10,3,0.5,-0.17081,180,0,0,431459
0,10,3,0.5,-0.16946,180,0,0,431476
0,9,3,0.5,-0.168245,180,0,0,431492
0,8,3,0.5,-0.167165,180,0,0,431510
0,10,3,0.5,-0.165815,180,0,0,431526
0,10,3,0.5,-0.164465,180,0,1,431542
0,11,3,0.5,-0.16298,180,0,1,431562
0,13,3,0.5,-0.161225,180,0,1,431575
0,12,3,0.5,-0.159605,180,0,1,431592
0,14,3,0.5,-0.157715,180,0,1,431609
0,12,3,0.5,-0.156095,180,0,0,431627
0,25,7,0.5,-0.15272,180,0,0,431643
0,14,3,0.5,-0.15083,180,0,0,431660
0,16,2,0.5,-0.14867,180,0,0,431676
0,17,2,0.5,-0.146375,180,0,0,431692
0,18,2,0.5,-0.143945,180,0,1,431710
0,20,3,0.5,-0.141245,180,0,1,431729
0,19,4,0.5,-0.13868,180,0,1,431742
0,12,4,0.5,-0.13706,180,0,1,431759
0,7,4,0.5,-0.136115,180,0,0,431777
0,5,4,0.5,-0.13544,180,0,0,431793
0,6,4,0.5,-0.13463,180,0,0,431811
0,10,4,0.5,-0.13328,180,0,0,431828
0,12,3,0.5,-0.13166,180,0,0,431843
0,14,2,0.5,-0.12977,180,0,1,431860
0,17,2,0.5,-0.127475,180,0,1,431876
0,18,2,0.5,-0.125045,180,0,1,431893
-1,22,1,0.5,-0.122075,180,0,1,431910
0,24,2,0.5,-0.118835,180,0,0,431930
0,24,2,0.5,-0.115595,180,0,0,431943
0,23,3,0.5,-0.11249,180,0,0,431961
0,21,2,0.5,-0.109655,180,0,0,431977
0,19,3,0.5,-0.10709,180,0,0,431993
0,17,2,0.5,-0.104795,180,0,0,432012
2,14,2,0.5,-0.102905,180,0,1,432029
-2,26,4,0.5,-0.099395,180,0,1,432044
0,14,3,0.5,-0.097505,180,0,1,432060
0,14,3,0.5,-0.095615,180,0,1,432076
0,14,4,0.5,-0.093725,180,0,0,432093
0,13,3,0.5,-0.09197,180,0,0,432110
0,13,3,0.5,-0.090215,180,0,0,432127
0,15,2,0.5,-0.08819,180,0,0,432142
0,15,2,0.5,-0.086165,180,0,0,432161
0,17,1,0.5,-0.08387,180,0,0,432176
0,16,0,0.5,-0.08171,180,0,0,432191
0,16,0,0.5,-0.07955,180,0,0,432209
0,16,0,0.5,-0.07739,180,0,0,432225
0,18,0,0.5,-0.07496,180,0,0,432241
0,17,0,0.5,-0.072665,180,0,0,432260
0,20,-1,0.5,-0.069965,180,0,0,432277
0,18,0,0.5,-0.067535,180,0,0,432291
0,20,1,0.5,-0.064835,180,0,0,432310
0,22,3,0.5,-0.061865,180,0,0,432325
0,24,2,0.5,-0.058625,180,0,0,432342
0,26,2,0.5,-0.055115,180,0,0,432359
0,29,0,0.5,-0.0512,180,0,0,432375
0,28,1,0.5,-0.04742,180,0,0,432392
0,27,1,0.5,-0.043775,180,0,0,432409
0,27,2,0.5,-0.04013,180,0,0,432426
0,48,3,0.5,-0.03365,180,0,0,432443
0,22,0,0.5,-0.03068,180,0,0,432459
0,23,0,0.5,-0.027575,180,0,0,432475
0,23,0,0.5,-0.02447,180,0,1,432492
0,23,-1,0.5,-0.021365,180,0,1,432509
0,24,-1,0.5,-0.018125,180,0,1,432526
0,24,-1,0.5,-0.014885,180,0,1,432541
0,22,-1,0.5,-0.011915,180,0,1,432559
0,20,0,0.5,-0.009215,180,0,0,432575
0,19,2,0.5,-0.00665,180,0,0,432593
0,22,2,0.5,-0.00368,180,0,0,432610
0,21,2,0.5,-0.000845,180,0,0,432626
0,24,2,0.5,0.002395,180,0,0,432642
0,27,2,0.5,0.00604,180,0,0,432659
0,29,0,0.5,0.009955,180,0,0,432676
0,32,0,0.5,0.014275,180,0,0,432692
0,34,0,0.5,0.018865,180,0,0,432708
0,35,0,0.5,0.02359,180,0,0,432725
0,36,0,0.5,0.02845,180,0,0,432741
0,39,0,0.5,0.033715,180,0,0,432758
0,40,0,0.5,0.039115,180,0,0,432774
0,38,0,0.5,0.044245,180,0,0,432792
0,39,0,0.5,0.04951,180,0,0,432808
0,37,0,0.5,0.054505,180,0,1,432825
0,73,0,0.5,0.06436,180,0,1,432841
0,36,0,0.5,0.06922,180,0,1,432858
0,30,0,0.5,0.07327,180,0,0,432875
0,26,0,0.5,0.07678,180,0,0,432891
0,24,0,0.5,0.08002,180,0,0,432908
0,25,1,0.5,0.083395,180,0,0,432925
0,25,0,0.5,0.08677,180,0,0,432941
0,25,0,0.5,0.090145,180,0,0,432958
0,26,-2,0.5,0.093655,180,0,0,432977
0,29,-1,0.5,0.09757,180,0,0,432992
0,29,0,0.5,0.101485,180,0,0,433008
-1,30,0,0.5,0.105535,180,0,0,433025
0,33,0,0.5,0.10999,180,0,0,433042
0,34,0,0.5,0.11458,180,0,0,433058
0,33,0,0.5,0.119035,180,0,0,433075
0,32,0,0.5,0.123355,180,0,0,433091
0,29,0,0.5,0.12727,180,0,0,433108
0,28,2,0.5,0.13105,180,0,0,433125
0,24,2,0.5,0.13429,180,0,0,433143
0,17,2,0.5,0.136585,180,0,0,433162
0,10,2,0.5,0.137935,180,0,0,433175
0,4,2,0.5,0.138475,180,0,0,433195
0,1,3,0.5,0.13861,180,0,0,433209
0,-7,2,0.5,0.137665,180,0,0,433226
0,-21,1,0.5,0.13483,180,0,0,433242
0,-11,-1,0.5,0.133345,180,0,0,433261
0,-10,-3,0.5,0.131995,180,0,0,433276
0,-5,-5,0.5,0.13132,180,0,0,433294
0,0,-6,0.5,0.13132,180,0,0,433313
0,5,-7,0.5,0.131995,180,0,0,433326
0,9,-6,0.5,0.13321,180,0,0,433343
1,10,-6,0.5,0.13456,180,0,0,433360
0,15,-5,0.5,0.136585,180,0,0,433376
0,18,-5,0.5,0.139015,180,0,0,433393
0,22,-5,0.5,0.141985,180,0,0,433411
0,31,-5,0.5,0.14617,180,0,0,433427
-1,38,-3,0.5,0.1513,180,0,0,433443
0,43,-1,0.5,0.157105,180,0,0,433463
0,43,1,0.5,0.16291,180,0,0,433475
0,42,3,0.5,0.16858,180,0,0,433493
0,38,3,0.5,0.17371,180,0,0,433513
1,33,3,0.5,0.178165,180,0,0,433526
0,31,3,0.5,0.18235,180,0,0,433542
0,32,3,0.5,0.18667,180,0,0,433563
0,34,2,0.5,0.19126,180,0,1,433576
0,36,2,0.5,0.19612,180,0,1,433592
0,76,1,0.5,0.20638,180,0,1,433611
0,0,0,0.5,0.20638,180,0,1,433624
0,66,3,0.5,0.21529,180,0,0,433642
0,30,5,0.5,0.21934,180,0,0,433661
0,31,3,0.5,0.223525,180,0,0,433676
0,30,2,0.5,0.227575,180,0,0,433694
-1,30,2,0.5,0.231625,180,0,0,433710
0,31,0,0.5,0.23581,180,0,0,433726
0,32,0,0.5,0.24013,180,0,0,433741
0,31,2,0.5,0.244315,180,0,0,433763
0,33,3,0.5,0.24877,180,0,0,433776
0,34,4,0.5,0.25336,180,0,0,433792
0,34,3,0.5,0.25795,180,0,0,433809
0,34,3,0.5,0.26254,180,0,0,433826
-2,32,4,0.5,0.26686,180,0,0,433843
0,37,4,0.5,0.271855,180,0,0,433864
0,40,4,0.5,0.277255,180,0,0,433877
0,42,5,0.5,0.282925,180,0,0,433892
0,42,5,0.5,0.288595,180,0,0,433911
0,43,4,0.5,0.2944,180,0,0,433926
0,40,3,0.5,0.2998,180,0,0,433943
1,42,5,0.5,0.30547,180,0,1,433959
0,40,4,0.5,0.31087,180,0,1,433977
0,32,4,0.5,0.31519,180,0,1,433993
0,26,4,0.5,0.3187,180,0,0,434009
0,18,3,0.5,0.32113,180,0,0,434025
0,15,3,0.5,0.323155,180,0,0,434043
0,32,4,0.5,0.327475,180,0,0,434062
0,21,2,0.5,0.33031,180,0,0,434077
0,25,2,0.5,0.333685,180,0,0,434093
0,26,1,0.5,0.337195,180,0,1,434110
0,28,2,0.5,0.340975,180,0,1,434127
1,28,4,0.5,0.344755,180,0,1,434144
1,24,2,0.5,0.347995,180,0,1,434160
0,21,2,0.5,0.35083,180,0,0,434178
0,17,2,0.5,0.353125,180,0,0,434193
0,14,1,0.5,0.355015,180,0,0,434211
0,13,1,0.5,0.35677,180,0,0,434226
0,14,1,0.5,0.35866,180,0,0,434242
0,18,3,0.5,0.36109,180,0,0,434259
0,21,3,0.5,0.363925,180,0,0,434276
1,24,5,0.5,0.367165,180,0,0,434293
1,27,4,0.5,0.37081,180,0,0,434312
0,27,5,0.5,0.374455,180,0,0,434327
-3,31,3,0.5,0.37864,180,0,1,434342
-1,31,4,0.5,0.382825,180,0,1,434359
2,34,4,0.5,0.387415,180,0,1,434376
0,33,5,0.5,0.39187,180,0,1,434394
0,32,5,0.5,0.39619,180,0,0,434410
0,30,4,0.5,0.40024,180,0,0,434426
1,30,5,0.5,0.40429,180,0,0,434443
0,58,8,0.5,0.41212,180,0,0,434464
0,30,3,0.5,0.41617,180,0,0,434481
0,28,4,0.5,0.41995,180,0,0,434493
0,21,2,0.5,0.422785,180,0,0,434510
0,18,3,0.5,0.425215,180,0,0,434527
0,16,3,0.5,0.427375,180,0,0,434545
0,13,4,0.5,0.42913,180,0,0,434560
0,8,4,0.5,0.43021,180,0,0,434577
0,4,6,0.5,0.43075,180,0,0,434595
0,1,5,0.5,0.430885,180,0,0,434610
-3,0,5,0.5,0.430885,180,0,0,434626
0,5,4,0.5,0.43156,180,0,0,434645
0,8,4,0.5,0.43264,180,0,1,434661
0,11,3,0.5,0.434125,180,0,1,434677
0,14,2,0.5,0.436015,180,0,1,434692
0,15,2,0.5,0.43804,180,0,1,434708
0,17,2,0.5,0.440335,180,0,0,434728
0,19,4,0.5,0.4429,180,0,0,434745
0,18,5,0.5,0.44533,180,0,0,434761
0,16,5,0.5,0.44749,180,0,0,434776
0,15,7,0.5,0.449515,180,0,0,434794
0,15,7,0.5,0.45154,180,0,1,434813
0,37,15,0.5,0.456535,180,0,1,434830
0,22,8,0.5,0.459505,180,0,1,434846
0,26,7,0.5,0.463015,180,0,1,434860
0,28,7,0.5,0.466795,180,0,1,434876
-1,25,6,0.5,0.47017,180,0,0,434894
5,22,10,0.5,0.47314,180,0,0,434911
0,18,8,0.5,0.47557,180,0,0,434926
0,19,10,0.5,0.478135,180,0,0,434944
0,23,10,0.5,0.48124,180,0,1,434962
0,24,9,0.5,0.48448,180,0,1,434978
0,24,8,0.5,0.48772,180,0,1,434999
0,23,7,0.5,0.490825,180,0,1,435012
0,21,7,0.5,0.49366,180,0,0,435027
0,18,6,0.5,0.49609,180,0,0,435043
0,18,6,0.5,0.49852,180,0,0,435060
0,20,6,0.5,0.50122,180,0,0,435076
0,21,6,0.5,0.504055,180,0,1,435094
0,25,6,0.5,0.50743,180,0,1,435111
-1,24,7,0.5,0.51067,180,0,1,435126
0,24,6,0.5,0.51391,180,0,1,435145
0,17,7,0.5,0.516205,180,0,0,435161
0,15,7,0.5,0.51823,180,0,0,435177
0,25,15,0.5,0.521605,180,0,0,435201
0,0,0,0.5,0.521605,180,0,0,435208
0,14,8,0.5,0.523495,180,0,1,435228
0,17,8,0.5,0.52579,180,0,1,435247
-1,40,16,0.5,0.53119,180,0,1,435264
0,20,8,0.5,0.53389,180,0,1,435277
0,18,6,0.5,0.53632,180,0,1,435294
0,13,7,0.5,0.538075,180,0,0,435311
0,12,6,0.5,0.539695,180,0,0,435326
0,10,5,0.5,0.541045,180,0,0,435344
0,9,6,0.5,0.54226,180,0,0,435361
0,9,6,0.5,0.543475,180,0,1,435377
0,10,6,0.5,0.544825,180,0,1,435396
0,11,7,0.5,0.54631,180,0,1,435411
0,8,6,0.5,0.54739,180,0,1,435427
0,6,6,0.5,0.5482,180,0,0,435450
0,5,6,0.5,0.548875,180,0,0,435461
0,6,6,0.5,0.549685,180,0,0,435476
0,7,6,0.5,0.55063,180,0,0,435494
-1,11,6,0.5,0.552115,180,0,1,435510
0,12,5,0.5,0.553735,180,0,1,435526
1,12,5,0.5,0.555355,180,0,1,435548
0,10,4,0.5,0.556705,180,0,0,435562
0,7,4,0.5,0.55765,180,0,0,435576
0,4,5,0.5,0.55819,180,0,0,435593
0,3,4,0.5,0.558595,180,0,0,435610
-6,3,2,0.5,0.559,180,0,0,435626
0,16,9,0.5,0.56116,180,0,1,435644
0,9,5,0.5,0.562375,180,0,1,435661
0,10,5,0.5,0.563725,180,0,1,435676
0,9,2,0.5,0.56494,180,0,1,435693
0,8,10,0.5,0.56602,180,0,0,435711
0,8,6,0.5,0.5671,180,0,0,435726
0,9,5,0.5,0.568315,180,0,0,435743
0,12,5,0.5,0.569935,180,0,0,435760
0,12,5,0.5,0.571555,180,0,1,435777
0,11,5,0.5,0.57304,180,0,1,435793
0,9,5,0.5,0.574255,180,0,1,435810
0,7,5,0.5,0.5752,180,0,1,435826
0,5,6,0.5,0.575875,180,0,0,435846
-2,4,2,0.5,0.576415,180,0,0,435859
-1,2,4,0.5,0.576685,180,0,0,435877
0,2,3,0.5,0.576955,180,0,0,435893
-5,1,0,0.5,0.57709,180,0,0,435908
4,0,5,0.5,0.57709,180,0,1,435926
1,-1,1,0.5,0.576955,180,0,1,435942
0,-4,2,0.5,0.576415,180,0,1,435959
0,-5,3,0.5,0.57574,180,0,0,435978
0,-3,3,0.5,0.575335,180,0,0,435993
0,-1,8,0.5,0.5752,180,0,0,436011
0,0,3,0.5,0.5752,180,0,0,436026
0,1,3,0.5,0.575335,180,0,0,436042
0,2,2,0.5,0.575605,180,0,1,436059
0,1,2,0.5,0.57574,180,0,1,436076
0,-1,3,0.5,0.575605,180,0,1,436094
0,-1,3,0.5,0.57547,180,0,0,436111
0,-5,3,0.5,0.574795,180,0,0,436126
0,-5,3,0.5,0.57412,180,0,0,436142
0,-9,3,0.5,0.572905,180,0,0,436160
0,-10,3,0.5,0.571555,180,0,0,436177
0,-12,4,0.5,0.569935,180,0,0,436193
0,-14,4,0.5,0.568045,180,0,0,436210
0,-14,4,0.5,0.566155,180,0,0,436226
0,-13,4,0.5,0.5644,180,0,0,436244
0,-11,4,0.5,0.562915,180,0,0,436260
0,-8,4,0.5,0.561835,180,0,0,436276
1,-7,4,0.5,0.56089,180,0,0,436293
-2,-5,4,0.5,0.560215,180,0,0,436309
-1,-2,3,0.5,0.559945,180,0,0,436330
0,-1,4,0.5,0.55981,180,0,0,436342
0,0,3,0.5,0.55981,180,0,0,436360
0,2,4,0.5,0.56008,180,0,0,436376
0,3,4,0.5,0.560485,180,0,0,436392
0,3,4,0.5,0.56089,180,0,0,436411
0,3,2,0.5,0.561295,180,0,0,436425
0,5,5,0.5,0.56197,180,0,0,436443
0,3,1,0.5,0.562375,180,0,0,436458
0,7,0,0.5,0.56332,180,0,0,436475
0,10,0,0.5,0.56467,180,0,0,436493
0,12,-1,0.5,0.56629,180,0,0,436508
0,16,-1,0.5,0.56845,180,0,0,436525
0,17,-2,0.5,0.570745,180,0,0,436542
0,21,-2,0.5,0.57358,180,0,0,436560
0,22,-1,0.5,0.57655,180,0,0,436575
0,25,-2,0.5,0.579925,180,0,0,436592
0,26,0,0.5,0.583435,180,0,0,436609
0,27,0,0.5,0.58708,180,0,0,436625
0,26,0,0.5,0.59059,180,0,0,436642
0,24,0,0.5,0.59383,180,0,0,436666
0,22,0,0.5,0.5968,180,0,0,436675
0,19,0,0.5,0.599365,180,0,0,436694
0,20,0,0.5,0.602065,180,0,0,436708
0,19,2,0.5,0.60463,180,0,0,436726
0,18,2,0.5,0.60706,180,0,0,436743
0,17,3,0.5,0.609355,180,0,0,436759
0,14,3,0.5,0.611245,180,0,0,436775
0,11,3,0.5,0.61273,180,0,0,436793
0,9,2,0.5,0.613945,180,0,0,436811
0,16,6,0.5,0.616105,180,0,0,436827
0,7,4,0.5,0.61705,180,0,0,436842
0,6,4,0.5,0.61786,180,0,0,436860
0,6,5,0.5,0.61867,180,0,0,436876
0,0,0,0.5,0.61867,180,0,0,436892
0,11,9,0.5,0.620155,180,0,0,436912
0,6,3,0.5,0.620965,180,0,0,436926
0,9,4,0.5,0.62218,180,0,0,436943
0,9,4,0.5,0.623395,180,0,0,436961
0,10,4,0.5,0.624745,180,0,0,436976
0,11,3,0.5,0.62623,180,0,1,436992
0,12,3,0.5,0.62785,180,0,1,437009
0,9,2,0.5,0.629065,180,0,1,437025
0,3,1,0.5,0.62947,180,0,1,437045
0,0,0,0.5,0.62947,180,0,0,437058
0,-5,0,0.5,0.628795,180,0,0,437075
0,-7,0,0.5,0.62785,180,0,0,437092
0,-9,0,0.5,0.626635,180,0,0,437110
0,-12,0,0.5,0.625015,180,0,0,437124
0,-15,-1,0.5,0.62299,180,0,0,437142
0,-17,-1,0.5,0.620695,180,0,0,437161
0,-20,-2,0.5,0.617995,180,0,0,437176
0,-23,-2,0.5,0.61489,180,0,0,437194
0,-25,-2,0.5,0.611515,180,0,0,437210
0,-43,-5,0.5,0.60571,180,0,0,437226
0,-16,-3,0.5,0.60355,180,0,0,437242
0,-13,-3,0.5,0.601795,180,0,0,437260
0,-11,-3,0.5,0.60031,180,0,0,437275
0,-10,-3,0.5,0.59896,180,0,0,437293
0,-12,-4,0.5,0.59734,180,0,0,437311
0,-13,-4,0.5,0.595585,180,0,0,437326
0,-15,-4,0.5,0.59356,180,0,0,437343
0,-12,-3,0.5,0.59194,180,0,0,437361
-1,-11,-5,0.5,0.590455,180,0,0,437377
0,-9,-3,0.5,0.58924,180,0,0,437393
0,-7,-4,0.5,0.588295,180,0,0,437411
0,-6,-2,0.5,0.587485,180,0,0,437427
0,-5,-3,0.5,0.58681,180,0,0,437444
0,-4,-3,0.5,0.58627,180,0,0,437460
0,-1,-2,0.5,0.586135,180,0,0,437476
0,-1,-2,0.5,0.586,180,0,0,437501
0,3,-2,0.5,0.586405,180,0,0,437513
0,5,-1,0.5,0.58708,180,0,0,437526
3,8,-1,0.5,0.58816,180,0,1,437543
0,10,-1,0.5,0.58951,180,0,1,437558
0,13,-1,0.5,0.591265,180,0,1,437575
0,11,0,0.5,0.59275,180,0,1,437592
0,7,0,0.5,0.593695,180,0,1,437608
0,0,4,0.5,0.593695,180,0,0,437627
0,-5,3,0.5,0.59302,180,0,0,437643
-3,-6,3,0.5,0.59221,180,0,0,437660
0,-9,3,0.5,0.590995,180,0,0,437677
0,-8,2,0.5,0.589915,180,0,0,437694
0,-5,1,0.5,0.58924,180,0,0,437708
0,-2,0,0.5,0.58897,180,0,0,437725
0,0,0,0.5,0.58897,180,0,0,437741
0,6,0,0.5,0.58978,180,0,0,437761
0,10,-1,0.5,0.59113,180,0,0,437775
0,11,0,0.5,0.592615,180,0,0,437791
0,12,-1,0.5,0.594235,180,0,0,437809
0,13,0,0.5,0.59599,180,0,0,437825
0,15,0,0.5,0.598015,180,0,0,437842
0,18,0,0.5,0.600445,180,0,0,437861
0,17,1,0.5,0.60274,180,0,0,437876
0,19,2,0.5,0.605305,180,0,0,437892
0,19,2,0.5,0.60787,180,0,0,437910
0,18,3,0.5,0.6103,180,0,0,437926
0,16,4,0.5,0.61246,180,0,0,437943
0,13,3,0.5,0.614215,180,0,0,437960
0,12,4,0.5,0.615835,180,0,0,437977
0,10,4,0.5,0.617185,180,0,0,437993
0,10,4,0.5,0.618535,180,0,0,438012
3,19,5,0.5,0.6211,180,0,0,438026
-2,10,3,0.5,0.62245,180,0,0,438043
-1,11,2,0.5,0.623935,180,0,0,438060
0,9,3,0.5,0.62515,180,0,0,438075
0,8,4,0.5,0.62623,180,0,0,438092
0,5,3,0.5,0.626905,180,0,0,438109
0,3,3,0.5,0.62731,180,0,0,438125
0,3,2,0.5,0.627715,180,0,0,438142
0,4,2,0.5,0.628255,180,0,0,438158
0,2,2,0.5,0.628525,180,0,0,438175
0,3,2,0.5,0.62893,180,0,0,438194
0,4,3,0.5,0.62947,180,0,0,438209
0,9,4,0.5,0.630685,180,0,0,438227
0,18,5,0.5,0.633115,180,0,0,438243
0,27,7,0.5,0.63676,180,0,0,438260
0,32,7,0.5,0.64108,180,0,0,438277
0,34,9,0.5,0.64567,180,0,0,438295
0,33,9,0.5,0.650125,180,0,0,438311
0,28,9,0.5,0.653905,180,0,0,438330
0,25,9,0.5,0.65728,180,0,0,438344
0,24,8,0.5,0.66052,180,0,0,438361
0,22,8,0.5,0.66349,180,0,0,438377
4,20,9,0.5,0.66619,180,0,0,438394
0,18,7,0.5,0.66862,180,0,0,438411
0,33,13,0.5,0.673075,180,0,1,438434
0,17,5,0.5,0.67537,180,0,1,438444
0,19,4,0.5,0.677935,180,0,1,438461
0,20,3,0.5,0.680635,180,0,1,438476
0,21,3,0.5,0.68347,180,0,0,438492
0,24,4,0.5,0.68671,180,0,0,438509
0,24,5,0.5,0.68995,180,0,0,438528
0,26,6,0.5,0.69346,180,0,0,438543
-3,25,4,0.5,0.696835,180,0,0,438559
0,29,7,0.5,0.70075,180,0,0,438577
0,28,6,0.5,0.70453,180,0,0,438593
0,29,5,0.5,0.708445,180,0,0,438610
0,31,6,0.5,0.71,180,0,1,438630
