-1,72,46,0.5,-0.70028,180,0,0,218799
0,23,15,0.5,-0.697175,180,0,0,218810
-1,20,14,0.5,-0.694475,180,0,0,218821
0,18,14,0.5,-0.692045,180,0,0,218840
0,0,0,0.5,-0.692045,180,0,0,218845
0,14,13,0.5,-0.690155,180,0,0,218862
0,12,14,0.5,-0.688535,180,0,0,218879
-1,25,31,0.5,-0.68516,180,0,0,218900
0,15,17,0.5,-0.683135,180,0,0,218912
0,17,6,0.5,-0.68084,180,0,0,218925
0,19,29,0.5,-0.678275,180,0,0,218949
-1,21,15,0.5,-0.67544,180,0,0,218963
-1,22,16,0.5,-0.67247,180,0,0,218980
0,24,16,0.5,-0.66923,180,0,0,218995
1,25,17,0.5,-0.665855,180,0,0,219014
1,25,17,0.5,-0.66248,180,0,0,219027
0,27,15,0.5,-0.658835,180,0,0,219045
1,24,14,0.5,-0.655595,180,0,0,219062
-4,24,13,0.5,-0.652355,180,0,0,219079
0,20,14,0.5,-0.649655,180,0,0,219094
0,16,15,0.5,-0.647495,180,0,0,219111
0,16,16,0.5,-0.645335,180,0,0,219128
1,18,19,0.5,-0.642905,180,0,0,219148
0,19,20,0.5,-0.64034,180,0,0,219166
0,21,21,0.5,-0.637505,180,0,0,219180
2,22,23,0.5,-0.634535,180,0,0,219196
-2,23,21,0.5,-0.63143,180,0,0,219213
0,24,22,0.5,-0.62819,180,0,0,219230
0,22,22,0.5,-0.62522,180,0,0,219246
0,20,22,0.5,-0.62252,180,0,0,219262
0,21,24,0.5,-0.619685,180,0,0,219280
-1,45,39,0.5,-0.61361,180,0,0,219300
0,22,27,0.5,-0.61064,180,0,0,219314
0,23,21,0.5,-0.607535,180,0,0,219329
0,23,23,0.5,-0.60443,180,0,0,219346
0,24,23,0.5,-0.60119,180,0,0,219364
-1,23,24,0.5,-0.598085,180,0,0,219379
0,24,24,0.5,-0.594845,180,0,0,219396
4,25,24,0.5,-0.59147,180,0,0,219413
-10,24,20,0.5,-0.58823,180,0,0,219432
4,25,24,0.5,-0.584855,180,0,0,219447
0,28,24,0.5,-0.581075,180,0,0,219462
0,25,23,0.5,-0.5777,180,0,0,219479
-1,26,24,0.5,-0.57419,180,0,0,219506
0,45,48,0.5,-0.568115,180,0,0,219526
0,18,24,0.5,-0.565685,180,0,0,219542
-3,19,24,0.5,-0.56312,180,0,0,219557
-1,20,24,0.5,-0.56042,180,0,0,219572
0,24,24,0.5,-0.55718,180,0,0,219587
0,0,0,0.5,-0.55718,180,0,0,219593
0,24,24,0.5,-0.55394,180,0,0,219612
-1,25,24,0.5,-0.550565,180,0,0,219632
0,47,48,0.5,-0.54422,180,0,0,219656
0,0,0,0.5,-0.54422,180,0,0,219663
0,21,24,0.5,-0.541385,180,0,0,219679
0,42,25,0.5,-0.535715,180,0,0,219695
0,21,47,0.5,-0.53288,180,0,0,219718
-1,20,24,0.5,-0.53018,180,0,0,219735
0,21,24,0.5,-0.527345,180,0,0,219748
0,22,24,0.5,-0.524375,180,0,0,219764
1,23,24,0.5,-0.52127,180,0,0,219779
-2,24,24,0.5,-0.51803,180,0,0,219798
0,24,24,0.5,-0.51479,180,0,0,219813
-4,23,24,0.5,-0.511685,180,0,0,219828
-1,23,24,0.5,-0.50858,180,0,0,219847
-4,23,24,0.5,-0.505475,180,0,0,219866
-2,22,24,0.5,-0.502505,180,0,0,219878
0,20,24,0.5,-0.499805,180,0,0,219896
-2,21,24,0.5,-0.49697,180,0,0,219915
0,24,24,0.5,-0.49373,180,0,0,219929
-1,24,24,0.5,-0.49049,180,0,0,219947
0,22,24,0.5,-0.48752,180,0,0,219962
0,22,24,0.5,-0.48455,180,0,0,219978
-4,21,24,0.5,-0.481715,180,0,0,219995
0,21,24,0.5,-0.47888,180,0,0,220013
-1,19,24,0.5,-0.476315,180,0,0,220030
0,38,48,0.5,-0.471185,180,0,0,220064
0,19,24,0.5,-0.46862,180,0,0,220080
-1,20,24,0.5,-0.46592,180,0,0,220098
-1,44,48,0.5,-0.45998,180,0,0,220123
-1,27,24,0.5,-0.456335,180,0,0,220139
-1,26,24,0.5,-0.452825,180,0,1,220160
0,29,24,0.5,-0.44891,180,0,1,220175
0,28,24,0.5,-0.44513,180,0,1,220189
0,28,24,0.5,-0.44135,180,0,1,220201
-1,29,24,0.5,-0.437435,180,0,1,220220
0,30,24,0.5,-0.433385,180,0,0,220236
-1,28,24,0.5,-0.429605,180,0,0,220249
0,28,24,0.5,-0.425825,180,0,0,220264
-1,26,24,0.5,-0.422315,180,0,0,220280
2,24,24,0.5,-0.419075,180,0,0,220297
0,23,24,0.5,-0.41597,180,0,0,220314
0,24,24,0.5,-0.41273,180,0,0,220332
-1,24,24,0.5,-0.40949,180,0,0,220349
0,23,24,0.5,-0.406385,180,0,0,220364
0,23,24,0.5,-0.40328,180,0,0,220380
-5,24,24,0.5,-0.40004,180,0,0,220395
-1,24,24,0.5,-0.3968,180,0,0,220416
0,27,24,0.5,-0.393155,180,0,0,220431
0,29,24,0.5,-0.38924,180,0,0,220444
0,30,23,0.5,-0.38519,180,0,0,220456
-5,31,22,0.5,-0.381005,180,0,0,220477
0,31,24,0.5,-0.37682,180,0,0,220491
0,30,24,0.5,-0.37277,180,0,0,220508
0,30,24,0.5,-0.36872,180,0,0,220525
-1,30,24,0.5,-0.36467,180,0,0,220541
0,32,24,0.5,-0.36035,180,0,0,220558
0,33,24,0.5,-0.355895,180,0,0,220574
0,36,24,0.5,-0.351035,180,0,0,220590
-1,39,24,0.5,-0.34577,180,0,0,220611
0,82,46,0.5,-0.3347,180,0,0,220633
-1,28,15,0.5,-0.33092,180,0,0,220644
0,34,14,0.5,-0.32633,180,0,0,220655
-1,39,23,0.5,-0.321065,180,0,0,220675
0,38,19,0.5,-0.315935,180,0,0,220690
0,38,22,0.5,-0.310805,180,0,0,220708
0,37,22,0.5,-0.30581,180,0,1,220725
-3,41,22,0.5,-0.300275,180,0,1,220740
3,41,24,0.5,-0.29474,180,0,1,220756
0,41,23,0.5,-0.289205,180,0,0,220776
-1,42,23,0.5,-0.283535,180,0,0,220793
0,39,21,0.5,-0.27827,180,0,0,220811
0,39,22,0.5,-0.273005,180,0,0,220834
-5,74,41,0.5,-0.263015,180,0,0,220869
-6,77,41,0.5,-0.25262,180,0,0,220887
0,38,24,0.5,-0.24749,180,1,0,220901
0,35,23,0.5,-0.242765,180,1,0,220916
-1,34,24,0.5,-0.238175,180,1,0,220933
0,0,0,0.5,-0.238175,180,0,0,220938
0,32,24,0.5,-0.233855,180,0,0,220951
0,29,24,0.5,-0.22994,180,0,0,220966
-1,29,24,0.5,-0.226025,180,0,0,220984
0,28,24,0.5,-0.222245,180,0,0,221001
1,28,24,0.5,-0.218465,180,0,0,221018
-1,24,22,0.5,-0.215225,180,0,0,221035
-5,23,22,0.5,-0.21212,180,0,0,221049
3,22,24,0.5,-0.20915,180,0,0,221067
-4,25,23,0.5,-0.205775,180,0,0,221084
-2,26,24,0.5,-0.202265,180,0,1,221102
3,27,24,0.5,-0.19862,180,0,1,221118
-1,25,24,0.5,-0.195245,180,0,1,221134
0,22,24,0.5,-0.192275,180,0,1,221149
-1,43,48,0.5,-0.18647,180,0,1,221180
0,21,24,0.5,-0.183635,180,0,1,221196
0,19,24,0.5,-0.18107,180,0,0,221209
-1,20,24,0.5,-0.17837,180,0,0,221224
-1,17,24,0.5,-0.176075,180,0,0,221239
0,17,24,0.5,-0.17378,180,0,0,221255
0,18,24,0.5,-0.17135,180,0,0,221270
0,19,24,0.5,-0.168785,180,0,0,221286
-1,20,24,0.5,-0.166085,180,0,0,221304
0,20,24,0.5,-0.163385,180,0,0,221319
0,20,24,0.5,-0.160685,180,0,0,221337
-2,20,24,0.5,-0.157985,180,0,0,221354
0,19,24,0.5,-0.15542,180,0,0,221369
0,20,24,0.5,-0.15272,180,0,0,221385
0,22,24,0.5,-0.14975,180,0,0,221400
-1,24,24,0.5,-0.14651,180,0,0,221420
0,25,24,0.5,-0.143135,180,0,1,221436
0,25,24,0.5,-0.13976,180,0,1,221451
0,27,23,0.5,-0.136115,180,0,1,221468
-7,28,21,0.5,-0.132335,180,0,0,221485
0,28,23,0.5,-0.128555,180,0,0,221501
-1,28,21,0.5,-0.124775,180,0,0,221519
0,25,22,0.5,-0.1214,180,0,0,221534
-5,23,21,0.5,-0.118295,180,0,0,221554
-1,21,24,0.5,-0.11546,180,0,0,221570
-1,22,23,0.5,-0.11249,180,0,0,221585
0,44,25,0.5,-0.10655,180,0,0,221605
-1,22,47,0.5,-0.10358,180,0,0,221625
1,22,24,0.5,-0.10061,180,0,0,221639
-5,21,23,0.5,-0.097775,180,0,0,221653
-1,20,24,0.5,-0.095075,180,0,0,221666
-2,19,24,0.5,-0.09251,180,0,0,221686
5,20,24,0.5,-0.08981,180,0,0,221701
0,21,24,0.5,-0.086975,180,0,1,221719
-1,22,23,0.5,-0.084005,180,0,1,221738
-3,22,24,0.5,-0.081035,180,0,0,221757
4,23,24,0.5,-0.07793,180,0,0,221772
0,21,24,0.5,-0.075095,180,0,0,221790
-3,22,24,0.5,-0.072125,180,0,0,221806
0,20,24,0.5,-0.069425,180,0,0,221819
-1,25,24,0.5,-0.06605,180,0,0,221833
0,24,24,0.5,-0.06281,180,0,0,221849
0,26,24,0.5,-0.0593,180,0,0,221866
0,26,24,0.5,-0.05579,180,0,0,221884
-1,27,24,0.5,-0.052145,180,0,0,221902
0,28,24,0.5,-0.048365,180,0,0,221919
-2,27,24,0.5,-0.04472,180,0,0,221936
-1,28,24,0.5,-0.04094,180,0,0,221951
1,29,24,0.5,-0.037025,180,0,0,221968
3,29,24,0.5,-0.03311,180,0,1,221983
0,32,24,0.5,-0.02879,180,0,1,222003
-3,66,46,0.5,-0.01988,180,0,0,222025
-1,32,22,0.5,-0.01556,180,0,0,222039
0,29,23,0.5,-0.011645,180,0,0,222050
0,25,23,0.5,-0.00827,180,0,0,222070
-4,27,24,0.5,-0.004625,180,0,0,222085
4,26,24,0.5,-0.001115,180,0,0,222104
-1,24,24,0.5,0.002125,180,0,0,222124
0,25,24,0.5,0.0055,180,0,1,222137
0,22,24,0.5,0.00847,180,0,1,222152
0,22,24,0.5,0.01144,180,0,0,222172
-1,20,24,0.5,0.01414,180,0,0,222189
0,22,24,0.5,0.01711,180,0,0,222207
0,23,24,0.5,0.020215,180,0,0,222223
0,25,24,0.5,0.02359,180,0,0,222239
-4,25,24,0.5,0.026965,180,0,0,222251
2,26,24,0.5,0.030475,180,0,1,222266
-1,23,22,0.5,0.03358,180,0,1,222283
-1,24,22,0.5,0.03682,180,0,1,222300
1,23,22,0.5,0.039925,180,0,0,222316
0,19,21,0.5,0.04249,180,0,0,222336
0,22,21,0.5,0.04546,180,0,0,222352
-3,48,44,0.5,0.05194,180,0,0,222377
-1,26,23,0.5,0.05545,180,0,0,222389
0,0,0,0.5,0.05545,180,0,0,222395
1,52,25,0.5,0.06247,180,0,0,222418
-5,25,41,0.5,0.065845,180,0,0,222441
-1,26,23,0.5,0.069355,180,0,0,222454
0,26,24,0.5,0.072865,180,0,0,222471
3,25,24,0.5,0.07624,180,0,0,222486
0,27,23,0.5,0.079885,180,0,0,222502
-1,28,21,0.5,0.083665,180,0,0,222516
0,29,21,0.5,0.08758,180,0,0,222532
3,29,23,0.5,0.091495,180,0,0,222549
-1,29,20,0.5,0.09541,180,0,0,222566
-4,28,16,0.5,0.09919,180,0,0,222583
0,25,19,0.5,0.102565,180,0,0,222599
0,25,18,0.5,0.10594,180,0,0,222616
-3,23,19,0.5,0.109045,180,0,0,222637
4,24,22,0.5,0.112285,180,0,0,222652
0,24,21,0.5,0.115525,180,0,0,222666
0,24,22,0.5,0.118765,180,0,0,222683
-1,25,23,0.5,0.12214,180,0,0,222705
-2,24,22,0.5,0.12538,180,0,0,222720
-1,26,24,0.5,0.12889,180,0,1,222736
0,25,24,0.5,0.132265,180,0,1,222750
-1,23,24,0.5,0.13537,180,0,0,222770
0,26,24,0.5,0.13888,180,0,0,222787
0,49,46,0.5,0.145495,180,0,0,222811
-3,25,22,0.5,0.14887,180,0,0,222826
2,27,22,0.5,0.152515,180,0,0,222842
-1,25,20,0.5,0.15589,180,0,0,222854
0,24,21,0.5,0.15913,180,0,0,222867
0,23,19,0.5,0.162235,180,0,0,222883
-5,23,18,0.5,0.16534,180,0,0,222900
-6,18,15,0.5,0.16777,180,0,0,222915
0,17,22,0.5,0.170065,180,0,0,222935
0,14,19,0.5,0.171955,180,0,0,222950
0,12,20,0.5,0.173575,180,0,0,222969
3,11,20,0.5,0.17506,180,0,0,222985
-4,11,17,0.5,0.176545,180,0,0,222999
-1,11,17,0.5,0.17803,180,0,0,223015
-5,12,13,0.5,0.17965,180,0,0,223031
4,10,18,0.5,0.181,180,0,0,223048
0,10,15,0.5,0.18235,180,0,0,223066
0,7,13,0.5,0.183295,180,0,0,223084
0,6,11,0.5,0.184105,180,0,0,223099
0,5,11,0.5,0.18478,180,0,0,223114
0,7,10,0.5,0.185725,180,0,0,223132
-1,6,10,0.5,0.186535,180,0,0,223149
0,5,9,0.5,0.18721,180,0,0,223163
-3,2,8,0.5,0.18748,180,0,0,223181
0,0,9,0.5,0.18748,180,0,0,223197
0,0,19,0.5,0.18748,180,0,0,223217
-1,2,10,0.5,0.18775,180,0,0,223235
-1,6,11,0.5,0.18856,180,0,0,223248
-1,10,10,0.5,0.18991,180,0,0,223264
0,12,10,0.5,0.19153,180,0,0,223282
0,14,10,0.5,0.19342,180,0,0,223301
-2,16,9,0.5,0.19558,180,0,0,223313
0,17,9,0.5,0.197875,180,0,0,223332
0,18,9,0.5,0.200305,180,0,0,223347
-2,17,10,0.5,0.2026,180,0,0,223364
0,16,9,0.5,0.20476,180,0,0,223383
0,14,10,0.5,0.20665,180,0,0,223396
-1,11,10,0.5,0.208135,180,0,0,223418
0,10,10,0.5,0.209485,180,0,0,223431
0,12,12,0.5,0.211105,180,0,0,223448
0,13,12,0.5,0.21286,180,0,0,223467
-1,15,13,0.5,0.214885,180,0,0,223482
0,15,12,0.5,0.21691,180,0,0,223499
0,17,13,0.5,0.219205,180,0,0,223516
0,17,12,0.5,0.2215,180,0,0,223532
-1,18,12,0.5,0.22393,180,0,0,223549
0,19,12,0.5,0.226495,180,0,0,223565
0,19,13,0.5,0.22906,180,0,0,223583
-4,41,23,0.5,0.234595,180,0,0,223603
-1,21,13,0.5,0.23743,180,0,0,223618
0,20,0,0.5,0.24013,180,0,0,223628
1,22,28,0.5,0.2431,180,0,1,223650
-1,21,13,0.5,0.245935,180,0,1,223668
-2,20,13,0.5,0.248635,180,0,0,223684
0,19,13,0.5,0.2512,180,0,0,223702
0,18,13,0.5,0.25363,180,0,0,223715
0,16,12,0.5,0.25579,180,0,0,223731
-3,16,11,0.5,0.25795,180,0,0,223748
1,14,12,0.5,0.25984,180,0,0,223764
0,12,11,0.5,0.26146,180,0,0,223782
-1,8,10,0.5,0.26254,180,0,0,223798
0,8,12,0.5,0.26362,180,0,0,223815
0,6,12,0.5,0.26443,180,0,0,223830
0,3,12,0.5,0.264835,180,0,0,223848
-2,1,13,0.5,0.26497,180,0,0,223865
0,2,14,0.5,0.26524,180,0,0,223882
-1,6,14,0.5,0.26605,180,0,0,223898
3,8,16,0.5,0.26713,180,0,0,223915
-1,12,13,0.5,0.26875,180,0,0,223932
0,13,15,0.5,0.270505,180,0,0,223950
0,15,15,0.5,0.27253,180,0,0,223965
0,14,14,0.5,0.27442,180,0,1,223983
-1,32,31,0.5,0.27874,180,0,1,224006
0,15,15,0.5,0.280765,180,0,0,224018
0,0,0,0.5,0.280765,180,0,0,224028
-2,31,31,0.5,0.28495,180,0,0,224053
-2,17,15,0.5,0.287245,180,0,0,224068
-2,17,13,0.5,0.28954,180,0,0,224083
2,17,14,0.5,0.291835,180,0,0,224097
3,18,16,0.5,0.294265,180,0,0,224115
1,18,14,0.5,0.296695,180,0,0,224135
-4,18,12,0.5,0.299125,180,0,0,224147
0,15,13,0.5,0.30115,180,0,0,224166
-2,15,13,0.5,0.303175,180,0,0,224181
0,12,12,0.5,0.304795,180,0,0,224197
-1,11,11,0.5,0.30628,180,0,0,224213
0,10,12,0.5,0.30763,180,0,0,224231
0,10,14,0.5,0.30898,180,0,0,224247
0,9,14,0.5,0.310195,180,0,0,224269
-1,14,14,0.5,0.312085,180,0,0,224284
0,13,13,0.5,0.31384,180,0,1,224298
0,16,14,0.5,0.316,180,0,1,224314
0,18,15,0.5,0.31843,180,0,1,224332
0,18,14,0.5,0.32086,180,0,0,224349
-1,18,15,0.5,0.32329,180,0,0,224366
1,17,15,0.5,0.325585,180,0,0,224383
0,16,15,0.5,0.327745,180,0,0,224397
0,15,14,0.5,0.32977,180,0,0,224414
0,35,29,0.5,0.334495,180,0,0,224438
0,16,14,0.5,0.336655,180,0,1,224453
-1,16,14,0.5,0.338815,180,0,1,224466
0,16,14,0.5,0.340975,180,0,1,224481
-1,14,14,0.5,0.342865,180,0,0,224498
-1,12,13,0.5,0.344485,180,0,0,224513
0,11,13,0.5,0.34597,180,0,0,224534
-1,9,12,0.5,0.347185,180,0,0,224548
0,7,12,0.5,0.34813,180,0,0,224564
-1,6,11,0.5,0.34894,180,0,0,224582
-1,4,11,0.5,0.34948,180,0,0,224598
0,3,11,0.5,0.349885,180,0,0,224614
0,1,9,0.5,0.35002,180,0,0,224631
0,-1,9,0.5,0.349885,180,0,0,224647
0,0,9,0.5,0.349885,180,0,0,224666
-1,-2,9,0.5,0.349615,180,0,0,224682
0,-2,8,0.5,0.349345,180,0,0,224696
1,-5,7,0.5,0.34867,180,0,0,224714
-2,-4,6,0.5,0.34813,180,0,0,224732
0,-5,6,0.5,0.347455,180,0,0,224746
0,-6,5,0.5,0.346645,180,0,0,224763
-1,-5,4,0.5,0.34597,180,0,0,224782
-13,-9,1,0.5,0.344755,180,0,0,224797
0,0,0,0.5,0.344755,180,0,0,224811
0,-8,3,0.5,0.343675,180,0,0,224829
0,-3,7,0.5,0.34327,180,0,0,224846
-1,-3,5,0.5,0.342865,180,0,0,224869
0,-1,6,0.5,0.34273,180,0,0,224879
0,1,7,0.5,0.342865,180,0,0,224896
0,3,8,0.5,0.34327,180,0,0,224914
-1,3,7,0.5,0.343675,180,0,0,224933
0,4,9,0.5,0.344215,180,0,0,224947
2,3,9,0.5,0.34462,180,0,0,224963
-1,4,8,0.5,0.34516,180,0,0,224981
0,2,8,0.5,0.34543,180,0,0,224998
0,3,8,0.5,0.345835,180,0,0,225013
0,1,8,0.5,0.34597,180,0,0,225030
-1,2,7,0.5,0.34624,180,0,0,225047
0,2,7,0.5,0.34651,180,0,0,225063
0,2,6,0.5,0.34678,180,0,0,225082
0,3,7,0.5,0.347185,180,0,0,225096
-1,3,7,0.5,0.34759,180,0,0,225114
1,3,7,0.5,0.347995,180,0,0,225133
0,5,7,0.5,0.34867,180,0,0,225146
0,6,6,0.5,0.34948,180,0,0,225163
0,5,6,0.5,0.350155,180,0,0,225181
0,6,5,0.5,0.350965,180,0,0,225196
0,10,10,0.5,0.352315,180,0,0,225215
-1,4,5,0.5,0.352855,180,0,0,225236
0,3,4,0.5,0.35326,180,0,0,225248
2,2,5,0.5,0.35353,180,0,0,225265
0,0,3,0.5,0.35353,180,0,0,225285
-1,0,3,0.5,0.35353,180,0,0,225296
0,-1,2,0.5,0.353395,180,0,0,225312
0,-2,2,0.5,0.353125,180,0,0,225329
0,-3,2,0.5,0.35272,180,0,0,225345
-1,-1,2,0.5,0.352585,180,0,0,225362
0,-2,4,0.5,0.352315,180,0,0,225381
0,1,4,0.5,0.35245,180,0,0,225396
-1,5,5,0.5,0.353125,180,0,0,225413
0,7,6,0.5,0.35407,180,0,0,225433
0,6,5,0.5,0.35488,180,0,0,225445
0,8,5,0.5,0.35596,180,0,0,225463
0,7,4,0.5,0.356905,180,0,0,225480
0,7,4,0.5,0.35785,180,0,0,225495
0,6,3,0.5,0.35866,180,0,0,225512
0,6,3,0.5,0.35947,180,0,0,225529
1,8,4,0.5,0.36055,180,0,0,225545
-1,7,2,0.5,0.361495,180,0,0,225563
0,7,2,0.5,0.36244,180,0,0,225580
0,7,2,0.5,0.363385,180,0,0,225595
0,10,2,0.5,0.364735,180,0,0,225613
-3,20,4,0.5,0.367435,180,0,0,225630
0,11,2,0.5,0.36892,180,0,0,225645
0,12,3,0.5,0.37054,180,0,0,225662
0,12,3,0.5,0.37216,180,0,0,225678
0,13,4,0.5,0.373915,180,0,0,225695
-1,13,5,0.5,0.37567,180,0,0,225713
0,13,5,0.5,0.377425,180,0,0,225731
0,13,5,0.5,0.37918,180,0,1,225745
-1,13,5,0.5,0.380935,180,0,1,225763
0,13,5,0.5,0.38269,180,0,0,225780
0,13,6,0.5,0.384445,180,0,0,225797
0,11,6,0.5,0.38593,180,0,0,225812
-1,8,6,0.5,0.38701,180,0,0,225832
0,10,7,0.5,0.38836,180,0,0,225849
0,10,8,0.5,0.38971,180,0,0,225865
0,9,8,0.5,0.390925,180,0,0,225883
-1,8,9,0.5,0.392005,180,0,0,225898
0,9,10,0.5,0.39322,180,0,0,225919
0,17,20,0.5,0.395515,180,0,0,225942
0,0,0,0.5,0.395515,180,0,0,225947
-1,7,11,0.5,0.39646,180,0,0,225964
0,6,10,0.5,0.39727,180,0,0,225981
0,7,10,0.5,0.398215,180,0,0,225999
-1,3,9,0.5,0.39862,180,0,0,226018
-1,6,18,0.5,0.39943,180,0,0,226040
-1,2,7,0.5,0.3997,180,0,0,226053
1,3,6,0.5,0.400105,180,0,0,226064
0,3,7,0.5,0.40051,180,0,0,226079
-1,2,6,0.5,0.40078,180,0,0,226097
0,-2,6,0.5,0.40051,180,0,0,226112
0,-2,5,0.5,0.40024,180,0,0,226129
0,-2,5,0.5,0.39997,180,0,0,226146
-1,1,5,0.5,0.400105,180,0,0,226165
0,2,5,0.5,0.400375,180,0,0,226179
0,5,6,0.5,0.40105,180,0,0,226196
-1,5,6,0.5,0.401725,180,0,0,226215
0,4,8,0.5,0.402265,180,0,0,226234
3,3,11,0.5,0.40267,180,0,0,226247
0,0,11,0.5,0.40267,180,0,0,226265
-1,0,11,0.5,0.40267,180,0,0,226281
-4,0,9,0.5,0.40267,180,0,0,226297
0,0,10,0.5,0.40267,180,0,0,226313
0,0,10,0.5,0.40267,180,0,0,226329
-1,3,9,0.5,0.403075,180,0,0,226347
0,5,9,0.5,0.40375,180,0,0,226364
0,5,9,0.5,0.404425,180,0,0,226379
0,3,9,0.5,0.40483,180,0,0,226396
-2,2,16,0.5,0.4051,180,0,0,226417
0,0,0,0.5,0.4051,180,0,0,226428
7,0,23,0.5,0.4051,180,0,0,226452
-1,2,10,0.5,0.40537,180,0,0,226465
-2,4,11,0.5,0.40591,180,0,0,226481
-1,5,12,0.5,0.406585,180,0,0,226498
1,4,11,0.5,0.407125,180,0,0,226514
0,3,10,0.5,0.40753,180,0,0,226531
0,4,9,0.5,0.40807,180,0,0,226551
0,3,8,0.5,0.408475,180,0,0,226565
0,1,9,0.5,0.40861,180,0,0,226582
0,0,7,0.5,0.40861,180,0,0,226596
0,0,9,0.5,0.40861,180,0,0,226614
-1,4,10,0.5,0.40915,180,0,0,226631
0,12,14,0.5,0.41077,180,0,0,226647
1,19,15,0.5,0.413335,180,0,0,226667
0,20,16,0.5,0.416035,180,0,0,226682
-1,23,17,0.5,0.41914,180,0,0,226701
0,24,18,0.5,0.42238,180,0,0,226717
0,23,17,0.5,0.425485,180,0,0,226733
0,19,18,0.5,0.42805,180,0,0,226750
0,13,18,0.5,0.429805,180,0,0,226767
0,9,18,0.5,0.43102,180,0,0,226782
0,7,19,0.5,0.431965,180,0,0,226803
0,15,36,0.5,0.43399,180,0,0,226821
0,6,17,0.5,0.4348,180,0,0,226832
-3,9,18,0.5,0.436015,180,0,0,226848
-1,9,18,0.5,0.43723,180,0,0,226867
-1,11,20,0.5,0.438715,180,0,0,226884
1,14,19,0.5,0.440605,180,0,0,226902
0,13,17,0.5,0.44236,180,0,0,226920
-1,12,17,0.5,0.44398,180,0,0,226938
0,11,17,0.5,0.445465,180,0,0,226954
0,13,16,0.5,0.44722,180,0,0,226967
0,14,16,0.5,0.44911,180,0,0,226983
-1,15,16,0.5,0.451135,180,0,0,226998
1,16,18,0.5,0.453295,180,0,0,227017
0,13,17,0.5,0.45505,180,0,0,227034
0,15,19,0.5,0.457075,180,0,0,227050
-1,14,16,0.5,0.458965,180,0,0,227065
1,15,18,0.5,0.46099,180,0,0,227082
0,17,17,0.5,0.463285,180,0,0,227099
0,18,17,0.5,0.465715,180,0,0,227116
-3,17,17,0.5,0.46801,180,0,0,227132
-1,17,17,0.5,0.470305,180,0,0,227149
1,20,17,0.5,0.473005,180,0,0,227166
-1,19,16,0.5,0.47557,180,0,0,227182
-5,18,14,0.5,0.478,180,0,0,227198
-6,33,33,0.5,0.482455,180,0,0,227225
5,19,23,0.5,0.48502,180,0,0,227239
1,19,21,0.5,0.487585,180,0,1,227251
-3,21,21,0.5,0.49042,180,0,1,227268
-1,23,21,0.5,0.493525,180,0,1,227285
0,22,20,0.5,0.496495,180,0,0,227299
0,24,21,0.5,0.499735,180,0,0,227318
0,23,20,0.5,0.50284,180,0,0,227334
-2,25,21,0.5,0.506215,180,0,0,227350
0,26,21,0.5,0.509725,180,0,0,227367
0,27,20,0.5,0.51337,180,0,0,227382
-1,29,21,0.5,0.517285,180,0,0,227400
0,25,21,0.5,0.52066,180,0,0,227417
-1,25,20,0.5,0.524035,180,0,1,227432
0,25,20,0.5,0.52741,180,0,1,227448
-5,23,19,0.5,0.530515,180,0,0,227467
2,25,23,0.5,0.53389,180,0,0,227494
-4,52,42,0.5,0.54091,180,0,0,227523
-2,54,44,0.5,0.5482,180,0,0,227546
0,25,21,0.5,0.551575,180,0,0,227558
0,0,0,0.5,0.551575,180,0,0,227563
0,26,21,0.5,0.555085,180,0,0,227574
-1,26,22,0.5,0.558595,180,0,0,227593
3,26,24,0.5,0.562105,180,0,0,227609
1,25,22,0.5,0.56548,180,0,0,227624
0,23,22,0.5,0.568585,180,0,0,227643
-1,23,19,0.5,0.57169,180,0,0,227660
0,21,22,0.5,0.574525,180,0,0,227679
-2,18,22,0.5,0.576955,180,0,0,227693
0,19,24,0.5,0.57952,180,0,0,227708
-1,16,24,0.5,0.58168,180,0,0,227728
3,19,24,0.5,0.584245,180,0,1,227745
1,18,24,0.5,0.586675,180,0,1,227760
0,20,24,0.5,0.589375,180,0,0,227777
0,21,24,0.5,0.59221,180,0,0,227794
0,21,24,0.5,0.595045,180,0,0,227808
0,41,37,0.5,0.60058,180,0,0,227830
-1,21,33,0.5,0.603415,180,0,0,227847
0,21,14,0.5,0.60625,180,0,0,227857
0,18,32,0.5,0.60868,180,0,0,227877
0,19,23,0.5,0.611245,180,0,0,227892
-1,20,24,0.5,0.613945,180,0,1,227912
0,18,23,0.5,0.616375,180,0,1,227928
0,21,24,0.5,0.61921,180,0,0,227946
0,19,23,0.5,0.621775,180,0,0,227966
0,18,21,0.5,0.624205,180,0,0,227975
-4,16,20,0.5,0.626365,180,0,0,227994
0,13,20,0.5,0.62812,180,0,0,228008
0,9,18,0.5,0.629335,180,0,0,228024
-3,10,18,0.5,0.630685,180,0,0,228041
-1,9,20,0.5,0.6319,180,0,0,228058
0,9,20,0.5,0.633115,180,0,0,228076
0,10,21,0.5,0.634465,180,0,0,228094
0,10,21,0.5,0.635815,180,0,0,228109
1,12,22,0.5,0.637435,180,0,1,228127
-2,10,20,0.5,0.638785,180,0,1,228142
-5,12,17,0.5,0.640405,180,0,1,228159
4,11,23,0.5,0.64189,180,0,0,228178
-1,13,19,0.5,0.643645,180,0,0,228193
0,27,35,0.5,0.64729,180,0,0,228216
-1,12,15,0.5,0.64891,180,0,0,228225
0,10,14,0.5,0.65026,180,0,0,228242
-1,9,13,0.5,0.651475,180,0,0,228259
0,6,12,0.5,0.652285,180,0,0,228276
0,5,11,0.5,0.65296,180,0,0,228290
0,3,9,0.5,0.653365,180,0,0,228305
-1,2,9,0.5,0.653635,180,0,0,228325
-11,0,3,0.5,0.653635,180,0,0,228337
0,-1,7,0.5,0.6535,180,0,0,228355
-1,-2,6,0.5,0.65323,180,0,0,228372
4,-4,6,0.5,0.65269,180,0,0,228389
0,-7,4,0.5,0.651745,180,0,0,228404
0,-7,3,0.5,0.6508,180,0,0,228421
-2,-9,3,0.5,0.649585,180,0,0,228438
2,-7,5,0.5,0.64864,180,0,0,228454
0,-5,2,0.5,0.647965,180,0,0,228470
0,-2,4,0.5,0.647695,180,0,0,228487
0,1,5,0.5,0.64783,180,0,0,228505
0,4,7,0.5,0.64837,180,0,0,228525
0,8,8,0.5,0.64945,180,0,0,228538
-1,9,10,0.5,0.650665,180,0,0,228559
0,14,11,0.5,0.652555,180,0,0,228573
-4,32,19,0.5,0.656875,180,0,0,228600
-6,18,9,0.5,0.659305,180,0,0,228612
4,17,12,0.5,0.6616,180,0,0,228626
0,16,10,0.5,0.66376,180,0,0,228638
0,15,10,0.5,0.665785,180,0,0,228659
1,13,9,0.5,0.66754,180,0,0,228672
-1,12,9,0.5,0.66916,180,0,0,228690
0,10,8,0.5,0.67051,180,0,0,228705
0,10,7,0.5,0.67186,180,0,0,228722
0,10,7,0.5,0.67321,180,0,0,228738
0,10,7,0.5,0.67456,180,0,0,228755
-1,9,7,0.5,0.675775,180,0,0,228775
-3,5,6,0.5,0.67645,180,0,0,228787
0,4,7,0.5,0.67699,180,0,0,228804
-1,2,6,0.5,0.67726,180,0,0,228822
0,-1,6,0.5,0.677125,180,0,0,228839
-1,-1,6,0.5,0.67699,180,0,0,228854
0,-1,6,0.5,0.676855,180,0,0,228872
-1,-2,7,0.5,0.676585,180,0,0,228889
0,-2,7,0.5,0.676315,180,0,0,228905
-1,0,7,0.5,0.676315,180,0,0,228922
0,0,7,0.5,0.676315,180,0,0,228939
0,-1,7,0.5,0.67618,180,0,0,228955
0,1,7,0.5,0.676315,180,0,0,228976
-1,-1,6,0.5,0.67618,180,0,0,228988
0,1,5,0.5,0.676315,180,0,0,229005
0,0,3,0.5,0.676315,180,0,0,229020
0,-1,7,0.5,0.67618,180,0,0,229038
-1,1,3,0.5,0.676315,180,0,0,229055
0,-1,4,0.5,0.67618,180,0,0,229072
-1,1,6,0.5,0.676315,180,0,0,229091
0,0,6,0.5,0.676315,180,0,0,229109
-1,1,8,0.5,0.67645,180,0,0,229122
0,4,8,0.5,0.67699,180,0,0,229138
-1,4,7,0.5,0.67753,180,0,0,229156
0,5,8,0.5,0.678205,180,0,0,229173
0,6,6,0.5,0.679015,180,0,0,229188
0,7,5,0.5,0.67996,180,0,0,229205
0,8,5,0.5,0.68104,180,0,0,229220
0,9,3,0.5,0.682255,180,0,0,229237
0,9,2,0.5,0.68347,180,0,0,229253
0,10,2,0.5,0.68482,180,0,0,229272
-1,11,2,0.5,0.686305,180,0,0,229287
0,11,2,0.5,0.68779,180,0,0,229304
0,10,3,0.5,0.68914,180,0,0,229322
0,11,3,0.5,0.690625,180,0,0,229337
-1,10,4,0.5,0.691975,180,0,0,229355
0,11,4,0.5,0.69346,180,0,0,229371
0,9,4,0.5,0.694675,180,0,0,229387
0,11,5,0.5,0.69616,180,0,0,229405
-1,23,13,0.5,0.699265,180,0,0,229424
0,12,8,0.5,0.700885,180,0,0,229438
0,11,9,0.5,0.70237,180,0,0,229456
0,9,8,0.5,0.703585,180,0,0,229471
0,7,9,0.5,0.70453,180,0,0,229488
-1,8,10,0.5,0.70561,180,0,0,229506
0,6,11,0.5,0.70642,180,0,0,229522
0,7,11,0.5,0.707365,180,0,0,229539
0,7,9,0.5,0.70831,180,0,0,229557
-2,8,9,0.5,0.70939,180,0,0,229575
0,7,8,0.5,0.71,180,0,0,229588
