-2,108,-10,0.5,-0.69542,180,0,0,42600
0,39,-2,0.5,-0.690155,180,0,0,42610
0,0,0,0.5,-0.690155,180,0,0,42618
0,38,-2,0.5,-0.685025,180,0,0,42628
0,37,-3,0.5,-0.68003,180,0,0,42650
5,35,-2,0.5,-0.675305,180,0,0,42662
0,34,-3,0.5,-0.670715,180,0,1,42678
0,30,-3,0.5,-0.666665,180,0,1,42696
0,28,-3,0.5,-0.662885,180,0,1,42712
0,24,-2,0.5,-0.659645,180,0,0,42728
0,22,-2,0.5,-0.656675,180,0,0,42745
-2,21,-4,0.5,-0.65384,180,0,0,42762
0,20,-3,0.5,-0.65114,180,0,0,42778
2,19,-3,0.5,-0.648575,180,0,0,42795
0,24,-6,0.5,-0.645335,180,0,0,42812
1,28,-7,0.5,-0.641555,180,0,0,42830
0,35,-8,0.5,-0.63683,180,0,0,42850
0,39,-7,0.5,-0.631565,180,0,0,42862
0,42,-7,0.5,-0.625895,180,0,0,42880
-5,95,-16,0.5,-0.61307,180,0,0,42900
1,46,-4,0.5,-0.60686,180,0,0,42912
0,45,-5,0.5,-0.600785,180,0,0,42931
0,40,-4,0.5,-0.595385,180,0,1,42949
4,35,-1,0.5,-0.59066,180,0,1,42961
-4,33,-5,0.5,-0.586205,180,0,1,42979
0,30,-3,0.5,-0.582155,180,0,0,42995
0,26,-5,0.5,-0.578645,180,0,0,43012
0,22,-7,0.5,-0.575675,180,0,0,43031
0,20,-7,0.5,-0.572975,180,0,0,43048
0,19,-8,0.5,-0.57041,180,0,0,43064
1,23,-9,0.5,-0.567305,180,0,0,43080
0,27,-7,0.5,-0.56366,180,0,1,43098
0,32,-7,0.5,-0.55934,180,0,1,43112
0,35,-6,0.5,-0.554615,180,0,1,43130
0,40,-6,0.5,-0.549215,180,0,0,43148
0,39,-8,0.5,-0.54395,180,0,0,43163
0,39,-8,0.5,-0.538685,180,0,0,43180
0,36,-8,0.5,-0.533825,180,0,0,43198
0,32,-7,0.5,-0.529505,180,0,0,43213
0,32,-6,0.5,-0.525185,180,0,0,43230
0,27,-6,0.5,-0.52154,180,0,1,43247
0,26,-6,0.5,-0.51803,180,0,1,43263
0,24,-7,0.5,-0.51479,180,0,1,43280
0,21,-7,0.5,-0.511955,180,0,0,43298
0,45,-16,0.5,-0.50588,180,0,0,43315
0,28,-8,0.5,-0.5021,180,0,0,43330
0,34,-8,0.5,-0.49751,180,0,0,43346
0,39,-7,0.5,-0.492245,180,0,0,43363
0,42,-5,0.5,-0.486575,180,0,0,43379
0,42,-5,0.5,-0.480905,180,0,1,43396
0,40,-3,0.5,-0.475505,180,0,1,43413
0,39,-3,0.5,-0.47024,180,0,1,43428
0,38,-2,0.5,-0.46511,180,0,0,43447
0,33,-2,0.5,-0.460655,180,0,0,43462
0,31,-2,0.5,-0.45647,180,0,0,43479
0,28,-4,0.5,-0.45269,180,0,0,43496
0,26,-3,0.5,-0.44918,180,0,0,43513
0,29,-4,0.5,-0.445265,180,0,0,43529
0,32,-4,0.5,-0.440945,180,0,0,43545
0,32,-4,0.5,-0.436625,180,0,0,43562
0,37,-5,0.5,-0.43163,180,0,0,43579
4,37,-4,0.5,-0.426635,180,0,0,43596
0,41,-2,0.5,-0.4211,180,0,0,43612
0,43,-3,0.5,-0.415295,180,0,0,43629
0,42,-2,0.5,-0.409625,180,0,0,43646
0,80,-4,0.5,-0.398825,180,0,0,43662
0,0,0,0.5,-0.398825,180,0,0,43678
0,66,-2,0.5,-0.389915,180,0,0,43697
0,26,-2,0.5,-0.386405,180,0,0,43712
0,20,-3,0.5,-0.383705,180,0,0,43730
0,18,-4,0.5,-0.381275,180,0,0,43749
0,18,-4,0.5,-0.378845,180,0,0,43764
0,21,-4,0.5,-0.37601,180,0,0,43779
0,23,-3,0.5,-0.372905,180,0,0,43796
0,27,-2,0.5,-0.36926,180,0,0,43812
-1,33,-3,0.5,-0.364805,180,0,1,43829
1,34,-2,0.5,-0.360215,180,0,1,43848
1,39,-1,0.5,-0.35495,180,0,1,43861
0,40,-3,0.5,-0.34955,180,0,0,43879
0,36,-5,0.5,-0.34469,180,0,0,43897
0,33,-6,0.5,-0.340235,180,0,0,43913
0,30,-5,0.5,-0.336185,180,0,0,43929
0,29,-5,0.5,-0.33227,180,0,0,43948
0,30,-5,0.5,-0.32822,180,0,0,43962
0,30,-3,0.5,-0.32417,180,0,1,43979
0,31,-4,0.5,-0.319985,180,0,1,43996
0,32,-5,0.5,-0.315665,180,0,1,44012
0,28,-6,0.5,-0.311885,180,0,0,44029
0,53,-11,0.5,-0.30473,180,0,0,44050
0,0,-3,0.5,-0.30473,180,0,0,44062
1,62,-12,0.5,-0.29636,180,0,0,44084
0,0,0,0.5,-0.29636,180,0,0,44094
-1,86,-13,0.5,-0.28475,180,0,0,44115
0,49,-6,0.5,-0.278135,180,0,1,44129
0,48,-7,0.5,-0.271655,180,0,1,44148
0,43,-5,0.5,-0.26585,180,0,1,44162
0,38,-5,0.5,-0.26072,180,0,0,44179
0,33,-5,0.5,-0.256265,180,0,0,44198
0,27,-6,0.5,-0.25262,180,0,0,44215
1,24,-7,0.5,-0.24938,180,0,0,44230
-2,23,-10,0.5,-0.246275,180,0,0,44248
0,26,-9,0.5,-0.242765,180,0,0,44263
0,31,-7,0.5,-0.23858,180,0,0,44279
-3,37,-11,0.5,-0.233585,180,0,1,44299
0,41,-9,0.5,-0.22805,180,0,1,44313
0,43,-8,0.5,-0.222245,180,0,1,44329
-2,45,-9,0.5,-0.21617,180,0,0,44348
2,46,-10,0.5,-0.20996,180,0,0,44363
1,46,-9,0.5,-0.20375,180,0,0,44380
-5,44,-10,0.5,-0.19781,180,0,0,44399
0,43,-8,0.5,-0.192005,180,0,0,44420
0,40,-7,0.5,-0.186605,180,0,0,44429
3,36,-7,0.5,-0.181745,180,0,0,44447
1,31,-9,0.5,-0.17756,180,0,1,44463
0,28,-8,0.5,-0.17378,180,0,1,44480
0,62,-7,0.5,-0.16541,180,0,0,44498
0,38,-14,0.5,-0.16028,180,0,0,44514
0,42,-7,0.5,-0.15461,180,0,0,44530
0,43,-5,0.5,-0.148805,180,0,0,44546
0,41,-5,0.5,-0.14327,180,0,0,44563
0,39,-3,0.5,-0.138005,180,0,0,44578
0,41,-3,0.5,-0.13247,180,0,0,44596
0,40,-1,0.5,-0.12707,180,0,1,44611
0,40,-3,0.5,-0.12167,180,0,1,44628
0,34,-5,0.5,-0.11708,180,0,1,44646
0,31,-6,0.5,-0.112895,180,0,0,44663
0,25,-5,0.5,-0.10952,180,0,0,44678
0,25,-6,0.5,-0.106145,180,0,0,44697
-1,25,-6,0.5,-0.10277,180,0,0,44713
0,28,-5,0.5,-0.09899,180,0,0,44728
0,34,-5,0.5,-0.0944,180,0,0,44747
0,36,-3,0.5,-0.08954,180,0,0,44761
0,37,-2,0.5,-0.084545,180,0,1,44779
0,36,0,0.5,-0.079685,180,0,1,44794
0,35,0,0.5,-0.07496,180,0,1,44811
0,32,0,0.5,-0.07064,180,0,0,44829
0,65,0,0.5,-0.061865,180,0,0,44845
0,38,0,0.5,-0.056735,180,0,0,44861
0,0,0,0.5,-0.056735,180,0,0,44877
0,75,0,0.5,-0.04661,180,0,0,44894
0,38,0,0.5,-0.04148,180,0,0,44911
0,40,0,0.5,-0.03608,180,0,0,44928
0,39,0,0.5,-0.030815,180,0,0,44944
0,40,-2,0.5,-0.025415,180,0,0,44961
0,39,0,0.5,-0.02015,180,0,0,44977
0,37,0,0.5,-0.015155,180,0,0,44994
0,39,0,0.5,-0.00989,180,0,0,45011
0,36,0,0.5,-0.00503,180,0,0,45027
0,38,0,0.5,0.0001,180,0,0,45044
0,42,0,0.5,0.00577,180,0,0,45061
0,45,0,0.5,0.011845,180,0,0,45077
0,47,0,0.5,0.01819,180,0,0,45094
0,47,0,0.5,0.024535,180,0,1,45111
0,43,0,0.5,0.03034,180,0,1,45128
0,36,-1,0.5,0.0352,180,0,0,45144
0,34,-2,0.5,0.03979,180,0,0,45162
0,28,-2,0.5,0.04357,180,0,0,45178
0,29,0,0.5,0.047485,180,0,0,45194
0,27,0,0.5,0.05113,180,0,0,45211
0,26,1,0.5,0.05464,180,0,0,45229
0,51,4,0.5,0.061525,180,0,1,45247
0,27,2,0.5,0.06517,180,0,1,45262
0,29,1,0.5,0.069085,180,0,1,45278
0,34,0,0.5,0.073675,180,0,0,45295
6,40,2,0.5,0.079075,180,0,0,45311
-1,43,0,0.5,0.08488,180,0,0,45329
-1,43,0,0.5,0.090685,180,0,0,45344
0,43,0,0.5,0.09649,180,0,0,45361
0,43,0,0.5,0.102295,180,0,0,45379
0,37,0,0.5,0.10729,180,0,0,45395
0,32,0,0.5,0.11161,180,0,0,45411
-1,29,0,0.5,0.115525,180,0,0,45427
0,22,0,0.5,0.118495,180,0,0,45444
4,18,4,0.5,0.120925,180,0,0,45461
-5,16,1,0.5,0.123085,180,0,0,45478
0,15,3,0.5,0.12511,180,0,0,45496
0,17,3,0.5,0.127405,180,0,0,45511
0,23,3,0.5,0.13051,180,0,1,45529
0,28,2,0.5,0.13429,180,0,1,45545
0,33,1,0.5,0.138745,180,0,1,45561
0,37,1,0.5,0.14374,180,0,0,45578
0,37,1,0.5,0.148735,180,0,0,45597
4,37,3,0.5,0.15373,180,0,0,45611
1,38,1,0.5,0.15886,180,0,0,45628
0,70,0,0.5,0.16831,180,0,0,45646
0,30,0,0.5,0.17236,180,0,0,45661
0,23,0,0.5,0.175465,180,0,0,45678
0,18,1,0.5,0.177895,180,0,0,45695
0,9,2,0.5,0.17911,180,0,0,45712
0,5,2,0.5,0.179785,180,0,0,45728
0,7,0,0.5,0.18073,180,0,0,45747
0,17,-3,0.5,0.183025,180,0,0,45761
0,26,-5,0.5,0.186535,180,0,0,45779
0,35,-6,0.5,0.19126,180,0,0,45796
0,38,-5,0.5,0.19639,180,0,0,45812
0,36,-6,0.5,0.20125,180,0,0,45829
0,39,-6,0.5,0.206515,180,0,0,45847
0,44,-6,0.5,0.212455,180,0,0,45862
0,49,-6,0.5,0.21907,180,0,0,45882
0,49,-7,0.5,0.225685,180,0,0,45900
0,46,-10,0.5,0.231895,180,0,0,45913
-4,43,-13,0.5,0.2377,180,0,0,45936
2,40,-10,0.5,0.2431,180,0,0,45949
-7,32,-13,0.5,0.24742,180,0,0,45965
-4,28,-10,0.5,0.2512,180,1,0,45981
7,34,-4,0.5,0.25579,180,1,0,45998
-5,38,-11,0.5,0.26092,180,1,0,46014
0,38,-10,0.5,0.26605,180,0,0,46030
1,76,-13,0.5,0.27631,180,0,0,46050
-1,43,-30,0.5,0.282115,180,0,0,46071
0,0,0,0.5,0.282115,180,0,0,46078
0,93,-32,0.5,0.29467,180,0,0,46104
0,41,-13,0.5,0.300205,180,0,0,46117
0,32,-12,0.5,0.304525,180,0,0,46131
0,27,-12,0.5,0.30817,180,0,0,46149
0,20,-11,0.5,0.31087,180,0,0,46165
0,17,-10,0.5,0.313165,180,0,0,46179
0,16,-9,0.5,0.315325,180,0,0,46199
0,15,-8,0.5,0.31735,180,0,1,46213
0,17,-6,0.5,0.319645,180,0,1,46228
0,17,-5,0.5,0.32194,180,0,1,46246
0,17,-4,0.5,0.324235,180,0,0,46263
0,13,-2,0.5,0.32599,180,0,0,46278
0,10,-1,0.5,0.32734,180,0,0,46295
0,9,0,0.5,0.328555,180,0,0,46311
0,7,0,0.5,0.3295,180,0,0,46327
0,7,-1,0.5,0.330445,180,0,0,46344
0,7,-1,0.5,0.33139,180,0,0,46363
0,7,-2,0.5,0.332335,180,0,0,46378
0,8,-1,0.5,0.333415,180,0,0,46395
3,12,-1,0.5,0.335035,180,0,0,46411
0,16,-2,0.5,0.337195,180,0,1,46428
0,20,-1,0.5,0.339895,180,0,1,46445
0,38,-2,0.5,0.345025,180,0,1,46462
0,14,-1,0.5,0.346915,180,0,0,46478
0,11,0,0.5,0.3484,180,0,0,46495
0,7,0,0.5,0.349345,180,0,0,46511
0,5,-1,0.5,0.35002,180,0,0,46528
0,4,-2,0.5,0.35056,180,0,1,46546
0,3,-2,0.5,0.350965,180,0,1,46563
0,3,-2,0.5,0.35137,180,0,0,46578
0,3,-1,0.5,0.351775,180,0,0,46594
0,4,-1,0.5,0.352315,180,0,0,46612
0,6,0,0.5,0.353125,180,0,0,46627
0,10,0,0.5,0.354475,180,0,0,46644
0,13,-1,0.5,0.35623,180,0,0,46663
0,15,0,0.5,0.358255,180,0,1,46677
0,16,0,0.5,0.360415,180,0,1,46695
0,15,0,0.5,0.36244,180,0,0,46711
-3,11,0,0.5,0.363925,180,0,0,46728
3,10,0,0.5,0.365275,180,0,0,46744
0,6,0,0.5,0.366085,180,0,0,46765
1,6,1,0.5,0.366895,180,0,1,46778
-2,7,0,0.5,0.36784,180,0,1,46795
0,9,0,0.5,0.369055,180,0,1,46814
0,10,0,0.5,0.370405,180,0,0,46827
0,10,-1,0.5,0.371755,180,0,0,46844
-1,16,0,0.5,0.373915,180,0,0,46861
0,6,-1,0.5,0.374725,180,0,0,46878
0,7,-1,0.5,0.37567,180,0,0,46895
0,7,-2,0.5,0.376615,180,0,1,46913
0,9,-2,0.5,0.37783,180,0,1,46928
0,8,-1,0.5,0.37891,180,0,1,46945
0,8,-2,0.5,0.37999,180,0,0,46963
1,7,0,0.5,0.380935,180,0,0,46977
3,6,0,0.5,0.381745,180,0,0,46995
0,7,-1,0.5,0.38269,180,0,0,47011
0,9,-1,0.5,0.383905,180,0,1,47028
0,12,-1,0.5,0.385525,180,0,1,47045
-3,13,-2,0.5,0.38728,180,0,1,47062
2,13,0,0.5,0.389035,180,0,0,47078
0,10,-1,0.5,0.390385,180,0,0,47099
0,6,-2,0.5,0.391195,180,0,0,47111
0,2,-1,0.5,0.391465,180,0,0,47128
1,1,-2,0.5,0.3916,180,0,0,47145
1,-1,-1,0.5,0.391465,180,0,0,47161
-2,-2,-4,0.5,0.391195,180,0,1,47178
-4,0,-4,0.5,0.391195,180,0,0,47199
-1,1,-3,0.5,0.39133,180,0,0,47211
4,1,0,0.5,0.391465,180,0,0,47227
0,-1,-2,0.5,0.39133,180,0,0,47245
0,0,-4,0.5,0.39133,180,0,0,47262
0,1,-2,0.5,0.391465,180,0,0,47278
0,4,-1,0.5,0.392005,180,0,0,47295
0,4,0,0.5,0.392545,180,0,0,47311
1,5,-1,0.5,0.39322,180,0,0,47327
0,5,0,0.5,0.393895,180,0,0,47344
0,5,-1,0.5,0.39457,180,0,0,47362
0,5,0,0.5,0.395245,180,0,0,47377
0,7,-1,0.5,0.39619,180,0,0,47395
0,10,0,0.5,0.39754,180,0,0,47411
0,13,-1,0.5,0.399295,180,0,1,47428
0,15,0,0.5,0.40132,180,0,1,47445
0,14,-1,0.5,0.40321,180,0,1,47462
0,10,0,0.5,0.40456,180,0,0,47477
0,8,-1,0.5,0.40564,180,0,0,47497
0,4,0,0.5,0.40618,180,0,0,47512
0,2,0,0.5,0.40645,180,0,0,47528
0,3,0,0.5,0.406855,180,0,0,47544
0,6,0,0.5,0.407665,180,0,1,47562
0,10,-1,0.5,0.409015,180,0,1,47578
0,9,0,0.5,0.41023,180,0,1,47594
0,8,0,0.5,0.41131,180,0,0,47612
0,7,0,0.5,0.412255,180,0,0,47629
0,9,0,0.5,0.41347,180,0,0,47645
0,0,0,0.5,0.41347,180,0,0,47661
0,6,0,0.5,0.41428,180,0,1,47678
0,6,-1,0.5,0.41509,180,0,1,47694
0,7,-1,0.5,0.416035,180,0,1,47712
0,7,0,0.5,0.41698,180,0,0,47727
0,6,-1,0.5,0.41779,180,0,0,47745
0,6,0,0.5,0.4186,180,0,0,47762
0,6,-1,0.5,0.41941,180,0,0,47778
0,8,-2,0.5,0.42049,180,0,0,47795
1,11,-1,0.5,0.421975,180,0,0,47812
0,12,-1,0.5,0.423595,180,0,1,47828
0,13,-2,0.5,0.42535,180,0,1,47845
0,13,-1,0.5,0.427105,180,0,1,47861
0,9,-2,0.5,0.42832,180,0,0,47878
0,6,-2,0.5,0.42913,180,0,0,47896
0,3,-2,0.5,0.429535,180,0,0,47912
0,0,-1,0.5,0.429535,180,0,0,47928
0,0,-1,0.5,0.429535,180,0,0,47944
0,1,-1,0.5,0.42967,180,0,1,47961
-2,3,-1,0.5,0.430075,180,0,1,47978
-1,5,-2,0.5,0.43075,180,0,1,47994
0,5,-1,0.5,0.431425,180,0,0,48011
0,4,-1,0.5,0.431965,180,0,0,48028
0,3,-1,0.5,0.43237,180,0,0,48044
0,4,0,0.5,0.43291,180,0,0,48061
0,1,0,0.5,0.433045,180,0,0,48078
0,1,0,0.5,0.43318,180,0,0,48094
0,3,1,0.5,0.433585,180,0,0,48111
0,2,1,0.5,0.433855,180,0,0,48128
0,1,0,0.5,0.43399,180,0,0,48144
-1,1,0,0.5,0.434125,180,0,0,48162
0,0,2,0.5,0.434125,180,0,0,48178
0,-1,0,0.5,0.43399,180,0,0,48194
0,-1,1,0.5,0.433855,180,0,0,48213
0,0,1,0.5,0.433855,180,0,0,48228
0,0,1,0.5,0.433855,180,0,0,48244
0,2,1,0.5,0.434125,180,0,0,48261
0,1,1,0.5,0.43426,180,0,0,48278
0,1,0,0.5,0.434395,180,0,0,48295
0,1,0,0.5,0.43453,180,0,0,48311
0,2,0,0.5,0.4348,180,0,0,48328
0,1,0,0.5,0.434935,180,0,0,48344
0,2,0,0.5,0.435205,180,0,0,48362
0,1,0,0.5,0.43534,180,0,0,48378
0,1,0,0.5,0.435475,180,0,0,48395
0,1,0,0.5,0.43561,180,0,0,48411
0,1,0,0.5,0.435745,180,0,0,48428
0,1,-2,0.5,0.43588,180,0,0,48446
0,1,-1,0.5,0.436015,180,0,0,48461
0,0,-1,0.5,0.436015,180,0,0,48477
0,-1,-1,0.5,0.43588,180,0,0,48495
0,0,0,0.5,0.43588,180,0,0,48510
0,1,-1,0.5,0.436015,180,0,0,48528
0,-1,0,0.5,0.43588,180,0,0,48544
0,2,0,0.5,0.43615,180,0,0,48561
0,1,0,0.5,0.436285,180,0,0,48577
0,2,0,0.5,0.436555,180,0,0,48594
0,2,0,0.5,0.436825,180,0,0,48611
0,6,0,0.5,0.437635,180,0,0,48627
0,7,0,0.5,0.43858,180,0,1,48644
0,11,0,0.5,0.440065,180,0,1,48660
0,11,0,0.5,0.44155,180,0,1,48677
0,10,0,0.5,0.4429,180,0,0,48694
0,7,0,0.5,0.443845,180,0,0,48710
0,1,0,0.5,0.44398,180,0,0,48727
0,0,0,0.5,0.44398,180,0,0,48744
0,-6,0,0.5,0.44317,180,0,0,48760
0,-5,0,0.5,0.442495,180,0,0,48777
0,-4,0,0.5,0.441955,180,0,1,48794
0,-3,0,0.5,0.44155,180,0,1,48810
0,-1,0,0.5,0.441415,180,0,1,48827
0,-1,0,0.5,0.44128,180,0,1,48844
0,3,0,0.5,0.441685,180,0,0,48861
0,3,-1,0.5,0.44209,180,0,0,48878
0,2,0,0.5,0.44236,180,0,0,48894
0,1,0,0.5,0.442495,180,0,0,48911
0,1,0,0.5,0.44263,180,0,0,48928
0,0,0,0.5,0.44263,180,0,0,48944
0,0,0,0.5,0.44263,180,0,0,48960
0,0,0,0.5,0.44263,180,0,0,48977
0,0,0,0.5,0.44263,180,0,0,48994
0,0,0,0.5,0.44263,180,0,0,49010
0,0,0,0.5,0.44263,180,0,0,49027
0,0,0,0.5,0.44263,180,0,0,49044
0,0,1,0.5,0.44263,180,0,0,49060
0,0,0,0.5,0.44263,180,0,0,49077
0,-6,0,0.5,0.44182,180,0,0,49094
0,-10,0,0.5,0.44047,180,0,0,49111
0,-13,0,0.5,0.438715,180,0,0,49128
0,-11,0,0.5,0.43723,180,0,0,49145
0,-9,0,0.5,0.436015,180,0,0,49161
0,-7,0,0.5,0.43507,180,0,0,49178
0,-10,-1,0.5,0.43372,180,0,0,49195
0,-14,-2,0.5,0.43183,180,0,0,49211
0,-16,-1,0.5,0.42967,180,0,0,49228
0,-33,-4,0.5,0.425215,180,0,0,49246
0,0,0,0.5,0.425215,180,0,0,49261
0,-40,-3,0.5,0.419815,180,0,0,49282
0,-22,0,0.5,0.416845,180,0,0,49294
0,-25,0,0.5,0.41347,180,0,0,49311
0,-22,0,0.5,0.4105,180,0,0,49328
0,-18,0,0.5,0.40807,180,0,0,49344
0,-14,1,0.5,0.40618,180,0,0,49361
0,-8,1,0.5,0.4051,180,0,0,49378
0,0,1,0.5,0.4051,180,0,0,49394
0,8,0,0.5,0.40618,180,0,0,49411
0,13,-2,0.5,0.407935,180,0,0,49429
0,18,-4,0.5,0.410365,180,0,0,49446
0,19,-6,0.5,0.41293,180,0,0,49463
0,22,-8,0.5,0.4159,180,0,0,49482
2,24,-11,0.5,0.41914,180,0,0,49497
0,28,-11,0.5,0.42292,180,0,0,49513
0,28,-10,0.5,0.4267,180,0,0,49531
1,30,-10,0.5,0.43075,180,0,0,49548
0,29,-9,0.5,0.434665,180,0,0,49563
0,30,-9,0.5,0.438715,180,0,0,49582
0,31,-9,0.5,0.4429,180,0,0,49599
2,63,-18,0.5,0.451405,180,0,0,49618
0,0,0,0.5,0.451405,180,0,0,49627
-5,34,-10,0.5,0.455995,180,0,0,49647
0,71,-16,0.5,0.46558,180,0,0,49665
0,34,-9,0.5,0.47017,180,0,0,49680
0,28,-9,0.5,0.47395,180,0,0,49699
0,20,-8,0.5,0.47665,180,0,0,49713
0,16,-8,0.5,0.47881,180,0,0,49733
0,12,-8,0.5,0.48043,180,0,0,49750
0,10,-8,0.5,0.48178,180,0,0,49763
0,8,-9,0.5,0.48286,180,0,0,49779
0,8,-9,0.5,0.48394,180,0,0,49798
0,9,-9,0.5,0.485155,180,0,0,49813
0,12,-11,0.5,0.486775,180,0,0,49833
0,15,-12,0.5,0.4888,180,0,0,49848
-1,19,-14,0.5,0.491365,180,0,0,49863
0,22,-14,0.5,0.494335,180,0,0,49882
0,25,-16,0.5,0.49771,180,0,0,49898
0,26,-17,0.5,0.50122,180,0,0,49915
4,26,-16,0.5,0.50473,180,0,0,49931
-5,28,-21,0.5,0.50851,180,0,0,49949
0,29,-20,0.5,0.512425,180,0,0,49971
0,30,-19,0.5,0.516475,180,0,0,49982
4,32,-16,0.5,0.520795,180,0,0,50000
0,32,-18,0.5,0.525115,180,0,0,50015
0,32,-17,0.5,0.529435,180,0,0,50031
3,28,-15,0.5,0.533215,180,0,0,50049
-2,26,-15,0.5,0.536725,180,0,0,50065
-1,37,-31,0.5,0.54172,180,0,0,50085
0,13,-14,0.5,0.543475,180,0,0,50099
0,10,-13,0.5,0.544825,180,0,0,50114
0,14,-15,0.5,0.546715,180,0,0,50130
0,17,-15,0.5,0.54901,180,0,0,50150
0,25,-17,0.5,0.552385,180,0,0,50164
0,28,-17,0.5,0.556165,180,0,0,50181
2,33,-17,0.5,0.56062,180,0,0,50199
0,37,-16,0.5,0.565615,180,0,0,50214
0,38,-15,0.5,0.570745,180,0,0,50230
4,35,-12,0.5,0.57547,180,0,0,50247
1,34,-13,0.5,0.58006,180,0,0,50263
0,28,-12,0.5,0.58384,180,0,0,50281
1,21,-11,0.5,0.586675,180,0,0,50299
0,15,-11,0.5,0.5887,180,0,0,50314
0,14,-11,0.5,0.59059,180,0,0,50330
1,14,-11,0.5,0.59248,180,0,0,50350
0,14,-10,0.5,0.59437,180,0,0,50364
0,19,-11,0.5,0.596935,180,0,0,50382
1,23,-10,0.5,0.60004,180,0,0,50399
0,29,-11,0.5,0.603955,180,0,0,50415
0,32,-10,0.5,0.608275,180,0,0,50430
0,35,-11,0.5,0.613,180,0,0,50448
0,35,-10,0.5,0.617725,180,0,0,50464
0,73,-12,0.5,0.62758,180,0,0,50482
0,33,-23,0.5,0.632035,180,0,0,50501
0,28,-15,0.5,0.635815,180,0,0,50515
0,24,-14,0.5,0.639055,180,0,0,50532
0,20,-13,0.5,0.641755,180,0,0,50548
0,16,-12,0.5,0.643915,180,0,0,50563
0,11,-10,0.5,0.6454,180,0,0,50580
0,2,-9,0.5,0.64567,180,0,0,50597
1,-3,-7,0.5,0.645265,180,0,0,50613
0,-9,-7,0.5,0.64405,180,0,0,50629
0,-9,-6,0.5,0.642835,180,0,0,50646
0,-11,-8,0.5,0.64135,180,0,0,50663
0,-10,-8,0.5,0.64,180,0,0,50679
0,-7,-9,0.5,0.639055,180,0,0,50698
0,-5,-9,0.5,0.63838,180,0,0,50714
0,-2,-9,0.5,0.63811,180,0,0,50729
0,1,-9,0.5,0.638245,180,0,0,50746
0,6,-8,0.5,0.639055,180,0,0,50765
0,7,-8,0.5,0.64,180,0,0,50781
0,10,-8,0.5,0.64135,180,0,0,50799
0,13,-8,0.5,0.643105,180,0,0,50816
0,38,-15,0.5,0.648235,180,0,0,50833
0,0,0,0.5,0.648235,180,0,0,50844
0,20,-4,0.5,0.650935,180,0,0,50862
0,53,-12,0.5,0.65809,180,0,0,50881
0,28,-7,0.5,0.66187,180,0,0,50897
7,29,-4,0.5,0.665785,180,0,0,50913
0,25,-7,0.5,0.66916,180,0,0,50930
-3,18,-8,0.5,0.67159,180,0,0,50948
0,12,-7,0.5,0.67321,180,0,0,50963
7,2,-2,0.5,0.67348,180,0,0,50978
-3,-7,-8,0.5,0.672535,180,0,0,50996
-1,-12,-6,0.5,0.670915,180,0,0,51013
2,-16,-4,0.5,0.668755,180,0,0,51029
0,-15,-4,0.5,0.66673,180,0,0,51047
0,-14,-5,0.5,0.66484,180,0,0,51062
0,-10,-5,0.5,0.66349,180,0,0,51079
0,-4,-4,0.5,0.66295,180,0,0,51095
0,0,-4,0.5,0.66295,180,0,0,51112
0,5,-5,0.5,0.663625,180,0,0,51129
0,9,-6,0.5,0.66484,180,0,0,51147
0,12,-7,0.5,0.66646,180,0,0,51163
0,16,-7,0.5,0.66862,180,0,0,51179
0,20,-7,0.5,0.67132,180,0,0,51196
0,25,-6,0.5,0.674695,180,0,0,51213
0,28,-7,0.5,0.678475,180,0,0,51230
0,33,-7,0.5,0.68293,180,0,0,51248
0,36,-8,0.5,0.68779,180,0,0,51263
1,41,-8,0.5,0.693325,180,0,0,51280
0,92,-13,0.5,0.705745,180,0,0,51303
0,46,-6,0.5,0.71,180,0,0,51317
