-1,147,53,0.5,-0.690155,180,0,0,532707
0,32,18,0.5,-0.685835,180,0,0,532718
0,29,17,0.5,-0.68192,180,0,0,532727
0,26,13,0.5,-0.67841,180,0,0,532736
0,0,4,0.5,-0.67841,180,0,0,532751
0,29,16,0.5,-0.674495,180,0,0,532770
0,61,31,0.5,-0.66626,180,0,0,532792
0,32,15,0.5,-0.66194,180,0,0,532811
0,28,13,0.5,-0.65816,180,0,0,532826
0,28,13,0.5,-0.65438,180,0,0,532840
0,25,12,0.5,-0.651005,180,0,0,532852
0,22,11,0.5,-0.648035,180,0,0,532869
0,15,10,0.5,-0.64601,180,0,0,532886
0,10,11,0.5,-0.64466,180,0,0,532900
-3,8,9,0.5,-0.64358,180,0,0,532919
0,7,11,0.5,-0.642635,180,0,1,532933
0,9,10,0.5,-0.64142,180,0,1,532950
0,11,9,0.5,-0.639935,180,0,1,532968
0,12,8,0.5,-0.638315,180,0,0,532983
0,13,8,0.5,-0.63656,180,0,0,533000
0,13,8,0.5,-0.634805,180,0,0,533016
0,15,9,0.5,-0.63278,180,0,0,533039
0,18,10,0.5,-0.63035,180,0,0,533051
0,20,10,0.5,-0.62765,180,0,1,533070
0,21,10,0.5,-0.624815,180,0,1,533084
0,21,9,0.5,-0.62198,180,0,1,533099
0,21,10,0.5,-0.619145,180,0,1,533118
0,15,7,0.5,-0.61712,180,0,0,533133
0,13,7,0.5,-0.615365,180,0,0,533150
0,11,5,0.5,-0.61388,180,0,0,533168
0,27,14,0.5,-0.610235,180,0,0,533186
0,18,9,0.5,-0.607805,180,0,0,533200
0,18,10,0.5,-0.605375,180,0,0,533218
0,17,11,0.5,-0.60308,180,0,0,533234
0,17,14,0.5,-0.600785,180,0,1,533255
0,19,13,0.5,-0.59822,180,0,1,533270
0,20,13,0.5,-0.59552,180,0,1,533285
0,24,13,0.5,-0.59228,180,0,1,533301
0,25,13,0.5,-0.588905,180,0,0,533318
0,28,14,0.5,-0.585125,180,0,0,533334
0,28,12,0.5,-0.581345,180,0,0,533350
0,28,12,0.5,-0.577565,180,0,0,533367
0,26,12,0.5,-0.574055,180,0,0,533384
0,24,11,0.5,-0.570815,180,0,0,533401
0,27,12,0.5,-0.56717,180,0,1,533419
0,29,12,0.5,-0.563255,180,0,1,533434
0,30,10,0.5,-0.559205,180,0,1,533452
0,31,12,0.5,-0.55502,180,0,1,533468
0,29,12,0.5,-0.551105,180,0,0,533483
-1,23,13,0.5,-0.548,180,0,0,533505
0,21,14,0.5,-0.545165,180,0,0,533520
0,20,15,0.5,-0.542465,180,0,0,533536
0,18,14,0.5,-0.540035,180,0,0,533552
3,42,27,0.5,-0.534365,180,0,0,533575
-1,21,12,0.5,-0.53153,180,0,0,533588
-6,24,9,0.5,-0.52829,180,0,1,533601
0,24,11,0.5,-0.52505,180,0,1,533619
0,26,11,0.5,-0.52154,180,0,1,533633
0,29,12,0.5,-0.517625,180,0,1,533653
0,31,11,0.5,-0.51344,180,0,0,533669
0,30,14,0.5,-0.50939,180,0,0,533684
-6,25,15,0.5,-0.506015,180,0,0,533703
-1,15,18,0.5,-0.50399,180,0,0,533720
1,12,19,0.5,-0.50237,180,0,0,533736
0,12,18,0.5,-0.50075,180,0,0,533755
-2,15,15,0.5,-0.498725,180,0,0,533768
0,19,14,0.5,-0.49616,180,0,0,533784
0,21,12,0.5,-0.493325,180,0,1,533803
0,25,11,0.5,-0.48995,180,0,1,533818
0,26,11,0.5,-0.48644,180,0,1,533834
0,28,10,0.5,-0.48266,180,0,0,533851
0,27,10,0.5,-0.479015,180,0,0,533867
0,22,11,0.5,-0.476045,180,0,0,533884
0,23,13,0.5,-0.47294,180,0,0,533901
-3,24,12,0.5,-0.4697,180,0,0,533919
1,23,16,0.5,-0.466595,180,0,0,533936
1,26,16,0.5,-0.463085,180,0,1,533955
0,48,18,0.5,-0.456605,180,0,1,533969
4,21,20,0.5,-0.45377,180,0,1,533987
0,18,30,0.5,-0.45134,180,0,1,534007
3,17,4,0.5,-0.449045,180,0,0,534017
-5,15,22,0.5,-0.44702,180,0,0,534038
0,15,13,0.5,-0.444995,180,0,0,534053
0,11,14,0.5,-0.44351,180,0,0,534069
0,11,13,0.5,-0.442025,180,0,0,534086
-1,10,14,0.5,-0.440675,180,0,0,534103
0,11,14,0.5,-0.43919,180,0,1,534121
0,14,14,0.5,-0.4373,180,0,1,534137
0,18,14,0.5,-0.43487,180,0,1,534151
0,24,15,0.5,-0.43163,180,0,1,534167
0,28,14,0.5,-0.42785,180,0,0,534186
0,33,15,0.5,-0.423395,180,0,0,534209
0,75,35,0.5,-0.41327,180,0,0,534239
0,35,20,0.5,-0.408545,180,0,0,534251
0,37,20,0.5,-0.40355,180,0,0,534267
0,36,20,0.5,-0.39869,180,0,0,534283
0,38,19,0.5,-0.39356,180,0,0,534297
-1,37,15,0.5,-0.388565,180,0,0,534310
0,35,17,0.5,-0.38384,180,0,0,534325
0,0,0,0.5,-0.38384,180,0,0,534331
5,36,19,0.5,-0.37898,180,0,1,534356
0,56,25,0.5,-0.37142,180,0,1,534372
0,22,17,0.5,-0.36845,180,0,1,534385
0,20,37,0.5,-0.36575,180,0,0,534408
-3,21,21,0.5,-0.362915,180,0,0,534422
0,22,21,0.5,-0.359945,180,0,0,534438
0,22,20,0.5,-0.356975,180,0,0,534453
0,25,21,0.5,-0.3536,180,0,0,534469
3,25,21,0.5,-0.350225,180,0,0,534487
0,26,19,0.5,-0.346715,180,0,1,534505
0,27,18,0.5,-0.34307,180,0,1,534520
-2,26,15,0.5,-0.33956,180,0,1,534535
-2,25,16,0.5,-0.336185,180,0,0,534554
0,31,16,0.5,-0.332,180,0,0,534569
0,32,17,0.5,-0.32768,180,0,0,534589
0,34,18,0.5,-0.32309,180,0,0,534604
0,31,20,0.5,-0.318905,180,0,0,534619
-1,29,20,0.5,-0.31499,180,0,0,534635
2,25,23,0.5,-0.311615,180,0,0,534654
1,26,21,0.5,-0.308105,180,0,0,534670
0,25,21,0.5,-0.30473,180,0,0,534687
0,28,22,0.5,-0.30095,180,0,1,534705
0,27,20,0.5,-0.297305,180,0,1,534719
0,27,19,0.5,-0.29366,180,0,1,534739
0,25,17,0.5,-0.290285,180,0,0,534754
-1,54,18,0.5,-0.282995,180,0,0,534769
0,29,33,0.5,-0.27908,180,0,0,534793
0,29,19,0.5,-0.275165,180,0,0,534806
-1,28,21,0.5,-0.271385,180,0,0,534819
0,24,22,0.5,-0.268145,180,0,0,534837
3,25,24,0.5,-0.26477,180,0,0,534857
1,23,22,0.5,-0.261665,180,0,0,534871
1,24,23,0.5,-0.258425,180,0,1,534889
0,26,21,0.5,-0.254915,180,0,1,534905
0,26,21,0.5,-0.251405,180,0,1,534920
0,28,19,0.5,-0.247625,180,1,0,534936
0,28,19,0.5,-0.243845,180,1,0,534953
0,28,18,0.5,-0.240065,180,1,0,534968
-3,28,18,0.5,-0.236285,180,0,0,534985
0,31,19,0.5,-0.2321,180,0,0,535004
0,32,19,0.5,-0.22778,180,0,0,535024
0,34,21,0.5,-0.22319,180,0,0,535039
0,30,21,0.5,-0.21914,180,0,0,535055
0,30,23,0.5,-0.21509,180,0,0,535070
-3,28,20,0.5,-0.21131,180,0,0,535090
0,29,23,0.5,-0.207395,180,0,0,535108
0,30,23,0.5,-0.203345,180,0,0,535122
0,27,22,0.5,-0.1997,180,0,0,535138
0,22,21,0.5,-0.19673,180,0,0,535154
0,17,20,0.5,-0.194435,180,0,0,535251
-1,59,107,0.5,-0.18647,180,0,0,535279
-1,10,30,0.5,-0.18512,180,0,0,535295
0,4,12,0.5,-0.18458,180,0,0,535305
0,0,0,0.5,-0.18458,180,0,0,535311
0,4,11,0.5,-0.18404,180,0,0,535333
0,7,21,0.5,-0.183095,180,0,0,535347
0,0,0,0.5,-0.183095,180,0,0,535356
0,4,8,0.5,-0.182555,180,0,0,535374
0,2,7,0.5,-0.182285,180,0,0,535392
0,2,6,0.5,-0.182015,180,0,0,535407
0,2,5,0.5,-0.181745,180,0,0,535423
-1,1,5,0.5,-0.18161,180,0,0,535438
1,4,14,0.5,-0.18107,180,0,0,535459
0,3,6,0.5,-0.180665,180,0,0,535471
0,4,7,0.5,-0.180125,180,0,0,535489
-4,5,4,0.5,-0.17945,180,0,0,535505
-7,7,2,0.5,-0.178505,180,0,0,535521
7,8,10,0.5,-0.177425,180,0,0,535540
0,10,7,0.5,-0.176075,180,0,0,535557
0,12,7,0.5,-0.174455,180,0,0,535573
0,10,5,0.5,-0.173105,180,0,0,535588
-3,8,5,0.5,-0.172025,180,0,0,535605
0,8,6,0.5,-0.170945,180,0,0,535622
2,9,7,0.5,-0.16973,180,0,0,535639
0,11,7,0.5,-0.168245,180,0,0,535657
0,15,8,0.5,-0.16622,180,0,0,535674
-4,18,4,0.5,-0.16379,180,0,0,535687
0,19,6,0.5,-0.161225,180,0,0,535706
0,18,5,0.5,-0.158795,180,0,0,535722
0,17,4,0.5,-0.1565,180,0,0,535740
0,17,3,0.5,-0.154205,180,0,0,535754
0,17,2,0.5,-0.15191,180,0,0,535775
0,19,1,0.5,-0.149345,180,0,0,535787
1,18,1,0.5,-0.146915,180,0,0,535804
0,18,2,0.5,-0.144485,180,0,0,535821
0,17,2,0.5,-0.14219,180,0,0,535837
0,31,6,0.5,-0.138005,180,0,0,535856
1,15,5,0.5,-0.13598,180,0,0,535872
-4,15,2,0.5,-0.133955,180,0,0,535887
0,14,3,0.5,-0.132065,180,0,0,535905
2,14,4,0.5,-0.130175,180,0,0,535922
0,14,4,0.5,-0.128285,180,0,0,535937
0,11,3,0.5,-0.1268,180,0,0,535955
-3,7,2,0.5,-0.125855,180,0,0,535972
0,4,4,0.5,-0.125315,180,0,0,535988
0,2,3,0.5,-0.125045,180,0,0,536004
0,3,5,0.5,-0.12464,180,0,0,536028
0,7,6,0.5,-0.123695,180,0,0,536038
0,7,5,0.5,-0.12275,180,0,0,536054
0,10,6,0.5,-0.1214,180,0,0,536075
0,8,5,0.5,-0.12032,180,0,0,536092
0,9,5,0.5,-0.119105,180,0,0,536105
-1,9,5,0.5,-0.11789,180,0,0,536122
0,9,4,0.5,-0.116675,180,0,0,536138
0,10,4,0.5,-0.115325,180,0,0,536154
0,10,3,0.5,-0.113975,180,0,0,536174
0,10,3,0.5,-0.112625,180,0,0,536188
0,8,3,0.5,-0.111545,180,0,0,536207
0,8,3,0.5,-0.110465,180,0,0,536221
0,8,3,0.5,-0.109385,180,0,0,536237
0,15,6,0.5,-0.10736,180,0,0,536257
0,0,0,0.5,-0.10736,180,0,0,536271
0,17,6,0.5,-0.105065,180,0,0,536289
0,7,4,0.5,-0.10412,180,0,0,536311
0,7,3,0.5,-0.103175,180,0,0,536321
0,6,3,0.5,-0.102365,180,0,0,536338
0,7,3,0.5,-0.10142,180,0,0,536357
0,6,2,0.5,-0.10061,180,0,0,536374
0,8,3,0.5,-0.09953,180,0,0,536390
0,7,3,0.5,-0.098585,180,0,0,536405
0,7,3,0.5,-0.09764,180,0,0,536423
0,7,3,0.5,-0.096695,180,0,0,536437
0,6,2,0.5,-0.095885,180,0,0,536454
0,6,2,0.5,-0.095075,180,0,0,536472
0,6,2,0.5,-0.094265,180,0,0,536487
0,5,1,0.5,-0.09359,180,0,0,536504
0,5,0,0.5,-0.092915,180,0,0,536520
0,2,0,0.5,-0.092645,180,0,0,536537
-1,0,2,0.5,-0.092645,180,0,0,536554
0,-2,2,0.5,-0.092915,180,0,0,536571
0,-1,2,0.5,-0.09305,180,0,0,536587
0,1,4,0.5,-0.092915,180,0,0,536611
-1,13,4,0.5,-0.09116,180,0,0,536623
0,0,4,0.5,-0.09116,180,0,0,536637
0,21,7,0.5,-0.088325,180,0,0,536655
0,11,5,0.5,-0.08684,180,0,0,536672
0,10,5,0.5,-0.08549,180,0,0,536688
0,10,4,0.5,-0.08414,180,0,0,536704
-1,9,4,0.5,-0.082925,180,0,0,536722
0,9,4,0.5,-0.08171,180,0,0,536744
0,10,4,0.5,-0.08036,180,0,0,536754
0,10,3,0.5,-0.07901,180,0,0,536771
0,11,3,0.5,-0.077525,180,0,0,536789
0,12,3,0.5,-0.075905,180,0,0,536804
0,10,3,0.5,-0.074555,180,0,0,536821
0,12,3,0.5,-0.072935,180,0,0,536837
0,11,2,0.5,-0.07145,180,0,0,536854
0,11,3,0.5,-0.069965,180,0,0,536872
0,11,2,0.5,-0.06848,180,0,1,536887
0,13,3,0.5,-0.066725,180,0,1,536904
0,13,4,0.5,-0.06497,180,0,1,536923
0,14,4,0.5,-0.06308,180,0,1,536938
0,14,4,0.5,-0.06119,180,0,0,536954
0,13,5,0.5,-0.059435,180,0,0,536972
0,12,5,0.5,-0.057815,180,0,0,536988
0,9,5,0.5,-0.0566,180,0,0,537006
0,7,5,0.5,-0.055655,180,0,0,537025
0,4,4,0.5,-0.055115,180,0,1,537038
0,7,8,0.5,-0.05417,180,0,0,537062
0,2,2,0.5,-0.0539,180,0,0,537071
0,2,2,0.5,-0.05363,180,0,0,537087
0,1,0,0.5,-0.053495,180,0,0,537103
0,0,0,0.5,-0.053495,180,0,1,537120
0,0,0,0.5,-0.053495,180,0,1,537136
0,0,-1,0.5,-0.053495,180,0,1,537153
0,1,0,0.5,-0.05336,180,0,0,537173
0,-1,0,0.5,-0.053495,180,0,0,537186
0,0,0,0.5,-0.053495,180,0,0,537203
0,0,0,0.5,-0.053495,180,0,0,537220
0,0,1,0.5,-0.053495,180,0,1,537237
0,1,1,0.5,-0.05336,180,0,1,537253
0,4,1,0.5,-0.05282,180,0,1,537271
0,2,2,0.5,-0.05255,180,0,0,537287
0,2,2,0.5,-0.05228,180,0,0,537304
0,1,1,0.5,-0.052145,180,0,0,537321
0,1,1,0.5,-0.05201,180,0,0,537337
0,0,0,0.5,-0.05201,180,0,0,537353
0,1,0,0.5,-0.051875,180,0,1,537372
0,1,0,0.5,-0.05174,180,0,1,537387
0,1,0,0.5,-0.051605,180,0,0,537403
0,2,0,0.5,-0.051335,180,0,0,537421
0,0,1,0.5,-0.051335,180,0,0,537437
0,0,2,0.5,-0.051335,180,0,0,537454
0,1,0,0.5,-0.0512,180,0,1,537470
3,1,1,0.5,-0.051065,180,0,1,537487
0,1,0,0.5,-0.05093,180,0,1,537504
0,1,1,0.5,-0.050795,180,0,0,537522
0,1,1,0.5,-0.05066,180,0,0,537537
0,0,0,0.5,-0.05066,180,0,0,537553
-2,0,0,0.5,-0.05066,180,0,0,537570
0,0,0,0.5,-0.05066,180,0,1,537586
0,0,0,0.5,-0.05066,180,0,1,537603
0,0,0,0.5,-0.05066,180,0,1,537620
0,1,0,0.5,-0.050525,180,0,0,537637
0,0,0,0.5,-0.050525,180,0,0,537653
0,0,0,0.5,-0.050525,180,0,0,537670
0,0,0,0.5,-0.050525,180,0,0,537686
0,0,0,0.5,-0.050525,180,0,0,537703
0,0,0,0.5,-0.050525,180,0,1,537719
0,1,0,0.5,-0.05039,180,0,1,537736
0,1,0,0.5,-0.050255,180,0,0,537754
0,0,0,0.5,-0.050255,180,0,0,537769
0,1,0,0.5,-0.05012,180,0,0,537786
0,0,0,0.5,-0.05012,180,0,0,537804
0,0,0,0.5,-0.05012,180,0,0,537819
0,0,0,0.5,-0.05012,180,0,1,537836
0,0,-1,0.5,-0.05012,180,0,1,537853
1,0,0,0.5,-0.05012,180,0,1,537870
0,0,0,0.5,-0.05012,180,0,0,537886
0,0,0,0.5,-0.05012,180,0,0,537903
-1,0,0,0.5,-0.05012,180,0,0,537920
0,0,0,0.5,-0.05012,180,0,0,537936
1,0,0,0.5,-0.05012,180,0,0,537954
-1,0,0,0.5,-0.05012,180,0,1,537970
0,0,-1,0.5,-0.05012,180,0,1,537986
0,1,0,0.5,-0.049985,180,0,1,538003
0,0,0,0.5,-0.049985,180,0,0,538021
0,0,0,0.5,-0.049985,180,0,0,538036
0,0,0,0.5,-0.049985,180,0,0,538053
0,-2,-1,0.5,-0.050255,180,0,0,538073
0,0,-1,0.5,-0.050255,180,0,1,538089
0,-1,-1,0.5,-0.05039,180,0,1,538104
0,0,0,0.5,-0.05039,180,0,1,538120
0,0,0,0.5,-0.05039,180,0,0,538136
0,0,0,0.5,-0.05039,180,0,0,538153
0,0,0,0.5,-0.05039,180,0,0,538172
0,0,0,0.5,-0.05039,180,0,0,538186
0,0,0,0.5,-0.05039,180,0,0,538203
0,-2,-1,0.5,-0.05066,180,0,1,538221
0,0,-1,0.5,-0.05066,180,0,1,538237
0,1,-1,0.5,-0.050525,180,0,1,538254
0,1,0,0.5,-0.05039,180,0,0,538271
0,0,0,0.5,-0.05039,180,0,0,538286
0,-2,-1,0.5,-0.05066,180,0,0,538304
0,-2,-1,0.5,-0.05093,180,0,0,538322
0,0,-1,0.5,-0.05093,180,0,1,538337
0,1,-1,0.5,-0.050795,180,0,1,538354
0,1,-1,0.5,-0.05066,180,0,1,538371
0,1,-1,0.5,-0.050525,180,0,1,538387
0,0,0,0.5,-0.050525,180,0,0,538403
0,0,0,0.5,-0.050525,180,0,0,538420
0,-1,0,0.5,-0.05066,180,0,0,538436
0,-1,-1,0.5,-0.050795,180,0,0,538453
0,-1,-1,0.5,-0.05093,180,0,0,538471
0,1,-2,0.5,-0.050795,180,0,0,538487
0,1,-2,0.5,-0.05066,180,0,1,538504
0,1,-2,0.5,-0.050525,180,0,1,538522
0,0,-2,0.5,-0.050525,180,0,1,538537
0,-2,-2,0.5,-0.050795,180,0,0,538554
0,0,0,0.5,-0.050795,180,0,0,538570
0,-3,0,0.5,-0.0512,180,0,0,538586
0,0,0,0.5,-0.0512,180,0,0,538603
0,0,0,0.5,-0.0512,180,0,0,538619
0,4,1,0.5,-0.05066,180,0,1,538637
0,5,1,0.5,-0.049985,180,0,1,538654
0,6,1,0.5,-0.049175,180,0,1,538671
0,11,3,0.5,-0.04769,180,0,0,538688
0,3,2,0.5,-0.047285,180,0,0,538705
0,5,2,0.5,-0.04661,180,0,0,538722
0,5,2,0.5,-0.045935,180,0,0,538737
0,7,2,0.5,-0.04499,180,0,0,538754
0,7,2,0.5,-0.044045,180,0,0,538771
0,9,2,0.5,-0.04283,180,0,1,538787
0,9,2,0.5,-0.041615,180,0,1,538804
0,7,2,0.5,-0.04067,180,0,1,538821
0,8,2,0.5,-0.03959,180,0,0,538837
0,5,1,0.5,-0.038915,180,0,0,538853
0,7,2,0.5,-0.03797,180,0,0,538871
0,6,2,0.5,-0.03716,180,0,0,538887
0,9,2,0.5,-0.035945,180,0,0,538904
0,9,2,0.5,-0.03473,180,0,1,538921
0,10,2,0.5,-0.03338,180,0,1,538937
0,10,2,0.5,-0.03203,180,0,1,538955
0,8,2,0.5,-0.03095,180,0,1,538972
0,7,2,0.5,-0.030005,180,0,0,538988
0,9,3,0.5,-0.02879,180,0,0,539009
0,3,1,0.5,-0.028385,180,0,0,539022
0,0,0,0.5,-0.028385,180,0,0,539036
0,10,2,0.5,-0.027035,180,0,0,539054
0,7,1,0.5,-0.02609,180,0,1,539071
0,8,2,0.5,-0.02501,180,0,1,539087
0,8,2,0.5,-0.02393,180,0,1,539104
0,9,2,0.5,-0.022715,180,0,1,539122
0,9,3,0.5,-0.0215,180,0,0,539137
0,8,3,0.5,-0.02042,180,0,0,539154
0,8,3,0.5,-0.01934,180,0,0,539171
0,9,3,0.5,-0.018125,180,0,0,539189
0,7,3,0.5,-0.01718,180,0,0,539204
0,7,3,0.5,-0.016235,180,0,1,539223
0,5,4,0.5,-0.01556,180,0,1,539237
0,3,4,0.5,-0.015155,180,0,1,539255
0,1,5,0.5,-0.01502,180,0,1,539273
0,0,3,0.5,-0.01502,180,0,0,539287
0,0,4,0.5,-0.01502,180,0,0,539307
0,4,2,0.5,-0.01448,180,0,0,539321
0,6,2,0.5,-0.01367,180,0,0,539337
0,10,3,0.5,-0.01232,180,0,0,539354
0,12,3,0.5,-0.0107,180,0,1,539373
0,13,3,0.5,-0.008945,180,0,1,539387
0,15,3,0.5,-0.00692,180,0,1,539405
0,16,3,0.5,-0.00476,180,0,1,539422
0,14,3,0.5,-0.00287,180,0,0,539438
0,26,5,0.5,0.00064,180,0,0,539455
0,11,3,0.5,0.002125,180,0,0,539471
0,10,3,0.5,0.003475,180,0,0,539487
0,10,3,0.5,0.004825,180,0,0,539505
0,11,3,0.5,0.00631,180,0,1,539523
0,11,3,0.5,0.007795,180,0,1,539537
0,10,3,0.5,0.009145,180,0,1,539554
0,10,3,0.5,0.010495,180,0,0,539572
-1,10,3,0.5,0.011845,180,0,0,539587
0,11,3,0.5,0.01333,180,0,0,539604
0,10,3,0.5,0.01468,180,0,0,539621
0,12,3,0.5,0.0163,180,0,0,539637
0,14,3,0.5,0.01819,180,0,0,539654
0,15,3,0.5,0.020215,180,0,1,539671
0,16,3,0.5,0.022375,180,0,1,539687
0,16,3,0.5,0.024535,180,0,1,539711
0,14,3,0.5,0.026425,180,0,1,539721
0,13,4,0.5,0.02818,180,0,0,539742
0,11,5,0.5,0.029665,180,0,0,539755
0,11,6,0.5,0.03115,180,0,0,539775
0,12,5,0.5,0.03277,180,0,0,539788
0,15,6,0.5,0.034795,180,0,0,539805
0,15,5,0.5,0.03682,180,0,1,539822
0,30,9,0.5,0.04087,180,0,1,539842
0,0,0,0.5,0.04087,180,0,1,539853
0,25,9,0.5,0.044245,180,0,1,539873
0,12,4,0.5,0.045865,180,0,0,539887
0,12,4,0.5,0.047485,180,0,0,539904
0,17,5,0.5,0.04978,180,0,0,539922
0,19,5,0.5,0.052345,180,0,0,539938
0,22,5,0.5,0.055315,180,0,0,539955
0,21,6,0.5,0.05815,180,0,1,539972
0,19,6,0.5,0.060715,180,0,1,539988
0,17,7,0.5,0.06301,180,0,1,540005
0,14,8,0.5,0.0649,180,0,1,540024
0,14,8,0.5,0.06679,180,0,0,540038
0,15,7,0.5,0.068815,180,0,0,540055
0,17,8,0.5,0.07111,180,0,0,540075
0,18,8,0.5,0.07354,180,0,0,540089
0,20,8,0.5,0.07624,180,0,0,540105
0,21,7,0.5,0.079075,180,0,0,540122
-1,20,8,0.5,0.081775,180,0,1,540142
-1,22,8,0.5,0.084745,180,0,1,540155
1,23,8,0.5,0.08785,180,0,1,540172
0,27,7,0.5,0.091495,180,0,1,540188
0,27,7,0.5,0.09514,180,0,0,540205
0,26,9,0.5,0.09865,180,0,0,540224
-1,27,6,0.5,0.102295,180,0,0,540237
0,40,8,0.5,0.107695,180,0,0,540258
2,14,21,0.5,0.109585,180,0,0,540277
1,14,12,0.5,0.111475,180,0,1,540290
0,15,11,0.5,0.1135,180,0,1,540306
0,17,11,0.5,0.115795,180,0,1,540323
0,18,9,0.5,0.118225,180,0,1,540338
0,20,9,0.5,0.120925,180,0,0,540355
0,19,8,0.5,0.12349,180,0,0,540372
-1,19,7,0.5,0.126055,180,0,0,540389
-2,21,8,0.5,0.12889,180,0,0,540406
1,21,10,0.5,0.131725,180,0,0,540426
0,23,8,0.5,0.13483,180,0,0,540439
0,22,8,0.5,0.1378,180,0,0,540456
0,26,8,0.5,0.14131,180,0,1,540473
0,28,9,0.5,0.14509,180,0,1,540488
0,27,9,0.5,0.148735,180,0,1,540510
0,23,9,0.5,0.15184,180,0,0,540527
1,15,10,0.5,0.153865,180,0,0,540538
1,11,10,0.5,0.15535,180,0,0,540556
0,10,11,0.5,0.1567,180,0,0,540573
0,11,10,0.5,0.158185,180,0,0,540588
-2,15,10,0.5,0.16021,180,0,0,540606
0,17,8,0.5,0.162505,180,0,0,540623
0,19,8,0.5,0.16507,180,0,1,540638
-4,44,9,0.5,0.17101,180,0,1,540658
0,0,6,0.5,0.17101,180,0,1,540672
0,47,18,0.5,0.177355,180,0,0,540692
0,25,8,0.5,0.18073,180,0,0,540708
2,28,10,0.5,0.18451,180,0,0,540724
0,30,9,0.5,0.18856,180,0,0,540738
0,32,10,0.5,0.19288,180,0,0,540757
0,28,11,0.5,0.19666,180,0,0,540772
4,27,15,0.5,0.200305,180,0,0,540790
-7,23,11,0.5,0.20341,180,0,0,540807
0,19,13,0.5,0.205975,180,0,0,540824
0,18,13,0.5,0.208405,180,0,1,540840
0,19,13,0.5,0.21097,180,0,1,540856
0,20,10,0.5,0.21367,180,0,0,540874
0,20,11,0.5,0.21637,180,0,0,540889
0,20,9,0.5,0.21907,180,0,0,540906
0,23,11,0.5,0.222175,180,0,0,540924
0,26,12,0.5,0.225685,180,0,0,540939
0,26,11,0.5,0.229195,180,0,0,540956
1,30,14,0.5,0.233245,180,0,0,540973
0,31,12,0.5,0.23743,180,0,1,540990
0,29,9,0.5,0.241345,180,0,1,541008
0,30,11,0.5,0.245395,180,0,1,541024
0,62,20,0.5,0.253765,180,0,0,541043
0,0,0,0.5,0.253765,180,0,0,541053
0,58,8,0.5,0.261595,180,0,0,541072
0,23,15,0.5,0.2647,180,0,0,541090
0,19,10,0.5,0.267265,180,0,0,541107
0,17,11,0.5,0.26956,180,0,0,541122
2,16,16,0.5,0.27172,180,0,0,541143
0,17,15,0.5,0.274015,180,0,0,541158
0,17,14,0.5,0.27631,180,0,1,541176
0,18,14,0.5,0.27874,180,0,1,541191
0,22,13,0.5,0.28171,180,0,1,541208
0,24,14,0.5,0.28495,180,0,0,541224
0,27,14,0.5,0.288595,180,0,0,541241
0,29,13,0.5,0.29251,180,0,0,541256
-4,32,11,0.5,0.29683,180,0,0,541273
0,31,12,0.5,0.301015,180,0,0,541290
-1,32,12,0.5,0.305335,180,0,0,541307
0,32,11,0.5,0.309655,180,0,0,541323
-1,32,11,0.5,0.313975,180,0,0,541339
0,32,13,0.5,0.318295,180,0,0,541360
4,34,16,0.5,0.322885,180,0,0,541375
0,30,16,0.5,0.326935,180,0,0,541395
0,23,16,0.5,0.33004,180,0,0,541409
-1,19,17,0.5,0.332605,180,0,0,541425
0,17,17,0.5,0.3349,180,0,0,541442
0,17,17,0.5,0.337195,180,0,0,541459
0,18,17,0.5,0.339625,180,0,0,541476
0,43,32,0.5,0.34543,180,0,1,541496
0,23,14,0.5,0.348535,180,0,1,541507
0,20,12,0.5,0.351235,180,0,1,541524
0,16,12,0.5,0.353395,180,0,1,541541
0,13,11,0.5,0.35515,180,0,0,541557
0,10,11,0.5,0.3565,180,0,0,541575
0,7,11,0.5,0.357445,180,0,0,541592
0,3,10,0.5,0.35785,180,0,0,541606
0,0,10,0.5,0.35785,180,0,0,541626
0,3,9,0.5,0.358255,180,0,0,541638
0,5,9,0.5,0.35893,180,0,0,541656
0,8,10,0.5,0.36001,180,0,1,541672
0,10,10,0.5,0.36136,180,0,1,541689
0,11,10,0.5,0.362845,180,0,1,541706
-1,11,11,0.5,0.36433,180,0,1,541724
0,9,10,0.5,0.365545,180,0,0,541739
0,6,10,0.5,0.366355,180,0,0,541756
0,2,7,0.5,0.366625,180,0,0,541772
1,0,9,0.5,0.366625,180,0,0,541789
0,-1,7,0.5,0.36649,180,0,0,541806
0,-6,7,0.5,0.36568,180,0,0,541824
0,-6,5,0.5,0.36487,180,0,0,541842
0,-21,7,0.5,0.362035,180,0,0,541859
0,-14,3,0.5,0.360145,180,0,0,541872
0,-15,3,0.5,0.35812,180,0,0,541887
0,-16,2,0.5,0.35596,180,0,0,541904
0,-16,4,0.5,0.3538,180,0,0,541921
0,-14,5,0.5,0.35191,180,0,0,541937
0,-10,4,0.5,0.35056,180,0,0,541955
0,-4,4,0.5,0.35002,180,0,0,541973
0,0,3,0.5,0.35002,180,0,0,541987
0,4,3,0.5,0.35056,180,0,0,542005
0,5,2,0.5,0.351235,180,0,0,542021
-4,9,4,0.5,0.35245,180,0,0,542037
0,8,2,0.5,0.35353,180,0,0,542055
0,9,2,0.5,0.354745,180,0,0,542071
0,6,2,0.5,0.355555,180,0,0,542087
-1,5,3,0.5,0.35623,180,0,0,542105
0,5,3,0.5,0.356905,180,0,0,542121
3,4,5,0.5,0.357445,180,0,0,542137
-1,11,7,0.5,0.35893,180,0,0,542173
0,4,4,0.5,0.35947,180,0,0,542179
0,0,0,0.5,0.35947,180,0,0,542186
-1,5,4,0.5,0.360145,180,0,0,542209
0,1,4,0.5,0.36028,180,0,0,542222
0,-1,2,0.5,0.360145,180,0,0,542238
0,-5,2,0.5,0.35947,180,0,0,542256
0,-14,5,0.5,0.35758,180,0,0,542276
0,-5,3,0.5,0.356905,180,0,0,542288
0,-4,3,0.5,0.356365,180,0,0,542305
3,-4,6,0.5,0.355825,180,0,0,542322
1,-3,3,0.5,0.35542,180,0,0,542337
0,-1,2,0.5,0.355285,180,0,0,542355
0,-1,2,0.5,0.35515,180,0,0,542370
0,1,2,0.5,0.355285,180,0,0,542387
0,-1,2,0.5,0.35515,180,0,0,542407
0,-2,2,0.5,0.35488,180,0,0,542421
-2,-4,2,0.5,0.35434,180,0,0,542437
0,-6,2,0.5,0.35353,180,0,0,542455
0,-5,1,0.5,0.352855,180,0,0,542470
0,-7,0,0.5,0.35191,180,0,0,542486
0,-7,0,0.5,0.350965,180,0,0,542504
0,-9,0,0.5,0.34975,180,0,0,542520
0,-8,-1,0.5,0.34867,180,0,0,542538
0,-6,-1,0.5,0.34786,180,0,0,542553
0,-10,0,0.5,0.34651,180,0,0,542571
0,-11,1,0.5,0.345025,180,0,0,542587
0,-10,0,0.5,0.343675,180,0,0,542603
0,-8,-1,0.5,0.342595,180,0,0,542620
0,-8,-1,0.5,0.341515,180,0,0,542637
0,-8,-2,0.5,0.340435,180,0,0,542654
0,-9,-3,0.5,0.33922,180,0,0,542671
0,-8,-8,0.5,0.33814,180,0,0,542694
0,0,0,0.5,0.33814,180,0,0,542703
3,-6,-8,0.5,0.33733,180,0,0,542724
0,-3,-3,0.5,0.336925,180,0,0,542739
0,-4,-3,0.5,0.336385,180,0,0,542753
0,-9,-2,0.5,0.33517,180,0,0,542772
0,-10,-2,0.5,0.33382,180,0,0,542789
0,-10,-1,0.5,0.33247,180,0,0,542804
0,-8,0,0.5,0.33139,180,0,0,542820
0,-5,0,0.5,0.330715,180,0,0,542837
0,-1,0,0.5,0.33058,180,0,0,542853
0,3,0,0.5,0.330985,180,0,0,542870
0,7,0,0.5,0.33193,180,0,0,542886
0,12,0,0.5,0.33355,180,0,0,542903
0,17,-1,0.5,0.335845,180,0,0,542920
0,20,-1,0.5,0.338545,180,0,0,542937
0,25,-1,0.5,0.34192,180,0,0,542953
0,29,-2,0.5,0.345835,180,0,0,542971
0,33,-3,0.5,0.35029,180,0,0,542988
0,30,-4,0.5,0.35434,180,0,0,543004
1,30,-3,0.5,0.35839,180,0,0,543021
0,28,-2,0.5,0.36217,180,0,0,543037
0,24,-1,0.5,0.36541,180,0,0,543053
0,22,-1,0.5,0.36838,180,0,0,543071
0,43,-3,0.5,0.374185,180,0,0,543088
0,0,0,0.5,0.374185,180,0,0,543104
0,41,0,0.5,0.37972,180,0,0,543120
0,18,0,0.5,0.38215,180,0,0,543136
1,15,0,0.5,0.384175,180,0,0,543153
0,13,0,0.5,0.38593,180,0,0,543170
0,13,0,0.5,0.387685,180,0,0,543189
0,15,1,0.5,0.38971,180,0,0,543206
0,17,1,0.5,0.392005,180,0,0,543220
0,20,2,0.5,0.394705,180,0,0,543237
0,18,2,0.5,0.397135,180,0,0,543254
0,19,3,0.5,0.3997,180,0,0,543270
0,16,2,0.5,0.40186,180,0,0,543288
0,14,2,0.5,0.40375,180,0,0,543303
0,11,0,0.5,0.405235,180,0,0,543320
0,8,0,0.5,0.406315,180,0,0,543338
0,3,-1,0.5,0.40672,180,0,0,543357
0,-1,-2,0.5,0.406585,180,0,0,543373
0,-7,-2,0.5,0.40564,180,0,0,543388
0,-8,-1,0.5,0.40456,180,0,0,543404
0,-7,-1,0.5,0.403615,180,0,0,543420
0,-6,-1,0.5,0.402805,180,0,0,543438
0,-5,0,0.5,0.40213,180,0,0,543453
0,-4,0,0.5,0.40159,180,0,0,543470
0,-1,2,0.5,0.401455,180,0,1,543487
0,6,1,0.5,0.402265,180,0,1,543503
1,5,1,0.5,0.40294,180,0,1,543520
0,6,0,0.5,0.40375,180,0,0,543536
0,5,0,0.5,0.404425,180,0,0,543553
0,6,0,0.5,0.405235,180,0,0,543569
0,6,0,0.5,0.406045,180,0,0,543586
0,9,0,0.5,0.40726,180,0,0,543603
0,10,1,0.5,0.40861,180,0,0,543620
0,9,1,0.5,0.409825,180,0,0,543636
0,7,2,0.5,0.41077,180,0,0,543653
0,3,2,0.5,0.411175,180,0,1,543671
0,2,1,0.5,0.411445,180,0,1,543686
0,0,0,0.5,0.411445,180,0,1,543702
0,-5,-1,0.5,0.41077,180,0,1,543723
0,-7,-2,0.5,0.409825,180,0,0,543737
0,-10,-3,0.5,0.408475,180,0,0,543754
0,-12,-3,0.5,0.406855,180,0,0,543774
0,-15,-3,0.5,0.40483,180,0,0,543787
0,-15,-3,0.5,0.402805,180,0,0,543804
0,-14,-2,0.5,0.400915,180,0,0,543820
0,-13,-2,0.5,0.39916,180,0,0,543837
0,-9,0,0.5,0.397945,180,0,0,543853
0,-8,0,0.5,0.396865,180,0,0,543873
0,-2,1,0.5,0.396595,180,0,0,543886
0,1,1,0.5,0.39673,180,0,0,543903
0,1,1,0.5,0.396865,180,0,0,543921
0,1,0,0.5,0.397,180,0,0,543938
0,6,0,0.5,0.39781,180,0,0,543953
0,9,-1,0.5,0.399025,180,0,0,543971
0,14,-2,0.5,0.400915,180,0,0,543987
0,16,-1,0.5,0.403075,180,0,0,544003
0,17,0,0.5,0.40537,180,0,0,544021
0,20,1,0.5,0.40807,180,0,0,544037
0,24,3,0.5,0.41131,180,0,0,544054
0,27,4,0.5,0.414955,180,0,0,544071
0,31,6,0.5,0.41914,180,0,0,544091
0,32,7,0.5,0.42346,180,0,0,544106
0,34,8,0.5,0.42805,180,0,0,544122
0,32,9,0.5,0.43237,180,0,0,544146
0,30,10,0.5,0.43642,180,0,0,544158
0,26,10,0.5,0.43993,180,0,0,544172
0,22,10,0.5,0.4429,180,0,0,544190
0,19,8,0.5,0.445465,180,0,0,544205
0,19,7,0.5,0.44803,180,0,0,544223
0,16,7,0.5,0.45019,180,0,0,544240
0,10,6,0.5,0.45154,180,0,0,544255
0,5,8,0.5,0.452215,180,0,0,544273
0,5,17,0.5,0.45289,180,0,0,544290
0,6,10,0.5,0.4537,180,0,0,544306
0,7,9,0.5,0.454645,180,0,0,544323
0,9,7,0.5,0.45586,180,0,0,544339
0,10,7,0.5,0.45721,180,0,1,544355
0,12,7,0.5,0.45883,180,0,1,544372
0,14,7,0.5,0.46072,180,0,1,544389
0,16,7,0.5,0.46288,180,0,0,544406
0,19,8,0.5,0.465445,180,0,0,544422
0,21,8,0.5,0.46828,180,0,0,544439
0,22,8,0.5,0.47125,180,0,0,544456
-2,23,9,0.5,0.474355,180,0,0,544471
0,23,8,0.5,0.47746,180,0,0,544489
0,24,9,0.5,0.4807,180,0,0,544505
0,22,10,0.5,0.48367,180,0,0,544524
0,18,11,0.5,0.4861,180,0,1,544539
0,13,12,0.5,0.487855,180,0,1,544556
0,7,12,0.5,0.4888,180,0,1,544573
0,4,12,0.5,0.48934,180,0,0,544593
0,2,11,0.5,0.48961,180,0,0,544605
0,4,11,0.5,0.49015,180,0,0,544624
0,5,12,0.5,0.490825,180,0,0,544639
0,7,11,0.5,0.49177,180,0,0,544655
0,9,11,0.5,0.492985,180,0,0,544675
0,25,23,0.5,0.49636,180,0,0,544693
0,16,4,0.5,0.49852,180,0,1,544704
0,19,17,0.5,0.501085,180,0,1,544726
0,23,9,0.5,0.50419,180,0,1,544738
0,24,9,0.5,0.50743,180,0,0,544755
0,25,7,0.5,0.510805,180,0,0,544774
0,27,8,0.5,0.51445,180,0,0,544788
0,24,9,0.5,0.51769,180,0,0,544806
0,26,11,0.5,0.5212,180,0,0,544823
0,21,12,0.5,0.524035,180,0,0,544839
0,16,14,0.5,0.526195,180,0,0,544858
0,12,16,0.5,0.527815,180,0,1,544878
-1,10,16,0.5,0.529165,180,0,1,544899
0,10,16,0.5,0.530515,180,0,1,544917
0,30,30,0.5,0.534565,180,0,0,544941
0,21,15,0.5,0.5374,180,0,0,544960
-1,24,14,0.5,0.54064,180,0,0,544969
-1,27,14,0.5,0.544285,180,0,0,544982
0,0,0,0.5,0.544285,180,0,0,544988
3,27,14,0.5,0.54793,180,0,0,545007
0,27,12,0.5,0.551575,180,0,0,545023
0,26,11,0.5,0.555085,180,0,0,545040
0,28,10,0.5,0.558865,180,0,1,545056
0,30,10,0.5,0.562915,180,0,1,545075
-3,69,25,0.5,0.57223,180,0,1,545095
-1,34,14,0.5,0.57682,180,0,0,545108
6,29,19,0.5,0.580735,180,0,0,545126
0,23,18,0.5,0.58384,180,0,0,545141
0,19,19,0.5,0.586405,180,0,0,545159
0,18,20,0.5,0.588835,180,0,0,545176
1,19,19,0.5,0.5914,180,0,0,545191
0,21,17,0.5,0.594235,180,0,0,545208
0,25,16,0.5,0.59761,180,0,1,545228
0,25,15,0.5,0.600985,180,0,1,545241
0,24,13,0.5,0.604225,180,0,1,545256
0,26,14,0.5,0.607735,180,0,1,545274
0,28,14,0.5,0.611515,180,0,0,545290
1,30,16,0.5,0.615565,180,0,0,545306
0,30,16,0.5,0.619615,180,0,0,545324
0,30,17,0.5,0.623665,180,0,0,545349
2,44,39,0.5,0.629605,180,0,0,545375
-4,17,17,0.5,0.6319,180,0,0,545385
0,0,0,0.5,0.6319,180,0,0,545390
0,18,18,0.5,0.63433,180,0,1,545407
0,18,17,0.5,0.63676,180,0,1,545426
0,20,15,0.5,0.63946,180,0,1,545439
0,22,15,0.5,0.64243,180,0,0,545457
0,21,14,0.5,0.645265,180,0,0,545475
0,22,13,0.5,0.648235,180,0,0,545491
1,40,25,0.5,0.653635,180,0,0,545512
1,21,12,0.5,0.65647,180,0,0,545525
0,26,14,0.5,0.65998,180,0,0,545539
0,29,15,0.5,0.663895,180,0,0,545556
0,33,17,0.5,0.66835,180,0,0,545574
0,31,18,0.5,0.672535,180,0,0,545594
0,29,20,0.5,0.67645,180,0,1,545610
-2,28,21,0.5,0.68023,180,0,1,545625
0,28,20,0.5,0.68401,180,0,1,545641
1,25,19,0.5,0.687385,180,0,0,545660
-6,28,13,0.5,0.691165,180,0,0,545672
-1,27,17,0.5,0.69481,180,0,0,545690
0,28,16,0.5,0.69859,180,0,0,545715
0,57,19,0.5,0.706285,180,0,0,545736
0,31,27,0.5,0.71,180,0,0,545757
