0,34,23,0.5,-0.70541,180,0,0,292132
-1,17,12,0.5,-0.703115,180,0,0,292143
-1,14,12,0.5,-0.701225,180,0,0,292154
-1,14,12,0.5,-0.699335,180,0,1,292174
0,15,12,0.5,-0.69731,180,0,1,292183
0,18,12,0.5,-0.69488,180,0,0,292197
0,0,0,0.5,-0.69488,180,0,0,292205
0,19,10,0.5,-0.692315,180,0,0,292225
-1,43,19,0.5,-0.68651,180,0,0,292248
0,21,8,0.5,-0.683675,180,0,0,292258
0,22,7,0.5,-0.680705,180,0,0,292276
0,22,8,0.5,-0.677735,180,0,0,292292
0,26,9,0.5,-0.674225,180,0,0,292308
0,27,9,0.5,-0.67058,180,0,0,292325
0,28,11,0.5,-0.6668,180,0,0,292343
-4,29,8,0.5,-0.662885,180,0,0,292357
0,29,11,0.5,-0.65897,180,0,0,292374
4,31,13,0.5,-0.654785,180,0,0,292393
0,32,10,0.5,-0.650465,180,0,0,292408
0,31,11,0.5,-0.64628,180,0,0,292425
0,30,11,0.5,-0.64223,180,0,0,292443
0,29,10,0.5,-0.638315,180,0,0,292459
-1,28,10,0.5,-0.634535,180,0,0,292476
0,25,11,0.5,-0.63116,180,0,0,292494
0,22,12,0.5,-0.62819,180,0,0,292510
-1,20,13,0.5,-0.62549,180,0,0,292533
0,18,14,0.5,-0.62306,180,0,0,292550
0,30,27,0.5,-0.61901,180,0,0,292566
0,0,1,0.5,-0.61901,180,0,0,292574
-1,15,25,0.5,-0.616985,180,0,0,292600
-2,6,10,0.5,-0.616175,180,0,0,292613
1,7,7,0.5,-0.61523,180,0,0,292625
0,6,6,0.5,-0.61442,180,0,0,292640
-1,7,5,0.5,-0.613475,180,0,0,292659
0,11,4,0.5,-0.61199,180,0,0,292674
0,12,4,0.5,-0.61037,180,0,0,292691
0,14,5,0.5,-0.60848,180,0,0,292708
-2,17,5,0.5,-0.606185,180,0,0,292724
0,16,7,0.5,-0.604025,180,0,0,292740
0,15,7,0.5,-0.602,180,0,0,292758
0,10,8,0.5,-0.60065,180,0,0,292776
0,7,8,0.5,-0.599705,180,0,0,292791
3,7,12,0.5,-0.59876,180,0,1,292810
0,8,11,0.5,-0.59768,180,0,1,292824
0,11,12,0.5,-0.596195,180,0,1,292841
0,12,13,0.5,-0.594575,180,0,0,292860
-1,15,14,0.5,-0.59255,180,0,0,292879
0,17,13,0.5,-0.590255,180,0,0,292892
0,19,14,0.5,-0.58769,180,0,0,292909
-1,18,14,0.5,-0.58526,180,0,0,292929
0,17,14,0.5,-0.582965,180,0,0,292944
0,17,15,0.5,-0.58067,180,0,0,292959
-1,16,13,0.5,-0.57851,180,0,0,292976
-1,16,15,0.5,-0.57635,180,0,0,292995
0,34,31,0.5,-0.57176,180,0,0,293015
0,19,16,0.5,-0.569195,180,0,0,293028
0,20,2,0.5,-0.566495,180,0,0,293040
0,19,23,0.5,-0.56393,180,0,0,293063
3,18,25,0.5,-0.5615,180,0,0,293080
0,17,15,0.5,-0.559205,180,0,0,293094
-1,15,16,0.5,-0.55718,180,0,0,293112
0,16,17,0.5,-0.55502,180,0,0,293126
0,15,16,0.5,-0.552995,180,0,0,293143
0,16,17,0.5,-0.550835,180,0,0,293160
-1,18,17,0.5,-0.548405,180,0,0,293177
0,18,17,0.5,-0.545975,180,0,0,293194
0,20,18,0.5,-0.543275,180,0,0,293211
0,20,18,0.5,-0.540575,180,0,1,293226
3,17,18,0.5,-0.53828,180,0,0,293245
-5,18,16,0.5,-0.53585,180,0,0,293260
-1,18,16,0.5,-0.53342,180,0,0,293278
0,20,17,0.5,-0.53072,180,0,0,293294
0,21,16,0.5,-0.527885,180,0,0,293310
0,22,16,0.5,-0.524915,180,0,0,293328
-1,26,16,0.5,-0.521405,180,0,0,293345
0,25,15,0.5,-0.51803,180,0,0,293359
0,26,15,0.5,-0.51452,180,0,0,293376
0,25,14,0.5,-0.511145,180,0,0,293394
0,25,14,0.5,-0.50777,180,0,0,293409
-2,47,29,0.5,-0.501425,180,0,0,293432
0,0,0,0.5,-0.501425,180,0,0,293439
0,42,32,0.5,-0.495755,180,0,0,293464
0,20,17,0.5,-0.493055,180,0,0,293476
0,21,18,0.5,-0.49022,180,0,0,293495
-1,19,15,0.5,-0.487655,180,0,0,293511
0,22,17,0.5,-0.484685,180,0,0,293527
0,22,17,0.5,-0.481715,180,0,0,293544
0,26,16,0.5,-0.478205,180,0,0,293559
1,28,17,0.5,-0.474425,180,0,0,293575
0,28,16,0.5,-0.470645,180,0,0,293594
0,30,16,0.5,-0.466595,180,0,0,293610
0,28,15,0.5,-0.462815,180,0,0,293630
-1,26,14,0.5,-0.459305,180,0,0,293644
0,23,15,0.5,-0.4562,180,0,0,293659
0,20,16,0.5,-0.4535,180,0,0,293680
0,19,17,0.5,-0.450935,180,0,0,293698
-1,18,17,0.5,-0.448505,180,0,0,293713
0,17,17,0.5,-0.44621,180,0,0,293728
0,17,18,0.5,-0.443915,180,0,0,293743
-1,17,16,0.5,-0.44162,180,0,0,293764
0,19,16,0.5,-0.439055,180,0,0,293776
0,19,17,0.5,-0.43649,180,0,0,293792
0,19,17,0.5,-0.433925,180,0,0,293809
-2,18,16,0.5,-0.431495,180,0,0,293825
0,33,22,0.5,-0.42704,180,0,0,293848
0,13,24,0.5,-0.425285,180,0,0,293861
-1,10,14,0.5,-0.423935,180,0,0,293877
-2,10,14,0.5,-0.422585,180,0,0,293893
0,10,16,0.5,-0.421235,180,0,0,293911
4,9,18,0.5,-0.42002,180,0,0,293928
-1,9,19,0.5,-0.418805,180,0,0,293946
0,10,18,0.5,-0.417455,180,0,0,293961
0,9,17,0.5,-0.41624,180,0,0,293977
-1,9,17,0.5,-0.415025,180,0,1,293995
0,10,17,0.5,-0.413675,180,0,1,294011
0,10,16,0.5,-0.412325,180,0,1,294026
-2,12,15,0.5,-0.410705,180,0,1,294043
0,11,15,0.5,-0.40922,180,0,0,294060
0,9,14,0.5,-0.408005,180,0,0,294076
1,9,14,0.5,-0.40679,180,0,0,294093
0,7,13,0.5,-0.405845,180,0,0,294109
0,5,12,0.5,-0.40517,180,0,0,294125
-3,0,9,0.5,-0.40517,180,0,0,294141
-12,0,3,0.5,-0.40517,180,0,0,294157
-1,-2,8,0.5,-0.40544,180,0,0,294177
0,-5,7,0.5,-0.406115,180,0,0,294196
0,-6,6,0.5,-0.406925,180,0,0,294208
0,-7,7,0.5,-0.40787,180,0,0,294224
-2,-14,10,0.5,-0.40976,180,0,0,294243
0,-7,4,0.5,-0.410705,180,0,0,294258
0,-7,2,0.5,-0.41165,180,0,0,294272
0,-5,2,0.5,-0.412325,180,0,0,294291
0,-3,2,0.5,-0.41273,180,0,0,294308
-1,1,1,0.5,-0.412595,180,0,0,294324
0,5,1,0.5,-0.41192,180,0,0,294339
0,6,2,0.5,-0.41111,180,0,0,294358
0,7,2,0.5,-0.410165,180,0,0,294373
-1,6,4,0.5,-0.409355,180,0,0,294391
-1,5,4,0.5,-0.40868,180,0,0,294407
0,4,6,0.5,-0.40814,180,0,0,294423
0,3,7,0.5,-0.407735,180,0,0,294441
-1,3,8,0.5,-0.40733,180,0,0,294458
-1,2,8,0.5,-0.40706,180,0,0,294474
0,2,8,0.5,-0.40679,180,0,0,294492
0,3,8,0.5,-0.406385,180,0,0,294508
-1,3,8,0.5,-0.40598,180,0,0,294525
0,3,8,0.5,-0.405575,180,0,0,294545
0,3,8,0.5,-0.40517,180,0,0,294561
0,1,7,0.5,-0.405035,180,0,0,294574
-2,1,7,0.5,-0.4049,180,0,0,294594
0,3,14,0.5,-0.404495,180,0,0,294611
0,0,0,0.5,-0.404495,180,0,0,294622
3,8,13,0.5,-0.403415,180,0,0,294652
0,4,6,0.5,-0.402875,180,0,0,294664
0,4,6,0.5,-0.402335,180,0,0,294675
0,3,5,0.5,-0.40193,180,0,0,294690
-2,2,3,0.5,-0.40166,180,0,0,294708
-2,1,3,0.5,-0.401525,180,0,0,294724
0,1,3,0.5,-0.40139,180,0,0,294740
0,0,4,0.5,-0.40139,180,0,0,294756
0,0,5,0.5,-0.40139,180,0,0,294775
-1,0,6,0.5,-0.40139,180,0,0,294793
0,2,5,0.5,-0.40112,180,0,0,294807
0,3,6,0.5,-0.400715,180,0,0,294825
3,3,6,0.5,-0.40031,180,0,0,294841
-4,4,7,0.5,-0.39977,180,0,0,294858
0,5,6,0.5,-0.399095,180,0,0,294874
0,6,6,0.5,-0.398285,180,0,0,294891
0,7,5,0.5,-0.39734,180,0,0,294908
-2,8,5,0.5,-0.39626,180,0,0,294926
0,8,4,0.5,-0.39518,180,0,0,294940
0,8,3,0.5,-0.3941,180,0,0,294957
-1,7,4,0.5,-0.393155,180,0,0,294976
0,6,4,0.5,-0.392345,180,0,0,294991
0,4,3,0.5,-0.391805,180,0,0,295006
0,5,9,0.5,-0.39113,180,0,0,295025
-1,0,0,0.5,-0.39113,180,0,0,295039
3,3,10,0.5,-0.390725,180,0,0,295059
0,2,4,0.5,-0.390455,180,0,0,295074
0,2,3,0.5,-0.390185,180,0,0,295092
-1,3,3,0.5,-0.38978,180,0,0,295109
0,2,2,0.5,-0.38951,180,0,0,295124
0,3,3,0.5,-0.389105,180,0,0,295140
0,3,2,0.5,-0.3887,180,0,0,295157
-2,2,2,0.5,-0.38843,180,0,0,295174
0,2,2,0.5,-0.38816,180,0,0,295192
0,3,2,0.5,-0.387755,180,0,0,295206
0,2,3,0.5,-0.387485,180,0,0,295224
-1,2,2,0.5,-0.387215,180,0,0,295241
0,3,3,0.5,-0.38681,180,0,0,295257
0,2,5,0.5,-0.38654,180,0,0,295274
0,2,3,0.5,-0.38627,180,0,0,295291
-3,3,3,0.5,-0.385865,180,0,0,295307
0,2,3,0.5,-0.385595,180,0,0,295323
0,3,2,0.5,-0.38519,180,0,0,295340
-1,3,1,0.5,-0.384785,180,0,0,295356
0,2,0,0.5,-0.384515,180,0,0,295373
0,1,1,0.5,-0.38438,180,0,0,295390
0,0,1,0.5,-0.38438,180,0,0,295406
-1,-1,7,0.5,-0.384515,180,0,0,295427
0,0,4,0.5,-0.384515,180,0,0,295440
0,1,5,0.5,-0.38438,180,0,0,295457
0,0,6,0.5,-0.38438,180,0,0,295474
0,0,6,0.5,-0.38438,180,0,0,295490
-2,0,4,0.5,-0.38438,180,0,0,295507
0,2,5,0.5,-0.38411,180,0,0,295523
0,3,5,0.5,-0.383705,180,0,0,295540
0,2,4,0.5,-0.383435,180,0,0,295557
-1,3,3,0.5,-0.38303,180,0,0,295574
0,3,3,0.5,-0.382625,180,0,0,295591
0,2,2,0.5,-0.382355,180,0,0,295606
3,1,3,0.5,-0.38222,180,0,0,295623
-2,1,2,0.5,-0.382085,180,0,0,295642
0,0,1,0.5,-0.382085,180,0,0,295655
0,0,1,0.5,-0.382085,180,0,0,295674
0,0,1,0.5,-0.382085,180,0,0,295689
-1,0,0,0.5,-0.382085,180,0,0,295706
0,2,1,0.5,-0.381815,180,0,0,295724
0,1,2,0.5,-0.38168,180,0,0,295739
-1,5,4,0.5,-0.381005,180,0,0,295762
0,0,0,0.5,-0.381005,180,0,0,295772
0,2,2,0.5,-0.380735,180,0,0,295792
0,3,3,0.5,-0.38033,180,0,0,295807
-1,3,5,0.5,-0.379925,180,0,0,295830
0,0,0,0.5,-0.379925,180,0,0,295839
0,1,4,0.5,-0.37979,180,0,0,295857
0,1,1,0.5,-0.379655,180,0,0,295873
-1,0,2,0.5,-0.379655,180,0,0,295893
0,1,1,0.5,-0.37952,180,0,0,295906
0,2,2,0.5,-0.37925,180,0,0,295923
0,2,2,0.5,-0.37898,180,0,0,295940
0,1,2,0.5,-0.378845,180,0,0,295956
0,0,2,0.5,-0.378845,180,0,0,295974
-1,0,1,0.5,-0.378845,180,0,0,295990
0,0,1,0.5,-0.378845,180,0,0,296005
0,-1,1,0.5,-0.37898,180,0,0,296023
0,1,2,0.5,-0.378845,180,0,0,296039
0,0,3,0.5,-0.378845,180,0,0,296056
0,2,3,0.5,-0.378575,180,0,0,296074
-1,1,3,0.5,-0.37844,180,0,0,296091
0,1,3,0.5,-0.378305,180,0,0,296106
0,1,3,0.5,-0.37817,180,0,0,296124
0,2,2,0.5,-0.3779,180,0,0,296141
-1,2,2,0.5,-0.37763,180,0,0,296157
0,3,2,0.5,-0.377225,180,0,0,296173
0,5,1,0.5,-0.37655,180,0,0,296190
0,4,1,0.5,-0.37601,180,0,0,296206
0,7,1,0.5,-0.375065,180,0,0,296223
0,3,0,0.5,-0.37466,180,0,0,296238
0,2,0,0.5,-0.37439,180,0,0,296255
-1,0,0,0.5,-0.37439,180,0,0,296273
0,1,0,0.5,-0.374255,180,0,0,296289
0,0,0,0.5,-0.374255,180,0,0,296305
0,0,0,0.5,-0.374255,180,0,0,296323
-2,-1,0,0.5,-0.37439,180,0,0,296339
0,0,0,0.5,-0.37439,180,0,0,296355
0,0,1,0.5,-0.37439,180,0,0,296374
0,0,1,0.5,-0.37439,180,0,0,296389
-1,1,1,0.5,-0.374255,180,0,0,296406
0,2,1,0.5,-0.373985,180,0,0,296426
0,2,1,0.5,-0.373715,180,0,0,296439
0,2,1,0.5,-0.373445,180,0,0,296456
-1,2,1,0.5,-0.373175,180,0,0,296475
0,2,1,0.5,-0.372905,180,0,0,296489
0,1,1,0.5,-0.37277,180,0,0,296506
0,1,1,0.5,-0.372635,180,0,0,296524
0,1,0,0.5,-0.3725,180,0,0,296539
-1,0,0,0.5,-0.3725,180,0,0,296557
0,0,0,0.5,-0.3725,180,0,0,296573
0,0,0,0.5,-0.3725,180,0,0,296588
0,0,0,0.5,-0.3725,180,0,0,296605
-1,0,0,0.5,-0.3725,180,0,0,296623
0,0,0,0.5,-0.3725,180,0,0,296638
0,1,0,0.5,-0.372365,180,0,0,296656
0,1,0,0.5,-0.37223,180,0,0,296672
-1,0,0,0.5,-0.37223,180,0,0,296689
0,1,0,0.5,-0.372095,180,0,0,296706
0,1,0,0.5,-0.37196,180,0,0,296723
0,1,0,0.5,-0.371825,180,0,0,296738
0,1,0,0.5,-0.37169,180,0,0,296755
-1,0,0,0.5,-0.37169,180,0,0,296772
0,1,0,0.5,-0.371555,180,0,0,296789
0,0,0,0.5,-0.371555,180,0,0,296805
0,0,0,0.5,-0.371555,180,0,0,296822
0,0,0,0.5,-0.371555,180,0,0,296838
-1,0,0,0.5,-0.371555,180,0,0,296856
0,0,0,0.5,-0.371555,180,0,0,296872
0,0,0,0.5,-0.371555,180,0,0,296888
0,0,0,0.5,-0.371555,180,0,0,296905
0,0,0,0.5,-0.371555,180,0,0,296922
-1,0,0,0.5,-0.371555,180,0,0,296938
0,0,0,0.5,-0.371555,180,0,0,296955
0,0,0,0.5,-0.371555,180,0,0,296972
-1,1,0,0.5,-0.37142,180,0,0,296990
0,0,0,0.5,-0.37142,180,0,0,297005
0,0,0,0.5,-0.37142,180,0,0,297022
0,0,0,0.5,-0.37142,180,0,0,297038
0,0,0,0.5,-0.37142,180,0,0,297055
0,0,0,0.5,-0.37142,180,0,0,297072
-1,0,0,0.5,-0.37142,180,0,0,297088
0,0,-1,0.5,-0.37142,180,0,0,297106
0,-1,0,0.5,-0.371555,180,0,0,297122
0,-1,0,0.5,-0.37169,180,0,0,297139
0,0,0,0.5,-0.37169,180,0,0,297155
-1,0,0,0.5,-0.37169,180,0,0,297173
0,0,0,0.5,-0.37169,180,0,0,297188
0,0,0,0.5,-0.37169,180,0,0,297205
0,0,0,0.5,-0.37169,180,0,0,297222
0,0,0,0.5,-0.37169,180,0,0,297238
-1,0,0,0.5,-0.37169,180,0,0,297255
0,0,0,0.5,-0.37169,180,0,0,297272
0,-1,0,0.5,-0.371825,180,0,0,297289
0,-1,0,0.5,-0.37196,180,0,0,297306
0,0,0,0.5,-0.37196,180,0,0,297322
0,-1,0,0.5,-0.372095,180,0,0,297339
0,-1,0,0.5,-0.37223,180,0,0,297355
0,-1,-1,0.5,-0.372365,180,0,0,297373
-1,0,0,0.5,-0.372365,180,0,0,297389
0,0,-1,0.5,-0.372365,180,0,0,297407
0,0,0,0.5,-0.372365,180,0,0,297423
0,0,0,0.5,-0.372365,180,0,0,297438
-1,0,0,0.5,-0.372365,180,0,0,297456
0,0,0,0.5,-0.372365,180,0,0,297473
0,0,0,0.5,-0.372365,180,0,0,297488
0,0,0,0.5,-0.372365,180,0,0,297505
-1,-1,0,0.5,-0.3725,180,0,0,297522
0,0,0,0.5,-0.3725,180,0,0,297538
0,-2,-1,0.5,-0.37277,180,0,0,297555
0,0,0,0.5,-0.37277,180,0,0,297572
0,-1,0,0.5,-0.372905,180,0,0,297589
-2,0,0,0.5,-0.372905,180,0,0,297606
0,0,0,0.5,-0.372905,180,0,0,297624
0,-1,-1,0.5,-0.37304,180,0,0,297639
0,0,0,0.5,-0.37304,180,0,0,297656
-1,0,0,0.5,-0.37304,180,0,0,297672
0,0,0,0.5,-0.37304,180,0,0,297688
0,0,0,0.5,-0.37304,180,0,0,297705
0,0,0,0.5,-0.37304,180,0,0,297722
0,0,0,0.5,-0.37304,180,0,0,297738
0,-1,0,0.5,-0.373175,180,0,0,297756
-1,0,0,0.5,-0.373175,180,0,0,297773
0,0,0,0.5,-0.373175,180,0,0,297788
0,-2,0,0.5,-0.373445,180,0,0,297805
0,-1,-1,0.5,-0.37358,180,0,0,297822
0,-1,0,0.5,-0.373715,180,0,0,297838
-1,0,0,0.5,-0.373715,180,0,0,297855
0,0,-1,0.5,-0.373715,180,0,0,297873
0,0,0,0.5,-0.373715,180,0,0,297888
0,0,0,0.5,-0.373715,180,0,0,297905
0,-1,-1,0.5,-0.37385,180,0,0,297923
-1,0,0,0.5,-0.37385,180,0,0,297939
0,0,0,0.5,-0.37385,180,0,0,297955
0,0,0,0.5,-0.37385,180,0,0,297972
0,0,-1,0.5,-0.37385,180,0,0,297989
0,0,0,0.5,-0.37385,180,0,0,298005
0,-1,0,0.5,-0.373985,180,0,0,298022
-1,0,0,0.5,-0.373985,180,0,0,298039
0,-1,0,0.5,-0.37412,180,0,0,298056
0,-1,0,0.5,-0.374255,180,0,0,298073
0,0,-1,0.5,-0.374255,180,0,0,298089
0,0,0,0.5,-0.374255,180,0,0,298105
-1,-1,0,0.5,-0.37439,180,0,0,298122
0,0,0,0.5,-0.37439,180,0,0,298138
0,0,0,0.5,-0.37439,180,0,0,298155
-1,0,-1,0.5,-0.37439,180,0,0,298174
0,0,0,0.5,-0.37439,180,0,0,298189
0,1,0,0.5,-0.374255,180,0,0,298211
0,0,0,0.5,-0.374255,180,0,0,298222
0,0,0,0.5,-0.374255,180,0,0,298238
0,-1,0,0.5,-0.37439,180,0,0,298255
-1,0,0,0.5,-0.37439,180,0,0,298278
0,-1,-1,0.5,-0.374525,180,0,0,298290
0,0,0,0.5,-0.374525,180,0,0,298305
0,0,0,0.5,-0.374525,180,0,0,298323
0,0,0,0.5,-0.374525,180,0,0,298338
0,-1,0,0.5,-0.37466,180,0,0,298355
0,0,0,0.5,-0.37466,180,0,0,298372
-1,0,0,0.5,-0.37466,180,0,0,298389
0,0,0,0.5,-0.37466,180,0,0,298405
0,0,0,0.5,-0.37466,180,0,0,298422
0,0,0,0.5,-0.37466,180,0,0,298438
0,0,0,0.5,-0.37466,180,0,0,298455
-1,0,0,0.5,-0.37466,180,0,0,298472
0,0,0,0.5,-0.37466,180,0,0,298488
0,-1,0,0.5,-0.374795,180,0,0,298505
0,0,0,0.5,-0.374795,180,0,0,298522
0,0,0,0.5,-0.374795,180,0,0,298538
1,-1,-1,0.5,-0.37493,180,0,0,298555
-1,0,0,0.5,-0.37493,180,0,0,298572
0,0,0,0.5,-0.37493,180,0,0,298588
0,0,0,0.5,-0.37493,180,0,0,298606
0,0,0,0.5,-0.37493,180,0,0,298622
0,0,0,0.5,-0.37493,180,0,0,298639
0,1,0,0.5,-0.374795,180,0,0,298656
0,0,0,0.5,-0.374795,180,0,0,298671
0,0,0,0.5,-0.374795,180,0,0,298688
0,0,0,0.5,-0.374795,180,0,0,298706
0,0,0,0.5,-0.374795,180,0,0,298722
0,0,0,0.5,-0.374795,180,0,0,298738
-1,0,0,0.5,-0.374795,180,0,0,298755
0,-1,0,0.5,-0.37493,180,0,0,298773
0,0,0,0.5,-0.37493,180,0,0,298788
0,0,0,0.5,-0.37493,180,0,0,298805
-1,0,0,0.5,-0.37493,180,0,0,298822
0,-1,0,0.5,-0.375065,180,0,0,298839
0,0,0,0.5,-0.375065,180,0,0,298855
0,0,0,0.5,-0.375065,180,0,0,298872
-1,0,0,0.5,-0.375065,180,0,0,298889
0,0,0,0.5,-0.375065,180,0,0,298905
0,0,0,0.5,-0.375065,180,0,0,298921
0,1,0,0.5,-0.37493,180,0,0,298939
-1,0,0,0.5,-0.37493,180,0,0,298955
0,0,0,0.5,-0.37493,180,0,0,298972
0,0,0,0.5,-0.37493,180,0,0,298988
-2,0,0,0.5,-0.37493,180,0,0,299005
0,0,0,0.5,-0.37493,180,0,0,299022
0,-1,0,0.5,-0.375065,180,0,0,299040
0,0,0,0.5,-0.375065,180,0,0,299055
0,0,0,0.5,-0.375065,180,0,0,299072
0,0,0,0.5,-0.375065,180,0,0,299088
0,0,0,0.5,-0.375065,180,0,0,299105
-1,0,0,0.5,-0.375065,180,0,0,299122
0,1,0,0.5,-0.37493,180,0,0,299139
0,0,0,0.5,-0.37493,180,0,0,299155
0,0,0,0.5,-0.37493,180,0,0,299172
-1,0,0,0.5,-0.37493,180,0,0,299189
0,0,0,0.5,-0.37493,180,0,0,299205
0,0,0,0.5,-0.37493,180,0,0,299222
0,0,0,0.5,-0.37493,180,0,0,299238
-1,0,0,0.5,-0.37493,180,0,0,299255
0,0,0,0.5,-0.37493,180,0,0,299271
0,0,0,0.5,-0.37493,180,0,0,299288
0,0,0,0.5,-0.37493,180,0,0,299305
0,0,0,0.5,-0.37493,180,0,0,299322
0,0,0,0.5,-0.37493,180,0,0,299338
0,0,0,0.5,-0.37493,180,0,0,299355
-1,0,0,0.5,-0.37493,180,0,0,299372
0,0,0,0.5,-0.37493,180,0,0,299388
0,1,0,0.5,-0.374795,180,0,0,299406
0,0,0,0.5,-0.374795,180,0,0,299421
-1,0,0,0.5,-0.374795,180,0,0,299439
0,0,0,0.5,-0.374795,180,0,0,299455
0,0,0,0.5,-0.374795,180,0,0,299472
0,0,0,0.5,-0.374795,180,0,0,299488
0,0,0,0.5,-0.374795,180,0,0,299505
0,0,0,0.5,-0.374795,180,0,0,299521
-2,0,0,0.5,-0.374795,180,0,0,299539
0,0,0,0.5,-0.374795,180,0,0,299555
-1,0,1,0.5,-0.374795,180,0,0,299572
0,0,0,0.5,-0.374795,180,0,0,299588
0,0,0,0.5,-0.374795,180,0,0,299605
0,1,0,0.5,-0.37466,180,0,0,299622
0,0,0,0.5,-0.37466,180,0,0,299639
-1,0,0,0.5,-0.37466,180,0,0,299656
0,0,0,0.5,-0.37466,180,0,0,299672
0,0,0,0.5,-0.37466,180,0,0,299688
0,-1,0,0.5,-0.374795,180,0,0,299706
-1,0,0,0.5,-0.374795,180,0,0,299722
0,0,0,0.5,-0.374795,180,0,0,299738
0,0,0,0.5,-0.374795,180,0,0,299755
-1,1,0,0.5,-0.37466,180,0,0,299773
0,1,0,0.5,-0.374525,180,0,0,299789
0,0,0,0.5,-0.374525,180,0,0,299805
0,1,0,0.5,-0.37439,180,0,0,299822
-1,0,0,0.5,-0.37439,180,0,0,299839
0,0,0,0.5,-0.37439,180,0,0,299855
0,0,0,0.5,-0.37439,180,0,0,299872
0,-1,0,0.5,-0.374525,180,0,0,299889
-1,0,0,0.5,-0.374525,180,0,0,299906
0,0,0,0.5,-0.374525,180,0,0,299922
0,0,0,0.5,-0.374525,180,0,0,299938
0,0,0,0.5,-0.374525,180,0,0,299955
-1,1,0,0.5,-0.37439,180,0,0,299973
0,0,0,0.5,-0.37439,180,0,0,299988
0,1,0,0.5,-0.374255,180,0,0,300005
0,0,0,0.5,-0.374255,180,0,0,300022
-1,1,0,0.5,-0.37412,180,0,0,300040
0,0,0,0.5,-0.37412,180,0,0,300055
0,0,0,0.5,-0.37412,180,0,0,300072
0,0,0,0.5,-0.37412,180,0,0,300088
-1,0,0,0.5,-0.37412,180,0,0,300106
0,0,0,0.5,-0.37412,180,0,0,300122
0,0,0,0.5,-0.37412,180,0,0,300138
-1,-1,0,0.5,-0.374255,180,0,0,300157
0,0,0,0.5,-0.374255,180,0,0,300171
0,0,0,0.5,-0.374255,180,0,0,300188
0,0,0,0.5,-0.374255,180,0,0,300205
-2,0,0,0.5,-0.374255,180,0,0,300222
0,0,0,0.5,-0.374255,180,0,0,300238
0,0,0,0.5,-0.374255,180,0,0,300256
0,1,0,0.5,-0.37412,180,0,0,300272
-1,0,0,0.5,-0.37412,180,0,0,300289
0,1,0,0.5,-0.373985,180,0,0,300306
0,0,0,0.5,-0.373985,180,0,0,300321
0,0,0,0.5,-0.373985,180,0,0,300338
0,0,0,0.5,-0.373985,180,0,0,300355
-1,0,0,0.5,-0.373985,180,0,0,300372
0,0,0,0.5,-0.373985,180,0,0,300388
0,0,0,0.5,-0.373985,180,0,0,300405
0,-1,0,0.5,-0.37412,180,0,0,300422
-1,0,0,0.5,-0.37412,180,0,0,300439
0,0,0,0.5,-0.37412,180,0,0,300455
0,1,0,0.5,-0.373985,180,0,0,300472
0,0,0,0.5,-0.373985,180,0,0,300488
0,0,0,0.5,-0.373985,180,0,0,300505
-1,0,0,0.5,-0.373985,180,0,0,300522
0,0,0,0.5,-0.373985,180,0,0,300538
0,0,0,0.5,-0.373985,180,0,0,300555
-1,1,0,0.5,-0.37385,180,0,0,300573
0,0,0,0.5,-0.37385,180,0,0,300588
0,0,0,0.5,-0.37385,180,0,0,300605
0,0,0,0.5,-0.37385,180,0,0,300621
-1,0,0,0.5,-0.37385,180,0,0,300638
0,0,0,0.5,-0.37385,180,0,0,300655
0,0,0,0.5,-0.37385,180,0,0,300671
0,0,0,0.5,-0.37385,180,0,0,300688
-1,0,0,0.5,-0.37385,180,0,0,300705
0,0,0,0.5,-0.37385,180,0,0,300721
0,0,0,0.5,-0.37385,180,0,0,300738
0,0,0,0.5,-0.37385,180,0,0,300755
-1,0,0,0.5,-0.37385,180,0,0,300772
0,0,0,0.5,-0.37385,180,0,0,300788
0,0,0,0.5,-0.37385,180,0,0,300805
0,0,0,0.5,-0.37385,180,0,0,300822
-1,0,0,0.5,-0.37385,180,0,0,300839
0,0,0,0.5,-0.37385,180,0,0,300855
0,0,0,0.5,-0.37385,180,0,0,300872
0,0,0,0.5,-0.37385,180,0,0,300888
-1,1,0,0.5,-0.373715,180,0,0,300906
0,0,0,0.5,-0.373715,180,0,0,300922
0,0,0,0.5,-0.373715,180,0,0,300938
0,0,0,0.5,-0.373715,180,0,0,300955
-1,0,0,0.5,-0.373715,180,0,0,300974
0,0,0,0.5,-0.373715,180,0,0,300988
0,0,0,0.5,-0.373715,180,0,0,301005
-1,0,0,0.5,-0.373715,180,0,0,301022
0,0,0,0.5,-0.373715,180,0,0,301038
0,0,0,0.5,-0.373715,180,0,0,301055
0,0,0,0.5,-0.373715,180,0,0,301072
-1,0,0,0.5,-0.373715,180,0,0,301089
0,0,0,0.5,-0.373715,180,0,0,301105
0,0,0,0.5,-0.373715,180,0,0,301122
0,0,0,0.5,-0.373715,180,0,0,301138
-1,0,0,0.5,-0.373715,180,0,0,301155
0,0,0,0.5,-0.373715,180,0,0,301172
0,0,0,0.5,-0.373715,180,0,0,301188
0,0,0,0.5,-0.373715,180,0,0,301205
-1,0,0,0.5,-0.373715,180,0,0,301222
0,0,0,0.5,-0.373715,180,0,0,301238
0,0,0,0.5,-0.373715,180,0,0,301255
0,0,0,0.5,-0.373715,180,0,0,301271
-2,0,0,0.5,-0.373715,180,0,0,301288
0,0,0,0.5,-0.373715,180,0,0,301305
0,0,0,0.5,-0.373715,180,0,0,301321
0,0,0,0.5,-0.373715,180,0,0,301338
-1,0,0,0.5,-0.373715,180,0,0,301356
0,0,0,0.5,-0.373715,180,0,0,301372
0,0,0,0.5,-0.373715,180,0,0,301388
-1,0,0,0.5,-0.373715,180,0,0,301405
0,0,0,0.5,-0.373715,180,0,0,301421
0,0,0,0.5,-0.373715,180,0,0,301438
0,0,0,0.5,-0.373715,180,0,0,301455
-1,0,0,0.5,-0.373715,180,0,0,301472
0,0,0,0.5,-0.373715,180,0,0,301488
0,0,0,0.5,-0.373715,180,0,0,301505
0,0,0,0.5,-0.373715,180,0,0,301521
-1,0,0,0.5,-0.373715,180,0,0,301538
0,0,-1,0.5,-0.373715,180,0,0,301555
0,-1,0,0.5,-0.37385,180,0,0,301572
0,0,0,0.5,-0.37385,180,0,0,301588
-1,0,0,0.5,-0.37385,180,0,0,301606
0,0,0,0.5,-0.37385,180,0,0,301622
0,0,0,0.5,-0.37385,180,0,0,301638
0,0,0,0.5,-0.37385,180,0,0,301655
-1,0,0,0.5,-0.37385,180,0,0,301672
0,0,0,0.5,-0.37385,180,0,0,301688
0,0,0,0.5,-0.37385,180,0,0,301705
0,0,0,0.5,-0.37385,180,0,0,301721
-1,0,0,0.5,-0.37385,180,0,0,301738
0,0,0,0.5,-0.37385,180,0,0,301755
0,0,0,0.5,-0.37385,180,0,0,301771
-1,0,0,0.5,-0.37385,180,0,0,301788
0,0,0,0.5,-0.37385,180,0,0,301805
0,0,0,0.5,-0.37385,180,0,0,301821
0,0,0,0.5,-0.37385,180,0,0,301838
-1,-1,0,0.5,-0.373985,180,0,0,301855
0,0,0,0.5,-0.373985,180,0,0,301871
0,0,0,0.5,-0.373985,180,0,0,301888
0,0,0,0.5,-0.373985,180,0,0,301905
0,0,0,0.5,-0.373985,180,0,0,301922
-1,0,0,0.5,-0.373985,180,0,0,301939
0,0,0,0.5,-0.373985,180,0,0,301955
0,0,0,0.5,-0.373985,180,0,0,301971
0,0,0,0.5,-0.373985,180,0,0,301988
0,0,0,0.5,-0.373985,180,0,0,302005
0,0,0,0.5,-0.373985,180,0,0,302022
0,0,0,0.5,-0.373985,180,0,0,302038
-1,1,0,0.5,-0.37385,180,0,0,302056
0,0,0,0.5,-0.37385,180,0,0,302071
0,0,0,0.5,-0.37385,180,0,0,302088
0,0,0,0.5,-0.37385,180,0,0,302105
0,0,0,0.5,-0.37385,180,0,0,302122
-1,0,0,0.5,-0.37385,180,0,0,302141
0,-1,0,0.5,-0.373985,180,0,0,302157
0,0,0,0.5,-0.373985,180,0,0,302172
-1,0,0,0.5,-0.373985,180,0,0,302189
0,0,0,0.5,-0.373985,180,0,0,302205
0,0,0,0.5,-0.373985,180,0,0,302221
0,0,0,0.5,-0.373985,180,0,0,302238
0,0,0,0.5,-0.373985,180,0,0,302255
0,0,0,0.5,-0.373985,180,0,0,302271
0,0,0,0.5,-0.373985,180,0,0,302288
-1,0,0,0.5,-0.373985,180,0,0,302305
0,1,0,0.5,-0.37385,180,0,0,302322
0,0,0,0.5,-0.37385,180,0,0,302338
0,0,0,0.5,-0.37385,180,0,0,302355
0,0,0,0.5,-0.37385,180,0,0,302371
-1,0,0,0.5,-0.37385,180,0,0,302389
0,0,0,0.5,-0.37385,180,0,0,302405
0,0,0,0.5,-0.37385,180,0,0,302421
0,0,0,0.5,-0.37385,180,0,0,302438
0,0,0,0.5,-0.37385,180,0,0,302455
-2,0,0,0.5,-0.37385,180,0,0,302472
0,0,0,0.5,-0.37385,180,0,0,302488
0,0,0,0.5,-0.37385,180,0,0,302506
0,0,0,0.5,-0.37385,180,0,0,302521
-1,0,0,0.5,-0.37385,180,0,0,302538
0,0,0,0.5,-0.37385,180,0,0,302555
0,0,0,0.5,-0.37385,180,0,0,302571
-1,0,0,0.5,-0.37385,180,0,0,302588
0,0,0,0.5,-0.37385,180,0,0,302605
0,0,0,0.5,-0.37385,180,0,0,302621
0,0,0,0.5,-0.37385,180,0,0,302638
0,0,0,0.5,-0.37385,180,0,0,302655
0,0,0,0.5,-0.37385,180,0,0,302671
-1,0,0,0.5,-0.37385,180,0,0,302688
0,0,0,0.5,-0.37385,180,0,0,302705
0,0,0,0.5,-0.37385,180,0,0,302721
0,0,0,0.5,-0.37385,180,0,0,302738
0,0,0,0.5,-0.37385,180,0,0,302755
0,0,0,0.5,-0.37385,180,0,0,302771
-1,0,0,0.5,-0.37385,180,0,0,302788
0,0,0,0.5,-0.37385,180,0,0,302805
0,0,0,0.5,-0.37385,180,0,0,302821
0,0,0,0.5,-0.37385,180,0,0,302838
0,0,0,0.5,-0.37385,180,0,0,302855
0,0,0,0.5,-0.37385,180,0,0,302871
0,0,0,0.5,-0.37385,180,0,0,302888
0,0,0,0.5,-0.37385,180,0,0,302905
-1,0,0,0.5,-0.37385,180,0,0,302922
0,0,0,0.5,-0.37385,180,0,0,302938
0,0,0,0.5,-0.37385,180,0,0,302955
0,0,0,0.5,-0.37385,180,0,0,302972
-1,0,0,0.5,-0.37385,180,0,0,302989
0,0,0,0.5,-0.37385,180,0,0,303005
0,0,0,0.5,-0.37385,180,0,0,303022
0,0,0,0.5,-0.37385,180,0,0,303038
-1,0,0,0.5,-0.37385,180,0,0,303055
0,0,0,0.5,-0.37385,180,0,0,303071
0,0,0,0.5,-0.37385,180,0,0,303088
0,0,0,0.5,-0.37385,180,0,0,303105
-1,0,0,0.5,-0.37385,180,0,0,303122
0,0,0,0.5,-0.37385,180,0,0,303138
0,0,0,0.5,-0.37385,180,0,0,303155
0,0,0,0.5,-0.37385,180,0,0,303171
-1,0,0,0.5,-0.37385,180,0,0,303188
0,1,0,0.5,-0.373715,180,0,0,303206
0,0,0,0.5,-0.373715,180,0,0,303221
0,0,0,0.5,-0.373715,180,0,0,303238
-1,0,0,0.5,-0.373715,180,0,0,303255
0,0,0,0.5,-0.373715,180,0,0,303271
0,0,0,0.5,-0.373715,180,0,0,303288
0,0,0,0.5,-0.373715,180,0,0,303305
-1,0,0,0.5,-0.373715,180,0,0,303322
0,0,0,0.5,-0.373715,180,0,0,303338
0,0,0,0.5,-0.373715,180,0,0,303355
0,0,0,0.5,-0.373715,180,0,0,303371
-1,0,0,0.5,-0.373715,180,0,0,303388
0,0,0,0.5,-0.373715,180,0,0,303405
0,0,0,0.5,-0.373715,180,0,0,303421
-1,0,0,0.5,-0.373715,180,0,0,303438
0,0,0,0.5,-0.373715,180,0,0,303455
0,0,0,0.5,-0.373715,180,0,0,303472
0,0,0,0.5,-0.373715,180,0,0,303488
-1,0,0,0.5,-0.373715,180,0,0,303505
0,0,0,0.5,-0.373715,180,0,0,303521
0,0,0,0.5,-0.373715,180,0,0,303538
0,0,0,0.5,-0.373715,180,0,0,303555
-1,0,0,0.5,-0.373715,180,0,0,303572
0,0,0,0.5,-0.373715,180,0,0,303588
0,0,0,0.5,-0.373715,180,0,0,303605
0,0,0,0.5,-0.373715,180,0,0,303621
-2,0,0,0.5,-0.373715,180,0,0,303638
0,0,0,0.5,-0.373715,180,0,0,303655
0,0,0,0.5,-0.373715,180,0,0,303671
0,0,0,0.5,-0.373715,180,0,0,303688
0,0,0,0.5,-0.373715,180,0,0,303705
0,0,0,0.5,-0.373715,180,0,0,303721
-1,0,0,0.5,-0.373715,180,0,0,303738
0,0,0,0.5,-0.373715,180,0,0,303755
0,0,0,0.5,-0.373715,180,0,0,303771
0,0,0,0.5,-0.373715,180,0,0,303788
-1,0,0,0.5,-0.373715,180,0,0,303805
0,0,0,0.5,-0.373715,180,0,0,303821
0,0,0,0.5,-0.373715,180,0,0,303838
-1,0,0,0.5,-0.373715,180,0,0,303855
0,0,0,0.5,-0.373715,180,0,0,303871
0,0,0,0.5,-0.373715,180,0,0,303888
0,0,0,0.5,-0.373715,180,0,0,303905
-1,0,0,0.5,-0.373715,180,0,0,303922
0,0,0,0.5,-0.373715,180,0,0,303938
0,0,0,0.5,-0.373715,180,0,0,303955
0,0,0,0.5,-0.373715,180,0,0,303971
-1,1,0,0.5,-0.37358,180,0,0,303989
0,0,0,0.5,-0.37358,180,0,0,304005
0,0,0,0.5,-0.37358,180,0,0,304021
0,0,0,0.5,-0.37358,180,0,0,304038
0,0,0,0.5,-0.37358,180,0,0,304055
0,0,0,0.5,-0.37358,180,0,0,304072
-1,0,0,0.5,-0.37358,180,0,0,304089
0,0,0,0.5,-0.37358,180,0,0,304105
0,0,0,0.5,-0.37358,180,0,0,304122
0,0,0,0.5,-0.37358,180,0,0,304138
0,0,0,0.5,-0.37358,180,0,0,304155
-1,0,0,0.5,-0.37358,180,0,0,304172
0,0,0,0.5,-0.37358,180,0,0,304188
0,-1,1,0.5,-0.373715,180,0,0,304206
0,0,0,0.5,-0.373715,180,0,0,304221
-1,1,0,0.5,-0.37358,180,0,0,304241
0,0,1,0.5,-0.37358,180,0,0,304256
0,0,0,0.5,-0.37358,180,0,0,304271
0,3,1,0.5,-0.373175,180,0,0,304289
-1,2,1,0.5,-0.372905,180,0,0,304307
0,3,1,0.5,-0.3725,180,0,0,304324
0,3,1,0.5,-0.372095,180,0,0,304339
0,3,2,0.5,-0.37169,180,0,0,304357
0,4,2,0.5,-0.37115,180,0,0,304373
0,3,2,0.5,-0.370745,180,0,0,304389
-1,4,2,0.5,-0.370205,180,0,0,304408
0,3,3,0.5,-0.3698,180,0,0,304423
0,3,3,0.5,-0.369395,180,0,0,304440
0,1,3,0.5,-0.36926,180,0,0,304457
0,0,2,0.5,-0.36926,180,0,0,304474
-1,-1,1,0.5,-0.369395,180,0,0,304490
0,-5,1,0.5,-0.37007,180,0,0,304506
0,-6,0,0.5,-0.37088,180,0,0,304522
0,-7,0,0.5,-0.371825,180,0,0,304539
0,-8,-2,0.5,-0.372905,180,0,0,304555
0,-7,-2,0.5,-0.37385,180,0,0,304572
0,-6,-1,0.5,-0.37466,180,0,0,304589
-1,-7,-2,0.5,-0.375605,180,0,0,304606
0,-13,-2,0.5,-0.37736,180,0,0,304624
0,-7,-1,0.5,-0.378305,180,0,0,304639
0,-5,-1,0.5,-0.37898,180,0,0,304656
-1,-5,0,0.5,-0.379655,180,0,0,304674
0,-3,0,0.5,-0.38006,180,0,0,304688
0,-2,0,0.5,-0.38033,180,0,0,304705
0,-1,1,0.5,-0.380465,180,0,0,304723
-1,2,1,0.5,-0.380195,180,0,0,304741
0,3,1,0.5,-0.37979,180,0,0,304756
0,4,2,0.5,-0.37925,180,0,0,304774
0,1,1,0.5,-0.379115,180,0,0,304790
-1,1,1,0.5,-0.37898,180,0,0,304808
0,-4,2,0.5,-0.37952,180,0,0,304823
0,-6,0,0.5,-0.38033,180,0,0,304838
0,-10,1,0.5,-0.38168,180,0,0,304856
-2,-12,0,0.5,-0.3833,180,0,0,304873
0,-10,0,0.5,-0.38465,180,0,0,304888
0,-10,-1,0.5,-0.386,180,0,0,304906
0,-11,0,0.5,-0.387485,180,0,0,304924
0,-10,0,0.5,-0.388835,180,0,0,304938
0,-11,0,0.5,-0.39032,180,0,0,304955
-1,-20,0,0.5,-0.39302,180,0,0,304977
0,0,0,0.5,-0.39302,180,0,0,304988
0,-20,1,0.5,-0.39572,180,0,0,305009
0,0,0,0.5,-0.39572,180,0,0,305022
0,-20,3,0.5,-0.39842,180,0,0,305040
0,-12,1,0.5,-0.40004,180,0,0,305056
-1,-10,1,0.5,-0.40139,180,0,0,305075
0,-9,0,0.5,-0.402605,180,0,0,305089
0,-10,0,0.5,-0.403955,180,0,0,305106
0,-8,1,0.5,-0.405035,180,0,0,305122
0,-8,2,0.5,-0.406115,180,0,0,305139
-1,-8,2,0.5,-0.407195,180,0,0,305157
0,-7,3,0.5,-0.40814,180,0,0,305173
0,-7,3,0.5,-0.409085,180,0,0,305189
0,-6,3,0.5,-0.409895,180,0,0,305207
0,-4,3,0.5,-0.410435,180,0,0,305224
0,-3,3,0.5,-0.41084,180,0,0,305240
0,-2,2,0.5,-0.41111,180,0,0,305256
0,-3,3,0.5,-0.411515,180,0,0,305274
0,-3,2,0.5,-0.41192,180,0,0,305289
-1,-5,2,0.5,-0.412595,180,0,0,305309
0,-3,1,0.5,-0.413,180,0,0,305323
0,-3,0,0.5,-0.413405,180,0,0,305338
0,-2,0,0.5,-0.413675,180,0,0,305355
-1,0,0,0.5,-0.413675,180,0,0,305375
0,0,0,0.5,-0.413675,180,0,0,305388
0,1,0,0.5,-0.41354,180,0,0,305405
-1,5,0,0.5,-0.412865,180,0,0,305422
0,10,1,0.5,-0.411515,180,0,0,305440
0,6,1,0.5,-0.410705,180,0,0,305455
0,6,2,0.5,-0.409895,180,0,0,305475
-1,5,3,0.5,-0.40922,180,0,0,305490
0,5,4,0.5,-0.408545,180,0,0,305506
0,4,4,0.5,-0.408005,180,0,0,305525
0,3,4,0.5,-0.4076,180,0,0,305539
-1,3,4,0.5,-0.407195,180,0,0,305557
0,1,4,0.5,-0.40706,180,0,0,305573
0,1,4,0.5,-0.406925,180,0,0,305589
0,2,3,0.5,-0.406655,180,0,0,305606
0,1,3,0.5,-0.40652,180,0,0,305624
0,0,3,0.5,-0.40652,180,0,0,305639
-1,0,2,0.5,-0.40652,180,0,0,305656
0,-2,2,0.5,-0.40679,180,0,0,305673
0,-2,1,0.5,-0.40706,180,0,0,305688
0,-2,1,0.5,-0.40733,180,0,0,305705
-1,0,0,0.5,-0.40733,180,0,0,305722
0,0,0,0.5,-0.40733,180,0,0,305738
0,0,0,0.5,-0.40733,180,0,0,305755
0,0,0,0.5,-0.40733,180,0,0,305772
-1,0,0,0.5,-0.40733,180,0,0,305788
0,1,0,0.5,-0.407195,180,0,0,305806
0,1,0,0.5,-0.40706,180,0,0,305822
-1,3,0,0.5,-0.406655,180,0,0,305840
0,0,1,0.5,-0.406655,180,0,0,305855
0,-1,1,0.5,-0.40679,180,0,0,305872
0,1,1,0.5,-0.406655,180,0,0,305888
-1,4,0,0.5,-0.406115,180,0,0,305905
0,8,1,0.5,-0.405035,180,0,0,305922
0,12,1,0.5,-0.403415,180,0,0,305939
0,15,0,0.5,-0.40139,180,0,0,305955
-1,16,0,0.5,-0.39923,180,0,0,305973
0,17,1,0.5,-0.396935,180,0,0,305989
0,16,1,0.5,-0.394775,180,0,0,306005
0,17,2,0.5,-0.39248,180,0,0,306023
-1,17,3,0.5,-0.390185,180,0,0,306041
0,20,3,0.5,-0.387485,180,0,0,306056
0,22,4,0.5,-0.384515,180,0,0,306072
0,23,4,0.5,-0.38141,180,0,0,306090
-2,28,5,0.5,-0.37763,180,0,0,306110
0,28,5,0.5,-0.37385,180,0,0,306123
0,31,5,0.5,-0.369665,180,0,0,306140
0,29,5,0.5,-0.36575,180,0,1,306159
-1,30,4,0.5,-0.3617,180,0,0,306174
0,28,4,0.5,-0.35792,180,0,0,306190
0,27,3,0.5,-0.354275,180,0,0,306208
-1,53,6,0.5,-0.34712,180,0,0,306227
0,0,0,0.5,-0.34712,180,0,0,306238
0,52,10,0.5,-0.3401,180,0,0,306259
0,28,6,0.5,-0.33632,180,0,0,306275
-2,27,5,0.5,-0.332675,180,0,0,306290
0,28,6,0.5,-0.328895,180,0,0,306307
0,28,8,0.5,-0.325115,180,0,0,306324
0,25,7,0.5,-0.32174,180,0,0,306340
-1,26,9,0.5,-0.31823,180,0,0,306359
-1,23,8,0.5,-0.315125,180,0,0,306374
1,21,8,0.5,-0.31229,180,0,0,306390
0,20,8,0.5,-0.30959,180,0,0,306409
-1,22,8,0.5,-0.30662,180,0,0,306426
0,21,8,0.5,-0.303785,180,0,0,306441
0,22,8,0.5,-0.300815,180,0,0,306462
0,24,9,0.5,-0.297575,180,0,0,306474
-1,24,9,0.5,-0.294335,180,0,1,306496
0,24,10,0.5,-0.291095,180,0,1,306508
0,24,10,0.5,-0.287855,180,0,1,306525
0,24,10,0.5,-0.284615,180,0,1,306542
-1,25,10,0.5,-0.28124,180,0,1,306562
0,26,9,0.5,-0.27773,180,0,1,306574
0,25,9,0.5,-0.274355,180,0,1,306590
-1,55,16,0.5,-0.26693,180,0,1,306613
0,27,8,0.5,-0.263285,180,0,0,306625
0,0,0,0.5,-0.263285,180,0,0,306638
1,54,9,0.5,-0.255995,180,0,0,306660
-1,26,17,0.5,-0.252485,180,0,0,306677
0,25,10,0.5,-0.24911,180,1,0,306691
0,22,10,0.5,-0.24614,180,1,0,306708
-1,21,11,0.5,-0.243305,180,1,0,306728
0,19,10,0.5,-0.24074,180,0,0,306742
0,19,9,0.5,-0.238175,180,0,1,306757
0,20,9,0.5,-0.235475,180,0,1,306773
-1,21,8,0.5,-0.23264,180,0,1,306791
0,22,7,0.5,-0.22967,180,0,1,306809
0,24,7,0.5,-0.22643,180,0,1,306823
0,23,7,0.5,-0.223325,180,0,1,306841
-1,21,6,0.5,-0.22049,180,0,1,306860
0,22,7,0.5,-0.21752,180,0,1,306873
0,21,7,0.5,-0.214685,180,0,1,306890
0,23,9,0.5,-0.21158,180,0,1,306908
0,23,8,0.5,-0.208475,180,0,1,306923
0,23,10,0.5,-0.20537,180,0,1,306946
-2,22,9,0.5,-0.2024,180,0,1,306960
0,19,10,0.5,-0.199835,180,0,1,306977
0,19,10,0.5,-0.19727,180,0,1,306994
-1,37,18,0.5,-0.192275,180,0,0,307012
0,0,0,0.5,-0.192275,180,0,0,307022
0,34,16,0.5,-0.187685,180,0,0,307044
0,15,8,0.5,-0.18566,180,0,0,307059
0,14,7,0.5,-0.18377,180,0,0,307074
-1,13,7,0.5,-0.182015,180,0,1,307091
0,13,7,0.5,-0.18026,180,0,0,307108
0,14,7,0.5,-0.17837,180,0,0,307124
0,14,6,0.5,-0.17648,180,0,0,307141
0,15,8,0.5,-0.174455,180,0,0,307158
-2,16,7,0.5,-0.172295,180,0,0,307175
0,13,7,0.5,-0.17054,180,0,0,307191
0,14,7,0.5,-0.16865,180,0,1,307207
0,11,6,0.5,-0.167165,180,0,1,307223
-1,13,7,0.5,-0.16541,180,0,0,307244
0,12,7,0.5,-0.16379,180,0,0,307257
-1,11,6,0.5,-0.162305,180,0,0,307274
-1,12,6,0.5,-0.160685,180,0,0,307292
0,14,7,0.5,-0.158795,180,0,0,307308
-1,13,5,0.5,-0.15704,180,0,1,307324
0,13,6,0.5,-0.155285,180,0,1,307340
0,12,5,0.5,-0.153665,180,0,0,307356
-1,12,6,0.5,-0.152045,180,0,0,307374
0,11,5,0.5,-0.15056,180,0,0,307391
0,12,6,0.5,-0.14894,180,0,0,307407
-1,23,13,0.5,-0.145835,180,0,0,307428
0,0,0,0.5,-0.145835,180,0,0,307438
0,20,14,0.5,-0.143135,180,0,0,307460
0,8,7,0.5,-0.142055,180,0,0,307477
-1,6,6,0.5,-0.141245,180,0,0,307491
0,5,6,0.5,-0.14057,180,0,0,307509
0,4,5,0.5,-0.14003,180,0,0,307523
0,6,5,0.5,-0.13922,180,0,0,307540
-1,8,5,0.5,-0.13814,180,0,0,307558
0,8,5,0.5,-0.13706,180,0,0,307575
0,10,5,0.5,-0.13571,180,0,1,307590
0,11,5,0.5,-0.134225,180,0,1,307606
0,10,5,0.5,-0.132875,180,0,1,307622
-1,11,4,0.5,-0.13139,180,0,0,307641
0,10,5,0.5,-0.13004,180,0,0,307656
0,12,4,0.5,-0.12842,180,0,0,307673
0,12,5,0.5,-0.1268,180,0,0,307690
0,13,5,0.5,-0.125045,180,0,0,307706
-1,11,5,0.5,-0.12356,180,0,0,307725
0,11,5,0.5,-0.122075,180,0,1,307742
0,13,6,0.5,-0.12032,180,0,1,307757
0,11,6,0.5,-0.118835,180,0,1,307774
0,12,5,0.5,-0.117215,180,0,0,307790
0,11,5,0.5,-0.11573,180,0,0,307807
0,10,4,0.5,-0.11438,180,0,0,307824
-1,16,10,0.5,-0.11222,180,0,0,307844
0,9,6,0.5,-0.111005,180,0,0,307857
0,8,6,0.5,-0.109925,180,0,0,307874
0,9,7,0.5,-0.10871,180,0,1,307891
0,9,7,0.5,-0.107495,180,0,1,307907
0,10,8,0.5,-0.106145,180,0,1,307923
-3,11,7,0.5,-0.10466,180,0,0,307941
2,11,8,0.5,-0.103175,180,0,0,307957
0,11,7,0.5,-0.10169,180,0,0,307974
0,10,7,0.5,-0.10034,180,0,0,307991
0,9,8,0.5,-0.099125,180,0,0,308007
0,9,8,0.5,-0.09791,180,0,1,308025
-1,10,6,0.5,-0.09656,180,0,1,308042
-1,10,6,0.5,-0.09521,180,0,1,308058
0,12,7,0.5,-0.09359,180,0,1,308073
0,10,6,0.5,-0.09224,180,0,0,308092
-1,10,5,0.5,-0.09089,180,0,0,308109
0,8,5,0.5,-0.08981,180,0,0,308123
0,7,5,0.5,-0.088865,180,0,0,308140
0,7,5,0.5,-0.08792,180,0,0,308157
-1,7,6,0.5,-0.086975,180,0,0,308175
0,8,7,0.5,-0.085895,180,0,1,308190
0,7,6,0.5,-0.08495,180,0,1,308208
-1,8,8,0.5,-0.08387,180,0,0,308225
0,14,15,0.5,-0.08198,180,0,0,308243
0,7,8,0.5,-0.081035,180,0,0,308259
-3,6,8,0.5,-0.080225,180,0,0,308273
-1,5,8,0.5,-0.07955,180,0,0,308293
0,4,7,0.5,-0.07901,180,0,0,308310
0,4,7,0.5,-0.07847,180,0,0,308325
0,4,7,0.5,-0.07793,180,0,1,308340
-1,4,7,0.5,-0.07739,180,0,1,308359
0,4,7,0.5,-0.07685,180,0,1,308375
0,5,7,0.5,-0.076175,180,0,0,308391
0,6,7,0.5,-0.075365,180,0,0,308406
0,7,7,0.5,-0.07442,180,0,0,308424
0,7,8,0.5,-0.073475,180,0,0,308440
0,8,8,0.5,-0.072395,180,0,0,308457
-2,6,7,0.5,-0.071585,180,0,1,308475
0,6,8,0.5,-0.070775,180,0,1,308490
3,7,10,0.5,-0.06983,180,0,1,308507
0,7,7,0.5,-0.068885,180,0,1,308524
-1,9,7,0.5,-0.06767,180,0,0,308541
0,11,7,0.5,-0.066185,180,0,0,308557
0,13,7,0.5,-0.06443,180,0,0,308576
0,12,6,0.5,-0.06281,180,0,0,308589
-1,11,5,0.5,-0.061325,180,0,0,308607
-3,11,6,0.5,-0.05984,180,0,0,308623
0,9,5,0.5,-0.058625,180,0,0,308641
4,17,16,0.5,-0.05633,180,0,1,308666
0,11,9,0.5,-0.054845,180,0,1,308679
0,12,9,0.5,-0.053225,180,0,0,308695
0,15,9,0.5,-0.0512,180,0,0,308709
-1,17,10,0.5,-0.048905,180,0,0,308730
0,16,11,0.5,-0.046745,180,0,0,308741
-2,15,11,0.5,-0.04472,180,0,0,308759
-1,15,12,0.5,-0.042695,180,0,0,308776
3,16,13,0.5,-0.040535,180,0,0,308791
-1,15,12,0.5,-0.03851,180,0,1,308809
2,14,12,0.5,-0.03662,180,0,1,308825
0,15,12,0.5,-0.034595,180,0,1,308845
1,15,12,0.5,-0.03257,180,0,0,308858
0,14,10,0.5,-0.03068,180,0,0,308879
0,13,10,0.5,-0.028925,180,0,0,308890
-2,11,8,0.5,-0.02744,180,0,0,308907
3,10,12,0.5,-0.02609,180,0,0,308925
-4,10,10,0.5,-0.02474,180,0,0,308941
0,9,11,0.5,-0.023525,180,0,0,308958
0,8,11,0.5,-0.022445,180,0,0,308974
0,7,12,0.5,-0.0215,180,0,0,308991
-1,11,21,0.5,-0.020015,180,0,0,309015
0,5,9,0.5,-0.01934,180,0,0,309028
0,0,0,0.5,-0.01934,180,0,0,309038
0,4,16,0.5,-0.0188,180,0,0,309062
0,0,7,0.5,-0.0188,180,0,0,309076
0,-1,7,0.5,-0.018935,180,0,0,309090
-1,-2,6,0.5,-0.019205,180,0,0,309107
0,-4,5,0.5,-0.019745,180,0,0,309124
0,-3,4,0.5,-0.02015,180,0,0,309140
0,-5,3,0.5,-0.020825,180,0,0,309156
-1,-6,3,0.5,-0.021635,180,0,0,309173
0,-7,2,0.5,-0.02258,180,0,0,309189
0,-9,2,0.5,-0.023795,180,0,0,309205
0,-10,2,0.5,-0.025145,180,0,0,309222
-1,-8,2,0.5,-0.026225,180,0,0,309240
0,-7,3,0.5,-0.02717,180,0,0,309256
0,-5,3,0.5,-0.027845,180,0,0,309272
0,-2,4,0.5,-0.028115,180,0,0,309289
0,0,4,0.5,-0.028115,180,0,0,309306
0,2,5,0.5,-0.027845,180,0,0,309323
-1,2,4,0.5,-0.027575,180,0,0,309340
0,2,5,0.5,-0.027305,180,0,0,309356
0,2,4,0.5,-0.027035,180,0,0,309373
0,1,4,0.5,-0.0269,180,0,0,309389
0,1,4,0.5,-0.026765,180,0,0,309406
0,-1,4,0.5,-0.0269,180,0,0,309423
0,-1,3,0.5,-0.027035,180,0,0,309439
0,-5,3,0.5,-0.02771,180,0,0,309456
0,-3,5,0.5,-0.028115,180,0,0,309474
-1,-2,1,0.5,-0.028385,180,0,0,309490
0,-2,1,0.5,-0.028655,180,0,0,309506
0,0,0,0.5,-0.028655,180,0,0,309521
-2,1,0,0.5,-0.02852,180,0,0,309538
-2,5,1,0.5,-0.027845,180,0,0,309556
0,4,0,0.5,-0.027305,180,0,0,309572
0,4,0,0.5,-0.026765,180,0,0,309588
0,4,0,0.5,-0.026225,180,0,0,309605
-1,4,1,0.5,-0.025685,180,0,0,309624
0,4,1,0.5,-0.025145,180,0,0,309638
0,3,2,0.5,-0.02474,180,0,0,309655
0,4,3,0.5,-0.0242,180,0,0,309672
-2,3,3,0.5,-0.023795,180,0,0,309689
0,2,3,0.5,-0.023525,180,0,0,309706
0,3,3,0.5,-0.02312,180,0,0,309722
0,1,3,0.5,-0.022985,180,0,0,309739
-1,2,3,0.5,-0.022715,180,0,0,309757
0,2,2,0.5,-0.022445,180,0,0,309772
0,1,1,0.5,-0.02231,180,0,0,309788
0,1,1,0.5,-0.022175,180,0,0,309806
-1,5,0,0.5,-0.0215,180,0,0,309825
0,0,0,0.5,-0.0215,180,0,0,309838
-1,5,1,0.5,-0.020825,180,0,0,309856
-1,15,1,0.5,-0.0188,180,0,0,309875
0,0,0,0.5,-0.0188,180,0,0,309888
-1,15,4,0.5,-0.016775,180,0,0,309907
0,9,5,0.5,-0.01556,180,0,0,309924
-1,9,6,0.5,-0.014345,180,0,0,309942
0,11,7,0.5,-0.01286,180,0,1,309956
0,12,8,0.5,-0.01124,180,0,1,309974
0,13,8,0.5,-0.009485,180,0,1,309990
-2,13,8,0.5,-0.00773,180,0,1,310008
0,15,9,0.5,-0.005705,180,0,1,310024
-1,14,9,0.5,-0.003815,180,0,0,310040
0,14,10,0.5,-0.001925,180,0,0,310058
-1,14,9,0.5,-0.000035,180,0,0,310077
-1,12,9,0.5,0.001585,180,0,0,310092
1,12,10,0.5,0.003205,180,0,0,310108
0,12,9,0.5,0.004825,180,0,0,310126
-1,12,9,0.5,0.006445,180,0,0,310143
0,14,9,0.5,0.008335,180,0,1,310160
-2,12,8,0.5,0.009955,180,0,1,310175
0,12,8,0.5,0.011575,180,0,0,310195
3,21,18,0.5,0.01441,180,0,0,310217
0,8,8,0.5,0.01549,180,0,0,310232
0,8,7,0.5,0.01657,180,0,0,310242
0,0,1,0.5,0.01657,180,0,0,310255
0,18,12,0.5,0.019,180,0,0,310276
0,12,18,0.5,0.02062,180,0,0,310294
0,14,11,0.5,0.02251,180,0,0,310307
-1,16,10,0.5,0.02467,180,0,0,310326
0,17,11,0.5,0.026965,180,0,0,310344
-3,16,9,0.5,0.029125,180,0,1,310357
0,17,11,0.5,0.03142,180,0,1,310376
0,17,11,0.5,0.033715,180,0,0,310393
-1,17,12,0.5,0.03601,180,0,0,310409
0,16,12,0.5,0.03817,180,0,0,310427
0,14,12,0.5,0.04006,180,0,0,310441
0,14,13,0.5,0.04195,180,0,0,310457
2,13,12,0.5,0.043705,180,0,0,310475
0,12,13,0.5,0.045325,180,0,0,310491
0,11,13,0.5,0.04681,180,0,0,310508
-3,9,13,0.5,0.048025,180,0,0,310529
0,9,13,0.5,0.04924,180,0,0,310541
-1,10,13,0.5,0.05059,180,0,1,310558
4,10,15,0.5,0.05194,180,0,1,310577
0,12,12,0.5,0.05356,180,0,1,310591
0,12,12,0.5,0.05518,180,0,0,310613
-1,12,13,0.5,0.0568,180,0,0,310630
-2,10,11,0.5,0.05815,180,0,0,310642
-1,16,23,0.5,0.06031,180,0,0,310660
-1,6,12,0.5,0.06112,180,0,0,310676
0,4,11,0.5,0.06166,180,0,0,310692
0,2,12,0.5,0.06193,180,0,0,310709
0,1,13,0.5,0.062065,180,0,0,310725
-2,0,12,0.5,0.062065,180,0,0,310743
1,4,13,0.5,0.062605,180,0,1,310758
-6,7,8,0.5,0.06355,180,0,1,310774
0,10,11,0.5,0.0649,180,0,1,310791
-1,12,11,0.5,0.06652,180,0,0,310807
-4,13,9,0.5,0.068275,180,0,0,310825
5,13,15,0.5,0.07003,180,0,0,310843
0,14,12,0.5,0.07192,180,0,0,310857
0,15,12,0.5,0.073945,180,0,0,310874
0,14,12,0.5,0.075835,180,0,0,310891
-1,11,13,0.5,0.07732,180,0,0,310910
0,10,12,0.5,0.07867,180,0,0,310924
0,6,12,0.5,0.07948,180,0,0,310942
0,6,12,0.5,0.08029,180,0,0,310957
0,4,14,0.5,0.08083,180,0,0,310977
0,5,15,0.5,0.081505,180,0,0,310992
0,3,15,0.5,0.08191,180,0,0,311008
0,0,15,0.5,0.08191,180,0,0,311026
-6,1,29,0.5,0.082045,180,0,0,311053
0,4,14,0.5,0.082585,180,0,0,311065
0,7,14,0.5,0.08353,180,0,0,311077
0,11,14,0.5,0.085015,180,0,0,311092
-1,13,15,0.5,0.08677,180,0,0,311108
-2,17,14,0.5,0.089065,180,0,0,311126
0,16,13,0.5,0.091225,180,0,0,311143
2,20,14,0.5,0.093925,180,0,0,311161
0,18,12,0.5,0.096355,180,0,0,311174
0,21,13,0.5,0.09919,180,0,0,311191
-1,23,14,0.5,0.102295,180,0,0,311209
0,26,14,0.5,0.105805,180,0,0,311226
-4,27,14,0.5,0.10945,180,0,0,311241
0,26,16,0.5,0.11296,180,0,0,311258
-2,26,17,0.5,0.11647,180,0,1,311278
0,27,18,0.5,0.120115,180,0,1,311295
0,29,17,0.5,0.12403,180,0,1,311309
0,31,17,0.5,0.128215,180,0,0,311326
0,32,17,0.5,0.132535,180,0,0,311343
-1,33,16,0.5,0.13699,180,0,0,311358
4,31,18,0.5,0.141175,180,0,0,311380
0,31,16,0.5,0.14536,180,0,0,311395
1,27,16,0.5,0.149005,180,0,0,311408
-3,28,14,0.5,0.152785,180,0,1,311425
-1,26,17,0.5,0.156295,180,0,1,311442
0,52,34,0.5,0.163315,180,0,1,311466
0,25,16,0.5,0.16669,180,0,1,311478
0,27,16,0.5,0.170335,180,0,1,311492
0,27,16,0.5,0.17398,180,0,0,311510
0,26,14,0.5,0.17749,180,0,0,311525
-1,23,14,0.5,0.180595,180,0,0,311546
0,22,14,0.5,0.183565,180,0,0,311558
0,21,14,0.5,0.1864,180,0,0,311575
0,19,15,0.5,0.188965,180,0,0,311591
0,17,15,0.5,0.19126,180,0,0,311609
-1,16,15,0.5,0.19342,180,0,0,311625
0,14,14,0.5,0.19531,180,0,0,311641
0,14,15,0.5,0.1972,180,0,0,311659
0,14,15,0.5,0.19909,180,0,0,311675
-2,16,17,0.5,0.20125,180,0,0,311693
0,17,17,0.5,0.203545,180,0,0,311710
0,19,19,0.5,0.20611,180,0,0,311725
1,20,20,0.5,0.20881,180,0,0,311743
-2,20,16,0.5,0.21151,180,0,0,311762
-2,18,16,0.5,0.21394,180,0,0,311775
0,17,18,0.5,0.216235,180,0,0,311794
-1,18,19,0.5,0.218665,180,0,0,311812
0,18,19,0.5,0.221095,180,0,0,311828
0,22,22,0.5,0.224065,180,0,0,311847
0,24,20,0.5,0.227305,180,0,0,311862
0,56,27,0.5,0.234865,180,0,0,311878
-1,30,35,0.5,0.238915,180,0,0,311902
0,29,20,0.5,0.24283,180,0,0,311915
0,32,19,0.5,0.24715,180,0,0,311929
0,34,17,0.5,0.25174,180,0,0,311945
-1,35,17,0.5,0.256465,180,0,0,311961
0,37,17,0.5,0.26146,180,0,0,311976
0,36,17,0.5,0.26632,180,0,0,311992
0,36,18,0.5,0.27118,180,0,0,312009
-1,37,18,0.5,0.276175,180,0,0,312027
0,34,18,0.5,0.280765,180,0,0,312044
0,34,18,0.5,0.285355,180,0,0,312060
0,32,17,0.5,0.289675,180,0,0,312075
-1,32,17,0.5,0.293995,180,0,0,312095
0,31,18,0.5,0.29818,180,0,0,312109
-4,28,15,0.5,0.30196,180,0,1,312125
0,27,17,0.5,0.305605,180,0,1,312145
-2,24,16,0.5,0.308845,180,0,1,312160
0,23,18,0.5,0.31195,180,0,0,312176
0,23,18,0.5,0.315055,180,0,0,312196
3,23,21,0.5,0.31816,180,0,0,312211
0,20,20,0.5,0.32086,180,0,0,312231
0,19,18,0.5,0.323425,180,0,0,312246
-1,30,38,0.5,0.327475,180,0,0,312269
0,15,19,0.5,0.3295,180,0,0,312280
3,16,22,0.5,0.33166,180,0,0,312297
-4,15,16,0.5,0.333685,180,0,0,312310
0,17,17,0.5,0.33598,180,0,0,312326
0,17,18,0.5,0.338275,180,0,1,312344
-1,16,18,0.5,0.340435,180,0,1,312360
0,18,18,0.5,0.342865,180,0,0,312376
0,18,19,0.5,0.345295,180,0,0,312393
0,19,18,0.5,0.34786,180,0,0,312410
1,20,20,0.5,0.35056,180,0,0,312426
-3,20,18,0.5,0.35326,180,0,0,312443
0,22,19,0.5,0.35623,180,0,0,312460
-1,21,18,0.5,0.359065,180,0,0,312477
-5,23,16,0.5,0.36217,180,0,0,312492
-7,24,16,0.5,0.36541,180,0,0,312509
0,21,18,0.5,0.368245,180,0,1,312526
0,20,17,0.5,0.370945,180,0,1,312545
-2,19,16,0.5,0.37351,180,0,1,312561
0,18,16,0.5,0.37594,180,0,0,312575
0,14,15,0.5,0.37783,180,0,0,312593
0,15,16,0.5,0.379855,180,0,0,312611
-1,15,17,0.5,0.38188,180,0,0,312628
0,15,17,0.5,0.383905,180,0,0,312643
-1,32,19,0.5,0.388225,180,0,0,312660
-6,15,30,0.5,0.39025,180,0,0,312682
5,15,9,0.5,0.392275,180,0,0,312691
0,14,19,0.5,0.394165,180,0,0,312711
0,14,26,0.5,0.396055,180,0,0,312727
-1,14,16,0.5,0.397945,180,0,1,312743
0,14,16,0.5,0.399835,180,0,1,312762
-2,15,15,0.5,0.40186,180,0,1,312778
-1,14,14,0.5,0.40375,180,0,0,312795
2,14,12,0.5,0.40564,180,0,0,312810
-12,13,6,0.5,0.407395,180,0,0,312823
4,12,15,0.5,0.409015,180,0,0,312841
2,14,13,0.5,0.410905,180,0,0,312859
-3,14,11,0.5,0.412795,180,0,0,312877
-2,15,12,0.5,0.41482,180,0,0,312891
0,17,14,0.5,0.417115,180,0,0,312913
1,16,14,0.5,0.419275,180,0,0,312925
-1,16,13,0.5,0.421435,180,0,0,312942
0,19,15,0.5,0.424,180,0,1,312958
0,20,14,0.5,0.4267,180,0,1,312977
0,19,13,0.5,0.429265,180,0,1,312991
-2,20,14,0.5,0.431965,180,0,1,313008
1,21,13,0.5,0.4348,180,0,1,313025
0,22,13,0.5,0.43777,180,0,1,313042
0,19,12,0.5,0.440335,180,0,0,313058
2,36,13,0.5,0.445195,180,0,0,313075
1,15,23,0.5,0.44722,180,0,0,313097
-2,12,8,0.5,0.44884,180,0,0,313107
0,12,9,0.5,0.45046,180,0,0,313124
0,14,10,0.5,0.45235,180,0,0,313141
-12,16,4,0.5,0.45451,180,0,0,313157
-1,18,11,0.5,0.45694,180,0,0,313176
0,19,11,0.5,0.459505,180,0,0,313190
3,19,13,0.5,0.46207,180,0,0,313208
-5,19,10,0.5,0.464635,180,0,0,313224
0,20,12,0.5,0.467335,180,0,0,313243
0,21,13,0.5,0.47017,180,0,0,313258
0,21,12,0.5,0.473005,180,0,1,313275
-1,23,13,0.5,0.47611,180,0,1,313296
0,21,13,0.5,0.478945,180,0,1,313308
0,23,12,0.5,0.48205,180,0,0,313326
0,23,12,0.5,0.485155,180,0,0,313341
-1,23,12,0.5,0.48826,180,0,0,313361
0,23,13,0.5,0.491365,180,0,0,313374
0,26,13,0.5,0.494875,180,0,0,313399
-3,54,28,0.5,0.502165,180,0,0,313419
0,28,15,0.5,0.505945,180,0,0,313427
0,0,0,0.5,0.505945,180,0,0,313438
0,28,15,0.5,0.509725,180,0,0,313459
0,26,15,0.5,0.513235,180,0,0,313477
0,59,32,0.5,0.5212,180,0,0,313498
0,30,7,0.5,0.52525,180,0,0,313507
0,28,22,0.5,0.52903,180,0,0,313528
0,26,13,0.5,0.53254,180,0,0,313543
0,25,13,0.5,0.535915,180,0,0,313559
-2,24,14,0.5,0.539155,180,0,0,313582
0,27,16,0.5,0.5428,180,0,0,313593
0,28,17,0.5,0.54658,180,0,0,313611
1,31,18,0.5,0.550765,180,0,0,313627
-2,32,17,0.5,0.555085,180,0,0,313643
-1,30,15,0.5,0.559135,180,0,0,313659
0,34,19,0.5,0.563725,180,0,0,313676
0,32,17,0.5,0.568045,180,0,0,313692
-2,31,18,0.5,0.57223,180,0,0,313718
0,31,17,0.5,0.576415,180,0,0,313729
0,30,16,0.5,0.580465,180,0,0,313742
0,31,16,0.5,0.58465,180,0,0,313759
-1,31,16,0.5,0.588835,180,0,0,313776
0,31,19,0.5,0.59302,180,0,1,313792
0,30,17,0.5,0.59707,180,0,1,313808
0,32,19,0.5,0.60139,180,0,1,313832
0,59,39,0.5,0.609355,180,0,0,313852
0,0,0,0.5,0.609355,180,0,0,313856
0,27,19,0.5,0.613,180,0,0,313877
0,59,34,0.5,0.620965,180,0,0,313897
-1,30,20,0.5,0.625015,180,0,0,313912
0,27,17,0.5,0.62866,180,0,0,313926
0,26,17,0.5,0.63217,180,0,0,313942
0,24,18,0.5,0.63541,180,0,0,313960
-1,25,19,0.5,0.638785,180,0,0,313977
0,24,19,0.5,0.642025,180,0,0,313993
0,27,20,0.5,0.64567,180,0,0,314009
0,25,21,0.5,0.649045,180,0,0,314027
0,23,20,0.5,0.65215,180,0,0,314044
0,22,20,0.5,0.65512,180,0,0,314060
-1,23,21,0.5,0.658225,180,0,0,314077
0,23,20,0.5,0.66133,180,0,0,314092
-1,22,20,0.5,0.6643,180,0,0,314109
0,22,20,0.5,0.66727,180,0,0,314126
-1,21,20,0.5,0.670105,180,0,1,314148
0,19,20,0.5,0.67267,180,0,1,314161
0,21,20,0.5,0.675505,180,0,1,314175
0,22,21,0.5,0.678475,180,0,1,314195
-1,23,22,0.5,0.68158,180,0,0,314220
0,44,42,0.5,0.68752,180,0,0,314242
-2,20,21,0.5,0.69022,180,0,0,314254
1,22,21,0.5,0.69319,180,0,0,314270
0,21,21,0.5,0.696025,180,0,0,314285
0,20,21,0.5,0.698725,180,0,0,314298
0,21,20,0.5,0.70156,180,0,0,314311
-1,21,20,0.5,0.704395,180,0,0,314330
0,18,19,0.5,0.706825,180,0,0,314346
0,19,20,0.5,0.70939,180,0,0,314362
0,17,19,0.5,0.71,180,0,1,314377
