-3,72,52,0.5,-0.70028,180,0,0,1880543
-8,32,19,0.5,-0.69596,180,0,0,1880557
0,0,3,0.5,-0.69596,180,0,0,1880566
7,16,16,0.5,-0.6938,180,0,0,1880576
-1,16,14,0.5,-0.69164,180,0,0,1880589
0,13,12,0.5,-0.689885,180,0,0,1880605
0,13,11,0.5,-0.68813,180,0,0,1880628
0,10,10,0.5,-0.68678,180,0,0,1880639
-3,8,7,0.5,-0.6857,180,0,0,1880655
0,9,9,0.5,-0.684485,180,0,0,1880673
0,7,7,0.5,-0.68354,180,0,0,1880687
0,8,8,0.5,-0.68246,180,0,0,1880707
-1,6,8,0.5,-0.68165,180,0,0,1880720
0,7,8,0.5,-0.680705,180,0,0,1880736
0,7,8,0.5,-0.67976,180,0,0,1880754
0,7,7,0.5,-0.678815,180,0,0,1880770
0,7,8,0.5,-0.67787,180,0,0,1880788
0,7,7,0.5,-0.676925,180,0,0,1880804
0,7,6,0.5,-0.67598,180,0,0,1880819
0,5,6,0.5,-0.675305,180,0,0,1880836
0,3,5,0.5,-0.6749,180,0,0,1880853
0,4,6,0.5,-0.67436,180,0,0,1880870
0,4,8,0.5,-0.67382,180,0,0,1880888
0,8,9,0.5,-0.67274,180,0,0,1880906
-2,20,9,0.5,-0.67004,180,0,0,1880920
0,13,14,0.5,-0.668285,180,0,0,1880938
-1,14,13,0.5,-0.666395,180,0,0,1880956
0,16,10,0.5,-0.664235,180,0,0,1880971
0,13,9,0.5,-0.66248,180,0,0,1880987
-4,15,7,0.5,-0.660455,180,0,0,1881005
-1,16,9,0.5,-0.658295,180,0,0,1881020
0,15,9,0.5,-0.65627,180,0,0,1881037
0,15,10,0.5,-0.654245,180,0,0,1881056
0,13,9,0.5,-0.65249,180,0,0,1881070
0,13,8,0.5,-0.650735,180,0,0,1881088
-1,11,8,0.5,-0.64925,180,0,0,1881104
1,10,9,0.5,-0.6479,180,0,0,1881120
0,10,9,0.5,-0.64655,180,0,0,1881138
-1,11,10,0.5,-0.645065,180,0,0,1881155
0,12,11,0.5,-0.643445,180,0,0,1881176
0,13,11,0.5,-0.64169,180,0,0,1881194
-1,13,11,0.5,-0.639935,180,0,0,1881205
-1,12,11,0.5,-0.638315,180,0,0,1881221
0,11,11,0.5,-0.63683,180,0,0,1881238
0,10,11,0.5,-0.63548,180,0,0,1881255
0,8,11,0.5,-0.6344,180,0,0,1881272
0,8,11,0.5,-0.63332,180,0,0,1881291
0,7,12,0.5,-0.632375,180,0,0,1881308
-1,10,13,0.5,-0.631025,180,0,0,1881322
3,41,34,0.5,-0.62549,180,0,0,1881343
-3,28,14,0.5,-0.62171,180,0,0,1881356
0,28,14,0.5,-0.61793,180,0,0,1881373
0,29,15,0.5,-0.614015,180,0,0,1881394
0,30,14,0.5,-0.609965,180,0,0,1881406
0,31,17,0.5,-0.60578,180,0,0,1881422
0,29,17,0.5,-0.601865,180,0,0,1881439
0,31,18,0.5,-0.59768,180,0,0,1881457
0,30,18,0.5,-0.59363,180,0,0,1881473
0,28,16,0.5,-0.58985,180,0,0,1881490
0,28,16,0.5,-0.58607,180,0,0,1881505
0,23,16,0.5,-0.582965,180,0,0,1881522
-4,21,15,0.5,-0.58013,180,0,0,1881539
0,17,16,0.5,-0.577835,180,0,0,1881556
0,14,15,0.5,-0.575945,180,0,0,1881572
3,14,17,0.5,-0.574055,180,0,0,1881592
0,16,16,0.5,-0.571895,180,0,0,1881606
0,19,17,0.5,-0.56933,180,0,0,1881623
0,20,17,0.5,-0.56663,180,0,0,1881640
-1,19,15,0.5,-0.564065,180,0,0,1881659
1,27,30,0.5,-0.56042,180,0,0,1881685
0,8,13,0.5,-0.55934,180,0,0,1881698
0,10,11,0.5,-0.55799,180,0,0,1881709
0,0,0,0.5,-0.55799,180,0,0,1881718
0,28,20,0.5,-0.55421,180,0,0,1881743
0,14,10,0.5,-0.55232,180,0,0,1881755
0,12,8,0.5,-0.5507,180,0,0,1881772
0,12,8,0.5,-0.54908,180,0,0,1881787
0,12,9,0.5,-0.54746,180,0,0,1881804
0,14,9,0.5,-0.54557,180,0,0,1881822
0,15,10,0.5,-0.543545,180,0,0,1881838
-2,14,9,0.5,-0.541655,180,0,0,1881855
-1,14,9,0.5,-0.539765,180,0,0,1881871
0,14,10,0.5,-0.537875,180,0,0,1881887
1,15,12,0.5,-0.53585,180,0,0,1881905
0,14,11,0.5,-0.53396,180,0,0,1881921
-4,14,9,0.5,-0.53207,180,0,0,1881938
-1,14,11,0.5,-0.53018,180,0,0,1881955
0,14,10,0.5,-0.52829,180,0,0,1881971
0,14,10,0.5,-0.5264,180,0,0,1881989
0,13,9,0.5,-0.524645,180,0,0,1882004
0,11,8,0.5,-0.52316,180,0,0,1882020
-1,8,8,0.5,-0.52208,180,0,0,1882037
0,6,7,0.5,-0.52127,180,0,0,1882054
0,4,8,0.5,-0.52073,180,0,0,1882073
-1,3,7,0.5,-0.520325,180,0,0,1882087
-1,3,9,0.5,-0.51992,180,0,0,1882105
-1,5,11,0.5,-0.519245,180,0,0,1882122
-1,18,18,0.5,-0.516815,180,0,0,1882140
0,13,17,0.5,-0.51506,180,0,0,1882157
0,14,12,0.5,-0.51317,180,0,0,1882171
0,15,13,0.5,-0.511145,180,0,0,1882189
-4,14,10,0.5,-0.509255,180,0,0,1882204
-1,14,12,0.5,-0.507365,180,0,0,1882221
2,12,14,0.5,-0.505745,180,0,0,1882240
0,12,11,0.5,-0.504125,180,0,0,1882256
0,11,11,0.5,-0.50264,180,0,0,1882274
0,12,10,0.5,-0.50102,180,0,0,1882289
0,10,9,0.5,-0.49967,180,0,0,1882303
0,10,9,0.5,-0.49832,180,0,0,1882320
1,12,10,0.5,-0.4967,180,0,0,1882346
-3,16,15,0.5,-0.49454,180,0,0,1882367
0,15,12,0.5,-0.492515,180,0,0,1882384
-10,14,6,0.5,-0.490625,180,0,0,1882395
0,0,0,0.5,-0.490625,180,0,0,1882403
-1,14,11,0.5,-0.488735,180,0,0,1882422
0,11,12,0.5,-0.48725,180,0,0,1882441
0,11,13,0.5,-0.485765,180,0,0,1882456
0,9,14,0.5,-0.48455,180,0,0,1882472
3,13,18,0.5,-0.482795,180,0,0,1882490
0,16,16,0.5,-0.480635,180,0,0,1882506
0,15,14,0.5,-0.47861,180,0,0,1882522
0,35,22,0.5,-0.473885,180,0,0,1882541
0,18,12,0.5,-0.471455,180,0,0,1882554
0,20,19,0.5,-0.468755,180,0,0,1882573
1,20,15,0.5,-0.466055,180,0,0,1882589
0,22,14,0.5,-0.463085,180,0,0,1882605
0,19,13,0.5,-0.46052,180,0,0,1882622
0,17,14,0.5,-0.458225,180,0,0,1882639
0,11,13,0.5,-0.45674,180,0,0,1882655
0,9,13,0.5,-0.455525,180,0,0,1882671
0,8,12,0.5,-0.454445,180,0,0,1882688
0,10,13,0.5,-0.453095,180,0,0,1882704
-1,12,13,0.5,-0.451475,180,0,0,1882721
0,16,14,0.5,-0.449315,180,0,0,1882738
0,18,14,0.5,-0.446885,180,0,0,1882755
-3,18,11,0.5,-0.444455,180,0,0,1882771
0,19,13,0.5,-0.44189,180,0,0,1882788
0,17,11,0.5,-0.439595,180,0,0,1882804
0,17,11,0.5,-0.4373,180,0,0,1882823
0,17,10,0.5,-0.435005,180,0,0,1882839
0,16,12,0.5,-0.432845,180,0,0,1882855
-1,15,14,0.5,-0.43082,180,0,0,1882875
-1,16,14,0.5,-0.42866,180,0,0,1882889
-1,14,14,0.5,-0.42677,180,0,0,1882905
-7,12,9,0.5,-0.42515,180,0,0,1882922
-5,20,21,0.5,-0.42245,180,0,0,1882940
0,7,11,0.5,-0.421505,180,0,0,1882955
-1,7,11,0.5,-0.42056,180,0,0,1882971
0,5,10,0.5,-0.419885,180,0,0,1882989
-1,5,10,0.5,-0.41921,180,0,0,1883005
1,6,12,0.5,-0.4184,180,0,0,1883021
1,5,8,0.5,-0.417725,180,0,0,1883038
0,6,8,0.5,-0.416915,180,0,0,1883053
-2,6,9,0.5,-0.416105,180,0,0,1883070
1,6,8,0.5,-0.415295,180,0,0,1883087
0,6,7,0.5,-0.414485,180,0,0,1883103
0,6,7,0.5,-0.413675,180,0,0,1883120
0,6,7,0.5,-0.412865,180,0,0,1883139
0,7,5,0.5,-0.41192,180,0,0,1883153
0,6,5,0.5,-0.41111,180,0,0,1883170
-1,6,4,0.5,-0.4103,180,0,0,1883187
0,4,5,0.5,-0.40976,180,0,0,1883203
0,2,4,0.5,-0.40949,180,0,0,1883219
0,0,5,0.5,-0.40949,180,0,0,1883239
0,-1,6,0.5,-0.409625,180,0,0,1883253
0,1,7,0.5,-0.40949,180,0,0,1883271
0,3,8,0.5,-0.409085,180,0,0,1883287
0,5,8,0.5,-0.40841,180,0,0,1883303
0,7,8,0.5,-0.407465,180,0,0,1883320
0,21,18,0.5,-0.40463,180,0,0,1883343
-2,13,9,0.5,-0.402875,180,0,0,1883354
1,13,9,0.5,-0.40112,180,0,0,1883372
0,16,9,0.5,-0.39896,180,0,0,1883388
0,16,9,0.5,-0.3968,180,0,0,1883404
-1,15,8,0.5,-0.394775,180,0,0,1883421
0,15,8,0.5,-0.39275,180,0,0,1883439
0,13,9,0.5,-0.390995,180,0,0,1883454
0,13,7,0.5,-0.38924,180,0,0,1883470
0,9,6,0.5,-0.388025,180,0,0,1883487
0,7,6,0.5,-0.38708,180,0,0,1883503
0,7,5,0.5,-0.386135,180,0,0,1883520
0,5,6,0.5,-0.38546,180,0,0,1883538
0,4,7,0.5,-0.38492,180,0,0,1883553
-1,7,7,0.5,-0.383975,180,0,0,1883571
0,6,8,0.5,-0.383165,180,0,0,1883587
0,9,9,0.5,-0.38195,180,0,0,1883603
0,10,8,0.5,-0.3806,180,0,0,1883621
0,10,9,0.5,-0.37925,180,0,0,1883638
-1,10,7,0.5,-0.3779,180,0,0,1883653
-1,12,8,0.5,-0.37628,180,0,0,1883670
0,12,7,0.5,-0.37466,180,0,0,1883687
-1,10,7,0.5,-0.37331,180,0,0,1883705
0,9,7,0.5,-0.372095,180,0,0,1883721
0,9,7,0.5,-0.37088,180,0,0,1883738
0,16,12,0.5,-0.36872,180,0,0,1883755
0,8,5,0.5,-0.36764,180,0,0,1883771
-1,8,5,0.5,-0.36656,180,0,0,1883787
0,7,6,0.5,-0.365615,180,0,0,1883803
4,8,6,0.5,-0.364535,180,0,0,1883823
-4,7,2,0.5,-0.36359,180,0,0,1883835
0,8,5,0.5,-0.36251,180,0,0,1883853
0,7,4,0.5,-0.361565,180,0,0,1883869
0,5,5,0.5,-0.36089,180,0,0,1883886
0,6,5,0.5,-0.36008,180,0,0,1883902
-1,4,5,0.5,-0.35954,180,0,0,1883919
0,3,6,0.5,-0.359135,180,0,0,1883937
0,5,7,0.5,-0.35846,180,0,0,1883953
0,5,7,0.5,-0.357785,180,0,0,1883971
0,7,7,0.5,-0.35684,180,0,0,1883987
0,9,7,0.5,-0.355625,180,0,0,1884003
0,10,7,0.5,-0.354275,180,0,0,1884024
0,11,8,0.5,-0.35279,180,0,0,1884037
0,12,7,0.5,-0.35117,180,0,0,1884053
0,13,7,0.5,-0.349415,180,0,0,1884070
0,11,6,0.5,-0.34793,180,0,0,1884087
0,11,7,0.5,-0.346445,180,0,0,1884104
1,9,6,0.5,-0.34523,180,0,0,1884120
-1,7,5,0.5,-0.344285,180,0,0,1884136
0,10,11,0.5,-0.342935,180,0,0,1884154
0,5,5,0.5,-0.34226,180,0,0,1884170
0,3,5,0.5,-0.341855,180,0,0,1884186
0,2,3,0.5,-0.341585,180,0,0,1884203
0,3,4,0.5,-0.34118,180,0,0,1884220
0,3,3,0.5,-0.340775,180,0,0,1884236
1,4,4,0.5,-0.340235,180,0,0,1884253
-1,5,1,0.5,-0.33956,180,0,0,1884268
0,4,3,0.5,-0.33902,180,0,0,1884286
0,5,3,0.5,-0.338345,180,0,0,1884302
0,4,3,0.5,-0.337805,180,0,0,1884319
0,3,4,0.5,-0.3374,180,0,0,1884336
0,2,4,0.5,-0.33713,180,0,0,1884352
-2,2,4,0.5,-0.33686,180,0,0,1884369
0,1,4,0.5,-0.336725,180,0,0,1884387
0,2,7,0.5,-0.336455,180,0,0,1884406
0,0,6,0.5,-0.336455,180,0,0,1884419
0,3,6,0.5,-0.33605,180,0,0,1884438
0,4,7,0.5,-0.33551,180,0,0,1884453
4,5,8,0.5,-0.334835,180,0,0,1884471
0,6,7,0.5,-0.334025,180,0,0,1884488
0,7,6,0.5,-0.33308,180,0,0,1884505
0,9,6,0.5,-0.331865,180,0,0,1884520
0,17,11,0.5,-0.32957,180,0,0,1884538
0,10,6,0.5,-0.32822,180,0,0,1884553
0,9,5,0.5,-0.327005,180,0,0,1884570
0,10,4,0.5,-0.325655,180,0,0,1884587
0,10,5,0.5,-0.324305,180,0,0,1884603
0,9,4,0.5,-0.32309,180,0,0,1884620
-1,8,3,0.5,-0.32201,180,0,0,1884637
0,8,4,0.5,-0.32093,180,0,0,1884653
0,7,3,0.5,-0.319985,180,0,0,1884670
0,6,3,0.5,-0.319175,180,0,0,1884687
0,4,3,0.5,-0.318635,180,0,0,1884702
0,2,3,0.5,-0.318365,180,0,0,1884719
0,2,3,0.5,-0.318095,180,0,0,1884736
0,2,2,0.5,-0.317825,180,0,0,1884752
0,1,2,0.5,-0.31769,180,0,0,1884769
-3,1,2,0.5,-0.317555,180,0,0,1884787
-1,1,3,0.5,-0.31742,180,0,0,1884803
0,2,2,0.5,-0.31715,180,0,0,1884819
0,2,1,0.5,-0.31688,180,0,0,1884835
-1,4,2,0.5,-0.31634,180,0,0,1884852
0,4,2,0.5,-0.3158,180,0,0,1884869
0,5,1,0.5,-0.315125,180,0,0,1884885
0,4,2,0.5,-0.314585,180,0,0,1884902
0,4,3,0.5,-0.314045,180,0,0,1884919
0,1,3,0.5,-0.31391,180,0,0,1884936
0,3,8,0.5,-0.313505,180,0,0,1884965
0,-1,5,0.5,-0.31364,180,0,0,1884979
0,0,6,0.5,-0.31364,180,0,0,1884990
0,0,5,0.5,-0.31364,180,0,0,1885003
0,2,6,0.5,-0.31337,180,0,0,1885022
0,5,5,0.5,-0.312695,180,0,0,1885037
-1,5,5,0.5,-0.31202,180,0,0,1885053
0,7,5,0.5,-0.311075,180,0,0,1885071
0,7,4,0.5,-0.31013,180,0,0,1885087
-1,8,3,0.5,-0.30905,180,0,0,1885102
0,9,3,0.5,-0.307835,180,0,0,1885119
0,7,3,0.5,-0.30689,180,0,0,1885137
0,9,3,0.5,-0.305675,180,0,0,1885152
0,8,2,0.5,-0.304595,180,0,0,1885169
-1,7,2,0.5,-0.30365,180,0,0,1885187
0,7,2,0.5,-0.302705,180,0,0,1885203
0,5,1,0.5,-0.30203,180,0,0,1885218
0,6,2,0.5,-0.30122,180,0,0,1885236
-1,4,0,0.5,-0.30068,180,0,0,1885251
1,4,2,0.5,-0.30014,180,0,0,1885269
0,4,2,0.5,-0.2996,180,0,0,1885285
0,1,1,0.5,-0.299465,180,0,0,1885303
0,2,1,0.5,-0.299195,180,0,0,1885319
0,3,2,0.5,-0.29879,180,0,0,1885335
0,3,3,0.5,-0.298385,180,0,0,1885353
0,3,2,0.5,-0.29798,180,0,0,1885369
0,1,2,0.5,-0.297845,180,0,0,1885385
0,2,2,0.5,-0.297575,180,0,0,1885403
0,3,2,0.5,-0.29717,180,0,0,1885420
0,3,2,0.5,-0.296765,180,0,0,1885435
0,3,2,0.5,-0.29636,180,0,0,1885453
0,4,2,0.5,-0.29582,180,0,0,1885469
0,3,2,0.5,-0.295415,180,0,0,1885487
0,3,3,0.5,-0.29501,180,0,0,1885504
0,3,1,0.5,-0.294605,180,0,0,1885519
0,3,2,0.5,-0.2942,180,0,0,1885535
-1,2,1,0.5,-0.29393,180,0,0,1885552
0,1,1,0.5,-0.293795,180,0,0,1885570
0,-1,1,0.5,-0.29393,180,0,0,1885585
-1,-2,2,0.5,-0.2942,180,0,0,1885602
0,-3,2,0.5,-0.294605,180,0,0,1885620
0,-1,3,0.5,-0.29474,180,0,0,1885636
0,-1,3,0.5,-0.294875,180,0,0,1885653
0,0,3,0.5,-0.294875,180,0,0,1885670
0,1,2,0.5,-0.29474,180,0,0,1885685
0,3,2,0.5,-0.294335,180,0,0,1885702
0,3,2,0.5,-0.29393,180,0,0,1885719
0,3,1,0.5,-0.293525,180,0,0,1885735
0,5,3,0.5,-0.29285,180,0,0,1885753
0,2,1,0.5,-0.29258,180,0,0,1885771
0,3,1,0.5,-0.292175,180,0,0,1885785
0,2,1,0.5,-0.291905,180,0,0,1885802
0,2,1,0.5,-0.291635,180,0,0,1885818
0,2,1,0.5,-0.291365,180,0,0,1885836
0,2,1,0.5,-0.291095,180,0,0,1885852
-4,3,-1,0.5,-0.29069,180,0,0,1885869
0,2,1,0.5,-0.29042,180,0,0,1885885
1,2,1,0.5,-0.29015,180,0,0,1885902
0,2,1,0.5,-0.28988,180,0,0,1885920
0,2,0,0.5,-0.28961,180,0,0,1885935
0,3,1,0.5,-0.289205,180,0,0,1885952
0,4,0,0.5,-0.288665,180,0,0,1885970
0,3,1,0.5,-0.28826,180,0,0,1885985
-3,4,0,0.5,-0.28772,180,0,0,1886002
-3,6,-1,0.5,-0.28691,180,0,0,1886019
1,4,1,0.5,-0.28637,180,0,0,1886035
-7,7,0,0.5,-0.285425,180,0,0,1886051
6,4,0,0.5,-0.284885,180,0,0,1886069
-3,4,-1,0.5,-0.284345,180,0,0,1886085
-1,5,0,0.5,-0.28367,180,0,0,1886102
0,3,0,0.5,-0.283265,180,0,0,1886119
0,3,1,0.5,-0.28286,180,0,0,1886135
0,6,1,0.5,-0.28205,180,0,0,1886152
0,3,2,0.5,-0.281645,180,0,0,1886169
0,2,0,0.5,-0.281375,180,0,0,1886185
0,3,0,0.5,-0.28097,180,0,0,1886202
0,1,0,0.5,-0.280835,180,0,0,1886218
0,0,0,0.5,-0.280835,180,0,0,1886234
0,0,0,0.5,-0.280835,180,0,0,1886251
0,-1,1,0.5,-0.28097,180,0,0,1886270
0,-1,1,0.5,-0.281105,180,0,0,1886285
0,0,2,0.5,-0.281105,180,0,0,1886302
0,0,1,0.5,-0.281105,180,0,0,1886318
0,0,1,0.5,-0.281105,180,0,0,1886335
0,0,1,0.5,-0.281105,180,0,0,1886351
0,1,1,0.5,-0.28097,180,0,0,1886368
0,1,0,0.5,-0.280835,180,0,0,1886385
0,2,0,0.5,-0.280565,180,0,0,1886403
0,1,0,0.5,-0.28043,180,0,0,1886418
0,1,0,0.5,-0.280295,180,0,0,1886435
0,2,0,0.5,-0.280025,180,0,0,1886452
0,1,0,0.5,-0.27989,180,0,0,1886469
0,1,0,0.5,-0.279755,180,0,0,1886485
0,0,0,0.5,-0.279755,180,0,0,1886502
3,0,2,0.5,-0.279755,180,0,0,1886520
0,1,0,0.5,-0.27962,180,0,0,1886535
0,1,0,0.5,-0.279485,180,0,0,1886551
0,0,1,0.5,-0.279485,180,0,0,1886568
0,1,1,0.5,-0.27935,180,0,0,1886585
0,0,0,0.5,-0.27935,180,0,0,1886601
0,0,1,0.5,-0.27935,180,0,0,1886619
0,1,1,0.5,-0.279215,180,0,0,1886635
0,0,0,0.5,-0.279215,180,0,0,1886651
0,0,0,0.5,-0.279215,180,0,0,1886668
0,1,0,0.5,-0.27908,180,0,0,1886685
0,0,0,0.5,-0.27908,180,0,0,1886701
0,0,0,0.5,-0.27908,180,0,0,1886718
-3,2,0,0.5,-0.27881,180,0,0,1886734
0,0,0,0.5,-0.27881,180,0,0,1886751
0,1,0,0.5,-0.278675,180,0,0,1886768
2,0,0,0.5,-0.278675,180,0,0,1886785
0,1,0,0.5,-0.27854,180,0,0,1886801
0,1,0,0.5,-0.278405,180,0,0,1886818
0,0,0,0.5,-0.278405,180,0,0,1886834
0,0,-1,0.5,-0.278405,180,0,0,1886851
0,1,0,0.5,-0.27827,180,0,0,1886868
1,0,1,0.5,-0.27827,180,0,0,1886885
0,0,0,0.5,-0.27827,180,0,0,1886901
0,0,0,0.5,-0.27827,180,0,0,1886918
0,0,0,0.5,-0.27827,180,0,0,1886934
0,0,0,0.5,-0.27827,180,0,0,1886951
0,1,0,0.5,-0.278135,180,0,0,1886968
0,0,0,0.5,-0.278135,180,0,0,1886984
0,0,0,0.5,-0.278135,180,0,0,1887001
0,0,0,0.5,-0.278135,180,0,0,1887019
0,0,0,0.5,-0.278135,180,0,0,1887034
0,0,0,0.5,-0.278135,180,0,0,1887051
1,0,1,0.5,-0.278135,180,0,0,1887068
0,1,0,0.5,-0.278,180,0,0,1887084
0,0,0,0.5,-0.278,180,0,0,1887101
0,1,0,0.5,-0.277865,180,0,0,1887118
0,0,0,0.5,-0.277865,180,0,0,1887134
0,0,0,0.5,-0.277865,180,0,0,1887151
0,0,0,0.5,-0.277865,180,0,0,1887168
0,0,0,0.5,-0.277865,180,0,0,1887184
0,0,0,0.5,-0.277865,180,0,0,1887201
0,0,0,0.5,-0.277865,180,0,0,1887218
0,0,0,0.5,-0.277865,180,0,0,1887234
0,0,0,0.5,-0.277865,180,0,0,1887252
0,0,0,0.5,-0.277865,180,0,0,1887268
0,0,0,0.5,-0.277865,180,0,0,1887284
0,0,0,0.5,-0.277865,180,0,0,1887301
0,0,0,0.5,-0.277865,180,0,0,1887318
0,0,0,0.5,-0.277865,180,0,0,1887334
0,0,0,0.5,-0.277865,180,0,0,1887351
0,0,0,0.5,-0.277865,180,0,0,1887368
0,0,0,0.5,-0.277865,180,0,0,1887384
0,1,0,0.5,-0.27773,180,0,0,1887401
0,0,0,0.5,-0.27773,180,0,0,1887418
0,0,0,0.5,-0.27773,180,0,0,1887434
0,0,0,0.5,-0.27773,180,0,0,1887451
0,1,0,0.5,-0.277595,180,0,0,1887468
0,0,0,0.5,-0.277595,180,0,0,1887485
0,0,0,0.5,-0.277595,180,0,0,1887501
0,0,0,0.5,-0.277595,180,0,0,1887518
0,0,0,0.5,-0.277595,180,0,0,1887534
0,0,0,0.5,-0.277595,180,0,0,1887553
0,0,-1,0.5,-0.277595,180,0,0,1887570
0,0,0,0.5,-0.277595,180,0,0,1887584
0,-1,0,0.5,-0.27773,180,0,0,1887601
0,0,0,0.5,-0.27773,180,0,0,1887619
0,0,0,0.5,-0.27773,180,0,0,1887635
0,0,0,0.5,-0.27773,180,0,0,1887651
0,0,0,0.5,-0.27773,180,0,0,1887668
0,0,0,0.5,-0.27773,180,0,0,1887684
0,-1,0,0.5,-0.277865,180,0,0,1887701
0,0,0,0.5,-0.277865,180,0,0,1887718
0,0,0,0.5,-0.277865,180,0,0,1887734
0,0,0,0.5,-0.277865,180,0,0,1887751
0,0,0,0.5,-0.277865,180,0,0,1887768
0,1,0,0.5,-0.27773,180,0,0,1887784
0,0,0,0.5,-0.27773,180,0,0,1887801
0,0,0,0.5,-0.27773,180,0,0,1887818
0,0,0,0.5,-0.27773,180,0,0,1887834
0,0,0,0.5,-0.27773,180,0,0,1887851
0,0,0,0.5,-0.27773,180,0,0,1887868
0,0,0,0.5,-0.27773,180,0,0,1887884
0,0,0,0.5,-0.27773,180,0,0,1887901
0,-1,0,0.5,-0.277865,180,0,0,1887918
0,0,0,0.5,-0.277865,180,0,0,1887934
0,0,0,0.5,-0.277865,180,0,0,1887951
0,0,0,0.5,-0.277865,180,0,0,1887968
0,0,0,0.5,-0.277865,180,0,0,1887984
0,-1,0,0.5,-0.278,180,0,0,1888001
0,0,0,0.5,-0.278,180,0,0,1888018
0,0,0,0.5,-0.278,180,0,0,1888034
0,0,0,0.5,-0.278,180,0,0,1888051
0,0,0,0.5,-0.278,180,0,0,1888068
0,0,0,0.5,-0.278,180,0,0,1888084
0,0,0,0.5,-0.278,180,0,0,1888101
0,0,0,0.5,-0.278,180,0,0,1888118
0,0,0,0.5,-0.278,180,0,0,1888134
0,0,0,0.5,-0.278,180,0,0,1888151
0,0,0,0.5,-0.278,180,0,0,1888168
0,-1,0,0.5,-0.278135,180,0,0,1888184
0,0,0,0.5,-0.278135,180,0,0,1888201
0,0,0,0.5,-0.278135,180,0,0,1888218
0,0,0,0.5,-0.278135,180,0,0,1888234
0,-1,0,0.5,-0.27827,180,0,0,1888251
0,0,0,0.5,-0.27827,180,0,0,1888268
0,0,0,0.5,-0.27827,180,0,0,1888284
0,0,0,0.5,-0.27827,180,0,0,1888301
0,0,0,0.5,-0.27827,180,0,0,1888318
0,0,0,0.5,-0.27827,180,0,0,1888334
0,0,0,0.5,-0.27827,180,0,0,1888351
-2,0,-1,0.5,-0.27827,180,0,0,1888368
0,0,0,0.5,-0.27827,180,0,0,1888384
-1,1,0,0.5,-0.278135,180,0,0,1888402
0,0,0,0.5,-0.278135,180,0,0,1888418
0,1,0,0.5,-0.278,180,0,0,1888436
0,0,0,0.5,-0.278,180,0,0,1888452
0,0,0,0.5,-0.278,180,0,0,1888468
0,0,0,0.5,-0.278,180,0,0,1888484
0,0,0,0.5,-0.278,180,0,0,1888501
0,0,0,0.5,-0.278,180,0,0,1888518
0,-1,0,0.5,-0.278135,180,0,0,1888535
0,0,0,0.5,-0.278135,180,0,0,1888551
1,0,0,0.5,-0.278135,180,0,0,1888568
0,-1,0,0.5,-0.27827,180,0,0,1888585
-1,0,0,0.5,-0.27827,180,0,0,1888601
0,0,0,0.5,-0.27827,180,0,0,1888618
0,0,0,0.5,-0.27827,180,0,0,1888634
0,0,0,0.5,-0.27827,180,0,0,1888651
0,0,0,0.5,-0.27827,180,0,0,1888668
0,0,0,0.5,-0.27827,180,0,0,1888684
0,0,0,0.5,-0.27827,180,0,0,1888701
0,0,0,0.5,-0.27827,180,0,0,1888718
2,0,0,0.5,-0.27827,180,0,0,1888734
0,1,0,0.5,-0.278135,180,0,0,1888751
0,0,0,0.5,-0.278135,180,0,0,1888768
0,0,0,0.5,-0.278135,180,0,0,1888784
0,0,0,0.5,-0.278135,180,0,0,1888801
0,0,0,0.5,-0.278135,180,0,0,1888818
0,0,0,0.5,-0.278135,180,0,0,1888834
0,0,0,0.5,-0.278135,180,0,0,1888851
0,0,0,0.5,-0.278135,180,0,0,1888868
0,0,0,0.5,-0.278135,180,0,0,1888884
0,0,0,0.5,-0.278135,180,0,0,1888901
-1,0,0,0.5,-0.278135,180,0,0,1888918
0,0,0,0.5,-0.278135,180,0,0,1888934
0,0,0,0.5,-0.278135,180,0,0,1888951
0,0,0,0.5,-0.278135,180,0,0,1888968
0,0,0,0.5,-0.278135,180,0,0,1888984
0,0,0,0.5,-0.278135,180,0,0,1889001
0,0,0,0.5,-0.278135,180,0,0,1889018
0,0,0,0.5,-0.278135,180,0,0,1889034
0,0,0,0.5,-0.278135,180,0,0,1889051
0,0,0,0.5,-0.278135,180,0,0,1889068
0,1,0,0.5,-0.278,180,0,0,1889084
0,0,0,0.5,-0.278,180,0,0,1889101
0,0,0,0.5,-0.278,180,0,0,1889118
0,0,0,0.5,-0.278,180,0,0,1889134
0,0,0,0.5,-0.278,180,0,0,1889151
0,0,0,0.5,-0.278,180,0,0,1889168
0,0,0,0.5,-0.278,180,0,0,1889184
0,0,0,0.5,-0.278,180,0,0,1889201
0,0,0,0.5,-0.278,180,0,0,1889218
0,-1,0,0.5,-0.278135,180,0,0,1889234
1,0,1,0.5,-0.278135,180,0,0,1889251
0,0,0,0.5,-0.278135,180,0,0,1889268
0,0,0,0.5,-0.278135,180,0,0,1889284
0,0,0,0.5,-0.278135,180,0,0,1889302
0,0,0,0.5,-0.278135,180,0,0,1889318
0,0,0,0.5,-0.278135,180,0,0,1889334
0,0,0,0.5,-0.278135,180,0,0,1889351
0,1,0,0.5,-0.278,180,0,0,1889370
0,0,0,0.5,-0.278,180,0,0,1889384
0,0,0,0.5,-0.278,180,0,0,1889401
0,0,0,0.5,-0.278,180,0,0,1889418
0,0,0,0.5,-0.278,180,0,0,1889434
0,0,0,0.5,-0.278,180,0,0,1889451
0,0,0,0.5,-0.278,180,0,0,1889467
0,0,0,0.5,-0.278,180,0,0,1889484
0,0,0,0.5,-0.278,180,0,0,1889501
0,0,0,0.5,-0.278,180,0,0,1889518
0,0,0,0.5,-0.278,180,0,0,1889534
0,0,0,0.5,-0.278,180,0,0,1889551
0,0,0,0.5,-0.278,180,0,0,1889567
0,0,0,0.5,-0.278,180,0,0,1889584
0,0,0,0.5,-0.278,180,0,0,1889601
0,0,0,0.5,-0.278,180,0,0,1889617
0,0,0,0.5,-0.278,180,0,0,1889634
0,0,0,0.5,-0.278,180,0,0,1889651
0,0,0,0.5,-0.278,180,0,0,1889667
0,0,0,0.5,-0.278,180,0,0,1889684
0,0,0,0.5,-0.278,180,0,0,1889701
0,0,0,0.5,-0.278,180,0,0,1889718
0,1,0,0.5,-0.277865,180,0,0,1889734
0,0,0,0.5,-0.277865,180,0,0,1889751
0,0,0,0.5,-0.277865,180,0,0,1889767
0,1,0,0.5,-0.27773,180,0,0,1889784
0,0,0,0.5,-0.27773,180,0,0,1889801
0,0,0,0.5,-0.27773,180,0,0,1889817
0,0,0,0.5,-0.27773,180,0,0,1889834
0,0,0,0.5,-0.27773,180,0,0,1889851
0,0,0,0.5,-0.27773,180,0,0,1889867
0,0,0,0.5,-0.27773,180,0,0,1889884
0,0,0,0.5,-0.27773,180,0,0,1889901
0,0,0,0.5,-0.27773,180,0,0,1889917
0,0,0,0.5,-0.27773,180,0,0,1889934
0,0,0,0.5,-0.27773,180,0,0,1889951
0,0,0,0.5,-0.27773,180,0,0,1889967
0,0,1,0.5,-0.27773,180,0,0,1889984
0,0,0,0.5,-0.27773,180,0,0,1890001
0,0,0,0.5,-0.27773,180,0,0,1890017
0,0,0,0.5,-0.27773,180,0,0,1890034
0,0,0,0.5,-0.27773,180,0,0,1890051
0,0,0,0.5,-0.27773,180,0,0,1890068
0,0,0,0.5,-0.27773,180,0,0,1890084
0,0,0,0.5,-0.27773,180,0,0,1890101
0,0,0,0.5,-0.27773,180,0,0,1890118
0,0,0,0.5,-0.27773,180,0,0,1890134
0,0,0,0.5,-0.27773,180,0,0,1890151
0,0,0,0.5,-0.27773,180,0,0,1890168
0,0,0,0.5,-0.27773,180,0,0,1890184
0,0,0,0.5,-0.27773,180,0,0,1890201
0,0,0,0.5,-0.27773,180,0,0,1890218
0,0,0,0.5,-0.27773,180,0,0,1890234
0,0,0,0.5,-0.27773,180,0,0,1890251
0,0,0,0.5,-0.27773,180,0,0,1890268
0,0,0,0.5,-0.27773,180,0,0,1890284
0,0,0,0.5,-0.27773,180,0,0,1890301
0,0,0,0.5,-0.27773,180,0,0,1890318
0,0,0,0.5,-0.27773,180,0,0,1890334
0,0,0,0.5,-0.27773,180,0,0,1890351
0,0,-1,0.5,-0.27773,180,0,0,1890368
0,0,0,0.5,-0.27773,180,0,0,1890384
0,0,0,0.5,-0.27773,180,0,0,1890401
0,0,0,0.5,-0.27773,180,0,0,1890418
0,0,0,0.5,-0.27773,180,0,0,1890434
0,0,0,0.5,-0.27773,180,0,0,1890452
0,0,0,0.5,-0.27773,180,0,0,1890468
0,0,0,0.5,-0.27773,180,0,0,1890484
0,0,0,0.5,-0.27773,180,0,0,1890501
0,0,0,0.5,-0.27773,180,0,0,1890518
0,0,0,0.5,-0.27773,180,0,0,1890534
0,1,0,0.5,-0.277595,180,0,0,1890552
0,0,0,0.5,-0.277595,180,0,0,1890567
0,0,0,0.5,-0.277595,180,0,0,1890584
0,0,0,0.5,-0.277595,180,0,0,1890601
0,0,0,0.5,-0.277595,180,0,0,1890617
0,0,0,0.5,-0.277595,180,0,0,1890634
0,0,0,0.5,-0.277595,180,0,0,1890651
0,0,0,0.5,-0.277595,180,0,0,1890667
0,0,0,0.5,-0.277595,180,0,0,1890684
0,0,0,0.5,-0.277595,180,0,0,1890701
0,0,0,0.5,-0.277595,180,0,0,1890717
0,0,0,0.5,-0.277595,180,0,0,1890734
0,0,0,0.5,-0.277595,180,0,0,1890751
0,1,0,0.5,-0.27746,180,0,0,1890768
0,0,0,0.5,-0.27746,180,0,0,1890784
0,0,0,0.5,-0.27746,180,0,0,1890801
0,0,0,0.5,-0.27746,180,0,0,1890817
0,0,0,0.5,-0.27746,180,0,0,1890834
0,0,0,0.5,-0.27746,180,0,0,1890851
0,0,0,0.5,-0.27746,180,0,0,1890867
0,0,0,0.5,-0.27746,180,0,0,1890884
0,0,0,0.5,-0.27746,180,0,0,1890901
0,0,0,0.5,-0.27746,180,0,0,1890917
0,0,0,0.5,-0.27746,180,0,0,1890934
0,0,0,0.5,-0.27746,180,0,0,1890951
0,0,0,0.5,-0.27746,180,0,0,1890967
0,0,0,0.5,-0.27746,180,0,0,1890984
0,0,0,0.5,-0.27746,180,0,0,1891001
0,0,0,0.5,-0.27746,180,0,0,1891017
0,0,0,0.5,-0.27746,180,0,0,1891034
0,0,0,0.5,-0.27746,180,0,0,1891051
0,0,0,0.5,-0.27746,180,0,0,1891067
0,0,0,0.5,-0.27746,180,0,0,1891084
0,0,0,0.5,-0.27746,180,0,0,1891101
0,0,0,0.5,-0.27746,180,0,0,1891117
0,0,0,0.5,-0.27746,180,0,0,1891134
0,0,0,0.5,-0.27746,180,0,0,1891151
0,1,0,0.5,-0.277325,180,0,0,1891168
0,0,0,0.5,-0.277325,180,0,0,1891184
0,0,0,0.5,-0.277325,180,0,0,1891201
0,0,0,0.5,-0.277325,180,0,0,1891218
0,0,0,0.5,-0.277325,180,0,0,1891234
0,0,0,0.5,-0.277325,180,0,0,1891251
0,0,0,0.5,-0.277325,180,0,0,1891268
0,0,0,0.5,-0.277325,180,0,0,1891284
0,0,0,0.5,-0.277325,180,0,0,1891301
0,0,0,0.5,-0.277325,180,0,0,1891318
0,0,0,0.5,-0.277325,180,0,0,1891334
0,0,0,0.5,-0.277325,180,0,0,1891351
0,0,0,0.5,-0.277325,180,0,0,1891367
0,0,0,0.5,-0.277325,180,0,0,1891384
0,0,0,0.5,-0.277325,180,0,0,1891401
0,0,0,0.5,-0.277325,180,0,0,1891418
0,0,0,0.5,-0.277325,180,0,0,1891434
0,0,0,0.5,-0.277325,180,0,0,1891451
0,0,0,0.5,-0.277325,180,0,0,1891468
0,0,0,0.5,-0.277325,180,0,0,1891484
0,0,0,0.5,-0.277325,180,0,0,1891501
0,0,0,0.5,-0.277325,180,0,0,1891519
0,0,0,0.5,-0.277325,180,0,0,1891535
0,0,0,0.5,-0.277325,180,0,0,1891551
0,0,0,0.5,-0.277325,180,0,0,1891568
0,0,0,0.5,-0.277325,180,0,0,1891584
0,0,0,0.5,-0.277325,180,0,0,1891601
0,0,0,0.5,-0.277325,180,0,0,1891617
0,0,0,0.5,-0.277325,180,0,0,1891634
0,0,0,0.5,-0.277325,180,0,0,1891651
0,0,0,0.5,-0.277325,180,0,0,1891667
0,0,0,0.5,-0.277325,180,0,0,1891684
0,0,0,0.5,-0.277325,180,0,0,1891701
0,0,0,0.5,-0.277325,180,0,0,1891717
0,0,0,0.5,-0.277325,180,0,0,1891734
0,0,0,0.5,-0.277325,180,0,0,1891751
0,0,0,0.5,-0.277325,180,0,0,1891767
0,0,0,0.5,-0.277325,180,0,0,1891784
0,0,0,0.5,-0.277325,180,0,0,1891801
0,0,0,0.5,-0.277325,180,0,0,1891817
0,0,0,0.5,-0.277325,180,0,0,1891834
0,0,0,0.5,-0.277325,180,0,0,1891851
0,0,0,0.5,-0.277325,180,0,0,1891867
0,0,-1,0.5,-0.277325,180,0,0,1891884
0,0,0,0.5,-0.277325,180,0,0,1891901
0,0,0,0.5,-0.277325,180,0,0,1891917
0,0,0,0.5,-0.277325,180,0,0,1891934
0,0,0,0.5,-0.277325,180,0,0,1891951
0,0,0,0.5,-0.277325,180,0,0,1891967
0,0,0,0.5,-0.277325,180,0,0,1891984
0,0,0,0.5,-0.277325,180,0,0,1892001
0,0,0,0.5,-0.277325,180,0,0,1892017
0,0,0,0.5,-0.277325,180,0,0,1892034
0,0,0,0.5,-0.277325,180,0,0,1892051
0,0,0,0.5,-0.277325,180,0,0,1892067
0,0,0,0.5,-0.277325,180,0,0,1892084
0,0,0,0.5,-0.277325,180,0,0,1892101
0,0,0,0.5,-0.277325,180,0,0,1892117
0,0,0,0.5,-0.277325,180,0,0,1892134
0,0,0,0.5,-0.277325,180,0,0,1892151
0,0,0,0.5,-0.277325,180,0,0,1892167
0,0,0,0.5,-0.277325,180,0,0,1892184
0,0,0,0.5,-0.277325,180,0,0,1892201
0,0,0,0.5,-0.277325,180,0,0,1892217
0,0,0,0.5,-0.277325,180,0,0,1892234
0,0,0,0.5,-0.277325,180,0,0,1892251
0,0,0,0.5,-0.277325,180,0,0,1892267
0,0,0,0.5,-0.277325,180,0,0,1892284
0,0,0,0.5,-0.277325,180,0,0,1892301
0,0,0,0.5,-0.277325,180,0,0,1892318
0,0,0,0.5,-0.277325,180,0,0,1892334
0,0,0,0.5,-0.277325,180,0,0,1892351
0,0,0,0.5,-0.277325,180,0,0,1892368
0,0,0,0.5,-0.277325,180,0,0,1892384
0,0,0,0.5,-0.277325,180,0,0,1892401
0,0,0,0.5,-0.277325,180,0,0,1892417
0,0,0,0.5,-0.277325,180,0,0,1892434
0,0,0,0.5,-0.277325,180,0,0,1892451
0,0,0,0.5,-0.277325,180,0,0,1892467
0,0,0,0.5,-0.277325,180,0,0,1892484
0,0,0,0.5,-0.277325,180,0,0,1892501
0,0,0,0.5,-0.277325,180,0,0,1892517
0,0,0,0.5,-0.277325,180,0,0,1892534
0,0,0,0.5,-0.277325,180,0,0,1892551
0,0,0,0.5,-0.277325,180,0,0,1892568
0,0,0,0.5,-0.277325,180,0,0,1892584
0,0,0,0.5,-0.277325,180,0,0,1892601
0,0,0,0.5,-0.277325,180,0,0,1892617
0,0,0,0.5,-0.277325,180,0,0,1892634
0,0,0,0.5,-0.277325,180,0,0,1892651
0,0,0,0.5,-0.277325,180,0,0,1892667
0,0,0,0.5,-0.277325,180,0,0,1892684
0,0,0,0.5,-0.277325,180,0,0,1892701
0,0,0,0.5,-0.277325,180,0,0,1892717
0,0,0,0.5,-0.277325,180,0,0,1892734
0,0,0,0.5,-0.277325,180,0,0,1892751
0,0,0,0.5,-0.277325,180,0,0,1892767
0,0,0,0.5,-0.277325,180,0,0,1892784
0,0,0,0.5,-0.277325,180,0,0,1892801
0,0,0,0.5,-0.277325,180,0,0,1892817
0,0,0,0.5,-0.277325,180,0,0,1892834
0,0,0,0.5,-0.277325,180,0,0,1892851
0,0,0,0.5,-0.277325,180,0,0,1892867
0,0,0,0.5,-0.277325,180,0,0,1892884
0,0,0,0.5,-0.277325,180,0,0,1892901
0,0,0,0.5,-0.277325,180,0,0,1892917
0,0,0,0.5,-0.277325,180,0,0,1892934
0,0,0,0.5,-0.277325,180,0,0,1892951
0,0,0,0.5,-0.277325,180,0,0,1892967
0,0,0,0.5,-0.277325,180,0,0,1892984
0,0,0,0.5,-0.277325,180,0,0,1893001
0,0,0,0.5,-0.277325,180,0,0,1893017
0,0,0,0.5,-0.277325,180,0,0,1893034
0,0,0,0.5,-0.277325,180,0,0,1893051
0,0,0,0.5,-0.277325,180,0,0,1893067
0,0,0,0.5,-0.277325,180,0,0,1893084
0,0,0,0.5,-0.277325,180,0,0,1893101
0,0,0,0.5,-0.277325,180,0,0,1893117
0,0,0,0.5,-0.277325,180,0,0,1893134
0,0,0,0.5,-0.277325,180,0,0,1893151
0,0,0,0.5,-0.277325,180,0,0,1893167
0,0,0,0.5,-0.277325,180,0,0,1893184
0,0,0,0.5,-0.277325,180,0,0,1893201
0,0,0,0.5,-0.277325,180,0,0,1893217
0,0,0,0.5,-0.277325,180,0,0,1893234
0,0,0,0.5,-0.277325,180,0,0,1893251
0,0,0,0.5,-0.277325,180,0,0,1893268
0,0,0,0.5,-0.277325,180,0,0,1893284
0,0,0,0.5,-0.277325,180,0,0,1893301
0,0,0,0.5,-0.277325,180,0,0,1893317
0,0,0,0.5,-0.277325,180,0,0,1893334
0,0,0,0.5,-0.277325,180,0,0,1893351
0,0,0,0.5,-0.277325,180,0,0,1893367
0,0,0,0.5,-0.277325,180,0,0,1893384
0,0,0,0.5,-0.277325,180,0,0,1893401
0,0,0,0.5,-0.277325,180,0,0,1893418
0,0,0,0.5,-0.277325,180,0,0,1893434
0,0,0,0.5,-0.277325,180,0,0,1893452
0,0,0,0.5,-0.277325,180,0,0,1893468
0,0,0,0.5,-0.277325,180,0,0,1893484
0,0,0,0.5,-0.277325,180,0,0,1893501
0,0,0,0.5,-0.277325,180,0,0,1893517
0,0,0,0.5,-0.277325,180,0,0,1893534
0,0,0,0.5,-0.277325,180,0,0,1893551
0,0,0,0.5,-0.277325,180,0,0,1893568
0,0,0,0.5,-0.277325,180,0,0,1893584
0,0,0,0.5,-0.277325,180,0,0,1893601
0,0,0,0.5,-0.277325,180,0,0,1893618
0,0,0,0.5,-0.277325,180,0,0,1893634
0,0,0,0.5,-0.277325,180,0,0,1893651
0,0,0,0.5,-0.277325,180,0,0,1893667
0,0,0,0.5,-0.277325,180,0,0,1893684
0,0,0,0.5,-0.277325,180,0,0,1893701
0,0,0,0.5,-0.277325,180,0,0,1893717
0,0,0,0.5,-0.277325,180,0,0,1893734
0,0,0,0.5,-0.277325,180,0,0,1893751
0,0,0,0.5,-0.277325,180,0,0,1893767
0,0,0,0.5,-0.277325,180,0,0,1893784
0,0,0,0.5,-0.277325,180,0,0,1893801
0,0,0,0.5,-0.277325,180,0,0,1893817
0,1,0,0.5,-0.27719,180,0,0,1893834
0,0,0,0.5,-0.27719,180,0,0,1893851
0,0,0,0.5,-0.27719,180,0,0,1893868
0,0,0,0.5,-0.27719,180,0,0,1893884
0,0,0,0.5,-0.27719,180,0,0,1893901
0,0,0,0.5,-0.27719,180,0,0,1893917
0,0,0,0.5,-0.27719,180,0,0,1893934
0,0,0,0.5,-0.27719,180,0,0,1893951
0,0,0,0.5,-0.27719,180,0,0,1893968
0,0,0,0.5,-0.27719,180,0,0,1893984
0,0,0,0.5,-0.27719,180,0,0,1894001
0,0,0,0.5,-0.27719,180,0,0,1894017
0,0,0,0.5,-0.27719,180,0,0,1894034
0,0,0,0.5,-0.27719,180,0,0,1894051
0,0,0,0.5,-0.27719,180,0,0,1894067
0,0,0,0.5,-0.27719,180,0,0,1894084
0,0,0,0.5,-0.27719,180,0,0,1894101
0,0,0,0.5,-0.27719,180,0,0,1894117
0,0,0,0.5,-0.27719,180,0,0,1894134
0,0,0,0.5,-0.27719,180,0,0,1894151
0,0,0,0.5,-0.27719,180,0,0,1894167
0,0,0,0.5,-0.27719,180,0,0,1894184
0,0,0,0.5,-0.27719,180,0,0,1894201
0,0,0,0.5,-0.27719,180,0,0,1894217
0,0,0,0.5,-0.27719,180,0,0,1894234
0,0,0,0.5,-0.27719,180,0,0,1894251
0,0,0,0.5,-0.27719,180,0,0,1894267
0,0,0,0.5,-0.27719,180,0,0,1894284
0,0,0,0.5,-0.27719,180,0,0,1894301
0,0,0,0.5,-0.27719,180,0,0,1894317
0,0,0,0.5,-0.27719,180,0,0,1894334
0,0,0,0.5,-0.27719,180,0,0,1894351
0,0,0,0.5,-0.27719,180,0,0,1894367
0,0,0,0.5,-0.27719,180,0,0,1894384
0,0,0,0.5,-0.27719,180,0,0,1894401
0,0,0,0.5,-0.27719,180,0,0,1894417
0,0,0,0.5,-0.27719,180,0,0,1894434
0,0,0,0.5,-0.27719,180,0,0,1894451
0,0,0,0.5,-0.27719,180,0,0,1894467
0,0,0,0.5,-0.27719,180,0,0,1894484
0,0,0,0.5,-0.27719,180,0,0,1894501
0,0,0,0.5,-0.27719,180,0,0,1894517
0,0,0,0.5,-0.27719,180,0,0,1894534
0,0,0,0.5,-0.27719,180,0,0,1894551
0,0,0,0.5,-0.27719,180,0,0,1894568
0,0,0,0.5,-0.27719,180,0,0,1894584
0,0,0,0.5,-0.27719,180,0,0,1894601
0,0,0,0.5,-0.27719,180,0,0,1894618
0,0,0,0.5,-0.27719,180,0,0,1894634
0,0,0,0.5,-0.27719,180,0,0,1894651
0,0,0,0.5,-0.27719,180,0,0,1894667
0,0,0,0.5,-0.27719,180,0,0,1894684
0,0,0,0.5,-0.27719,180,0,0,1894701
0,0,0,0.5,-0.27719,180,0,0,1894717
0,0,0,0.5,-0.27719,180,0,0,1894734
0,0,0,0.5,-0.27719,180,0,0,1894751
0,0,0,0.5,-0.27719,180,0,0,1894767
0,0,0,0.5,-0.27719,180,0,0,1894784
0,0,0,0.5,-0.27719,180,0,0,1894801
0,0,0,0.5,-0.27719,180,0,0,1894817
0,0,0,0.5,-0.27719,180,0,0,1894834
0,0,0,0.5,-0.27719,180,0,0,1894851
0,0,0,0.5,-0.27719,180,0,0,1894867
0,0,0,0.5,-0.27719,180,0,0,1894884
0,0,0,0.5,-0.27719,180,0,0,1894901
0,0,0,0.5,-0.27719,180,0,0,1894917
0,0,0,0.5,-0.27719,180,0,0,1894934
0,0,0,0.5,-0.27719,180,0,0,1894951
0,0,0,0.5,-0.27719,180,0,0,1894967
0,0,0,0.5,-0.27719,180,0,0,1894984
0,-7,2,0.5,-0.278135,180,0,1,1895002
0,-1,0,0.5,-0.27827,180,0,1,1895017
0,-1,0,0.5,-0.278405,180,0,0,1895034
0,0,1,0.5,-0.278405,180,0,0,1895052
0,1,0,0.5,-0.27827,180,0,0,1895068
0,6,0,0.5,-0.27746,180,0,0,1895084
0,6,0,0.5,-0.27665,180,0,0,1895102
0,6,0,0.5,-0.27584,180,0,0,1895118
0,7,0,0.5,-0.274895,180,0,0,1895134
0,5,0,0.5,-0.27422,180,0,0,1895151
0,6,-1,0.5,-0.27341,180,0,0,1895168
0,4,-1,0.5,-0.27287,180,0,0,1895185
0,2,0,0.5,-0.2726,180,0,0,1895202
0,0,0,0.5,-0.2726,180,0,0,1895217
0,0,-1,0.5,-0.2726,180,0,0,1895235
0,0,0,0.5,-0.2726,180,0,0,1895251
0,-1,0,0.5,-0.272735,180,0,0,1895268
0,-1,0,0.5,-0.27287,180,0,0,1895285
0,-1,0,0.5,-0.273005,180,0,0,1895301
0,0,0,0.5,-0.273005,180,0,0,1895317
0,0,0,0.5,-0.273005,180,0,0,1895334
0,0,0,0.5,-0.273005,180,0,0,1895351
0,0,0,0.5,-0.273005,180,0,0,1895367
0,0,0,0.5,-0.273005,180,0,0,1895384
0,0,1,0.5,-0.273005,180,0,0,1895401
0,0,0,0.5,-0.273005,180,0,0,1895417
0,0,0,0.5,-0.273005,180,0,0,1895434
0,0,0,0.5,-0.273005,180,0,0,1895451
0,0,0,0.5,-0.273005,180,0,0,1895468
0,0,0,0.5,-0.273005,180,0,0,1895484
0,0,0,0.5,-0.273005,180,0,0,1895501
0,1,0,0.5,-0.27287,180,0,0,1895518
0,0,0,0.5,-0.27287,180,0,0,1895535
0,0,0,0.5,-0.27287,180,0,0,1895551
0,0,0,0.5,-0.27287,180,0,0,1895567
0,1,0,0.5,-0.272735,180,0,0,1895584
0,0,0,0.5,-0.272735,180,0,0,1895602
0,0,0,0.5,-0.272735,180,0,0,1895617
0,0,0,0.5,-0.272735,180,0,0,1895634
0,0,0,0.5,-0.272735,180,0,0,1895651
0,0,0,0.5,-0.272735,180,0,0,1895668
0,0,0,0.5,-0.272735,180,0,0,1895684
0,0,0,0.5,-0.272735,180,0,0,1895701
0,0,0,0.5,-0.272735,180,0,0,1895717
0,1,0,0.5,-0.2726,180,0,0,1895734
0,0,0,0.5,-0.2726,180,0,0,1895751
0,0,0,0.5,-0.2726,180,0,0,1895767
0,0,0,0.5,-0.2726,180,0,0,1895784
0,0,0,0.5,-0.2726,180,0,0,1895801
0,0,0,0.5,-0.2726,180,0,0,1895817
0,0,0,0.5,-0.2726,180,0,0,1895834
0,0,0,0.5,-0.2726,180,0,0,1895851
0,0,0,0.5,-0.2726,180,0,0,1895867
0,0,0,0.5,-0.2726,180,0,0,1895884
0,1,0,0.5,-0.272465,180,0,0,1895901
0,0,0,0.5,-0.272465,180,0,0,1895917
-3,0,0,0.5,-0.272465,180,0,0,1895934
0,0,0,0.5,-0.272465,180,0,0,1895951
0,0,0,0.5,-0.272465,180,0,0,1895967
0,0,0,0.5,-0.272465,180,0,0,1895984
0,0,0,0.5,-0.272465,180,0,0,1896001
0,1,0,0.5,-0.27233,180,0,0,1896019
0,0,0,0.5,-0.27233,180,0,0,1896034
0,0,0,0.5,-0.27233,180,0,0,1896051
0,0,0,0.5,-0.27233,180,0,0,1896067
0,0,0,0.5,-0.27233,180,0,0,1896084
0,0,0,0.5,-0.27233,180,0,0,1896102
0,0,0,0.5,-0.27233,180,0,0,1896117
0,0,0,0.5,-0.27233,180,0,0,1896134
0,0,0,0.5,-0.27233,180,0,0,1896151
0,0,0,0.5,-0.27233,180,0,0,1896167
4,0,2,0.5,-0.27233,180,0,0,1896185
-2,0,0,0.5,-0.27233,180,0,0,1896201
0,0,0,0.5,-0.27233,180,0,0,1896217
-1,0,0,0.5,-0.27233,180,0,0,1896235
0,0,0,0.5,-0.27233,180,0,0,1896252
0,0,0,0.5,-0.27233,180,0,0,1896267
0,1,0,0.5,-0.272195,180,0,0,1896285
0,0,0,0.5,-0.272195,180,0,0,1896301
0,0,0,0.5,-0.272195,180,0,0,1896317
0,0,0,0.5,-0.272195,180,0,0,1896334
0,0,0,0.5,-0.272195,180,0,0,1896351
0,0,0,0.5,-0.272195,180,0,0,1896367
0,0,0,0.5,-0.272195,180,0,0,1896384
0,0,0,0.5,-0.272195,180,0,0,1896401
0,0,0,0.5,-0.272195,180,0,0,1896417
0,0,0,0.5,-0.272195,180,0,0,1896434
0,0,0,0.5,-0.272195,180,0,0,1896451
0,0,0,0.5,-0.272195,180,0,0,1896467
0,0,0,0.5,-0.272195,180,0,0,1896484
0,0,0,0.5,-0.272195,180,0,0,1896501
0,0,0,0.5,-0.272195,180,0,0,1896517
0,0,0,0.5,-0.272195,180,0,0,1896534
0,0,0,0.5,-0.272195,180,0,0,1896551
0,0,0,0.5,-0.272195,180,0,0,1896567
0,0,0,0.5,-0.272195,180,0,0,1896584
0,0,0,0.5,-0.272195,180,0,0,1896601
0,0,0,0.5,-0.272195,180,0,0,1896618
0,0,0,0.5,-0.272195,180,0,0,1896636
0,0,0,0.5,-0.272195,180,0,0,1896655
0,0,0,0.5,-0.272195,180,0,0,1896667
0,0,0,0.5,-0.272195,180,0,0,1896684
0,0,0,0.5,-0.272195,180,0,0,1896701
0,0,0,0.5,-0.272195,180,0,0,1896717
0,0,0,0.5,-0.272195,180,0,0,1896734
0,0,0,0.5,-0.272195,180,0,0,1896751
0,0,0,0.5,-0.272195,180,0,0,1896767
0,0,0,0.5,-0.272195,180,0,0,1896784
0,0,0,0.5,-0.272195,180,0,0,1896801
0,1,0,0.5,-0.27206,180,0,0,1896817
0,0,0,0.5,-0.27206,180,0,0,1896834
0,0,0,0.5,-0.27206,180,0,0,1896851
0,0,0,0.5,-0.27206,180,0,0,1896867
0,0,0,0.5,-0.27206,180,0,0,1896884
0,0,0,0.5,-0.27206,180,0,0,1896901
0,0,0,0.5,-0.27206,180,0,0,1896917
0,0,0,0.5,-0.27206,180,0,0,1896934
0,0,0,0.5,-0.27206,180,0,0,1896951
0,0,0,0.5,-0.27206,180,0,0,1896967
0,0,0,0.5,-0.27206,180,0,0,1896984
0,0,0,0.5,-0.27206,180,0,0,1897001
0,0,0,0.5,-0.27206,180,0,0,1897017
0,0,0,0.5,-0.27206,180,0,0,1897034
0,0,0,0.5,-0.27206,180,0,0,1897051
0,0,0,0.5,-0.27206,180,0,0,1897067
0,0,0,0.5,-0.27206,180,0,0,1897084
0,0,0,0.5,-0.27206,180,0,0,1897101
0,0,0,0.5,-0.27206,180,0,0,1897117
0,0,0,0.5,-0.27206,180,0,0,1897134
0,0,-1,0.5,-0.27206,180,0,0,1897151
0,0,0,0.5,-0.27206,180,0,0,1897167
0,0,0,0.5,-0.27206,180,0,0,1897184
0,0,0,0.5,-0.27206,180,0,0,1897201
0,0,0,0.5,-0.27206,180,0,0,1897217
0,0,0,0.5,-0.27206,180,0,0,1897234
0,0,0,0.5,-0.27206,180,0,0,1897251
0,0,0,0.5,-0.27206,180,0,0,1897267
0,0,0,0.5,-0.27206,180,0,0,1897284
0,0,0,0.5,-0.27206,180,0,0,1897301
0,0,0,0.5,-0.27206,180,0,0,1897317
0,0,0,0.5,-0.27206,180,0,0,1897334
0,0,0,0.5,-0.27206,180,0,0,1897351
0,0,0,0.5,-0.27206,180,0,0,1897367
0,0,0,0.5,-0.27206,180,0,0,1897384
0,0,0,0.5,-0.27206,180,0,0,1897401
0,0,0,0.5,-0.27206,180,0,0,1897417
0,0,0,0.5,-0.27206,180,0,0,1897434
0,0,0,0.5,-0.27206,180,0,0,1897451
0,0,0,0.5,-0.27206,180,0,0,1897467
0,0,0,0.5,-0.27206,180,0,0,1897484
0,0,0,0.5,-0.27206,180,0,0,1897501
0,0,0,0.5,-0.27206,180,0,0,1897517
0,0,0,0.5,-0.27206,180,0,0,1897534
0,0,0,0.5,-0.27206,180,0,0,1897551
0,0,0,0.5,-0.27206,180,0,0,1897567
0,0,0,0.5,-0.27206,180,0,0,1897584
0,0,0,0.5,-0.27206,180,0,0,1897601
0,0,0,0.5,-0.27206,180,0,0,1897618
0,0,0,0.5,-0.27206,180,0,0,1897634
0,0,0,0.5,-0.27206,180,0,0,1897652
0,0,0,0.5,-0.27206,180,0,0,1897667
0,0,0,0.5,-0.27206,180,0,0,1897684
0,0,0,0.5,-0.27206,180,0,0,1897701
0,0,0,0.5,-0.27206,180,0,0,1897717
0,0,0,0.5,-0.27206,180,0,0,1897734
0,0,0,0.5,-0.27206,180,0,0,1897751
0,0,0,0.5,-0.27206,180,0,0,1897767
0,0,0,0.5,-0.27206,180,0,0,1897784
0,0,0,0.5,-0.27206,180,0,0,1897801
0,0,0,0.5,-0.27206,180,0,0,1897817
0,0,0,0.5,-0.27206,180,0,0,1897834
0,1,0,0.5,-0.271925,180,0,0,1897852
0,0,0,0.5,-0.271925,180,0,0,1897867
0,1,0,0.5,-0.27179,180,0,0,1897884
0,1,0,0.5,-0.271655,180,0,0,1897901
0,1,0,0.5,-0.27152,180,0,0,1897918
0,1,0,0.5,-0.271385,180,0,0,1897934
0,1,0,0.5,-0.27125,180,0,0,1897952
0,3,0,0.5,-0.270845,180,0,0,1897968
0,4,0,0.5,-0.270305,180,0,0,1897985
0,6,0,0.5,-0.269495,180,0,0,1898001
0,8,-1,0.5,-0.268415,180,0,0,1898018
0,12,0,0.5,-0.266795,180,0,0,1898034
0,18,0,0.5,-0.264365,180,0,0,1898051
0,24,0,0.5,-0.261125,180,0,0,1898068
0,28,0,0.5,-0.257345,180,0,0,1898085
0,36,1,0.5,-0.252485,180,0,0,1898103
0,43,3,0.5,-0.24668,180,0,0,1898127
0,46,4,0.5,-0.24047,180,0,0,1898140
0,83,8,0.5,-0.229265,180,1,1,1898157
0,41,4,0.5,-0.22373,180,1,1,1898172
0,0,0,0.5,-0.22373,180,1,1,1898185
3,71,11,0.5,-0.214145,180,0,1,1898212
0,33,5,0.5,-0.20969,180,0,1,1898221
0,31,5,0.5,-0.205505,180,0,1,1898236
0,30,3,0.5,-0.201455,180,0,1,1898253
0,26,2,0.5,-0.197945,180,0,1,1898269
0,20,2,0.5,-0.195245,180,0,1,1898285
0,17,2,0.5,-0.19295,180,0,1,1898302
0,14,2,0.5,-0.19106,180,0,1,1898318
0,14,2,0.5,-0.18917,180,0,1,1898335
0,11,1,0.5,-0.187685,180,0,1,1898352
0,10,1,0.5,-0.186335,180,0,1,1898369
0,4,0,0.5,-0.185795,180,0,1,1898384
0,6,0,0.5,-0.184985,180,0,0,1898402
0,4,0,0.5,-0.184445,180,0,0,1898418
0,6,-1,0.5,-0.183635,180,0,0,1898435
0,6,-1,0.5,-0.182825,180,0,0,1898451
0,8,-1,0.5,-0.181745,180,0,0,1898468
0,8,-1,0.5,-0.180665,180,0,1,1898484
0,10,-1,0.5,-0.179315,180,0,1,1898501
0,9,0,0.5,-0.1781,180,0,1,1898518
0,11,0,0.5,-0.176615,180,0,1,1898535
0,11,0,0.5,-0.17513,180,0,0,1898553
0,9,0,0.5,-0.173915,180,0,0,1898567
0,8,0,0.5,-0.172835,180,0,0,1898584
0,9,0,0.5,-0.17162,180,0,0,1898601
0,12,0,0.5,-0.17,180,0,1,1898618
0,7,0,0.5,-0.169055,180,0,1,1898634
0,8,0,0.5,-0.167975,180,0,1,1898652
0,9,0,0.5,-0.16676,180,0,1,1898668
0,10,0,0.5,-0.16541,180,0,0,1898684
0,10,0,0.5,-0.16406,180,0,0,1898702
0,9,0,0.5,-0.162845,180,0,0,1898717
0,10,1,0.5,-0.161495,180,0,0,1898734
0,8,0,0.5,-0.160415,180,0,1,1898752
0,8,0,0.5,-0.159335,180,0,1,1898767
0,8,0,0.5,-0.158255,180,0,1,1898784
0,7,0,0.5,-0.15731,180,0,1,1898802
0,6,0,0.5,-0.1565,180,0,1,1898818
0,7,0,0.5,-0.155555,180,0,0,1898834
0,5,0,0.5,-0.15488,180,0,0,1898851
0,5,0,0.5,-0.154205,180,0,0,1898867
0,5,0,0.5,-0.15353,180,0,0,1898884
0,3,0,0.5,-0.153125,180,0,0,1898902
0,4,0,0.5,-0.152585,180,0,0,1898918
0,3,0,0.5,-0.15218,180,0,1,1898934
0,1,0,0.5,-0.152045,180,0,1,1898951
0,2,0,0.5,-0.151775,180,0,1,1898967
0,0,0,0.5,-0.151775,180,0,1,1898984
0,1,0,0.5,-0.15164,180,0,0,1899001
0,0,0,0.5,-0.15164,180,0,0,1899017
0,0,0,0.5,-0.15164,180,0,0,1899034
0,0,0,0.5,-0.15164,180,0,0,1899051
0,0,0,0.5,-0.15164,180,0,0,1899068
0,0,1,0.5,-0.15164,180,0,0,1899084
0,-1,0,0.5,-0.151775,180,0,0,1899102
0,0,0,0.5,-0.151775,180,0,0,1899117
0,0,0,0.5,-0.151775,180,0,0,1899134
0,0,0,0.5,-0.151775,180,0,0,1899151
0,0,0,0.5,-0.151775,180,0,0,1899167
0,1,0,0.5,-0.15164,180,0,0,1899184
0,0,0,0.5,-0.15164,180,0,0,1899201
0,0,0,0.5,-0.15164,180,0,0,1899217
0,0,0,0.5,-0.15164,180,0,0,1899234
0,0,0,0.5,-0.15164,180,0,0,1899251
0,0,0,0.5,-0.15164,180,0,0,1899267
0,0,0,0.5,-0.15164,180,0,0,1899284
0,0,0,0.5,-0.15164,180,0,0,1899301
0,0,0,0.5,-0.15164,180,0,0,1899317
0,1,0,0.5,-0.151505,180,0,0,1899334
0,0,0,0.5,-0.151505,180,0,0,1899351
0,1,0,0.5,-0.15137,180,0,0,1899367
0,0,0,0.5,-0.15137,180,0,0,1899384
0,1,0,0.5,-0.151235,180,0,0,1899401
0,1,0,0.5,-0.1511,180,0,0,1899417
0,0,0,0.5,-0.1511,180,0,0,1899434
0,1,0,0.5,-0.150965,180,0,0,1899451
0,0,1,0.5,-0.150965,180,0,0,1899468
0,2,0,0.5,-0.150695,180,0,1,1899484
0,2,0,0.5,-0.150425,180,0,1,1899501
0,0,1,0.5,-0.150425,180,0,1,1899518
0,2,1,0.5,-0.150155,180,0,0,1899536
0,0,0,0.5,-0.150155,180,0,0,1899551
0,1,1,0.5,-0.15002,180,0,0,1899568
0,0,0,0.5,-0.15002,180,0,0,1899584
0,0,0,0.5,-0.15002,180,0,0,1899601
0,0,0,0.5,-0.15002,180,0,0,1899617
0,0,0,0.5,-0.15002,180,0,0,1899634
0,0,0,0.5,-0.15002,180,0,0,1899650
0,0,0,0.5,-0.15002,180,0,0,1899667
0,0,0,0.5,-0.15002,180,0,0,1899684
0,0,0,0.5,-0.15002,180,0,0,1899701
0,0,0,0.5,-0.15002,180,0,0,1899717
0,0,0,0.5,-0.15002,180,0,0,1899734
0,1,0,0.5,-0.149885,180,0,0,1899751
0,0,0,0.5,-0.149885,180,0,0,1899767
0,0,-1,0.5,-0.149885,180,0,0,1899784
0,-3,0,0.5,-0.15029,180,0,0,1899801
0,-8,0,0.5,-0.15137,180,0,0,1899818
0,-11,0,0.5,-0.152855,180,0,0,1899834
0,-14,1,0.5,-0.154745,180,0,0,1899853
0,-18,0,0.5,-0.157175,180,0,0,1899868
0,-21,-1,0.5,-0.16001,180,0,0,1899884
0,-21,-2,0.5,-0.162845,180,0,0,1899903
1,-21,-2,0.5,-0.16568,180,0,0,1899918
0,-18,-2,0.5,-0.16811,180,0,0,1899935
0,-18,-3,0.5,-0.17054,180,0,0,1899952
0,-18,-3,0.5,-0.17297,180,0,0,1899969
0,-20,-4,0.5,-0.17567,180,0,0,1899986
0,-20,-5,0.5,-0.17837,180,0,0,1900005
0,-24,-7,0.5,-0.18161,180,0,0,1900019
0,-13,0,0.5,-0.183365,180,0,0,1900034
0,-30,-8,0.5,-0.187415,180,0,0,1900053
0,-26,-6,0.5,-0.190925,180,0,0,1900069
0,-24,-7,0.5,-0.194165,180,0,0,1900087
-3,-22,-9,0.5,-0.197135,180,0,0,1900104
0,-20,-8,0.5,-0.199835,180,0,0,1900120
0,-14,-8,0.5,-0.201725,180,0,0,1900138
0,-2,-7,0.5,-0.201995,180,0,0,1900155
0,16,-12,0.5,-0.199835,180,0,0,1900171
0,6,-5,0.5,-0.199025,180,0,0,1900186
0,6,-5,0.5,-0.198215,180,0,0,1900203
0,8,-5,0.5,-0.197135,180,0,0,1900220
0,9,-6,0.5,-0.19592,180,0,0,1900236
0,11,-5,0.5,-0.194435,180,0,0,1900253
0,16,-5,0.5,-0.192275,180,0,0,1900269
0,13,-4,0.5,-0.19052,180,0,0,1900285
0,13,-3,0.5,-0.188765,180,0,0,1900302
0,11,-2,0.5,-0.18728,180,0,0,1900319
0,10,-1,0.5,-0.18593,180,0,0,1900334
0,7,-2,0.5,-0.184985,180,0,0,1900351
0,6,-1,0.5,-0.184175,180,0,0,1900368
0,5,-1,0.5,-0.1835,180,0,0,1900385
0,4,0,0.5,-0.18296,180,0,0,1900401
0,2,0,0.5,-0.18269,180,0,0,1900419
0,2,0,0.5,-0.18242,180,0,0,1900434
0,0,0,0.5,-0.18242,180,0,0,1900451
0,1,0,0.5,-0.182285,180,0,0,1900467
0,0,1,0.5,-0.182285,180,0,0,1900484
0,0,1,0.5,-0.182285,180,0,0,1900501
0,-1,1,0.5,-0.18242,180,0,0,1900518
0,0,2,0.5,-0.18242,180,0,0,1900535
0,0,1,0.5,-0.18242,180,0,0,1900551
0,2,2,0.5,-0.18215,180,0,0,1900569
0,1,1,0.5,-0.182015,180,0,0,1900584
0,1,1,0.5,-0.18188,180,0,0,1900601
0,1,1,0.5,-0.181745,180,0,0,1900620
0,1,1,0.5,-0.18161,180,0,0,1900635
0,1,1,0.5,-0.181475,180,0,0,1900651
0,1,1,0.5,-0.18134,180,0,0,1900668
0,1,1,0.5,-0.181205,180,0,0,1900685
0,1,0,0.5,-0.18107,180,0,0,1900701
0,1,0,0.5,-0.180935,180,0,0,1900718
0,0,0,0.5,-0.180935,180,0,0,1900734
0,0,0,0.5,-0.180935,180,0,0,1900751
0,1,0,0.5,-0.1808,180,0,0,1900769
0,0,0,0.5,-0.1808,180,0,0,1900784
0,0,0,0.5,-0.1808,180,0,0,1900802
0,1,0,0.5,-0.180665,180,0,0,1900818
0,0,0,0.5,-0.180665,180,0,0,1900834
0,1,1,0.5,-0.18053,180,0,0,1900851
0,1,0,0.5,-0.180395,180,0,0,1900868
0,0,0,0.5,-0.180395,180,0,0,1900884
0,1,0,0.5,-0.18026,180,0,0,1900901
0,0,0,0.5,-0.18026,180,0,0,1900918
0,1,1,0.5,-0.180125,180,0,0,1900934
0,0,0,0.5,-0.180125,180,0,0,1900951
0,0,0,0.5,-0.180125,180,0,0,1900967
0,1,0,0.5,-0.17999,180,0,0,1900984
0,0,0,0.5,-0.17999,180,0,0,1901001
0,0,0,0.5,-0.17999,180,0,0,1901018
0,1,0,0.5,-0.179855,180,0,0,1901034
0,0,0,0.5,-0.179855,180,0,0,1901051
0,0,0,0.5,-0.179855,180,0,0,1901067
0,0,0,0.5,-0.179855,180,0,0,1901084
0,0,0,0.5,-0.179855,180,0,0,1901100
0,0,0,0.5,-0.179855,180,0,0,1901117
0,-1,0,0.5,-0.17999,180,0,0,1901134
0,-3,0,0.5,-0.180395,180,0,0,1901151
0,0,0,0.5,-0.180395,180,0,0,1901167
0,2,0,0.5,-0.180125,180,0,0,1901184
0,10,2,0.5,-0.178775,180,0,0,1901201
0,15,2,0.5,-0.17675,180,0,0,1901218
0,20,2,0.5,-0.17405,180,0,0,1901234
0,27,4,0.5,-0.170405,180,0,0,1901252
0,32,6,0.5,-0.166085,180,0,0,1901269
0,36,7,0.5,-0.161225,180,0,0,1901286
0,34,8,0.5,-0.156635,180,0,0,1901303
0,34,8,0.5,-0.152045,180,0,0,1901319
0,33,8,0.5,-0.14759,180,0,0,1901337
0,34,6,0.5,-0.143,180,0,0,1901353
2,59,14,0.5,-0.135035,180,0,0,1901372
0,28,6,0.5,-0.131255,180,0,0,1901386
1,31,8,0.5,-0.12707,180,0,0,1901403
3,27,11,0.5,-0.123425,180,0,0,1901420
0,14,4,0.5,-0.121535,180,0,0,1901436
0,11,2,0.5,-0.12005,180,0,0,1901452
0,18,7,0.5,-0.11762,180,0,0,1901469
0,16,7,0.5,-0.11546,180,0,0,1901488
0,12,7,0.5,-0.11384,180,0,0,1901507
0,11,7,0.5,-0.112355,180,0,0,1901520
0,15,8,0.5,-0.11033,180,0,0,1901538
0,18,8,0.5,-0.1079,180,0,0,1901555
0,22,5,0.5,-0.10493,180,0,0,1901570
0,25,2,0.5,-0.101555,180,0,0,1901585
-1,25,3,0.5,-0.09818,180,0,0,1901605
0,27,3,0.5,-0.094535,180,0,0,1901620
0,28,6,0.5,-0.090755,180,0,0,1901635
-1,27,7,0.5,-0.08711,180,0,0,1901654
0,24,8,0.5,-0.08387,180,0,0,1901669
1,6,3,0.5,-0.08306,180,0,0,1901685
0,9,2,0.5,-0.081845,180,0,0,1901701
0,19,6,0.5,-0.07928,180,0,0,1901719
3,19,6,0.5,-0.076715,180,0,0,1901736
1,23,4,0.5,-0.07361,180,0,0,1901753
0,24,4,0.5,-0.07037,180,0,0,1901770
0,55,3,0.5,-0.062945,180,0,0,1901786
0,35,0,0.5,-0.05822,180,0,0,1901802
0,32,0,0.5,-0.0539,180,0,0,1901818
2,34,0,0.5,-0.04931,180,0,0,1901834
0,33,0,0.5,-0.044855,180,0,0,1901851
0,29,1,0.5,-0.04094,180,0,0,1901868
-3,26,0,0.5,-0.03743,180,0,0,1901884
-1,31,2,0.5,-0.033245,180,0,0,1901904
2,38,7,0.5,-0.028115,180,0,0,1901919
0,45,9,0.5,-0.02204,180,0,1,1901936
0,45,10,0.5,-0.015965,180,0,1,1901955
0,47,13,0.5,-0.00962,180,0,1,1901972
0,43,12,0.5,-0.003815,180,0,1,1901986
0,42,12,0.5,0.001855,180,0,1,1902005
0,39,12,0.5,0.00712,180,0,1,1902022
0,36,10,0.5,0.01198,180,0,0,1902037
1,33,10,0.5,0.016435,180,0,0,1902054
0,27,8,0.5,0.02008,180,0,0,1902070
-4,24,7,0.5,0.02332,180,0,0,1902086
0,20,6,0.5,0.02602,180,0,0,1902103
0,16,6,0.5,0.02818,180,0,0,1902119
0,13,4,0.5,0.029935,180,0,0,1902135
0,10,3,0.5,0.031285,180,0,0,1902152
0,10,3,0.5,0.032635,180,0,0,1902169
0,0,0,0.5,0.032635,180,0,0,1902185
0,-7,-1,0.5,0.03169,180,0,0,1902203
0,-8,0,0.5,0.03061,180,0,0,1902217
0,-7,-1,0.5,0.029665,180,0,0,1902236
0,-7,-2,0.5,0.02872,180,0,0,1902252
0,-4,-1,0.5,0.02818,180,0,0,1902268
0,-1,0,0.5,0.028045,180,0,0,1902284
3,0,-1,0.5,0.028045,180,0,0,1902304
-3,0,-1,0.5,0.028045,180,0,0,1902318
0,4,0,0.5,0.028585,180,0,0,1902334
0,3,0,0.5,0.02899,180,0,0,1902352
0,2,1,0.5,0.02926,180,0,0,1902369
0,2,1,0.5,0.02953,180,0,0,1902384
0,1,1,0.5,0.029665,180,0,0,1902403
3,2,2,0.5,0.029935,180,0,0,1902420
1,2,0,0.5,0.030205,180,0,0,1902434
0,2,1,0.5,0.030475,180,0,0,1902451
0,2,0,0.5,0.030745,180,0,0,1902468
0,2,1,0.5,0.031015,180,0,0,1902484
0,1,1,0.5,0.03115,180,0,0,1902502
0,1,0,0.5,0.031285,180,0,0,1902519
0,1,1,0.5,0.03142,180,0,0,1902534
0,1,1,0.5,0.031555,180,0,0,1902552
0,1,1,0.5,0.03169,180,0,0,1902568
0,1,2,0.5,0.031825,180,0,0,1902585
0,1,1,0.5,0.03196,180,0,0,1902601
0,0,1,0.5,0.03196,180,0,0,1902619
0,1,1,0.5,0.032095,180,0,0,1902634
0,1,0,0.5,0.03223,180,0,0,1902651
0,1,1,0.5,0.032365,180,0,0,1902669
0,1,0,0.5,0.0325,180,0,0,1902684
0,1,1,0.5,0.032635,180,0,0,1902702
-1,0,0,0.5,0.032635,180,0,0,1902719
0,1,1,0.5,0.03277,180,0,0,1902734
0,1,0,0.5,0.032905,180,0,0,1902751
0,1,1,0.5,0.03304,180,0,0,1902768
-4,0,-1,0.5,0.03304,180,0,0,1902784
4,1,3,0.5,0.033175,180,0,0,1902802
1,1,1,0.5,0.03331,180,0,0,1902818
0,1,1,0.5,0.033445,180,0,0,1902834
0,1,1,0.5,0.03358,180,0,0,1902851
0,1,1,0.5,0.033715,180,0,0,1902869
0,1,1,0.5,0.03385,180,0,0,1902885
0,0,0,0.5,0.03385,180,0,0,1902901
0,2,1,0.5,0.03412,180,0,0,1902919
0,1,1,0.5,0.034255,180,0,0,1902935
0,1,1,0.5,0.03439,180,0,0,1902952
0,1,1,0.5,0.034525,180,0,0,1902968
0,1,0,0.5,0.03466,180,0,0,1902984
0,0,1,0.5,0.03466,180,0,0,1903001
0,2,2,0.5,0.03493,180,0,0,1903019
1,1,1,0.5,0.035065,180,0,0,1903035
0,1,1,0.5,0.0352,180,0,0,1903052
0,1,1,0.5,0.035335,180,0,0,1903069
0,2,0,0.5,0.035605,180,0,0,1903084
0,1,1,0.5,0.03574,180,0,0,1903102
0,1,1,0.5,0.035875,180,0,0,1903118
0,2,1,0.5,0.036145,180,0,0,1903135
0,1,0,0.5,0.03628,180,0,0,1903151
0,0,1,0.5,0.03628,180,0,0,1903168
0,1,1,0.5,0.036415,180,0,0,1903184
0,2,1,0.5,0.036685,180,0,0,1903201
0,1,1,0.5,0.03682,180,0,0,1903218
0,1,1,0.5,0.036955,180,0,0,1903234
0,1,0,0.5,0.03709,180,0,0,1903252
0,0,0,0.5,0.03709,180,0,0,1903267
0,1,0,0.5,0.037225,180,0,0,1903284
0,1,1,0.5,0.03736,180,0,0,1903303
0,0,0,0.5,0.03736,180,0,0,1903318
0,1,0,0.5,0.037495,180,0,0,1903334
-1,0,1,0.5,0.037495,180,0,0,1903353
0,1,0,0.5,0.03763,180,0,0,1903367
0,2,1,0.5,0.0379,180,0,0,1903384
0,1,0,0.5,0.038035,180,0,0,1903402
0,1,0,0.5,0.03817,180,0,0,1903417
0,1,0,0.5,0.038305,180,0,0,1903436
0,1,0,0.5,0.03844,180,0,0,1903451
0,0,0,0.5,0.03844,180,0,0,1903467
0,0,0,0.5,0.03844,180,0,0,1903484
0,0,0,0.5,0.03844,180,0,0,1903501
0,0,0,0.5,0.03844,180,0,0,1903517
0,0,0,0.5,0.03844,180,0,0,1903534
0,-1,1,0.5,0.038305,180,0,0,1903551
0,-6,1,0.5,0.037495,180,0,0,1903567
0,-6,1,0.5,0.036685,180,0,0,1903584
0,-9,1,0.5,0.03547,180,0,0,1903603
0,-8,1,0.5,0.03439,180,0,0,1903618
0,-11,1,0.5,0.032905,180,0,0,1903634
0,-12,0,0.5,0.031285,180,0,0,1903652
0,-10,-1,0.5,0.029935,180,0,0,1903668
0,-10,-2,0.5,0.028585,180,0,0,1903685
0,-12,-3,0.5,0.026965,180,0,0,1903702
0,-13,-3,0.5,0.02521,180,0,0,1903718
0,-10,-2,0.5,0.02386,180,0,0,1903734
0,-9,-2,0.5,0.022645,180,0,0,1903752
0,-10,-3,0.5,0.021295,180,0,0,1903769
0,-1,-2,0.5,0.02116,180,0,0,1903785
0,1,-2,0.5,0.021295,180,0,0,1903804
0,5,-2,0.5,0.02197,180,0,0,1903818
0,6,-1,0.5,0.02278,180,0,0,1903835
0,8,0,0.5,0.02386,180,0,0,1903853
0,8,0,0.5,0.02494,180,0,0,1903868
0,7,0,0.5,0.025885,180,0,0,1903884
0,8,0,0.5,0.026965,180,0,0,1903901
0,5,0,0.5,0.02764,180,0,0,1903919
0,6,0,0.5,0.02845,180,0,0,1903935
0,3,0,0.5,0.028855,180,0,0,1903952
0,2,0,0.5,0.029125,180,0,0,1903967
0,2,0,0.5,0.029395,180,0,0,1903984
0,1,0,0.5,0.02953,180,0,0,1904001
0,0,0,0.5,0.02953,180,0,0,1904017
0,0,0,0.5,0.02953,180,0,0,1904034
0,0,0,0.5,0.02953,180,0,0,1904050
0,0,0,0.5,0.02953,180,0,0,1904067
0,0,1,0.5,0.02953,180,0,0,1904084
0,-1,0,0.5,0.029395,180,0,0,1904101
0,-1,1,0.5,0.02926,180,0,0,1904118
0,0,1,0.5,0.02926,180,0,0,1904134
0,1,1,0.5,0.029395,180,0,0,1904151
0,1,0,0.5,0.02953,180,0,0,1904168
0,3,2,0.5,0.029935,180,0,0,1904185
0,0,0,0.5,0.029935,180,0,0,1904200
0,1,0,0.5,0.03007,180,0,0,1904217
0,1,0,0.5,0.030205,180,0,0,1904234
0,1,1,0.5,0.03034,180,0,0,1904251
0,1,0,0.5,0.030475,180,0,0,1904268
0,0,0,0.5,0.030475,180,0,0,1904284
0,1,0,0.5,0.03061,180,0,0,1904302
0,0,0,0.5,0.03061,180,0,0,1904318
1,1,0,0.5,0.030745,180,0,0,1904334
0,0,0,0.5,0.030745,180,0,0,1904350
0,0,0,0.5,0.030745,180,0,0,1904368
0,1,0,0.5,0.03088,180,0,0,1904384
0,0,0,0.5,0.03088,180,0,0,1904401
0,0,0,0.5,0.03088,180,0,0,1904417
0,0,0,0.5,0.03088,180,0,0,1904434
0,1,0,0.5,0.031015,180,0,0,1904451
0,0,0,0.5,0.031015,180,0,0,1904467
0,0,0,0.5,0.031015,180,0,0,1904484
0,1,0,0.5,0.03115,180,0,0,1904500
0,1,1,0.5,0.031285,180,0,0,1904518
0,0,0,0.5,0.031285,180,0,0,1904534
0,0,0,0.5,0.031285,180,0,0,1904550
0,1,0,0.5,0.03142,180,0,0,1904568
0,1,0,0.5,0.031555,180,0,0,1904584
0,0,0,0.5,0.031555,180,0,0,1904602
0,0,0,0.5,0.031555,180,0,0,1904618
0,1,0,0.5,0.03169,180,0,0,1904634
0,0,0,0.5,0.03169,180,0,0,1904650
0,0,0,0.5,0.03169,180,0,0,1904667
0,1,0,0.5,0.031825,180,0,0,1904684
0,1,0,0.5,0.03196,180,0,0,1904701
0,0,0,0.5,0.03196,180,0,0,1904717
0,0,0,0.5,0.03196,180,0,0,1904734
0,1,0,0.5,0.032095,180,0,0,1904751
0,0,0,0.5,0.032095,180,0,0,1904768
0,0,0,0.5,0.032095,180,0,0,1904784
0,1,0,0.5,0.03223,180,0,0,1904801
0,0,0,0.5,0.03223,180,0,0,1904817
0,0,0,0.5,0.03223,180,0,0,1904834
0,0,0,0.5,0.03223,180,0,0,1904850
0,0,0,0.5,0.03223,180,0,0,1904867
0,0,0,0.5,0.03223,180,0,0,1904884
0,1,0,0.5,0.032365,180,0,0,1904902
0,0,0,0.5,0.032365,180,0,0,1904917
0,0,0,0.5,0.032365,180,0,0,1904934
0,0,0,0.5,0.032365,180,0,0,1904950
0,1,0,0.5,0.0325,180,0,0,1904968
-3,0,0,0.5,0.0325,180,0,0,1904984
0,0,0,0.5,0.0325,180,0,0,1905000
0,1,0,0.5,0.032635,180,0,0,1905018
0,0,0,0.5,0.032635,180,0,0,1905034
0,0,0,0.5,0.032635,180,0,0,1905050
0,0,0,0.5,0.032635,180,0,0,1905067
0,0,0,0.5,0.032635,180,0,0,1905084
0,0,0,0.5,0.032635,180,0,0,1905100
-1,1,0,0.5,0.03277,180,0,0,1905118
0,0,0,0.5,0.03277,180,0,0,1905134
0,0,0,0.5,0.03277,180,0,0,1905150
0,1,0,0.5,0.032905,180,0,0,1905169
0,0,0,0.5,0.032905,180,0,0,1905184
0,0,0,0.5,0.032905,180,0,0,1905200
0,0,0,0.5,0.032905,180,0,0,1905218
0,0,0,0.5,0.032905,180,0,0,1905234
0,0,0,0.5,0.032905,180,0,0,1905250
0,0,0,0.5,0.032905,180,0,0,1905267
0,0,0,0.5,0.032905,180,0,0,1905284
0,0,0,0.5,0.032905,180,0,0,1905300
0,0,0,0.5,0.032905,180,0,0,1905317
0,0,0,0.5,0.032905,180,0,0,1905334
0,0,0,0.5,0.032905,180,0,0,1905350
0,0,0,0.5,0.032905,180,0,0,1905367
0,0,0,0.5,0.032905,180,0,0,1905384
0,0,0,0.5,0.032905,180,0,0,1905400
0,0,0,0.5,0.032905,180,0,0,1905417
0,0,0,0.5,0.032905,180,0,0,1905434
0,1,0,0.5,0.03304,180,0,0,1905451
0,0,0,0.5,0.03304,180,0,0,1905467
0,0,0,0.5,0.03304,180,0,0,1905484
0,0,0,0.5,0.03304,180,0,0,1905500
0,0,0,0.5,0.03304,180,0,0,1905517
0,0,0,0.5,0.03304,180,0,0,1905534
0,0,0,0.5,0.03304,180,0,0,1905550
0,0,0,0.5,0.03304,180,0,0,1905567
0,0,0,0.5,0.03304,180,0,0,1905584
0,0,0,0.5,0.03304,180,0,0,1905600
0,0,0,0.5,0.03304,180,0,0,1905617
0,0,0,0.5,0.03304,180,0,0,1905634
0,0,0,0.5,0.03304,180,0,0,1905651
0,0,0,0.5,0.03304,180,0,0,1905667
0,0,0,0.5,0.03304,180,0,0,1905684
0,0,0,0.5,0.03304,180,0,0,1905700
0,0,0,0.5,0.03304,180,0,0,1905717
0,0,0,0.5,0.03304,180,0,0,1905734
0,0,0,0.5,0.03304,180,0,0,1905751
0,0,0,0.5,0.03304,180,0,0,1905767
0,0,-1,0.5,0.03304,180,0,0,1905784
0,0,0,0.5,0.03304,180,0,0,1905801
0,0,0,0.5,0.03304,180,0,0,1905817
0,0,0,0.5,0.03304,180,0,0,1905834
0,0,0,0.5,0.03304,180,0,0,1905851
2,0,0,0.5,0.03304,180,0,0,1905868
1,0,0,0.5,0.03304,180,0,0,1905884
0,0,0,0.5,0.03304,180,0,0,1905900
0,0,0,0.5,0.03304,180,0,0,1905917
0,0,0,0.5,0.03304,180,0,0,1905933
0,0,0,0.5,0.03304,180,0,0,1905950
0,0,0,0.5,0.03304,180,0,0,1905967
0,0,0,0.5,0.03304,180,0,0,1905984
0,0,0,0.5,0.03304,180,0,0,1906000
0,0,0,0.5,0.03304,180,0,0,1906017
0,0,0,0.5,0.03304,180,0,0,1906034
0,0,0,0.5,0.03304,180,0,0,1906051
0,0,0,0.5,0.03304,180,0,0,1906067
0,0,0,0.5,0.03304,180,0,0,1906084
0,-1,0,0.5,0.032905,180,0,0,1906101
0,0,0,0.5,0.032905,180,0,0,1906118
0,0,0,0.5,0.032905,180,0,0,1906134
0,0,0,0.5,0.032905,180,0,0,1906150
0,0,0,0.5,0.032905,180,0,0,1906167
0,0,0,0.5,0.032905,180,0,0,1906184
0,0,0,0.5,0.032905,180,0,0,1906200
0,0,0,0.5,0.032905,180,0,0,1906217
0,0,0,0.5,0.032905,180,0,0,1906234
0,0,0,0.5,0.032905,180,0,0,1906250
0,0,0,0.5,0.032905,180,0,0,1906268
0,0,0,0.5,0.032905,180,0,0,1906284
0,0,0,0.5,0.032905,180,0,0,1906300
0,0,0,0.5,0.032905,180,0,0,1906317
0,0,0,0.5,0.032905,180,0,0,1906334
0,0,0,0.5,0.032905,180,0,0,1906350
0,0,0,0.5,0.032905,180,0,0,1906367
0,0,0,0.5,0.032905,180,0,0,1906384
0,0,0,0.5,0.032905,180,0,0,1906400
0,0,0,0.5,0.032905,180,0,0,1906417
0,0,0,0.5,0.032905,180,0,0,1906434
0,0,0,0.5,0.032905,180,0,0,1906450
0,0,0,0.5,0.032905,180,0,0,1906467
0,-1,0,0.5,0.03277,180,0,0,1906484
0,0,0,0.5,0.03277,180,0,0,1906500
0,0,0,0.5,0.03277,180,0,0,1906517
0,0,0,0.5,0.03277,180,0,0,1906534
0,0,0,0.5,0.03277,180,0,0,1906550
0,0,0,0.5,0.03277,180,0,0,1906567
0,0,0,0.5,0.03277,180,0,0,1906584
0,0,0,0.5,0.03277,180,0,0,1906600
0,0,0,0.5,0.03277,180,0,0,1906617
0,0,0,0.5,0.03277,180,0,0,1906634
0,-1,0,0.5,0.032635,180,0,0,1906651
0,0,0,0.5,0.032635,180,0,0,1906667
0,0,0,0.5,0.032635,180,0,0,1906684
0,0,0,0.5,0.032635,180,0,0,1906700
0,0,0,0.5,0.032635,180,0,0,1906717
0,0,0,0.5,0.032635,180,0,0,1906734
0,0,0,0.5,0.032635,180,0,0,1906750
0,0,0,0.5,0.032635,180,0,0,1906767
0,0,0,0.5,0.032635,180,0,0,1906784
0,0,0,0.5,0.032635,180,0,0,1906801
0,0,0,0.5,0.032635,180,0,0,1906817
0,0,0,0.5,0.032635,180,0,0,1906834
0,0,0,0.5,0.032635,180,0,0,1906850
0,0,0,0.5,0.032635,180,0,0,1906867
0,0,0,0.5,0.032635,180,0,0,1906884
0,0,0,0.5,0.032635,180,0,0,1906900
0,0,0,0.5,0.032635,180,0,0,1906917
0,0,0,0.5,0.032635,180,0,0,1906934
0,0,0,0.5,0.032635,180,0,0,1906950
0,0,0,0.5,0.032635,180,0,0,1906967
0,0,0,0.5,0.032635,180,0,0,1906984
0,0,0,0.5,0.032635,180,0,0,1907000
0,0,0,0.5,0.032635,180,0,0,1907017
0,0,0,0.5,0.032635,180,0,0,1907034
0,0,0,0.5,0.032635,180,0,0,1907050
0,0,0,0.5,0.032635,180,0,0,1907067
0,0,0,0.5,0.032635,180,0,0,1907084
0,0,0,0.5,0.032635,180,0,0,1907101
0,0,0,0.5,0.032635,180,0,0,1907117
0,0,0,0.5,0.032635,180,0,0,1907134
0,0,0,0.5,0.032635,180,0,0,1907150
0,0,0,0.5,0.032635,180,0,0,1907167
0,0,0,0.5,0.032635,180,0,0,1907184
0,0,0,0.5,0.032635,180,0,0,1907200
0,0,0,0.5,0.032635,180,0,0,1907217
0,0,0,0.5,0.032635,180,0,0,1907234
0,0,0,0.5,0.032635,180,0,0,1907251
0,0,0,0.5,0.032635,180,0,0,1907267
0,0,0,0.5,0.032635,180,0,0,1907284
0,0,0,0.5,0.032635,180,0,0,1907300
0,0,0,0.5,0.032635,180,0,0,1907317
0,0,0,0.5,0.032635,180,0,0,1907334
0,0,0,0.5,0.032635,180,0,0,1907350
0,0,0,0.5,0.032635,180,0,0,1907367
0,0,0,0.5,0.032635,180,0,0,1907384
0,-10,0,0.5,0.031285,180,0,0,1907402
0,-9,0,0.5,0.03007,180,0,0,1907418
0,-11,0,0.5,0.028585,180,0,0,1907434
0,-11,0,0.5,0.0271,180,0,0,1907451
0,-13,0,0.5,0.025345,180,0,0,1907468
0,-10,-1,0.5,0.023995,180,0,0,1907484
0,-12,-1,0.5,0.022375,180,0,0,1907501
0,-13,-2,0.5,0.02062,180,0,0,1907519
0,-11,-3,0.5,0.019135,180,0,0,1907536
0,-10,-2,0.5,0.017785,180,0,0,1907552
0,-9,-3,0.5,0.01657,180,0,0,1907569
0,-5,-2,0.5,0.015895,180,0,0,1907588
0,-3,-3,0.5,0.01549,180,0,0,1907602
0,0,-4,0.5,0.01549,180,0,0,1907619
0,0,-3,0.5,0.01549,180,0,0,1907635
0,1,-2,0.5,0.015625,180,0,0,1907652
0,6,-1,0.5,0.016435,180,0,0,1907669
0,7,-1,0.5,0.01738,180,0,0,1907684
0,7,0,0.5,0.018325,180,0,0,1907703
0,9,0,0.5,0.01954,180,0,0,1907717
0,7,0,0.5,0.020485,180,0,0,1907735
0,7,0,0.5,0.02143,180,0,0,1907751
0,7,0,0.5,0.022375,180,0,0,1907767
0,4,0,0.5,0.022915,180,0,0,1907784
0,6,0,0.5,0.023725,180,0,0,1907800
0,1,0,0.5,0.02386,180,0,0,1907817
0,0,0,0.5,0.02386,180,0,0,1907833
0,0,0,0.5,0.02386,180,0,0,1907851
0,0,1,0.5,0.02386,180,0,0,1907867
0,-1,0,0.5,0.023725,180,0,0,1907884
0,0,0,0.5,0.023725,180,0,0,1907901
0,-2,0,0.5,0.023455,180,0,0,1907920
0,-1,0,0.5,0.02332,180,0,0,1907935
0,0,0,0.5,0.02332,180,0,0,1907950
0,0,0,0.5,0.02332,180,0,0,1907967
0,0,0,0.5,0.02332,180,0,0,1907983
0,1,0,0.5,0.023455,180,0,0,1908000
0,1,0,0.5,0.02359,180,0,0,1908017
0,0,0,0.5,0.02359,180,0,0,1908033
0,1,0,0.5,0.023725,180,0,0,1908050
0,0,0,0.5,0.023725,180,0,0,1908067
0,0,0,0.5,0.023725,180,0,0,1908083
0,0,0,0.5,0.023725,180,0,0,1908100
0,0,0,0.5,0.023725,180,0,0,1908117
0,0,0,0.5,0.023725,180,0,0,1908133
0,1,0,0.5,0.02386,180,0,0,1908151
0,2,0,0.5,0.02413,180,0,0,1908167
0,1,0,0.5,0.024265,180,0,0,1908184
0,-3,2,0.5,0.02386,180,0,0,1908201
0,-2,1,0.5,0.02359,180,0,0,1908218
0,-1,0,0.5,0.023455,180,0,0,1908234
0,-1,0,0.5,0.02332,180,0,0,1908252
0,0,0,0.5,0.02332,180,0,0,1908267
0,0,0,0.5,0.02332,180,0,0,1908284
0,0,0,0.5,0.02332,180,0,0,1908300
0,0,0,0.5,0.02332,180,0,0,1908317
0,0,-2,0.5,0.02332,180,0,0,1908334
0,4,-1,0.5,0.02386,180,0,0,1908351
0,7,-2,0.5,0.024805,180,0,0,1908368
0,12,-3,0.5,0.026425,180,0,0,1908385
0,18,-3,0.5,0.028855,180,0,0,1908403
0,24,-3,0.5,0.032095,180,0,0,1908418
0,32,0,0.5,0.036415,180,0,0,1908434
0,40,0,0.5,0.041815,180,0,0,1908451
0,41,3,0.5,0.04735,180,0,0,1908468
0,43,5,0.5,0.053155,180,0,1,1908485
0,44,7,0.5,0.059095,180,0,1,1908503
0,44,7,0.5,0.065035,180,0,1,1908519
0,42,10,0.5,0.070705,180,0,1,1908539
0,39,8,0.5,0.07597,180,0,1,1908554
0,38,8,0.5,0.0811,180,0,1,1908569
0,32,6,0.5,0.08542,180,0,1,1908586
1,52,8,0.5,0.09244,180,0,1,1908604
0,0,0,0.5,0.09244,180,0,1,1908617
0,46,7,0.5,0.09865,180,0,1,1908636
0,21,3,0.5,0.101485,180,0,1,1908653
0,18,2,0.5,0.103915,180,0,1,1908669
0,16,1,0.5,0.106075,180,0,1,1908684
0,13,1,0.5,0.10783,180,0,1,1908702
0,11,0,0.5,0.109315,180,0,1,1908717
0,9,0,0.5,0.11053,180,0,1,1908735
0,5,0,0.5,0.111205,180,0,1,1908750
0,4,-1,0.5,0.111745,180,0,1,1908768
0,3,-1,0.5,0.11215,180,0,1,1908785
0,1,-3,0.5,0.112285,180,0,1,1908801
0,0,-3,0.5,0.112285,180,0,1,1908820
0,-1,-2,0.5,0.11215,180,0,1,1908834
0,-1,-3,0.5,0.112015,180,0,1,1908852
0,1,-3,0.5,0.11215,180,0,1,1908870
0,0,-3,0.5,0.11215,180,0,1,1908885
0,2,-2,0.5,0.11242,180,0,1,1908902
0,6,-3,0.5,0.11323,180,0,1,1908919
0,7,-3,0.5,0.114175,180,0,1,1908935
0,9,-2,0.5,0.11539,180,0,1,1908952
0,12,-2,0.5,0.11701,180,0,1,1908970
0,11,-2,0.5,0.118495,180,0,1,1908984
0,19,-2,0.5,0.12106,180,0,1,1909002
0,7,-1,0.5,0.122005,180,0,1,1909019
0,5,-1,0.5,0.12268,180,0,1,1909034
0,4,0,0.5,0.12322,180,0,1,1909051
0,2,0,0.5,0.12349,180,0,1,1909068
0,2,0,0.5,0.12376,180,0,1,1909084
0,1,0,0.5,0.123895,180,0,1,1909101
0,1,0,0.5,0.12403,180,0,1,1909117
0,0,1,0.5,0.12403,180,0,1,1909134
0,0,0,0.5,0.12403,180,0,1,1909151
0,0,1,0.5,0.12403,180,0,1,1909168
0,0,1,0.5,0.12403,180,0,1,1909184
0,1,1,0.5,0.124165,180,0,1,1909202
0,0,1,0.5,0.124165,180,0,1,1909217
0,0,0,0.5,0.124165,180,0,1,1909234
0,0,1,0.5,0.124165,180,0,1,1909251
0,1,1,0.5,0.1243,180,0,1,1909268
0,1,1,0.5,0.124435,180,0,1,1909284
0,0,1,0.5,0.124435,180,0,1,1909301
0,1,0,0.5,0.12457,180,0,1,1909317
0,1,0,0.5,0.124705,180,0,1,1909334
0,0,0,0.5,0.124705,180,0,1,1909350
0,1,0,0.5,0.12484,180,0,1,1909367
0,0,0,0.5,0.12484,180,0,1,1909383
0,0,0,0.5,0.12484,180,0,1,1909400
0,1,0,0.5,0.124975,180,0,1,1909417
0,0,0,0.5,0.124975,180,0,0,1909434
0,-4,-1,0.5,0.124435,180,0,0,1909451
0,-7,-1,0.5,0.12349,180,0,0,1909467
0,-8,-1,0.5,0.12241,180,0,0,1909484
0,-8,-3,0.5,0.12133,180,0,0,1909501
0,-8,-3,0.5,0.12025,180,0,0,1909518
0,-9,-4,0.5,0.119035,180,0,0,1909535
0,-9,-5,0.5,0.11782,180,0,0,1909553
0,-12,-8,0.5,0.1162,180,0,0,1909569
0,-15,-10,0.5,0.114175,180,0,0,1909586
0,-19,-11,0.5,0.11161,180,0,0,1909606
-1,-15,-13,0.5,0.109585,180,0,0,1909621
0,-8,-11,0.5,0.108505,180,0,0,1909638
0,-2,-11,0.5,0.108235,180,0,0,1909654
0,1,-11,0.5,0.10837,180,0,0,1909669
0,4,-10,0.5,0.10891,180,0,0,1909688
0,6,-9,0.5,0.10972,180,0,0,1909705
0,10,-10,0.5,0.11107,180,0,0,1909721
0,10,-8,0.5,0.11242,180,0,0,1909736
0,11,-9,0.5,0.113905,180,0,0,1909755
0,13,-8,0.5,0.11566,180,0,0,1909770
0,15,-6,0.5,0.117685,180,0,0,1909786
0,37,-5,0.5,0.12268,180,0,0,1909803
0,22,-9,0.5,0.12565,180,0,0,1909821
0,23,-6,0.5,0.128755,180,0,0,1909835
0,24,-7,0.5,0.131995,180,0,0,1909853
0,22,-7,0.5,0.134965,180,0,0,1909869
0,19,-7,0.5,0.13753,180,0,0,1909886
0,15,-4,0.5,0.139555,180,0,0,1909902
0,13,-3,0.5,0.14131,180,0,0,1909918
0,12,0,0.5,0.14293,180,0,0,1909934
0,12,0,0.5,0.14455,180,0,0,1909952
0,12,0,0.5,0.14617,180,0,0,1909967
0,11,0,0.5,0.147655,180,0,0,1909986
0,8,1,0.5,0.148735,180,0,0,1910001
0,6,1,0.5,0.149545,180,0,0,1910018
0,4,1,0.5,0.150085,180,0,0,1910034
0,3,3,0.5,0.15049,180,0,0,1910053
0,1,2,0.5,0.150625,180,0,0,1910068
0,0,3,0.5,0.150625,180,0,0,1910085
0,0,3,0.5,0.150625,180,0,0,1910101
0,-1,3,0.5,0.15049,180,0,0,1910118
0,-1,4,0.5,0.150355,180,0,0,1910135
0,-1,3,0.5,0.15022,180,0,0,1910152
0,-1,4,0.5,0.150085,180,0,0,1910168
0,0,3,0.5,0.150085,180,0,0,1910184
0,0,3,0.5,0.150085,180,0,0,1910201
1,3,6,0.5,0.15049,180,0,0,1910219
0,3,2,0.5,0.150895,180,0,0,1910235
-3,2,2,0.5,0.151165,180,0,0,1910251
0,3,1,0.5,0.15157,180,0,0,1910268
0,3,1,0.5,0.151975,180,0,0,1910284
2,2,3,0.5,0.152245,180,0,0,1910302
0,1,1,0.5,0.15238,180,0,0,1910317
0,1,1,0.5,0.152515,180,0,0,1910334
0,2,0,0.5,0.152785,180,0,0,1910350
0,0,0,0.5,0.152785,180,0,0,1910367
0,2,0,0.5,0.153055,180,0,0,1910384
-1,0,0,0.5,0.153055,180,0,0,1910401
1,0,1,0.5,0.153055,180,0,0,1910417
0,0,1,0.5,0.153055,180,0,0,1910434
-1,0,1,0.5,0.153055,180,0,0,1910451
0,0,1,0.5,0.153055,180,0,0,1910467
0,1,1,0.5,0.15319,180,0,0,1910484
0,1,1,0.5,0.153325,180,0,0,1910502
1,1,1,0.5,0.15346,180,0,0,1910517
0,0,1,0.5,0.15346,180,0,0,1910534
1,0,2,0.5,0.15346,180,0,0,1910552
-3,1,-1,0.5,0.153595,180,0,0,1910567
0,1,0,0.5,0.15373,180,0,0,1910585
0,0,1,0.5,0.15373,180,0,0,1910602
-3,0,0,0.5,0.15373,180,0,0,1910618
-1,1,0,0.5,0.153865,180,0,0,1910635
0,0,0,0.5,0.153865,180,0,0,1910650
0,0,1,0.5,0.153865,180,0,0,1910668
0,1,1,0.5,0.154,180,0,0,1910684
0,0,1,0.5,0.154,180,0,0,1910701
0,1,0,0.5,0.154135,180,0,0,1910717
0,0,1,0.5,0.154135,180,0,0,1910734
0,1,1,0.5,0.15427,180,0,0,1910752
0,0,1,0.5,0.15427,180,0,0,1910767
-4,1,-2,0.5,0.154405,180,0,0,1910788
6,1,4,0.5,0.15454,180,0,0,1910804
0,1,0,0.5,0.154675,180,0,0,1910817
0,0,0,0.5,0.154675,180,0,0,1910834
0,0,0,0.5,0.154675,180,0,0,1910850
0,0,0,0.5,0.154675,180,0,0,1910867
0,1,0,0.5,0.15481,180,0,0,1910884
0,0,0,0.5,0.15481,180,0,0,1910901
0,0,0,0.5,0.15481,180,0,0,1910917
0,0,0,0.5,0.15481,180,0,0,1910933
0,1,0,0.5,0.154945,180,0,0,1910950
0,0,0,0.5,0.154945,180,0,0,1910967
0,0,0,0.5,0.154945,180,0,0,1910983
0,1,0,0.5,0.15508,180,0,0,1911000
0,2,-1,0.5,0.15535,180,0,0,1911017
0,4,-3,0.5,0.15589,180,0,0,1911034
0,6,-4,0.5,0.1567,180,0,0,1911053
0,6,-4,0.5,0.15751,180,0,0,1911068
0,6,-4,0.5,0.15832,180,0,0,1911085
0,7,-4,0.5,0.159265,180,0,0,1911103
0,11,-4,0.5,0.16075,180,0,0,1911118
0,13,-3,0.5,0.162505,180,0,0,1911135
0,13,-3,0.5,0.16426,180,0,0,1911152
0,15,-2,0.5,0.166285,180,0,0,1911168
1,16,-2,0.5,0.168445,180,0,0,1911185
-3,14,-4,0.5,0.170335,180,0,0,1911203
0,15,-3,0.5,0.17236,180,0,0,1911218
0,15,-3,0.5,0.174385,180,0,0,1911235
0,18,-2,0.5,0.176815,180,0,0,1911251
0,16,-2,0.5,0.178975,180,0,0,1911268
0,17,-1,0.5,0.18127,180,0,0,1911284
0,16,-1,0.5,0.18343,180,0,0,1911302
0,15,0,0.5,0.185455,180,0,0,1911317
0,18,0,0.5,0.187885,180,0,0,1911334
0,18,2,0.5,0.190315,180,0,0,1911351
0,21,2,0.5,0.19315,180,0,0,1911368
0,19,3,0.5,0.195715,180,0,0,1911385
0,21,2,0.5,0.19855,180,0,0,1911403
0,45,1,0.5,0.204625,180,0,0,1911417
0,26,-3,0.5,0.208135,180,0,0,1911439
0,27,-3,0.5,0.21178,180,0,0,1911451
0,27,-3,0.5,0.215425,180,0,0,1911468
1,27,-1,0.5,0.21907,180,0,0,1911484
0,25,-4,0.5,0.222445,180,0,0,1911503
0,23,-2,0.5,0.22555,180,0,0,1911518
0,22,-2,0.5,0.22852,180,0,0,1911534
0,21,-3,0.5,0.231355,180,0,0,1911552
0,21,-3,0.5,0.23419,180,0,0,1911568
0,21,-4,0.5,0.237025,180,0,0,1911586
0,21,-5,0.5,0.23986,180,0,0,1911605
0,22,-6,0.5,0.24283,180,0,0,1911620
0,19,-6,0.5,0.245395,180,0,0,1911636
0,17,-5,0.5,0.24769,180,0,0,1911654
0,15,-3,0.5,0.249715,180,0,0,1911668
2,13,-2,0.5,0.25147,180,0,0,1911684
-7,15,-2,0.5,0.253495,180,0,0,1911701
0,15,0,0.5,0.25552,180,0,0,1911717
0,15,0,0.5,0.257545,180,0,0,1911736
0,16,0,0.5,0.259705,180,0,0,1911752
0,18,0,0.5,0.262135,180,0,0,1911767
0,17,0,0.5,0.26443,180,0,0,1911785
0,17,0,0.5,0.266725,180,0,0,1911801
0,38,0,0.5,0.271855,180,0,0,1911817
0,16,0,0.5,0.274015,180,0,0,1911835
0,18,0,0.5,0.276445,180,0,0,1911851
0,18,0,0.5,0.278875,180,0,0,1911867
0,15,0,0.5,0.2809,180,0,0,1911884
0,15,0,0.5,0.282925,180,0,0,1911900
0,12,0,0.5,0.284545,180,0,0,1911917
0,10,-1,0.5,0.285895,180,0,0,1911934
0,8,-2,0.5,0.286975,180,0,0,1911951
0,4,-2,0.5,0.287515,180,0,0,1911968
0,5,-2,0.5,0.28819,180,0,0,1911985
0,5,0,0.5,0.288865,180,0,0,1912000
0,4,0,0.5,0.289405,180,0,0,1912018
0,5,0,0.5,0.29008,180,0,0,1912034
0,6,1,0.5,0.29089,180,0,0,1912050
-1,4,2,0.5,0.29143,180,0,0,1912067
0,4,2,0.5,0.29197,180,0,0,1912084
0,3,2,0.5,0.292375,180,0,0,1912101
0,2,2,0.5,0.292645,180,0,0,1912118
0,1,2,0.5,0.29278,180,0,0,1912134
0,1,2,0.5,0.292915,180,0,0,1912153
0,0,3,0.5,0.292915,180,0,0,1912168
1,0,2,0.5,0.292915,180,0,0,1912184
0,-1,2,0.5,0.29278,180,0,0,1912204
0,-2,2,0.5,0.29251,180,0,0,1912218
0,0,2,0.5,0.29251,180,0,0,1912234
0,0,2,0.5,0.29251,180,0,0,1912251
0,1,2,0.5,0.292645,180,0,0,1912270
0,1,1,0.5,0.29278,180,0,0,1912285
0,1,1,0.5,0.292915,180,0,0,1912301
0,2,1,0.5,0.293185,180,0,0,1912319
0,3,1,0.5,0.29359,180,0,0,1912334
0,2,1,0.5,0.29386,180,0,0,1912351
0,2,1,0.5,0.29413,180,0,0,1912368
2,1,2,0.5,0.294265,180,0,0,1912385
1,1,0,0.5,0.2944,180,0,0,1912402
0,0,0,0.5,0.2944,180,0,0,1912417
0,-1,0,0.5,0.294265,180,0,0,1912434
0,-1,0,0.5,0.29413,180,0,0,1912451
-3,-1,0,0.5,0.293995,180,0,0,1912468
-8,-2,-4,0.5,0.293725,180,0,0,1912485
-7,0,-2,0.5,0.293725,180,0,0,1912502
0,0,0,0.5,0.293725,180,0,0,1912517
-9,0,-5,0.5,0.293725,180,0,0,1912535
-8,0,-4,0.5,0.293725,180,0,0,1912553
3,0,3,0.5,0.293725,180,0,0,1912568
0,0,0,0.5,0.293725,180,0,0,1912584
1,1,-1,0.5,0.29386,180,0,0,1912601
-1,0,2,0.5,0.29386,180,0,0,1912623
0,1,0,0.5,0.293995,180,0,0,1912634
0,0,0,0.5,0.293995,180,0,0,1912650
0,-3,0,0.5,0.29359,180,0,0,1912667
0,-9,-2,0.5,0.292375,180,0,0,1912684
0,-13,-2,0.5,0.29062,180,0,0,1912701
0,-15,-2,0.5,0.288595,180,0,0,1912719
0,-20,-2,0.5,0.285895,180,0,0,1912734
2,-20,0,0.5,0.283195,180,0,0,1912751
0,-17,-1,0.5,0.2809,180,0,0,1912768
0,-16,-2,0.5,0.27874,180,0,0,1912784
-1,-12,-4,0.5,0.27712,180,0,0,1912802
0,-8,-4,0.5,0.27604,180,0,0,1912818
0,-3,-4,0.5,0.275635,180,0,0,1912835
0,3,-5,0.5,0.27604,180,0,0,1912852
0,25,0,0.5,0.279415,180,0,0,1912867
0,35,0,0.5,0.28414,180,0,0,1912884
0,42,1,0.5,0.28981,180,0,0,1912901
0,46,1,0.5,0.29602,180,0,0,1912917
0,46,2,0.5,0.30223,180,0,0,1912934
0,46,3,0.5,0.30844,180,0,0,1912951
0,44,2,0.5,0.31438,180,0,0,1912968
0,41,4,0.5,0.319915,180,0,0,1912987
-2,40,4,0.5,0.325315,180,0,0,1913003
0,81,11,0.5,0.33625,180,0,0,1913020
2,46,16,0.5,0.34246,180,0,0,1913038
0,44,12,0.5,0.3484,180,0,0,1913056
0,42,11,0.5,0.35407,180,0,0,1913070
0,38,11,0.5,0.3592,180,0,0,1913087
0,33,10,0.5,0.363655,180,0,0,1913103
-3,29,8,0.5,0.36757,180,0,0,1913119
-1,31,7,0.5,0.371755,180,0,0,1913136
0,25,2,0.5,0.37513,180,0,0,1913151
0,26,2,0.5,0.37864,180,0,0,1913168
0,27,2,0.5,0.382285,180,0,0,1913185
-1,16,4,0.5,0.384445,180,0,0,1913205
0,2,1,0.5,0.384715,180,0,0,1913218
0,-4,-2,0.5,0.384175,180,0,0,1913243
0,-7,-5,0.5,0.38323,180,0,0,1913252
0,-2,-5,0.5,0.38296,180,0,0,1913269
0,2,-5,0.5,0.38323,180,0,0,1913286
-2,8,-5,0.5,0.38431,180,0,0,1913303
2,14,-1,0.5,0.3862,180,0,0,1913317
0,13,-2,0.5,0.387955,180,0,0,1913334
0,12,-1,0.5,0.389575,180,0,0,1913350
0,9,-1,0.5,0.39079,180,0,0,1913367
0,9,0,0.5,0.392005,180,0,0,1913383
0,7,0,0.5,0.39295,180,0,0,1913402
-1,1,5,0.5,0.393085,180,0,0,1913419
-1,-4,2,0.5,0.392545,180,0,0,1913434
0,5,3,0.5,0.39322,180,0,0,1913452
0,20,6,0.5,0.39592,180,0,0,1913469
-1,32,8,0.5,0.40024,180,0,0,1913493
0,32,7,0.5,0.40456,180,0,0,1913506
0,30,7,0.5,0.40861,180,0,0,1913519
0,28,6,0.5,0.41239,180,0,0,1913535
-2,25,6,0.5,0.415765,180,0,0,1913553
0,14,5,0.5,0.417655,180,0,0,1913568
0,-1,5,0.5,0.41752,180,0,0,1913585
0,-4,5,0.5,0.41698,180,0,0,1913604
2,5,11,0.5,0.417655,180,0,0,1913620
0,25,13,0.5,0.42103,180,0,0,1913636
-3,31,11,0.5,0.425215,180,0,0,1913654
0,34,14,0.5,0.429805,180,0,0,1913670
0,37,13,0.5,0.4348,180,0,0,1913688
2,39,15,0.5,0.440065,180,0,0,1913707
0,43,15,0.5,0.44587,180,0,0,1913720
0,46,16,0.5,0.45208,180,0,0,1913740
-3,44,16,0.5,0.45802,180,0,0,1913756
-3,43,15,0.5,0.463825,180,0,0,1913771
0,42,18,0.5,0.469495,180,0,0,1913790
0,78,30,0.5,0.480025,180,0,0,1913809
0,0,8,0.5,0.480025,180,0,0,1913819
0,61,31,0.5,0.48826,180,0,0,1913843
0,37,19,0.5,0.493255,180,0,0,1913857
0,33,17,0.5,0.49771,180,0,0,1913872
0,32,16,0.5,0.50203,180,0,0,1913888
0,29,15,0.5,0.505945,180,0,0,1913904
0,24,13,0.5,0.509185,180,0,0,1913920
0,21,11,0.5,0.51202,180,0,0,1913936
-1,20,13,0.5,0.51472,180,0,0,1913955
0,19,15,0.5,0.517285,180,0,0,1913971
0,19,18,0.5,0.51985,180,0,0,1913991
0,19,16,0.5,0.522415,180,0,0,1914005
1,20,17,0.5,0.525115,180,0,0,1914020
0,24,13,0.5,0.528355,180,0,0,1914037
0,25,14,0.5,0.53173,180,0,0,1914055
-6,30,13,0.5,0.53578,180,0,0,1914073
-1,32,16,0.5,0.5401,180,0,0,1914090
0,36,20,0.5,0.54496,180,0,0,1914107
0,32,19,0.5,0.54928,180,0,0,1914121
0,35,24,0.5,0.554005,180,0,0,1914141
3,33,24,0.5,0.55846,180,0,0,1914158
-1,31,22,0.5,0.562645,180,0,0,1914174
0,29,20,0.5,0.56656,180,0,0,1914189
-1,57,19,0.5,0.574255,180,0,0,1914206
0,24,34,0.5,0.577495,180,0,0,1914228
-1,25,15,0.5,0.58087,180,0,0,1914239
0,22,0,0.5,0.58384,180,0,0,1914251
0,23,36,0.5,0.586945,180,0,0,1914282
-3,22,19,0.5,0.589915,180,0,0,1914295
0,20,19,0.5,0.592615,180,0,0,1914307
4,11,29,0.5,0.5941,180,0,0,1914330
0,1,20,0.5,0.594235,180,0,0,1914341
0,0,17,0.5,0.594235,180,0,0,1914355
0,8,14,0.5,0.595315,180,0,0,1914370
-3,11,13,0.5,0.5968,180,0,0,1914388
0,16,13,0.5,0.59896,180,0,0,1914404
-1,23,14,0.5,0.602065,180,0,0,1914420
-2,33,17,0.5,0.60652,180,0,0,1914439
-4,34,15,0.5,0.61111,180,0,0,1914455
0,33,16,0.5,0.615565,180,0,0,1914471
0,32,18,0.5,0.619885,180,0,0,1914493
0,29,16,0.5,0.6238,180,0,0,1914507
0,27,17,0.5,0.627445,180,0,0,1914523
-3,26,16,0.5,0.630955,180,0,0,1914543
2,28,18,0.5,0.634735,180,0,0,1914558
0,28,20,0.5,0.638515,180,0,0,1914575
0,27,20,0.5,0.64216,180,0,0,1914590
0,25,21,0.5,0.645535,180,0,0,1914606
0,29,43,0.5,0.64945,180,0,0,1914637
0,14,22,0.5,0.65134,180,0,0,1914648
0,11,20,0.5,0.652825,180,0,0,1914660
0,14,20,0.5,0.654715,180,0,0,1914683
0,15,17,0.5,0.65674,180,0,0,1914695
-2,15,16,0.5,0.658765,180,0,0,1914712
0,17,15,0.5,0.66106,180,0,0,1914720
0,16,16,0.5,0.66322,180,0,0,1914739
0,19,17,0.5,0.665785,180,0,0,1914757
0,18,17,0.5,0.668215,180,0,0,1914771
0,21,18,0.5,0.67105,180,0,0,1914789
0,24,19,0.5,0.67429,180,0,0,1914805
0,23,17,0.5,0.677395,180,0,0,1914822
0,22,16,0.5,0.680365,180,0,0,1914837
-2,20,14,0.5,0.683065,180,0,0,1914854
3,16,15,0.5,0.685225,180,0,0,1914871
0,14,12,0.5,0.687115,180,0,0,1914886
0,14,11,0.5,0.689005,180,0,0,1914904
-4,16,7,0.5,0.691165,180,0,0,1914919
0,14,9,0.5,0.693055,180,0,0,1914935
2,13,12,0.5,0.69481,180,0,0,1914953
-6,10,9,0.5,0.69616,180,0,0,1914970
-5,9,11,0.5,0.697375,180,0,0,1914986
0,13,14,0.5,0.69913,180,0,0,1915009
0,14,13,0.5,0.70102,180,0,0,1915022
0,17,14,0.5,0.703315,180,0,0,1915037
0,34,29,0.5,0.707905,180,0,0,1915059
0,18,13,0.5,0.71,180,0,0,1915071
