0,199,1,0.5,-0.683135,180,0,0,229394
0,0,0,0.5,-0.683135,180,0,0,229400
1,20,2,0.5,-0.680435,180,0,0,229413
0,13,2,0.5,-0.67868,180,0,0,229427
0,4,4,0.5,-0.67814,180,0,0,229445
0,-2,2,0.5,-0.67841,180,0,0,229460
0,-10,1,0.5,-0.67976,180,0,0,229477
0,-12,2,0.5,-0.68138,180,0,0,229494
0,-13,2,0.5,-0.683135,180,0,0,229511
0,-11,2,0.5,-0.68462,180,0,0,229527
0,-7,2,0.5,-0.685565,180,0,0,229545
0,-2,2,0.5,-0.685835,180,0,0,229561
0,1,2,0.5,-0.6857,180,0,0,229578
0,8,3,0.5,-0.68462,180,0,0,229594
0,12,3,0.5,-0.683,180,0,0,229611
0,18,4,0.5,-0.68057,180,0,0,229628
0,23,5,0.5,-0.677465,180,0,0,229645
0,25,5,0.5,-0.67409,180,0,0,229661
0,26,7,0.5,-0.67058,180,0,0,229680
0,24,8,0.5,-0.66734,180,0,0,229696
0,15,7,0.5,-0.665315,180,0,0,229713
-1,2,11,0.5,-0.665045,180,0,0,229732
1,-8,1,0.5,-0.666125,180,0,0,229743
-1,-15,2,0.5,-0.66815,180,0,0,229760
0,-14,0,0.5,-0.67004,180,0,0,229777
0,-9,-1,0.5,-0.671255,180,0,0,229793
0,1,0,0.5,-0.67112,180,0,0,229811
0,13,-2,0.5,-0.669365,180,0,0,229828
0,22,-1,0.5,-0.666395,180,0,0,229844
0,32,0,0.5,-0.662075,180,0,0,229861
0,40,1,0.5,-0.656675,180,0,0,229877
0,47,5,0.5,-0.65033,180,0,0,229896
0,54,9,0.5,-0.64304,180,0,0,229914
0,50,8,0.5,-0.63629,180,0,0,229931
-3,35,2,0.5,-0.631565,180,0,0,229944
2,35,3,0.5,-0.62684,180,0,0,229961
1,33,0,0.5,-0.622385,180,0,0,229977
0,29,0,0.5,-0.61847,180,0,0,229993
0,28,0,0.5,-0.61469,180,0,0,230010
0,19,1,0.5,-0.612125,180,0,0,230027
0,15,4,0.5,-0.6101,180,0,0,230044
0,17,4,0.5,-0.607805,180,0,0,230061
0,21,6,0.5,-0.60497,180,0,0,230080
0,26,8,0.5,-0.60146,180,0,0,230095
0,29,8,0.5,-0.597545,180,0,0,230112
0,27,6,0.5,-0.5939,180,0,0,230128
0,64,7,0.5,-0.58526,180,0,0,230145
0,38,1,0.5,-0.58013,180,0,0,230160
0,45,0,0.5,-0.574055,180,0,0,230177
2,53,0,0.5,-0.5669,180,0,0,230194
0,52,1,0.5,-0.55988,180,0,0,230211
0,48,2,0.5,-0.5534,180,0,0,230227
0,43,4,0.5,-0.547595,180,0,0,230245
0,33,4,0.5,-0.54314,180,0,0,230261
-3,22,2,0.5,-0.54017,180,0,0,230277
0,15,2,0.5,-0.538145,180,0,0,230294
0,9,1,0.5,-0.53693,180,0,0,230312
0,3,0,0.5,-0.536525,180,0,0,230327
0,6,0,0.5,-0.535715,180,0,0,230343
0,5,1,0.5,-0.53504,180,0,0,230365
0,8,1,0.5,-0.53396,180,0,0,230379
0,8,1,0.5,-0.53288,180,0,1,230394
0,9,1,0.5,-0.531665,180,0,1,230411
0,8,0,0.5,-0.530585,180,0,1,230426
0,7,0,0.5,-0.52964,180,0,1,230444
0,6,0,0.5,-0.52883,180,0,0,230461
0,3,0,0.5,-0.528425,180,0,0,230477
0,1,0,0.5,-0.52829,180,0,0,230493
0,0,0,0.5,-0.52829,180,0,0,230510
3,0,0,0.5,-0.52829,180,0,0,230527
-3,0,0,0.5,-0.52829,180,0,0,230543
0,-4,0,0.5,-0.52883,180,0,0,230560
0,0,0,0.5,-0.52883,180,0,0,230576
0,0,0,0.5,-0.52883,180,0,0,230593
0,0,0,0.5,-0.52883,180,0,0,230610
0,0,0,0.5,-0.52883,180,0,0,230626
0,2,0,0.5,-0.52856,180,0,0,230643
0,1,0,0.5,-0.528425,180,0,0,230660
0,0,0,0.5,-0.528425,180,0,0,230676
0,1,0,0.5,-0.52829,180,0,0,230693
0,0,0,0.5,-0.52829,180,0,0,230710
0,0,0,0.5,-0.52829,180,0,0,230726
0,0,0,0.5,-0.52829,180,0,0,230743
0,0,0,0.5,-0.52829,180,0,0,230759
0,1,0,0.5,-0.528155,180,0,0,230776
0,0,1,0.5,-0.528155,180,0,0,230793
0,1,0,0.5,-0.52802,180,0,0,230811
0,0,0,0.5,-0.52802,180,0,0,230826
0,1,0,0.5,-0.527885,180,0,0,230843
0,0,0,0.5,-0.527885,180,0,0,230860
0,1,0,0.5,-0.52775,180,0,0,230877
0,1,0,0.5,-0.527615,180,0,0,230894
0,0,0,0.5,-0.527615,180,0,0,230910
0,1,0,0.5,-0.52748,180,0,0,230927
0,0,0,0.5,-0.52748,180,0,0,230943
-1,0,0,0.5,-0.52748,180,0,0,230961
0,0,0,0.5,-0.52748,180,0,0,230976
0,0,0,0.5,-0.52748,180,0,0,230993
0,0,0,0.5,-0.52748,180,0,0,231009
0,0,0,0.5,-0.52748,180,0,0,231026
0,1,0,0.5,-0.527345,180,0,0,231044
0,0,0,0.5,-0.527345,180,0,0,231059
0,1,0,0.5,-0.52721,180,0,0,231076
0,0,0,0.5,-0.52721,180,0,0,231093
0,0,0,0.5,-0.52721,180,0,0,231109
0,1,0,0.5,-0.527075,180,0,0,231126
1,0,0,0.5,-0.527075,180,0,0,231143
0,0,0,0.5,-0.527075,180,0,0,231159
0,0,0,0.5,-0.527075,180,0,0,231176
0,0,0,0.5,-0.527075,180,0,0,231193
0,1,0,0.5,-0.52694,180,0,0,231210
0,1,0,0.5,-0.526805,180,0,0,231226
0,0,1,0.5,-0.526805,180,0,0,231243
0,0,0,0.5,-0.526805,180,0,0,231259
0,0,0,0.5,-0.526805,180,0,0,231276
0,0,0,0.5,-0.526805,180,0,0,231293
0,0,0,0.5,-0.526805,180,0,0,231310
0,0,0,0.5,-0.526805,180,0,0,231326
0,0,-1,0.5,-0.526805,180,0,0,231344
0,0,0,0.5,-0.526805,180,0,0,231360
0,0,0,0.5,-0.526805,180,0,0,231376
0,0,0,0.5,-0.526805,180,0,0,231393
0,0,-1,0.5,-0.526805,180,0,0,231410
0,0,0,0.5,-0.526805,180,0,0,231426
0,0,0,0.5,-0.526805,180,0,0,231443
2,0,0,0.5,-0.526805,180,0,0,231460
0,1,0,0.5,-0.52667,180,0,0,231476
0,0,0,0.5,-0.52667,180,0,0,231494
0,0,0,0.5,-0.52667,180,0,0,231509
0,0,0,0.5,-0.52667,180,0,0,231526
0,0,0,0.5,-0.52667,180,0,0,231543
0,0,0,0.5,-0.52667,180,0,0,231559
0,0,0,0.5,-0.52667,180,0,0,231576
0,0,0,0.5,-0.52667,180,0,0,231593
0,0,0,0.5,-0.52667,180,0,0,231610
0,0,0,0.5,-0.52667,180,0,0,231626
0,0,0,0.5,-0.52667,180,0,0,231643
0,0,0,0.5,-0.52667,180,0,0,231659
0,0,0,0.5,-0.52667,180,0,0,231676
0,0,0,0.5,-0.52667,180,0,0,231693
0,1,0,0.5,-0.526535,180,0,0,231710
0,0,0,0.5,-0.526535,180,0,0,231726
0,0,0,0.5,-0.526535,180,0,0,231743
0,0,0,0.5,-0.526535,180,0,0,231759
0,0,0,0.5,-0.526535,180,0,0,231776
0,0,0,0.5,-0.526535,180,0,0,231793
0,0,0,0.5,-0.526535,180,0,0,231810
0,1,0,0.5,-0.5264,180,0,0,231826
0,0,0,0.5,-0.5264,180,0,0,231843
0,0,0,0.5,-0.5264,180,0,0,231859
0,0,0,0.5,-0.5264,180,0,0,231876
3,0,3,0.5,-0.5264,180,0,0,231895
1,0,0,0.5,-0.5264,180,0,0,231910
0,0,0,0.5,-0.5264,180,0,0,231926
0,0,0,0.5,-0.5264,180,0,0,231943
0,0,0,0.5,-0.5264,180,0,0,231960
0,0,0,0.5,-0.5264,180,0,0,231976
0,0,0,0.5,-0.5264,180,0,0,231993
0,0,0,0.5,-0.5264,180,0,0,232010
0,0,0,0.5,-0.5264,180,0,0,232026
0,0,0,0.5,-0.5264,180,0,0,232043
0,0,0,0.5,-0.5264,180,0,0,232059
0,0,0,0.5,-0.5264,180,0,0,232077
0,0,0,0.5,-0.5264,180,0,0,232093
0,0,0,0.5,-0.5264,180,0,0,232109
0,0,0,0.5,-0.5264,180,0,0,232126
0,0,0,0.5,-0.5264,180,0,0,232143
0,1,0,0.5,-0.526265,180,0,0,232160
0,0,0,0.5,-0.526265,180,0,0,232176
0,0,0,0.5,-0.526265,180,0,0,232193
0,0,0,0.5,-0.526265,180,0,0,232209
0,0,0,0.5,-0.526265,180,0,0,232226
0,-1,0,0.5,-0.5264,180,0,0,232243
0,0,0,0.5,-0.5264,180,0,0,232259
0,0,0,0.5,-0.5264,180,0,0,232276
0,0,0,0.5,-0.5264,180,0,0,232293
0,0,0,0.5,-0.5264,180,0,0,232309
0,0,0,0.5,-0.5264,180,0,0,232326
0,1,0,0.5,-0.526265,180,0,0,232343
0,0,0,0.5,-0.526265,180,0,0,232359
0,0,0,0.5,-0.526265,180,0,0,232376
0,0,0,0.5,-0.526265,180,0,0,232393
0,0,0,0.5,-0.526265,180,0,0,232409
0,-1,0,0.5,-0.5264,180,0,0,232426
0,0,0,0.5,-0.5264,180,0,0,232443
0,-1,0,0.5,-0.526535,180,0,0,232460
0,0,0,0.5,-0.526535,180,0,0,232476
0,0,0,0.5,-0.526535,180,0,0,232493
0,0,0,0.5,-0.526535,180,0,0,232509
0,1,0,0.5,-0.5264,180,0,0,232526
0,0,0,0.5,-0.5264,180,0,0,232543
0,0,0,0.5,-0.5264,180,0,0,232559
0,-1,0,0.5,-0.526535,180,0,0,232576
0,0,0,0.5,-0.526535,180,0,0,232593
0,0,0,0.5,-0.526535,180,0,0,232609
1,0,0,0.5,-0.526535,180,0,0,232626
0,1,0,0.5,-0.5264,180,0,0,232643
0,1,0,0.5,-0.526265,180,0,0,232660
0,0,0,0.5,-0.526265,180,0,0,232676
0,0,0,0.5,-0.526265,180,0,0,232693
0,0,0,0.5,-0.526265,180,0,0,232709
0,-3,0,0.5,-0.52667,180,0,0,232726
0,0,0,0.5,-0.52667,180,0,0,232743
0,0,0,0.5,-0.52667,180,0,0,232760
0,0,0,0.5,-0.52667,180,0,0,232776
0,2,0,0.5,-0.5264,180,0,0,232793
0,0,0,0.5,-0.5264,180,0,0,232810
0,0,0,0.5,-0.5264,180,0,0,232826
0,0,0,0.5,-0.5264,180,0,0,232843
0,0,0,0.5,-0.5264,180,0,0,232859
0,0,0,0.5,-0.5264,180,0,0,232876
0,0,0,0.5,-0.5264,180,0,0,232893
0,0,0,0.5,-0.5264,180,0,0,232909
0,0,0,0.5,-0.5264,180,0,0,232926
0,0,0,0.5,-0.5264,180,0,0,232943
0,1,0,0.5,-0.526265,180,0,0,232960
0,0,0,0.5,-0.526265,180,0,0,232976
0,0,0,0.5,-0.526265,180,0,0,232993
0,0,0,0.5,-0.526265,180,0,0,233010
0,0,0,0.5,-0.526265,180,0,0,233026
0,0,0,0.5,-0.526265,180,0,0,233043
0,0,0,0.5,-0.526265,180,0,0,233060
0,0,0,0.5,-0.526265,180,0,0,233076
0,0,0,0.5,-0.526265,180,0,0,233093
0,0,0,0.5,-0.526265,180,0,0,233110
0,0,0,0.5,-0.526265,180,0,0,233126
0,0,0,0.5,-0.526265,180,0,0,233143
0,0,0,0.5,-0.526265,180,0,0,233159
0,0,0,0.5,-0.526265,180,0,0,233176
0,0,0,0.5,-0.526265,180,0,0,233193
0,0,0,0.5,-0.526265,180,0,0,233209
0,0,0,0.5,-0.526265,180,0,0,233226
0,0,0,0.5,-0.526265,180,0,0,233243
0,0,0,0.5,-0.526265,180,0,0,233259
0,0,0,0.5,-0.526265,180,0,0,233276
0,0,0,0.5,-0.526265,180,0,0,233293
0,0,0,0.5,-0.526265,180,0,0,233309
0,0,0,0.5,-0.526265,180,0,0,233326
0,0,0,0.5,-0.526265,180,0,0,233343
0,1,0,0.5,-0.52613,180,0,0,233360
0,1,0,0.5,-0.525995,180,0,1,233376
0,2,0,0.5,-0.525725,180,0,1,233393
0,2,1,0.5,-0.525455,180,0,1,233410
0,2,1,0.5,-0.525185,180,0,0,233427
0,1,0,0.5,-0.52505,180,0,0,233445
0,1,0,0.5,-0.524915,180,0,0,233461
0,0,0,0.5,-0.524915,180,0,0,233476
0,0,0,0.5,-0.524915,180,0,0,233494
0,3,0,0.5,-0.52451,180,0,1,233510
0,5,0,0.5,-0.523835,180,0,1,233527
0,6,-1,0.5,-0.523025,180,0,1,233545
0,8,-1,0.5,-0.521945,180,0,0,233560
0,7,-1,0.5,-0.521,180,0,0,233577
0,7,-1,0.5,-0.520055,180,0,0,233593
0,7,-1,0.5,-0.51911,180,0,0,233610
0,7,-1,0.5,-0.518165,180,0,0,233627
0,10,-1,0.5,-0.516815,180,0,0,233644
0,9,-1,0.5,-0.5156,180,0,0,233660
0,11,-1,0.5,-0.514115,180,0,0,233677
0,9,0,0.5,-0.5129,180,0,0,233695
0,9,0,0.5,-0.511685,180,0,0,233710
0,7,1,0.5,-0.51074,180,0,0,233727
0,6,1,0.5,-0.50993,180,0,0,233745
-2,9,2,0.5,-0.508715,180,0,0,233760
0,2,0,0.5,-0.508445,180,0,0,233777
0,1,0,0.5,-0.50831,180,0,0,233794
0,1,-1,0.5,-0.508175,180,0,0,233810
0,2,-1,0.5,-0.507905,180,0,1,233829
0,1,-1,0.5,-0.50777,180,0,1,233857
0,1,-2,0.5,-0.507635,180,0,0,233869
0,-1,-1,0.5,-0.50777,180,0,0,233880
0,-5,-1,0.5,-0.508445,180,0,0,233893
0,-5,-2,0.5,-0.50912,180,0,0,233911
0,-4,-1,0.5,-0.50966,180,0,0,233928
0,-2,-2,0.5,-0.50993,180,0,0,233945
0,-1,-2,0.5,-0.510065,180,0,1,233960
0,0,-2,0.5,-0.510065,180,0,1,233977
0,1,-1,0.5,-0.50993,180,0,1,233994
0,1,-1,0.5,-0.509795,180,0,0,234010
0,3,-2,0.5,-0.50939,180,0,0,234027
0,2,-1,0.5,-0.50912,180,0,0,234044
-1,0,-2,0.5,-0.50912,180,0,0,234060
0,0,-1,0.5,-0.50912,180,0,0,234077
0,0,0,0.5,-0.50912,180,0,0,234095
0,0,-1,0.5,-0.50912,180,0,0,234110
0,-1,0,0.5,-0.509255,180,0,0,234127
0,0,0,0.5,-0.509255,180,0,1,234144
0,1,-2,0.5,-0.50912,180,0,0,234160
-1,0,0,0.5,-0.50912,180,0,0,234176
2,1,0,0.5,-0.508985,180,0,0,234195
1,0,1,0.5,-0.508985,180,0,0,234210
0,1,-1,0.5,-0.50885,180,0,0,234227
0,0,0,0.5,-0.50885,180,0,0,234243
0,0,-1,0.5,-0.50885,180,0,0,234260
0,0,0,0.5,-0.50885,180,0,0,234278
-3,0,-4,0.5,-0.50885,180,0,0,234298
-2,-1,0,0.5,-0.508985,180,0,0,234311
0,0,0,0.5,-0.508985,180,0,0,234326
0,0,0,0.5,-0.508985,180,0,0,234343
0,-1,-1,0.5,-0.50912,180,0,0,234360
0,0,0,0.5,-0.50912,180,0,0,234376
0,0,-1,0.5,-0.50912,180,0,0,234393
0,0,-1,0.5,-0.50912,180,0,0,234410
0,0,0,0.5,-0.50912,180,0,0,234426
0,0,0,0.5,-0.50912,180,0,0,234443
0,0,0,0.5,-0.50912,180,0,0,234459
0,0,0,0.5,-0.50912,180,0,0,234477
0,0,-1,0.5,-0.50912,180,0,0,234493
0,0,0,0.5,-0.50912,180,0,0,234509
0,0,0,0.5,-0.50912,180,0,0,234527
0,0,0,0.5,-0.50912,180,0,0,234544
0,0,-1,0.5,-0.50912,180,0,0,234560
0,0,-1,0.5,-0.50912,180,0,0,234578
0,0,0,0.5,-0.50912,180,0,0,234593
0,-1,0,0.5,-0.509255,180,0,0,234610
0,0,0,0.5,-0.509255,180,0,0,234626
0,0,-1,0.5,-0.509255,180,0,0,234645
3,0,1,0.5,-0.509255,180,0,0,234661
-3,0,-2,0.5,-0.509255,180,0,0,234678
-1,0,0,0.5,-0.509255,180,0,0,234696
0,0,0,0.5,-0.509255,180,0,0,234709
0,0,0,0.5,-0.509255,180,0,0,234726
0,0,0,0.5,-0.509255,180,0,0,234743
0,0,0,0.5,-0.509255,180,0,0,234759
0,1,0,0.5,-0.50912,180,0,0,234776
0,0,0,0.5,-0.50912,180,0,0,234793
0,0,0,0.5,-0.50912,180,0,0,234809
0,0,0,0.5,-0.50912,180,0,0,234826
0,0,0,0.5,-0.50912,180,0,0,234843
0,0,0,0.5,-0.50912,180,0,0,234859
0,0,0,0.5,-0.50912,180,0,0,234876
-1,0,0,0.5,-0.50912,180,0,0,234893
0,0,0,0.5,-0.50912,180,0,0,234909
0,0,0,0.5,-0.50912,180,0,0,234926
0,-1,0,0.5,-0.509255,180,0,0,234943
0,0,0,0.5,-0.509255,180,0,0,234959
-1,0,-1,0.5,-0.509255,180,0,0,234979
0,0,0,0.5,-0.509255,180,0,0,234993
2,0,0,0.5,-0.509255,180,0,0,235010
1,0,0,0.5,-0.509255,180,0,0,235026
0,0,0,0.5,-0.509255,180,0,0,235043
0,0,0,0.5,-0.509255,180,0,0,235059
1,0,0,0.5,-0.509255,180,0,0,235076
0,0,0,0.5,-0.509255,180,0,0,235093
0,0,0,0.5,-0.509255,180,0,0,235109
0,0,0,0.5,-0.509255,180,0,0,235126
0,0,0,0.5,-0.509255,180,0,0,235143
0,0,0,0.5,-0.509255,180,0,0,235159
0,0,0,0.5,-0.509255,180,0,0,235176
0,0,0,0.5,-0.509255,180,0,0,235193
0,0,0,0.5,-0.509255,180,0,0,235209
0,0,0,0.5,-0.509255,180,0,0,235226
0,1,0,0.5,-0.50912,180,0,0,235243
0,0,0,0.5,-0.50912,180,0,0,235259
0,0,0,0.5,-0.50912,180,0,0,235276
0,0,0,0.5,-0.50912,180,0,0,235293
0,0,0,0.5,-0.50912,180,0,0,235309
0,0,0,0.5,-0.50912,180,0,0,235326
0,0,0,0.5,-0.50912,180,0,0,235343
0,0,0,0.5,-0.50912,180,0,0,235359
0,0,0,0.5,-0.50912,180,0,0,235376
0,0,0,0.5,-0.50912,180,0,0,235393
0,0,0,0.5,-0.50912,180,0,0,235409
0,0,0,0.5,-0.50912,180,0,0,235426
0,0,0,0.5,-0.50912,180,0,0,235444
0,0,0,0.5,-0.50912,180,0,0,235459
0,0,0,0.5,-0.50912,180,0,0,235476
0,0,0,0.5,-0.50912,180,0,0,235493
0,0,0,0.5,-0.50912,180,0,0,235509
0,0,0,0.5,-0.50912,180,0,0,235526
0,0,0,0.5,-0.50912,180,0,0,235543
0,0,0,0.5,-0.50912,180,0,0,235559
0,0,0,0.5,-0.50912,180,0,0,235576
0,0,0,0.5,-0.50912,180,0,0,235593
0,0,0,0.5,-0.50912,180,0,0,235609
0,0,0,0.5,-0.50912,180,0,0,235626
0,0,0,0.5,-0.50912,180,0,0,235643
0,0,0,0.5,-0.50912,180,0,0,235659
0,0,0,0.5,-0.50912,180,0,0,235676
0,0,0,0.5,-0.50912,180,0,0,235693
0,0,0,0.5,-0.50912,180,0,0,235709
0,2,1,0.5,-0.50885,180,0,0,235727
0,0,0,0.5,-0.50885,180,0,0,235744
0,0,0,0.5,-0.50885,180,0,0,235759
0,0,0,0.5,-0.50885,180,0,0,235776
0,0,0,0.5,-0.50885,180,0,0,235793
0,1,0,0.5,-0.508715,180,0,0,235810
0,0,0,0.5,-0.508715,180,0,0,235826
0,0,0,0.5,-0.508715,180,0,0,235843
0,0,0,0.5,-0.508715,180,0,0,235859
0,1,0,0.5,-0.50858,180,0,0,235877
0,0,0,0.5,-0.50858,180,0,0,235893
0,0,0,0.5,-0.50858,180,0,0,235909
0,0,0,0.5,-0.50858,180,0,0,235926
-2,0,0,0.5,-0.50858,180,0,0,235943
-1,1,0,0.5,-0.508445,180,0,0,235960
0,0,0,0.5,-0.508445,180,0,0,235976
0,0,0,0.5,-0.508445,180,0,0,235993
0,0,0,0.5,-0.508445,180,0,0,236009
0,1,0,0.5,-0.50831,180,0,0,236026
0,0,0,0.5,-0.50831,180,0,0,236043
0,0,0,0.5,-0.50831,180,0,0,236059
0,1,0,0.5,-0.508175,180,0,0,236076
0,0,0,0.5,-0.508175,180,0,0,236093
0,0,0,0.5,-0.508175,180,0,0,236110
0,0,0,0.5,-0.508175,180,0,0,236126
3,1,0,0.5,-0.50804,180,0,0,236144
0,0,0,0.5,-0.50804,180,0,0,236160
-3,0,0,0.5,-0.50804,180,0,0,236177
0,0,0,0.5,-0.50804,180,0,0,236193
0,0,0,0.5,-0.50804,180,0,0,236209
0,0,0,0.5,-0.50804,180,0,0,236226
0,-1,0,0.5,-0.508175,180,0,0,236243
0,-1,0,0.5,-0.50831,180,0,1,236260
0,-1,0,0.5,-0.508445,180,0,1,236276
0,0,1,0.5,-0.508445,180,0,1,236293
0,1,0,0.5,-0.50831,180,0,0,236310
0,1,1,0.5,-0.508175,180,0,0,236326
0,1,1,0.5,-0.50804,180,0,0,236343
0,1,0,0.5,-0.507905,180,0,0,236360
0,1,0,0.5,-0.50777,180,0,0,236376
0,4,0,0.5,-0.50723,180,0,0,236393
0,7,0,0.5,-0.506285,180,0,0,236410
0,10,0,0.5,-0.504935,180,0,0,236426
0,15,0,0.5,-0.50291,180,0,1,236443
0,19,-1,0.5,-0.500345,180,0,1,236460
0,19,0,0.5,-0.49778,180,0,0,236476
0,19,0,0.5,-0.495215,180,0,0,236495
0,25,4,0.5,-0.49184,180,0,0,236520
0,0,0,0.5,-0.49184,180,0,0,236526
0,8,2,0.5,-0.49076,180,0,0,236543
0,5,3,0.5,-0.490085,180,0,0,236561
0,6,4,0.5,-0.489275,180,0,1,236578
0,0,2,0.5,-0.489275,180,0,1,236595
0,1,2,0.5,-0.48914,180,0,1,236610
0,0,1,0.5,-0.48914,180,0,1,236626
0,-1,1,0.5,-0.489275,180,0,0,236643
0,-1,0,0.5,-0.48941,180,0,0,236660
0,0,0,0.5,-0.48941,180,0,0,236676
0,-3,0,0.5,-0.489815,180,0,0,236694
0,-2,-1,0.5,-0.490085,180,0,0,236710
0,-2,-1,0.5,-0.490355,180,0,1,236727
0,-1,-1,0.5,-0.49049,180,0,1,236744
0,-1,-1,0.5,-0.490625,180,0,1,236760
0,-1,-1,0.5,-0.49076,180,0,0,236777
0,0,-1,0.5,-0.49076,180,0,0,236793
0,1,-1,0.5,-0.490625,180,0,0,236810
0,2,-1,0.5,-0.490355,180,0,0,236828
0,2,-1,0.5,-0.490085,180,0,0,236843
0,4,0,0.5,-0.489545,180,0,0,236860
0,4,-1,0.5,-0.489005,180,0,0,236877
0,5,-1,0.5,-0.48833,180,0,0,236893
0,3,0,0.5,-0.487925,180,0,1,236910
0,3,0,0.5,-0.48752,180,0,0,236928
0,6,0,0.5,-0.48671,180,0,0,236945
0,5,0,0.5,-0.486035,180,0,0,236960
0,12,1,0.5,-0.484415,180,0,0,236977
0,7,1,0.5,-0.48347,180,0,0,236994
0,6,0,0.5,-0.48266,180,0,0,237010
0,5,1,0.5,-0.481985,180,0,0,237028
0,3,0,0.5,-0.48158,180,0,0,237043
0,5,0,0.5,-0.480905,180,0,0,237060
0,7,1,0.5,-0.47996,180,0,0,237076
0,7,1,0.5,-0.479015,180,0,0,237093
0,11,2,0.5,-0.47753,180,0,0,237112
0,10,1,0.5,-0.47618,180,0,0,237128
0,12,2,0.5,-0.47456,180,0,0,237144
0,14,3,0.5,-0.47267,180,0,0,237161
0,14,3,0.5,-0.47078,180,0,0,237178
0,17,3,0.5,-0.468485,180,0,0,237197
0,23,4,0.5,-0.46538,180,0,0,237217
0,25,4,0.5,-0.462005,180,0,0,237233
0,32,5,0.5,-0.457685,180,0,0,237245
0,37,5,0.5,-0.45269,180,0,0,237261
0,35,4,0.5,-0.447965,180,0,0,237277
0,29,1,0.5,-0.44405,180,0,0,237293
0,22,0,0.5,-0.44108,180,0,0,237311
0,21,0,0.5,-0.438245,180,0,0,237328
0,18,0,0.5,-0.435815,180,0,0,237343
0,15,0,0.5,-0.43379,180,0,0,237360
0,32,-2,0.5,-0.42947,180,0,0,237377
0,17,-8,0.5,-0.427175,180,0,0,237395
0,18,-4,0.5,-0.424745,180,0,0,237413
0,21,-4,0.5,-0.42191,180,0,0,237428
0,22,-3,0.5,-0.41894,180,0,0,237444
0,24,-2,0.5,-0.4157,180,0,0,237461
0,26,-1,0.5,-0.41219,180,0,0,237478
0,29,-1,0.5,-0.408275,180,0,0,237493
0,28,0,0.5,-0.404495,180,0,0,237510
0,29,0,0.5,-0.40058,180,0,0,237526
5,29,3,0.5,-0.396665,180,0,0,237543
-1,28,1,0.5,-0.392885,180,0,0,237560
4,34,2,0.5,-0.388295,180,0,0,237577
-4,36,-2,0.5,-0.383435,180,0,0,237593
0,41,0,0.5,-0.3779,180,0,0,237610
0,41,-1,0.5,-0.372365,180,0,0,237627
0,42,-2,0.5,-0.366695,180,0,0,237644
2,42,-1,0.5,-0.361025,180,0,0,237660
2,44,-3,0.5,-0.355085,180,0,0,237679
0,44,-5,0.5,-0.349145,180,0,0,237698
-1,43,-4,0.5,-0.34334,180,0,0,237711
0,43,-2,0.5,-0.337535,180,0,0,237727
-2,40,-3,0.5,-0.332135,180,0,0,237746
0,38,-3,0.5,-0.327005,180,0,0,237760
0,80,-6,0.5,-0.316205,180,0,0,237778
0,43,-8,0.5,-0.3104,180,0,0,237798
0,49,-3,0.5,-0.303785,180,0,0,237810
0,49,-2,0.5,-0.29717,180,0,0,237827
0,49,-2,0.5,-0.290555,180,0,0,237844
0,48,-1,0.5,-0.284075,180,0,0,237860
0,48,-2,0.5,-0.277595,180,0,0,237877
0,49,-3,0.5,-0.27098,180,0,0,237894
3,48,-5,0.5,-0.2645,180,0,0,237911
0,48,-6,0.5,-0.25802,180,0,0,237929
0,50,-5,0.5,-0.25127,180,0,0,237945
-1,46,-5,0.5,-0.24506,180,0,0,237961
0,45,-5,0.5,-0.238985,180,0,0,237978
-2,46,-5,0.5,-0.232775,180,0,0,237995
4,44,-4,0.5,-0.226835,180,0,0,238011
-1,44,-6,0.5,-0.220895,180,0,0,238028
3,40,-7,0.5,-0.215495,180,0,0,238045
0,42,-6,0.5,-0.209825,180,0,0,238066
0,42,-7,0.5,-0.204155,180,0,0,238079
-4,37,-7,0.5,-0.19916,180,0,0,238097
-1,40,-5,0.5,-0.19376,180,0,0,238111
0,39,-4,0.5,-0.188495,180,0,0,238128
0,36,-3,0.5,-0.183635,180,0,0,238144
0,36,-4,0.5,-0.178775,180,0,0,238161
1,63,-10,0.5,-0.17027,180,0,0,238180
0,27,-5,0.5,-0.166625,180,0,0,238195
0,18,-5,0.5,-0.164195,180,0,0,238211
-1,18,-5,0.5,-0.161765,180,0,0,238228
0,18,-5,0.5,-0.159335,180,0,0,238245
0,17,-3,0.5,-0.15704,180,0,0,238260
0,20,-4,0.5,-0.15434,180,0,0,238277
0,21,-4,0.5,-0.151505,180,0,0,238295
0,18,-4,0.5,-0.149075,180,0,0,238311
0,14,-4,0.5,-0.147185,180,0,0,238328
0,10,-3,0.5,-0.145835,180,0,0,238344
0,6,-3,0.5,-0.145025,180,0,0,238360
0,3,-3,0.5,-0.14462,180,0,0,238377
0,3,-3,0.5,-0.144215,180,0,0,238395
0,2,-3,0.5,-0.143945,180,1,1,238411
0,2,-3,0.5,-0.143675,180,1,1,238427
0,1,-4,0.5,-0.14354,180,1,1,238444
0,0,-3,0.5,-0.14354,180,0,0,238461
0,-2,-3,0.5,-0.14381,180,0,0,238477
0,-1,-2,0.5,-0.143945,180,0,0,238494
0,-3,-2,0.5,-0.14435,180,0,0,238511
0,-3,-3,0.5,-0.144755,180,0,0,238527
0,-3,-3,0.5,-0.14516,180,0,0,238545
0,-1,-2,0.5,-0.145295,180,0,1,238561
0,-3,-4,0.5,-0.1457,180,0,1,238577
0,-2,-4,0.5,-0.14597,180,0,1,238595
0,-4,-3,0.5,-0.14651,180,0,1,238612
0,-6,-3,0.5,-0.14732,180,0,1,238627
0,-7,-3,0.5,-0.148265,180,0,1,238644
0,-9,-3,0.5,-0.14948,180,0,1,238661
0,-9,-3,0.5,-0.150695,180,0,0,238677
0,-8,-3,0.5,-0.151775,180,0,0,238694
0,-6,-2,0.5,-0.152585,180,0,0,238710
2,-4,-2,0.5,-0.153125,180,0,1,238727
0,-2,-2,0.5,-0.153395,180,0,1,238743
0,-1,-2,0.5,-0.15353,180,0,1,238760
0,1,-2,0.5,-0.153395,180,0,0,238777
1,2,-1,0.5,-0.153125,180,0,0,238796
0,1,-1,0.5,-0.15299,180,0,0,238810
0,1,-2,0.5,-0.152855,180,0,1,238827
0,1,-1,0.5,-0.15272,180,0,1,238843
0,0,-1,0.5,-0.15272,180,0,1,238860
0,0,-2,0.5,-0.15272,180,0,1,238877
0,0,-2,0.5,-0.15272,180,0,1,238896
0,-1,-2,0.5,-0.152855,180,0,0,238910
0,-1,-2,0.5,-0.15299,180,0,0,238928
0,-1,-1,0.5,-0.153125,180,0,0,238943
0,-1,-2,0.5,-0.15326,180,0,1,238960
0,0,-2,0.5,-0.15326,180,0,1,238977
0,0,-2,0.5,-0.15326,180,0,0,238994
1,1,0,0.5,-0.153125,180,0,0,239009
-1,1,-1,0.5,-0.15299,180,0,0,239026
0,1,-1,0.5,-0.152855,180,0,0,239043
0,0,0,0.5,-0.152855,180,0,0,239059
0,0,0,0.5,-0.152855,180,0,1,239076
1,0,0,0.5,-0.152855,180,0,1,239093
0,0,0,0.5,-0.152855,180,0,1,239109
-1,0,-1,0.5,-0.152855,180,0,0,239127
0,0,-1,0.5,-0.152855,180,0,0,239143
0,-1,-1,0.5,-0.15299,180,0,0,239160
0,-1,0,0.5,-0.153125,180,0,0,239177
2,0,0,0.5,-0.153125,180,0,1,239194
-3,0,0,0.5,-0.153125,180,0,1,239210
0,0,0,0.5,-0.153125,180,0,1,239226
0,0,0,0.5,-0.153125,180,0,0,239244
0,1,0,0.5,-0.15299,180,0,0,239260
0,0,0,0.5,-0.15299,180,0,0,239277
0,0,0,0.5,-0.15299,180,0,0,239292
0,0,0,0.5,-0.15299,180,0,1,239309
0,0,0,0.5,-0.15299,180,0,1,239326
0,0,0,0.5,-0.15299,180,0,1,239342
0,0,0,0.5,-0.15299,180,0,0,239359
0,0,0,0.5,-0.15299,180,0,0,239376
0,2,0,0.5,-0.15272,180,0,0,239393
0,1,0,0.5,-0.152585,180,0,0,239409
0,0,0,0.5,-0.152585,180,0,0,239426
0,0,0,0.5,-0.152585,180,0,1,239443
0,0,0,0.5,-0.152585,180,0,1,239459
0,0,0,0.5,-0.152585,180,0,1,239476
0,0,0,0.5,-0.152585,180,0,0,239493
0,0,0,0.5,-0.152585,180,0,0,239509
0,0,1,0.5,-0.152585,180,0,0,239526
0,0,0,0.5,-0.152585,180,0,0,239542
0,0,0,0.5,-0.152585,180,0,1,239559
0,1,0,0.5,-0.15245,180,0,1,239576
0,0,0,0.5,-0.15245,180,0,1,239593
0,0,0,0.5,-0.15245,180,0,1,239609
0,2,1,0.5,-0.15218,180,0,0,239626
0,0,1,0.5,-0.15218,180,0,0,239643
0,0,1,0.5,-0.15218,180,0,0,239660
0,0,0,0.5,-0.15218,180,0,0,239676
0,0,0,0.5,-0.15218,180,0,0,239693
0,0,0,0.5,-0.15218,180,0,1,239709
0,0,0,0.5,-0.15218,180,0,1,239726
0,0,1,0.5,-0.15218,180,0,1,239743
0,1,0,0.5,-0.152045,180,0,1,239760
0,0,0,0.5,-0.152045,180,0,0,239776
0,1,1,0.5,-0.15191,180,0,0,239793
0,1,1,0.5,-0.151775,180,0,0,239810
0,0,0,0.5,-0.151775,180,0,0,239826
0,1,0,0.5,-0.15164,180,0,1,239843
0,0,0,0.5,-0.15164,180,0,1,239860
0,1,0,0.5,-0.151505,180,0,1,239876
1,1,1,0.5,-0.15137,180,0,1,239893
0,1,1,0.5,-0.151235,180,0,0,239910
0,0,1,0.5,-0.151235,180,0,0,239926
0,1,0,0.5,-0.1511,180,0,0,239943
0,0,0,0.5,-0.1511,180,0,0,239961
-1,0,0,0.5,-0.1511,180,0,0,239976
1,0,1,0.5,-0.1511,180,0,1,239995
-5,1,-1,0.5,-0.150965,180,0,1,240010
0,1,0,0.5,-0.15083,180,0,1,240026
0,1,1,0.5,-0.150695,180,0,1,240043
0,1,0,0.5,-0.15056,180,0,0,240060
0,1,1,0.5,-0.150425,180,0,0,240078
0,1,1,0.5,-0.15029,180,0,0,240093
0,0,1,0.5,-0.15029,180,0,0,240110
0,0,0,0.5,-0.15029,180,0,0,240126
0,1,1,0.5,-0.150155,180,0,1,240143
0,1,1,0.5,-0.15002,180,0,1,240160
0,1,1,0.5,-0.149885,180,0,1,240176
0,3,1,0.5,-0.14948,180,0,0,240193
0,0,0,0.5,-0.14948,180,0,0,240209
0,0,0,0.5,-0.14948,180,0,0,240226
0,1,1,0.5,-0.149345,180,0,0,240243
0,0,0,0.5,-0.149345,180,0,0,240259
0,1,1,0.5,-0.14921,180,0,1,240276
0,1,1,0.5,-0.149075,180,0,1,240293
0,0,1,0.5,-0.149075,180,0,1,240310
0,1,1,0.5,-0.14894,180,0,1,240327
0,1,0,0.5,-0.148805,180,0,0,240343
2,1,3,0.5,-0.14867,180,0,0,240360
0,2,1,0.5,-0.1484,180,0,0,240379
0,0,1,0.5,-0.1484,180,0,0,240393
0,1,0,0.5,-0.148265,180,0,0,240410
0,0,0,0.5,-0.148265,180,0,1,240427
0,1,1,0.5,-0.14813,180,0,1,240443
0,0,1,0.5,-0.14813,180,0,1,240460
0,2,1,0.5,-0.14786,180,0,1,240478
0,2,1,0.5,-0.14759,180,0,0,240493
-3,0,0,0.5,-0.14759,180,0,0,240510
0,1,1,0.5,-0.147455,180,0,0,240528
-2,0,0,0.5,-0.147455,180,0,0,240543
2,1,2,0.5,-0.14732,180,0,0,240560
0,0,1,0.5,-0.14732,180,0,1,240578
0,2,1,0.5,-0.14705,180,0,1,240593
0,1,1,0.5,-0.146915,180,0,1,240610
0,1,1,0.5,-0.14678,180,0,1,240628
0,0,0,0.5,-0.14678,180,0,0,240643
0,1,1,0.5,-0.146645,180,0,0,240660
0,1,0,0.5,-0.14651,180,0,0,240677
0,0,1,0.5,-0.14651,180,0,0,240693
0,0,1,0.5,-0.14651,180,0,0,240710
0,1,0,0.5,-0.146375,180,0,0,240727
0,0,1,0.5,-0.146375,180,0,1,240743
0,1,0,0.5,-0.14624,180,0,1,240760
0,0,1,0.5,-0.14624,180,0,1,240776
0,1,0,0.5,-0.146105,180,0,1,240793
0,1,1,0.5,-0.14597,180,0,0,240811
0,1,0,0.5,-0.145835,180,0,0,240826
0,1,0,0.5,-0.1457,180,0,0,240844
0,0,0,0.5,-0.1457,180,0,0,240859
0,1,0,0.5,-0.145565,180,0,0,240876
0,1,0,0.5,-0.14543,180,0,1,240893
0,0,1,0.5,-0.14543,180,0,1,240911
0,1,0,0.5,-0.145295,180,0,1,240926
0,0,1,0.5,-0.145295,180,0,1,240943
0,0,0,0.5,-0.145295,180,0,1,240960
0,1,0,0.5,-0.14516,180,0,0,240977
0,0,0,0.5,-0.14516,180,0,0,240993
0,0,0,0.5,-0.14516,180,0,0,241009
0,1,0,0.5,-0.145025,180,0,0,241027
0,0,0,0.5,-0.145025,180,0,0,241043
0,0,0,0.5,-0.145025,180,0,0,241059
0,0,0,0.5,-0.145025,180,0,1,241076
0,1,0,0.5,-0.14489,180,0,1,241093
0,0,0,0.5,-0.14489,180,0,1,241109
0,1,0,0.5,-0.144755,180,0,0,241127
0,0,0,0.5,-0.144755,180,0,0,241142
0,0,0,0.5,-0.144755,180,0,0,241159
0,0,0,0.5,-0.144755,180,0,0,241176
0,1,0,0.5,-0.14462,180,0,0,241193
0,0,0,0.5,-0.14462,180,0,0,241209
0,0,0,0.5,-0.14462,180,0,1,241226
0,1,0,0.5,-0.144485,180,0,1,241243
0,0,0,0.5,-0.144485,180,0,1,241259
0,1,0,0.5,-0.14435,180,0,1,241276
0,0,0,0.5,-0.14435,180,0,0,241293
0,0,0,0.5,-0.14435,180,0,0,241309
0,0,0,0.5,-0.14435,180,0,0,241326
0,0,0,0.5,-0.14435,180,0,0,241342
0,0,0,0.5,-0.14435,180,0,0,241359
0,0,0,0.5,-0.14435,180,0,0,241376
0,0,0,0.5,-0.14435,180,0,0,241392
0,0,0,0.5,-0.14435,180,0,1,241409
0,0,0,0.5,-0.14435,180,0,1,241426
0,0,0,0.5,-0.14435,180,0,1,241442
0,0,0,0.5,-0.14435,180,0,1,241459
0,0,0,0.5,-0.14435,180,0,0,241476
0,0,0,0.5,-0.14435,180,0,0,241492
0,0,0,0.5,-0.14435,180,0,0,241509
0,0,0,0.5,-0.14435,180,0,0,241526
0,0,-1,0.5,-0.14435,180,0,0,241543
0,0,0,0.5,-0.14435,180,0,0,241559
0,0,0,0.5,-0.14435,180,0,1,241576
0,0,0,0.5,-0.14435,180,0,1,241592
0,0,0,0.5,-0.14435,180,0,1,241609
0,0,0,0.5,-0.14435,180,0,1,241626
0,0,0,0.5,-0.14435,180,0,0,241643
0,-1,0,0.5,-0.144485,180,0,0,241661
0,0,0,0.5,-0.144485,180,0,0,241677
0,0,0,0.5,-0.144485,180,0,0,241693
0,0,0,0.5,-0.144485,180,0,0,241709
0,-1,0,0.5,-0.14462,180,0,0,241727
0,0,0,0.5,-0.14462,180,0,0,241742
0,0,0,0.5,-0.14462,180,0,1,241759
0,0,0,0.5,-0.14462,180,0,1,241776
0,0,0,0.5,-0.14462,180,0,1,241792
0,0,0,0.5,-0.14462,180,0,1,241809
0,0,0,0.5,-0.14462,180,0,1,241826
0,0,0,0.5,-0.14462,180,0,0,241843
0,0,0,0.5,-0.14462,180,0,0,241859
0,0,0,0.5,-0.14462,180,0,0,241876
0,1,0,0.5,-0.144485,180,0,0,241893
0,0,0,0.5,-0.144485,180,0,0,241909
0,0,0,0.5,-0.144485,180,0,1,241926
0,0,0,0.5,-0.144485,180,0,1,241942
0,0,0,0.5,-0.144485,180,0,1,241959
0,0,0,0.5,-0.144485,180,0,1,241976
0,0,0,0.5,-0.144485,180,0,0,241993
0,0,0,0.5,-0.144485,180,0,0,242009
0,-1,0,0.5,-0.14462,180,0,0,242026
0,0,0,0.5,-0.14462,180,0,0,242043
0,0,0,0.5,-0.14462,180,0,0,242059
0,0,0,0.5,-0.14462,180,0,0,242076
0,0,0,0.5,-0.14462,180,0,1,242093
0,0,0,0.5,-0.14462,180,0,1,242109
0,0,0,0.5,-0.14462,180,0,1,242126
0,0,0,0.5,-0.14462,180,0,0,242143
0,0,0,0.5,-0.14462,180,0,0,242159
0,0,0,0.5,-0.14462,180,0,0,242176
0,0,0,0.5,-0.14462,180,0,0,242193
0,0,0,0.5,-0.14462,180,0,0,242209
0,-1,0,0.5,-0.144755,180,0,0,242227
0,0,0,0.5,-0.144755,180,0,1,242243
0,0,0,0.5,-0.144755,180,0,1,242259
0,0,0,0.5,-0.144755,180,0,1,242276
0,0,0,0.5,-0.144755,180,0,1,242292
0,0,0,0.5,-0.144755,180,0,0,242309
0,0,0,0.5,-0.144755,180,0,0,242326
1,0,0,0.5,-0.144755,180,0,0,242343
0,0,0,0.5,-0.144755,180,0,0,242359
-2,0,0,0.5,-0.144755,180,0,0,242376
0,0,0,0.5,-0.144755,180,0,0,242392
0,0,0,0.5,-0.144755,180,0,1,242409
-1,0,-1,0.5,-0.144755,180,0,1,242426
0,0,0,0.5,-0.144755,180,0,1,242442
0,0,0,0.5,-0.144755,180,0,1,242459
0,0,0,0.5,-0.144755,180,0,0,242476
0,0,0,0.5,-0.144755,180,0,0,242493
0,0,0,0.5,-0.144755,180,0,0,242509
0,0,0,0.5,-0.144755,180,0,0,242526
0,0,0,0.5,-0.144755,180,0,0,242542
0,0,0,0.5,-0.144755,180,0,1,242559
0,0,0,0.5,-0.144755,180,0,1,242576
0,1,0,0.5,-0.14462,180,0,1,242593
0,0,0,0.5,-0.14462,180,0,1,242609
0,0,0,0.5,-0.14462,180,0,0,242626
0,0,0,0.5,-0.14462,180,0,0,242642
0,0,0,0.5,-0.14462,180,0,0,242659
0,0,0,0.5,-0.14462,180,0,0,242676
0,0,0,0.5,-0.14462,180,0,0,242692
0,-1,0,0.5,-0.144755,180,0,1,242710
0,0,0,0.5,-0.144755,180,0,1,242726
0,0,0,0.5,-0.144755,180,0,1,242742
0,0,0,0.5,-0.144755,180,0,1,242759
0,1,0,0.5,-0.14462,180,0,1,242776
0,0,0,0.5,-0.14462,180,0,0,242792
0,0,0,0.5,-0.14462,180,0,0,242809
0,0,0,0.5,-0.14462,180,0,0,242826
0,0,0,0.5,-0.14462,180,0,0,242842
0,0,0,0.5,-0.14462,180,0,0,242859
0,0,0,0.5,-0.14462,180,0,1,242876
0,0,0,0.5,-0.14462,180,0,1,242892
0,0,0,0.5,-0.14462,180,0,1,242909
0,1,0,0.5,-0.144485,180,0,1,242926
0,0,0,0.5,-0.144485,180,0,0,242942
0,0,0,0.5,-0.144485,180,0,0,242959
0,0,0,0.5,-0.144485,180,0,0,242976
0,0,0,0.5,-0.144485,180,0,0,242992
0,0,0,0.5,-0.144485,180,0,0,243009
0,0,0,0.5,-0.144485,180,0,1,243026
0,0,0,0.5,-0.144485,180,0,1,243042
0,1,0,0.5,-0.14435,180,0,1,243060
0,0,0,0.5,-0.14435,180,0,1,243076
0,0,0,0.5,-0.14435,180,0,0,243093
0,0,0,0.5,-0.14435,180,0,0,243109
0,0,0,0.5,-0.14435,180,0,0,243126
0,0,0,0.5,-0.14435,180,0,0,243142
0,0,0,0.5,-0.14435,180,0,0,243159
0,0,0,0.5,-0.14435,180,0,1,243177
0,0,1,0.5,-0.14435,180,0,1,243193
0,0,0,0.5,-0.14435,180,0,1,243209
0,1,0,0.5,-0.144215,180,0,1,243226
0,0,0,0.5,-0.144215,180,0,0,243243
0,1,0,0.5,-0.14408,180,0,0,243260
0,0,0,0.5,-0.14408,180,0,0,243276
0,0,0,0.5,-0.14408,180,0,0,243293
0,0,0,0.5,-0.14408,180,0,0,243309
0,0,0,0.5,-0.14408,180,0,1,243326
0,0,0,0.5,-0.14408,180,0,1,243343
0,1,0,0.5,-0.143945,180,0,1,243359
0,2,1,0.5,-0.143675,180,0,1,243377
0,1,0,0.5,-0.14354,180,0,1,243393
0,1,0,0.5,-0.143405,180,0,0,243410
0,0,0,0.5,-0.143405,180,0,0,243426
0,0,0,0.5,-0.143405,180,0,0,243443
0,0,0,0.5,-0.143405,180,0,0,243459
0,-1,0,0.5,-0.14354,180,0,0,243476
0,0,0,0.5,-0.14354,180,0,1,243493
0,0,0,0.5,-0.14354,180,0,1,243509
0,1,0,0.5,-0.143405,180,0,1,243526
0,1,0,0.5,-0.14327,180,0,1,243543
0,1,0,0.5,-0.143135,180,0,1,243560
0,0,0,0.5,-0.143135,180,0,0,243576
0,0,0,0.5,-0.143135,180,0,0,243592
0,0,0,0.5,-0.143135,180,0,0,243609
0,0,0,0.5,-0.143135,180,0,0,243626
0,0,0,0.5,-0.143135,180,0,0,243642
0,0,0,0.5,-0.143135,180,0,1,243660
0,0,0,0.5,-0.143135,180,0,1,243676
0,-1,0,0.5,-0.14327,180,0,1,243692
0,1,0,0.5,-0.143135,180,0,1,243710
0,1,0,0.5,-0.143,180,0,1,243726
0,0,0,0.5,-0.143,180,0,0,243742
0,0,0,0.5,-0.143,180,0,0,243759
0,0,0,0.5,-0.143,180,0,0,243776
0,0,0,0.5,-0.143,180,0,0,243792
0,-1,0,0.5,-0.143135,180,0,0,243810
0,0,0,0.5,-0.143135,180,0,0,243826
0,1,0,0.5,-0.143,180,0,0,243843
0,0,0,0.5,-0.143,180,0,0,243860
0,1,0,0.5,-0.142865,180,0,0,243876
0,0,0,0.5,-0.142865,180,0,1,243893
0,1,0,0.5,-0.14273,180,0,1,243910
0,0,0,0.5,-0.14273,180,0,0,243926
0,0,0,0.5,-0.14273,180,0,0,243942
0,0,0,0.5,-0.14273,180,0,0,243959
0,0,0,0.5,-0.14273,180,0,0,243976
0,0,0,0.5,-0.14273,180,0,0,243992
0,0,0,0.5,-0.14273,180,0,0,244009
0,0,0,0.5,-0.14273,180,0,0,244026
0,-1,0,0.5,-0.142865,180,0,0,244043
0,1,0,0.5,-0.14273,180,0,0,244059
0,0,0,0.5,-0.14273,180,0,0,244076
0,0,0,0.5,-0.14273,180,0,0,244092
0,0,0,0.5,-0.14273,180,0,0,244109
0,0,0,0.5,-0.14273,180,0,0,244126
0,1,0,0.5,-0.142595,180,0,0,244143
0,0,0,0.5,-0.142595,180,0,0,244160
0,0,0,0.5,-0.142595,180,0,0,244176
0,0,0,0.5,-0.142595,180,0,0,244193
0,0,0,0.5,-0.142595,180,0,0,244209
0,0,0,0.5,-0.142595,180,0,0,244226
0,0,0,0.5,-0.142595,180,0,0,244243
0,0,0,0.5,-0.142595,180,0,0,244259
0,0,0,0.5,-0.142595,180,0,0,244276
0,0,0,0.5,-0.142595,180,0,0,244292
0,0,0,0.5,-0.142595,180,0,0,244309
0,0,0,0.5,-0.142595,180,0,0,244326
0,0,0,0.5,-0.142595,180,0,0,244342
0,0,0,0.5,-0.142595,180,0,0,244359
0,0,0,0.5,-0.142595,180,0,0,244376
0,0,0,0.5,-0.142595,180,0,0,244392
0,0,0,0.5,-0.142595,180,0,0,244409
0,0,0,0.5,-0.142595,180,0,0,244426
0,0,0,0.5,-0.142595,180,0,0,244442
0,0,0,0.5,-0.142595,180,0,0,244459
0,0,0,0.5,-0.142595,180,0,0,244476
0,0,0,0.5,-0.142595,180,0,0,244492
0,0,0,0.5,-0.142595,180,0,0,244509
0,1,0,0.5,-0.14246,180,0,0,244526
0,0,0,0.5,-0.14246,180,0,0,244542
0,0,0,0.5,-0.14246,180,0,0,244559
0,0,0,0.5,-0.14246,180,0,0,244576
0,0,0,0.5,-0.14246,180,0,0,244592
0,0,0,0.5,-0.14246,180,0,0,244609
0,0,0,0.5,-0.14246,180,0,0,244626
0,0,0,0.5,-0.14246,180,0,0,244642
0,0,0,0.5,-0.14246,180,0,0,244659
0,0,0,0.5,-0.14246,180,0,0,244676
0,0,0,0.5,-0.14246,180,0,0,244692
0,0,0,0.5,-0.14246,180,0,0,244709
0,0,0,0.5,-0.14246,180,0,0,244726
0,0,0,0.5,-0.14246,180,0,0,244742
0,0,0,0.5,-0.14246,180,0,0,244759
0,0,0,0.5,-0.14246,180,0,0,244776
0,0,0,0.5,-0.14246,180,0,0,244792
0,0,-1,0.5,-0.14246,180,0,0,244809
0,0,0,0.5,-0.14246,180,0,0,244826
0,0,0,0.5,-0.14246,180,0,0,244842
0,0,0,0.5,-0.14246,180,0,0,244860
0,0,0,0.5,-0.14246,180,0,0,244876
0,0,0,0.5,-0.14246,180,0,0,244892
0,0,0,0.5,-0.14246,180,0,0,244909
0,0,0,0.5,-0.14246,180,0,0,244926
0,0,0,0.5,-0.14246,180,0,0,244942
0,-1,0,0.5,-0.142595,180,0,0,244959
0,0,0,0.5,-0.142595,180,0,0,244976
0,0,0,0.5,-0.142595,180,0,0,244992
0,-1,0,0.5,-0.14273,180,0,0,245009
0,0,0,0.5,-0.14273,180,0,0,245026
0,0,0,0.5,-0.14273,180,0,0,245042
0,0,0,0.5,-0.14273,180,0,0,245059
0,0,0,0.5,-0.14273,180,0,0,245076
0,0,0,0.5,-0.14273,180,0,1,245093
0,0,0,0.5,-0.14273,180,0,0,245110
0,-1,0,0.5,-0.142865,180,0,0,245126
0,0,0,0.5,-0.142865,180,0,0,245142
0,0,0,0.5,-0.142865,180,0,0,245159
0,-1,0,0.5,-0.143,180,0,0,245176
0,0,0,0.5,-0.143,180,0,0,245192
0,0,0,0.5,-0.143,180,0,0,245209
0,0,0,0.5,-0.143,180,0,1,245227
0,0,0,0.5,-0.143,180,0,1,245243
0,0,0,0.5,-0.143,180,0,1,245259
0,0,0,0.5,-0.143,180,0,1,245277
0,0,0,0.5,-0.143,180,0,0,245292
0,0,0,0.5,-0.143,180,0,0,245309
0,0,0,0.5,-0.143,180,0,0,245326
0,0,0,0.5,-0.143,180,0,0,245342
0,0,0,0.5,-0.143,180,0,1,245359
0,0,1,0.5,-0.143,180,0,1,245376
0,1,0,0.5,-0.142865,180,0,1,245393
0,2,0,0.5,-0.142595,180,0,1,245409
0,1,0,0.5,-0.14246,180,0,1,245426
0,0,0,0.5,-0.14246,180,0,1,245442
0,0,0,0.5,-0.14246,180,0,0,245459
0,0,0,0.5,-0.14246,180,0,0,245476
0,0,0,0.5,-0.14246,180,0,0,245492
0,0,0,0.5,-0.14246,180,0,0,245509
0,0,0,0.5,-0.14246,180,0,1,245526
0,2,0,0.5,-0.14219,180,0,1,245542
0,3,0,0.5,-0.141785,180,0,1,245559
0,2,0,0.5,-0.141515,180,0,1,245576
0,2,0,0.5,-0.141245,180,0,1,245592
0,0,0,0.5,-0.141245,180,0,1,245609
0,0,0,0.5,-0.141245,180,0,0,245626
0,0,0,0.5,-0.141245,180,0,0,245642
-1,0,0,0.5,-0.141245,180,0,0,245659
0,0,0,0.5,-0.141245,180,0,0,245676
0,0,0,0.5,-0.141245,180,0,1,245692
0,0,0,0.5,-0.141245,180,0,1,245709
0,0,0,0.5,-0.141245,180,0,1,245726
0,0,0,0.5,-0.141245,180,0,1,245742
0,0,0,0.5,-0.141245,180,0,1,245759
0,-6,0,0.5,-0.142055,180,0,1,245776
0,-8,0,0.5,-0.143135,180,0,1,245792
0,-12,0,0.5,-0.144755,180,0,0,245809
0,-12,0,0.5,-0.146375,180,0,0,245826
0,-12,0,0.5,-0.147995,180,0,0,245842
0,-11,0,0.5,-0.14948,180,0,0,245859
0,-5,0,0.5,-0.150155,180,0,0,245876
0,-4,0,0.5,-0.150695,180,0,0,245892
0,-1,0,0.5,-0.15083,180,0,0,245909
0,-1,0,0.5,-0.150965,180,0,0,245926
0,0,0,0.5,-0.150965,180,0,0,245942
0,5,-1,0.5,-0.15029,180,0,0,245959
0,6,0,0.5,-0.14948,180,0,0,245976
0,10,-1,0.5,-0.14813,180,0,0,245993
0,12,0,0.5,-0.14651,180,0,0,246009
0,16,0,0.5,-0.14435,180,0,0,246027
0,18,0,0.5,-0.14192,180,0,0,246043
0,20,0,0.5,-0.13922,180,0,0,246059
0,22,0,0.5,-0.13625,180,0,0,246077
0,24,0,0.5,-0.13301,180,0,0,246093
0,30,0,0.5,-0.12896,180,0,0,246109
0,38,-1,0.5,-0.12383,180,0,0,246127
0,43,-3,0.5,-0.118025,180,0,0,246143
0,87,-10,0.5,-0.10628,180,0,0,246161
0,33,-12,0.5,-0.101825,180,0,0,246178
2,28,-8,0.5,-0.098045,180,0,0,246196
0,28,-8,0.5,-0.094265,180,0,0,246211
0,27,-8,0.5,-0.09062,180,0,0,246228
0,22,-7,0.5,-0.08765,180,0,0,246247
1,18,-7,0.5,-0.08522,180,0,0,246261
0,16,-7,0.5,-0.08306,180,0,0,246277
0,12,-4,0.5,-0.08144,180,0,0,246295
0,11,-6,0.5,-0.079955,180,0,0,246310
0,11,-4,0.5,-0.07847,180,0,0,246328
0,7,-5,0.5,-0.077525,180,0,0,246345
0,5,-6,0.5,-0.07685,180,0,0,246363
1,1,-4,0.5,-0.076715,180,0,0,246377
0,-1,-5,0.5,-0.07685,180,0,0,246394
-1,-3,-5,0.5,-0.077255,180,0,0,246410
1,-5,-3,0.5,-0.07793,180,0,0,246427
0,-4,-4,0.5,-0.07847,180,0,0,246444
0,-4,-5,0.5,-0.07901,180,0,0,246460
0,-3,-6,0.5,-0.079415,180,0,0,246477
0,-3,-5,0.5,-0.07982,180,0,0,246495
0,0,-6,0.5,-0.07982,180,0,0,246510
0,5,-6,0.5,-0.079145,180,0,0,246527
0,22,-10,0.5,-0.076175,180,0,0,246548
0,0,0,0.5,-0.076175,180,0,0,246559
0,42,-9,0.5,-0.070505,180,0,0,246579
-1,27,-5,0.5,-0.06686,180,0,0,246595
1,33,-5,0.5,-0.062405,180,0,0,246611
0,35,-7,0.5,-0.05768,180,0,0,246628
0,39,-6,0.5,-0.052415,180,0,0,246646
0,43,-7,0.5,-0.04661,180,0,0,246661
0,45,-7,0.5,-0.040535,180,0,0,246678
0,32,-5,0.5,-0.036215,180,0,0,246695
1,45,-10,0.5,-0.03014,180,0,0,246711
0,40,-10,0.5,-0.02474,180,0,0,246729
0,34,-10,0.5,-0.02015,180,0,0,246747
0,24,-9,0.5,-0.01691,180,0,0,246761
0,15,-7,0.5,-0.014885,180,0,0,246778
0,8,-7,0.5,-0.013805,180,0,0,246795
0,3,-8,0.5,-0.0134,180,0,0,246812
0,2,-7,0.5,-0.01313,180,0,0,246828
0,5,-7,0.5,-0.012455,180,0,0,246845
1,13,-6,0.5,-0.0107,180,0,0,246863
0,20,-6,0.5,-0.008,180,0,0,246877
0,30,-8,0.5,-0.00395,180,0,0,246898
0,33,-10,0.5,0.000505,180,0,0,246912
0,33,-11,0.5,0.00496,180,0,0,246928
0,36,-12,0.5,0.00982,180,0,0,246946
-1,57,-8,0.5,0.017515,180,0,0,246964
0,22,-12,0.5,0.020485,180,0,0,246982
0,23,-5,0.5,0.02359,180,0,0,246994
0,30,-5,0.5,0.02764,180,0,0,247012
0,30,-3,0.5,0.03169,180,0,0,247027
0,36,-2,0.5,0.03655,180,0,0,247044
2,34,-3,0.5,0.04114,180,0,0,247060
0,26,-6,0.5,0.04465,180,0,0,247078
0,29,-10,0.5,0.048565,180,0,0,247096
0,29,-13,0.5,0.05248,180,0,0,247114
0,22,-12,0.5,0.05545,180,0,0,247128
0,17,-9,0.5,0.057745,180,0,0,247146
0,19,-6,0.5,0.06031,180,0,0,247161
-1,18,-7,0.5,0.06274,180,0,0,247179
0,21,-9,0.5,0.065575,180,0,0,247196
0,28,-8,0.5,0.069355,180,0,0,247212
4,32,-6,0.5,0.073675,180,0,0,247228
0,39,-5,0.5,0.07894,180,0,0,247244
0,40,-4,0.5,0.08434,180,0,0,247261
0,44,-7,0.5,0.09028,180,0,0,247278
1,37,-11,0.5,0.095275,180,0,0,247298
0,33,-11,0.5,0.09973,180,0,0,247313
0,24,-6,0.5,0.10297,180,0,0,247328
0,20,-2,0.5,0.10567,180,0,0,247343
0,20,0,0.5,0.10837,180,0,0,247359
0,47,0,0.5,0.114715,180,0,0,247377
0,29,2,0.5,0.11863,180,0,0,247393
0,31,4,0.5,0.122815,180,0,0,247410
0,31,3,0.5,0.127,180,0,0,247427
0,29,1,0.5,0.130915,180,0,0,247443
0,30,0,0.5,0.134965,180,0,0,247459
0,29,-1,0.5,0.13888,180,0,0,247476
0,31,-2,0.5,0.143065,180,0,0,247493
1,27,-2,0.5,0.14671,180,0,0,247513
0,22,0,0.5,0.14968,180,0,0,247526
0,24,3,0.5,0.15292,180,0,0,247544
0,25,4,0.5,0.156295,180,0,0,247564
0,29,6,0.5,0.16021,180,0,0,247577
0,32,9,0.5,0.16453,180,0,0,247595
0,34,9,0.5,0.16912,180,0,0,247614
-3,33,8,0.5,0.173575,180,0,0,247628
-1,31,8,0.5,0.17776,180,0,0,247644
0,29,7,0.5,0.181675,180,0,0,247660
0,28,6,0.5,0.185455,180,0,0,247677
-1,27,3,0.5,0.1891,180,0,0,247693
3,26,3,0.5,0.19261,180,0,0,247710
0,31,5,0.5,0.196795,180,0,0,247728
0,27,8,0.5,0.20044,180,0,0,247747
0,24,11,0.5,0.20368,180,0,0,247762
0,32,21,0.5,0.208,180,0,0,247781
5,13,7,0.5,0.209755,180,0,0,247794
-1,16,5,0.5,0.211915,180,0,0,247810
0,16,5,0.5,0.214075,180,0,0,247827
0,15,6,0.5,0.2161,180,0,0,247847
1,14,6,0.5,0.21799,180,0,0,247861
-1,17,8,0.5,0.220285,180,0,0,247878
1,22,5,0.5,0.223255,180,0,0,247894
-2,30,3,0.5,0.227305,180,0,0,247912
3,39,4,0.5,0.23257,180,0,0,247927
0,40,3,0.5,0.23797,180,0,0,247944
1,38,7,0.5,0.2431,180,0,0,247963
-5,33,5,0.5,0.247555,180,0,0,247977
0,26,8,0.5,0.251065,180,0,0,247995
0,22,6,0.5,0.254035,180,0,0,248011
0,25,2,0.5,0.25741,180,0,0,248027
0,29,0,0.5,0.261325,180,0,0,248042
0,31,0,0.5,0.26551,180,0,0,248059
0,35,-1,0.5,0.270235,180,0,0,248076
1,34,1,0.5,0.274825,180,0,0,248093
1,34,0,0.5,0.279415,180,0,0,248109
0,25,1,0.5,0.28279,180,0,0,248127
0,9,0,0.5,0.284005,180,0,0,248143
0,2,-2,0.5,0.284275,180,0,0,248160
0,-6,-4,0.5,0.283465,180,0,0,248177
0,-28,-7,0.5,0.279685,180,0,0,248194
0,-20,-3,0.5,0.276985,180,0,0,248214
0,-20,-3,0.5,0.274285,180,0,0,248227
0,-19,-3,0.5,0.27172,180,0,0,248245
0,-13,-3,0.5,0.269965,180,0,0,248261
0,-8,-2,0.5,0.268885,180,0,0,248276
0,-2,-2,0.5,0.268615,180,0,0,248294
0,4,-2,0.5,0.269155,180,0,0,248310
0,7,-2,0.5,0.2701,180,0,0,248327
0,10,-3,0.5,0.27145,180,0,0,248344
0,12,-4,0.5,0.27307,180,0,0,248361
0,15,-5,0.5,0.275095,180,0,0,248382
0,17,-5,0.5,0.27739,180,0,0,248395
0,20,-5,0.5,0.28009,180,0,0,248412
0,19,-5,0.5,0.282655,180,0,0,248427
0,15,-3,0.5,0.28468,180,0,0,248443
1,11,-4,0.5,0.286165,180,0,0,248460
0,10,-2,0.5,0.287515,180,0,0,248476
1,13,-2,0.5,0.28927,180,0,0,248493
0,24,0,0.5,0.29251,180,0,0,248509
0,35,1,0.5,0.297235,180,0,0,248526
0,40,0,0.5,0.302635,180,0,0,248543
0,41,0,0.5,0.30817,180,0,0,248559
0,82,-1,0.5,0.31924,180,0,0,248576
0,33,-2,0.5,0.323695,180,0,0,248594
0,28,-1,0.5,0.327475,180,0,0,248610
0,23,0,0.5,0.33058,180,0,0,248626
0,14,0,0.5,0.33247,180,0,0,248643
0,8,2,0.5,0.33355,180,0,0,248660
0,3,1,0.5,0.333955,180,0,0,248676
0,1,2,0.5,0.33409,180,0,0,248694
0,-1,2,0.5,0.333955,180,0,0,248711
0,-2,2,0.5,0.333685,180,0,0,248726
0,-2,2,0.5,0.333415,180,0,0,248743
0,1,2,0.5,0.33355,180,0,0,248760
0,3,2,0.5,0.333955,180,0,0,248776
0,4,2,0.5,0.334495,180,0,0,248795
1,2,1,0.5,0.334765,180,0,0,248810
1,1,2,0.5,0.3349,180,0,0,248826
0,-1,1,0.5,0.334765,180,0,0,248843
1,-3,1,0.5,0.33436,180,0,0,248860
0,-6,2,0.5,0.33355,180,0,0,248876
0,-9,2,0.5,0.332335,180,0,0,248893
0,-7,3,0.5,0.33139,180,0,0,248910
0,-6,4,0.5,0.33058,180,0,0,248928
0,-3,4,0.5,0.330175,180,0,0,248946
0,2,5,0.5,0.330445,180,0,0,248962
0,22,7,0.5,0.333415,180,0,0,248980
0,8,5,0.5,0.334495,180,0,0,248998
0,14,5,0.5,0.336385,180,0,0,249013
0,16,6,0.5,0.338545,180,0,0,249027
0,8,3,0.5,0.339625,180,0,0,249043
0,5,1,0.5,0.3403,180,0,0,249060
0,3,0,0.5,0.340705,180,0,0,249076
0,3,1,0.5,0.34111,180,0,0,249093
0,6,1,0.5,0.34192,180,0,0,249110
0,13,3,0.5,0.343675,180,0,0,249126
0,29,4,0.5,0.34759,180,0,0,249143
0,42,4,0.5,0.35326,180,0,0,249160
0,51,4,0.5,0.360145,180,0,0,249177
0,52,3,0.5,0.367165,180,0,0,249197
0,57,0,0.5,0.37486,180,0,0,249209
0,51,0,0.5,0.381745,180,0,0,249226
0,39,2,0.5,0.38701,180,0,0,249243
0,34,2,0.5,0.3916,180,0,0,249260
0,23,4,0.5,0.394705,180,0,0,249277
0,16,3,0.5,0.396865,180,0,0,249295
0,8,3,0.5,0.397945,180,0,0,249310
0,2,2,0.5,0.398215,180,0,0,249326
0,2,2,0.5,0.398485,180,0,0,249343
0,1,3,0.5,0.39862,180,0,0,249360
0,-2,8,0.5,0.39835,180,0,0,249377
0,-4,5,0.5,0.39781,180,0,0,249396
0,-4,4,0.5,0.39727,180,0,0,249410
0,-5,4,0.5,0.396595,180,0,0,249427
0,-5,3,0.5,0.39592,180,0,0,249444
0,-5,2,0.5,0.395245,180,0,0,249460
0,-6,2,0.5,0.394435,180,0,0,249476
0,-4,1,0.5,0.393895,180,0,0,249493
0,-3,0,0.5,0.39349,180,0,0,249509
0,0,0,0.5,0.39349,180,0,0,249526
0,1,0,0.5,0.393625,180,0,0,249543
0,7,0,0.5,0.39457,180,0,0,249559
0,11,0,0.5,0.396055,180,0,0,249576
0,18,1,0.5,0.398485,180,0,0,249593
0,25,2,0.5,0.40186,180,0,0,249609
0,30,4,0.5,0.40591,180,0,0,249627
0,39,4,0.5,0.411175,180,0,0,249643
0,38,6,0.5,0.416305,180,0,0,249661
0,28,6,0.5,0.420085,180,0,0,249678
0,17,6,0.5,0.42238,180,0,0,249696
0,22,9,0.5,0.42535,180,0,0,249711
0,14,7,0.5,0.42724,180,0,0,249728
0,11,5,0.5,0.428725,180,0,0,249745
0,12,4,0.5,0.430345,180,0,0,249760
0,24,7,0.5,0.433585,180,0,0,249778
0,14,4,0.5,0.435475,180,0,0,249795
0,13,4,0.5,0.43723,180,0,0,249811
0,12,3,0.5,0.43885,180,0,0,249827
0,10,3,0.5,0.4402,180,0,0,249843
0,14,1,0.5,0.44209,180,0,0,249860
0,16,0,0.5,0.44425,180,0,0,249876
0,17,-1,0.5,0.446545,180,0,0,249895
0,20,-1,0.5,0.449245,180,0,0,249910
0,18,1,0.5,0.451675,180,0,0,249926
0,12,0,0.5,0.453295,180,0,0,249943
0,7,3,0.5,0.45424,180,0,0,249960
0,21,8,0.5,0.457075,180,0,0,249978
0,21,10,0.5,0.45991,180,0,0,249998
0,24,10,0.5,0.46315,180,0,0,250014
0,22,11,0.5,0.46612,180,0,0,250028
0,17,10,0.5,0.468415,180,0,0,250047
0,15,10,0.5,0.47044,180,0,0,250062
0,17,9,0.5,0.472735,180,0,0,250078
0,24,8,0.5,0.475975,180,0,0,250097
0,33,7,0.5,0.48043,180,0,0,250111
0,39,6,0.5,0.485695,180,0,0,250128
0,42,6,0.5,0.491365,180,0,0,250144
0,43,6,0.5,0.49717,180,0,0,250161
0,75,20,0.5,0.507295,180,0,0,250181
0,30,10,0.5,0.511345,180,0,0,250196
0,19,15,0.5,0.51391,180,0,0,250215
0,7,9,0.5,0.514855,180,0,0,250228
0,-1,8,0.5,0.51472,180,0,0,250246
0,-7,8,0.5,0.513775,180,0,0,250262
0,-9,6,0.5,0.51256,180,0,0,250279
0,-11,7,0.5,0.511075,180,0,0,250295
0,-9,5,0.5,0.50986,180,0,0,250310
0,-8,5,0.5,0.50878,180,0,0,250328
0,0,2,0.5,0.50878,180,0,0,250343
0,7,2,0.5,0.509725,180,0,0,250360
0,14,2,0.5,0.511615,180,0,0,250377
0,19,4,0.5,0.51418,180,0,0,250396
5,23,9,0.5,0.517285,180,0,0,250415
-6,24,9,0.5,0.520525,180,0,0,250429
0,24,14,0.5,0.523765,180,0,0,250445
0,21,12,0.5,0.5266,180,0,0,250463
0,18,8,0.5,0.52903,180,0,0,250479
0,22,5,0.5,0.532,180,0,0,250494
0,24,3,0.5,0.53524,180,0,0,250510
0,22,3,0.5,0.53821,180,0,0,250528
0,21,2,0.5,0.541045,180,0,0,250543
0,22,2,0.5,0.544015,180,0,0,250560
0,32,1,0.5,0.548335,180,0,0,250577
-1,86,0,0.5,0.559945,180,0,0,250593
0,39,-1,0.5,0.56521,180,0,0,250610
0,38,0,0.5,0.57034,180,0,0,250627
0,35,-1,0.5,0.575065,180,0,0,250643
0,36,-1,0.5,0.579925,180,0,0,250660
0,33,0,0.5,0.58438,180,0,0,250676
1,31,0,0.5,0.588565,180,0,0,250692
-1,29,1,0.5,0.59248,180,0,0,250710
0,33,2,0.5,0.596935,180,0,0,250726
0,28,0,0.5,0.600715,180,0,0,250742
-1,24,0,0.5,0.603955,180,0,0,250759
0,24,0,0.5,0.607195,180,0,0,250777
0,20,0,0.5,0.609895,180,0,0,250792
0,20,1,0.5,0.612595,180,0,0,250809
0,21,2,0.5,0.61543,180,0,0,250827
0,23,2,0.5,0.618535,180,0,0,250843
0,22,3,0.5,0.621505,180,0,0,250860
0,24,4,0.5,0.624745,180,0,0,250877
0,28,7,0.5,0.628525,180,0,0,250895
0,30,7,0.5,0.632575,180,0,0,250914
0,32,8,0.5,0.636895,180,0,0,250928
-2,32,8,0.5,0.641215,180,0,0,250946
0,28,7,0.5,0.644995,180,0,0,250963
3,45,11,0.5,0.65107,180,0,0,250980
0,19,7,0.5,0.653635,180,0,0,250997
0,17,4,0.5,0.65593,180,0,0,251010
0,14,2,0.5,0.65782,180,0,0,251027
0,12,2,0.5,0.65944,180,0,0,251043
0,12,2,0.5,0.66106,180,0,0,251060
0,13,2,0.5,0.662815,180,0,0,251077
0,17,2,0.5,0.66511,180,0,0,251094
0,21,3,0.5,0.667945,180,0,0,251111
0,24,4,0.5,0.671185,180,0,0,251127
0,26,6,0.5,0.674695,180,0,0,251146
0,25,7,0.5,0.67807,180,0,0,251162
0,21,8,0.5,0.680905,180,0,0,251190
0,25,10,0.5,0.68428,180,0,0,251207
0,0,0,0.5,0.68428,180,0,0,251215
0,7,3,0.5,0.685225,180,0,0,251228
-3,4,2,0.5,0.685765,180,0,0,251243
0,2,3,0.5,0.686035,180,0,0,251261
0,1,3,0.5,0.68617,180,0,0,251277
0,-3,4,0.5,0.685765,180,0,0,251293
0,-2,3,0.5,0.685495,180,0,0,251311
0,-2,3,0.5,0.685225,180,0,0,251327
0,0,3,0.5,0.685225,180,0,0,251343
0,6,3,0.5,0.686035,180,0,0,251360
0,9,2,0.5,0.68725,180,0,0,251377
-1,28,4,0.5,0.69103,180,0,0,251394
0,17,1,0.5,0.693325,180,0,0,251411
0,16,2,0.5,0.695485,180,0,0,251427
0,14,2,0.5,0.697375,180,0,0,251443
0,13,2,0.5,0.69913,180,0,0,251460
0,10,4,0.5,0.70048,180,0,0,251477
1,9,5,0.5,0.701695,180,0,0,251494
0,7,4,0.5,0.70264,180,0,0,251510
0,5,5,0.5,0.703315,180,0,0,251527
0,5,4,0.5,0.70399,180,0,0,251543
0,5,4,0.5,0.704665,180,0,0,251560
0,1,3,0.5,0.7048,180,0,0,251577
0,3,2,0.5,0.705205,180,0,0,251593
0,2,1,0.5,0.705475,180,0,0,251609
0,2,0,0.5,0.705745,180,0,0,251626
0,3,0,0.5,0.70615,180,0,0,251643
0,6,0,0.5,0.70696,180,0,0,251659
0,5,-1,0.5,0.707635,180,0,0,251676
0,7,-2,0.5,0.70858,180,0,0,251693
0,6,-2,0.5,0.70939,180,0,0,251710
0,8,-2,0.5,0.71,180,0,0,251727
