0,43,-14,0.5,-0.704195,180,0,0,79329
0,15,-5,0.5,-0.70217,180,0,0,79346
0,18,-5,0.5,-0.69974,180,0,0,79363
0,0,0,0.5,-0.69974,180,0,0,79370
0,20,-5,0.5,-0.69704,180,0,0,79377
0,22,-6,0.5,-0.69407,180,0,0,79394
0,26,-5,0.5,-0.69056,180,0,0,79410
0,28,-5,0.5,-0.68678,180,0,0,79426
1,25,-5,0.5,-0.683405,180,0,0,79444
0,31,-7,0.5,-0.67922,180,0,0,79461
0,31,-7,0.5,-0.675035,180,0,0,79476
0,34,-7,0.5,-0.670445,180,0,0,79493
0,33,-7,0.5,-0.66599,180,0,0,79511
0,29,-7,0.5,-0.662075,180,0,0,79528
0,26,-7,0.5,-0.658565,180,0,0,79544
0,20,-6,0.5,-0.655865,180,0,0,79560
0,18,-6,0.5,-0.653435,180,0,0,79577
0,17,-5,0.5,-0.65114,180,0,0,79594
1,14,-3,0.5,-0.64925,180,0,0,79610
-3,29,-7,0.5,-0.645335,180,0,0,79627
0,11,-3,0.5,-0.64385,180,0,0,79644
0,7,-6,0.5,-0.642905,180,0,0,79660
0,7,-8,0.5,-0.64196,180,0,0,79677
0,10,-10,0.5,-0.64061,180,0,0,79695
0,12,-9,0.5,-0.63899,180,0,0,79712
0,13,-9,0.5,-0.637235,180,0,0,79727
0,12,-10,0.5,-0.635615,180,0,0,79747
0,10,-6,0.5,-0.634265,180,0,0,79762
-3,9,-7,0.5,-0.63305,180,0,0,79776
3,7,-6,0.5,-0.632105,180,0,0,79793
0,3,-5,0.5,-0.6317,180,0,0,79810
0,4,-4,0.5,-0.63116,180,0,0,79826
0,2,-4,0.5,-0.63089,180,0,0,79843
0,2,-4,0.5,-0.63062,180,0,0,79859
0,4,-4,0.5,-0.63008,180,0,0,79876
0,5,-4,0.5,-0.629405,180,0,0,79893
0,5,-4,0.5,-0.62873,180,0,0,79910
0,4,-4,0.5,-0.62819,180,0,0,79926
0,3,-4,0.5,-0.627785,180,0,0,79943
0,2,-4,0.5,-0.627515,180,0,0,79959
0,2,-4,0.5,-0.627245,180,0,0,79976
0,0,-4,0.5,-0.627245,180,0,0,79995
0,-1,-6,0.5,-0.62738,180,0,0,80010
0,0,-3,0.5,-0.62738,180,0,0,80025
0,-2,-3,0.5,-0.62765,180,0,0,80043
0,-1,-2,0.5,-0.627785,180,0,0,80059
0,-2,-3,0.5,-0.628055,180,0,0,80075
0,-1,-2,0.5,-0.62819,180,0,0,80093
1,-1,-3,0.5,-0.628325,180,0,0,80110
0,-3,-2,0.5,-0.62873,180,0,0,80126
-1,-1,-2,0.5,-0.628865,180,0,0,80142
1,-1,-2,0.5,-0.629,180,0,0,80159
0,-1,-1,0.5,-0.629135,180,0,0,80175
0,-1,-1,0.5,-0.62927,180,0,0,80192
0,0,-1,0.5,-0.62927,180,0,0,80208
1,-1,-2,0.5,-0.629405,180,0,0,80225
0,-1,-2,0.5,-0.62954,180,0,0,80243
0,0,-1,0.5,-0.62954,180,0,0,80258
0,-2,-3,0.5,-0.62981,180,0,0,80276
0,0,-2,0.5,-0.62981,180,0,0,80292
0,0,-3,0.5,-0.62981,180,0,0,80309
0,1,-3,0.5,-0.629675,180,0,0,80325
0,0,-2,0.5,-0.629675,180,0,0,80342
0,0,-3,0.5,-0.629675,180,0,0,80359
0,0,-3,0.5,-0.629675,180,0,0,80376
0,0,-3,0.5,-0.629675,180,0,0,80393
3,0,0,0.5,-0.629675,180,0,0,80408
-3,-1,-6,0.5,-0.62981,180,0,0,80430
0,0,-1,0.5,-0.62981,180,0,0,80442
0,0,-2,0.5,-0.62981,180,0,0,80459
0,0,-2,0.5,-0.62981,180,0,0,80475
0,0,-1,0.5,-0.62981,180,0,0,80492
0,0,-1,0.5,-0.62981,180,0,0,80509
0,-1,-2,0.5,-0.629945,180,0,0,80526
0,1,-1,0.5,-0.62981,180,0,0,80542
0,1,-2,0.5,-0.629675,180,0,0,80559
0,1,-2,0.5,-0.62954,180,0,0,80576
0,1,-2,0.5,-0.629405,180,0,0,80593
0,2,-2,0.5,-0.629135,180,0,0,80609
0,2,-2,0.5,-0.628865,180,0,0,80625
0,2,0,0.5,-0.628595,180,0,0,80641
0,3,-2,0.5,-0.62819,180,0,0,80659
0,3,-2,0.5,-0.627785,180,0,0,80676
0,2,-2,0.5,-0.627515,180,0,0,80692
0,3,-2,0.5,-0.62711,180,0,0,80709
0,3,-1,0.5,-0.626705,180,0,0,80725
0,2,-2,0.5,-0.626435,180,0,0,80742
0,3,-1,0.5,-0.62603,180,0,0,80758
-1,2,-3,0.5,-0.62576,180,0,0,80775
0,1,-1,0.5,-0.625625,180,0,0,80792
0,1,-1,0.5,-0.62549,180,0,0,80808
0,1,-1,0.5,-0.625355,180,0,0,80825
0,1,-2,0.5,-0.62522,180,0,0,80843
0,0,0,0.5,-0.62522,180,0,0,80858
0,0,0,0.5,-0.62522,180,0,0,80875
0,0,0,0.5,-0.62522,180,0,0,80891
0,0,0,0.5,-0.62522,180,0,0,80908
0,0,0,0.5,-0.62522,180,0,0,80925
0,0,0,0.5,-0.62522,180,0,0,80941
0,0,0,0.5,-0.62522,180,0,0,80958
0,0,0,0.5,-0.62522,180,0,0,80974
0,0,0,0.5,-0.62522,180,0,0,80991
0,0,0,0.5,-0.62522,180,0,0,81008
0,0,0,0.5,-0.62522,180,0,0,81024
0,0,0,0.5,-0.62522,180,0,0,81041
0,1,0,0.5,-0.625085,180,0,0,81058
0,0,0,0.5,-0.625085,180,0,0,81074
0,1,0,0.5,-0.62495,180,0,0,81091
0,0,0,0.5,-0.62495,180,0,0,81108
0,1,-1,0.5,-0.624815,180,0,0,81125
0,0,0,0.5,-0.624815,180,0,0,81141
0,0,0,0.5,-0.624815,180,0,0,81158
0,0,0,0.5,-0.624815,180,0,0,81175
0,0,0,0.5,-0.624815,180,0,0,81191
0,0,0,0.5,-0.624815,180,0,0,81208
0,0,0,0.5,-0.624815,180,0,0,81225
0,0,0,0.5,-0.624815,180,0,0,81241
0,0,1,0.5,-0.624815,180,0,0,81258
0,0,0,0.5,-0.624815,180,0,0,81274
0,0,0,0.5,-0.624815,180,0,0,81291
0,0,0,0.5,-0.624815,180,0,0,81308
0,0,0,0.5,-0.624815,180,0,0,81324
0,0,0,0.5,-0.624815,180,0,0,81342
0,0,0,0.5,-0.624815,180,0,0,81358
0,0,0,0.5,-0.624815,180,0,0,81375
0,0,0,0.5,-0.624815,180,0,0,81391
0,1,0,0.5,-0.62468,180,0,0,81409
0,0,0,0.5,-0.62468,180,0,0,81425
0,0,0,0.5,-0.62468,180,0,0,81441
0,0,0,0.5,-0.62468,180,0,0,81458
0,1,1,0.5,-0.624545,180,0,0,81475
0,0,0,0.5,-0.624545,180,0,0,81491
0,1,1,0.5,-0.62441,180,0,0,81509
0,0,0,0.5,-0.62441,180,0,0,81524
0,0,1,0.5,-0.62441,180,0,0,81542
0,0,0,0.5,-0.62441,180,0,0,81558
0,0,0,0.5,-0.62441,180,0,0,81574
0,0,0,0.5,-0.62441,180,0,0,81591
0,0,0,0.5,-0.62441,180,0,0,81608
0,1,0,0.5,-0.624275,180,0,0,81625
0,0,0,0.5,-0.624275,180,0,0,81641
0,1,0,0.5,-0.62414,180,0,0,81658
0,1,0,0.5,-0.624005,180,0,0,81674
0,0,0,0.5,-0.624005,180,0,0,81691
0,0,0,0.5,-0.624005,180,0,0,81708
0,1,1,0.5,-0.62387,180,0,0,81725
0,0,1,0.5,-0.62387,180,0,0,81742
0,0,1,0.5,-0.62387,180,0,0,81759
-2,1,-1,0.5,-0.623735,180,0,0,81775
-1,1,1,0.5,-0.6236,180,0,0,81792
-1,0,0,0.5,-0.6236,180,0,0,81808
1,0,1,0.5,-0.6236,180,0,0,81825
0,1,0,0.5,-0.623465,180,0,0,81842
0,0,0,0.5,-0.623465,180,0,0,81858
5,0,3,0.5,-0.623465,180,0,0,81875
0,0,1,0.5,-0.623465,180,0,0,81892
0,1,0,0.5,-0.62333,180,0,0,81909
-6,0,-1,0.5,-0.62333,180,0,0,81925
0,1,2,0.5,-0.623195,180,0,0,81942
0,0,0,0.5,-0.623195,180,0,0,81958
-1,0,0,0.5,-0.623195,180,0,0,81977
-1,1,0,0.5,-0.62306,180,0,0,81991
0,1,2,0.5,-0.622925,180,0,0,82010
0,1,1,0.5,-0.62279,180,0,0,82025
0,1,1,0.5,-0.622655,180,0,0,82042
0,0,0,0.5,-0.622655,180,0,0,82059
0,1,1,0.5,-0.62252,180,0,0,82075
0,0,1,0.5,-0.62252,180,0,0,82093
0,1,0,0.5,-0.622385,180,0,0,82108
0,0,1,0.5,-0.622385,180,0,0,82125
0,0,0,0.5,-0.622385,180,0,0,82141
0,1,0,0.5,-0.62225,180,0,0,82159
0,0,0,0.5,-0.62225,180,0,0,82174
0,1,1,0.5,-0.622115,180,0,0,82192
0,0,1,0.5,-0.622115,180,0,0,82213
-1,1,1,0.5,-0.62198,180,0,0,82226
1,2,1,0.5,-0.62171,180,0,0,82243
0,0,1,0.5,-0.62171,180,0,0,82258
-2,1,0,0.5,-0.621575,180,0,0,82275
0,0,1,0.5,-0.621575,180,0,0,82292
2,2,1,0.5,-0.621305,180,0,0,82308
0,0,3,0.5,-0.621305,180,0,0,82327
0,1,1,0.5,-0.62117,180,0,0,82342
0,1,1,0.5,-0.621035,180,0,0,82360
0,0,0,0.5,-0.621035,180,0,0,82374
0,1,1,0.5,-0.6209,180,0,0,82393
0,0,0,0.5,-0.6209,180,0,0,82408
0,2,2,0.5,-0.62063,180,0,0,82425
0,1,0,0.5,-0.620495,180,0,0,82442
0,1,1,0.5,-0.62036,180,0,0,82461
0,0,0,0.5,-0.62036,180,0,0,82475
0,1,0,0.5,-0.620225,180,0,0,82492
0,0,1,0.5,-0.620225,180,0,0,82509
0,1,1,0.5,-0.62009,180,0,0,82525
0,1,1,0.5,-0.619955,180,0,0,82542
0,0,1,0.5,-0.619955,180,0,0,82558
0,1,0,0.5,-0.61982,180,0,0,82575
0,0,0,0.5,-0.61982,180,0,0,82591
0,1,1,0.5,-0.619685,180,0,0,82609
0,0,1,0.5,-0.619685,180,0,0,82625
0,0,1,0.5,-0.619685,180,0,0,82642
-1,1,1,0.5,-0.61955,180,0,0,82658
0,0,0,0.5,-0.61955,180,0,0,82674
0,1,0,0.5,-0.619415,180,0,0,82692
0,1,1,0.5,-0.61928,180,0,0,82710
0,0,0,0.5,-0.61928,180,0,0,82724
0,0,0,0.5,-0.61928,180,0,0,82741
0,1,0,0.5,-0.619145,180,0,0,82759
0,0,1,0.5,-0.619145,180,0,0,82775
0,1,0,0.5,-0.61901,180,0,0,82791
0,0,1,0.5,-0.61901,180,0,0,82810
0,2,1,0.5,-0.61874,180,0,0,82825
0,0,0,0.5,-0.61874,180,0,0,82842
0,1,0,0.5,-0.618605,180,0,0,82859
0,0,1,0.5,-0.618605,180,0,0,82875
0,0,0,0.5,-0.618605,180,0,0,82891
0,1,0,0.5,-0.61847,180,0,0,82909
0,0,0,0.5,-0.61847,180,0,0,82924
0,1,0,0.5,-0.618335,180,0,0,82942
0,0,0,0.5,-0.618335,180,0,0,82958
0,0,0,0.5,-0.618335,180,0,0,82975
0,0,0,0.5,-0.618335,180,0,0,82991
0,1,0,0.5,-0.6182,180,0,0,83008
0,0,0,0.5,-0.6182,180,0,0,83024
0,0,1,0.5,-0.6182,180,0,0,83042
0,1,0,0.5,-0.618065,180,0,0,83058
0,0,1,0.5,-0.618065,180,0,0,83075
0,1,0,0.5,-0.61793,180,0,0,83091
0,0,0,0.5,-0.61793,180,0,0,83108
0,1,0,0.5,-0.617795,180,0,0,83125
0,0,0,0.5,-0.617795,180,0,0,83142
0,0,0,0.5,-0.617795,180,0,0,83158
0,1,0,0.5,-0.61766,180,0,0,83174
0,0,0,0.5,-0.61766,180,0,0,83192
0,0,0,0.5,-0.61766,180,0,0,83208
0,0,0,0.5,-0.61766,180,0,0,83224
0,0,0,0.5,-0.61766,180,0,0,83241
-1,-1,0,0.5,-0.617795,180,0,0,83258
0,0,0,0.5,-0.617795,180,0,0,83274
0,0,0,0.5,-0.617795,180,0,0,83291
-1,1,0,0.5,-0.61766,180,0,0,83308
0,2,0,0.5,-0.61739,180,0,0,83324
-1,4,1,0.5,-0.61685,180,0,0,83342
0,4,1,0.5,-0.61631,180,0,0,83358
1,6,2,0.5,-0.6155,180,0,0,83375
0,5,2,0.5,-0.614825,180,0,0,83392
0,7,3,0.5,-0.61388,180,0,0,83409
0,6,3,0.5,-0.61307,180,0,0,83425
0,7,3,0.5,-0.612125,180,0,0,83444
-1,7,3,0.5,-0.61118,180,0,0,83459
0,5,4,0.5,-0.610505,180,0,0,83476
0,6,6,0.5,-0.609695,180,0,0,83494
0,9,7,0.5,-0.60848,180,0,0,83512
0,11,9,0.5,-0.606995,180,0,0,83529
0,12,8,0.5,-0.605375,180,0,0,83547
0,12,8,0.5,-0.603755,180,0,0,83561
2,11,7,0.5,-0.60227,180,0,0,83577
0,10,5,0.5,-0.60092,180,0,0,83593
0,8,4,0.5,-0.59984,180,0,0,83609
-1,12,3,0.5,-0.59822,180,0,0,83627
0,36,3,0.5,-0.59336,180,0,0,83644
0,23,0,0.5,-0.590255,180,0,0,83658
0,24,0,0.5,-0.587015,180,0,0,83674
0,26,1,0.5,-0.583505,180,0,0,83692
0,22,3,0.5,-0.580535,180,0,0,83709
0,21,4,0.5,-0.5777,180,0,0,83728
0,25,5,0.5,-0.574325,180,0,0,83743
1,32,6,0.5,-0.570005,180,0,0,83760
0,33,4,0.5,-0.56555,180,0,0,83778
0,29,1,0.5,-0.561635,180,0,0,83798
0,25,0,0.5,-0.55826,180,0,0,83813
0,26,0,0.5,-0.55475,180,0,0,83825
0,27,0,0.5,-0.551105,180,0,0,83841
-1,28,-2,0.5,-0.547325,180,0,0,83859
1,28,-3,0.5,-0.543545,180,0,0,83878
0,32,-3,0.5,-0.539225,180,0,0,83892
1,28,-2,0.5,-0.535445,180,0,0,83909
0,31,-2,0.5,-0.53126,180,0,0,83926
0,28,-2,0.5,-0.52748,180,0,0,83943
0,25,-3,0.5,-0.524105,180,0,0,83960
0,26,-5,0.5,-0.520595,180,0,0,83979
0,28,-5,0.5,-0.516815,180,0,0,83993
0,33,-7,0.5,-0.51236,180,0,0,84010
0,35,-6,0.5,-0.507635,180,0,0,84026
-1,80,-12,0.5,-0.496835,180,0,0,84045
0,0,0,0.5,-0.496835,180,0,0,84058
1,87,-9,0.5,-0.48509,180,0,0,84077
0,46,-3,0.5,-0.47888,180,0,0,84094
1,46,-2,0.5,-0.47267,180,0,0,84109
0,45,-3,0.5,-0.466595,180,0,0,84127
0,49,-4,0.5,-0.45998,180,0,0,84143
0,46,-5,0.5,-0.45377,180,0,0,84159
0,42,-5,0.5,-0.4481,180,0,0,84176
0,41,-4,0.5,-0.442565,180,0,0,84192
0,37,-6,0.5,-0.43757,180,0,0,84210
0,36,-5,0.5,-0.43271,180,0,0,84226
0,34,-6,0.5,-0.42812,180,0,0,84243
0,33,-7,0.5,-0.423665,180,0,0,84260
0,28,-5,0.5,-0.419885,180,0,0,84277
0,27,-6,0.5,-0.41624,180,0,0,84295
0,25,-6,0.5,-0.412865,180,0,0,84310
0,26,-7,0.5,-0.409355,180,0,0,84327
-1,28,-7,0.5,-0.405575,180,0,0,84343
0,30,-6,0.5,-0.401525,180,0,0,84360
0,34,-5,0.5,-0.396935,180,0,0,84376
3,34,-2,0.5,-0.392345,180,0,0,84392
0,34,-4,0.5,-0.387755,180,0,0,84409
0,33,-5,0.5,-0.3833,180,0,0,84426
-4,54,-13,0.5,-0.37601,180,0,0,84446
0,26,-6,0.5,-0.3725,180,0,0,84460
0,28,-6,0.5,-0.36872,180,0,0,84476
3,26,-3,0.5,-0.36521,180,0,0,84492
0,28,-4,0.5,-0.36143,180,0,0,84509
0,27,-4,0.5,-0.357785,180,0,0,84526
1,25,-4,0.5,-0.35441,180,0,0,84542
-1,23,-3,0.5,-0.351305,180,0,0,84559
1,20,-3,0.5,-0.348605,180,0,0,84576
-1,21,-4,0.5,-0.34577,180,0,0,84593
0,17,-3,0.5,-0.343475,180,0,0,84609
0,14,-3,0.5,-0.341585,180,0,1,84627
0,10,-3,0.5,-0.340235,180,0,1,84643
0,5,-3,0.5,-0.33956,180,0,1,84659
0,2,-3,0.5,-0.33929,180,0,0,84676
0,0,-3,0.5,-0.33929,180,0,0,84693
0,-4,-3,0.5,-0.33983,180,0,0,84710
0,-4,-3,0.5,-0.34037,180,0,0,84725
-1,-6,-3,0.5,-0.34118,180,0,0,84742
0,-3,-3,0.5,-0.341585,180,0,0,84762
2,-4,-3,0.5,-0.342125,180,0,0,84775
0,-2,-2,0.5,-0.342395,180,0,0,84793
0,-1,-2,0.5,-0.34253,180,0,0,84809
0,0,-2,0.5,-0.34253,180,0,0,84825
0,0,-1,0.5,-0.34253,180,0,0,84841
0,1,-5,0.5,-0.342395,180,0,0,84860
0,2,-2,0.5,-0.342125,180,0,0,84875
0,1,-3,0.5,-0.34199,180,0,0,84893
0,1,-3,0.5,-0.341855,180,0,0,84910
0,0,-3,0.5,-0.341855,180,0,0,84925
-4,0,-4,0.5,-0.341855,180,0,0,84946
0,0,-3,0.5,-0.341855,180,0,0,84962
0,0,-3,0.5,-0.341855,180,0,0,84975
0,0,-3,0.5,-0.341855,180,0,0,84992
0,0,-3,0.5,-0.341855,180,0,0,85010
0,0,-3,0.5,-0.341855,180,0,0,85025
0,1,-3,0.5,-0.34172,180,0,0,85043
0,0,-3,0.5,-0.34172,180,0,0,85060
0,0,-2,0.5,-0.34172,180,0,0,85075
-1,1,-3,0.5,-0.341585,180,0,0,85092
0,0,-2,0.5,-0.341585,180,0,0,85110
0,1,-3,0.5,-0.34145,180,0,0,85125
0,-1,-3,0.5,-0.341585,180,0,0,85142
0,-1,-3,0.5,-0.34172,180,0,0,85159
0,-1,-4,0.5,-0.341855,180,0,0,85175
4,-1,-2,0.5,-0.34199,180,0,0,85192
1,0,-4,0.5,-0.34199,180,0,0,85211
-2,2,-6,0.5,-0.34172,180,0,0,85226
-2,8,-12,0.5,-0.34064,180,0,0,85249
3,6,-5,0.5,-0.33983,180,0,0,85261
0,8,-5,0.5,-0.33875,180,0,0,85276
2,10,-4,0.5,-0.3374,180,0,0,85293
0,11,-5,0.5,-0.335915,180,0,0,85310
0,13,-5,0.5,-0.33416,180,0,0,85327
0,14,-5,0.5,-0.33227,180,0,0,85343
0,15,-5,0.5,-0.330245,180,0,0,85365
0,14,-6,0.5,-0.328355,180,0,0,85377
0,15,-5,0.5,-0.32633,180,0,1,85395
0,14,-6,0.5,-0.32444,180,0,1,85410
0,15,-5,0.5,-0.322415,180,0,1,85428
0,14,-5,0.5,-0.320525,180,0,1,85444
0,12,-5,0.5,-0.318905,180,0,0,85461
4,12,-2,0.5,-0.317285,180,0,0,85475
0,12,-5,0.5,-0.315665,180,0,0,85494
0,12,-4,0.5,-0.314045,180,0,0,85509
0,13,-3,0.5,-0.31229,180,0,0,85525
0,15,-3,0.5,-0.310265,180,0,0,85542
0,16,-3,0.5,-0.308105,180,0,0,85559
0,18,-2,0.5,-0.305675,180,0,0,85576
0,21,-1,0.5,-0.30284,180,0,0,85592
0,20,0,0.5,-0.30014,180,0,0,85608
0,20,-1,0.5,-0.29744,180,0,0,85625
0,46,-1,0.5,-0.29123,180,0,0,85643
0,11,-1,0.5,-0.289745,180,0,0,85659
1,7,1,0.5,-0.2888,180,0,0,85675
1,25,0,0.5,-0.285425,180,0,0,85691
3,25,0,0.5,-0.28205,180,0,0,85708
0,25,0,0.5,-0.278675,180,0,0,85724
0,22,0,0.5,-0.275705,180,0,0,85741
0,21,0,0.5,-0.27287,180,0,0,85758
0,19,0,0.5,-0.270305,180,0,1,85775
0,16,0,0.5,-0.268145,180,0,1,85791
-2,14,0,0.5,-0.266255,180,0,1,85808
0,12,0,0.5,-0.264635,180,0,1,85824
0,8,0,0.5,-0.263555,180,0,1,85841
0,6,0,0.5,-0.262745,180,0,1,85858
0,3,0,0.5,-0.26234,180,0,0,85874
0,1,-1,0.5,-0.262205,180,0,0,85891
0,-1,-1,0.5,-0.26234,180,0,0,85908
0,-3,-2,0.5,-0.262745,180,0,0,85925
0,-3,-2,0.5,-0.26315,180,0,0,85943
0,-4,-3,0.5,-0.26369,180,0,0,85959
0,-2,-3,0.5,-0.26396,180,0,0,85975
0,-2,-3,0.5,-0.26423,180,0,0,85992
0,0,-3,0.5,-0.26423,180,0,0,86013
0,1,-3,0.5,-0.264095,180,0,0,86026
0,3,-6,0.5,-0.26369,180,0,0,86045
0,3,-2,0.5,-0.263285,180,0,0,86058
0,2,-3,0.5,-0.263015,180,0,0,86075
0,2,-3,0.5,-0.262745,180,0,0,86092
0,3,-3,0.5,-0.26234,180,0,0,86114
0,2,-3,0.5,-0.26207,180,0,0,86127
0,1,-3,0.5,-0.261935,180,0,0,86142
0,1,-2,0.5,-0.2618,180,0,0,86158
0,0,-3,0.5,-0.2618,180,0,0,86176
0,0,-3,0.5,-0.2618,180,0,0,86193
0,0,-2,0.5,-0.2618,180,0,0,86209
0,0,-2,0.5,-0.2618,180,0,0,86226
0,0,-3,0.5,-0.2618,180,0,0,86244
3,-1,-2,0.5,-0.261935,180,0,0,86259
0,0,-2,0.5,-0.261935,180,0,0,86275
0,0,-2,0.5,-0.261935,180,0,0,86295
0,0,-1,0.5,-0.261935,180,0,0,86308
0,0,-1,0.5,-0.261935,180,0,0,86325
0,1,-1,0.5,-0.2618,180,0,0,86341
0,0,-1,0.5,-0.2618,180,0,0,86358
0,-1,-1,0.5,-0.261935,180,0,0,86375
0,0,-1,0.5,-0.261935,180,0,0,86393
0,0,-1,0.5,-0.261935,180,0,0,86408
0,0,-1,0.5,-0.261935,180,0,0,86425
0,-1,-2,0.5,-0.26207,180,0,0,86442
0,0,-1,0.5,-0.26207,180,0,0,86458
0,0,-1,0.5,-0.26207,180,0,0,86474
0,0,-1,0.5,-0.26207,180,0,0,86492
0,-1,-1,0.5,-0.262205,180,0,0,86508
1,1,-1,0.5,-0.26207,180,0,0,86525
0,0,0,0.5,-0.26207,180,0,0,86541
0,0,0,0.5,-0.26207,180,0,0,86558
0,0,-1,0.5,-0.26207,180,0,0,86575
0,0,-2,0.5,-0.26207,180,0,0,86592
0,0,0,0.5,-0.26207,180,0,0,86607
0,0,-1,0.5,-0.26207,180,0,0,86625
0,0,0,0.5,-0.26207,180,0,0,86641
0,0,0,0.5,-0.26207,180,0,0,86657
0,-1,0,0.5,-0.262205,180,0,0,86675
0,-1,0,0.5,-0.26234,180,0,0,86691
0,-1,0,0.5,-0.262475,180,0,0,86708
1,-1,0,0.5,-0.26261,180,0,0,86725
0,0,0,0.5,-0.26261,180,0,0,86741
1,0,0,0.5,-0.26261,180,0,0,86758
0,0,-1,0.5,-0.26261,180,0,0,86774
0,0,0,0.5,-0.26261,180,0,0,86791
0,1,0,0.5,-0.262475,180,0,0,86808
0,0,0,0.5,-0.262475,180,0,0,86824
0,1,0,0.5,-0.26234,180,0,0,86842
0,0,0,0.5,-0.26234,180,0,0,86858
0,0,0,0.5,-0.26234,180,0,0,86874
0,0,0,0.5,-0.26234,180,0,0,86891
-2,0,0,0.5,-0.26234,180,0,0,86908
0,0,0,0.5,-0.26234,180,0,0,86924
2,0,0,0.5,-0.26234,180,0,0,86941
0,0,0,0.5,-0.26234,180,0,0,86957
0,0,0,0.5,-0.26234,180,0,0,86974
0,0,0,0.5,-0.26234,180,0,0,86991
0,0,0,0.5,-0.26234,180,0,0,87007
0,0,0,0.5,-0.26234,180,0,0,87024
0,0,0,0.5,-0.26234,180,0,0,87041
0,0,0,0.5,-0.26234,180,0,0,87057
0,0,0,0.5,-0.26234,180,0,0,87074
0,0,0,0.5,-0.26234,180,0,0,87092
0,0,0,0.5,-0.26234,180,0,0,87107
0,0,0,0.5,-0.26234,180,0,0,87124
0,1,0,0.5,-0.262205,180,0,0,87142
0,0,0,0.5,-0.262205,180,0,0,87158
0,0,0,0.5,-0.262205,180,0,0,87174
0,1,0,0.5,-0.26207,180,0,0,87191
0,0,0,0.5,-0.26207,180,0,0,87207
0,0,0,0.5,-0.26207,180,0,0,87224
0,1,1,0.5,-0.261935,180,0,0,87241
0,0,0,0.5,-0.261935,180,0,0,87257
0,0,0,0.5,-0.261935,180,0,0,87275
-1,0,0,0.5,-0.261935,180,0,0,87292
-1,1,0,0.5,-0.2618,180,0,0,87308
0,0,0,0.5,-0.2618,180,0,0,87324
0,1,0,0.5,-0.261665,180,0,0,87341
0,0,0,0.5,-0.261665,180,0,0,87357
-1,0,0,0.5,-0.261665,180,0,0,87374
0,1,1,0.5,-0.26153,180,0,0,87392
0,0,0,0.5,-0.26153,180,0,0,87407
0,1,0,0.5,-0.261395,180,0,0,87424
0,0,1,0.5,-0.261395,180,0,0,87441
0,0,0,0.5,-0.261395,180,0,0,87457
0,0,1,0.5,-0.261395,180,0,0,87474
0,0,0,0.5,-0.261395,180,0,0,87491
0,1,0,0.5,-0.26126,180,0,0,87508
0,0,1,0.5,-0.26126,180,0,0,87525
0,1,0,0.5,-0.261125,180,0,0,87541
0,0,0,0.5,-0.261125,180,0,0,87557
0,1,0,0.5,-0.26099,180,0,0,87574
0,0,0,0.5,-0.26099,180,0,0,87592
0,0,0,0.5,-0.26099,180,0,0,87608
0,0,0,0.5,-0.26099,180,0,0,87624
0,1,0,0.5,-0.260855,180,0,0,87641
0,0,0,0.5,-0.260855,180,0,0,87657
0,1,1,0.5,-0.26072,180,0,0,87675
0,0,1,0.5,-0.26072,180,0,0,87692
0,1,1,0.5,-0.260585,180,0,0,87708
0,1,1,0.5,-0.26045,180,0,0,87728
0,0,0,0.5,-0.26045,180,0,0,87741
0,1,1,0.5,-0.260315,180,0,0,87758
0,0,1,0.5,-0.260315,180,0,0,87775
2,1,1,0.5,-0.26018,180,0,0,87792
0,0,0,0.5,-0.26018,180,0,0,87807
0,0,0,0.5,-0.26018,180,0,0,87824
0,1,0,0.5,-0.260045,180,0,0,87842
0,0,0,0.5,-0.260045,180,0,0,87857
0,0,0,0.5,-0.260045,180,0,0,87874
0,0,0,0.5,-0.260045,180,0,0,87892
0,1,1,0.5,-0.25991,180,0,0,87908
0,1,1,0.5,-0.259775,180,0,0,87925
0,1,1,0.5,-0.25964,180,0,0,87942
0,0,1,0.5,-0.25964,180,0,0,87958
0,1,1,0.5,-0.259505,180,0,0,87975
0,0,0,0.5,-0.259505,180,0,0,87991
0,0,0,0.5,-0.259505,180,0,0,88007
0,1,1,0.5,-0.25937,180,0,0,88025
0,0,1,0.5,-0.25937,180,0,0,88042
0,1,2,0.5,-0.259235,180,0,0,88058
0,0,0,0.5,-0.259235,180,0,0,88074
0,0,1,0.5,-0.259235,180,0,0,88091
0,1,1,0.5,-0.2591,180,0,0,88108
0,1,0,0.5,-0.258965,180,0,0,88125
0,1,1,0.5,-0.25883,180,0,0,88141
-2,1,1,0.5,-0.258695,180,0,0,88158
-1,0,0,0.5,-0.258695,180,0,0,88175
0,0,1,0.5,-0.258695,180,0,0,88192
0,1,0,0.5,-0.25856,180,0,0,88208
0,1,1,0.5,-0.258425,180,0,0,88225
0,1,1,0.5,-0.25829,180,0,0,88241
0,1,1,0.5,-0.258155,180,0,0,88259
3,1,2,0.5,-0.25802,180,0,0,88275
0,0,0,0.5,-0.25802,180,0,0,88291
0,1,1,0.5,-0.257885,180,0,0,88308
0,0,1,0.5,-0.257885,180,0,0,88324
0,2,2,0.5,-0.257615,180,0,0,88342
0,1,1,0.5,-0.25748,180,0,1,88358
0,1,1,0.5,-0.257345,180,0,1,88375
-3,1,1,0.5,-0.25721,180,0,1,88391
0,1,1,0.5,-0.257075,180,0,0,88408
0,1,1,0.5,-0.25694,180,0,0,88425
0,0,1,0.5,-0.25694,180,0,0,88443
-1,0,0,0.5,-0.25694,180,0,0,88459
0,2,0,0.5,-0.25667,180,0,1,88475
0,2,0,0.5,-0.2564,180,0,1,88492
0,5,0,0.5,-0.255725,180,0,1,88508
0,6,0,0.5,-0.254915,180,0,1,88527
0,8,0,0.5,-0.253835,180,0,0,88541
0,8,0,0.5,-0.252755,180,0,0,88558
0,7,0,0.5,-0.25181,180,0,0,88577
0,10,1,0.5,-0.25046,180,0,0,88591
0,10,2,0.5,-0.24911,180,0,0,88608
0,12,4,0.5,-0.24749,180,0,0,88625
0,15,4,0.5,-0.245465,180,0,0,88643
0,18,6,0.5,-0.243035,180,0,0,88659
0,21,7,0.5,-0.2402,180,0,0,88676
0,25,7,0.5,-0.236825,180,0,0,88695
0,28,5,0.5,-0.233045,180,0,0,88709
0,29,4,0.5,-0.22913,180,0,0,88726
0,27,3,0.5,-0.225485,180,0,0,88743
0,27,4,0.5,-0.22184,180,0,0,88759
0,26,4,0.5,-0.21833,180,0,0,88776
0,25,2,0.5,-0.214955,180,0,0,88792
0,26,1,0.5,-0.211445,180,0,0,88808
0,29,0,0.5,-0.20753,180,1,1,88825
0,31,0,0.5,-0.203345,180,1,1,88842
0,61,0,0.5,-0.19511,180,1,1,88858
0,26,0,0.5,-0.1916,180,0,1,88874
0,25,0,0.5,-0.188225,180,0,0,88891
0,0,0,0.5,-0.188225,180,0,0,88907
0,46,0,0.5,-0.182015,180,0,0,88924
0,24,0,0.5,-0.178775,180,0,0,88941
0,24,2,0.5,-0.175535,180,0,0,88958
0,24,3,0.5,-0.172295,180,0,0,88976
0,22,2,0.5,-0.169325,180,0,0,89023
0,31,3,0.5,-0.16514,180,0,0,89030
0,9,1,0.5,-0.163925,180,0,0,89036
0,0,0,0.5,-0.163925,180,0,0,89046
0,3,1,0.5,-0.16352,180,0,0,89063
0,-2,1,0.5,-0.16379,180,0,0,89080
0,-7,0,0.5,-0.164735,180,0,0,89096
0,-7,0,0.5,-0.16568,180,0,0,89113
0,-13,0,0.5,-0.167435,180,0,0,89129
0,-4,-1,0.5,-0.167975,180,0,0,89147
0,-2,-2,0.5,-0.168245,180,0,0,89166
0,-1,-2,0.5,-0.16838,180,0,0,89181
0,1,-3,0.5,-0.168245,180,0,0,89197
0,2,-2,0.5,-0.167975,180,0,0,89214
0,2,-3,0.5,-0.167705,180,0,0,89232
0,1,-2,0.5,-0.16757,180,0,0,89247
0,0,-1,0.5,-0.16757,180,0,0,89263
0,1,-2,0.5,-0.167435,180,0,0,89280
0,0,-1,0.5,-0.167435,180,0,0,89297
0,0,-1,0.5,-0.167435,180,0,0,89314
0,0,0,0.5,-0.167435,180,0,0,89330
0,0,0,0.5,-0.167435,180,0,0,89346
0,0,0,0.5,-0.167435,180,0,0,89363
0,0,0,0.5,-0.167435,180,0,0,89380
0,1,0,0.5,-0.1673,180,0,0,89396
0,0,0,0.5,-0.1673,180,0,0,89413
0,1,0,0.5,-0.167165,180,0,0,89429
0,0,0,0.5,-0.167165,180,0,0,89448
0,1,0,0.5,-0.16703,180,0,0,89463
0,1,0,0.5,-0.166895,180,0,0,89480
0,1,-1,0.5,-0.16676,180,0,0,89497
0,0,0,0.5,-0.16676,180,0,0,89513
0,0,0,0.5,-0.16676,180,0,0,89529
0,0,-2,0.5,-0.16676,180,0,0,89547
0,1,0,0.5,-0.166625,180,0,0,89563
0,0,0,0.5,-0.166625,180,0,0,89583
0,1,0,0.5,-0.16649,180,0,0,89597
0,1,0,0.5,-0.166355,180,0,0,89623
0,0,0,0.5,-0.166355,180,0,0,89637
0,0,0,0.5,-0.166355,180,0,0,89650
0,0,0,0.5,-0.166355,180,0,0,89666
0,0,0,0.5,-0.166355,180,0,0,89679
0,0,0,0.5,-0.166355,180,0,0,89698
0,0,0,0.5,-0.166355,180,0,0,89714
0,0,0,0.5,-0.166355,180,0,0,89729
0,1,0,0.5,-0.16622,180,0,0,89746
0,0,0,0.5,-0.16622,180,0,0,89763
0,-1,0,0.5,-0.166355,180,0,0,89779
0,0,0,0.5,-0.166355,180,0,0,89796
0,0,0,0.5,-0.166355,180,0,0,89812
0,0,0,0.5,-0.166355,180,0,0,89829
0,0,0,0.5,-0.166355,180,0,0,89846
0,0,0,0.5,-0.166355,180,0,0,89862
0,0,0,0.5,-0.166355,180,0,0,89879
0,0,0,0.5,-0.166355,180,0,0,89896
0,0,0,0.5,-0.166355,180,0,0,89913
0,-1,0,0.5,-0.16649,180,0,0,89929
0,0,0,0.5,-0.16649,180,0,0,89946
0,1,0,0.5,-0.166355,180,0,0,89963
0,0,0,0.5,-0.166355,180,0,0,89979
0,0,0,0.5,-0.166355,180,0,0,89996
0,0,0,0.5,-0.166355,180,0,0,90012
0,0,0,0.5,-0.166355,180,0,0,90029
0,0,0,0.5,-0.166355,180,0,0,90046
0,0,0,0.5,-0.166355,180,0,0,90062
0,0,0,0.5,-0.166355,180,0,0,90079
0,0,0,0.5,-0.166355,180,0,0,90096
0,0,0,0.5,-0.166355,180,0,0,90112
0,0,0,0.5,-0.166355,180,0,0,90129
0,0,0,0.5,-0.166355,180,0,0,90146
0,1,0,0.5,-0.16622,180,0,0,90164
0,0,0,0.5,-0.16622,180,0,0,90179
0,0,0,0.5,-0.16622,180,0,0,90196
0,0,0,0.5,-0.16622,180,0,0,90213
0,0,0,0.5,-0.16622,180,0,0,90229
0,0,0,0.5,-0.16622,180,0,0,90246
0,0,0,0.5,-0.16622,180,0,0,90262
0,0,0,0.5,-0.16622,180,0,0,90279
0,0,0,0.5,-0.16622,180,0,0,90296
-1,0,0,0.5,-0.16622,180,0,0,90314
0,0,0,0.5,-0.16622,180,0,0,90329
2,0,0,0.5,-0.16622,180,0,0,90346
0,1,0,0.5,-0.166085,180,0,0,90363
0,0,0,0.5,-0.166085,180,0,0,90379
0,0,0,0.5,-0.166085,180,0,0,90396
-4,0,-2,0.5,-0.166085,180,0,0,90414
-1,0,0,0.5,-0.166085,180,0,0,90429
0,0,0,0.5,-0.166085,180,0,0,90446
0,0,0,0.5,-0.166085,180,0,0,90464
0,0,0,0.5,-0.166085,180,0,0,90479
0,0,0,0.5,-0.166085,180,0,0,90496
0,1,0,0.5,-0.16595,180,0,0,90513
0,0,0,0.5,-0.16595,180,0,0,90529
0,1,0,0.5,-0.165815,180,0,0,90546
0,0,0,0.5,-0.165815,180,0,0,90563
0,-1,0,0.5,-0.16595,180,0,0,90579
0,0,0,0.5,-0.16595,180,0,0,90596
0,0,0,0.5,-0.16595,180,0,0,90612
0,0,0,0.5,-0.16595,180,0,0,90629
0,1,0,0.5,-0.165815,180,0,0,90646
-1,0,0,0.5,-0.165815,180,0,0,90663
0,0,0,0.5,-0.165815,180,0,0,90679
0,0,0,0.5,-0.165815,180,0,0,90696
0,0,0,0.5,-0.165815,180,0,0,90712
0,0,0,0.5,-0.165815,180,0,0,90729
0,0,0,0.5,-0.165815,180,0,0,90746
0,0,0,0.5,-0.165815,180,0,0,90763
0,0,0,0.5,-0.165815,180,0,0,90779
0,2,1,0.5,-0.165545,180,0,0,90796
0,0,0,0.5,-0.165545,180,0,0,90813
0,0,1,0.5,-0.165545,180,0,0,90830
0,1,1,0.5,-0.16541,180,0,0,90846
0,-2,0,0.5,-0.16568,180,0,0,90863
0,-4,0,0.5,-0.16622,180,0,0,90879
0,-4,0,0.5,-0.16676,180,0,0,90896
0,-3,0,0.5,-0.167165,180,0,0,90913
5,-3,1,0.5,-0.16757,180,0,0,90930
0,-2,1,0.5,-0.16784,180,0,0,90946
1,0,0,0.5,-0.16784,180,0,0,90964
0,0,0,0.5,-0.16784,180,0,0,90979
0,1,0,0.5,-0.167705,180,0,1,90996
0,0,0,0.5,-0.167705,180,0,1,91014
0,0,0,0.5,-0.167705,180,0,1,91029
0,0,0,0.5,-0.167705,180,0,1,91046
0,0,0,0.5,-0.167705,180,0,1,91063
0,0,0,0.5,-0.167705,180,0,0,91079
0,0,0,0.5,-0.167705,180,0,0,91096
0,0,0,0.5,-0.167705,180,0,0,91112
0,0,0,0.5,-0.167705,180,0,0,91129
0,1,0,0.5,-0.16757,180,0,1,91146
0,0,0,0.5,-0.16757,180,0,0,91163
-2,0,0,0.5,-0.16757,180,0,0,91179
0,1,0,0.5,-0.167435,180,0,0,91196
0,0,0,0.5,-0.167435,180,0,0,91213
0,1,0,0.5,-0.1673,180,0,0,91229
0,1,0,0.5,-0.167165,180,0,0,91247
0,0,0,0.5,-0.167165,180,0,1,91263
0,0,0,0.5,-0.167165,180,0,1,91279
0,0,0,0.5,-0.167165,180,0,0,91296
0,1,0,0.5,-0.16703,180,0,0,91313
0,0,0,0.5,-0.16703,180,0,0,91329
0,2,0,0.5,-0.16676,180,0,0,91346
0,0,0,0.5,-0.16676,180,0,1,91362
0,1,0,0.5,-0.166625,180,0,1,91379
0,1,0,0.5,-0.16649,180,0,1,91396
0,1,0,0.5,-0.166355,180,0,0,91413
0,0,0,0.5,-0.166355,180,0,0,91429
0,0,0,0.5,-0.166355,180,0,0,91446
0,0,0,0.5,-0.166355,180,0,0,91462
0,0,0,0.5,-0.166355,180,0,0,91479
0,0,0,0.5,-0.166355,180,0,1,91496
0,0,0,0.5,-0.166355,180,0,1,91512
0,0,0,0.5,-0.166355,180,0,1,91529
0,2,0,0.5,-0.166085,180,0,0,91546
0,0,0,0.5,-0.166085,180,0,0,91562
-2,0,0,0.5,-0.166085,180,0,0,91579
0,0,1,0.5,-0.166085,180,0,0,91596
1,0,0,0.5,-0.166085,180,0,0,91613
0,0,0,0.5,-0.166085,180,0,1,91629
0,0,0,0.5,-0.166085,180,0,1,91646
0,1,0,0.5,-0.16595,180,0,1,91663
0,0,0,0.5,-0.16595,180,0,0,91684
-1,0,0,0.5,-0.16595,180,0,0,91696
2,0,0,0.5,-0.16595,180,0,0,91713
0,0,0,0.5,-0.16595,180,0,0,91729
0,0,0,0.5,-0.16595,180,0,0,91746
0,0,0,0.5,-0.16595,180,0,1,91762
0,0,0,0.5,-0.16595,180,0,1,91779
0,2,0,0.5,-0.16568,180,0,1,91796
0,2,0,0.5,-0.16541,180,0,0,91813
0,0,0,0.5,-0.16541,180,0,0,91829
0,0,0,0.5,-0.16541,180,0,0,91846
0,0,0,0.5,-0.16541,180,0,0,91862
0,0,0,0.5,-0.16541,180,0,1,91879
0,0,0,0.5,-0.16541,180,0,1,91896
0,0,0,0.5,-0.16541,180,0,1,91912
0,0,0,0.5,-0.16541,180,0,1,91929
0,1,0,0.5,-0.165275,180,0,0,91947
0,0,0,0.5,-0.165275,180,0,0,91962
0,0,0,0.5,-0.165275,180,0,0,91979
0,0,0,0.5,-0.165275,180,0,0,91996
0,0,0,0.5,-0.165275,180,0,0,92012
0,-2,0,0.5,-0.165545,180,0,1,92030
0,0,0,0.5,-0.165545,180,0,1,92046
0,0,0,0.5,-0.165545,180,0,1,92062
0,0,0,0.5,-0.165545,180,0,0,92079
0,0,0,0.5,-0.165545,180,0,0,92096
0,1,0,0.5,-0.16541,180,0,0,92113
0,0,0,0.5,-0.16541,180,0,0,92129
0,0,0,0.5,-0.16541,180,0,0,92146
0,0,0,0.5,-0.16541,180,0,1,92163
0,0,0,0.5,-0.16541,180,0,1,92179
0,0,0,0.5,-0.16541,180,0,1,92196
0,0,0,0.5,-0.16541,180,0,0,92213
0,0,0,0.5,-0.16541,180,0,0,92229
0,0,0,0.5,-0.16541,180,0,0,92246
0,0,0,0.5,-0.16541,180,0,0,92263
0,0,0,0.5,-0.16541,180,0,0,92279
0,-1,0,0.5,-0.165545,180,0,1,92296
0,0,0,0.5,-0.165545,180,0,1,92312
0,0,0,0.5,-0.165545,180,0,1,92329
0,0,0,0.5,-0.165545,180,0,1,92346
0,2,0,0.5,-0.165275,180,0,0,92363
0,0,0,0.5,-0.165275,180,0,0,92379
0,0,0,0.5,-0.165275,180,0,0,92396
0,0,0,0.5,-0.165275,180,0,0,92413
0,0,0,0.5,-0.165275,180,0,1,92429
0,0,0,0.5,-0.165275,180,0,1,92446
0,0,0,0.5,-0.165275,180,0,1,92462
0,0,0,0.5,-0.165275,180,0,1,92479
0,0,0,0.5,-0.165275,180,0,0,92496
0,0,0,0.5,-0.165275,180,0,0,92513
0,0,0,0.5,-0.165275,180,0,0,92529
0,0,0,0.5,-0.165275,180,0,0,92546
0,0,0,0.5,-0.165275,180,0,1,92564
0,0,0,0.5,-0.165275,180,0,1,92579
0,0,0,0.5,-0.165275,180,0,1,92596
0,1,0,0.5,-0.16514,180,0,1,92614
0,0,0,0.5,-0.16514,180,0,0,92629
0,0,0,0.5,-0.16514,180,0,0,92646
0,0,0,0.5,-0.16514,180,0,0,92663
0,0,0,0.5,-0.16514,180,0,0,92679
0,0,0,0.5,-0.16514,180,0,0,92696
0,0,0,0.5,-0.16514,180,0,1,92713
0,0,0,0.5,-0.16514,180,0,1,92729
0,0,0,0.5,-0.16514,180,0,1,92746
0,0,0,0.5,-0.16514,180,0,0,92763
0,0,0,0.5,-0.16514,180,0,0,92781
0,0,0,0.5,-0.16514,180,0,0,92796
0,0,0,0.5,-0.16514,180,0,0,92813
0,0,0,0.5,-0.16514,180,0,0,92829
0,0,0,0.5,-0.16514,180,0,1,92846
0,0,0,0.5,-0.16514,180,0,1,92862
0,0,0,0.5,-0.16514,180,0,1,92879
0,1,0,0.5,-0.165005,180,0,1,92896
0,1,0,0.5,-0.16487,180,0,0,92913
0,0,0,0.5,-0.16487,180,0,0,92929
0,0,0,0.5,-0.16487,180,0,0,92946
0,-2,0,0.5,-0.16514,180,0,0,92962
0,-1,0,0.5,-0.165275,180,0,0,92979
0,0,0,0.5,-0.165275,180,0,1,92996
0,0,0,0.5,-0.165275,180,0,1,93012
0,0,0,0.5,-0.165275,180,0,1,93029
0,0,0,0.5,-0.165275,180,0,0,93046
0,0,0,0.5,-0.165275,180,0,0,93063
0,0,0,0.5,-0.165275,180,0,0,93079
0,0,0,0.5,-0.165275,180,0,0,93096
0,0,0,0.5,-0.165275,180,0,0,93112
0,0,0,0.5,-0.165275,180,0,1,93130
0,0,0,0.5,-0.165275,180,0,1,93146
-2,2,0,0.5,-0.165005,180,0,1,93162
0,1,0,0.5,-0.16487,180,0,0,93179
0,0,0,0.5,-0.16487,180,0,0,93196
0,0,0,0.5,-0.16487,180,0,0,93212
0,0,0,0.5,-0.16487,180,0,0,93229
0,0,0,0.5,-0.16487,180,0,0,93246
0,0,0,0.5,-0.16487,180,0,0,93262
0,0,0,0.5,-0.16487,180,0,1,93279
0,0,0,0.5,-0.16487,180,0,1,93296
0,0,0,0.5,-0.16487,180,0,1,93312
0,0,0,0.5,-0.16487,180,0,0,93329
-1,0,0,0.5,-0.16487,180,0,0,93346
0,0,0,0.5,-0.16487,180,0,0,93362
0,0,0,0.5,-0.16487,180,0,0,93379
0,-3,0,0.5,-0.165275,180,0,0,93396
0,0,0,0.5,-0.165275,180,0,0,93412
0,0,0,0.5,-0.165275,180,0,1,93429
0,0,0,0.5,-0.165275,180,0,1,93446
0,0,0,0.5,-0.165275,180,0,1,93462
0,2,0,0.5,-0.165005,180,0,0,93479
0,0,0,0.5,-0.165005,180,0,0,93496
0,0,0,0.5,-0.165005,180,0,0,93513
0,0,0,0.5,-0.165005,180,0,0,93529
0,0,0,0.5,-0.165005,180,0,0,93546
0,0,0,0.5,-0.165005,180,0,1,93563
0,0,0,0.5,-0.165005,180,0,1,93579
0,0,0,0.5,-0.165005,180,0,1,93596
0,0,0,0.5,-0.165005,180,0,1,93613
0,0,0,0.5,-0.165005,180,0,0,93629
0,1,0,0.5,-0.16487,180,0,0,93646
0,0,0,0.5,-0.16487,180,0,0,93662
0,0,0,0.5,-0.16487,180,0,0,93679
0,0,0,0.5,-0.16487,180,0,1,93696
0,0,0,0.5,-0.16487,180,0,1,93712
0,0,0,0.5,-0.16487,180,0,1,93729
0,0,0,0.5,-0.16487,180,0,1,93746
0,0,0,0.5,-0.16487,180,0,1,93762
0,0,0,0.5,-0.16487,180,0,0,93779
0,0,0,0.5,-0.16487,180,0,0,93796
0,0,0,0.5,-0.16487,180,0,0,93812
0,0,0,0.5,-0.16487,180,0,0,93829
0,0,0,0.5,-0.16487,180,0,1,93846
0,-2,0,0.5,-0.16514,180,0,1,93862
0,0,0,0.5,-0.16514,180,0,1,93879
0,3,0,0.5,-0.164735,180,0,1,93896
0,1,0,0.5,-0.1646,180,0,0,93913
0,0,0,0.5,-0.1646,180,0,0,93929
0,0,0,0.5,-0.1646,180,0,0,93946
0,0,0,0.5,-0.1646,180,0,0,93962
0,0,0,0.5,-0.1646,180,0,1,93979
0,0,0,0.5,-0.1646,180,0,1,93995
0,0,0,0.5,-0.1646,180,0,1,94012
0,2,0,0.5,-0.16433,180,0,1,94029
0,1,0,0.5,-0.164195,180,0,1,94046
0,0,0,0.5,-0.164195,180,0,0,94062
0,0,0,0.5,-0.164195,180,0,0,94079
0,0,0,0.5,-0.164195,180,0,0,94095
0,-3,0,0.5,-0.1646,180,0,0,94113
0,0,0,0.5,-0.1646,180,0,1,94129
0,0,0,0.5,-0.1646,180,0,1,94145
0,0,0,0.5,-0.1646,180,0,1,94162
0,0,0,0.5,-0.1646,180,0,1,94179
0,3,0,0.5,-0.164195,180,0,1,94196
0,0,0,0.5,-0.164195,180,0,0,94212
0,0,0,0.5,-0.164195,180,0,0,94229
0,0,0,0.5,-0.164195,180,0,0,94246
0,0,0,0.5,-0.164195,180,0,0,94262
0,-3,0,0.5,-0.1646,180,0,0,94279
0,0,0,0.5,-0.1646,180,0,1,94296
0,0,0,0.5,-0.1646,180,0,1,94312
0,0,0,0.5,-0.1646,180,0,1,94329
0,0,0,0.5,-0.1646,180,0,1,94346
0,3,0,0.5,-0.164195,180,0,1,94363
0,0,0,0.5,-0.164195,180,0,0,94380
0,0,0,0.5,-0.164195,180,0,0,94397
0,0,0,0.5,-0.164195,180,0,0,94413
0,0,0,0.5,-0.164195,180,0,0,94429
0,0,0,0.5,-0.164195,180,0,1,94446
0,0,0,0.5,-0.164195,180,0,1,94462
0,0,0,0.5,-0.164195,180,0,1,94479
0,1,0,0.5,-0.16406,180,0,1,94496
0,1,0,0.5,-0.163925,180,0,1,94514
0,0,0,0.5,-0.163925,180,0,0,94529
0,0,0,0.5,-0.163925,180,0,0,94546
0,0,0,0.5,-0.163925,180,0,0,94562
0,-3,0,0.5,-0.16433,180,0,0,94579
0,0,0,0.5,-0.16433,180,0,0,94595
0,0,0,0.5,-0.16433,180,0,0,94612
0,0,0,0.5,-0.16433,180,0,1,94629
0,0,0,0.5,-0.16433,180,0,1,94645
0,0,0,0.5,-0.16433,180,0,1,94662
0,0,0,0.5,-0.16433,180,0,0,94679
0,0,0,0.5,-0.16433,180,0,0,94695
0,0,0,0.5,-0.16433,180,0,0,94712
0,0,0,0.5,-0.16433,180,0,0,94729
0,0,0,0.5,-0.16433,180,0,0,94746
0,0,0,0.5,-0.16433,180,0,0,94762
0,0,0,0.5,-0.16433,180,0,1,94779
0,0,-1,0.5,-0.16433,180,0,1,94796
0,0,0,0.5,-0.16433,180,0,1,94812
0,0,0,0.5,-0.16433,180,0,0,94829
0,0,0,0.5,-0.16433,180,0,0,94845
0,0,0,0.5,-0.16433,180,0,0,94862
0,-1,0,0.5,-0.164465,180,0,0,94879
0,0,0,0.5,-0.164465,180,0,0,94896
0,0,0,0.5,-0.164465,180,0,0,94912
0,0,0,0.5,-0.164465,180,0,1,94929
0,0,0,0.5,-0.164465,180,0,1,94946
0,0,0,0.5,-0.164465,180,0,1,94962
0,0,0,0.5,-0.164465,180,0,1,94979
0,0,0,0.5,-0.164465,180,0,1,94996
0,0,0,0.5,-0.164465,180,0,0,95012
0,0,0,0.5,-0.164465,180,0,0,95029
0,0,0,0.5,-0.164465,180,0,0,95045
0,0,0,0.5,-0.164465,180,0,0,95062
0,0,0,0.5,-0.164465,180,0,1,95079
0,0,0,0.5,-0.164465,180,0,1,95096
0,0,0,0.5,-0.164465,180,0,1,95112
0,0,0,0.5,-0.164465,180,0,1,95129
0,0,0,0.5,-0.164465,180,0,0,95146
0,0,0,0.5,-0.164465,180,0,0,95162
0,0,0,0.5,-0.164465,180,0,0,95179
0,0,0,0.5,-0.164465,180,0,0,95196
0,-1,0,0.5,-0.1646,180,0,0,95213
0,0,0,0.5,-0.1646,180,0,1,95229
0,0,0,0.5,-0.1646,180,0,1,95246
0,0,0,0.5,-0.1646,180,0,1,95262
0,3,0,0.5,-0.164195,180,0,1,95279
0,1,0,0.5,-0.16406,180,0,1,95296
0,1,0,0.5,-0.163925,180,0,0,95313
0,0,0,0.5,-0.163925,180,0,0,95329
0,0,0,0.5,-0.163925,180,0,0,95346
0,0,0,0.5,-0.163925,180,0,0,95362
0,0,0,0.5,-0.163925,180,0,0,95379
0,0,0,0.5,-0.163925,180,0,0,95396
0,0,0,0.5,-0.163925,180,0,0,95412
0,8,0,0.5,-0.162845,180,0,0,95430
0,9,0,0.5,-0.16163,180,0,0,95446
0,11,-1,0.5,-0.160145,180,0,0,95463
0,13,-2,0.5,-0.15839,180,0,0,95480
0,13,-2,0.5,-0.156635,180,0,0,95497
0,11,-2,0.5,-0.15515,180,0,0,95513
0,13,-2,0.5,-0.153395,180,0,0,95534
0,19,-1,0.5,-0.15083,180,0,0,95546
0,61,-2,0.5,-0.142595,180,0,0,95563
0,40,-3,0.5,-0.137195,180,0,0,95583
0,34,-6,0.5,-0.132605,180,0,0,95597
0,27,-7,0.5,-0.12896,180,0,0,95617
0,22,-7,0.5,-0.12599,180,0,0,95631
0,20,-7,0.5,-0.12329,180,0,1,95649
0,18,-6,0.5,-0.12086,180,0,1,95664
0,22,-7,0.5,-0.11789,180,0,0,95681
-2,27,-11,0.5,-0.114245,180,0,0,95703
0,31,-11,0.5,-0.11006,180,0,0,95717
0,33,-12,0.5,-0.105605,180,0,0,95733
0,35,-11,0.5,-0.10088,180,0,0,95749
0,36,-10,0.5,-0.09602,180,0,0,95766
0,37,-11,0.5,-0.091025,180,0,0,95782
0,40,-10,0.5,-0.085625,180,0,0,95801
0,36,-11,0.5,-0.080765,180,0,0,95816
0,37,-10,0.5,-0.07577,180,0,0,95831
0,33,-10,0.5,-0.071315,180,0,0,95849
0,29,-10,0.5,-0.0674,180,0,0,95867
2,20,-7,0.5,-0.0647,180,0,0,95883
0,14,-7,0.5,-0.06281,180,0,0,95900
1,9,-7,0.5,-0.061595,180,0,0,95914
0,4,-6,0.5,-0.061055,180,0,0,95931
0,5,-5,0.5,-0.06038,180,0,0,95947
1,13,-12,0.5,-0.058625,180,0,0,95974
0,11,-7,0.5,-0.05714,180,0,0,95984
0,12,-9,0.5,-0.05552,180,0,0,95999
0,11,-10,0.5,-0.054035,180,0,0,96017
0,8,-9,0.5,-0.052955,180,0,0,96035
0,9,-8,0.5,-0.05174,180,0,0,96048
0,13,-7,0.5,-0.049985,180,0,0,96064
0,19,-7,0.5,-0.04742,180,0,0,96081
0,27,-7,0.5,-0.043775,180,0,0,96099
2,31,-6,0.5,-0.03959,180,0,0,96114
-2,35,-7,0.5,-0.034865,180,0,0,96131
0,42,-8,0.5,-0.029195,180,0,0,96149
2,46,-9,0.5,-0.022985,180,0,0,96166
0,49,-10,0.5,-0.01637,180,0,0,96183
0,33,-7,0.5,-0.011915,180,0,0,96198
0,50,-11,0.5,-0.005165,180,0,0,96216
1,47,-11,0.5,0.00118,180,0,0,96232
0,45,-12,0.5,0.007255,180,0,0,96249
2,42,-11,0.5,0.012925,180,0,0,96267
-3,30,-12,0.5,0.016975,180,0,0,96282
0,23,-11,0.5,0.02008,180,0,0,96299
5,18,-8,0.5,0.02251,180,0,0,96315
0,25,-16,0.5,0.025885,180,0,0,96336
0,0,0,0.5,0.025885,180,0,0,96346
0,27,-16,0.5,0.02953,180,0,0,96367
2,21,-8,0.5,0.032365,180,0,0,96383
1,24,-8,0.5,0.035605,180,0,0,96398
0,25,-11,0.5,0.03898,180,0,0,96415
0,24,-14,0.5,0.04222,180,0,0,96433
-4,25,-16,0.5,0.045595,180,0,0,96453
4,24,-10,0.5,0.048835,180,0,0,96466
0,23,-11,0.5,0.05194,180,0,0,96482
3,20,-11,0.5,0.05464,180,0,0,96499
1,21,-10,0.5,0.057475,180,0,0,96516
-4,24,-13,0.5,0.060715,180,0,0,96533
-1,28,-9,0.5,0.064495,180,0,0,96549
0,32,-10,0.5,0.068815,180,0,0,96565
-1,33,-11,0.5,0.07327,180,0,0,96582
0,30,-11,0.5,0.07732,180,0,0,96598
0,23,-10,0.5,0.080425,180,0,0,96615
0,21,-10,0.5,0.08326,180,0,0,96633
0,21,-7,0.5,0.086095,180,0,0,96649
0,23,-7,0.5,0.0892,180,0,0,96668
0,28,-6,0.5,0.09298,180,0,0,96682
0,35,-6,0.5,0.097705,180,0,0,96698
0,36,-7,0.5,0.102565,180,0,0,96715
0,35,-8,0.5,0.10729,180,0,0,96732
0,35,-11,0.5,0.112015,180,0,0,96749
0,68,-28,0.5,0.121195,180,0,0,96769
0,33,-18,0.5,0.12565,180,0,0,96792
0,33,-15,0.5,0.130105,180,0,0,96809
0,30,-13,0.5,0.134155,180,0,0,96830
3,30,-13,0.5,0.138205,180,0,0,96838
2,30,-10,0.5,0.142255,180,0,0,96848
-2,35,-10,0.5,0.14698,180,0,0,96868
0,39,-12,0.5,0.152245,180,0,0,96884
-1,18,-8,0.5,0.154675,180,0,0,96898
0,34,-13,0.5,0.159265,180,0,0,96919
-1,24,-8,0.5,0.162505,180,0,0,96931
0,18,-4,0.5,0.164935,180,0,0,96947
3,19,-3,0.5,0.1675,180,0,0,96963
1,13,-3,0.5,0.169255,180,0,0,96980
0,11,-4,0.5,0.17074,180,0,0,96997
0,6,-2,0.5,0.17155,180,0,0,97017
0,2,-1,0.5,0.17182,180,0,0,97030
0,-1,-2,0.5,0.171685,180,0,0,97047
0,-3,-1,0.5,0.17128,180,0,0,97065
0,-2,-1,0.5,0.17101,180,0,0,97081
0,0,-2,0.5,0.17101,180,0,0,97096
0,9,-2,0.5,0.172225,180,0,0,97114
1,18,-1,0.5,0.174655,180,0,0,97129
0,26,-3,0.5,0.178165,180,0,0,97147
0,58,-3,0.5,0.185995,180,0,0,97164
1,23,-4,0.5,0.1891,180,0,0,97181
0,25,-2,0.5,0.192475,180,0,0,97196
0,33,-1,0.5,0.19693,180,0,0,97213
0,42,-1,0.5,0.2026,180,0,0,97230
0,47,-1,0.5,0.208945,180,0,0,97246
1,52,0,0.5,0.215965,180,0,0,97263
-3,53,-4,0.5,0.22312,180,0,0,97281
-1,53,-5,0.5,0.230275,180,0,0,97298
4,43,-6,0.5,0.23608,180,0,0,97315
0,35,-7,0.5,0.240805,180,0,0,97332
0,27,-8,0.5,0.24445,180,0,0,97349
4,11,-4,0.5,0.245935,180,0,0,97364
-4,5,-7,0.5,0.24661,180,0,0,97381
0,-1,-4,0.5,0.246475,180,0,0,97398
0,-7,-4,0.5,0.24553,180,0,0,97414
0,-8,-5,0.5,0.24445,180,0,0,97431
0,-10,-6,0.5,0.2431,180,0,0,97448
0,-9,-6,0.5,0.241885,180,0,0,97464
1,-6,-8,0.5,0.241075,180,0,0,97481
0,-1,-8,0.5,0.24094,180,0,0,97498
-1,3,-9,0.5,0.241345,180,0,0,97515
0,10,-9,0.5,0.242695,180,0,0,97533
0,15,-11,0.5,0.24472,180,0,0,97550
4,41,-20,0.5,0.250255,180,0,0,97568
0,0,0,0.5,0.250255,180,0,0,97579
1,51,-23,0.5,0.25714,180,0,0,97604
0,24,-7,0.5,0.26038,180,0,0,97616
-2,21,-4,0.5,0.263215,180,0,0,97631
0,15,-3,0.5,0.26524,180,0,0,97648
-1,0,0,0.5,0.26524,180,0,0,97663
0,18,-3,0.5,0.26767,180,0,0,97680
0,24,-2,0.5,0.27091,180,0,0,97697
0,25,-2,0.5,0.274285,180,0,0,97714
0,27,-4,0.5,0.27793,180,0,0,97730
0,33,-5,0.5,0.282385,180,0,0,97748
0,35,-7,0.5,0.28711,180,0,0,97766
0,43,-5,0.5,0.292915,180,0,0,97781
0,45,-7,0.5,0.29899,180,0,0,97798
0,41,-8,0.5,0.304525,180,0,0,97815
0,37,-8,0.5,0.30952,180,0,0,97832
0,37,-8,0.5,0.314515,180,0,0,97848
0,38,-7,0.5,0.319645,180,0,0,97864
0,35,-7,0.5,0.32437,180,0,0,97881
6,34,-5,0.5,0.32896,180,0,0,97897
0,31,-8,0.5,0.333145,180,0,0,97915
0,27,-9,0.5,0.33679,180,0,0,97931
0,18,-8,0.5,0.33922,180,0,0,97948
1,9,-6,0.5,0.340435,180,0,0,97965
-3,2,-10,0.5,0.340705,180,0,0,97982
0,-6,-7,0.5,0.339895,180,0,0,97999
0,-7,-3,0.5,0.33895,180,0,0,98013
0,-1,-3,0.5,0.338815,180,0,0,98030
3,6,-3,0.5,0.339625,180,0,0,98046
0,14,-4,0.5,0.341515,180,0,0,98064
0,23,-5,0.5,0.34462,180,0,0,98080
0,28,-5,0.5,0.3484,180,0,0,98099
0,32,-4,0.5,0.35272,180,0,0,98114
0,34,-5,0.5,0.35731,180,0,0,98130
0,36,-5,0.5,0.36217,180,0,0,98149
0,29,-4,0.5,0.366085,180,0,0,98164
0,23,-6,0.5,0.36919,180,0,0,98181
-1,18,-8,0.5,0.37162,180,0,0,98202
0,15,-6,0.5,0.373645,180,0,0,98215
0,11,-5,0.5,0.37513,180,0,0,98231
0,8,-5,0.5,0.37621,180,0,0,98248
2,3,-3,0.5,0.376615,180,0,0,98264
-2,1,-4,0.5,0.37675,180,0,0,98281
0,-2,-3,0.5,0.37648,180,0,0,98297
0,-5,-3,0.5,0.375805,180,0,0,98313
-1,-6,-4,0.5,0.374995,180,0,0,98330
0,-9,-3,0.5,0.37378,180,0,0,98347
1,-7,0,0.5,0.372835,180,0,0,98363
-1,-9,-5,0.5,0.37162,180,0,0,98381
0,-4,-1,0.5,0.37108,180,0,0,98397
0,-3,-2,0.5,0.370675,180,0,0,98413
0,-2,-2,0.5,0.370405,180,0,0,98430
0,1,-1,0.5,0.37054,180,0,0,98448
0,3,-2,0.5,0.370945,180,0,0,98463
0,5,-3,0.5,0.37162,180,0,0,98485
0,6,-3,0.5,0.37243,180,0,0,98498
3,7,-4,0.5,0.373375,180,0,0,98513
0,7,-3,0.5,0.37432,180,0,0,98531
0,7,-2,0.5,0.375265,180,0,0,98548
0,7,-2,0.5,0.37621,180,0,0,98564
0,5,-1,0.5,0.376885,180,0,0,98582
1,5,-2,0.5,0.37756,180,0,0,98597
0,4,0,0.5,0.3781,180,0,0,98613
0,3,-2,0.5,0.378505,180,0,0,98634
0,4,-3,0.5,0.379045,180,0,0,98649
0,2,-2,0.5,0.379315,180,0,0,98664
0,2,-4,0.5,0.379585,180,0,0,98682
0,-1,-4,0.5,0.37945,180,0,0,98697
0,0,-4,0.5,0.37945,180,0,0,98713
0,-2,-4,0.5,0.37918,180,0,0,98734
1,-3,-7,0.5,0.378775,180,0,0,98750
0,0,0,0.5,0.378775,180,0,0,98763
0,-1,-4,0.5,0.37864,180,0,0,98780
0,1,-1,0.5,0.378775,180,0,0,98797
0,1,-1,0.5,0.37891,180,0,0,98813
0,1,-1,0.5,0.379045,180,0,0,98830
0,1,-1,0.5,0.37918,180,0,0,98847
0,0,-1,0.5,0.37918,180,0,0,98863
0,0,-1,0.5,0.37918,180,0,0,98879
0,-1,-1,0.5,0.379045,180,0,0,98898
0,0,-1,0.5,0.379045,180,0,0,98913
0,-1,-2,0.5,0.37891,180,0,0,98934
1,-1,-2,0.5,0.378775,180,0,0,98949
0,-1,-1,0.5,0.37864,180,0,0,98963
0,0,-1,0.5,0.37864,180,0,0,98981
0,-1,-1,0.5,0.378505,180,0,0,98996
0,0,-2,0.5,0.378505,180,0,0,99013
0,0,-2,0.5,0.378505,180,0,0,99030
1,-1,-2,0.5,0.37837,180,0,0,99047
1,0,-1,0.5,0.37837,180,0,0,99063
0,0,-2,0.5,0.37837,180,0,0,99079
0,0,-2,0.5,0.37837,180,0,0,99097
1,-1,-2,0.5,0.378235,180,0,0,99113
0,-1,-3,0.5,0.3781,180,0,0,99130
0,0,0,0.5,0.3781,180,0,0,99145
0,0,-1,0.5,0.3781,180,0,0,99163
0,-1,-2,0.5,0.377965,180,0,0,99181
0,0,-1,0.5,0.377965,180,0,0,99196
0,-1,-1,0.5,0.37783,180,0,0,99213
0,0,-1,0.5,0.37783,180,0,0,99231
-1,0,-1,0.5,0.37783,180,0,0,99247
1,0,-1,0.5,0.37783,180,0,0,99265
0,0,0,0.5,0.37783,180,0,0,99279
0,0,-2,0.5,0.37783,180,0,0,99296
0,0,-1,0.5,0.37783,180,0,0,99313
1,0,-2,0.5,0.37783,180,0,0,99330
0,0,-1,0.5,0.37783,180,0,0,99346
0,1,-1,0.5,0.377965,180,0,0,99363
0,0,0,0.5,0.377965,180,0,0,99379
0,0,-1,0.5,0.377965,180,0,0,99396
0,1,-1,0.5,0.3781,180,0,0,99413
0,0,-1,0.5,0.3781,180,0,0,99429
0,0,0,0.5,0.3781,180,0,0,99445
0,0,0,0.5,0.3781,180,0,0,99463
0,0,0,0.5,0.3781,180,0,0,99479
0,0,0,0.5,0.3781,180,0,0,99496
0,0,0,0.5,0.3781,180,0,0,99512
0,0,0,0.5,0.3781,180,0,0,99529
0,0,0,0.5,0.3781,180,0,0,99545
0,0,0,0.5,0.3781,180,0,0,99562
0,0,0,0.5,0.3781,180,0,0,99579
0,0,0,0.5,0.3781,180,0,0,99596
0,0,0,0.5,0.3781,180,0,0,99612
0,0,0,0.5,0.3781,180,0,0,99629
0,0,0,0.5,0.3781,180,0,0,99645
0,0,0,0.5,0.3781,180,0,0,99662
0,0,0,0.5,0.3781,180,0,0,99679
0,0,0,0.5,0.3781,180,0,0,99695
0,0,0,0.5,0.3781,180,0,0,99712
0,1,0,0.5,0.378235,180,0,0,99729
0,0,0,0.5,0.378235,180,0,0,99745
0,0,0,0.5,0.378235,180,0,0,99762
0,1,0,0.5,0.37837,180,0,0,99779
0,0,0,0.5,0.37837,180,0,0,99795
0,0,0,0.5,0.37837,180,0,0,99812
0,0,0,0.5,0.37837,180,0,0,99829
0,0,0,0.5,0.37837,180,0,0,99846
0,0,0,0.5,0.37837,180,0,0,99862
0,0,-1,0.5,0.37837,180,0,0,99879
0,0,0,0.5,0.37837,180,0,0,99896
0,0,0,0.5,0.37837,180,0,0,99912
0,0,0,0.5,0.37837,180,0,0,99929
0,0,1,0.5,0.37837,180,0,0,99948
0,0,0,0.5,0.37837,180,0,0,99962
0,0,1,0.5,0.37837,180,0,0,99979
0,0,0,0.5,0.37837,180,0,0,99996
0,1,1,0.5,0.378505,180,0,0,100013
0,0,0,0.5,0.378505,180,0,0,100029
0,0,0,0.5,0.378505,180,0,0,100046
0,0,0,0.5,0.378505,180,0,0,100062
0,0,0,0.5,0.378505,180,0,0,100079
0,0,0,0.5,0.378505,180,0,0,100096
0,0,0,0.5,0.378505,180,0,0,100112
0,0,0,0.5,0.378505,180,0,0,100129
0,0,0,0.5,0.378505,180,0,0,100145
0,0,0,0.5,0.378505,180,0,0,100162
-2,0,0,0.5,0.378505,180,0,0,100179
1,1,2,0.5,0.37864,180,0,0,100196
1,1,1,0.5,0.378775,180,0,0,100212
0,1,1,0.5,0.37891,180,0,0,100229
0,0,1,0.5,0.37891,180,0,0,100247
0,1,1,0.5,0.379045,180,0,0,100263
-3,0,0,0.5,0.379045,180,0,0,100279
0,0,1,0.5,0.379045,180,0,0,100297
0,0,0,0.5,0.379045,180,0,0,100312
0,0,0,0.5,0.379045,180,0,0,100329
0,0,0,0.5,0.379045,180,0,0,100346
2,1,0,0.5,0.37918,180,0,0,100362
0,0,1,0.5,0.37918,180,0,0,100380
3,0,1,0.5,0.37918,180,0,0,100396
-2,1,0,0.5,0.379315,180,0,0,100414
2,0,1,0.5,0.379315,180,0,0,100430
0,1,1,0.5,0.37945,180,0,0,100447
1,1,2,0.5,0.379585,180,0,0,100463
0,1,1,0.5,0.37972,180,0,0,100479
-3,0,0,0.5,0.37972,180,0,0,100497
0,1,0,0.5,0.379855,180,0,0,100513
0,0,1,0.5,0.379855,180,0,0,100529
-1,0,-1,0.5,0.379855,180,0,0,100546
1,0,1,0.5,0.379855,180,0,0,100563
0,0,1,0.5,0.379855,180,0,0,100580
0,1,0,0.5,0.37999,180,0,0,100596
0,0,1,0.5,0.37999,180,0,0,100613
0,1,1,0.5,0.380125,180,0,0,100630
0,1,0,0.5,0.38026,180,0,0,100646
1,1,0,0.5,0.380395,180,0,0,100662
-1,0,1,0.5,0.380395,180,0,0,100681
0,1,1,0.5,0.38053,180,0,0,100698
0,1,1,0.5,0.380665,180,0,0,100713
0,1,2,0.5,0.3808,180,0,0,100731
0,1,0,0.5,0.380935,180,0,0,100746
0,0,1,0.5,0.380935,180,0,0,100765
0,0,2,0.5,0.380935,180,0,0,100779
0,1,0,0.5,0.38107,180,0,0,100797
0,0,1,0.5,0.38107,180,0,0,100813
0,0,0,0.5,0.38107,180,0,0,100829
0,1,0,0.5,0.381205,180,0,0,100847
0,0,1,0.5,0.381205,180,0,0,100863
0,0,0,0.5,0.381205,180,0,0,100879
0,0,1,0.5,0.381205,180,0,0,100896
0,1,1,0.5,0.38134,180,0,0,100913
0,1,1,0.5,0.381475,180,0,0,100929
0,1,1,0.5,0.38161,180,0,0,100947
0,1,1,0.5,0.381745,180,0,0,100963
0,1,0,0.5,0.38188,180,0,0,100979
0,1,1,0.5,0.382015,180,0,0,100997
0,1,0,0.5,0.38215,180,0,0,101013
0,0,0,0.5,0.38215,180,0,0,101029
0,0,0,0.5,0.38215,180,0,0,101045
0,-6,-2,0.5,0.38134,180,0,0,101064
0,-8,-3,0.5,0.38026,180,0,0,101080
0,-7,-2,0.5,0.379315,180,0,0,101096
0,-4,-2,0.5,0.378775,180,0,0,101113
0,2,-3,0.5,0.379045,180,0,0,101130
0,30,-4,0.5,0.383095,180,0,0,101146
0,27,-1,0.5,0.38674,180,0,0,101163
0,30,2,0.5,0.39079,180,0,0,101181
0,35,0,0.5,0.395515,180,0,0,101197
0,36,2,0.5,0.400375,180,0,0,101213
0,38,3,0.5,0.405505,180,0,0,101230
0,39,2,0.5,0.41077,180,0,0,101247
0,36,1,0.5,0.41563,180,0,0,101263
0,33,-1,0.5,0.420085,180,0,0,101280
0,34,0,0.5,0.424675,180,0,0,101296
0,32,-1,0.5,0.428995,180,0,0,101313
0,32,-1,0.5,0.433315,180,0,0,101330
0,35,-2,0.5,0.43804,180,0,0,101348
0,36,0,0.5,0.4429,180,0,0,101363
0,37,0,0.5,0.447895,180,0,0,101379
0,41,0,0.5,0.45343,180,0,0,101396
0,40,0,0.5,0.45883,180,0,0,101413
0,42,-1,0.5,0.4645,180,0,0,101430
0,41,-2,0.5,0.470035,180,0,0,101446
0,40,-7,0.5,0.475435,180,0,0,101464
0,41,-8,0.5,0.48097,180,0,0,101483
1,44,-9,0.5,0.48691,180,0,0,101500
0,47,-8,0.5,0.493255,180,0,0,101516
0,47,-8,0.5,0.4996,180,0,0,101532
0,99,-19,0.5,0.512965,180,0,0,101555
0,51,-10,0.5,0.51985,180,0,0,101567
0,50,-8,0.5,0.5266,180,0,0,101581
5,39,-2,0.5,0.531865,180,0,0,101596
-5,49,-11,0.5,0.53848,180,0,0,101615
-3,47,-9,0.5,0.544825,180,0,0,101633
2,39,-9,0.5,0.55009,180,0,0,101648
0,30,-7,0.5,0.55414,180,0,0,101665
-2,25,-8,0.5,0.557515,180,0,0,101683
0,18,-6,0.5,0.559945,180,0,0,101697
-1,14,-4,0.5,0.561835,180,0,0,101713
0,9,-3,0.5,0.56305,180,0,0,101730
2,4,-3,0.5,0.56359,180,0,0,101746
0,1,-2,0.5,0.563725,180,0,1,101763
0,-3,-2,0.5,0.56332,180,0,1,101780
-4,-6,-4,0.5,0.56251,180,0,1,101797
0,-7,-3,0.5,0.561565,180,0,0,101813
-1,-9,-3,0.5,0.56035,180,0,0,101830
0,-10,-4,0.5,0.559,180,0,0,101847
1,-9,-5,0.5,0.557785,180,0,0,101864
0,-3,-5,0.5,0.55738,180,0,0,101881
0,4,-4,0.5,0.55792,180,0,0,101896
0,13,-4,0.5,0.559675,180,0,0,101913
0,19,-4,0.5,0.56224,180,0,0,101931
0,56,-11,0.5,0.5698,180,0,0,101948
0,38,-4,0.5,0.57493,180,0,0,101963
0,44,-3,0.5,0.58087,180,0,0,101980
0,46,-4,0.5,0.58708,180,0,0,101997
0,42,-5,0.5,0.59275,180,0,0,102014
0,39,-6,0.5,0.598015,180,0,0,102031
0,39,-8,0.5,0.60328,180,0,0,102047
0,39,-9,0.5,0.608545,180,0,0,102066
0,41,-10,0.5,0.61408,180,0,0,102082
0,43,-11,0.5,0.619885,180,0,0,102099
0,43,-9,0.5,0.62569,180,0,0,102115
0,39,-9,0.5,0.630955,180,0,0,102132
0,37,-9,0.5,0.63595,180,0,0,102148
0,34,-8,0.5,0.64054,180,0,0,102164
0,35,-8,0.5,0.645265,180,0,0,102180
0,33,-7,0.5,0.64972,180,0,0,102198
-1,33,-7,0.5,0.654175,180,0,0,102215
0,32,-8,0.5,0.658495,180,0,0,102233
0,28,-9,0.5,0.662275,180,0,0,102248
0,23,-6,0.5,0.66538,180,0,0,102265
0,16,-6,0.5,0.66754,180,0,0,102280
0,12,-6,0.5,0.66916,180,0,0,102300
0,7,-5,0.5,0.670105,180,0,0,102314
-1,3,-6,0.5,0.67051,180,0,0,102332
0,6,-9,0.5,0.67132,180,0,0,102349
0,7,-5,0.5,0.672265,180,0,0,102366
0,12,-5,0.5,0.673885,180,0,0,102385
0,17,-5,0.5,0.67618,180,0,0,102398
0,19,-6,0.5,0.678745,180,0,0,102415
0,21,-7,0.5,0.68158,180,0,0,102431
3,20,-8,0.5,0.68428,180,0,0,102449
0,19,-8,0.5,0.686845,180,0,0,102465
0,19,-9,0.5,0.68941,180,0,0,102483
0,16,-8,0.5,0.69157,180,0,0,102499
0,14,-8,0.5,0.69346,180,0,0,102516
-5,12,-8,0.5,0.69508,180,0,0,102533
0,8,-5,0.5,0.69616,180,0,0,102549
1,5,-6,0.5,0.696835,180,0,0,102564
0,1,-5,0.5,0.69697,180,0,0,102580
0,-1,-5,0.5,0.696835,180,0,0,102598
0,-3,-5,0.5,0.69643,180,0,0,102614
1,-5,-4,0.5,0.695755,180,0,0,102630
0,-4,-4,0.5,0.695215,180,0,0,102649
0,-3,-4,0.5,0.69481,180,0,0,102664
0,-2,-3,0.5,0.69454,180,0,0,102680
3,-1,-3,0.5,0.694405,180,0,0,102696
0,0,-3,0.5,0.694405,180,0,0,102714
1,2,-3,0.5,0.694675,180,0,0,102729
0,6,-5,0.5,0.695485,180,0,0,102748
0,2,-3,0.5,0.695755,180,0,0,102764
1,3,-4,0.5,0.69616,180,0,0,102780
0,0,-3,0.5,0.69616,180,0,0,102797
0,1,-3,0.5,0.696295,180,0,0,102815
0,-1,-3,0.5,0.69616,180,0,0,102831
0,-1,-3,0.5,0.696025,180,0,0,102846
0,-1,-2,0.5,0.69589,180,0,0,102865
0,-3,-3,0.5,0.695485,180,0,0,102879
0,-2,-3,0.5,0.695215,180,0,0,102897
0,-1,-2,0.5,0.69508,180,0,0,102913
0,-2,-2,0.5,0.69481,180,0,0,102929
0,-1,-2,0.5,0.694675,180,0,0,102948
-2,-2,-2,0.5,0.694405,180,0,0,102963
4,0,-1,0.5,0.694405,180,0,0,102979
3,0,0,0.5,0.694405,180,0,0,102996
0,0,-2,0.5,0.694405,180,0,0,103013
0,0,-2,0.5,0.694405,180,0,0,103029
0,-1,-2,0.5,0.69427,180,0,0,103046
1,0,-2,0.5,0.69427,180,0,0,103064
-4,-1,-4,0.5,0.694135,180,0,0,103080
2,-2,-2,0.5,0.693865,180,0,0,103097
-1,0,-3,0.5,0.693865,180,0,0,103113
0,-1,-2,0.5,0.69373,180,0,0,103130
0,1,-3,0.5,0.693865,180,0,0,103146
0,0,-4,0.5,0.693865,180,0,0,103163
0,0,-2,0.5,0.693865,180,0,0,103179
0,0,-2,0.5,0.693865,180,0,0,103196
0,0,-2,0.5,0.693865,180,0,0,103213
0,0,-2,0.5,0.693865,180,0,0,103229
2,1,-1,0.5,0.694,180,0,0,103246
0,0,-2,0.5,0.694,180,0,0,103263
1,0,-2,0.5,0.694,180,0,0,103279
0,-1,-2,0.5,0.693865,180,0,0,103296
0,-3,-2,0.5,0.69346,180,0,0,103313
0,-2,-4,0.5,0.69319,180,0,0,103330
0,-1,-4,0.5,0.693055,180,0,0,103347
0,-2,-5,0.5,0.692785,180,0,0,103365
0,-1,-5,0.5,0.69265,180,0,0,103380
0,-2,-7,0.5,0.69238,180,0,0,103399
0,0,-7,0.5,0.69238,180,0,0,103414
2,1,-6,0.5,0.692515,180,0,0,103432
-3,0,-8,0.5,0.692515,180,0,0,103449
0,1,-7,0.5,0.69265,180,0,0,103464
0,0,-7,0.5,0.69265,180,0,0,103482
0,2,-7,0.5,0.69292,180,0,0,103498
0,2,-6,0.5,0.69319,180,0,0,103516
2,3,-4,0.5,0.693595,180,0,0,103531
0,6,-10,0.5,0.694405,180,0,0,103550
0,4,-5,0.5,0.694945,180,0,0,103564
-2,6,-4,0.5,0.695755,180,0,0,103580
0,7,-3,0.5,0.6967,180,0,0,103596
0,12,-3,0.5,0.69832,180,0,0,103614
0,19,-4,0.5,0.700885,180,0,0,103630
0,25,-5,0.5,0.70426,180,0,0,103649
0,29,-6,0.5,0.708175,180,0,0,103664
0,31,-7,0.5,0.71,180,0,0,103681
