0,14,6,0.5,-0.70811,180,0,0,205545
0,2,1,0.5,-0.70784,180,0,0,205554
0,0,0,0.5,-0.70784,180,0,0,205559
0,0,1,0.5,-0.70784,180,0,0,205576
0,0,0,0.5,-0.70784,180,0,0,205593
0,0,0,0.5,-0.70784,180,0,0,205609
0,0,1,0.5,-0.70784,180,0,0,205626
0,2,0,0.5,-0.70757,180,0,0,205643
0,2,0,0.5,-0.7073,180,0,0,205660
0,3,0,0.5,-0.706895,180,0,0,205677
0,4,0,0.5,-0.706355,180,0,0,205694
0,8,2,0.5,-0.705275,180,0,0,205713
0,4,0,0.5,-0.704735,180,0,0,205726
0,3,0,0.5,-0.70433,180,0,0,205744
0,2,0,0.5,-0.70406,180,0,0,205761
0,3,1,0.5,-0.703655,180,0,0,205777
0,1,0,0.5,-0.70352,180,0,0,205794
0,1,0,0.5,-0.703385,180,0,0,205811
0,1,0,0.5,-0.70325,180,0,0,205826
0,0,1,0.5,-0.70325,180,0,0,205843
0,1,0,0.5,-0.703115,180,0,0,205860
0,0,1,0.5,-0.703115,180,0,0,205877
0,0,0,0.5,-0.703115,180,0,0,205893
0,1,0,0.5,-0.70298,180,0,0,205910
0,1,0,0.5,-0.702845,180,0,0,205926
0,1,0,0.5,-0.70271,180,0,0,205943
0,2,0,0.5,-0.70244,180,0,0,205960
0,1,0,0.5,-0.702305,180,0,0,205976
0,2,0,0.5,-0.702035,180,0,0,205993
0,0,0,0.5,-0.702035,180,0,0,206009
0,2,0,0.5,-0.701765,180,0,0,206026
0,0,0,0.5,-0.701765,180,0,0,206043
0,0,0,0.5,-0.701765,180,0,0,206060
0,1,0,0.5,-0.70163,180,0,0,206076
0,0,0,0.5,-0.70163,180,0,0,206093
0,0,0,0.5,-0.70163,180,0,0,206111
-1,1,0,0.5,-0.701495,180,0,0,206126
0,0,0,0.5,-0.701495,180,0,0,206143
0,1,0,0.5,-0.70136,180,0,0,206161
0,1,0,0.5,-0.701225,180,0,0,206176
0,1,1,0.5,-0.70109,180,0,0,206193
0,1,0,0.5,-0.700955,180,0,0,206210
0,1,0,0.5,-0.70082,180,0,0,206226
0,1,0,0.5,-0.700685,180,0,0,206245
0,0,0,0.5,-0.700685,180,0,0,206263
0,0,0,0.5,-0.700685,180,0,0,206282
0,0,0,0.5,-0.700685,180,0,0,206293
0,1,0,0.5,-0.70055,180,0,0,206310
0,0,0,0.5,-0.70055,180,0,0,206326
0,0,0,0.5,-0.70055,180,0,0,206343
0,0,0,0.5,-0.70055,180,0,0,206360
0,0,0,0.5,-0.70055,180,0,0,206376
0,0,0,0.5,-0.70055,180,0,0,206393
0,0,0,0.5,-0.70055,180,0,0,206410
0,0,0,0.5,-0.70055,180,0,0,206426
0,1,0,0.5,-0.700415,180,0,0,206443
0,0,0,0.5,-0.700415,180,0,0,206460
0,1,0,0.5,-0.70028,180,0,0,206476
0,1,0,0.5,-0.700145,180,0,0,206493
0,0,0,0.5,-0.700145,180,0,0,206510
0,0,0,0.5,-0.700145,180,0,0,206526
0,0,-1,0.5,-0.700145,180,0,0,206543
0,0,0,0.5,-0.700145,180,0,0,206559
0,0,0,0.5,-0.700145,180,0,0,206576
0,0,0,0.5,-0.700145,180,0,0,206594
0,0,0,0.5,-0.700145,180,0,0,206611
0,0,0,0.5,-0.700145,180,0,0,206626
0,0,0,0.5,-0.700145,180,0,0,206643
0,-1,0,0.5,-0.70028,180,0,0,206660
0,0,0,0.5,-0.70028,180,0,0,206676
0,0,0,0.5,-0.70028,180,0,0,206693
0,0,0,0.5,-0.70028,180,0,0,206709
0,1,0,0.5,-0.700145,180,0,0,206726
0,0,0,0.5,-0.700145,180,0,0,206744
0,0,0,0.5,-0.700145,180,0,0,206760
0,0,-1,0.5,-0.700145,180,0,0,206778
0,0,0,0.5,-0.700145,180,0,0,206794
0,0,-1,0.5,-0.700145,180,0,0,206811
0,0,0,0.5,-0.700145,180,0,0,206826
0,-1,-1,0.5,-0.70028,180,0,0,206844
0,0,0,0.5,-0.70028,180,0,0,206860
0,-1,-1,0.5,-0.700415,180,0,0,206877
0,0,0,0.5,-0.700415,180,0,0,206893
0,-1,0,0.5,-0.70055,180,0,0,206912
0,0,0,0.5,-0.70055,180,0,0,206926
0,0,0,0.5,-0.70055,180,0,0,206943
0,0,0,0.5,-0.70055,180,0,0,206959
0,0,0,0.5,-0.70055,180,0,0,206976
0,1,0,0.5,-0.700415,180,0,0,206993
0,0,0,0.5,-0.700415,180,0,0,207009
0,0,0,0.5,-0.700415,180,0,0,207026
0,0,-1,0.5,-0.700415,180,0,0,207043
0,-1,0,0.5,-0.70055,180,0,0,207059
0,0,0,0.5,-0.70055,180,0,0,207076
0,0,-1,0.5,-0.70055,180,0,0,207093
0,0,0,0.5,-0.70055,180,0,0,207110
0,-1,-1,0.5,-0.700685,180,0,0,207127
0,0,0,0.5,-0.700685,180,0,0,207143
0,-1,0,0.5,-0.70082,180,0,0,207160
0,0,0,0.5,-0.70082,180,0,0,207176
0,1,0,0.5,-0.700685,180,0,0,207195
0,0,0,0.5,-0.700685,180,0,0,207209
0,0,0,0.5,-0.700685,180,0,0,207226
0,1,0,0.5,-0.70055,180,0,0,207243
0,0,0,0.5,-0.70055,180,0,0,207259
0,0,-1,0.5,-0.70055,180,0,0,207276
0,0,0,0.5,-0.70055,180,0,0,207293
0,0,0,0.5,-0.70055,180,0,0,207310
0,-1,-1,0.5,-0.700685,180,0,0,207326
0,-1,0,0.5,-0.70082,180,0,0,207343
0,-1,0,0.5,-0.700955,180,0,0,207360
0,0,0,0.5,-0.700955,180,0,0,207376
0,0,0,0.5,-0.700955,180,0,0,207393
0,0,0,0.5,-0.700955,180,0,0,207410
0,0,0,0.5,-0.700955,180,0,0,207426
0,0,0,0.5,-0.700955,180,0,0,207443
0,1,0,0.5,-0.70082,180,0,0,207459
0,0,0,0.5,-0.70082,180,0,0,207476
0,0,0,0.5,-0.70082,180,0,0,207493
0,-1,-1,0.5,-0.700955,180,0,0,207510
0,0,0,0.5,-0.700955,180,0,0,207526
0,0,0,0.5,-0.700955,180,0,0,207543
0,-1,0,0.5,-0.70109,180,0,0,207563
0,0,0,0.5,-0.70109,180,0,0,207577
0,0,0,0.5,-0.70109,180,0,0,207593
0,-1,-1,0.5,-0.701225,180,0,0,207610
0,0,0,0.5,-0.701225,180,0,0,207626
0,-1,0,0.5,-0.70136,180,0,0,207644
0,0,0,0.5,-0.70136,180,0,0,207660
0,0,0,0.5,-0.70136,180,0,0,207676
0,1,0,0.5,-0.701225,180,0,0,207695
0,0,0,0.5,-0.701225,180,0,0,207709
0,1,0,0.5,-0.70109,180,0,0,207726
0,0,0,0.5,-0.70109,180,0,0,207743
0,0,0,0.5,-0.70109,180,0,0,207761
0,-1,0,0.5,-0.701225,180,0,0,207776
0,0,0,0.5,-0.701225,180,0,0,207793
0,0,0,0.5,-0.701225,180,0,0,207809
0,0,0,0.5,-0.701225,180,0,0,207826
0,0,0,0.5,-0.701225,180,0,0,207843
0,0,0,0.5,-0.701225,180,0,0,207859
0,0,0,0.5,-0.701225,180,0,0,207876
0,0,-1,0.5,-0.701225,180,0,0,207893
0,0,0,0.5,-0.701225,180,0,0,207909
0,0,0,0.5,-0.701225,180,0,0,207926
0,0,0,0.5,-0.701225,180,0,0,207943
0,0,0,0.5,-0.701225,180,0,0,207959
0,0,0,0.5,-0.701225,180,0,0,207976
0,0,0,0.5,-0.701225,180,0,0,207993
0,0,0,0.5,-0.701225,180,0,0,208009
0,0,0,0.5,-0.701225,180,0,0,208026
0,1,0,0.5,-0.70109,180,0,0,208043
0,0,0,0.5,-0.70109,180,0,0,208059
0,0,0,0.5,-0.70109,180,0,0,208076
0,0,0,0.5,-0.70109,180,0,0,208093
0,0,0,0.5,-0.70109,180,0,0,208109
0,-1,0,0.5,-0.701225,180,0,0,208126
0,0,0,0.5,-0.701225,180,0,0,208143
0,0,0,0.5,-0.701225,180,0,0,208159
0,0,0,0.5,-0.701225,180,0,0,208176
0,0,0,0.5,-0.701225,180,0,0,208193
0,0,0,0.5,-0.701225,180,0,0,208209
0,0,0,0.5,-0.701225,180,0,0,208226
0,0,0,0.5,-0.701225,180,0,0,208243
0,0,0,0.5,-0.701225,180,0,0,208259
0,0,0,0.5,-0.701225,180,0,0,208276
0,0,0,0.5,-0.701225,180,0,0,208293
0,1,0,0.5,-0.70109,180,0,0,208309
0,0,0,0.5,-0.70109,180,0,0,208326
0,0,0,0.5,-0.70109,180,0,0,208343
0,0,0,0.5,-0.70109,180,0,0,208359
0,0,0,0.5,-0.70109,180,0,0,208376
0,0,0,0.5,-0.70109,180,0,0,208393
0,0,0,0.5,-0.70109,180,0,0,208409
0,0,0,0.5,-0.70109,180,0,0,208426
0,0,0,0.5,-0.70109,180,0,0,208443
0,0,0,0.5,-0.70109,180,0,0,208459
0,0,0,0.5,-0.70109,180,0,0,208476
0,0,0,0.5,-0.70109,180,0,0,208493
0,0,0,0.5,-0.70109,180,0,0,208510
0,1,0,0.5,-0.700955,180,0,0,208526
0,0,0,0.5,-0.700955,180,0,0,208543
0,1,0,0.5,-0.70082,180,0,0,208560
0,1,0,0.5,-0.700685,180,0,0,208576
0,0,0,0.5,-0.700685,180,0,0,208593
0,2,0,0.5,-0.700415,180,0,0,208610
0,5,0,0.5,-0.69974,180,0,0,208626
0,8,0,0.5,-0.69866,180,0,0,208643
0,10,0,0.5,-0.69731,180,0,0,208660
0,8,1,0.5,-0.69623,180,0,0,208677
0,5,1,0.5,-0.695555,180,0,0,208695
0,3,1,0.5,-0.69515,180,0,0,208711
0,5,1,0.5,-0.694475,180,0,0,208729
0,11,1,0.5,-0.69299,180,0,0,208744
0,20,0,0.5,-0.69029,180,0,0,208760
0,30,0,0.5,-0.68624,180,0,0,208776
2,40,-2,0.5,-0.68084,180,0,0,208794
0,43,-5,0.5,-0.675035,180,0,0,208811
0,44,-6,0.5,-0.669095,180,0,0,208828
1,50,-7,0.5,-0.662345,180,0,0,208846
0,42,-6,0.5,-0.656675,180,0,0,208862
0,34,-3,0.5,-0.652085,180,0,0,208879
0,28,-5,0.5,-0.648305,180,0,0,208894
0,24,-6,0.5,-0.645065,180,0,0,208912
0,44,-10,0.5,-0.639125,180,0,0,208929
0,24,-3,0.5,-0.635885,180,0,0,208944
0,25,-3,0.5,-0.63251,180,0,0,208962
0,24,-3,0.5,-0.62927,180,0,0,208977
0,24,-5,0.5,-0.62603,180,0,0,208994
0,27,-5,0.5,-0.622385,180,0,0,209012
0,31,-6,0.5,-0.6182,180,0,0,209028
3,32,-4,0.5,-0.61388,180,0,0,209044
1,30,-7,0.5,-0.60983,180,0,0,209062
0,35,-7,0.5,-0.605105,180,0,0,209078
0,32,-5,0.5,-0.600785,180,0,0,209094
0,30,-3,0.5,-0.596735,180,0,0,209110
0,27,-3,0.5,-0.59309,180,0,0,209127
0,23,-2,0.5,-0.589985,180,0,0,209144
0,16,-5,0.5,-0.587825,180,0,0,209161
0,13,-7,0.5,-0.58607,180,0,0,209179
0,11,-10,0.5,-0.584585,180,0,0,209196
1,16,-12,0.5,-0.582425,180,0,0,209213
0,22,-12,0.5,-0.579455,180,0,0,209230
1,25,-11,0.5,-0.57608,180,0,0,209246
0,27,-8,0.5,-0.572435,180,0,0,209264
0,27,-6,0.5,-0.56879,180,0,0,209277
0,27,-6,0.5,-0.565145,180,0,0,209295
0,29,-7,0.5,-0.56123,180,0,0,209311
0,56,-12,0.5,-0.55367,180,0,0,209329
0,25,-16,0.5,-0.550295,180,0,0,209348
0,27,-8,0.5,-0.54665,180,0,0,209362
0,27,-8,0.5,-0.543005,180,0,0,209378
0,31,-7,0.5,-0.53882,180,0,0,209396
0,30,-7,0.5,-0.53477,180,0,0,209411
2,30,-4,0.5,-0.53072,180,0,0,209427
0,30,-5,0.5,-0.52667,180,0,0,209444
0,34,-4,0.5,-0.52208,180,0,0,209461
0,33,-7,0.5,-0.517625,180,0,0,209482
0,36,-10,0.5,-0.512765,180,0,0,209497
0,30,-11,0.5,-0.508715,180,0,0,209512
0,21,-10,0.5,-0.50588,180,0,0,209528
0,15,-8,0.5,-0.503855,180,0,0,209547
-3,11,-8,0.5,-0.50237,180,0,0,209563
4,7,-5,0.5,-0.501425,180,0,0,209578
0,2,-7,0.5,-0.501155,180,0,0,209596
0,0,-6,0.5,-0.501155,180,0,0,209611
0,-1,-6,0.5,-0.50129,180,0,0,209628
0,-1,-3,0.5,-0.501425,180,0,0,209645
0,5,0,0.5,-0.50075,180,0,0,209659
0,13,1,0.5,-0.498995,180,0,0,209677
0,20,2,0.5,-0.496295,180,0,0,209695
0,31,1,0.5,-0.49211,180,0,0,209710
1,87,6,0.5,-0.480365,180,0,0,209729
1,53,4,0.5,-0.47321,180,0,0,209747
0,49,4,0.5,-0.466595,180,0,0,209760
0,49,4,0.5,-0.45998,180,0,0,209777
0,49,3,0.5,-0.453365,180,0,0,209794
0,44,3,0.5,-0.447425,180,0,0,209810
1,42,2,0.5,-0.441755,180,0,0,209827
1,32,0,0.5,-0.437435,180,0,0,209843
0,24,0,0.5,-0.434195,180,0,0,209860
0,16,2,0.5,-0.432035,180,0,0,209877
0,13,4,0.5,-0.43028,180,0,0,209895
0,13,6,0.5,-0.428525,180,0,0,209911
0,14,5,0.5,-0.426635,180,0,0,209927
0,17,7,0.5,-0.42434,180,0,0,209946
0,14,6,0.5,-0.42245,180,0,0,209961
0,13,8,0.5,-0.420695,180,0,0,209978
0,12,9,0.5,-0.419075,180,0,0,209998
0,13,8,0.5,-0.41732,180,0,0,210011
0,14,10,0.5,-0.41543,180,0,0,210029
0,8,10,0.5,-0.41435,180,0,0,210049
0,0,8,0.5,-0.41435,180,0,0,210061
0,-1,8,0.5,-0.414485,180,0,0,210079
0,2,7,0.5,-0.414215,180,0,0,210095
0,7,4,0.5,-0.41327,180,0,0,210111
0,33,3,0.5,-0.408815,180,0,0,210127
0,22,3,0.5,-0.405845,180,0,0,210144
0,25,3,0.5,-0.40247,180,0,0,210160
0,29,5,0.5,-0.398555,180,0,0,210178
0,32,5,0.5,-0.394235,180,0,0,210195
0,31,4,0.5,-0.39005,180,0,0,210211
1,32,2,0.5,-0.38573,180,0,0,210227
-1,29,2,0.5,-0.381815,180,0,0,210244
1,26,0,0.5,-0.378305,180,0,0,210260
-1,19,0,0.5,-0.37574,180,0,0,210276
0,12,0,0.5,-0.37412,180,0,0,210293
0,8,-1,0.5,-0.37304,180,0,0,210310
0,6,0,0.5,-0.37223,180,0,0,210326
0,8,0,0.5,-0.37115,180,0,0,210343
0,10,0,0.5,-0.3698,180,0,0,210360
0,15,0,0.5,-0.367775,180,0,0,210376
0,16,1,0.5,-0.365615,180,0,0,210394
0,18,0,0.5,-0.363185,180,0,0,210410
3,16,2,0.5,-0.361025,180,0,0,210427
-6,14,-2,0.5,-0.359135,180,0,0,210445
0,11,0,0.5,-0.35765,180,0,1,210460
0,9,0,0.5,-0.356435,180,0,1,210476
0,7,0,0.5,-0.35549,180,0,1,210495
0,7,1,0.5,-0.354545,180,0,1,210510
0,8,4,0.5,-0.353465,180,0,0,210529
2,1,2,0.5,-0.35333,180,0,0,210544
0,1,3,0.5,-0.353195,180,0,0,210561
0,0,3,0.5,-0.353195,180,0,0,210577
0,1,2,0.5,-0.35306,180,0,0,210595
-2,4,0,0.5,-0.35252,180,0,0,210609
3,5,0,0.5,-0.351845,180,0,1,210626
-2,5,-1,0.5,-0.35117,180,0,1,210644
0,8,-1,0.5,-0.35009,180,0,1,210660
0,7,-1,0.5,-0.349145,180,0,1,210677
0,7,-1,0.5,-0.3482,180,0,0,210695
0,8,-1,0.5,-0.34712,180,0,0,210710
0,6,-2,0.5,-0.34631,180,0,0,210729
0,5,-2,0.5,-0.345635,180,0,0,210744
0,3,-1,0.5,-0.34523,180,0,0,210760
0,3,-3,0.5,-0.344825,180,0,0,210778
0,1,-2,0.5,-0.34469,180,0,1,210795
0,0,-3,0.5,-0.34469,180,0,1,210810
-1,-1,-3,0.5,-0.344825,180,0,0,210829
2,-3,0,0.5,-0.34523,180,0,0,210843
0,-3,-2,0.5,-0.345635,180,0,0,210860
0,-3,-2,0.5,-0.34604,180,0,0,210877
0,-2,-2,0.5,-0.34631,180,0,0,210895
0,0,-1,0.5,-0.34631,180,0,0,210910
0,1,-1,0.5,-0.346175,180,0,0,210928
0,2,-2,0.5,-0.345905,180,0,0,210945
0,1,-1,0.5,-0.34577,180,0,0,210961
0,1,0,0.5,-0.345635,180,0,0,210976
0,1,-1,0.5,-0.3455,180,0,0,210994
-7,1,-3,0.5,-0.345365,180,0,0,211010
2,0,0,0.5,-0.345365,180,0,0,211027
-2,-1,-1,0.5,-0.3455,180,0,0,211045
5,0,0,0.5,-0.3455,180,0,0,211059
0,-1,-1,0.5,-0.345635,180,0,0,211077
0,-1,-1,0.5,-0.34577,180,0,0,211094
0,-1,-1,0.5,-0.345905,180,0,0,211110
0,0,-1,0.5,-0.345905,180,0,0,211127
0,0,0,0.5,-0.345905,180,0,0,211145
0,0,-2,0.5,-0.345905,180,0,0,211160
-1,0,-1,0.5,-0.345905,180,0,0,211176
0,0,-1,0.5,-0.345905,180,0,0,211193
0,0,-1,0.5,-0.345905,180,0,0,211210
0,0,-1,0.5,-0.345905,180,0,0,211227
0,0,-1,0.5,-0.345905,180,0,0,211243
0,0,-1,0.5,-0.345905,180,0,0,211260
0,-1,-1,0.5,-0.34604,180,0,0,211277
0,0,-1,0.5,-0.34604,180,0,0,211293
0,1,-1,0.5,-0.345905,180,0,0,211310
0,0,-2,0.5,-0.345905,180,0,0,211327
0,0,-1,0.5,-0.345905,180,0,0,211345
0,0,-1,0.5,-0.345905,180,0,0,211360
0,0,-1,0.5,-0.345905,180,0,0,211376
0,0,-1,0.5,-0.345905,180,0,0,211393
0,0,-1,0.5,-0.345905,180,0,0,211410
0,0,-1,0.5,-0.345905,180,0,0,211426
0,0,-1,0.5,-0.345905,180,0,0,211443
0,0,0,0.5,-0.345905,180,0,0,211459
0,1,-1,0.5,-0.34577,180,0,0,211477
0,-1,0,0.5,-0.345905,180,0,0,211493
0,0,-1,0.5,-0.345905,180,0,0,211510
0,0,-1,0.5,-0.345905,180,0,0,211527
0,1,-1,0.5,-0.34577,180,0,0,211544
0,0,-1,0.5,-0.34577,180,0,0,211560
0,0,-1,0.5,-0.34577,180,0,0,211577
0,0,-1,0.5,-0.34577,180,0,0,211594
0,-1,0,0.5,-0.345905,180,0,0,211609
0,0,-1,0.5,-0.345905,180,0,0,211627
-1,0,-1,0.5,-0.345905,180,0,0,211646
0,1,-1,0.5,-0.34577,180,0,0,211660
0,0,0,0.5,-0.34577,180,0,0,211676
0,0,0,0.5,-0.34577,180,0,0,211693
0,0,0,0.5,-0.34577,180,0,0,211709
0,1,0,0.5,-0.345635,180,0,0,211727
0,0,0,0.5,-0.345635,180,0,0,211743
0,1,0,0.5,-0.3455,180,0,0,211760
0,0,0,0.5,-0.3455,180,0,0,211776
4,0,2,0.5,-0.3455,180,0,0,211796
0,0,0,0.5,-0.3455,180,0,0,211809
0,0,0,0.5,-0.3455,180,0,0,211826
0,0,0,0.5,-0.3455,180,0,0,211843
0,0,0,0.5,-0.3455,180,0,0,211859
0,0,0,0.5,-0.3455,180,0,0,211876
0,0,0,0.5,-0.3455,180,0,0,211892
0,1,0,0.5,-0.345365,180,0,0,211909
0,0,0,0.5,-0.345365,180,0,0,211926
0,0,0,0.5,-0.345365,180,0,0,211942
0,1,0,0.5,-0.34523,180,0,0,211959
0,0,0,0.5,-0.34523,180,0,0,211976
0,0,0,0.5,-0.34523,180,0,0,211992
0,0,0,0.5,-0.34523,180,0,0,212009
0,1,0,0.5,-0.345095,180,0,0,212026
0,0,0,0.5,-0.345095,180,0,0,212042
0,0,0,0.5,-0.345095,180,0,0,212059
0,0,0,0.5,-0.345095,180,0,0,212076
0,0,0,0.5,-0.345095,180,0,0,212092
0,0,0,0.5,-0.345095,180,0,0,212109
0,0,0,0.5,-0.345095,180,0,0,212126
0,1,0,0.5,-0.34496,180,0,0,212143
0,0,0,0.5,-0.34496,180,0,0,212159
0,0,0,0.5,-0.34496,180,0,0,212176
0,0,0,0.5,-0.34496,180,0,0,212192
0,1,0,0.5,-0.344825,180,0,0,212209
0,0,0,0.5,-0.344825,180,0,0,212226
0,0,0,0.5,-0.344825,180,0,0,212242
0,0,0,0.5,-0.344825,180,0,0,212259
0,1,0,0.5,-0.34469,180,0,0,212276
0,0,0,0.5,-0.34469,180,0,0,212292
0,0,1,0.5,-0.34469,180,0,0,212309
0,0,0,0.5,-0.34469,180,0,0,212326
0,1,0,0.5,-0.344555,180,0,0,212343
0,0,0,0.5,-0.344555,180,0,0,212359
0,0,0,0.5,-0.344555,180,0,0,212376
0,0,0,0.5,-0.344555,180,0,0,212394
0,0,-1,0.5,-0.344555,180,0,0,212410
-1,0,0,0.5,-0.344555,180,0,0,212426
0,1,0,0.5,-0.34442,180,0,0,212444
0,0,0,0.5,-0.34442,180,0,0,212460
0,1,0,0.5,-0.344285,180,0,0,212476
0,0,0,0.5,-0.344285,180,0,0,212492
0,0,0,0.5,-0.344285,180,0,0,212509
0,0,0,0.5,-0.344285,180,0,0,212526
0,1,0,0.5,-0.34415,180,0,0,212543
0,0,0,0.5,-0.34415,180,0,0,212559
0,0,0,0.5,-0.34415,180,0,0,212576
0,1,1,0.5,-0.344015,180,0,0,212593
1,0,1,0.5,-0.344015,180,0,0,212609
0,1,0,0.5,-0.34388,180,0,0,212626
0,1,1,0.5,-0.343745,180,0,0,212643
0,0,0,0.5,-0.343745,180,0,0,212659
0,0,0,0.5,-0.343745,180,0,0,212676
0,1,0,0.5,-0.34361,180,0,0,212693
0,0,0,0.5,-0.34361,180,0,0,212709
0,0,0,0.5,-0.34361,180,0,0,212726
0,0,0,0.5,-0.34361,180,0,0,212742
0,0,0,0.5,-0.34361,180,0,0,212759
0,0,0,0.5,-0.34361,180,0,0,212776
0,1,0,0.5,-0.343475,180,0,0,212793
0,0,0,0.5,-0.343475,180,0,0,212809
0,0,0,0.5,-0.343475,180,0,0,212826
-3,0,0,0.5,-0.343475,180,0,0,212843
0,1,-1,0.5,-0.34334,180,0,0,212859
0,1,0,0.5,-0.343205,180,0,0,212876
0,0,1,0.5,-0.343205,180,0,0,212893
0,1,1,0.5,-0.34307,180,0,0,212910
0,1,0,0.5,-0.342935,180,0,0,212926
0,0,0,0.5,-0.342935,180,0,0,212942
0,1,1,0.5,-0.3428,180,0,0,212960
0,0,0,0.5,-0.3428,180,0,0,212976
0,1,0,0.5,-0.342665,180,0,0,212993
0,0,1,0.5,-0.342665,180,0,0,213009
0,0,0,0.5,-0.342665,180,0,0,213027
0,1,0,0.5,-0.34253,180,0,0,213043
-1,0,0,0.5,-0.34253,180,0,0,213059
0,0,0,0.5,-0.34253,180,0,0,213076
5,0,3,0.5,-0.34253,180,0,0,213095
0,1,0,0.5,-0.342395,180,0,0,213111
0,0,0,0.5,-0.342395,180,0,0,213126
0,0,0,0.5,-0.342395,180,0,0,213142
0,1,0,0.5,-0.34226,180,0,0,213160
0,1,1,0.5,-0.342125,180,0,0,213177
0,0,0,0.5,-0.342125,180,0,0,213193
0,1,0,0.5,-0.34199,180,0,0,213210
0,1,0,0.5,-0.341855,180,0,0,213228
0,0,0,0.5,-0.341855,180,0,0,213243
0,0,1,0.5,-0.341855,180,0,0,213260
0,0,0,0.5,-0.341855,180,0,0,213276
0,1,0,0.5,-0.34172,180,0,0,213293
0,0,1,0.5,-0.34172,180,0,0,213309
0,0,0,0.5,-0.34172,180,0,0,213326
0,1,0,0.5,-0.341585,180,0,0,213344
0,1,0,0.5,-0.34145,180,0,0,213360
0,0,0,0.5,-0.34145,180,0,0,213376
0,0,0,0.5,-0.34145,180,0,0,213393
0,1,0,0.5,-0.341315,180,0,0,213410
0,0,1,0.5,-0.341315,180,0,0,213426
0,1,1,0.5,-0.34118,180,0,0,213443
0,0,1,0.5,-0.34118,180,0,0,213459
0,1,1,0.5,-0.341045,180,0,1,213478
0,0,1,0.5,-0.341045,180,0,1,213494
0,0,1,0.5,-0.341045,180,0,1,213509
0,0,2,0.5,-0.341045,180,0,0,213529
0,0,1,0.5,-0.341045,180,0,0,213543
0,1,1,0.5,-0.34091,180,0,0,213560
0,3,0,0.5,-0.340505,180,0,1,213577
0,4,1,0.5,-0.339965,180,0,1,213594
0,6,1,0.5,-0.339155,180,0,1,213611
0,7,1,0.5,-0.33821,180,0,1,213626
0,8,0,0.5,-0.33713,180,0,0,213643
0,9,0,0.5,-0.335915,180,0,0,213659
0,8,0,0.5,-0.334835,180,0,0,213677
0,6,1,0.5,-0.334025,180,0,0,213694
-2,7,3,0.5,-0.33308,180,0,0,213710
0,8,3,0.5,-0.332,180,0,0,213727
0,22,4,0.5,-0.32903,180,0,0,213745
0,17,2,0.5,-0.326735,180,0,0,213760
0,18,1,0.5,-0.324305,180,0,0,213777
0,22,2,0.5,-0.321335,180,0,0,213796
0,21,3,0.5,-0.3185,180,0,0,213810
0,23,4,0.5,-0.315395,180,0,0,213827
0,23,4,0.5,-0.31229,180,0,1,213845
0,20,4,0.5,-0.30959,180,0,1,213860
0,18,4,0.5,-0.30716,180,0,1,213878
0,15,4,0.5,-0.305135,180,0,1,213896
0,11,5,0.5,-0.30365,180,0,1,213911
0,7,3,0.5,-0.302705,180,0,0,213927
0,1,3,0.5,-0.30257,180,0,0,213945
0,-2,1,0.5,-0.30284,180,0,0,213960
0,-5,1,0.5,-0.303515,180,0,0,213978
0,-6,1,0.5,-0.304325,180,0,0,213995
0,-7,0,0.5,-0.30527,180,0,1,214010
0,-7,0,0.5,-0.306215,180,0,1,214027
0,-6,0,0.5,-0.307025,180,0,1,214043
0,-4,-2,0.5,-0.307565,180,0,0,214060
0,-3,-3,0.5,-0.30797,180,0,0,214078
0,-1,-3,0.5,-0.308105,180,0,0,214093
0,1,-4,0.5,-0.30797,180,0,0,214110
0,3,-3,0.5,-0.307565,180,0,0,214127
0,5,-6,0.5,-0.30689,180,0,0,214147
0,3,-3,0.5,-0.306485,180,0,1,214160
0,4,-3,0.5,-0.305945,180,0,1,214179
-1,3,-2,0.5,-0.30554,180,0,1,214194
2,2,-2,0.5,-0.30527,180,0,1,214210
0,1,-1,0.5,-0.305135,180,0,0,214227
0,0,-1,0.5,-0.305135,180,0,0,214244
0,0,0,0.5,-0.305135,180,0,0,214259
0,-1,0,0.5,-0.30527,180,0,0,214277
0,-1,0,0.5,-0.305405,180,0,0,214293
0,-1,1,0.5,-0.30554,180,0,0,214309
0,-1,0,0.5,-0.305675,180,0,0,214327
0,0,0,0.5,-0.305675,180,0,0,214343
0,0,0,0.5,-0.305675,180,0,0,214359
0,0,0,0.5,-0.305675,180,0,0,214376
0,2,0,0.5,-0.305405,180,0,0,214393
0,1,0,0.5,-0.30527,180,0,0,214409
0,1,0,0.5,-0.305135,180,0,0,214426
0,0,0,0.5,-0.305135,180,0,0,214443
0,1,0,0.5,-0.305,180,0,0,214459
0,-1,0,0.5,-0.305135,180,0,0,214476
0,0,0,0.5,-0.305135,180,0,0,214492
0,0,-1,0.5,-0.305135,180,0,0,214509
0,-2,-1,0.5,-0.305405,180,0,0,214526
0,-1,-1,0.5,-0.30554,180,0,0,214543
0,-3,-1,0.5,-0.305945,180,0,0,214560
0,0,0,0.5,-0.305945,180,0,0,214576
0,-1,-1,0.5,-0.30608,180,0,1,214593
0,0,0,0.5,-0.30608,180,0,1,214609
0,2,0,0.5,-0.30581,180,0,1,214627
0,1,0,0.5,-0.305675,180,0,1,214644
0,0,0,0.5,-0.305675,180,0,1,214659
0,1,0,0.5,-0.30554,180,0,1,214676
0,0,0,0.5,-0.30554,180,0,0,214692
0,0,0,0.5,-0.30554,180,0,0,214709
0,0,0,0.5,-0.30554,180,0,0,214726
0,-1,0,0.5,-0.305675,180,0,0,214743
0,-1,0,0.5,-0.30581,180,0,0,214759
0,0,0,0.5,-0.30581,180,0,1,214776
0,0,0,0.5,-0.30581,180,0,1,214793
0,0,0,0.5,-0.30581,180,0,1,214809
0,2,-1,0.5,-0.30554,180,0,1,214827
0,2,0,0.5,-0.30527,180,0,1,214843
0,3,0,0.5,-0.304865,180,0,1,214860
0,3,-1,0.5,-0.30446,180,0,1,214877
0,3,0,0.5,-0.304055,180,0,1,214894
0,4,-1,0.5,-0.303515,180,0,0,214910
0,3,0,0.5,-0.30311,180,0,0,214926
0,4,-1,0.5,-0.30257,180,0,0,214947
0,10,0,0.5,-0.30122,180,0,0,214959
0,5,0,0.5,-0.300545,180,0,0,214976
0,8,0,0.5,-0.299465,180,0,0,214993
0,8,1,0.5,-0.298385,180,0,1,215010
0,11,1,0.5,-0.2969,180,0,1,215029
0,13,2,0.5,-0.295145,180,0,1,215045
0,15,2,0.5,-0.29312,180,0,1,215060
0,15,2,0.5,-0.291095,180,0,0,215077
0,15,2,0.5,-0.28907,180,0,0,215093
0,14,2,0.5,-0.28718,180,0,0,215111
0,14,2,0.5,-0.28529,180,0,0,215127
0,13,1,0.5,-0.283535,180,0,0,215143
0,16,2,0.5,-0.281375,180,0,0,215164
0,17,2,0.5,-0.27908,180,0,0,215179
0,17,2,0.5,-0.276785,180,0,0,215196
0,17,4,0.5,-0.27449,180,0,0,215212
0,17,3,0.5,-0.272195,180,0,0,215227
0,16,1,0.5,-0.270035,180,0,0,215243
0,17,2,0.5,-0.26774,180,0,0,215261
0,12,3,0.5,-0.26612,180,0,0,215277
1,12,2,0.5,-0.2645,180,0,0,215293
0,23,6,0.5,-0.261395,180,0,1,215313
0,0,2,0.5,-0.261395,180,0,1,215327
4,27,10,0.5,-0.25775,180,0,1,215350
0,0,0,0.5,-0.25775,180,0,1,215360
0,35,7,0.5,-0.253025,180,0,1,215378
0,19,3,0.5,-0.25046,180,0,1,215394
0,19,3,0.5,-0.247895,180,0,0,215411
0,20,4,0.5,-0.245195,180,0,0,215427
0,16,6,0.5,-0.243035,180,0,0,215445
0,16,6,0.5,-0.240875,180,0,0,215462
0,18,4,0.5,-0.238445,180,0,0,215477
0,15,3,0.5,-0.23642,180,0,0,215494
0,15,1,0.5,-0.234395,180,0,0,215510
0,15,1,0.5,-0.23237,180,0,0,215526
0,16,1,0.5,-0.23021,180,0,0,215544
0,18,1,0.5,-0.22778,180,0,0,215560
0,19,1,0.5,-0.225215,180,0,0,215576
0,22,2,0.5,-0.222245,180,0,0,215593
0,25,1,0.5,-0.21887,180,0,0,215610
0,25,0,0.5,-0.215495,180,0,0,215626
0,25,0,0.5,-0.21212,180,0,0,215644
3,25,1,0.5,-0.208745,180,0,0,215664
0,22,-2,0.5,-0.205775,180,1,1,215677
0,22,-3,0.5,-0.202805,180,1,1,215695
0,22,-4,0.5,-0.199835,180,1,1,215712
0,21,-5,0.5,-0.197,180,0,1,215728
0,41,-4,0.5,-0.191465,180,0,1,215746
0,16,-11,0.5,-0.189305,180,0,0,215763
0,14,-5,0.5,-0.187415,180,0,0,215777
0,11,-3,0.5,-0.18593,180,0,0,215794
1,10,-4,0.5,-0.18458,180,0,0,215810
0,8,-3,0.5,-0.1835,180,0,1,215827
0,4,-1,0.5,-0.18296,180,0,1,215843
0,-1,-1,0.5,-0.183095,180,0,1,215860
0,-5,-1,0.5,-0.18377,180,0,1,215876
0,-9,-2,0.5,-0.184985,180,0,1,215894
1,-10,-3,0.5,-0.186335,180,0,1,215910
0,-9,-3,0.5,-0.18755,180,0,1,215927
0,-8,-3,0.5,-0.18863,180,0,1,215944
0,-7,-3,0.5,-0.189575,180,0,1,215960
0,-4,-2,0.5,-0.190115,180,0,0,215977
0,-2,-3,0.5,-0.190385,180,0,0,215995
0,0,-2,0.5,-0.190385,180,0,1,216010
0,0,-3,0.5,-0.190385,180,0,1,216027
0,1,-2,0.5,-0.19025,180,0,1,216043
0,0,-2,0.5,-0.19025,180,0,1,216060
0,-1,-2,0.5,-0.190385,180,0,1,216077
0,-1,-2,0.5,-0.19052,180,0,1,216094
0,-2,-1,0.5,-0.19079,180,0,1,216109
0,-2,-2,0.5,-0.19106,180,0,1,216128
-4,-3,-4,0.5,-0.191465,180,0,1,216146
0,-2,-3,0.5,-0.191735,180,0,1,216162
0,-2,-2,0.5,-0.192005,180,0,0,216177
0,-1,-2,0.5,-0.19214,180,0,0,216197
0,0,-2,0.5,-0.19214,180,0,0,216210
0,0,-2,0.5,-0.19214,180,0,0,216227
0,0,-2,0.5,-0.19214,180,0,1,216244
0,1,-2,0.5,-0.192005,180,0,1,216260
0,2,-2,0.5,-0.191735,180,0,0,216277
0,1,-2,0.5,-0.1916,180,0,0,216296
0,1,-2,0.5,-0.191465,180,0,0,216310
0,0,-2,0.5,-0.191465,180,0,0,216327
0,-1,-2,0.5,-0.1916,180,0,0,216345
0,0,-2,0.5,-0.1916,180,0,1,216360
0,0,-1,0.5,-0.1916,180,0,1,216376
0,0,-1,0.5,-0.1916,180,0,0,216394
0,0,-1,0.5,-0.1916,180,0,0,216409
-1,-1,-2,0.5,-0.191735,180,0,0,216427
0,-1,0,0.5,-0.19187,180,0,0,216443
1,0,0,0.5,-0.19187,180,0,0,216459
0,0,-1,0.5,-0.19187,180,0,1,216478
-1,0,0,0.5,-0.19187,180,0,1,216493
0,1,0,0.5,-0.191735,180,0,1,216509
0,0,-1,0.5,-0.191735,180,0,0,216527
0,0,-1,0.5,-0.191735,180,0,0,216544
0,-1,-2,0.5,-0.19187,180,0,0,216560
0,0,-1,0.5,-0.19187,180,0,0,216576
0,0,-1,0.5,-0.19187,180,0,1,216594
0,1,-1,0.5,-0.191735,180,0,1,216610
0,0,-1,0.5,-0.191735,180,0,1,216626
0,0,-1,0.5,-0.191735,180,0,0,216644
0,0,-1,0.5,-0.191735,180,0,0,216659
0,-1,-1,0.5,-0.19187,180,0,0,216676
0,0,-1,0.5,-0.19187,180,0,0,216693
0,0,0,0.5,-0.19187,180,0,0,216709
0,0,-1,0.5,-0.19187,180,0,1,216726
0,0,0,0.5,-0.19187,180,0,1,216742
0,0,0,0.5,-0.19187,180,0,1,216759
0,1,0,0.5,-0.191735,180,0,0,216776
0,0,-1,0.5,-0.191735,180,0,0,216793
0,1,0,0.5,-0.1916,180,0,0,216809
0,0,-1,0.5,-0.1916,180,0,0,216826
0,0,0,0.5,-0.1916,180,0,0,216844
4,1,0,0.5,-0.191465,180,0,1,216859
0,0,0,0.5,-0.191465,180,0,1,216876
2,0,1,0.5,-0.191465,180,0,1,216893
0,1,-1,0.5,-0.19133,180,0,0,216910
-1,0,-1,0.5,-0.19133,180,0,0,216926
0,0,-1,0.5,-0.19133,180,0,0,216943
0,0,-1,0.5,-0.19133,180,0,0,216959
0,0,0,0.5,-0.19133,180,0,0,216976
0,1,0,0.5,-0.191195,180,0,1,216993
1,0,0,0.5,-0.191195,180,0,1,217009
0,2,0,0.5,-0.190925,180,0,1,217026
0,1,0,0.5,-0.19079,180,0,0,217043
0,0,0,0.5,-0.19079,180,0,0,217059
0,0,0,0.5,-0.19079,180,0,0,217076
0,0,0,0.5,-0.19079,180,0,0,217092
0,0,0,0.5,-0.19079,180,0,0,217109
0,0,0,0.5,-0.19079,180,0,1,217126
0,0,0,0.5,-0.19079,180,0,1,217142
0,1,0,0.5,-0.190655,180,0,1,217159
0,1,0,0.5,-0.19052,180,0,0,217176
-2,1,0,0.5,-0.190385,180,0,0,217193
-1,0,0,0.5,-0.190385,180,0,0,217209
0,0,0,0.5,-0.190385,180,0,0,217226
0,0,0,0.5,-0.190385,180,0,0,217242
0,0,0,0.5,-0.190385,180,0,0,217259
0,0,0,0.5,-0.190385,180,0,1,217276
0,0,1,0.5,-0.190385,180,0,1,217293
0,0,0,0.5,-0.190385,180,0,1,217309
0,1,1,0.5,-0.19025,180,0,0,217327
0,1,0,0.5,-0.190115,180,0,0,217343
0,1,0,0.5,-0.18998,180,0,0,217359
0,0,0,0.5,-0.18998,180,0,0,217376
0,0,0,0.5,-0.18998,180,0,0,217393
0,0,0,0.5,-0.18998,180,0,0,217409
0,0,0,0.5,-0.18998,180,0,1,217426
0,0,0,0.5,-0.18998,180,0,1,217443
0,0,1,0.5,-0.18998,180,0,1,217460
0,1,0,0.5,-0.189845,180,0,0,217477
0,1,0,0.5,-0.18971,180,0,0,217493
0,0,1,0.5,-0.18971,180,0,0,217510
0,1,0,0.5,-0.189575,180,0,0,217527
0,0,1,0.5,-0.189575,180,0,0,217543
0,1,0,0.5,-0.18944,180,0,1,217559
0,0,0,0.5,-0.18944,180,0,1,217576
0,2,1,0.5,-0.18917,180,0,1,217593
0,1,1,0.5,-0.189035,180,0,1,217610
0,1,0,0.5,-0.1889,180,0,0,217626
0,1,0,0.5,-0.188765,180,0,0,217643
0,0,0,0.5,-0.188765,180,0,0,217659
0,0,0,0.5,-0.188765,180,0,0,217676
0,0,0,0.5,-0.188765,180,0,0,217692
0,0,0,0.5,-0.188765,180,0,1,217709
0,0,1,0.5,-0.188765,180,0,1,217726
0,1,1,0.5,-0.18863,180,0,1,217743
0,1,0,0.5,-0.188495,180,0,1,217759
0,1,1,0.5,-0.18836,180,0,0,217776
0,1,0,0.5,-0.188225,180,0,0,217793
0,0,0,0.5,-0.188225,180,0,0,217809
0,1,1,0.5,-0.18809,180,0,0,217826
0,0,0,0.5,-0.18809,180,0,0,217842
0,2,0,0.5,-0.18782,180,0,1,217859
0,2,1,0.5,-0.18755,180,0,1,217877
0,0,0,0.5,-0.18755,180,0,1,217892
0,1,1,0.5,-0.187415,180,0,1,217910
0,1,0,0.5,-0.18728,180,0,0,217927
-1,0,2,0.5,-0.18728,180,0,0,217943
0,1,1,0.5,-0.187145,180,0,0,217959
0,0,0,0.5,-0.187145,180,0,0,217976
0,0,1,0.5,-0.187145,180,0,0,217994
0,0,1,0.5,-0.187145,180,0,1,218009
0,0,1,0.5,-0.187145,180,0,1,218026
0,1,0,0.5,-0.18701,180,0,1,218043
0,1,1,0.5,-0.186875,180,0,1,218060
0,1,1,0.5,-0.18674,180,0,0,218076
0,2,1,0.5,-0.18647,180,0,0,218094
0,0,1,0.5,-0.18647,180,0,0,218109
0,0,0,0.5,-0.18647,180,0,0,218126
0,0,0,0.5,-0.18647,180,0,0,218142
0,0,1,0.5,-0.18647,180,0,0,218160
0,2,2,0.5,-0.1862,180,0,1,218176
0,1,1,0.5,-0.186065,180,0,1,218193
0,1,0,0.5,-0.18593,180,0,1,218211
0,0,1,0.5,-0.18593,180,0,0,218226
0,1,0,0.5,-0.185795,180,0,0,218243
0,0,1,0.5,-0.185795,180,0,0,218260
0,1,1,0.5,-0.18566,180,0,0,218277
1,0,1,0.5,-0.18566,180,0,0,218293
-1,1,0,0.5,-0.185525,180,0,0,218309
0,1,1,0.5,-0.18539,180,0,1,218327
0,1,0,0.5,-0.185255,180,0,1,218343
0,0,0,0.5,-0.185255,180,0,1,218360
0,1,1,0.5,-0.18512,180,0,0,218378
0,1,0,0.5,-0.184985,180,0,0,218393
0,0,-1,0.5,-0.184985,180,0,0,218410
0,0,0,0.5,-0.184985,180,0,0,218426
0,0,1,0.5,-0.184985,180,0,0,218443
0,-1,0,0.5,-0.18512,180,0,0,218459
-1,0,0,0.5,-0.18512,180,0,0,218476
0,0,0,0.5,-0.18512,180,0,1,218493
0,1,1,0.5,-0.184985,180,0,1,218511
0,0,0,0.5,-0.184985,180,0,1,218526
0,3,1,0.5,-0.18458,180,0,0,218543
0,0,0,0.5,-0.18458,180,0,0,218559
0,0,0,0.5,-0.18458,180,0,0,218576
0,1,0,0.5,-0.184445,180,0,0,218593
0,0,0,0.5,-0.184445,180,0,0,218609
0,0,0,0.5,-0.184445,180,0,0,218626
0,1,0,0.5,-0.18431,180,0,0,218643
0,0,0,0.5,-0.18431,180,0,1,218659
0,0,0,0.5,-0.18431,180,0,1,218676
0,0,1,0.5,-0.18431,180,0,1,218693
0,0,0,0.5,-0.18431,180,0,1,218709
0,0,0,0.5,-0.18431,180,0,0,218726
0,-2,0,0.5,-0.18458,180,0,0,218742
0,0,0,0.5,-0.18458,180,0,0,218759
0,0,0,0.5,-0.18458,180,0,0,218776
0,0,0,0.5,-0.18458,180,0,0,218792
0,0,0,0.5,-0.18458,180,0,1,218809
0,2,1,0.5,-0.18431,180,0,1,218826
0,2,1,0.5,-0.18404,180,0,1,218843
0,2,0,0.5,-0.18377,180,0,1,218860
0,1,0,0.5,-0.183635,180,0,1,218876
0,0,0,0.5,-0.183635,180,0,0,218892
0,0,0,0.5,-0.183635,180,0,0,218909
0,0,0,0.5,-0.183635,180,0,0,218926
0,0,0,0.5,-0.183635,180,0,0,218942
0,0,0,0.5,-0.183635,180,0,0,218959
0,0,0,0.5,-0.183635,180,0,0,218977
0,0,0,0.5,-0.183635,180,0,0,218992
0,0,0,0.5,-0.183635,180,0,1,219009
0,1,0,0.5,-0.1835,180,0,1,219026
0,1,0,0.5,-0.183365,180,0,1,219042
0,0,0,0.5,-0.183365,180,0,1,219059
0,1,0,0.5,-0.18323,180,0,0,219076
0,0,0,0.5,-0.18323,180,0,0,219092
0,0,0,0.5,-0.18323,180,0,0,219109
0,0,0,0.5,-0.18323,180,0,0,219126
0,0,0,0.5,-0.18323,180,0,0,219142
0,0,0,0.5,-0.18323,180,0,0,219159
0,1,0,0.5,-0.183095,180,0,0,219176
0,0,0,0.5,-0.183095,180,0,0,219192
0,1,0,0.5,-0.18296,180,0,0,219209
0,0,0,0.5,-0.18296,180,0,0,219226
0,0,0,0.5,-0.18296,180,0,1,219243
0,0,0,0.5,-0.18296,180,0,1,219259
0,0,0,0.5,-0.18296,180,0,0,219277
0,0,0,0.5,-0.18296,180,0,0,219293
0,0,0,0.5,-0.18296,180,0,0,219309
0,0,0,0.5,-0.18296,180,0,0,219325
0,0,0,0.5,-0.18296,180,0,0,219342
0,0,0,0.5,-0.18296,180,0,0,219359
0,0,0,0.5,-0.18296,180,0,0,219375
0,0,-1,0.5,-0.18296,180,0,0,219392
0,0,0,0.5,-0.18296,180,0,0,219409
0,0,0,0.5,-0.18296,180,0,0,219426
0,0,0,0.5,-0.18296,180,0,0,219442
0,0,0,0.5,-0.18296,180,0,0,219459
0,0,0,0.5,-0.18296,180,0,0,219477
0,0,0,0.5,-0.18296,180,0,0,219492
0,0,0,0.5,-0.18296,180,0,0,219509
0,-1,0,0.5,-0.183095,180,0,0,219526
0,0,0,0.5,-0.183095,180,0,0,219542
0,-1,-1,0.5,-0.18323,180,0,0,219559
0,0,0,0.5,-0.18323,180,0,0,219575
1,1,0,0.5,-0.183095,180,0,0,219592
0,0,-1,0.5,-0.183095,180,0,0,219610
0,-1,0,0.5,-0.18323,180,0,0,219627
0,0,0,0.5,-0.18323,180,0,0,219642
-1,0,0,0.5,-0.18323,180,0,0,219659
0,0,0,0.5,-0.18323,180,0,0,219677
0,0,0,0.5,-0.18323,180,0,0,219692
0,0,0,0.5,-0.18323,180,0,0,219709
0,0,0,0.5,-0.18323,180,0,0,219726
0,0,0,0.5,-0.18323,180,0,0,219742
0,0,0,0.5,-0.18323,180,0,0,219759
0,-1,0,0.5,-0.183365,180,0,0,219776
0,0,0,0.5,-0.183365,180,0,0,219792
0,0,0,0.5,-0.183365,180,0,0,219809
0,0,0,0.5,-0.183365,180,0,0,219825
0,0,0,0.5,-0.183365,180,0,0,219842
0,-1,0,0.5,-0.1835,180,0,0,219859
0,0,0,0.5,-0.1835,180,0,0,219875
0,-1,0,0.5,-0.183635,180,0,0,219892
0,0,0,0.5,-0.183635,180,0,0,219909
-2,0,0,0.5,-0.183635,180,0,0,219927
0,0,0,0.5,-0.183635,180,0,0,219942
3,0,0,0.5,-0.183635,180,0,0,219960
0,0,0,0.5,-0.183635,180,0,0,219975
0,0,-1,0.5,-0.183635,180,0,0,219992
0,0,0,0.5,-0.183635,180,0,0,220009
0,0,0,0.5,-0.183635,180,0,0,220025
0,-1,0,0.5,-0.18377,180,0,0,220043
0,-2,-1,0.5,-0.18404,180,0,0,220060
0,-3,0,0.5,-0.184445,180,0,0,220077
0,-3,0,0.5,-0.18485,180,0,0,220093
0,-4,-1,0.5,-0.18539,180,0,0,220110
0,-3,0,0.5,-0.185795,180,0,0,220126
0,0,0,0.5,-0.185795,180,0,0,220142
0,4,0,0.5,-0.185255,180,0,0,220159
0,5,0,0.5,-0.18458,180,0,0,220176
0,15,0,0.5,-0.182555,180,0,0,220192
0,22,0,0.5,-0.179585,180,0,0,220210
0,25,0,0.5,-0.17621,180,0,0,220228
0,32,2,0.5,-0.17189,180,0,0,220243
0,41,2,0.5,-0.166355,180,0,0,220260
0,47,1,0.5,-0.16001,180,0,0,220276
0,48,0,0.5,-0.15353,180,0,0,220292
0,51,-1,0.5,-0.146645,180,0,0,220310
1,42,-4,0.5,-0.140975,180,0,0,220330
0,41,-6,0.5,-0.13544,180,0,0,220344
0,37,-6,0.5,-0.130445,180,0,0,220360
0,33,-5,0.5,-0.12599,180,0,0,220377
1,37,-5,0.5,-0.120995,180,0,0,220394
0,35,-5,0.5,-0.11627,180,0,0,220410
0,36,-5,0.5,-0.11141,180,0,0,220429
0,43,-6,0.5,-0.105605,180,0,0,220446
0,44,-6,0.5,-0.099665,180,0,0,220469
0,45,-5,0.5,-0.09359,180,0,0,220478
0,42,-6,0.5,-0.08792,180,0,0,220495
0,42,-8,0.5,-0.08225,180,0,0,220511
-1,35,-9,0.5,-0.077525,180,0,0,220529
0,25,-9,0.5,-0.07415,180,0,0,220545
0,14,-8,0.5,-0.07226,180,0,0,220561
0,5,-14,0.5,-0.071585,180,0,0,220581
0,-3,-5,0.5,-0.07199,180,0,0,220596
0,-4,-4,0.5,-0.07253,180,0,0,220610
0,-6,-5,0.5,-0.07334,180,0,0,220631
0,-4,-4,0.5,-0.07388,180,0,0,220644
0,-2,-4,0.5,-0.07415,180,0,0,220660
0,2,-4,0.5,-0.07388,180,0,0,220677
0,9,-4,0.5,-0.072665,180,0,0,220695
0,15,-5,0.5,-0.07064,180,0,0,220710
2,20,-6,0.5,-0.06794,180,0,0,220731
1,26,-9,0.5,-0.06443,180,0,0,220746
0,23,-9,0.5,-0.061325,180,0,0,220761
1,32,-13,0.5,-0.057005,180,0,0,220780
0,33,-12,0.5,-0.05255,180,0,0,220797
-3,35,-12,0.5,-0.047825,180,0,0,220812
0,34,-7,0.5,-0.043235,180,0,0,220829
0,31,-8,0.5,-0.03905,180,0,0,220846
0,29,-9,0.5,-0.035135,180,0,0,220864
0,30,-9,0.5,-0.031085,180,0,0,220879
2,28,-9,0.5,-0.027305,180,0,0,220897
0,30,-8,0.5,-0.023255,180,0,0,220913
0,32,-8,0.5,-0.018935,180,0,0,220929
0,27,-9,0.5,-0.01529,180,0,0,220946
0,24,-11,0.5,-0.01205,180,0,0,220963
0,44,-20,0.5,-0.00611,180,0,0,220982
0,16,-7,0.5,-0.00395,180,0,0,220995
0,12,-7,0.5,-0.00233,180,0,0,221011
0,14,-7,0.5,-0.00044,180,0,0,221027
0,18,-6,0.5,0.00199,180,0,0,221044
1,24,-6,0.5,0.00523,180,0,0,221061
0,31,-4,0.5,0.009415,180,0,0,221077
0,35,-4,0.5,0.01414,180,0,0,221094
0,38,-7,0.5,0.01927,180,0,0,221111
0,37,-10,0.5,0.024265,180,0,0,221128
0,37,-9,0.5,0.02926,180,0,0,221146
0,32,-5,0.5,0.03358,180,0,0,221161
1,26,-3,0.5,0.03709,180,0,0,221177
0,27,-2,0.5,0.040735,180,0,0,221193
1,25,-1,0.5,0.04411,180,0,0,221209
0,28,-1,0.5,0.04789,180,0,0,221226
0,31,0,0.5,0.052075,180,0,0,221242
0,37,3,0.5,0.05707,180,0,0,221260
0,37,4,0.5,0.062065,180,0,0,221277
0,37,2,0.5,0.06706,180,0,0,221293
0,34,0,0.5,0.07165,180,0,0,221309
0,33,0,0.5,0.076105,180,0,0,221326
0,28,-1,0.5,0.079885,180,0,0,221343
0,19,1,0.5,0.08245,180,0,0,221360
0,18,4,0.5,0.08488,180,0,0,221378
0,38,10,0.5,0.09001,180,0,0,221395
0,25,7,0.5,0.093385,180,0,0,221411
1,30,12,0.5,0.097435,180,0,0,221429
0,36,11,0.5,0.102295,180,0,0,221450
0,35,11,0.5,0.10702,180,0,0,221462
0,33,9,0.5,0.111475,180,0,0,221480
0,24,6,0.5,0.114715,180,0,0,221494
0,20,6,0.5,0.117415,180,0,0,221511
0,18,5,0.5,0.119845,180,0,0,221527
0,14,7,0.5,0.121735,180,0,0,221544
0,13,6,0.5,0.12349,180,0,0,221563
1,17,9,0.5,0.125785,180,0,0,221578
0,23,10,0.5,0.12889,180,0,0,221596
0,31,12,0.5,0.133075,180,0,0,221615
-1,42,17,0.5,0.138745,180,0,0,221630
-1,49,16,0.5,0.14536,180,0,0,221649
0,46,14,0.5,0.15157,180,0,0,221665
0,45,12,0.5,0.157645,180,0,0,221680
0,40,9,0.5,0.163045,180,0,0,221697
0,29,10,0.5,0.16696,180,0,0,221713
0,19,12,0.5,0.169525,180,0,0,221730
0,14,11,0.5,0.171415,180,0,0,221746
-1,11,10,0.5,0.1729,180,0,0,221761
0,20,8,0.5,0.1756,180,0,0,221779
0,12,18,0.5,0.17722,180,0,0,221799
0,13,10,0.5,0.178975,180,0,0,221812
0,13,10,0.5,0.18073,180,0,0,221829
0,9,11,0.5,0.181945,180,0,0,221844
0,5,11,0.5,0.18262,180,0,0,221862
0,4,13,0.5,0.18316,180,0,0,221880
0,6,13,0.5,0.18397,180,0,0,221897
0,13,15,0.5,0.185725,180,0,0,221912
0,17,12,0.5,0.18802,180,0,0,221932
-1,21,10,0.5,0.190855,180,0,0,221945
0,28,9,0.5,0.194635,180,0,0,221961
0,31,8,0.5,0.19882,180,0,0,221978
0,31,9,0.5,0.203005,180,0,0,221994
0,24,11,0.5,0.206245,180,0,0,222011
0,17,11,0.5,0.20854,180,0,0,222030
0,16,9,0.5,0.2107,180,0,0,222046
0,18,7,0.5,0.21313,180,0,0,222061
0,20,6,0.5,0.21583,180,0,0,222078
0,21,6,0.5,0.218665,180,0,0,222094
0,24,6,0.5,0.221905,180,0,0,222111
0,30,4,0.5,0.225955,180,0,0,222127
0,37,4,0.5,0.23095,180,0,0,222144
0,40,3,0.5,0.23635,180,0,0,222161
0,82,2,0.5,0.24742,180,0,0,222179
0,35,3,0.5,0.252145,180,0,0,222193
0,30,3,0.5,0.256195,180,0,0,222210
0,27,4,0.5,0.25984,180,0,0,222228
0,23,4,0.5,0.262945,180,0,0,222244
0,17,5,0.5,0.26524,180,0,0,222261
0,11,5,0.5,0.266725,180,0,0,222279
0,6,5,0.5,0.267535,180,0,0,222294
0,2,6,0.5,0.267805,180,0,0,222311
-1,4,5,0.5,0.268345,180,0,0,222329
0,11,5,0.5,0.26983,180,0,0,222346
0,25,3,0.5,0.273205,180,0,0,222360
0,38,0,0.5,0.278335,180,0,0,222376
0,53,0,0.5,0.28549,180,0,0,222393
0,58,-3,0.5,0.29332,180,0,0,222410
0,56,-3,0.5,0.30088,180,0,0,222427
0,53,-2,0.5,0.308035,180,0,0,222443
0,49,-1,0.5,0.31465,180,0,0,222459
0,45,0,0.5,0.320725,180,0,0,222476
0,38,0,0.5,0.325855,180,0,0,222492
0,33,0,0.5,0.33031,180,0,0,222509
0,26,0,0.5,0.33382,180,0,0,222526
0,21,0,0.5,0.336655,180,0,0,222543
-1,18,0,0.5,0.339085,180,0,0,222559
0,25,0,0.5,0.34246,180,0,0,222576
0,3,1,0.5,0.342865,180,0,0,222593
0,-3,2,0.5,0.34246,180,0,0,222609
0,-8,2,0.5,0.34138,180,0,0,222627
0,-9,2,0.5,0.340165,180,0,0,222645
-1,-11,1,0.5,0.33868,180,0,0,222659
0,-12,0,0.5,0.33706,180,0,0,222676
0,-8,-1,0.5,0.33598,180,0,0,222693
0,-4,-2,0.5,0.33544,180,0,0,222710
0,-3,-5,0.5,0.335035,180,0,0,222727
0,0,-6,0.5,0.335035,180,0,0,222745
0,2,-9,0.5,0.335305,180,0,0,222761
0,5,-12,0.5,0.33598,180,0,0,222779
0,11,-13,0.5,0.337465,180,0,0,222797
0,17,-14,0.5,0.33976,180,0,0,222812
0,21,-14,0.5,0.342595,180,0,0,222832
0,23,-13,0.5,0.3457,180,0,0,222846
0,25,-14,0.5,0.349075,180,0,0,222867
0,25,-13,0.5,0.35245,180,0,0,222882
0,24,-14,0.5,0.35569,180,0,0,222896
0,19,-13,0.5,0.358255,180,0,0,222912
0,16,-11,0.5,0.360415,180,0,0,222930
0,13,-9,0.5,0.36217,180,0,0,222946
0,11,-7,0.5,0.363655,180,0,0,222961
0,0,0,0.5,0.363655,180,0,0,222975
0,-7,-1,0.5,0.36271,180,0,0,222993
0,-10,0,0.5,0.36136,180,0,0,223009
0,-12,1,0.5,0.35974,180,0,0,223026
0,-12,2,0.5,0.35812,180,0,0,223043
0,-10,2,0.5,0.35677,180,0,0,223060
0,-10,-1,0.5,0.35542,180,0,0,223076
0,-6,0,0.5,0.35461,180,0,0,223092
-1,-3,-2,0.5,0.354205,180,0,0,223110
0,-1,-3,0.5,0.35407,180,0,0,223128
0,2,-4,0.5,0.35434,180,0,0,223144
0,4,-5,0.5,0.35488,180,0,0,223161
0,4,-4,0.5,0.35542,180,0,0,223177
1,5,-5,0.5,0.356095,180,0,0,223199
0,6,-4,0.5,0.356905,180,0,0,223210
0,4,-3,0.5,0.357445,180,0,0,223227
0,5,-3,0.5,0.35812,180,0,0,223244
0,4,-1,0.5,0.35866,180,0,0,223259
0,4,-1,0.5,0.3592,180,0,0,223276
0,4,0,0.5,0.35974,180,0,0,223293
0,5,0,0.5,0.360415,180,0,0,223309
0,7,1,0.5,0.36136,180,0,0,223326
0,12,1,0.5,0.36298,180,0,0,223343
0,4,0,0.5,0.36352,180,0,0,223359
0,1,0,0.5,0.363655,180,0,0,223376
0,1,1,0.5,0.36379,180,0,0,223393
0,-1,1,0.5,0.363655,180,0,0,223409
0,-1,1,0.5,0.36352,180,0,0,223426
0,-2,1,0.5,0.36325,180,0,0,223443
0,0,0,0.5,0.36325,180,0,0,223459
0,0,0,0.5,0.36325,180,0,0,223476
0,0,-2,0.5,0.36325,180,0,0,223494
1,2,-2,0.5,0.36352,180,0,0,223510
0,4,-3,0.5,0.36406,180,0,0,223527
-1,6,-4,0.5,0.36487,180,0,0,223545
3,8,-4,0.5,0.36595,180,0,0,223560
0,11,-5,0.5,0.367435,180,0,0,223577
0,12,-5,0.5,0.369055,180,0,0,223595
0,12,-5,0.5,0.370675,180,0,0,223610
0,9,-5,0.5,0.37189,180,0,0,223627
0,5,-4,0.5,0.372565,180,0,0,223645
0,3,-2,0.5,0.37297,180,0,0,223664
0,2,-1,0.5,0.37324,180,0,0,223676
0,4,0,0.5,0.37378,180,0,0,223692
0,6,1,0.5,0.37459,180,0,0,223709
0,10,3,0.5,0.37594,180,0,0,223727
0,26,4,0.5,0.37945,180,0,0,223744
0,19,0,0.5,0.382015,180,0,0,223759
0,24,1,0.5,0.385255,180,0,0,223776
0,26,-4,0.5,0.388765,180,0,0,223794
1,24,-6,0.5,0.392005,180,0,0,223810
0,18,-6,0.5,0.394435,180,0,0,223827
0,14,-7,0.5,0.396325,180,0,0,223845
0,7,-7,0.5,0.39727,180,0,0,223861
0,1,-7,0.5,0.397405,180,0,0,223877
-2,-3,-7,0.5,0.397,180,0,0,223895
0,-6,-7,0.5,0.39619,180,0,0,223911
0,-6,-6,0.5,0.39538,180,0,0,223927
0,-5,-6,0.5,0.394705,180,0,0,223946
0,-4,-5,0.5,0.394165,180,0,0,223961
0,-1,-4,0.5,0.39403,180,0,0,223977
0,0,-3,0.5,0.39403,180,0,0,223997
0,1,-2,0.5,0.394165,180,0,0,224010
0,2,-1,0.5,0.394435,180,0,0,224027
3,3,1,0.5,0.39484,180,0,0,224044
0,3,1,0.5,0.395245,180,0,0,224059
0,4,0,0.5,0.395785,180,0,0,224076
0,3,0,0.5,0.39619,180,0,0,224093
0,3,0,0.5,0.396595,180,0,0,224109
0,2,-2,0.5,0.396865,180,0,0,224127
0,2,-2,0.5,0.397135,180,0,0,224143
0,0,-2,0.5,0.397135,180,0,0,224160
0,0,-1,0.5,0.397135,180,0,0,224176
0,-1,-2,0.5,0.397,180,0,0,224193
0,-1,-2,0.5,0.396865,180,0,0,224210
0,-1,-2,0.5,0.39673,180,0,0,224226
0,0,-2,0.5,0.39673,180,0,0,224244
0,-1,-2,0.5,0.396595,180,0,0,224260
0,0,-2,0.5,0.396595,180,0,0,224276
0,0,-2,0.5,0.396595,180,0,0,224294
0,0,0,0.5,0.396595,180,0,0,224309
0,0,-1,0.5,0.396595,180,0,0,224326
0,0,-1,0.5,0.396595,180,0,0,224343
-1,0,-1,0.5,0.396595,180,0,0,224359
0,0,-1,0.5,0.396595,180,0,0,224377
0,0,-1,0.5,0.396595,180,0,0,224393
0,0,0,0.5,0.396595,180,0,0,224409
-1,0,-1,0.5,0.396595,180,0,0,224426
0,0,0,0.5,0.396595,180,0,0,224442
0,0,-1,0.5,0.396595,180,0,0,224459
0,0,-1,0.5,0.396595,180,0,0,224476
0,0,-1,0.5,0.396595,180,0,0,224493
0,0,-1,0.5,0.396595,180,0,0,224509
3,0,-1,0.5,0.396595,180,0,0,224526
0,0,0,0.5,0.396595,180,0,0,224542
0,-1,-2,0.5,0.39646,180,0,0,224560
0,0,-2,0.5,0.39646,180,0,0,224576
0,0,-1,0.5,0.39646,180,0,0,224593
0,0,0,0.5,0.39646,180,0,0,224609
0,-1,-1,0.5,0.396325,180,0,0,224626
0,0,-1,0.5,0.396325,180,0,0,224643
0,0,-1,0.5,0.396325,180,0,0,224659
0,0,-1,0.5,0.396325,180,0,0,224676
0,0,-1,0.5,0.396325,180,0,0,224693
0,0,-1,0.5,0.396325,180,0,0,224709
0,0,-1,0.5,0.396325,180,0,0,224726
0,1,-1,0.5,0.39646,180,0,0,224743
0,1,0,0.5,0.396595,180,0,0,224759
0,0,-2,0.5,0.396595,180,0,0,224777
0,0,-1,0.5,0.396595,180,0,0,224795
0,0,-1,0.5,0.396595,180,0,0,224810
0,0,0,0.5,0.396595,180,0,0,224825
0,0,-1,0.5,0.396595,180,0,0,224844
-1,-1,-1,0.5,0.39646,180,0,0,224859
0,0,-1,0.5,0.39646,180,0,0,224876
2,0,1,0.5,0.39646,180,0,0,224892
0,1,-1,0.5,0.396595,180,0,0,224909
0,0,0,0.5,0.396595,180,0,0,224926
0,0,-2,0.5,0.396595,180,0,0,224944
0,0,0,0.5,0.396595,180,0,0,224959
0,0,0,0.5,0.396595,180,0,0,224975
0,0,-1,0.5,0.396595,180,0,0,224992
0,1,0,0.5,0.39673,180,0,0,225009
0,0,0,0.5,0.39673,180,0,0,225026
0,0,0,0.5,0.39673,180,0,0,225042
0,1,0,0.5,0.396865,180,0,0,225059
0,0,0,0.5,0.396865,180,0,0,225075
0,0,0,0.5,0.396865,180,0,0,225093
0,0,0,0.5,0.396865,180,0,0,225108
0,0,0,0.5,0.396865,180,0,0,225125
0,0,0,0.5,0.396865,180,0,0,225142
0,0,0,0.5,0.396865,180,0,0,225159
0,0,0,0.5,0.396865,180,0,0,225175
0,0,0,0.5,0.396865,180,0,0,225192
0,0,0,0.5,0.396865,180,0,0,225208
0,0,0,0.5,0.396865,180,0,0,225225
0,0,0,0.5,0.396865,180,0,0,225242
0,0,0,0.5,0.396865,180,0,0,225258
0,0,0,0.5,0.396865,180,0,0,225275
0,0,0,0.5,0.396865,180,0,0,225292
0,0,0,0.5,0.396865,180,0,0,225308
0,1,0,0.5,0.397,180,0,0,225325
0,1,0,0.5,0.397135,180,0,0,225342
0,0,0,0.5,0.397135,180,0,0,225358
0,0,0,0.5,0.397135,180,0,0,225375
0,0,0,0.5,0.397135,180,0,0,225392
0,0,0,0.5,0.397135,180,0,0,225409
0,0,0,0.5,0.397135,180,0,0,225425
0,0,0,0.5,0.397135,180,0,0,225442
0,0,0,0.5,0.397135,180,0,0,225459
0,0,1,0.5,0.397135,180,0,0,225476
0,0,0,0.5,0.397135,180,0,0,225492
0,0,0,0.5,0.397135,180,0,0,225509
0,1,0,0.5,0.39727,180,0,0,225527
0,0,1,0.5,0.39727,180,0,0,225542
0,1,0,0.5,0.397405,180,0,0,225559
0,0,0,0.5,0.397405,180,0,0,225576
0,0,0,0.5,0.397405,180,0,0,225592
0,0,0,0.5,0.397405,180,0,0,225609
0,0,0,0.5,0.397405,180,0,0,225625
0,0,0,0.5,0.397405,180,0,0,225642
-3,0,-1,0.5,0.397405,180,0,0,225660
-1,0,0,0.5,0.397405,180,0,0,225676
-1,0,0,0.5,0.397405,180,0,0,225692
0,0,0,0.5,0.397405,180,0,0,225709
0,0,0,0.5,0.397405,180,0,0,225726
0,0,0,0.5,0.397405,180,0,0,225742
0,1,1,0.5,0.39754,180,0,0,225759
0,1,1,0.5,0.397675,180,0,0,225776
3,1,2,0.5,0.39781,180,0,0,225793
-3,1,0,0.5,0.397945,180,0,0,225809
-1,0,0,0.5,0.397945,180,0,0,225826
0,0,0,0.5,0.397945,180,0,0,225842
0,0,2,0.5,0.397945,180,0,0,225859
0,0,0,0.5,0.397945,180,0,0,225876
0,1,0,0.5,0.39808,180,0,0,225892
-1,0,0,0.5,0.39808,180,0,0,225910
0,0,0,0.5,0.39808,180,0,0,225925
0,0,0,0.5,0.39808,180,0,0,225942
1,0,1,0.5,0.39808,180,0,0,225959
-1,0,0,0.5,0.39808,180,0,0,225975
0,1,0,0.5,0.398215,180,0,0,225992
0,1,1,0.5,0.39835,180,0,0,226009
0,0,0,0.5,0.39835,180,0,0,226025
0,1,0,0.5,0.398485,180,0,0,226043
0,0,0,0.5,0.398485,180,0,0,226059
0,1,1,0.5,0.39862,180,0,0,226076
0,0,0,0.5,0.39862,180,0,0,226092
0,1,1,0.5,0.398755,180,0,0,226109
0,0,1,0.5,0.398755,180,0,0,226126
0,0,0,0.5,0.398755,180,0,0,226142
1,1,0,0.5,0.39889,180,0,0,226159
0,0,0,0.5,0.39889,180,0,0,226175
0,1,1,0.5,0.399025,180,0,0,226193
0,0,0,0.5,0.399025,180,0,0,226209
0,1,0,0.5,0.39916,180,0,0,226226
-1,0,0,0.5,0.39916,180,0,0,226242
1,0,1,0.5,0.39916,180,0,0,226259
0,0,1,0.5,0.39916,180,0,0,226276
0,0,0,0.5,0.39916,180,0,0,226292
0,0,0,0.5,0.39916,180,0,0,226309
0,1,1,0.5,0.399295,180,0,0,226326
0,0,0,0.5,0.399295,180,0,0,226342
0,1,1,0.5,0.39943,180,0,0,226359
0,1,1,0.5,0.399565,180,0,0,226376
1,0,0,0.5,0.399565,180,0,0,226393
-1,2,1,0.5,0.399835,180,0,0,226409
0,0,0,0.5,0.399835,180,0,0,226425
0,1,1,0.5,0.39997,180,0,0,226443
0,0,1,0.5,0.39997,180,0,0,226459
0,1,1,0.5,0.400105,180,0,0,226476
0,0,1,0.5,0.400105,180,0,0,226492
0,0,0,0.5,0.400105,180,0,0,226509
0,1,1,0.5,0.40024,180,0,0,226526
0,0,0,0.5,0.40024,180,0,0,226542
0,1,1,0.5,0.400375,180,0,0,226559
0,0,1,0.5,0.400375,180,0,0,226576
0,1,0,0.5,0.40051,180,0,0,226593
0,0,1,0.5,0.40051,180,0,0,226609
0,0,0,0.5,0.40051,180,0,0,226625
0,1,1,0.5,0.400645,180,0,0,226643
0,0,0,0.5,0.400645,180,0,0,226659
0,0,0,0.5,0.400645,180,0,0,226675
0,1,1,0.5,0.40078,180,0,0,226693
0,1,0,0.5,0.400915,180,0,0,226709
0,0,0,0.5,0.400915,180,0,0,226726
0,2,1,0.5,0.401185,180,0,0,226743
0,1,1,0.5,0.40132,180,0,0,226759
0,1,0,0.5,0.401455,180,0,0,226776
1,0,1,0.5,0.401455,180,0,0,226793
0,0,0,0.5,0.401455,180,0,0,226809
-1,0,-1,0.5,0.401455,180,0,0,226826
0,0,0,0.5,0.401455,180,0,0,226842
0,1,0,0.5,0.40159,180,0,0,226859
0,0,0,0.5,0.40159,180,0,0,226876
0,0,0,0.5,0.40159,180,0,0,226892
0,0,0,0.5,0.40159,180,0,0,226909
0,0,0,0.5,0.40159,180,0,0,226925
0,1,0,0.5,0.401725,180,0,0,226942
0,1,1,0.5,0.40186,180,0,0,226959
1,0,0,0.5,0.40186,180,0,0,226975
0,0,0,0.5,0.40186,180,0,0,226992
0,1,0,0.5,0.401995,180,0,0,227009
0,1,0,0.5,0.40213,180,0,0,227026
0,0,0,0.5,0.40213,180,0,0,227043
0,1,1,0.5,0.402265,180,0,0,227059
0,1,0,0.5,0.4024,180,0,0,227076
0,0,1,0.5,0.4024,180,0,0,227093
0,0,0,0.5,0.4024,180,0,0,227108
0,0,0,0.5,0.4024,180,0,0,227125
0,1,0,0.5,0.402535,180,0,0,227142
0,0,0,0.5,0.402535,180,0,0,227159
0,0,0,0.5,0.402535,180,0,0,227175
0,0,0,0.5,0.402535,180,0,0,227192
0,0,0,0.5,0.402535,180,0,0,227209
0,0,0,0.5,0.402535,180,0,0,227225
-2,0,0,0.5,0.402535,180,0,0,227242
0,0,0,0.5,0.402535,180,0,0,227259
0,1,0,0.5,0.40267,180,0,0,227276
0,0,0,0.5,0.40267,180,0,0,227292
0,0,0,0.5,0.40267,180,0,0,227309
0,0,0,0.5,0.40267,180,0,0,227325
0,0,0,0.5,0.40267,180,0,0,227342
0,1,0,0.5,0.402805,180,0,0,227359
0,0,0,0.5,0.402805,180,0,0,227375
0,0,0,0.5,0.402805,180,0,0,227392
0,0,0,0.5,0.402805,180,0,0,227408
0,1,0,0.5,0.40294,180,0,0,227425
0,0,0,0.5,0.40294,180,0,0,227442
0,0,0,0.5,0.40294,180,0,0,227459
0,0,0,0.5,0.40294,180,0,0,227475
0,0,0,0.5,0.40294,180,0,0,227492
0,0,0,0.5,0.40294,180,0,0,227509
0,0,0,0.5,0.40294,180,0,0,227525
0,0,0,0.5,0.40294,180,0,0,227542
0,0,0,0.5,0.40294,180,0,0,227559
0,0,0,0.5,0.40294,180,0,0,227575
0,0,0,0.5,0.40294,180,0,0,227592
0,0,0,0.5,0.40294,180,0,0,227609
0,1,0,0.5,0.403075,180,0,0,227626
0,0,0,0.5,0.403075,180,0,0,227642
0,0,0,0.5,0.403075,180,0,0,227659
0,0,0,0.5,0.403075,180,0,0,227675
0,0,0,0.5,0.403075,180,0,0,227692
0,0,0,0.5,0.403075,180,0,0,227709
0,0,0,0.5,0.403075,180,0,0,227725
0,0,0,0.5,0.403075,180,0,0,227742
0,0,0,0.5,0.403075,180,0,0,227759
0,0,-1,0.5,0.403075,180,0,0,227776
0,0,0,0.5,0.403075,180,0,0,227793
0,0,0,0.5,0.403075,180,0,0,227809
0,0,0,0.5,0.403075,180,0,0,227826
0,0,0,0.5,0.403075,180,0,0,227842
0,2,-1,0.5,0.403345,180,0,0,227859
0,6,-2,0.5,0.404155,180,0,0,227877
0,11,-4,0.5,0.40564,180,0,0,227893
0,15,-4,0.5,0.407665,180,0,0,227910
0,14,-4,0.5,0.409555,180,0,0,227927
0,11,-3,0.5,0.41104,180,0,0,227943
0,14,-2,0.5,0.41293,180,0,0,227960
0,24,-3,0.5,0.41617,180,0,0,227977
0,31,-4,0.5,0.420355,180,0,0,227993
0,38,-5,0.5,0.425485,180,0,0,228010
0,45,-6,0.5,0.43156,180,0,0,228028
0,45,-5,0.5,0.437635,180,0,0,228043
0,50,-7,0.5,0.444385,180,0,0,228061
0,48,-7,0.5,0.450865,180,0,0,228079
2,44,-9,0.5,0.456805,180,0,0,228095
0,40,-9,0.5,0.462205,180,0,0,228111
0,37,-11,0.5,0.4672,180,0,0,228130
1,38,-12,0.5,0.47233,180,0,0,228145
0,76,-17,0.5,0.48259,180,0,0,228167
0,43,-8,0.5,0.488395,180,0,0,228178
0,46,-7,0.5,0.494605,180,0,0,228194
0,45,-7,0.5,0.50068,180,0,0,228214
-2,41,-9,0.5,0.506215,180,0,0,228229
0,37,-10,0.5,0.51121,180,0,0,228246
5,33,-6,0.5,0.515665,180,0,0,228260
0,32,-7,0.5,0.519985,180,0,0,228278
0,30,-5,0.5,0.524035,180,0,0,228293
0,31,-5,0.5,0.52822,180,0,0,228310
0,29,-4,0.5,0.532135,180,0,0,228327
0,32,-4,0.5,0.536455,180,0,0,228343
0,34,-6,0.5,0.541045,180,0,0,228360
1,34,-6,0.5,0.545635,180,0,0,228378
0,34,-8,0.5,0.550225,180,0,0,228396
0,36,-12,0.5,0.555085,180,0,0,228412
2,36,-11,0.5,0.559945,180,0,0,228430
0,35,-13,0.5,0.56467,180,0,0,228445
0,33,-9,0.5,0.569125,180,0,0,228461
0,31,-8,0.5,0.57331,180,0,0,228479
0,24,-6,0.5,0.57655,180,0,0,228494
0,23,-7,0.5,0.579655,180,0,0,228512
0,23,-6,0.5,0.58276,180,0,0,228530
0,24,-6,0.5,0.586,180,0,0,228545
0,49,-7,0.5,0.592615,180,0,0,228561
0,0,0,0.5,0.592615,180,0,0,228576
0,51,-15,0.5,0.5995,180,0,0,228597
0,28,-8,0.5,0.60328,180,0,0,228614
0,28,-3,0.5,0.60706,180,0,0,228627
0,25,-1,0.5,0.610435,180,0,0,228643
0,25,0,0.5,0.61381,180,0,0,228659
0,25,1,0.5,0.617185,180,0,0,228676
0,32,3,0.5,0.621505,180,0,0,228693
0,35,5,0.5,0.62623,180,0,0,228711
0,36,3,0.5,0.63109,180,0,0,228727
0,35,1,0.5,0.635815,180,0,0,228742
0,32,-2,0.5,0.640135,180,0,0,228761
-5,38,-5,0.5,0.645265,180,0,0,228777
0,34,-4,0.5,0.649855,180,0,0,228793
0,24,0,0.5,0.653095,180,0,0,228811
0,21,0,0.5,0.65593,180,0,0,228826
0,18,0,0.5,0.65836,180,0,0,228843
1,15,-1,0.5,0.660385,180,0,0,228859
0,11,0,0.5,0.66187,180,0,0,228877
0,9,-1,0.5,0.663085,180,0,0,228892
0,4,0,0.5,0.663625,180,0,0,228910
0,2,0,0.5,0.663895,180,0,0,228927
0,0,1,0.5,0.663895,180,0,0,228942
5,-8,3,0.5,0.662815,180,0,0,228960
0,0,4,0.5,0.662815,180,0,0,228978
1,3,9,0.5,0.66322,180,0,0,228994
0,13,6,0.5,0.664975,180,0,0,229011
0,17,6,0.5,0.66727,180,0,0,229027
0,18,4,0.5,0.6697,180,0,0,229043
0,17,6,0.5,0.671995,180,0,0,229066
0,13,7,0.5,0.67375,180,0,0,229079
0,10,5,0.5,0.6751,180,0,0,229095
0,7,6,0.5,0.676045,180,0,0,229111
0,1,3,0.5,0.67618,180,0,0,229127
1,-1,2,0.5,0.676045,180,0,0,229143
0,-1,1,0.5,0.67591,180,0,0,229160
0,4,1,0.5,0.67645,180,0,0,229177
0,12,2,0.5,0.67807,180,0,0,229193
0,26,3,0.5,0.68158,180,0,0,229210
0,33,5,0.5,0.686035,180,0,0,229227
0,39,6,0.5,0.6913,180,0,0,229243
0,40,5,0.5,0.6967,180,0,0,229260
1,35,4,0.5,0.701425,180,0,0,229278
0,33,3,0.5,0.70588,180,0,0,229294
0,33,2,0.5,0.71,180,0,0,229310
