5,117,-30,0.5,-0.694205,180,0,0,609391
0,35,-5,0.5,-0.68948,180,0,0,609399
0,0,0,0.5,-0.68948,180,0,0,609404
0,34,-3,0.5,-0.68489,180,0,0,609416
0,30,-2,0.5,-0.68084,180,0,0,609434
0,21,-1,0.5,-0.678005,180,0,0,609450
0,20,0,0.5,-0.675305,180,0,0,609466
0,19,0,0.5,-0.67274,180,0,0,609483
0,21,-2,0.5,-0.669905,180,0,0,609501
0,22,-4,0.5,-0.666935,180,0,0,609517
0,28,-6,0.5,-0.663155,180,0,0,609535
0,28,-5,0.5,-0.659375,180,0,0,609554
1,31,-6,0.5,-0.65519,180,0,0,609568
0,30,-6,0.5,-0.65114,180,0,0,609584
0,40,-6,0.5,-0.64574,180,0,0,609603
0,41,-6,0.5,-0.640205,180,0,0,609619
0,37,-6,0.5,-0.63521,180,0,0,609635
0,3,1,0.5,-0.634805,180,0,0,609651
0,35,-8,0.5,-0.63008,180,0,0,609669
0,50,-13,0.5,-0.62333,180,0,0,609687
0,20,-9,0.5,-0.62063,180,0,0,609703
0,33,-8,0.5,-0.616175,180,0,0,609720
0,16,-1,0.5,-0.614015,180,0,0,609733
0,38,-7,0.5,-0.608885,180,0,0,609752
0,41,-6,0.5,-0.60335,180,0,0,609768
0,49,-7,0.5,-0.596735,180,0,0,609784
0,51,-6,0.5,-0.58985,180,0,0,609802
0,52,-7,0.5,-0.58283,180,0,0,609817
0,38,-7,0.5,-0.5777,180,0,0,609836
0,26,-7,0.5,-0.57419,180,0,0,609852
0,30,-9,0.5,-0.57014,180,0,0,609869
0,38,-8,0.5,-0.56501,180,0,0,609886
0,42,-7,0.5,-0.55934,180,0,0,609901
0,48,-5,0.5,-0.55286,180,0,0,609917
0,49,-4,0.5,-0.546245,180,0,0,609934
0,53,-3,0.5,-0.53909,180,0,0,609951
0,59,-5,0.5,-0.531125,180,0,0,609970
-1,57,-5,0.5,-0.52343,180,0,0,609986
0,55,-7,0.5,-0.516005,180,0,0,610001
1,51,-7,0.5,-0.50912,180,0,0,610017
0,45,-7,0.5,-0.503045,180,0,0,610039
0,44,-6,0.5,-0.497105,180,0,0,610051
0,44,-5,0.5,-0.491165,180,0,0,610067
0,94,-9,0.5,-0.478475,180,0,0,610085
0,0,0,0.5,-0.478475,180,0,0,610099
0,93,-8,0.5,-0.46592,180,0,0,610118
0,33,-2,0.5,-0.461465,180,0,0,610134
0,41,-6,0.5,-0.45593,180,0,0,610150
1,34,-4,0.5,-0.45134,180,0,0,610167
0,33,-3,0.5,-0.446885,180,0,0,610185
0,28,-1,0.5,-0.443105,180,0,0,610201
0,31,0,0.5,-0.43892,180,0,0,610217
0,31,0,0.5,-0.434735,180,0,0,610232
0,34,0,0.5,-0.430145,180,0,0,610249
0,34,1,0.5,-0.425555,180,0,0,610266
0,42,3,0.5,-0.419885,180,0,0,610284
0,43,5,0.5,-0.41408,180,0,0,610300
0,46,7,0.5,-0.40787,180,0,0,610317
0,45,7,0.5,-0.401795,180,0,0,610336
0,32,6,0.5,-0.397475,180,0,0,610350
0,30,5,0.5,-0.393425,180,0,0,610366
0,28,3,0.5,-0.389645,180,0,0,610384
0,30,3,0.5,-0.385595,180,0,0,610401
0,30,4,0.5,-0.381545,180,0,0,610417
0,33,5,0.5,-0.37709,180,0,0,610435
0,34,7,0.5,-0.3725,180,0,0,610452
0,34,6,0.5,-0.36791,180,0,0,610467
0,69,12,0.5,-0.358595,180,0,0,610487
0,25,7,0.5,-0.35522,180,0,0,610502
0,21,7,0.5,-0.352385,180,0,0,610518
0,20,5,0.5,-0.349685,180,0,0,610534
0,21,4,0.5,-0.34685,180,0,0,610550
0,25,2,0.5,-0.343475,180,0,0,610567
0,26,1,0.5,-0.339965,180,0,0,610584
0,29,0,0.5,-0.33605,180,0,0,610599
0,29,0,0.5,-0.332135,180,0,0,610616
1,31,1,0.5,-0.32795,180,0,0,610633
0,36,2,0.5,-0.32309,180,0,0,610649
0,43,3,0.5,-0.317285,180,0,0,610666
0,51,5,0.5,-0.3104,180,0,0,610684
0,51,7,0.5,-0.303515,180,0,0,610702
0,44,8,0.5,-0.297575,180,0,0,610718
0,34,9,0.5,-0.292985,180,0,0,610735
0,33,8,0.5,-0.28853,180,0,0,610752
0,33,6,0.5,-0.284075,180,0,0,610767
0,34,2,0.5,-0.279485,180,0,0,610784
-3,35,0,0.5,-0.27476,180,0,0,610799
0,78,0,0.5,-0.26423,180,0,0,610826
-1,46,2,0.5,-0.25802,180,0,0,610842
0,42,3,0.5,-0.25235,180,0,0,610856
0,0,0,0.5,-0.25235,180,0,0,610866
3,69,17,0.5,-0.243035,180,0,0,610894
0,34,8,0.5,-0.238445,180,0,0,610908
0,36,5,0.5,-0.233585,180,0,0,610919
0,31,2,0.5,-0.2294,180,0,0,610934
0,31,0,0.5,-0.225215,180,0,0,610949
0,33,0,0.5,-0.22076,180,0,0,610966
0,36,0,0.5,-0.2159,180,0,0,610983
0,39,0,0.5,-0.210635,180,0,0,610999
0,47,0,0.5,-0.20429,180,0,0,611016
0,53,0,0.5,-0.197135,180,0,0,611032
-1,56,0,0.5,-0.189575,180,0,0,611049
0,58,1,0.5,-0.181745,180,0,0,611066
0,49,2,0.5,-0.17513,180,0,0,611083
0,40,1,0.5,-0.16973,180,0,0,611099
-3,33,-1,0.5,-0.165275,180,0,0,611117
2,36,1,0.5,-0.160415,180,0,0,611132
0,37,-2,0.5,-0.15542,180,0,0,611150
0,40,-2,0.5,-0.15002,180,0,0,611167
0,45,-2,0.5,-0.143945,180,0,1,611184
0,47,0,0.5,-0.1376,180,0,1,611199
3,50,2,0.5,-0.13085,180,0,1,611216
0,55,-1,0.5,-0.123425,180,0,1,611234
0,53,0,0.5,-0.11627,180,0,0,611251
-7,104,0,0.5,-0.10223,180,0,0,611268
-5,49,-1,0.5,-0.095615,180,0,0,611283
0,51,0,0.5,-0.08873,180,0,0,611300
0,51,0,0.5,-0.081845,180,0,0,611315
0,54,0,0.5,-0.074555,180,0,0,611333
0,60,0,0.5,-0.066455,180,0,1,611349
0,64,0,0.5,-0.057815,180,0,1,611366
1,64,0,0.5,-0.049175,180,0,1,611383
0,60,1,0.5,-0.041075,180,0,1,611400
0,50,2,0.5,-0.034325,180,0,0,611419
0,52,1,0.5,-0.027305,180,0,0,611432
0,51,0,0.5,-0.02042,180,0,0,611449
0,55,1,0.5,-0.012995,180,0,0,611467
0,59,0,0.5,-0.00503,180,0,0,611482
0,60,2,0.5,0.00307,180,0,0,611500
0,65,3,0.5,0.011845,180,0,0,611518
0,59,4,0.5,0.01981,180,0,0,611533
0,51,4,0.5,0.026695,180,0,0,611550
0,46,0,0.5,0.032905,180,0,0,611566
0,47,-2,0.5,0.03925,180,0,0,611583
0,51,-4,0.5,0.046135,180,0,0,611601
0,41,-4,0.5,0.05167,180,0,0,611617
0,44,1,0.5,0.05761,180,0,0,611634
3,53,2,0.5,0.064765,180,0,0,611650
0,54,0,0.5,0.072055,180,0,0,611666
1,113,0,0.5,0.08731,180,0,0,611683
-1,57,0,0.5,0.095005,180,0,0,611700
0,54,-1,0.5,0.102295,180,0,1,611718
0,60,0,0.5,0.110395,180,0,1,611737
-3,57,-2,0.5,0.11809,180,0,1,611749
3,49,0,0.5,0.124705,180,0,1,611766
-3,42,0,0.5,0.130375,180,0,0,611783
0,38,0,0.5,0.135505,180,0,0,611799
0,32,0,0.5,0.139825,180,0,0,611817
0,28,0,0.5,0.143605,180,0,0,611833
0,22,-1,0.5,0.146575,180,0,0,611849
0,22,-3,0.5,0.149545,180,0,0,611867
0,22,-2,0.5,0.152515,180,0,1,611886
0,21,0,0.5,0.15535,180,0,1,611900
0,24,1,0.5,0.15859,180,0,1,611918
0,23,0,0.5,0.161695,180,0,0,611935
0,26,1,0.5,0.165205,180,0,0,611949
0,23,2,0.5,0.16831,180,0,0,611966
0,20,1,0.5,0.17101,180,0,0,611983
0,16,1,0.5,0.17317,180,0,0,611999
0,11,1,0.5,0.174655,180,0,0,612017
0,8,0,0.5,0.175735,180,0,0,612033
0,5,1,0.5,0.17641,180,0,1,612049
0,2,0,0.5,0.17668,180,0,1,612066
0,0,1,0.5,0.17668,180,0,1,612083
0,-5,1,0.5,0.176005,180,0,0,612101
0,-3,0,0.5,0.1756,180,0,0,612116
0,-3,0,0.5,0.175195,180,0,0,612133
0,-3,0,0.5,0.17479,180,0,0,612149
0,-1,1,0.5,0.174655,180,0,0,612166
0,0,0,0.5,0.174655,180,0,0,612183
0,1,0,0.5,0.17479,180,0,0,612200
0,3,2,0.5,0.175195,180,0,1,612220
0,2,1,0.5,0.175465,180,0,1,612234
0,5,1,0.5,0.17614,180,0,1,612250
0,5,2,0.5,0.176815,180,0,0,612267
0,4,2,0.5,0.177355,180,0,0,612283
0,3,2,0.5,0.17776,180,0,0,612300
0,5,2,0.5,0.178435,180,0,0,612316
0,4,2,0.5,0.178975,180,0,0,612333
0,5,3,0.5,0.17965,180,0,0,612350
0,4,2,0.5,0.18019,180,0,0,612366
0,7,1,0.5,0.181135,180,0,1,612384
0,7,1,0.5,0.18208,180,0,1,612400
0,8,0,0.5,0.18316,180,0,1,612416
0,6,-2,0.5,0.18397,180,0,0,612434
0,5,-2,0.5,0.184645,180,0,0,612451
0,5,-2,0.5,0.18532,180,0,0,612468
0,7,-2,0.5,0.186265,180,0,0,612484
0,20,-2,0.5,0.188965,180,0,0,612500
0,13,-1,0.5,0.19072,180,0,0,612516
0,15,0,0.5,0.192745,180,0,1,612533
0,14,0,0.5,0.194635,180,0,1,612549
0,13,0,0.5,0.19639,180,0,1,612565
-1,10,0,0.5,0.19774,180,0,1,612582
-1,7,0,0.5,0.198685,180,0,0,612599
2,6,0,0.5,0.199495,180,0,0,612615
0,3,1,0.5,0.1999,180,0,0,612634
0,0,1,0.5,0.1999,180,0,0,612649
0,0,2,0.5,0.1999,180,0,0,612666
0,-2,1,0.5,0.19963,180,0,0,612683
0,-2,1,0.5,0.19936,180,0,1,612699
0,0,1,0.5,0.19936,180,0,1,612716
0,-1,1,0.5,0.199225,180,0,1,612732
0,0,1,0.5,0.199225,180,0,1,612749
-5,2,-1,0.5,0.199495,180,0,0,612766
0,0,0,0.5,0.199495,180,0,0,612782
0,1,1,0.5,0.19963,180,0,0,612799
0,2,1,0.5,0.1999,180,0,0,612816
0,1,0,0.5,0.200035,180,0,0,612833
0,2,0,0.5,0.200305,180,0,0,612849
0,1,1,0.5,0.20044,180,0,0,612867
-4,1,-2,0.5,0.200575,180,0,0,612883
4,4,3,0.5,0.201115,180,0,1,612900
0,1,0,0.5,0.20125,180,0,1,612916
0,2,0,0.5,0.20152,180,0,0,612932
0,3,0,0.5,0.201925,180,0,0,612949
0,7,-1,0.5,0.20287,180,0,0,612967
0,10,-2,0.5,0.20422,180,0,0,612984
0,14,-2,0.5,0.20611,180,0,0,613000
0,18,-3,0.5,0.20854,180,0,0,613019
0,20,-2,0.5,0.21124,180,0,0,613033
0,22,-3,0.5,0.21421,180,0,0,613050
0,23,-3,0.5,0.217315,180,0,0,613068
0,24,-5,0.5,0.220555,180,0,0,613087
0,25,-6,0.5,0.22393,180,0,0,613101
0,30,-7,0.5,0.22798,180,0,0,613117
0,30,-7,0.5,0.23203,180,0,0,613133
0,35,-5,0.5,0.236755,180,0,0,613150
0,36,-3,0.5,0.241615,180,0,0,613168
0,40,0,0.5,0.247015,180,0,0,613182
0,43,0,0.5,0.25282,180,0,0,613199
1,45,0,0.5,0.258895,180,0,0,613215
0,44,0,0.5,0.264835,180,0,0,613232
0,42,0,0.5,0.270505,180,0,0,613249
0,46,0,0.5,0.276715,180,0,0,613265
0,45,0,0.5,0.28279,180,0,0,613282
-3,96,0,0.5,0.29575,180,0,0,613298
0,53,0,0.5,0.302905,180,0,0,613315
0,53,0,0.5,0.31006,180,0,0,613332
2,57,0,0.5,0.317755,180,0,0,613348
0,55,2,0.5,0.32518,180,0,0,613366
0,53,2,0.5,0.332335,180,0,0,613382
0,46,3,0.5,0.338545,180,0,0,613399
0,40,0,0.5,0.343945,180,0,0,613417
0,37,0,0.5,0.34894,180,1,1,613433
0,37,0,0.5,0.353935,180,1,1,613449
0,36,0,0.5,0.358795,180,1,1,613465
0,37,0,0.5,0.36379,180,0,1,613482
0,38,0,0.5,0.36892,180,0,1,613499
0,38,1,0.5,0.37405,180,0,0,613517
0,41,2,0.5,0.379585,180,0,0,613533
0,42,3,0.5,0.385255,180,0,0,613551
0,37,3,0.5,0.39025,180,0,0,613567
0,32,2,0.5,0.39457,180,0,1,613583
0,25,2,0.5,0.397945,180,0,1,613600
0,24,1,0.5,0.401185,180,0,1,613617
0,20,1,0.5,0.403885,180,0,1,613633
0,18,0,0.5,0.406315,180,0,1,613649
0,13,-2,0.5,0.40807,180,0,1,613668
0,13,-3,0.5,0.409825,180,0,1,613683
0,14,-6,0.5,0.411715,180,0,1,613701
-6,5,-5,0.5,0.41239,180,0,1,613717
-4,3,-3,0.5,0.412795,180,0,1,613733
-5,3,-4,0.5,0.4132,180,0,1,613750
-3,2,-2,0.5,0.41347,180,0,1,613766
-4,3,-2,0.5,0.413875,180,0,1,613783
-2,2,-1,0.5,0.414145,180,0,1,613799
-4,1,0,0.5,0.41428,180,0,1,613815
0,2,0,0.5,0.41455,180,0,1,613832
0,2,1,0.5,0.41482,180,0,1,613850
0,3,2,0.5,0.415225,180,0,1,613866
-1,3,0,0.5,0.41563,180,0,0,613882
0,1,1,0.5,0.415765,180,0,0,613900
0,2,2,0.5,0.416035,180,0,0,613917
-2,2,-1,0.5,0.416305,180,0,1,613935
-1,3,0,0.5,0.41671,180,0,1,613950
0,3,0,0.5,0.417115,180,0,1,613966
3,3,1,0.5,0.41752,180,0,0,613984
0,2,0,0.5,0.41779,180,0,0,613999
1,0,1,0.5,0.41779,180,0,0,614016
1,0,0,0.5,0.41779,180,0,0,614032
-4,0,-1,0.5,0.41779,180,0,1,614051
-3,0,0,0.5,0.41779,180,0,1,614065
0,0,-1,0.5,0.41779,180,0,1,614083
-1,1,0,0.5,0.417925,180,0,0,614099
1,0,0,0.5,0.417925,180,0,0,614116
0,0,0,0.5,0.417925,180,0,0,614132
0,0,0,0.5,0.417925,180,0,0,614148
0,-1,0,0.5,0.41779,180,0,0,614165
0,-1,1,0.5,0.417655,180,0,1,614182
0,1,0,0.5,0.41779,180,0,1,614199
0,2,1,0.5,0.41806,180,0,1,614216
0,1,0,0.5,0.418195,180,0,1,614233
0,1,0,0.5,0.41833,180,0,0,614249
0,1,1,0.5,0.418465,180,0,0,614266
0,0,0,0.5,0.418465,180,0,0,614282
-2,-1,0,0.5,0.41833,180,0,0,614299
0,0,0,0.5,0.41833,180,0,1,614318
0,0,0,0.5,0.41833,180,0,1,614333
2,1,0,0.5,0.418465,180,0,1,614349
0,2,0,0.5,0.418735,180,0,1,614367
-1,2,1,0.5,0.419005,180,0,0,614382
0,1,0,0.5,0.41914,180,0,0,614399
1,0,0,0.5,0.41914,180,0,0,614416
0,0,0,0.5,0.41914,180,0,0,614432
-1,0,0,0.5,0.41914,180,0,0,614449
0,-1,0,0.5,0.419005,180,0,0,614466
1,0,0,0.5,0.419005,180,0,1,614482
0,1,0,0.5,0.41914,180,0,1,614499
0,1,0,0.5,0.419275,180,0,1,614516
0,0,0,0.5,0.419275,180,0,0,614532
0,0,0,0.5,0.419275,180,0,0,614548
-4,0,-2,0.5,0.419275,180,0,0,614566
0,-1,0,0.5,0.41914,180,0,0,614583
0,-1,0,0.5,0.419005,180,0,0,614599
0,0,0,0.5,0.419005,180,0,0,614615
0,0,0,0.5,0.419005,180,0,1,614632
0,0,0,0.5,0.419005,180,0,1,614648
0,1,0,0.5,0.41914,180,0,0,614665
0,0,0,0.5,0.41914,180,0,0,614682
0,0,0,0.5,0.41914,180,0,0,614698
0,0,0,0.5,0.41914,180,0,0,614715
0,0,0,0.5,0.41914,180,0,0,614732
0,0,0,0.5,0.41914,180,0,0,614749
0,0,0,0.5,0.41914,180,0,1,614766
0,0,-1,0.5,0.41914,180,0,1,614782
0,-1,0,0.5,0.419005,180,0,1,614799
0,0,0,0.5,0.419005,180,0,0,614817
0,0,0,0.5,0.419005,180,0,0,614833
0,0,0,0.5,0.419005,180,0,0,614849
0,0,0,0.5,0.419005,180,0,0,614865
0,0,0,0.5,0.419005,180,0,0,614882
0,0,0,0.5,0.419005,180,0,0,614899
0,-1,0,0.5,0.41887,180,0,1,614917
0,0,0,0.5,0.41887,180,0,1,614932
0,0,0,0.5,0.41887,180,0,0,614948
0,0,0,0.5,0.41887,180,0,0,614966
0,-1,0,0.5,0.418735,180,0,0,614982
0,0,0,0.5,0.418735,180,0,0,614999
0,0,0,0.5,0.418735,180,0,0,615015
0,0,0,0.5,0.418735,180,0,0,615032
0,0,0,0.5,0.418735,180,0,0,615048
0,0,0,0.5,0.418735,180,0,1,615065
0,0,0,0.5,0.418735,180,0,1,615082
0,0,0,0.5,0.418735,180,0,0,615098
0,0,0,0.5,0.418735,180,0,0,615115
0,0,0,0.5,0.418735,180,0,0,615132
0,0,0,0.5,0.418735,180,0,0,615148
0,-1,0,0.5,0.4186,180,0,0,615165
0,0,0,0.5,0.4186,180,0,0,615182
0,0,0,0.5,0.4186,180,0,0,615198
0,-1,-1,0.5,0.418465,180,0,1,615216
0,0,0,0.5,0.418465,180,0,1,615232
0,0,0,0.5,0.418465,180,0,0,615249
0,0,0,0.5,0.418465,180,0,0,615265
0,0,0,0.5,0.418465,180,0,0,615282
0,0,0,0.5,0.418465,180,0,0,615299
0,0,0,0.5,0.418465,180,0,0,615316
0,0,0,0.5,0.418465,180,0,0,615332
0,0,0,0.5,0.418465,180,0,0,615348
0,0,0,0.5,0.418465,180,0,0,615365
0,-1,0,0.5,0.41833,180,0,1,615382
0,0,0,0.5,0.41833,180,0,1,615398
0,0,0,0.5,0.41833,180,0,0,615415
0,0,0,0.5,0.41833,180,0,0,615432
0,0,0,0.5,0.41833,180,0,0,615448
0,0,0,0.5,0.41833,180,0,0,615465
0,0,0,0.5,0.41833,180,0,0,615481
0,0,0,0.5,0.41833,180,0,0,615498
0,0,0,0.5,0.41833,180,0,0,615515
0,0,0,0.5,0.41833,180,0,0,615532
0,-1,0,0.5,0.418195,180,0,0,615548
0,0,0,0.5,0.418195,180,0,0,615565
0,0,0,0.5,0.418195,180,0,0,615582
0,0,0,0.5,0.418195,180,0,0,615598
-2,0,0,0.5,0.418195,180,0,0,615615
0,0,-1,0.5,0.418195,180,0,0,615632
3,-1,0,0.5,0.41806,180,0,0,615649
1,0,0,0.5,0.41806,180,0,0,615665
2,-1,0,0.5,0.417925,180,0,0,615683
-3,0,-2,0.5,0.417925,180,0,0,615704
0,0,0,0.5,0.417925,180,0,0,615715
0,0,0,0.5,0.417925,180,0,0,615732
0,0,0,0.5,0.417925,180,0,0,615748
0,0,0,0.5,0.417925,180,0,0,615765
-1,0,0,0.5,0.417925,180,0,0,615782
0,0,0,0.5,0.417925,180,0,0,615798
0,0,0,0.5,0.417925,180,0,0,615816
0,0,0,0.5,0.417925,180,0,0,615832
0,-1,0,0.5,0.41779,180,0,0,615849
0,0,0,0.5,0.41779,180,0,0,615865
0,0,0,0.5,0.41779,180,0,0,615881
0,0,0,0.5,0.41779,180,0,0,615899
0,0,0,0.5,0.41779,180,0,0,615915
0,0,0,0.5,0.41779,180,0,0,615932
0,0,0,0.5,0.41779,180,0,0,615948
0,0,0,0.5,0.41779,180,0,0,615965
0,0,0,0.5,0.41779,180,0,0,615982
0,0,0,0.5,0.41779,180,0,0,615998
0,0,0,0.5,0.41779,180,0,0,616015
-1,0,0,0.5,0.41779,180,0,0,616032
0,0,0,0.5,0.41779,180,0,0,616048
0,0,0,0.5,0.41779,180,0,0,616065
0,0,0,0.5,0.41779,180,0,0,616081
0,-1,0,0.5,0.417655,180,0,0,616099
0,0,0,0.5,0.417655,180,0,0,616115
0,0,0,0.5,0.417655,180,0,0,616132
0,0,0,0.5,0.417655,180,0,0,616148
0,0,0,0.5,0.417655,180,0,0,616165
0,0,0,0.5,0.417655,180,0,0,616181
0,0,0,0.5,0.417655,180,0,0,616198
0,0,0,0.5,0.417655,180,0,0,616215
0,0,0,0.5,0.417655,180,0,0,616232
0,0,0,0.5,0.417655,180,0,0,616249
0,0,0,0.5,0.417655,180,0,0,616265
0,0,0,0.5,0.417655,180,0,0,616281
0,0,0,0.5,0.417655,180,0,0,616298
0,0,0,0.5,0.417655,180,0,0,616315
0,0,0,0.5,0.417655,180,0,0,616331
0,0,0,0.5,0.417655,180,0,0,616349
0,0,0,0.5,0.417655,180,0,0,616365
0,0,0,0.5,0.417655,180,0,0,616381
0,0,0,0.5,0.417655,180,0,0,616398
0,0,1,0.5,0.417655,180,0,0,616415
0,0,0,0.5,0.417655,180,0,0,616432
0,0,0,0.5,0.417655,180,0,0,616450
0,0,1,0.5,0.417655,180,0,0,616467
0,0,0,0.5,0.417655,180,0,0,616483
0,0,0,0.5,0.417655,180,0,0,616499
0,0,0,0.5,0.417655,180,0,0,616515
-1,0,0,0.5,0.417655,180,0,0,616533
0,0,-1,0.5,0.417655,180,0,0,616549
-1,0,0,0.5,0.417655,180,0,0,616565
0,0,0,0.5,0.417655,180,0,0,616582
-1,0,0,0.5,0.417655,180,0,0,616599
0,0,0,0.5,0.417655,180,0,0,616615
1,0,0,0.5,0.417655,180,0,0,616632
0,0,0,0.5,0.417655,180,0,0,616648
0,0,0,0.5,0.417655,180,0,0,616665
0,0,0,0.5,0.417655,180,0,0,616681
0,0,0,0.5,0.417655,180,0,0,616698
0,0,0,0.5,0.417655,180,0,0,616715
0,0,0,0.5,0.417655,180,0,0,616731
-4,0,-1,0.5,0.417655,180,0,0,616749
-1,0,0,0.5,0.417655,180,0,0,616765
0,0,0,0.5,0.417655,180,0,0,616782
0,0,0,0.5,0.417655,180,0,0,616798
0,0,0,0.5,0.417655,180,0,0,616815
0,0,0,0.5,0.417655,180,0,0,616832
-3,0,-2,0.5,0.417655,180,0,1,616850
0,0,0,0.5,0.417655,180,0,1,616865
0,0,0,0.5,0.417655,180,0,1,616882
-1,1,-1,0.5,0.41779,180,0,1,616899
0,1,0,0.5,0.417925,180,0,0,616916
0,0,0,0.5,0.417925,180,0,0,616931
-3,0,0,0.5,0.417925,180,0,0,616949
0,0,0,0.5,0.417925,180,0,0,616965
-1,0,0,0.5,0.417925,180,0,0,616982
-1,0,0,0.5,0.417925,180,0,1,616999
-1,0,0,0.5,0.417925,180,0,1,617015
-1,0,0,0.5,0.417925,180,0,1,617032
0,1,0,0.5,0.41806,180,0,1,617048
0,1,0,0.5,0.418195,180,0,0,617065
5,0,1,0.5,0.418195,180,0,0,617082
0,0,0,0.5,0.418195,180,0,0,617098
0,0,0,0.5,0.418195,180,0,0,617115
0,-1,0,0.5,0.41806,180,0,0,617132
0,0,0,0.5,0.41806,180,0,1,617150
0,0,0,0.5,0.41806,180,0,1,617165
0,0,0,0.5,0.41806,180,0,1,617182
0,1,0,0.5,0.418195,180,0,1,617199
0,0,0,0.5,0.418195,180,0,1,617215
0,0,0,0.5,0.418195,180,0,0,617232
0,0,0,0.5,0.418195,180,0,0,617249
0,0,0,0.5,0.418195,180,0,0,617265
0,0,0,0.5,0.418195,180,0,0,617282
0,0,0,0.5,0.418195,180,0,0,617299
0,0,0,0.5,0.418195,180,0,1,617315
0,0,-1,0.5,0.418195,180,0,1,617332
0,0,0,0.5,0.418195,180,0,1,617348
0,0,0,0.5,0.418195,180,0,1,617366
0,0,0,0.5,0.418195,180,0,0,617383
0,0,0,0.5,0.418195,180,0,0,617399
0,0,0,0.5,0.418195,180,0,0,617416
0,0,0,0.5,0.418195,180,0,0,617432
0,0,0,0.5,0.418195,180,0,0,617448
0,0,0,0.5,0.418195,180,0,1,617465
0,0,0,0.5,0.418195,180,0,1,617481
0,0,0,0.5,0.418195,180,0,1,617499
0,0,0,0.5,0.418195,180,0,1,617515
0,1,0,0.5,0.41833,180,0,0,617532
0,0,0,0.5,0.41833,180,0,0,617548
0,0,0,0.5,0.41833,180,0,0,617565
0,0,0,0.5,0.41833,180,0,0,617581
0,0,0,0.5,0.41833,180,0,0,617598
0,0,0,0.5,0.41833,180,0,0,617615
0,0,0,0.5,0.41833,180,0,1,617632
0,0,0,0.5,0.41833,180,0,1,617648
0,0,0,0.5,0.41833,180,0,1,617665
0,0,0,0.5,0.41833,180,0,1,617681
0,0,0,0.5,0.41833,180,0,0,617699
0,0,0,0.5,0.41833,180,0,0,617715
0,0,0,0.5,0.41833,180,0,0,617731
0,0,0,0.5,0.41833,180,0,0,617748
0,0,0,0.5,0.41833,180,0,0,617765
0,0,0,0.5,0.41833,180,0,0,617781
0,0,0,0.5,0.41833,180,0,0,617798
0,0,1,0.5,0.41833,180,0,1,617815
0,0,0,0.5,0.41833,180,0,1,617831
1,0,0,0.5,0.41833,180,0,0,617849
0,0,0,0.5,0.41833,180,0,0,617865
0,0,0,0.5,0.41833,180,0,0,617882
0,0,0,0.5,0.41833,180,0,0,617898
0,0,0,0.5,0.41833,180,0,0,617915
0,0,0,0.5,0.41833,180,0,0,617932
0,-1,0,0.5,0.418195,180,0,0,617950
0,0,0,0.5,0.418195,180,0,0,617965
0,0,0,0.5,0.418195,180,0,0,617982
0,0,0,0.5,0.418195,180,0,0,617998
0,0,0,0.5,0.418195,180,0,0,618015
0,0,0,0.5,0.418195,180,0,0,618031
0,0,0,0.5,0.418195,180,0,0,618049
2,0,0,0.5,0.418195,180,0,0,618065
0,0,0,0.5,0.418195,180,0,0,618081
1,0,0,0.5,0.418195,180,0,0,618099
0,0,0,0.5,0.418195,180,0,0,618115
1,0,0,0.5,0.418195,180,0,0,618132
0,0,0,0.5,0.418195,180,0,0,618149
0,0,0,0.5,0.418195,180,0,0,618165
1,0,0,0.5,0.418195,180,0,0,618182
-2,0,0,0.5,0.418195,180,0,0,618199
0,0,0,0.5,0.418195,180,0,0,618215
0,0,0,0.5,0.418195,180,0,0,618232
2,0,0,0.5,0.418195,180,0,0,618249
0,0,0,0.5,0.418195,180,0,0,618265
0,0,0,0.5,0.418195,180,0,0,618282
1,0,0,0.5,0.418195,180,0,0,618299
0,0,0,0.5,0.418195,180,0,0,618315
0,0,0,0.5,0.418195,180,0,0,618332
0,0,0,0.5,0.418195,180,0,0,618348
0,0,0,0.5,0.418195,180,0,0,618365
0,0,1,0.5,0.418195,180,0,0,618382
0,0,0,0.5,0.418195,180,0,0,618398
1,0,0,0.5,0.418195,180,0,0,618415
0,0,0,0.5,0.418195,180,0,0,618434
0,0,0,0.5,0.418195,180,0,0,618449
0,0,0,0.5,0.418195,180,0,0,618465
0,0,0,0.5,0.418195,180,0,0,618484
0,0,0,0.5,0.418195,180,0,0,618498
0,0,0,0.5,0.418195,180,0,0,618516
-2,0,0,0.5,0.418195,180,0,0,618532
0,0,0,0.5,0.418195,180,0,0,618549
0,0,0,0.5,0.418195,180,0,0,618565
0,0,0,0.5,0.418195,180,0,0,618582
0,0,0,0.5,0.418195,180,0,0,618599
0,0,0,0.5,0.418195,180,0,0,618615
0,0,0,0.5,0.418195,180,0,0,618632
0,0,0,0.5,0.418195,180,0,0,618650
0,0,0,0.5,0.418195,180,0,0,618665
0,0,0,0.5,0.418195,180,0,0,618682
0,0,0,0.5,0.418195,180,0,0,618700
0,0,0,0.5,0.418195,180,0,0,618715
0,0,0,0.5,0.418195,180,0,0,618732
0,0,0,0.5,0.418195,180,0,0,618748
0,0,0,0.5,0.418195,180,0,0,618765
0,0,0,0.5,0.418195,180,0,0,618782
0,0,0,0.5,0.418195,180,0,0,618798
0,0,0,0.5,0.418195,180,0,0,618815
0,0,0,0.5,0.418195,180,0,0,618832
0,0,0,0.5,0.418195,180,0,0,618848
0,0,0,0.5,0.418195,180,0,0,618865
0,0,0,0.5,0.418195,180,0,0,618882
0,0,0,0.5,0.418195,180,0,0,618898
0,0,0,0.5,0.418195,180,0,0,618915
0,0,0,0.5,0.418195,180,0,0,618932
0,0,0,0.5,0.418195,180,0,0,618948
0,0,0,0.5,0.418195,180,0,0,618965
0,0,0,0.5,0.418195,180,0,1,618983
0,0,1,0.5,0.418195,180,0,1,618999
0,0,0,0.5,0.418195,180,0,1,619015
0,0,0,0.5,0.418195,180,0,0,619032
0,0,0,0.5,0.418195,180,0,0,619048
0,0,0,0.5,0.418195,180,0,0,619065
0,0,0,0.5,0.418195,180,0,0,619083
0,0,0,0.5,0.418195,180,0,0,619098
0,0,0,0.5,0.418195,180,0,0,619115
0,0,0,0.5,0.418195,180,0,0,619132
0,0,1,0.5,0.418195,180,0,0,619150
-1,0,0,0.5,0.418195,180,0,0,619165
2,0,0,0.5,0.418195,180,0,0,619182
-2,0,0,0.5,0.418195,180,0,0,619199
-1,0,0,0.5,0.418195,180,0,0,619215
0,0,0,0.5,0.418195,180,0,0,619232
0,0,0,0.5,0.418195,180,0,0,619249
-1,0,0,0.5,0.418195,180,0,0,619265
0,0,0,0.5,0.418195,180,0,0,619282
0,0,0,0.5,0.418195,180,0,0,619298
-1,0,0,0.5,0.418195,180,0,0,619315
0,1,0,0.5,0.41833,180,0,0,619332
0,0,-1,0.5,0.41833,180,0,0,619349
0,0,0,0.5,0.41833,180,0,0,619365
0,0,0,0.5,0.41833,180,0,0,619382
-1,0,0,0.5,0.41833,180,0,0,619399
0,0,0,0.5,0.41833,180,0,0,619415
0,0,0,0.5,0.41833,180,0,0,619432
0,0,0,0.5,0.41833,180,0,0,619448
0,0,0,0.5,0.41833,180,0,0,619465
0,0,0,0.5,0.41833,180,0,0,619481
0,0,0,0.5,0.41833,180,0,0,619498
0,0,0,0.5,0.41833,180,0,0,619515
-1,0,0,0.5,0.41833,180,0,0,619532
0,0,0,0.5,0.41833,180,0,0,619548
0,0,0,0.5,0.41833,180,0,0,619565
1,0,0,0.5,0.41833,180,0,0,619582
0,0,0,0.5,0.41833,180,0,0,619599
0,0,0,0.5,0.41833,180,0,0,619615
0,0,0,0.5,0.41833,180,0,0,619631
0,0,0,0.5,0.41833,180,0,0,619648
0,0,0,0.5,0.41833,180,0,0,619665
0,0,0,0.5,0.41833,180,0,0,619681
0,0,0,0.5,0.41833,180,0,0,619698
0,0,0,0.5,0.41833,180,0,0,619715
0,0,0,0.5,0.41833,180,0,0,619731
0,0,0,0.5,0.41833,180,0,0,619748
0,1,0,0.5,0.418465,180,0,0,619765
-1,0,0,0.5,0.418465,180,0,0,619782
0,0,0,0.5,0.418465,180,0,0,619798
0,0,0,0.5,0.418465,180,0,0,619815
0,0,0,0.5,0.418465,180,0,0,619832
0,0,0,0.5,0.418465,180,0,0,619848
0,0,0,0.5,0.418465,180,0,0,619865
0,0,0,0.5,0.418465,180,0,0,619882
0,0,0,0.5,0.418465,180,0,0,619898
0,0,0,0.5,0.418465,180,0,0,619915
0,0,0,0.5,0.418465,180,0,0,619932
0,0,0,0.5,0.418465,180,0,0,619948
0,0,0,0.5,0.418465,180,0,0,619966
0,0,0,0.5,0.418465,180,0,0,619984
0,0,0,0.5,0.418465,180,0,0,619998
0,0,0,0.5,0.418465,180,0,0,620015
0,0,0,0.5,0.418465,180,0,0,620032
0,0,0,0.5,0.418465,180,0,0,620048
0,0,0,0.5,0.418465,180,0,0,620065
0,0,0,0.5,0.418465,180,0,0,620081
0,0,0,0.5,0.418465,180,0,0,620098
0,0,0,0.5,0.418465,180,0,0,620115
0,0,0,0.5,0.418465,180,0,0,620131
0,0,0,0.5,0.418465,180,0,0,620148
0,0,0,0.5,0.418465,180,0,0,620165
0,0,0,0.5,0.418465,180,0,0,620181
0,0,0,0.5,0.418465,180,0,0,620198
0,0,0,0.5,0.418465,180,0,0,620215
0,0,0,0.5,0.418465,180,0,0,620231
0,0,0,0.5,0.418465,180,0,0,620248
0,0,0,0.5,0.418465,180,0,0,620265
0,0,0,0.5,0.418465,180,0,0,620281
0,0,0,0.5,0.418465,180,0,0,620298
0,0,0,0.5,0.418465,180,0,0,620315
0,0,0,0.5,0.418465,180,0,0,620331
0,0,0,0.5,0.418465,180,0,0,620348
0,1,0,0.5,0.4186,180,0,0,620365
0,0,0,0.5,0.4186,180,0,0,620381
0,0,0,0.5,0.4186,180,0,0,620398
0,0,0,0.5,0.4186,180,0,0,620415
0,0,0,0.5,0.4186,180,0,0,620431
0,0,0,0.5,0.4186,180,0,0,620448
0,0,0,0.5,0.4186,180,0,0,620465
0,0,0,0.5,0.4186,180,0,0,620481
0,0,0,0.5,0.4186,180,0,0,620498
0,0,0,0.5,0.4186,180,0,0,620515
0,0,0,0.5,0.4186,180,0,0,620531
0,0,0,0.5,0.4186,180,0,0,620548
0,0,0,0.5,0.4186,180,0,0,620565
0,0,0,0.5,0.4186,180,0,0,620581
0,0,0,0.5,0.4186,180,0,0,620598
0,0,0,0.5,0.4186,180,0,0,620615
0,0,0,0.5,0.4186,180,0,0,620631
0,0,0,0.5,0.4186,180,0,0,620648
0,0,0,0.5,0.4186,180,0,0,620665
0,0,0,0.5,0.4186,180,0,0,620681
0,0,0,0.5,0.4186,180,0,0,620698
0,0,0,0.5,0.4186,180,0,0,620715
0,0,0,0.5,0.4186,180,0,0,620731
0,0,0,0.5,0.4186,180,0,0,620748
0,0,0,0.5,0.4186,180,0,0,620765
0,0,0,0.5,0.4186,180,0,0,620782
0,0,0,0.5,0.4186,180,0,0,620798
0,0,0,0.5,0.4186,180,0,0,620815
0,0,0,0.5,0.4186,180,0,0,620832
0,0,0,0.5,0.4186,180,0,0,620849
0,0,0,0.5,0.4186,180,0,0,620865
0,0,0,0.5,0.4186,180,0,0,620881
0,0,0,0.5,0.4186,180,0,0,620898
0,0,0,0.5,0.4186,180,0,0,620915
0,0,0,0.5,0.4186,180,0,0,620932
0,0,0,0.5,0.4186,180,0,0,620948
0,0,0,0.5,0.4186,180,0,0,620965
0,0,0,0.5,0.4186,180,0,0,620982
0,0,0,0.5,0.4186,180,0,0,620998
0,0,0,0.5,0.4186,180,0,0,621016
0,0,0,0.5,0.4186,180,0,0,621035
0,0,0,0.5,0.4186,180,0,0,621048
0,1,0,0.5,0.418735,180,0,0,621067
0,0,0,0.5,0.418735,180,0,0,621082
0,0,0,0.5,0.418735,180,0,0,621098
0,0,0,0.5,0.418735,180,0,0,621115
0,0,0,0.5,0.418735,180,0,0,621131
0,0,0,0.5,0.418735,180,0,0,621148
0,0,0,0.5,0.418735,180,0,0,621165
0,0,0,0.5,0.418735,180,0,0,621181
0,0,0,0.5,0.418735,180,0,0,621198
0,0,0,0.5,0.418735,180,0,0,621215
0,0,0,0.5,0.418735,180,0,0,621231
0,0,0,0.5,0.418735,180,0,0,621248
0,0,0,0.5,0.418735,180,0,0,621265
0,0,0,0.5,0.418735,180,0,0,621282
1,0,0,0.5,0.418735,180,0,0,621298
0,0,0,0.5,0.418735,180,0,0,621315
0,0,0,0.5,0.418735,180,0,0,621332
0,0,0,0.5,0.418735,180,0,0,621348
0,0,0,0.5,0.418735,180,0,0,621365
0,0,0,0.5,0.418735,180,0,0,621381
0,0,0,0.5,0.418735,180,0,0,621398
0,0,0,0.5,0.418735,180,0,0,621415
0,0,0,0.5,0.418735,180,0,0,621431
0,1,0,0.5,0.41887,180,0,0,621448
0,0,0,0.5,0.41887,180,0,0,621465
0,0,0,0.5,0.41887,180,0,0,621481
0,0,0,0.5,0.41887,180,0,0,621498
0,0,0,0.5,0.41887,180,0,0,621515
0,0,0,0.5,0.41887,180,0,0,621531
0,0,0,0.5,0.41887,180,0,0,621548
0,0,0,0.5,0.41887,180,0,0,621565
0,0,0,0.5,0.41887,180,0,0,621581
0,0,0,0.5,0.41887,180,0,0,621598
0,0,0,0.5,0.41887,180,0,0,621615
0,0,0,0.5,0.41887,180,0,0,621631
0,1,0,0.5,0.419005,180,0,0,621649
0,0,0,0.5,0.419005,180,0,0,621665
0,0,0,0.5,0.419005,180,0,1,621682
-3,0,-1,0.5,0.419005,180,0,1,621699
0,1,0,0.5,0.41914,180,0,1,621715
0,2,0,0.5,0.41941,180,0,0,621733
0,0,0,0.5,0.41941,180,0,0,621748
0,0,0,0.5,0.41941,180,0,0,621767
0,0,0,0.5,0.41941,180,0,0,621782
0,0,0,0.5,0.41941,180,0,0,621798
-1,0,0,0.5,0.41941,180,0,1,621817
0,0,0,0.5,0.41941,180,0,1,621832
0,0,0,0.5,0.41941,180,0,1,621848
0,0,0,0.5,0.41941,180,0,1,621865
0,0,0,0.5,0.41941,180,0,1,621881
0,0,0,0.5,0.41941,180,0,0,621899
0,0,0,0.5,0.41941,180,0,0,621915
0,0,0,0.5,0.41941,180,0,0,621931
0,0,0,0.5,0.41941,180,0,0,621948
0,0,0,0.5,0.41941,180,0,0,621965
0,0,0,0.5,0.41941,180,0,0,621981
0,0,0,0.5,0.41941,180,0,0,621998
0,0,0,0.5,0.41941,180,0,0,622015
0,0,0,0.5,0.41941,180,0,0,622032
0,0,0,0.5,0.41941,180,0,0,622048
0,0,0,0.5,0.41941,180,0,0,622065
0,0,0,0.5,0.41941,180,0,0,622081
0,0,0,0.5,0.41941,180,0,0,622098
0,0,0,0.5,0.41941,180,0,0,622116
0,0,0,0.5,0.41941,180,0,0,622131
0,0,0,0.5,0.41941,180,0,0,622148
0,0,0,0.5,0.41941,180,0,0,622165
0,0,0,0.5,0.41941,180,0,0,622181
0,0,0,0.5,0.41941,180,0,0,622198
0,0,0,0.5,0.41941,180,0,0,622215
0,0,0,0.5,0.41941,180,0,0,622231
0,0,0,0.5,0.41941,180,0,0,622248
0,0,0,0.5,0.41941,180,0,0,622265
0,0,0,0.5,0.41941,180,0,0,622281
0,0,0,0.5,0.41941,180,0,0,622298
0,0,0,0.5,0.41941,180,0,0,622315
0,0,0,0.5,0.41941,180,0,0,622331
0,0,0,0.5,0.41941,180,0,0,622348
0,0,0,0.5,0.41941,180,0,0,622365
0,0,0,0.5,0.41941,180,0,0,622381
0,0,0,0.5,0.41941,180,0,0,622398
0,0,0,0.5,0.41941,180,0,0,622415
0,0,0,0.5,0.41941,180,0,0,622431
0,0,0,0.5,0.41941,180,0,0,622448
0,0,0,0.5,0.41941,180,0,0,622465
0,0,0,0.5,0.41941,180,0,0,622481
0,0,0,0.5,0.41941,180,0,0,622498
0,0,0,0.5,0.41941,180,0,0,622515
0,0,0,0.5,0.41941,180,0,0,622531
0,0,0,0.5,0.41941,180,0,0,622548
0,0,0,0.5,0.41941,180,0,0,622565
0,0,0,0.5,0.41941,180,0,0,622581
0,0,0,0.5,0.41941,180,0,0,622598
0,0,0,0.5,0.41941,180,0,0,622615
0,0,0,0.5,0.41941,180,0,0,622631
0,0,0,0.5,0.41941,180,0,0,622648
0,0,0,0.5,0.41941,180,0,0,622665
0,0,0,0.5,0.41941,180,0,0,622681
0,0,0,0.5,0.41941,180,0,0,622698
0,0,0,0.5,0.41941,180,0,0,622715
0,0,0,0.5,0.41941,180,0,0,622731
0,0,0,0.5,0.41941,180,0,0,622748
0,0,0,0.5,0.41941,180,0,0,622765
0,0,0,0.5,0.41941,180,0,0,622781
0,0,0,0.5,0.41941,180,0,0,622798
0,0,0,0.5,0.41941,180,0,0,622815
0,0,0,0.5,0.41941,180,0,0,622831
0,0,0,0.5,0.41941,180,0,0,622848
0,0,0,0.5,0.41941,180,0,0,622865
0,0,0,0.5,0.41941,180,0,0,622882
0,0,0,0.5,0.41941,180,0,0,622898
0,0,0,0.5,0.41941,180,0,0,622915
0,0,0,0.5,0.41941,180,0,0,622932
0,0,0,0.5,0.41941,180,0,0,622948
0,1,0,0.5,0.419545,180,0,0,622966
0,0,0,0.5,0.419545,180,0,0,622981
0,0,0,0.5,0.419545,180,0,0,622998
0,0,0,0.5,0.419545,180,0,0,623016
0,0,0,0.5,0.419545,180,0,0,623031
0,0,0,0.5,0.419545,180,0,0,623049
0,0,0,0.5,0.419545,180,0,0,623065
0,0,0,0.5,0.419545,180,0,0,623082
0,0,0,0.5,0.419545,180,0,0,623098
0,0,0,0.5,0.419545,180,0,0,623115
0,0,0,0.5,0.419545,180,0,0,623132
0,0,0,0.5,0.419545,180,0,0,623148
0,0,0,0.5,0.419545,180,0,0,623165
0,0,0,0.5,0.419545,180,0,0,623181
0,0,0,0.5,0.419545,180,0,0,623198
0,0,0,0.5,0.419545,180,0,0,623215
0,0,0,0.5,0.419545,180,0,0,623231
0,0,0,0.5,0.419545,180,0,0,623248
0,0,0,0.5,0.419545,180,0,0,623265
0,0,0,0.5,0.419545,180,0,0,623281
0,0,0,0.5,0.419545,180,0,0,623298
0,0,0,0.5,0.419545,180,0,0,623315
0,1,0,0.5,0.41968,180,0,0,623332
0,0,0,0.5,0.41968,180,0,0,623348
0,0,0,0.5,0.41968,180,0,0,623365
0,0,0,0.5,0.41968,180,0,0,623381
0,0,0,0.5,0.41968,180,0,0,623398
0,0,0,0.5,0.41968,180,0,0,623415
0,0,0,0.5,0.41968,180,0,0,623432
0,0,0,0.5,0.41968,180,0,0,623449
0,0,0,0.5,0.41968,180,0,0,623465
0,0,0,0.5,0.41968,180,0,0,623481
0,0,0,0.5,0.41968,180,0,0,623499
0,0,0,0.5,0.41968,180,0,0,623515
0,0,0,0.5,0.41968,180,0,0,623531
0,0,0,0.5,0.41968,180,0,0,623548
0,0,0,0.5,0.41968,180,0,0,623565
0,0,0,0.5,0.41968,180,0,0,623582
0,0,0,0.5,0.41968,180,0,0,623598
0,0,0,0.5,0.41968,180,0,0,623615
0,0,0,0.5,0.41968,180,0,0,623632
0,0,0,0.5,0.41968,180,0,0,623648
0,0,0,0.5,0.41968,180,0,0,623665
0,0,0,0.5,0.41968,180,0,0,623682
0,0,0,0.5,0.41968,180,0,0,623698
0,0,0,0.5,0.41968,180,0,0,623715
0,0,0,0.5,0.41968,180,0,0,623732
0,0,0,0.5,0.41968,180,0,0,623748
0,0,0,0.5,0.41968,180,0,0,623765
0,0,0,0.5,0.41968,180,0,0,623782
0,0,0,0.5,0.41968,180,0,0,623798
0,0,0,0.5,0.41968,180,0,0,623815
0,0,0,0.5,0.41968,180,0,0,623831
0,0,0,0.5,0.41968,180,0,0,623848
0,0,0,0.5,0.41968,180,0,0,623865
0,0,0,0.5,0.41968,180,0,0,623882
0,0,0,0.5,0.41968,180,0,0,623898
0,0,0,0.5,0.41968,180,0,0,623915
0,0,0,0.5,0.41968,180,0,0,623931
0,0,0,0.5,0.41968,180,0,0,623948
0,0,0,0.5,0.41968,180,0,0,623965
0,0,0,0.5,0.41968,180,0,0,623981
0,0,0,0.5,0.41968,180,0,0,623998
0,0,0,0.5,0.41968,180,0,0,624015
0,0,0,0.5,0.41968,180,0,0,624032
0,0,0,0.5,0.41968,180,0,0,624048
0,0,0,0.5,0.41968,180,0,0,624065
0,0,0,0.5,0.41968,180,0,0,624081
0,0,0,0.5,0.41968,180,0,0,624099
0,0,0,0.5,0.41968,180,0,0,624115
0,0,0,0.5,0.41968,180,0,0,624131
0,0,0,0.5,0.41968,180,0,0,624148
0,0,0,0.5,0.41968,180,0,0,624165
0,0,0,0.5,0.41968,180,0,0,624181
0,0,0,0.5,0.41968,180,0,0,624198
0,0,0,0.5,0.41968,180,0,0,624215
0,0,0,0.5,0.41968,180,0,0,624231
0,0,0,0.5,0.41968,180,0,0,624248
0,0,0,0.5,0.41968,180,0,0,624265
0,0,0,0.5,0.41968,180,0,0,624281
0,0,0,0.5,0.41968,180,0,0,624298
0,0,0,0.5,0.41968,180,0,0,624315
0,0,0,0.5,0.41968,180,0,0,624331
0,0,0,0.5,0.41968,180,0,0,624348
0,0,0,0.5,0.41968,180,0,0,624365
0,0,0,0.5,0.41968,180,0,0,624381
0,0,0,0.5,0.41968,180,0,0,624398
0,0,0,0.5,0.41968,180,0,0,624415
0,0,0,0.5,0.41968,180,0,0,624431
0,0,0,0.5,0.41968,180,0,0,624449
0,0,0,0.5,0.41968,180,0,0,624465
0,0,0,0.5,0.41968,180,0,0,624482
0,0,0,0.5,0.41968,180,0,0,624498
0,0,0,0.5,0.41968,180,0,0,624515
0,1,0,0.5,0.419815,180,0,0,624532
0,0,0,0.5,0.419815,180,0,0,624548
0,0,0,0.5,0.419815,180,0,0,624565
0,0,0,0.5,0.419815,180,0,0,624581
0,0,0,0.5,0.419815,180,0,0,624598
0,0,0,0.5,0.419815,180,0,0,624615
0,0,0,0.5,0.419815,180,0,0,624631
0,0,0,0.5,0.419815,180,0,0,624648
0,0,0,0.5,0.419815,180,0,0,624665
0,0,0,0.5,0.419815,180,0,0,624681
0,0,0,0.5,0.419815,180,0,0,624698
0,0,0,0.5,0.419815,180,0,0,624715
0,0,0,0.5,0.419815,180,0,0,624731
0,0,0,0.5,0.419815,180,0,0,624748
0,0,0,0.5,0.419815,180,0,0,624765
0,0,0,0.5,0.419815,180,0,0,624781
0,0,0,0.5,0.419815,180,0,0,624798
0,0,0,0.5,0.419815,180,0,0,624815
0,0,0,0.5,0.419815,180,0,0,624831
0,0,0,0.5,0.419815,180,0,0,624848
0,0,0,0.5,0.419815,180,0,0,624865
0,0,0,0.5,0.419815,180,0,0,624882
0,0,0,0.5,0.419815,180,0,0,624898
0,0,0,0.5,0.419815,180,0,0,624915
0,0,0,0.5,0.419815,180,0,0,624931
0,1,0,0.5,0.41995,180,0,0,624948
0,0,0,0.5,0.41995,180,0,0,624965
0,0,0,0.5,0.41995,180,0,0,624981
0,0,0,0.5,0.41995,180,0,0,624998
0,0,0,0.5,0.41995,180,0,0,625015
0,0,0,0.5,0.41995,180,0,0,625031
0,0,0,0.5,0.41995,180,0,0,625048
0,0,0,0.5,0.41995,180,0,0,625065
0,0,0,0.5,0.41995,180,0,0,625081
0,0,0,0.5,0.41995,180,0,0,625098
0,0,0,0.5,0.41995,180,0,0,625116
0,0,0,0.5,0.41995,180,0,0,625131
0,0,0,0.5,0.41995,180,0,0,625148
0,0,0,0.5,0.41995,180,0,0,625165
0,0,0,0.5,0.41995,180,0,0,625181
0,0,0,0.5,0.41995,180,0,0,625198
0,0,0,0.5,0.41995,180,0,0,625215
0,0,0,0.5,0.41995,180,0,0,625232
0,0,0,0.5,0.41995,180,0,0,625249
0,0,0,0.5,0.41995,180,0,0,625265
0,0,0,0.5,0.41995,180,0,0,625281
0,0,0,0.5,0.41995,180,0,0,625298
0,0,0,0.5,0.41995,180,0,0,625314
0,0,0,0.5,0.41995,180,0,0,625331
0,0,0,0.5,0.41995,180,0,0,625348
0,0,0,0.5,0.41995,180,0,0,625364
0,0,0,0.5,0.41995,180,0,0,625381
0,0,0,0.5,0.41995,180,0,0,625398
0,0,0,0.5,0.41995,180,0,0,625415
0,0,0,0.5,0.41995,180,0,0,625431
0,0,0,0.5,0.41995,180,0,0,625448
0,0,0,0.5,0.41995,180,0,0,625464
0,0,0,0.5,0.41995,180,0,0,625481
0,0,0,0.5,0.41995,180,0,0,625498
0,0,0,0.5,0.41995,180,0,0,625514
0,0,0,0.5,0.41995,180,0,0,625531
0,0,0,0.5,0.41995,180,0,0,625548
0,0,0,0.5,0.41995,180,0,0,625564
0,0,0,0.5,0.41995,180,0,0,625581
0,0,0,0.5,0.41995,180,0,0,625598
0,0,0,0.5,0.41995,180,0,0,625615
0,0,0,0.5,0.41995,180,0,0,625631
0,0,0,0.5,0.41995,180,0,0,625648
0,0,0,0.5,0.41995,180,0,0,625665
0,0,0,0.5,0.41995,180,0,0,625681
0,0,0,0.5,0.41995,180,0,0,625698
0,0,0,0.5,0.41995,180,0,0,625714
0,0,0,0.5,0.41995,180,0,0,625731
0,0,0,0.5,0.41995,180,0,0,625748
0,0,0,0.5,0.41995,180,0,0,625764
0,0,0,0.5,0.41995,180,0,0,625781
0,0,0,0.5,0.41995,180,0,0,625798
0,0,0,0.5,0.41995,180,0,0,625814
0,0,0,0.5,0.41995,180,0,0,625831
0,1,0,0.5,0.420085,180,0,0,625848
0,0,0,0.5,0.420085,180,0,0,625864
0,0,0,0.5,0.420085,180,0,0,625881
0,0,0,0.5,0.420085,180,0,0,625898
0,0,0,0.5,0.420085,180,0,0,625914
0,0,0,0.5,0.420085,180,0,0,625931
0,0,0,0.5,0.420085,180,0,0,625948
0,0,0,0.5,0.420085,180,0,0,625965
0,0,0,0.5,0.420085,180,0,0,625981
0,0,0,0.5,0.420085,180,0,0,625998
0,0,0,0.5,0.420085,180,0,0,626015
0,0,0,0.5,0.420085,180,0,0,626032
0,0,0,0.5,0.420085,180,0,0,626048
0,0,0,0.5,0.420085,180,0,0,626065
0,0,0,0.5,0.420085,180,0,0,626082
-1,0,0,0.5,0.420085,180,0,0,626099
0,0,0,0.5,0.420085,180,0,0,626115
0,0,0,0.5,0.420085,180,0,0,626131
0,0,0,0.5,0.420085,180,0,0,626148
0,0,0,0.5,0.420085,180,0,0,626165
0,0,0,0.5,0.420085,180,0,1,626181
0,1,0,0.5,0.42022,180,0,1,626198
0,0,0,0.5,0.42022,180,0,1,626215
0,0,0,0.5,0.42022,180,0,1,626231
0,1,0,0.5,0.420355,180,0,1,626248
0,0,0,0.5,0.420355,180,0,0,626265
0,0,0,0.5,0.420355,180,0,0,626281
0,0,0,0.5,0.420355,180,0,0,626298
0,0,0,0.5,0.420355,180,0,0,626315
0,0,0,0.5,0.420355,180,0,0,626331
0,0,0,0.5,0.420355,180,0,0,626349
0,0,0,0.5,0.420355,180,0,1,626365
0,0,0,0.5,0.420355,180,0,1,626381
0,0,0,0.5,0.420355,180,0,1,626398
0,0,0,0.5,0.420355,180,0,1,626415
0,0,0,0.5,0.420355,180,0,0,626431
0,1,0,0.5,0.42049,180,0,0,626448
0,0,0,0.5,0.42049,180,0,0,626465
0,0,0,0.5,0.42049,180,0,0,626481
0,0,0,0.5,0.42049,180,0,0,626498
0,0,0,0.5,0.42049,180,0,0,626515
0,0,0,0.5,0.42049,180,0,0,626531
0,0,0,0.5,0.42049,180,0,0,626548
0,0,0,0.5,0.42049,180,0,0,626565
0,0,0,0.5,0.42049,180,0,0,626581
0,0,0,0.5,0.42049,180,0,0,626599
0,0,0,0.5,0.42049,180,0,0,626614
0,0,0,0.5,0.42049,180,0,0,626631
0,0,0,0.5,0.42049,180,0,0,626648
0,0,0,0.5,0.42049,180,0,0,626665
0,0,0,0.5,0.42049,180,0,0,626681
0,0,0,0.5,0.42049,180,0,0,626698
0,0,0,0.5,0.42049,180,0,0,626715
0,0,0,0.5,0.42049,180,0,0,626731
0,0,0,0.5,0.42049,180,0,0,626748
0,0,0,0.5,0.42049,180,0,1,626765
0,0,0,0.5,0.42049,180,0,1,626781
0,0,0,0.5,0.42049,180,0,1,626798
0,0,0,0.5,0.42049,180,0,0,626815
0,0,0,0.5,0.42049,180,0,0,626831
0,0,0,0.5,0.42049,180,0,0,626848
0,0,0,0.5,0.42049,180,0,0,626865
0,0,0,0.5,0.42049,180,0,0,626881
0,0,0,0.5,0.42049,180,0,0,626898
0,0,0,0.5,0.42049,180,0,0,626915
0,0,0,0.5,0.42049,180,0,0,626931
0,0,0,0.5,0.42049,180,0,0,626948
0,0,0,0.5,0.42049,180,0,0,626964
0,0,0,0.5,0.42049,180,0,0,626981
0,0,0,0.5,0.42049,180,0,0,626998
0,0,0,0.5,0.42049,180,0,0,627014
0,0,0,0.5,0.42049,180,0,0,627031
0,0,0,0.5,0.42049,180,0,0,627049
0,0,0,0.5,0.42049,180,0,0,627065
0,0,0,0.5,0.42049,180,0,0,627081
0,0,0,0.5,0.42049,180,0,0,627098
0,0,0,0.5,0.42049,180,0,0,627117
0,0,0,0.5,0.42049,180,0,0,627132
0,0,0,0.5,0.42049,180,0,0,627148
0,0,0,0.5,0.42049,180,0,0,627164
0,0,0,0.5,0.42049,180,0,0,627182
0,0,0,0.5,0.42049,180,0,0,627198
0,0,0,0.5,0.42049,180,0,0,627214
0,0,0,0.5,0.42049,180,0,0,627231
0,0,0,0.5,0.42049,180,0,0,627248
0,0,0,0.5,0.42049,180,0,0,627264
0,0,0,0.5,0.42049,180,0,0,627281
0,0,0,0.5,0.42049,180,0,0,627298
0,0,0,0.5,0.42049,180,0,0,627315
0,0,0,0.5,0.42049,180,0,0,627331
0,0,0,0.5,0.42049,180,0,0,627348
0,0,0,0.5,0.42049,180,0,0,627365
0,0,0,0.5,0.42049,180,0,0,627381
0,0,0,0.5,0.42049,180,0,0,627398
0,0,0,0.5,0.42049,180,0,0,627414
0,0,0,0.5,0.42049,180,0,0,627431
0,0,0,0.5,0.42049,180,0,0,627448
0,0,0,0.5,0.42049,180,0,0,627465
0,0,0,0.5,0.42049,180,0,0,627481
0,0,0,0.5,0.42049,180,0,0,627498
0,0,0,0.5,0.42049,180,0,0,627515
0,0,0,0.5,0.42049,180,0,0,627531
0,0,0,0.5,0.42049,180,0,0,627548
0,0,0,0.5,0.42049,180,0,0,627565
0,0,0,0.5,0.42049,180,0,0,627581
0,0,0,0.5,0.42049,180,0,0,627598
0,0,0,0.5,0.42049,180,0,0,627615
0,0,0,0.5,0.42049,180,0,0,627631
0,0,0,0.5,0.42049,180,0,0,627648
0,0,0,0.5,0.42049,180,0,0,627665
0,0,0,0.5,0.42049,180,0,0,627681
0,0,0,0.5,0.42049,180,0,0,627698
0,0,0,0.5,0.42049,180,0,0,627714
0,0,0,0.5,0.42049,180,0,0,627731
0,0,0,0.5,0.42049,180,0,0,627748
0,0,0,0.5,0.42049,180,0,0,627764
0,0,0,0.5,0.42049,180,0,0,627781
0,0,0,0.5,0.42049,180,0,0,627798
0,0,0,0.5,0.42049,180,0,0,627815
0,0,0,0.5,0.42049,180,0,0,627831
0,0,0,0.5,0.42049,180,0,0,627848
0,0,0,0.5,0.42049,180,0,0,627865
0,0,0,0.5,0.42049,180,0,0,627881
0,0,0,0.5,0.42049,180,0,0,627898
0,0,0,0.5,0.42049,180,0,0,627915
0,0,0,0.5,0.42049,180,0,0,627931
0,0,0,0.5,0.42049,180,0,0,627948
0,0,0,0.5,0.42049,180,0,0,627964
0,0,0,0.5,0.42049,180,0,0,627982
0,0,0,0.5,0.42049,180,0,0,627998
0,0,0,0.5,0.42049,180,0,0,628014
0,0,0,0.5,0.42049,180,0,0,628031
0,0,0,0.5,0.42049,180,0,0,628048
0,0,0,0.5,0.42049,180,0,0,628065
0,0,0,0.5,0.42049,180,0,0,628081
0,0,0,0.5,0.42049,180,0,0,628099
0,0,0,0.5,0.42049,180,0,0,628116
0,0,0,0.5,0.42049,180,0,0,628131
0,0,0,0.5,0.42049,180,0,0,628148
0,0,0,0.5,0.42049,180,0,0,628165
0,0,0,0.5,0.42049,180,0,0,628181
0,0,0,0.5,0.42049,180,0,0,628198
0,0,0,0.5,0.42049,180,0,0,628214
0,0,0,0.5,0.42049,180,0,0,628231
0,0,0,0.5,0.42049,180,0,0,628248
0,0,0,0.5,0.42049,180,0,0,628264
0,0,0,0.5,0.42049,180,0,0,628282
0,0,0,0.5,0.42049,180,0,0,628298
0,0,0,0.5,0.42049,180,0,0,628315
0,0,0,0.5,0.42049,180,0,0,628332
0,0,0,0.5,0.42049,180,0,0,628349
0,0,0,0.5,0.42049,180,0,0,628364
0,0,0,0.5,0.42049,180,0,0,628381
0,0,0,0.5,0.42049,180,0,0,628398
0,0,0,0.5,0.42049,180,0,0,628414
0,0,0,0.5,0.42049,180,0,0,628431
0,0,0,0.5,0.42049,180,0,0,628448
0,0,0,0.5,0.42049,180,0,0,628465
0,0,0,0.5,0.42049,180,0,0,628481
0,0,0,0.5,0.42049,180,0,0,628498
0,0,0,0.5,0.42049,180,0,0,628514
0,0,0,0.5,0.42049,180,0,0,628531
0,0,0,0.5,0.42049,180,0,0,628548
0,0,0,0.5,0.42049,180,0,0,628564
0,0,0,0.5,0.42049,180,0,0,628581
0,0,0,0.5,0.42049,180,0,0,628598
0,0,0,0.5,0.42049,180,0,0,628614
0,0,0,0.5,0.42049,180,0,0,628631
0,0,0,0.5,0.42049,180,0,0,628648
0,0,0,0.5,0.42049,180,0,0,628665
0,0,0,0.5,0.42049,180,0,0,628681
0,0,0,0.5,0.42049,180,0,0,628698
0,0,0,0.5,0.42049,180,0,0,628715
0,0,0,0.5,0.42049,180,0,0,628731
0,0,0,0.5,0.42049,180,0,0,628748
0,0,0,0.5,0.42049,180,0,0,628764
0,0,0,0.5,0.42049,180,0,0,628781
0,1,0,0.5,0.420625,180,0,0,628798
0,0,0,0.5,0.420625,180,0,0,628814
0,0,0,0.5,0.420625,180,0,0,628831
0,0,0,0.5,0.420625,180,0,0,628848
0,0,0,0.5,0.420625,180,0,0,628864
0,0,0,0.5,0.420625,180,0,0,628881
0,0,0,0.5,0.420625,180,0,0,628898
0,0,0,0.5,0.420625,180,0,0,628915
0,0,0,0.5,0.420625,180,0,0,628931
0,0,0,0.5,0.420625,180,0,0,628948
0,0,0,0.5,0.420625,180,0,0,628965
0,0,0,0.5,0.420625,180,0,0,628981
0,0,0,0.5,0.420625,180,0,0,628998
0,0,0,0.5,0.420625,180,0,0,629014
0,0,0,0.5,0.420625,180,0,0,629031
0,0,0,0.5,0.420625,180,0,0,629048
0,0,0,0.5,0.420625,180,0,0,629064
0,0,0,0.5,0.420625,180,0,0,629081
0,0,0,0.5,0.420625,180,0,0,629098
0,0,0,0.5,0.420625,180,0,0,629115
0,0,0,0.5,0.420625,180,0,0,629131
0,0,0,0.5,0.420625,180,0,0,629148
0,0,0,0.5,0.420625,180,0,0,629165
0,0,0,0.5,0.420625,180,0,0,629181
0,0,0,0.5,0.420625,180,0,0,629198
0,0,0,0.5,0.420625,180,0,0,629214
0,0,0,0.5,0.420625,180,0,0,629231
0,0,0,0.5,0.420625,180,0,0,629248
0,0,0,0.5,0.420625,180,0,0,629265
0,0,0,0.5,0.420625,180,0,0,629281
0,0,0,0.5,0.420625,180,0,0,629298
0,0,0,0.5,0.420625,180,0,0,629315
0,0,0,0.5,0.420625,180,0,0,629331
0,0,0,0.5,0.420625,180,0,0,629348
0,0,0,0.5,0.420625,180,0,0,629365
0,0,0,0.5,0.420625,180,0,0,629381
0,0,0,0.5,0.420625,180,0,0,629398
0,0,0,0.5,0.420625,180,0,0,629414
0,0,0,0.5,0.420625,180,0,0,629431
0,0,0,0.5,0.420625,180,0,0,629449
0,0,0,0.5,0.420625,180,0,0,629465
0,0,0,0.5,0.420625,180,0,0,629481
0,0,0,0.5,0.420625,180,0,0,629498
0,0,0,0.5,0.420625,180,0,0,629515
0,0,0,0.5,0.420625,180,0,0,629531
0,0,0,0.5,0.420625,180,0,0,629548
0,0,0,0.5,0.420625,180,0,0,629565
0,0,0,0.5,0.420625,180,0,0,629581
0,0,0,0.5,0.420625,180,0,0,629598
0,0,0,0.5,0.420625,180,0,0,629615
0,0,0,0.5,0.420625,180,0,0,629631
0,0,0,0.5,0.420625,180,0,0,629648
0,0,0,0.5,0.420625,180,0,0,629664
0,0,0,0.5,0.420625,180,0,0,629681
0,0,0,0.5,0.420625,180,0,0,629698
0,0,0,0.5,0.420625,180,0,0,629714
0,0,0,0.5,0.420625,180,0,0,629731
0,0,0,0.5,0.420625,180,0,0,629748
0,0,0,0.5,0.420625,180,0,0,629765
0,0,0,0.5,0.420625,180,0,0,629781
0,0,0,0.5,0.420625,180,0,0,629798
0,0,0,0.5,0.420625,180,0,0,629814
0,0,0,0.5,0.420625,180,0,0,629831
0,0,0,0.5,0.420625,180,0,0,629848
0,0,0,0.5,0.420625,180,0,0,629864
0,0,0,0.5,0.420625,180,0,0,629881
0,0,0,0.5,0.420625,180,0,0,629898
0,0,0,0.5,0.420625,180,0,0,629914
0,0,0,0.5,0.420625,180,0,0,629931
0,0,0,0.5,0.420625,180,0,0,629948
0,0,0,0.5,0.420625,180,0,0,629965
0,0,0,0.5,0.420625,180,0,0,629981
0,0,0,0.5,0.420625,180,0,0,629998
0,0,0,0.5,0.420625,180,0,0,630014
0,0,0,0.5,0.420625,180,0,0,630031
0,0,0,0.5,0.420625,180,0,0,630048
0,0,0,0.5,0.420625,180,0,0,630064
0,0,0,0.5,0.420625,180,0,0,630082
0,0,0,0.5,0.420625,180,0,0,630099
0,0,0,0.5,0.420625,180,0,0,630115
0,0,0,0.5,0.420625,180,0,0,630131
0,0,0,0.5,0.420625,180,0,0,630149
0,0,0,0.5,0.420625,180,0,0,630165
0,0,0,0.5,0.420625,180,0,0,630181
0,0,0,0.5,0.420625,180,0,0,630198
0,0,0,0.5,0.420625,180,0,0,630214
0,0,0,0.5,0.420625,180,0,0,630231
0,0,0,0.5,0.420625,180,0,0,630248
0,0,0,0.5,0.420625,180,0,0,630264
0,0,0,0.5,0.420625,180,0,0,630281
0,0,0,0.5,0.420625,180,0,0,630298
0,0,0,0.5,0.420625,180,0,0,630314
0,0,0,0.5,0.420625,180,0,0,630331
0,0,0,0.5,0.420625,180,0,0,630348
0,0,0,0.5,0.420625,180,0,0,630364
0,0,0,0.5,0.420625,180,0,0,630381
0,0,0,0.5,0.420625,180,0,0,630398
0,0,0,0.5,0.420625,180,0,0,630415
0,0,0,0.5,0.420625,180,0,0,630431
0,0,0,0.5,0.420625,180,0,0,630448
0,0,0,0.5,0.420625,180,0,0,630465
0,0,0,0.5,0.420625,180,0,0,630481
0,0,0,0.5,0.420625,180,0,0,630498
0,0,0,0.5,0.420625,180,0,0,630514
0,0,0,0.5,0.420625,180,0,0,630531
0,0,0,0.5,0.420625,180,0,0,630548
0,0,0,0.5,0.420625,180,0,0,630565
0,0,0,0.5,0.420625,180,0,0,630581
0,0,0,0.5,0.420625,180,0,0,630598
0,0,0,0.5,0.420625,180,0,0,630614
0,0,0,0.5,0.420625,180,0,0,630631
0,0,0,0.5,0.420625,180,0,0,630648
0,0,0,0.5,0.420625,180,0,0,630664
0,0,0,0.5,0.420625,180,0,0,630681
0,0,0,0.5,0.420625,180,0,0,630698
0,0,0,0.5,0.420625,180,0,0,630714
0,0,0,0.5,0.420625,180,0,0,630731
0,0,0,0.5,0.420625,180,0,0,630748
0,0,0,0.5,0.420625,180,0,0,630764
0,0,0,0.5,0.420625,180,0,0,630781
0,0,0,0.5,0.420625,180,0,0,630798
0,0,0,0.5,0.420625,180,0,0,630814
0,0,0,0.5,0.420625,180,0,0,630831
0,0,0,0.5,0.420625,180,0,0,630848
0,0,0,0.5,0.420625,180,0,0,630864
0,0,0,0.5,0.420625,180,0,0,630881
0,0,0,0.5,0.420625,180,0,0,630898
0,0,0,0.5,0.420625,180,0,0,630914
0,0,0,0.5,0.420625,180,0,0,630931
0,0,0,0.5,0.420625,180,0,0,630948
0,0,0,0.5,0.420625,180,0,0,630964
0,0,0,0.5,0.420625,180,0,0,630981
0,0,0,0.5,0.420625,180,0,0,630998
0,0,0,0.5,0.420625,180,0,0,631015
0,0,0,0.5,0.420625,180,0,0,631031
0,0,0,0.5,0.420625,180,0,0,631048
0,0,0,0.5,0.420625,180,0,0,631064
0,0,0,0.5,0.420625,180,0,0,631081
0,0,0,0.5,0.420625,180,0,0,631098
0,0,0,0.5,0.420625,180,0,0,631114
0,0,0,0.5,0.420625,180,0,0,631132
0,0,0,0.5,0.420625,180,0,0,631148
0,0,0,0.5,0.420625,180,0,0,631165
0,0,0,0.5,0.420625,180,0,0,631181
0,0,0,0.5,0.420625,180,0,0,631198
0,0,0,0.5,0.420625,180,0,0,631214
0,0,0,0.5,0.420625,180,0,0,631231
0,0,0,0.5,0.420625,180,0,0,631248
0,0,0,0.5,0.420625,180,0,0,631264
0,0,0,0.5,0.420625,180,0,0,631281
0,0,0,0.5,0.420625,180,0,0,631298
0,0,0,0.5,0.420625,180,0,0,631314
0,0,0,0.5,0.420625,180,0,0,631331
0,0,0,0.5,0.420625,180,0,0,631348
0,0,0,0.5,0.420625,180,0,0,631364
0,0,0,0.5,0.420625,180,0,0,631381
0,0,0,0.5,0.420625,180,0,0,631400
0,0,0,0.5,0.420625,180,0,0,631414
0,0,0,0.5,0.420625,180,0,0,631431
0,-2,0,0.5,0.420355,180,0,0,631448
0,-2,0,0.5,0.420085,180,0,0,631465
0,-3,0,0.5,0.41968,180,0,0,631481
2,-5,-1,0.5,0.419005,180,0,0,631498
-1,-4,-2,0.5,0.418465,180,0,0,631515
5,-4,0,0.5,0.417925,180,0,0,631532
-2,-3,-4,0.5,0.41752,180,0,0,631550
-1,-4,-2,0.5,0.41698,180,0,0,631566
0,-1,-2,0.5,0.416845,180,0,0,631584
0,-1,0,0.5,0.41671,180,0,0,631603
0,3,-4,0.5,0.417115,180,0,0,631617
-5,5,-5,0.5,0.41779,180,0,0,631634
5,11,-2,0.5,0.419275,180,0,0,631649
0,11,-5,0.5,0.42076,180,0,0,631666
0,11,-5,0.5,0.422245,180,0,0,631684
1,7,-5,0.5,0.42319,180,0,0,631699
0,6,-3,0.5,0.424,180,0,0,631715
0,7,-8,0.5,0.424945,180,0,0,631733
0,2,-5,0.5,0.425215,180,0,0,631750
0,3,-6,0.5,0.42562,180,0,0,631766
-1,4,-6,0.5,0.42616,180,0,0,631783
1,5,-7,0.5,0.426835,180,0,0,631800
0,7,-7,0.5,0.42778,180,0,0,631816
0,9,-6,0.5,0.428995,180,0,0,631834
0,11,-6,0.5,0.43048,180,0,0,631850
0,10,-5,0.5,0.43183,180,0,0,631867
0,8,-6,0.5,0.43291,180,0,0,631883
0,6,-7,0.5,0.43372,180,0,0,631900
0,5,-7,0.5,0.434395,180,0,0,631917
0,3,-4,0.5,0.4348,180,0,0,631934
-3,5,-6,0.5,0.435475,180,0,0,631952
-4,3,-2,0.5,0.43588,180,0,0,631965
3,3,-2,0.5,0.436285,180,0,0,631982
-3,4,-7,0.5,0.436825,180,0,0,632002
-8,4,-10,0.5,0.437365,180,0,0,632017
-6,5,-9,0.5,0.43804,180,0,0,632035
3,11,-5,0.5,0.439525,180,0,0,632049
0,21,-6,0.5,0.44236,180,0,0,632066
0,29,-5,0.5,0.446275,180,0,0,632085
1,48,-13,0.5,0.452755,180,0,0,632102
0,0,0,0.5,0.452755,180,0,0,632114
0,34,-15,0.5,0.457345,180,0,0,632135
0,19,-3,0.5,0.45991,180,0,0,632149
0,22,-15,0.5,0.46288,180,0,0,632168
0,26,-9,0.5,0.46639,180,0,0,632183
0,26,-9,0.5,0.4699,180,0,0,632200
3,26,-6,0.5,0.47341,180,0,0,632216
0,24,-11,0.5,0.47665,180,0,0,632236
0,19,-10,0.5,0.479215,180,0,0,632250
0,10,-8,0.5,0.480565,180,0,0,632267
0,10,-9,0.5,0.481915,180,0,0,632285
1,8,-7,0.5,0.482995,180,0,0,632300
0,8,-5,0.5,0.484075,180,0,1,632316
-4,8,-7,0.5,0.485155,180,0,1,632333
-1,11,-2,0.5,0.48664,180,0,0,632348
1,17,0,0.5,0.488935,180,0,0,632365
4,17,1,0.5,0.49123,180,0,1,632383
7,-2,2,0.5,0.49096,180,0,1,632399
-2,0,0,0.5,0.49096,180,0,1,632415
0,25,9,0.5,0.494335,180,0,1,632437
0,27,11,0.5,0.49798,180,0,1,632452
0,28,8,0.5,0.50176,180,0,0,632472
0,28,4,0.5,0.50554,180,0,0,632484
-1,59,6,0.5,0.513505,180,0,0,632502
0,26,4,0.5,0.517015,180,0,0,632518
0,22,4,0.5,0.519985,180,0,0,632533
0,22,2,0.5,0.522955,180,0,0,632549
0,24,0,0.5,0.526195,180,0,0,632565
0,25,0,0.5,0.52957,180,0,0,632582
0,27,0,0.5,0.533215,180,0,1,632598
0,32,0,0.5,0.537535,180,0,1,632615
0,32,0,0.5,0.541855,180,0,0,632631
1,29,0,0.5,0.54577,180,0,0,632648
0,21,1,0.5,0.548605,180,0,0,632665
0,18,0,0.5,0.551035,180,0,0,632681
0,21,4,0.5,0.55387,180,0,0,632699
0,24,5,0.5,0.55711,180,0,0,632716
0,29,5,0.5,0.561025,180,0,0,632733
0,31,5,0.5,0.56521,180,0,0,632749
0,31,5,0.5,0.569395,180,0,0,632767
0,26,5,0.5,0.572905,180,0,0,632786
1,28,6,0.5,0.576685,180,0,0,632801
0,21,2,0.5,0.57952,180,0,0,632815
0,15,1,0.5,0.581545,180,0,0,632832
0,19,3,0.5,0.58411,180,0,0,632853
0,0,0,0.5,0.58411,180,0,0,632864
0,5,5,0.5,0.584785,180,0,0,632886
0,0,6,0.5,0.584785,180,0,0,632900
0,0,11,0.5,0.584785,180,0,0,632919
0,3,5,0.5,0.58519,180,0,0,632937
0,6,5,0.5,0.586,180,0,0,632954
0,6,6,0.5,0.58681,180,0,0,632968
0,8,6,0.5,0.58789,180,0,0,632983
0,9,5,0.5,0.589105,180,0,0,633001
0,9,1,0.5,0.59032,180,0,0,633015
0,16,0,0.5,0.59248,180,0,0,633031
0,24,-3,0.5,0.59572,180,0,0,633049
0,31,-4,0.5,0.599905,180,0,0,633066
0,34,-6,0.5,0.604495,180,0,0,633084
2,34,-6,0.5,0.609085,180,0,1,633102
-1,30,-6,0.5,0.613135,180,0,1,633117
-3,25,-7,0.5,0.61651,180,0,1,633133
0,22,-8,0.5,0.61948,180,0,1,633151
3,16,-6,0.5,0.62164,180,0,1,633166
0,11,-5,0.5,0.623125,180,0,1,633183
0,4,-5,0.5,0.623665,180,0,1,633200
0,1,-4,0.5,0.6238,180,0,1,633217
0,-3,-3,0.5,0.623395,180,0,1,633234
0,-2,-3,0.5,0.623125,180,0,1,633254
0,0,-4,0.5,0.623125,180,0,0,633268
0,1,-5,0.5,0.62326,180,0,0,633287
0,0,-1,0.5,0.62326,180,0,0,633299
0,6,-2,0.5,0.62407,180,0,0,633316
0,27,-5,0.5,0.627715,180,0,0,633333
0,0,0,0.5,0.627715,180,0,0,633348
-3,37,-5,0.5,0.63271,180,0,0,633367
0,17,-3,0.5,0.635005,180,0,0,633384
0,14,-3,0.5,0.636895,180,0,0,633399
0,13,-4,0.5,0.63865,180,0,0,633416
0,14,-3,0.5,0.64054,180,0,0,633433
0,17,-1,0.5,0.642835,180,0,0,633448
0,20,0,0.5,0.645535,180,0,0,633464
0,27,0,0.5,0.64918,180,0,0,633481
0,31,0,0.5,0.653365,180,0,0,633498
0,35,-2,0.5,0.65809,180,0,0,633515
0,37,-4,0.5,0.663085,180,0,0,633535
-1,34,-4,0.5,0.667675,180,0,0,633551
-1,29,-6,0.5,0.67159,180,0,0,633566
0,24,-8,0.5,0.67483,180,0,0,633583
0,23,-7,0.5,0.677935,180,0,0,633600
0,26,-5,0.5,0.681445,180,0,0,633616
0,33,-4,0.5,0.6859,180,0,0,633636
0,37,-2,0.5,0.690895,180,0,0,633648
0,40,-3,0.5,0.696295,180,0,0,633666
0,38,-5,0.5,0.701425,180,0,0,633683
0,37,-5,0.5,0.70642,180,0,0,633699
0,34,-5,0.5,0.71,180,0,0,633716
