-1,57,-14,0.5,-0.702305,180,0,1,284443
0,0,0,0.5,-0.702305,180,0,1,284452
0,37,-10,0.5,-0.69731,180,0,1,284462
0,40,-12,0.5,-0.69191,180,0,0,284480
0,38,-11,0.5,-0.68678,180,0,0,284496
0,34,-11,0.5,-0.68219,180,0,0,284512
0,28,-10,0.5,-0.67841,180,0,0,284529
0,27,-11,0.5,-0.674765,180,0,0,284546
3,23,-12,0.5,-0.67166,180,0,0,284563
0,23,-10,0.5,-0.668555,180,0,1,284579
0,26,-10,0.5,-0.665045,180,0,1,284596
0,28,-9,0.5,-0.661265,180,0,1,284614
0,13,-4,0.5,-0.65951,180,0,1,284629
0,31,-9,0.5,-0.655325,180,0,0,284646
4,32,-6,0.5,-0.651005,180,0,0,284661
1,38,-7,0.5,-0.645875,180,0,0,284679
0,40,-7,0.5,-0.640475,180,0,0,284696
0,75,-15,0.5,-0.63035,180,0,0,284714
0,53,-9,0.5,-0.623195,180,0,0,284731
0,52,-8,0.5,-0.616175,180,0,0,284749
0,15,4,0.5,-0.61415,180,0,0,284761
0,49,-7,0.5,-0.607535,180,0,1,284783
0,44,-9,0.5,-0.601595,180,0,0,284798
0,40,-8,0.5,-0.596195,180,0,0,284812
1,40,-9,0.5,-0.590795,180,0,0,284833
0,40,-9,0.5,-0.585395,180,0,0,284847
-3,42,-12,0.5,-0.579725,180,0,0,284863
0,42,-10,0.5,-0.574055,180,0,1,284879
0,42,-9,0.5,-0.568385,180,0,1,284898
0,37,-10,0.5,-0.56339,180,0,1,284912
1,31,-10,0.5,-0.559205,180,0,1,284933
0,27,-11,0.5,-0.55556,180,0,0,284947
0,27,-12,0.5,-0.551915,180,0,0,284962
0,26,-11,0.5,-0.548405,180,0,0,284981
0,32,-11,0.5,-0.544085,180,0,0,285000
0,32,-10,0.5,-0.539765,180,0,0,285013
0,38,-9,0.5,-0.534635,180,0,0,285029
0,37,-9,0.5,-0.52964,180,0,0,285046
-4,40,-10,0.5,-0.52424,180,0,0,285063
3,86,-21,0.5,-0.51263,180,0,0,285084
5,47,-7,0.5,-0.506285,180,0,0,285096
0,49,-11,0.5,-0.49967,180,0,0,285114
1,47,-10,0.5,-0.493325,180,0,0,285130
0,39,-11,0.5,-0.48806,180,0,0,285146
0,0,0,0.5,-0.48806,180,0,0,285160
0,70,-20,0.5,-0.47861,180,0,1,285190
0,35,-8,0.5,-0.473885,180,0,1,285199
0,35,-8,0.5,-0.46916,180,0,1,285212
0,38,-6,0.5,-0.46403,180,0,1,285229
0,39,-7,0.5,-0.458765,180,0,1,285249
0,38,-8,0.5,-0.453635,180,0,0,285263
1,38,-9,0.5,-0.448505,180,0,0,285279
-3,42,-13,0.5,-0.442835,180,0,0,285297
0,37,-11,0.5,-0.43784,180,0,0,285313
0,38,-13,0.5,-0.43271,180,0,0,285331
0,35,-13,0.5,-0.427985,180,0,0,285347
0,34,-15,0.5,-0.423395,180,0,0,285363
0,32,-14,0.5,-0.419075,180,0,1,285382
1,33,-14,0.5,-0.41462,180,0,0,285399
0,31,-10,0.5,-0.410435,180,0,0,285412
0,35,-10,0.5,-0.40571,180,0,0,285431
-1,71,-10,0.5,-0.396125,180,0,0,285447
2,21,-14,0.5,-0.39329,180,0,0,285465
0,0,0,0.5,-0.39329,180,0,0,285477
1,84,-17,0.5,-0.38195,180,0,1,285500
1,43,-9,0.5,-0.376145,180,0,1,285513
0,38,-10,0.5,-0.371015,180,0,1,285531
0,34,-9,0.5,-0.366425,180,0,1,285547
0,29,-9,0.5,-0.36251,180,0,1,285562
0,24,-10,0.5,-0.35927,180,0,0,285582
1,20,-9,0.5,-0.35657,180,0,0,285597
1,20,-11,0.5,-0.35387,180,0,0,285613
0,19,-9,0.5,-0.351305,180,0,0,285632
-3,19,-10,0.5,-0.34874,180,0,0,285647
2,21,-9,0.5,-0.345905,180,0,0,285662
1,22,-7,0.5,-0.342935,180,0,1,285680
0,24,-7,0.5,-0.339695,180,0,1,285698
0,28,-8,0.5,-0.335915,180,0,1,285714
1,29,-8,0.5,-0.332,180,0,1,285729
0,32,-8,0.5,-0.32768,180,0,0,285746
0,34,-8,0.5,-0.32309,180,0,0,285763
0,39,-8,0.5,-0.317825,180,0,0,285780
0,38,-8,0.5,-0.312695,180,0,0,285797
1,31,-9,0.5,-0.30851,180,0,0,285813
0,25,-11,0.5,-0.305135,180,0,0,285832
1,26,-13,0.5,-0.301625,180,0,0,285847
0,57,-23,0.5,-0.29393,180,0,0,285867
1,34,-10,0.5,-0.28934,180,0,0,285880
0,38,-9,0.5,-0.28421,180,0,0,285897
0,44,-10,0.5,-0.27827,180,0,0,285913
1,51,-11,0.5,-0.271385,180,0,0,285932
-3,52,-12,0.5,-0.264365,180,0,0,285946
2,50,-8,0.5,-0.257615,180,0,0,285962
1,49,-11,0.5,-0.251,180,0,0,285979
0,45,-10,0.5,-0.244925,180,0,0,285996
5,38,-7,0.5,-0.239795,180,0,0,286012
-4,36,-13,0.5,-0.234935,180,0,0,286031
0,39,-9,0.5,-0.22967,180,0,0,286046
0,42,-10,0.5,-0.224,180,0,0,286062
-4,47,-13,0.5,-0.217655,180,0,0,286080
0,51,-11,0.5,-0.21077,180,0,0,286097
0,53,-11,0.5,-0.203615,180,0,0,286113
4,57,-8,0.5,-0.19592,180,0,0,286129
1,56,-10,0.5,-0.18836,180,0,0,286146
4,48,-7,0.5,-0.18188,180,0,0,286162
0,43,-10,0.5,-0.176075,180,0,0,286182
0,37,-9,0.5,-0.17108,180,0,0,286196
0,32,-8,0.5,-0.16676,180,0,0,286213
0,29,-8,0.5,-0.162845,180,0,0,286231
0,33,-7,0.5,-0.15839,180,0,0,286246
0,80,-18,0.5,-0.14759,180,0,0,286267
0,46,-10,0.5,-0.14138,180,0,0,286280
0,47,-8,0.5,-0.135035,180,0,0,286297
1,43,-12,0.5,-0.12923,180,0,0,286313
0,46,-10,0.5,-0.12302,180,0,0,286330
-1,41,-9,0.5,-0.117485,180,0,0,286346
5,43,-7,0.5,-0.11168,180,0,0,286362
0,43,-7,0.5,-0.105875,180,0,0,286379
1,44,-7,0.5,-0.099935,180,0,0,286396
1,51,-6,0.5,-0.09305,180,0,0,286412
0,51,-7,0.5,-0.086165,180,0,0,286429
0,54,-6,0.5,-0.078875,180,0,0,286446
0,33,-3,0.5,-0.07442,180,0,0,286461
0,42,-7,0.5,-0.06875,180,0,0,286479
0,49,-7,0.5,-0.062135,180,0,0,286496
0,24,-4,0.5,-0.058895,180,0,0,286512
0,33,-9,0.5,-0.05444,180,0,0,286530
0,29,-8,0.5,-0.050525,180,0,0,286546
0,30,-6,0.5,-0.046475,180,0,0,286561
0,36,-5,0.5,-0.041615,180,0,0,286578
1,37,-6,0.5,-0.03662,180,0,0,286597
0,41,-5,0.5,-0.031085,180,0,0,286612
0,44,-5,0.5,-0.025145,180,0,1,286629
0,46,-7,0.5,-0.018935,180,0,1,286647
0,106,-8,0.5,-0.004625,180,0,1,286664
0,56,-14,0.5,0.002935,180,0,1,286681
0,57,-7,0.5,0.01063,180,0,0,286699
0,54,-6,0.5,0.01792,180,0,0,286713
1,45,-7,0.5,0.023995,180,0,0,286729
0,37,-9,0.5,0.02899,180,0,0,286747
0,35,-10,0.5,0.033715,180,0,0,286763
0,36,-10,0.5,0.038575,180,0,0,286779
0,33,-9,0.5,0.04303,180,0,0,286796
1,36,-9,0.5,0.04789,180,0,1,286812
0,38,-9,0.5,0.05302,180,0,1,286830
0,42,-9,0.5,0.05869,180,0,1,286848
0,43,-9,0.5,0.064495,180,0,1,286862
0,46,-9,0.5,0.070705,180,0,0,286879
0,48,-11,0.5,0.077185,180,0,0,286897
0,51,-11,0.5,0.08407,180,0,0,286912
0,48,-9,0.5,0.09055,180,0,0,286929
1,48,-8,0.5,0.09703,180,0,0,286948
0,47,-9,0.5,0.103375,180,0,0,286962
0,47,-9,0.5,0.10972,180,0,0,286981
0,47,-8,0.5,0.116065,180,0,0,286997
0,46,-8,0.5,0.122275,180,0,1,287012
0,45,-8,0.5,0.12835,180,0,0,287029
-1,48,-5,0.5,0.13483,180,0,0,287045
1,95,-15,0.5,0.147655,180,0,0,287065
-5,47,-12,0.5,0.154,180,0,0,287082
3,44,-11,0.5,0.15994,180,0,0,287102
-3,41,-11,0.5,0.165475,180,0,0,287114
1,41,-13,0.5,0.17101,180,0,0,287130
-1,39,-11,0.5,0.176275,180,0,0,287148
1,40,-12,0.5,0.181675,180,0,0,287165
0,40,-11,0.5,0.187075,180,0,0,287180
3,47,-11,0.5,0.19342,180,0,0,287196
-1,46,-11,0.5,0.19963,180,0,0,287215
0,51,-12,0.5,0.206515,180,0,0,287230
0,28,-5,0.5,0.210295,180,0,0,287246
1,49,-8,0.5,0.21691,180,0,0,287262
0,46,-11,0.5,0.22312,180,0,0,287279
0,41,-11,0.5,0.228655,180,0,1,287296
0,37,-14,0.5,0.23365,180,0,1,287313
0,31,-13,0.5,0.237835,180,0,1,287333
0,30,-13,0.5,0.241885,180,0,1,287347
0,29,-13,0.5,0.2458,180,0,1,287363
1,30,-12,0.5,0.24985,180,0,0,287382
0,33,-11,0.5,0.254305,180,0,0,287396
1,35,-11,0.5,0.25903,180,0,0,287415
0,38,-11,0.5,0.26416,180,0,0,287431
0,37,-10,0.5,0.269155,180,0,0,287448
0,72,-20,0.5,0.278875,180,0,0,287470
1,33,-9,0.5,0.28333,180,0,0,287482
0,29,-11,0.5,0.287245,180,0,0,287496
0,24,-12,0.5,0.290485,180,0,0,287514
0,23,-15,0.5,0.29359,180,0,0,287530
0,23,-15,0.5,0.296695,180,0,0,287550
0,21,-16,0.5,0.29953,180,0,0,287563
0,24,-17,0.5,0.30277,180,0,0,287581
0,24,-14,0.5,0.30601,180,0,0,287597
0,31,-15,0.5,0.310195,180,1,1,287622
0,16,-5,0.5,0.312355,180,1,1,287629
0,34,-15,0.5,0.316945,180,1,1,287648
0,34,-13,0.5,0.321535,180,0,1,287663
-2,34,-13,0.5,0.326125,180,0,1,287681
1,29,-10,0.5,0.33004,180,0,0,287698
0,20,-11,0.5,0.33274,180,0,0,287712
-1,13,-13,0.5,0.334495,180,0,0,287731
0,11,-14,0.5,0.33598,180,0,0,287747
3,11,-15,0.5,0.337465,180,0,1,287763
0,11,-14,0.5,0.33895,180,0,1,287782
0,18,-15,0.5,0.34138,180,0,1,287797
0,21,-15,0.5,0.344215,180,0,1,287813
1,21,-14,0.5,0.34705,180,0,1,287833
0,19,-13,0.5,0.349615,180,0,1,287850
1,34,-25,0.5,0.354205,180,0,1,287868
0,10,-10,0.5,0.355555,180,0,0,287880
0,4,-8,0.5,0.356095,180,0,0,287896
0,3,-6,0.5,0.3565,180,0,1,287912
0,1,-5,0.5,0.356635,180,0,1,287929
0,0,-5,0.5,0.356635,180,0,1,287949
1,-5,-6,0.5,0.35596,180,0,0,287962
0,-7,-7,0.5,0.355015,180,0,0,287980
0,-8,-7,0.5,0.353935,180,0,0,287995
0,-7,-7,0.5,0.35299,180,0,1,288012
0,-5,-7,0.5,0.352315,180,0,1,288032
0,-5,-7,0.5,0.35164,180,0,1,288047
0,-2,-6,0.5,0.35137,180,0,1,288062
0,-2,-6,0.5,0.3511,180,0,0,288079
0,-2,-6,0.5,0.35083,180,0,0,288096
0,-1,-6,0.5,0.350695,180,0,0,288112
0,0,-6,0.5,0.350695,180,0,1,288128
0,1,-5,0.5,0.35083,180,0,1,288147
0,2,-6,0.5,0.3511,180,0,1,288161
0,3,-5,0.5,0.351505,180,0,1,288183
0,3,-6,0.5,0.35191,180,0,0,288196
0,3,-4,0.5,0.352315,180,0,0,288213
0,3,-6,0.5,0.35272,180,0,0,288229
0,4,-6,0.5,0.35326,180,0,0,288245
1,4,-7,0.5,0.3538,180,0,1,288262
-3,14,-14,0.5,0.35569,180,0,1,288280
2,8,-7,0.5,0.35677,180,0,1,288295
0,8,-6,0.5,0.35785,180,0,1,288312
0,7,-7,0.5,0.358795,180,0,0,288329
0,5,-6,0.5,0.35947,180,0,0,288347
0,4,-6,0.5,0.36001,180,0,0,288361
0,3,-5,0.5,0.360415,180,0,0,288378
0,2,-4,0.5,0.360685,180,0,0,288395
2,1,-2,0.5,0.36082,180,0,1,288413
0,1,-3,0.5,0.360955,180,0,1,288427
0,-1,-3,0.5,0.36082,180,0,1,288444
0,-1,-2,0.5,0.360685,180,0,0,288462
0,-3,-2,0.5,0.36028,180,0,0,288478
0,-1,-2,0.5,0.360145,180,0,0,288494
0,-3,-2,0.5,0.35974,180,0,0,288510
0,-2,-2,0.5,0.35947,180,0,0,288527
0,-2,-2,0.5,0.3592,180,0,0,288544
0,-1,-2,0.5,0.359065,180,0,0,288561
0,1,-3,0.5,0.3592,180,0,1,288577
0,1,-2,0.5,0.359335,180,0,1,288594
0,1,-2,0.5,0.35947,180,0,1,288618
0,2,-2,0.5,0.35974,180,0,0,288627
0,3,-2,0.5,0.360145,180,0,0,288644
0,3,-2,0.5,0.36055,180,0,0,288662
-2,8,-3,0.5,0.36163,180,0,0,288678
0,5,-1,0.5,0.362305,180,0,0,288694
0,4,-1,0.5,0.362845,180,0,0,288710
0,7,-1,0.5,0.36379,180,0,1,288727
0,5,0,0.5,0.364465,180,0,1,288743
0,7,-1,0.5,0.36541,180,0,1,288760
0,3,-1,0.5,0.365815,180,0,0,288778
0,4,-2,0.5,0.366355,180,0,0,288798
0,2,-2,0.5,0.366625,180,0,0,288810
0,1,-1,0.5,0.36676,180,0,0,288827
0,-1,-2,0.5,0.366625,180,0,0,288844
0,-3,-1,0.5,0.36622,180,0,0,288860
0,-1,-2,0.5,0.366085,180,0,1,288877
0,0,-2,0.5,0.366085,180,0,1,288894
-1,4,-3,0.5,0.366625,180,0,1,288911
0,3,-2,0.5,0.36703,180,0,0,288928
0,4,-2,0.5,0.36757,180,0,0,288944
0,4,-2,0.5,0.36811,180,0,0,288961
0,3,-2,0.5,0.368515,180,0,0,288978
0,4,-2,0.5,0.369055,180,0,0,288994
0,2,-1,0.5,0.369325,180,0,0,289011
0,7,-2,0.5,0.37027,180,0,0,289028
0,6,-1,0.5,0.37108,180,0,1,289048
0,9,-2,0.5,0.372295,180,0,1,289061
0,4,0,0.5,0.372835,180,0,0,289077
0,3,0,0.5,0.37324,180,0,0,289093
1,1,-1,0.5,0.373375,180,0,0,289111
0,1,-1,0.5,0.37351,180,0,0,289127
0,0,-2,0.5,0.37351,180,0,0,289144
0,0,-1,0.5,0.37351,180,0,0,289161
0,-1,-2,0.5,0.373375,180,0,0,289178
0,0,-1,0.5,0.373375,180,0,1,289194
0,-1,-1,0.5,0.37324,180,0,1,289211
0,2,-1,0.5,0.37351,180,0,0,289227
0,0,0,0.5,0.37351,180,0,0,289243
0,1,0,0.5,0.373645,180,0,0,289260
0,2,0,0.5,0.373915,180,0,0,289277
0,0,0,0.5,0.373915,180,0,0,289293
0,1,0,0.5,0.37405,180,0,0,289310
0,0,0,0.5,0.37405,180,0,0,289326
-2,0,-1,0.5,0.37405,180,0,0,289343
3,0,0,0.5,0.37405,180,0,0,289360
0,0,0,0.5,0.37405,180,0,0,289376
1,-2,0,0.5,0.37378,180,0,0,289393
0,0,0,0.5,0.37378,180,0,0,289410
0,0,0,0.5,0.37378,180,0,0,289426
0,0,0,0.5,0.37378,180,0,0,289443
0,0,0,0.5,0.37378,180,0,0,289460
2,0,0,0.5,0.37378,180,0,0,289476
0,0,0,0.5,0.37378,180,0,0,289493
-2,0,0,0.5,0.37378,180,0,0,289510
0,0,0,0.5,0.37378,180,0,0,289526
0,0,0,0.5,0.37378,180,0,0,289543
0,0,0,0.5,0.37378,180,0,0,289560
0,0,0,0.5,0.37378,180,0,0,289576
0,0,0,0.5,0.37378,180,0,0,289593
0,0,0,0.5,0.37378,180,0,0,289610
0,0,0,0.5,0.37378,180,0,0,289626
0,0,0,0.5,0.37378,180,0,0,289643
0,0,0,0.5,0.37378,180,0,0,289660
0,0,0,0.5,0.37378,180,0,0,289677
0,0,0,0.5,0.37378,180,0,0,289693
-1,0,0,0.5,0.37378,180,0,0,289710
0,0,0,0.5,0.37378,180,0,0,289726
0,0,0,0.5,0.37378,180,0,0,289743
0,0,0,0.5,0.37378,180,0,0,289760
0,2,0,0.5,0.37405,180,0,0,289777
0,0,-1,0.5,0.37405,180,0,0,289793
0,0,0,0.5,0.37405,180,0,0,289810
0,1,0,0.5,0.374185,180,0,0,289827
0,0,0,0.5,0.374185,180,0,0,289843
0,0,1,0.5,0.374185,180,0,0,289861
0,-1,0,0.5,0.37405,180,0,0,289877
0,0,0,0.5,0.37405,180,0,0,289893
0,0,0,0.5,0.37405,180,0,0,289910
0,0,0,0.5,0.37405,180,0,0,289926
0,0,0,0.5,0.37405,180,0,0,289943
0,0,0,0.5,0.37405,180,0,0,289959
0,1,0,0.5,0.374185,180,0,0,289978
0,1,0,0.5,0.37432,180,0,0,289993
0,0,0,0.5,0.37432,180,0,0,290010
0,0,0,0.5,0.37432,180,0,0,290026
0,0,0,0.5,0.37432,180,0,0,290043
0,0,0,0.5,0.37432,180,0,0,290060
0,0,0,0.5,0.37432,180,0,0,290076
0,0,0,0.5,0.37432,180,0,0,290094
0,0,1,0.5,0.37432,180,0,0,290110
0,1,0,0.5,0.374455,180,0,0,290127
0,0,0,0.5,0.374455,180,0,0,290143
0,1,0,0.5,0.37459,180,0,0,290160
0,0,0,0.5,0.37459,180,0,0,290176
0,0,0,0.5,0.37459,180,0,0,290193
0,0,0,0.5,0.37459,180,0,0,290210
0,-1,0,0.5,0.374455,180,0,0,290227
0,0,0,0.5,0.374455,180,0,0,290243
0,0,0,0.5,0.374455,180,0,0,290259
0,1,0,0.5,0.37459,180,0,0,290277
0,0,0,0.5,0.37459,180,0,0,290293
0,1,0,0.5,0.374725,180,0,0,290310
0,1,0,0.5,0.37486,180,0,0,290326
0,0,0,0.5,0.37486,180,0,0,290343
0,1,1,0.5,0.374995,180,0,0,290360
0,0,0,0.5,0.374995,180,0,0,290376
0,0,0,0.5,0.374995,180,0,0,290393
0,0,0,0.5,0.374995,180,0,0,290410
0,0,0,0.5,0.374995,180,0,0,290426
-1,1,0,0.5,0.37513,180,0,0,290443
0,0,0,0.5,0.37513,180,0,0,290461
0,0,1,0.5,0.37513,180,0,0,290476
0,0,0,0.5,0.37513,180,0,0,290493
0,0,0,0.5,0.37513,180,0,0,290510
-4,1,-1,0.5,0.375265,180,0,0,290527
0,1,0,0.5,0.3754,180,0,0,290543
0,2,1,0.5,0.37567,180,0,0,290560
0,0,0,0.5,0.37567,180,0,0,290576
0,0,0,0.5,0.37567,180,0,0,290593
0,0,1,0.5,0.37567,180,0,0,290610
0,0,0,0.5,0.37567,180,0,0,290626
0,0,0,0.5,0.37567,180,0,0,290643
2,-1,0,0.5,0.375535,180,0,0,290660
-3,0,0,0.5,0.375535,180,0,0,290678
0,0,1,0.5,0.375535,180,0,0,290694
3,1,2,0.5,0.37567,180,0,0,290711
-4,0,-1,0.5,0.37567,180,0,0,290728
0,2,0,0.5,0.37594,180,0,0,290744
0,1,1,0.5,0.376075,180,0,0,290760
0,1,0,0.5,0.37621,180,0,0,290777
0,0,0,0.5,0.37621,180,0,0,290793
2,0,1,0.5,0.37621,180,0,0,290810
0,0,0,0.5,0.37621,180,0,0,290826
0,0,0,0.5,0.37621,180,0,0,290843
0,0,0,0.5,0.37621,180,0,0,290860
0,0,0,0.5,0.37621,180,0,0,290876
0,0,0,0.5,0.37621,180,0,0,290893
0,0,0,0.5,0.37621,180,0,0,290910
0,0,1,0.5,0.37621,180,0,0,290927
0,1,0,0.5,0.376345,180,0,0,290943
0,1,0,0.5,0.37648,180,0,0,290961
0,1,0,0.5,0.376615,180,0,0,290978
0,1,1,0.5,0.37675,180,0,0,290993
0,0,0,0.5,0.37675,180,0,0,291010
0,1,0,0.5,0.376885,180,0,0,291027
0,0,0,0.5,0.376885,180,0,0,291043
0,0,0,0.5,0.376885,180,0,0,291060
0,0,0,0.5,0.376885,180,0,0,291076
-4,0,-1,0.5,0.376885,180,0,0,291094
0,0,0,0.5,0.376885,180,0,0,291110
0,0,0,0.5,0.376885,180,0,0,291127
0,0,0,0.5,0.376885,180,0,0,291143
0,1,0,0.5,0.37702,180,0,0,291160
0,1,0,0.5,0.377155,180,0,0,291177
0,1,0,0.5,0.37729,180,0,0,291193
0,1,0,0.5,0.377425,180,0,0,291211
0,0,0,0.5,0.377425,180,0,0,291227
0,0,0,0.5,0.377425,180,0,0,291243
0,0,0,0.5,0.377425,180,0,0,291260
0,0,0,0.5,0.377425,180,0,0,291276
0,0,0,0.5,0.377425,180,0,0,291293
-1,0,0,0.5,0.377425,180,0,0,291310
0,-1,0,0.5,0.37729,180,0,0,291326
0,0,0,0.5,0.37729,180,0,0,291343
0,0,0,0.5,0.37729,180,0,0,291360
0,1,0,0.5,0.377425,180,0,0,291377
0,0,0,0.5,0.377425,180,0,0,291393
0,1,0,0.5,0.37756,180,0,0,291410
0,1,0,0.5,0.377695,180,0,0,291426
0,1,0,0.5,0.37783,180,0,0,291443
0,0,0,0.5,0.37783,180,0,0,291460
0,0,0,0.5,0.37783,180,0,0,291476
0,0,0,0.5,0.37783,180,0,0,291493
0,0,0,0.5,0.37783,180,0,0,291510
0,0,0,0.5,0.37783,180,0,0,291526
0,0,0,0.5,0.37783,180,0,0,291543
0,1,0,0.5,0.377965,180,0,0,291560
0,0,0,0.5,0.377965,180,0,0,291576
0,0,0,0.5,0.377965,180,0,0,291593
0,0,0,0.5,0.377965,180,0,0,291610
0,1,0,0.5,0.3781,180,0,0,291626
0,0,0,0.5,0.3781,180,0,0,291643
0,0,0,0.5,0.3781,180,0,0,291660
0,0,0,0.5,0.3781,180,0,0,291676
0,0,0,0.5,0.3781,180,0,0,291693
0,0,0,0.5,0.3781,180,0,0,291710
0,0,0,0.5,0.3781,180,0,0,291726
0,0,0,0.5,0.3781,180,0,0,291743
0,0,0,0.5,0.3781,180,0,0,291760
0,0,0,0.5,0.3781,180,0,0,291776
0,0,0,0.5,0.3781,180,0,0,291793
0,1,0,0.5,0.378235,180,0,0,291810
0,0,0,0.5,0.378235,180,0,0,291826
0,1,0,0.5,0.37837,180,0,0,291843
0,0,0,0.5,0.37837,180,0,0,291860
0,0,0,0.5,0.37837,180,0,0,291876
0,0,0,0.5,0.37837,180,0,0,291893
0,0,0,0.5,0.37837,180,0,0,291910
0,0,0,0.5,0.37837,180,0,0,291926
0,0,0,0.5,0.37837,180,0,0,291943
0,0,0,0.5,0.37837,180,0,0,291959
0,0,0,0.5,0.37837,180,0,0,291976
0,1,0,0.5,0.378505,180,0,0,291993
0,0,0,0.5,0.378505,180,0,0,292009
0,0,0,0.5,0.378505,180,0,0,292026
0,0,0,0.5,0.378505,180,0,0,292043
0,-2,0,0.5,0.378235,180,0,0,292060
0,-1,0,0.5,0.3781,180,0,0,292076
0,0,0,0.5,0.3781,180,0,0,292093
0,0,0,0.5,0.3781,180,0,0,292110
0,0,0,0.5,0.3781,180,0,0,292126
0,0,0,0.5,0.3781,180,0,0,292143
0,0,0,0.5,0.3781,180,0,0,292160
0,2,0,0.5,0.37837,180,0,0,292177
0,0,0,0.5,0.37837,180,0,0,292193
0,0,0,0.5,0.37837,180,0,0,292209
0,0,0,0.5,0.37837,180,0,0,292226
0,0,0,0.5,0.37837,180,0,0,292243
0,0,0,0.5,0.37837,180,0,0,292259
0,-2,0,0.5,0.3781,180,0,0,292277
0,0,0,0.5,0.3781,180,0,0,292293
0,2,0,0.5,0.37837,180,0,0,292310
0,0,-1,0.5,0.37837,180,0,0,292326
0,0,0,0.5,0.37837,180,0,0,292343
0,0,0,0.5,0.37837,180,0,0,292359
0,0,0,0.5,0.37837,180,0,0,292376
2,-1,0,0.5,0.378235,180,0,0,292393
0,0,0,0.5,0.378235,180,0,0,292410
0,0,0,0.5,0.378235,180,0,0,292427
0,1,0,0.5,0.37837,180,0,0,292444
0,2,0,0.5,0.37864,180,0,0,292460
0,1,0,0.5,0.378775,180,0,0,292476
0,1,0,0.5,0.37891,180,0,0,292493
0,0,0,0.5,0.37891,180,0,0,292509
0,-1,0,0.5,0.378775,180,0,0,292526
0,0,0,0.5,0.378775,180,0,0,292543
0,-3,0,0.5,0.37837,180,0,0,292560
0,0,0,0.5,0.37837,180,0,0,292576
0,0,0,0.5,0.37837,180,0,0,292593
0,0,0,0.5,0.37837,180,0,0,292609
0,0,0,0.5,0.37837,180,0,0,292626
0,2,0,0.5,0.37864,180,0,0,292643
0,1,0,0.5,0.378775,180,0,0,292660
0,0,0,0.5,0.378775,180,0,0,292676
0,-2,0,0.5,0.378505,180,0,0,292693
0,-1,0,0.5,0.37837,180,0,0,292711
0,0,0,0.5,0.37837,180,0,0,292727
0,0,0,0.5,0.37837,180,0,0,292743
0,0,0,0.5,0.37837,180,0,0,292759
0,0,0,0.5,0.37837,180,0,0,292776
0,0,0,0.5,0.37837,180,0,0,292793
0,2,0,0.5,0.37864,180,0,0,292810
0,1,0,0.5,0.378775,180,0,0,292826
0,0,0,0.5,0.378775,180,0,0,292843
0,0,0,0.5,0.378775,180,0,0,292859
0,0,0,0.5,0.378775,180,0,0,292876
0,0,0,0.5,0.378775,180,0,0,292893
0,0,0,0.5,0.378775,180,0,0,292910
0,0,0,0.5,0.378775,180,0,0,292926
0,0,0,0.5,0.378775,180,0,0,292943
0,1,0,0.5,0.37891,180,0,0,292961
0,0,0,0.5,0.37891,180,0,0,292976
0,0,0,0.5,0.37891,180,0,0,292993
0,-1,0,0.5,0.378775,180,0,0,293010
0,0,0,0.5,0.378775,180,0,0,293026
0,-2,-1,0.5,0.378505,180,0,0,293044
0,-1,0,0.5,0.37837,180,0,0,293060
0,0,0,0.5,0.37837,180,0,0,293077
0,-4,-2,0.5,0.37783,180,0,0,293095
0,-1,0,0.5,0.377695,180,0,0,293112
0,0,0,0.5,0.377695,180,0,0,293127
0,1,0,0.5,0.37783,180,0,0,293144
0,1,0,0.5,0.377965,180,0,0,293160
0,2,0,0.5,0.378235,180,0,0,293176
0,2,0,0.5,0.378505,180,0,0,293193
0,0,0,0.5,0.378505,180,0,0,293210
0,0,0,0.5,0.378505,180,0,0,293226
0,0,0,0.5,0.378505,180,0,0,293243
0,0,0,0.5,0.378505,180,0,0,293260
0,-1,0,0.5,0.37837,180,0,0,293276
0,0,0,0.5,0.37837,180,0,0,293293
0,-2,0,0.5,0.3781,180,0,0,293310
0,0,0,0.5,0.3781,180,0,0,293326
0,0,0,0.5,0.3781,180,0,0,293343
0,0,0,0.5,0.3781,180,0,0,293359
0,1,0,0.5,0.378235,180,0,0,293377
0,0,0,0.5,0.378235,180,0,0,293393
0,0,0,0.5,0.378235,180,0,0,293409
0,0,0,0.5,0.378235,180,0,0,293426
0,0,0,0.5,0.378235,180,0,0,293443
0,0,0,0.5,0.378235,180,0,0,293459
0,0,0,0.5,0.378235,180,0,0,293476
0,1,0,0.5,0.37837,180,0,0,293493
0,0,0,0.5,0.37837,180,0,0,293509
0,0,0,0.5,0.37837,180,0,0,293526
0,0,0,0.5,0.37837,180,0,0,293543
0,0,0,0.5,0.37837,180,0,0,293559
0,0,0,0.5,0.37837,180,0,0,293576
0,0,0,0.5,0.37837,180,0,0,293593
0,0,0,0.5,0.37837,180,0,0,293609
0,0,0,0.5,0.37837,180,0,0,293626
0,0,1,0.5,0.37837,180,0,0,293643
0,0,0,0.5,0.37837,180,0,0,293660
0,0,0,0.5,0.37837,180,0,0,293677
0,0,0,0.5,0.37837,180,0,0,293693
0,0,0,0.5,0.37837,180,0,0,293709
0,0,0,0.5,0.37837,180,0,0,293726
0,0,0,0.5,0.37837,180,0,0,293743
0,1,0,0.5,0.378505,180,0,0,293760
0,0,0,0.5,0.378505,180,0,0,293776
0,0,0,0.5,0.378505,180,0,0,293793
0,0,0,0.5,0.378505,180,0,0,293809
0,0,0,0.5,0.378505,180,0,0,293826
0,1,0,0.5,0.37864,180,0,0,293843
0,0,0,0.5,0.37864,180,0,0,293859
0,0,0,0.5,0.37864,180,0,0,293876
0,1,0,0.5,0.378775,180,0,0,293894
0,0,0,0.5,0.378775,180,0,0,293909
0,0,0,0.5,0.378775,180,0,0,293927
0,0,0,0.5,0.378775,180,0,0,293943
0,0,0,0.5,0.378775,180,0,0,293960
0,0,0,0.5,0.378775,180,0,0,293976
0,0,0,0.5,0.378775,180,0,0,293993
0,0,0,0.5,0.378775,180,0,0,294009
0,1,0,0.5,0.37891,180,0,0,294026
0,0,0,0.5,0.37891,180,0,0,294043
0,0,0,0.5,0.37891,180,0,0,294060
0,0,0,0.5,0.37891,180,0,0,294076
0,0,0,0.5,0.37891,180,0,0,294093
0,0,0,0.5,0.37891,180,0,0,294110
0,1,0,0.5,0.379045,180,0,0,294127
0,0,0,0.5,0.379045,180,0,0,294144
0,0,0,0.5,0.379045,180,0,0,294160
0,1,0,0.5,0.37918,180,0,0,294177
0,0,0,0.5,0.37918,180,0,0,294193
0,0,0,0.5,0.37918,180,0,0,294210
0,0,0,0.5,0.37918,180,0,0,294226
0,-1,0,0.5,0.379045,180,0,0,294243
0,0,0,0.5,0.379045,180,0,0,294259
0,0,0,0.5,0.379045,180,0,0,294276
0,0,0,0.5,0.379045,180,0,0,294293
0,0,0,0.5,0.379045,180,0,0,294309
0,0,0,0.5,0.379045,180,0,0,294326
0,0,0,0.5,0.379045,180,0,0,294343
0,0,0,0.5,0.379045,180,0,0,294359
0,1,0,0.5,0.37918,180,0,0,294377
0,1,0,0.5,0.379315,180,0,0,294393
0,0,0,0.5,0.379315,180,0,0,294409
0,1,1,0.5,0.37945,180,0,0,294427
0,0,0,0.5,0.37945,180,0,0,294443
0,0,0,0.5,0.37945,180,0,0,294461
0,1,0,0.5,0.379585,180,0,0,294477
0,0,0,0.5,0.379585,180,0,0,294493
0,0,0,0.5,0.379585,180,0,0,294509
0,0,0,0.5,0.379585,180,0,0,294526
0,0,0,0.5,0.379585,180,0,0,294543
0,0,0,0.5,0.379585,180,0,0,294560
0,0,0,0.5,0.379585,180,0,0,294576
0,0,0,0.5,0.379585,180,0,0,294593
0,0,0,0.5,0.379585,180,0,0,294609
0,1,0,0.5,0.37972,180,0,0,294627
0,0,0,0.5,0.37972,180,0,0,294643
0,0,0,0.5,0.37972,180,0,0,294659
0,1,0,0.5,0.379855,180,0,0,294677
0,0,0,0.5,0.379855,180,0,0,294693
0,1,0,0.5,0.37999,180,0,0,294710
0,0,0,0.5,0.37999,180,0,0,294726
0,0,0,0.5,0.37999,180,0,0,294743
0,-1,0,0.5,0.379855,180,0,0,294760
0,0,0,0.5,0.379855,180,0,0,294776
0,0,0,0.5,0.379855,180,0,0,294793
0,0,0,0.5,0.379855,180,0,0,294809
0,0,0,0.5,0.379855,180,0,0,294826
0,0,0,0.5,0.379855,180,0,0,294843
0,0,0,0.5,0.379855,180,0,0,294859
0,0,0,0.5,0.379855,180,0,0,294876
0,0,0,0.5,0.379855,180,0,0,294893
0,0,0,0.5,0.379855,180,0,0,294909
0,0,0,0.5,0.379855,180,0,0,294926
0,1,0,0.5,0.37999,180,0,0,294944
0,0,0,0.5,0.37999,180,0,0,294960
0,1,0,0.5,0.380125,180,0,0,294976
0,0,0,0.5,0.380125,180,0,0,294993
0,0,0,0.5,0.380125,180,0,0,295009
0,0,0,0.5,0.380125,180,0,0,295026
0,0,0,0.5,0.380125,180,0,0,295043
0,0,0,0.5,0.380125,180,0,0,295059
0,0,0,0.5,0.380125,180,0,0,295076
0,0,0,0.5,0.380125,180,0,0,295093
0,0,0,0.5,0.380125,180,0,0,295109
0,0,0,0.5,0.380125,180,0,0,295126
0,0,0,0.5,0.380125,180,0,0,295143
0,0,0,0.5,0.380125,180,0,0,295159
0,0,0,0.5,0.380125,180,0,0,295176
0,0,0,0.5,0.380125,180,0,0,295193
0,0,0,0.5,0.380125,180,0,0,295209
0,0,0,0.5,0.380125,180,0,0,295226
0,0,0,0.5,0.380125,180,0,0,295243
0,0,0,0.5,0.380125,180,0,0,295259
0,0,0,0.5,0.380125,180,0,0,295276
0,0,0,0.5,0.380125,180,0,0,295293
0,0,0,0.5,0.380125,180,0,0,295310
0,0,0,0.5,0.380125,180,0,0,295326
0,0,0,0.5,0.380125,180,0,0,295343
0,0,0,0.5,0.380125,180,0,0,295359
0,0,0,0.5,0.380125,180,0,0,295376
0,0,0,0.5,0.380125,180,0,0,295393
0,0,0,0.5,0.380125,180,0,0,295409
0,0,0,0.5,0.380125,180,0,0,295426
0,0,0,0.5,0.380125,180,0,0,295443
0,0,0,0.5,0.380125,180,0,0,295459
0,0,0,0.5,0.380125,180,0,0,295476
0,0,0,0.5,0.380125,180,0,0,295493
0,0,0,0.5,0.380125,180,0,0,295509
0,0,0,0.5,0.380125,180,0,0,295526
0,0,0,0.5,0.380125,180,0,0,295543
0,0,0,0.5,0.380125,180,0,0,295559
0,0,0,0.5,0.380125,180,0,0,295576
0,0,0,0.5,0.380125,180,0,0,295593
0,0,0,0.5,0.380125,180,0,0,295609
0,0,0,0.5,0.380125,180,0,0,295626
0,0,0,0.5,0.380125,180,0,0,295643
0,0,0,0.5,0.380125,180,0,0,295659
0,0,0,0.5,0.380125,180,0,0,295676
0,0,0,0.5,0.380125,180,0,0,295693
0,0,0,0.5,0.380125,180,0,0,295709
0,0,0,0.5,0.380125,180,0,0,295726
0,0,0,0.5,0.380125,180,0,0,295743
0,0,0,0.5,0.380125,180,0,0,295759
0,0,0,0.5,0.380125,180,0,0,295776
0,0,-1,0.5,0.380125,180,0,0,295793
0,0,0,0.5,0.380125,180,0,0,295810
0,0,0,0.5,0.380125,180,0,0,295826
0,0,0,0.5,0.380125,180,0,0,295844
0,0,0,0.5,0.380125,180,0,0,295860
0,0,0,0.5,0.380125,180,0,0,295876
0,0,0,0.5,0.380125,180,0,0,295893
2,0,1,0.5,0.380125,180,0,0,295910
0,0,0,0.5,0.380125,180,0,0,295926
0,0,0,0.5,0.380125,180,0,0,295943
0,0,0,0.5,0.380125,180,0,0,295960
0,0,0,0.5,0.380125,180,0,0,295976
0,0,0,0.5,0.380125,180,0,0,295993
0,0,0,0.5,0.380125,180,0,0,296010
0,0,0,0.5,0.380125,180,0,0,296026
0,0,0,0.5,0.380125,180,0,0,296043
0,0,0,0.5,0.380125,180,0,0,296059
0,0,0,0.5,0.380125,180,0,0,296076
0,0,0,0.5,0.380125,180,0,0,296093
0,0,0,0.5,0.380125,180,0,0,296109
0,0,0,0.5,0.380125,180,0,0,296126
0,0,0,0.5,0.380125,180,0,0,296143
0,0,0,0.5,0.380125,180,0,0,296160
-1,0,0,0.5,0.380125,180,0,0,296177
0,0,0,0.5,0.380125,180,0,0,296193
0,0,0,0.5,0.380125,180,0,0,296210
0,0,0,0.5,0.380125,180,0,0,296226
0,0,0,0.5,0.380125,180,0,0,296243
0,0,0,0.5,0.380125,180,0,0,296261
0,0,0,0.5,0.380125,180,0,0,296276
0,0,0,0.5,0.380125,180,0,0,296293
0,0,0,0.5,0.380125,180,0,0,296309
0,0,0,0.5,0.380125,180,0,0,296326
0,0,0,0.5,0.380125,180,0,0,296343
0,0,0,0.5,0.380125,180,0,0,296359
0,0,0,0.5,0.380125,180,0,0,296376
0,0,0,0.5,0.380125,180,0,0,296393
0,0,0,0.5,0.380125,180,0,0,296409
0,0,0,0.5,0.380125,180,0,0,296426
0,0,0,0.5,0.380125,180,0,0,296443
0,0,0,0.5,0.380125,180,0,0,296459
0,0,0,0.5,0.380125,180,0,0,296476
0,0,0,0.5,0.380125,180,0,0,296493
0,0,0,0.5,0.380125,180,0,0,296509
0,0,0,0.5,0.380125,180,0,0,296526
0,0,0,0.5,0.380125,180,0,0,296543
0,0,0,0.5,0.380125,180,0,0,296559
0,0,0,0.5,0.380125,180,0,0,296576
0,0,0,0.5,0.380125,180,0,0,296593
0,0,0,0.5,0.380125,180,0,0,296609
0,0,0,0.5,0.380125,180,0,0,296626
0,0,0,0.5,0.380125,180,0,0,296643
0,0,0,0.5,0.380125,180,0,0,296659
0,0,0,0.5,0.380125,180,0,0,296676
0,0,0,0.5,0.380125,180,0,0,296693
0,0,0,0.5,0.380125,180,0,0,296709
0,0,0,0.5,0.380125,180,0,0,296726
0,0,0,0.5,0.380125,180,0,0,296743
0,0,0,0.5,0.380125,180,0,0,296759
0,0,0,0.5,0.380125,180,0,0,296776
0,0,0,0.5,0.380125,180,0,0,296793
0,0,0,0.5,0.380125,180,0,0,296809
0,0,0,0.5,0.380125,180,0,0,296826
0,0,0,0.5,0.380125,180,0,0,296843
0,0,0,0.5,0.380125,180,0,0,296859
0,0,0,0.5,0.380125,180,0,0,296876
0,0,0,0.5,0.380125,180,0,0,296893
0,0,0,0.5,0.380125,180,0,0,296909
0,0,0,0.5,0.380125,180,0,0,296926
0,0,0,0.5,0.380125,180,0,0,296943
0,0,0,0.5,0.380125,180,0,0,296959
0,0,0,0.5,0.380125,180,0,0,296976
0,0,0,0.5,0.380125,180,0,0,296993
0,0,0,0.5,0.380125,180,0,0,297009
-1,0,0,0.5,0.380125,180,0,0,297026
0,0,0,0.5,0.380125,180,0,0,297043
0,0,0,0.5,0.380125,180,0,0,297059
0,0,0,0.5,0.380125,180,0,0,297076
0,0,0,0.5,0.380125,180,0,0,297093
0,0,0,0.5,0.380125,180,0,0,297109
0,0,0,0.5,0.380125,180,0,0,297126
0,0,0,0.5,0.380125,180,0,0,297143
0,0,0,0.5,0.380125,180,0,0,297160
0,0,0,0.5,0.380125,180,0,0,297176
0,0,0,0.5,0.380125,180,0,0,297193
0,0,0,0.5,0.380125,180,0,0,297210
0,0,0,0.5,0.380125,180,0,0,297226
0,0,0,0.5,0.380125,180,0,0,297243
0,0,0,0.5,0.380125,180,0,0,297260
0,0,0,0.5,0.380125,180,0,0,297276
0,0,0,0.5,0.380125,180,0,0,297293
0,0,0,0.5,0.380125,180,0,0,297309
0,0,0,0.5,0.380125,180,0,0,297326
0,0,0,0.5,0.380125,180,0,0,297343
0,0,0,0.5,0.380125,180,0,0,297359
0,0,0,0.5,0.380125,180,0,0,297376
0,0,0,0.5,0.380125,180,0,0,297393
0,0,0,0.5,0.380125,180,0,0,297409
0,0,0,0.5,0.380125,180,0,0,297426
0,0,0,0.5,0.380125,180,0,0,297443
0,0,0,0.5,0.380125,180,0,0,297459
0,0,0,0.5,0.380125,180,0,0,297476
0,0,1,0.5,0.380125,180,0,0,297493
0,0,0,0.5,0.380125,180,0,0,297511
0,0,0,0.5,0.380125,180,0,0,297526
0,0,0,0.5,0.380125,180,0,0,297543
0,0,0,0.5,0.380125,180,0,0,297560
0,0,0,0.5,0.380125,180,0,0,297577
0,0,0,0.5,0.380125,180,0,0,297593
0,0,0,0.5,0.380125,180,0,0,297609
0,0,0,0.5,0.380125,180,0,0,297626
0,0,0,0.5,0.380125,180,0,0,297643
0,0,0,0.5,0.380125,180,0,0,297659
0,0,0,0.5,0.380125,180,0,0,297676
0,0,0,0.5,0.380125,180,0,0,297693
0,0,0,0.5,0.380125,180,0,1,297709
0,0,0,0.5,0.380125,180,0,1,297726
0,0,0,0.5,0.380125,180,0,1,297743
0,0,0,0.5,0.380125,180,0,0,297759
0,0,0,0.5,0.380125,180,0,0,297776
0,0,0,0.5,0.380125,180,0,0,297793
0,0,0,0.5,0.380125,180,0,0,297809
0,0,0,0.5,0.380125,180,0,0,297826
0,0,0,0.5,0.380125,180,0,0,297843
0,0,0,0.5,0.380125,180,0,1,297859
0,0,0,0.5,0.380125,180,0,1,297876
0,0,0,0.5,0.380125,180,0,0,297893
0,0,0,0.5,0.380125,180,0,0,297909
0,0,0,0.5,0.380125,180,0,0,297926
0,0,0,0.5,0.380125,180,0,0,297943
0,0,0,0.5,0.380125,180,0,0,297959
0,0,0,0.5,0.380125,180,0,0,297976
0,0,0,0.5,0.380125,180,0,0,297993
0,0,0,0.5,0.380125,180,0,0,298009
0,0,0,0.5,0.380125,180,0,0,298026
0,0,0,0.5,0.380125,180,0,0,298042
0,0,0,0.5,0.380125,180,0,0,298059
0,0,0,0.5,0.380125,180,0,0,298076
0,0,0,0.5,0.380125,180,0,0,298092
0,0,0,0.5,0.380125,180,0,0,298109
0,0,0,0.5,0.380125,180,0,0,298126
0,0,0,0.5,0.380125,180,0,0,298142
0,0,0,0.5,0.380125,180,0,1,298159
0,0,0,0.5,0.380125,180,0,1,298176
0,0,0,0.5,0.380125,180,0,1,298192
0,0,0,0.5,0.380125,180,0,0,298210
0,0,0,0.5,0.380125,180,0,0,298227
0,0,0,0.5,0.380125,180,0,0,298243
0,0,0,0.5,0.380125,180,0,0,298259
0,0,0,0.5,0.380125,180,0,0,298276
0,0,0,0.5,0.380125,180,0,0,298293
0,0,0,0.5,0.380125,180,0,0,298309
0,0,0,0.5,0.380125,180,0,0,298326
0,0,0,0.5,0.380125,180,0,0,298343
0,0,0,0.5,0.380125,180,0,0,298359
0,0,0,0.5,0.380125,180,0,0,298376
0,0,0,0.5,0.380125,180,0,0,298393
0,0,0,0.5,0.380125,180,0,0,298410
0,0,0,0.5,0.380125,180,0,0,298426
0,0,0,0.5,0.380125,180,0,0,298443
0,0,0,0.5,0.380125,180,0,0,298460
0,0,0,0.5,0.380125,180,0,0,298476
0,0,0,0.5,0.380125,180,0,0,298493
0,0,0,0.5,0.380125,180,0,0,298509
0,0,0,0.5,0.380125,180,0,0,298526
0,-1,0,0.5,0.37999,180,0,0,298544
0,-1,0,0.5,0.379855,180,0,0,298560
0,0,0,0.5,0.379855,180,0,0,298576
0,2,0,0.5,0.380125,180,0,0,298593
0,1,0,0.5,0.38026,180,0,0,298610
2,1,1,0.5,0.380395,180,0,0,298627
1,0,0,0.5,0.380395,180,0,0,298643
0,0,0,0.5,0.380395,180,0,0,298660
0,0,0,0.5,0.380395,180,0,0,298676
0,0,-1,0.5,0.380395,180,0,0,298693
0,-1,0,0.5,0.38026,180,0,0,298710
0,-2,0,0.5,0.37999,180,0,0,298727
0,0,0,0.5,0.37999,180,0,0,298743
0,0,0,0.5,0.37999,180,0,0,298759
0,0,0,0.5,0.37999,180,0,0,298776
0,2,0,0.5,0.38026,180,0,0,298794
0,1,0,0.5,0.380395,180,0,0,298810
0,0,0,0.5,0.380395,180,0,0,298826
0,1,0,0.5,0.38053,180,0,0,298844
0,0,0,0.5,0.38053,180,0,0,298859
0,0,0,0.5,0.38053,180,0,0,298876
0,0,0,0.5,0.38053,180,0,0,298892
0,-2,0,0.5,0.38026,180,0,0,298909
0,-1,0,0.5,0.380125,180,0,0,298926
0,0,0,0.5,0.380125,180,0,0,298942
0,0,0,0.5,0.380125,180,0,0,298959
0,0,0,0.5,0.380125,180,0,0,298976
0,0,0,0.5,0.380125,180,0,0,298993
0,1,0,0.5,0.38026,180,0,0,299009
0,0,0,0.5,0.38026,180,0,0,299027
0,0,0,0.5,0.38026,180,0,0,299042
1,-1,-1,0.5,0.380125,180,0,0,299060
0,0,0,0.5,0.380125,180,0,0,299076
0,0,0,0.5,0.380125,180,0,0,299093
0,0,0,0.5,0.380125,180,0,0,299109
0,0,0,0.5,0.380125,180,0,0,299126
0,0,0,0.5,0.380125,180,0,0,299143
0,0,0,0.5,0.380125,180,0,0,299159
0,0,0,0.5,0.380125,180,0,0,299176
0,0,0,0.5,0.380125,180,0,0,299192
0,0,0,0.5,0.380125,180,0,0,299209
0,0,0,0.5,0.380125,180,0,0,299227
0,0,0,0.5,0.380125,180,0,0,299243
0,0,0,0.5,0.380125,180,0,0,299259
0,0,0,0.5,0.380125,180,0,0,299276
0,0,0,0.5,0.380125,180,0,0,299292
0,0,0,0.5,0.380125,180,0,0,299309
0,0,0,0.5,0.380125,180,0,0,299326
0,0,0,0.5,0.380125,180,0,0,299342
0,0,0,0.5,0.380125,180,0,0,299359
0,0,0,0.5,0.380125,180,0,0,299376
0,0,0,0.5,0.380125,180,0,0,299392
0,0,0,0.5,0.380125,180,0,0,299409
0,0,0,0.5,0.380125,180,0,0,299426
0,0,0,0.5,0.380125,180,0,0,299442
0,0,1,0.5,0.380125,180,0,0,299459
0,0,0,0.5,0.380125,180,0,0,299476
0,0,0,0.5,0.380125,180,0,0,299493
0,0,0,0.5,0.380125,180,0,0,299509
0,0,0,0.5,0.380125,180,0,0,299526
0,0,0,0.5,0.380125,180,0,0,299543
0,0,0,0.5,0.380125,180,0,0,299559
0,0,0,0.5,0.380125,180,0,0,299576
0,0,0,0.5,0.380125,180,0,0,299593
0,0,0,0.5,0.380125,180,0,0,299609
0,0,0,0.5,0.380125,180,0,0,299626
0,0,0,0.5,0.380125,180,0,0,299643
0,0,0,0.5,0.380125,180,0,0,299659
0,0,0,0.5,0.380125,180,0,0,299676
0,0,0,0.5,0.380125,180,0,0,299693
0,0,0,0.5,0.380125,180,0,0,299709
0,0,0,0.5,0.380125,180,0,0,299726
0,0,0,0.5,0.380125,180,0,0,299743
0,0,-1,0.5,0.380125,180,0,0,299760
0,0,0,0.5,0.380125,180,0,0,299776
0,0,0,0.5,0.380125,180,0,0,299793
0,0,0,0.5,0.380125,180,0,0,299809
0,0,0,0.5,0.380125,180,0,0,299826
0,0,0,0.5,0.380125,180,0,0,299843
0,0,0,0.5,0.380125,180,0,0,299859
0,0,0,0.5,0.380125,180,0,0,299876
0,0,0,0.5,0.380125,180,0,0,299893
0,0,1,0.5,0.380125,180,0,0,299910
0,0,0,0.5,0.380125,180,0,0,299926
0,0,0,0.5,0.380125,180,0,0,299943
0,0,0,0.5,0.380125,180,0,0,299959
0,0,0,0.5,0.380125,180,0,0,299976
0,0,0,0.5,0.380125,180,0,0,299993
0,2,0,0.5,0.380395,180,0,0,300010
0,0,0,0.5,0.380395,180,0,0,300026
0,0,0,0.5,0.380395,180,0,0,300043
0,0,0,0.5,0.380395,180,0,0,300059
0,0,0,0.5,0.380395,180,0,0,300076
0,0,0,0.5,0.380395,180,0,0,300094
0,0,0,0.5,0.380395,180,0,0,300109
0,0,0,0.5,0.380395,180,0,0,300126
-3,0,0,0.5,0.380395,180,0,0,300143
0,0,0,0.5,0.380395,180,0,0,300159
0,0,0,0.5,0.380395,180,0,0,300176
0,0,0,0.5,0.380395,180,0,0,300193
0,0,0,0.5,0.380395,180,0,0,300209
0,1,0,0.5,0.38053,180,0,0,300227
0,0,0,0.5,0.38053,180,0,0,300243
0,0,0,0.5,0.38053,180,0,0,300260
0,0,0,0.5,0.38053,180,0,0,300276
0,0,0,0.5,0.38053,180,0,0,300293
0,0,0,0.5,0.38053,180,0,0,300309
0,0,0,0.5,0.38053,180,0,0,300326
0,0,0,0.5,0.38053,180,0,0,300342
0,0,0,0.5,0.38053,180,0,0,300359
0,0,0,0.5,0.38053,180,0,0,300376
0,0,0,0.5,0.38053,180,0,0,300393
0,0,0,0.5,0.38053,180,0,0,300409
0,0,0,0.5,0.38053,180,0,0,300426
0,0,0,0.5,0.38053,180,0,0,300443
0,0,0,0.5,0.38053,180,0,0,300459
0,0,0,0.5,0.38053,180,0,0,300476
0,1,0,0.5,0.380665,180,0,0,300493
0,1,0,0.5,0.3808,180,0,0,300510
0,0,0,0.5,0.3808,180,0,0,300526
0,0,0,0.5,0.3808,180,0,0,300542
0,0,0,0.5,0.3808,180,0,0,300559
0,1,0,0.5,0.380935,180,0,0,300576
0,0,0,0.5,0.380935,180,0,0,300593
0,0,0,0.5,0.380935,180,0,0,300609
0,0,0,0.5,0.380935,180,0,0,300626
0,0,0,0.5,0.380935,180,0,0,300643
0,0,0,0.5,0.380935,180,0,0,300659
0,0,0,0.5,0.380935,180,0,0,300676
0,0,0,0.5,0.380935,180,0,0,300692
0,0,0,0.5,0.380935,180,0,0,300709
0,0,0,0.5,0.380935,180,0,0,300726
0,0,0,0.5,0.380935,180,0,0,300743
0,0,0,0.5,0.380935,180,0,0,300759
0,0,0,0.5,0.380935,180,0,0,300776
0,0,0,0.5,0.380935,180,0,0,300792
0,0,0,0.5,0.380935,180,0,0,300809
0,0,0,0.5,0.380935,180,0,0,300826
0,0,0,0.5,0.380935,180,0,0,300843
0,0,0,0.5,0.380935,180,0,0,300859
0,0,0,0.5,0.380935,180,0,0,300876
0,0,0,0.5,0.380935,180,0,0,300892
0,0,0,0.5,0.380935,180,0,0,300909
0,0,0,0.5,0.380935,180,0,0,300926
0,0,0,0.5,0.380935,180,0,0,300942
0,0,0,0.5,0.380935,180,0,0,300959
0,0,0,0.5,0.380935,180,0,0,300976
0,0,0,0.5,0.380935,180,0,0,300993
0,0,0,0.5,0.380935,180,0,0,301010
0,0,0,0.5,0.380935,180,0,0,301026
0,0,0,0.5,0.380935,180,0,0,301043
0,0,0,0.5,0.380935,180,0,0,301059
0,0,0,0.5,0.380935,180,0,0,301076
0,0,0,0.5,0.380935,180,0,0,301092
0,0,0,0.5,0.380935,180,0,0,301109
0,0,0,0.5,0.380935,180,0,0,301126
0,0,0,0.5,0.380935,180,0,0,301142
0,0,0,0.5,0.380935,180,0,0,301159
0,0,0,0.5,0.380935,180,0,0,301176
0,0,0,0.5,0.380935,180,0,0,301193
0,0,0,0.5,0.380935,180,0,0,301209
0,0,0,0.5,0.380935,180,0,0,301226
0,0,0,0.5,0.380935,180,0,0,301243
0,0,0,0.5,0.380935,180,0,0,301261
0,0,0,0.5,0.380935,180,0,0,301276
0,0,0,0.5,0.380935,180,0,0,301293
0,0,0,0.5,0.380935,180,0,0,301309
0,0,0,0.5,0.380935,180,0,0,301326
0,0,0,0.5,0.380935,180,0,0,301343
0,0,0,0.5,0.380935,180,0,0,301359
0,0,0,0.5,0.380935,180,0,0,301376
0,0,0,0.5,0.380935,180,0,0,301392
0,0,-1,0.5,0.380935,180,0,0,301410
0,0,0,0.5,0.380935,180,0,0,301426
0,0,0,0.5,0.380935,180,0,0,301442
0,0,0,0.5,0.380935,180,0,0,301460
0,0,0,0.5,0.380935,180,0,0,301476
0,0,0,0.5,0.380935,180,0,0,301493
0,0,0,0.5,0.380935,180,0,0,301510
0,0,0,0.5,0.380935,180,0,0,301526
0,0,0,0.5,0.380935,180,0,0,301543
0,0,0,0.5,0.380935,180,0,0,301559
0,0,0,0.5,0.380935,180,0,0,301576
0,0,0,0.5,0.380935,180,0,0,301592
0,0,0,0.5,0.380935,180,0,0,301609
0,0,0,0.5,0.380935,180,0,0,301626
0,0,0,0.5,0.380935,180,0,0,301642
0,0,0,0.5,0.380935,180,0,0,301659
0,0,0,0.5,0.380935,180,0,0,301676
0,0,0,0.5,0.380935,180,0,0,301692
0,0,0,0.5,0.380935,180,0,0,301709
0,0,0,0.5,0.380935,180,0,0,301726
0,0,0,0.5,0.380935,180,0,0,301742
0,0,0,0.5,0.380935,180,0,0,301759
0,0,0,0.5,0.380935,180,0,0,301776
0,0,0,0.5,0.380935,180,0,0,301792
0,0,0,0.5,0.380935,180,0,0,301809
0,0,0,0.5,0.380935,180,0,0,301826
0,0,0,0.5,0.380935,180,0,0,301842
0,0,0,0.5,0.380935,180,0,0,301859
0,0,0,0.5,0.380935,180,0,0,301876
0,0,0,0.5,0.380935,180,0,0,301892
0,0,0,0.5,0.380935,180,0,0,301909
0,0,0,0.5,0.380935,180,0,0,301926
0,0,0,0.5,0.380935,180,0,0,301942
0,0,0,0.5,0.380935,180,0,0,301959
0,0,0,0.5,0.380935,180,0,0,301976
0,0,0,0.5,0.380935,180,0,0,301992
0,0,0,0.5,0.380935,180,0,0,302009
0,0,0,0.5,0.380935,180,0,0,302027
0,0,0,0.5,0.380935,180,0,0,302042
0,0,0,0.5,0.380935,180,0,0,302059
0,0,0,0.5,0.380935,180,0,0,302076
0,0,0,0.5,0.380935,180,0,0,302092
0,0,0,0.5,0.380935,180,0,0,302109
0,0,0,0.5,0.380935,180,0,0,302126
0,0,0,0.5,0.380935,180,0,0,302142
0,0,0,0.5,0.380935,180,0,0,302159
0,0,0,0.5,0.380935,180,0,0,302176
0,0,0,0.5,0.380935,180,0,0,302192
0,0,0,0.5,0.380935,180,0,0,302209
0,0,0,0.5,0.380935,180,0,0,302226
0,0,0,0.5,0.380935,180,0,0,302243
0,0,0,0.5,0.380935,180,0,0,302259
0,0,0,0.5,0.380935,180,0,0,302276
0,0,0,0.5,0.380935,180,0,0,302293
0,0,0,0.5,0.380935,180,0,0,302310
0,0,0,0.5,0.380935,180,0,0,302326
0,0,0,0.5,0.380935,180,0,0,302342
0,1,0,0.5,0.38107,180,0,0,302359
0,0,0,0.5,0.38107,180,0,0,302376
0,0,0,0.5,0.38107,180,0,0,302392
0,0,0,0.5,0.38107,180,0,0,302409
0,0,0,0.5,0.38107,180,0,0,302426
0,0,0,0.5,0.38107,180,0,0,302442
0,0,0,0.5,0.38107,180,0,0,302459
0,0,0,0.5,0.38107,180,0,0,302476
0,0,0,0.5,0.38107,180,0,0,302492
0,0,0,0.5,0.38107,180,0,0,302509
0,0,0,0.5,0.38107,180,0,0,302526
0,0,0,0.5,0.38107,180,0,0,302542
0,0,0,0.5,0.38107,180,0,0,302559
0,0,0,0.5,0.38107,180,0,0,302576
0,0,0,0.5,0.38107,180,0,0,302593
0,0,0,0.5,0.38107,180,0,0,302609
0,0,0,0.5,0.38107,180,0,0,302626
0,0,0,0.5,0.38107,180,0,0,302642
0,0,0,0.5,0.38107,180,0,0,302659
0,0,0,0.5,0.38107,180,0,0,302676
0,0,0,0.5,0.38107,180,0,0,302692
0,0,0,0.5,0.38107,180,0,0,302709
0,0,0,0.5,0.38107,180,0,0,302726
0,0,0,0.5,0.38107,180,0,0,302742
0,0,0,0.5,0.38107,180,0,0,302759
0,0,0,0.5,0.38107,180,0,0,302776
0,0,0,0.5,0.38107,180,0,0,302792
0,0,0,0.5,0.38107,180,0,0,302809
0,0,0,0.5,0.38107,180,0,0,302826
0,0,0,0.5,0.38107,180,0,0,302842
0,0,0,0.5,0.38107,180,0,0,302859
0,0,0,0.5,0.38107,180,0,0,302876
0,0,0,0.5,0.38107,180,0,0,302893
0,0,0,0.5,0.38107,180,0,0,302909
0,0,0,0.5,0.38107,180,0,0,302926
0,0,0,0.5,0.38107,180,0,0,302942
0,0,0,0.5,0.38107,180,0,0,302959
0,1,0,0.5,0.381205,180,0,0,302977
0,0,0,0.5,0.381205,180,0,0,302992
0,0,0,0.5,0.381205,180,0,0,303009
0,0,0,0.5,0.381205,180,0,0,303026
0,0,0,0.5,0.381205,180,0,0,303042
0,0,0,0.5,0.381205,180,0,0,303059
0,0,0,0.5,0.381205,180,0,0,303076
0,0,0,0.5,0.381205,180,0,0,303092
0,0,0,0.5,0.381205,180,0,0,303109
0,0,0,0.5,0.381205,180,0,0,303126
0,0,0,0.5,0.381205,180,0,0,303142
0,0,0,0.5,0.381205,180,0,0,303159
0,0,0,0.5,0.381205,180,0,0,303176
0,0,0,0.5,0.381205,180,0,0,303192
0,0,0,0.5,0.381205,180,0,0,303209
0,0,0,0.5,0.381205,180,0,0,303226
0,0,0,0.5,0.381205,180,0,0,303242
0,0,0,0.5,0.381205,180,0,0,303259
0,0,0,0.5,0.381205,180,0,0,303276
0,0,0,0.5,0.381205,180,0,0,303293
0,0,0,0.5,0.381205,180,0,0,303310
0,0,0,0.5,0.381205,180,0,0,303326
0,0,0,0.5,0.381205,180,0,0,303342
0,0,0,0.5,0.381205,180,0,0,303359
0,0,0,0.5,0.381205,180,0,0,303376
0,0,0,0.5,0.381205,180,0,0,303392
0,0,0,0.5,0.381205,180,0,0,303409
0,0,0,0.5,0.381205,180,0,0,303427
0,0,0,0.5,0.381205,180,0,0,303442
0,0,0,0.5,0.381205,180,0,0,303459
0,0,0,0.5,0.381205,180,0,0,303476
0,0,0,0.5,0.381205,180,0,0,303492
0,0,0,0.5,0.381205,180,0,0,303509
0,0,0,0.5,0.381205,180,0,0,303526
0,0,0,0.5,0.381205,180,0,0,303542
0,0,0,0.5,0.381205,180,0,0,303559
0,0,0,0.5,0.381205,180,0,0,303576
0,0,0,0.5,0.381205,180,0,0,303592
0,0,0,0.5,0.381205,180,0,0,303609
0,0,0,0.5,0.381205,180,0,0,303626
0,0,0,0.5,0.381205,180,0,0,303642
0,0,0,0.5,0.381205,180,0,0,303659
0,0,0,0.5,0.381205,180,0,0,303676
0,0,0,0.5,0.381205,180,0,0,303692
0,0,0,0.5,0.381205,180,0,0,303709
0,-2,0,0.5,0.380935,180,0,0,303726
0,0,0,0.5,0.380935,180,0,0,303742
0,0,0,0.5,0.380935,180,0,0,303759
0,0,0,0.5,0.380935,180,0,1,303776
0,0,0,0.5,0.380935,180,0,1,303792
0,3,0,0.5,0.38134,180,0,1,303809
0,2,0,0.5,0.38161,180,0,1,303826
0,2,0,0.5,0.38188,180,0,1,303842
0,0,0,0.5,0.38188,180,0,0,303859
0,0,0,0.5,0.38188,180,0,0,303876
0,-2,0,0.5,0.38161,180,0,0,303892
0,0,0,0.5,0.38161,180,0,0,303909
0,0,0,0.5,0.38161,180,0,1,303926
0,0,0,0.5,0.38161,180,0,1,303942
0,0,0,0.5,0.38161,180,0,1,303959
0,-2,0,0.5,0.38134,180,0,1,303976
0,-1,-1,0.5,0.381205,180,0,0,303993
0,-1,0,0.5,0.38107,180,0,0,304009
0,-1,0,0.5,0.380935,180,0,0,304027
0,0,0,0.5,0.380935,180,0,0,304042
0,0,0,0.5,0.380935,180,0,0,304061
0,0,0,0.5,0.380935,180,0,0,304078
0,0,0,0.5,0.380935,180,0,0,304093
1,0,0,0.5,0.380935,180,0,0,304109
0,0,0,0.5,0.380935,180,0,0,304126
0,0,0,0.5,0.380935,180,0,0,304142
0,0,0,0.5,0.380935,180,0,0,304159
0,0,0,0.5,0.380935,180,0,0,304177
0,0,0,0.5,0.380935,180,0,0,304192
0,0,0,0.5,0.380935,180,0,0,304209
0,0,0,0.5,0.380935,180,0,0,304226
0,0,0,0.5,0.380935,180,0,0,304242
0,2,0,0.5,0.381205,180,0,0,304259
0,0,0,0.5,0.381205,180,0,0,304276
0,0,0,0.5,0.381205,180,0,0,304293
0,0,0,0.5,0.381205,180,0,0,304309
0,0,0,0.5,0.381205,180,0,0,304326
0,0,0,0.5,0.381205,180,0,0,304342
0,0,0,0.5,0.381205,180,0,0,304359
0,0,0,0.5,0.381205,180,0,0,304376
0,0,0,0.5,0.381205,180,0,0,304392
0,0,0,0.5,0.381205,180,0,0,304409
0,0,0,0.5,0.381205,180,0,0,304426
0,0,0,0.5,0.381205,180,0,0,304443
0,0,0,0.5,0.381205,180,0,0,304459
0,0,0,0.5,0.381205,180,0,0,304476
0,0,0,0.5,0.381205,180,0,0,304492
0,0,0,0.5,0.381205,180,0,0,304509
0,0,0,0.5,0.381205,180,0,0,304526
0,-1,0,0.5,0.38107,180,0,0,304543
0,0,0,0.5,0.38107,180,0,0,304559
0,0,0,0.5,0.38107,180,0,0,304576
0,0,0,0.5,0.38107,180,0,0,304592
0,0,0,0.5,0.38107,180,0,0,304609
0,0,0,0.5,0.38107,180,0,0,304626
0,0,0,0.5,0.38107,180,0,0,304642
0,0,0,0.5,0.38107,180,0,0,304659
0,0,0,0.5,0.38107,180,0,0,304676
0,0,0,0.5,0.38107,180,0,0,304692
0,0,0,0.5,0.38107,180,0,0,304709
0,0,0,0.5,0.38107,180,0,0,304726
0,0,0,0.5,0.38107,180,0,0,304742
0,0,0,0.5,0.38107,180,0,0,304759
0,0,0,0.5,0.38107,180,0,0,304776
0,0,0,0.5,0.38107,180,0,0,304792
0,0,0,0.5,0.38107,180,0,0,304809
0,0,0,0.5,0.38107,180,0,0,304826
0,0,0,0.5,0.38107,180,0,0,304842
0,0,0,0.5,0.38107,180,0,0,304859
0,0,0,0.5,0.38107,180,0,0,304876
0,0,0,0.5,0.38107,180,0,0,304892
0,0,0,0.5,0.38107,180,0,0,304909
0,0,0,0.5,0.38107,180,0,0,304926
0,0,0,0.5,0.38107,180,0,0,304942
0,0,0,0.5,0.38107,180,0,0,304959
0,0,0,0.5,0.38107,180,0,0,304976
0,0,0,0.5,0.38107,180,0,0,304992
0,0,0,0.5,0.38107,180,0,0,305009
0,0,0,0.5,0.38107,180,0,0,305026
0,0,0,0.5,0.38107,180,0,0,305042
0,0,0,0.5,0.38107,180,0,0,305059
0,0,0,0.5,0.38107,180,0,0,305076
0,0,0,0.5,0.38107,180,0,0,305092
0,0,0,0.5,0.38107,180,0,0,305109
0,0,0,0.5,0.38107,180,0,0,305126
0,1,0,0.5,0.381205,180,0,0,305143
0,0,0,0.5,0.381205,180,0,0,305159
0,0,0,0.5,0.381205,180,0,0,305176
0,0,0,0.5,0.381205,180,0,0,305192
0,0,0,0.5,0.381205,180,0,0,305209
0,0,0,0.5,0.381205,180,0,0,305226
0,0,0,0.5,0.381205,180,0,0,305242
0,0,0,0.5,0.381205,180,0,0,305259
0,0,0,0.5,0.381205,180,0,0,305276
0,0,0,0.5,0.381205,180,0,0,305292
0,0,0,0.5,0.381205,180,0,0,305309
0,0,0,0.5,0.381205,180,0,0,305326
0,0,0,0.5,0.381205,180,0,0,305344
0,0,0,0.5,0.381205,180,0,0,305359
0,0,0,0.5,0.381205,180,0,0,305376
0,0,0,0.5,0.381205,180,0,0,305392
0,0,0,0.5,0.381205,180,0,0,305409
0,0,0,0.5,0.381205,180,0,0,305426
0,0,0,0.5,0.381205,180,0,0,305442
0,0,0,0.5,0.381205,180,0,0,305459
0,0,0,0.5,0.381205,180,0,0,305476
0,-3,0,0.5,0.3808,180,0,0,305493
0,0,0,0.5,0.3808,180,0,0,305509
0,-1,0,0.5,0.380665,180,0,0,305526
0,-1,0,0.5,0.38053,180,0,0,305542
0,-1,-1,0.5,0.380395,180,0,0,305559
0,-3,-1,0.5,0.37999,180,0,0,305576
0,-7,-2,0.5,0.379045,180,0,0,305593
0,-6,-2,0.5,0.378235,180,0,0,305610
0,-7,-3,0.5,0.37729,180,0,0,305627
0,-9,-2,0.5,0.376075,180,0,0,305644
0,-9,-2,0.5,0.37486,180,0,0,305662
0,-8,-3,0.5,0.37378,180,0,0,305677
0,-6,-3,0.5,0.37297,180,0,0,305693
0,-5,-4,0.5,0.372295,180,0,0,305711
0,-4,-6,0.5,0.371755,180,0,0,305727
0,-5,-5,0.5,0.37108,180,0,0,305745
0,-6,-6,0.5,0.37027,180,0,0,305761
0,-6,-5,0.5,0.36946,180,0,0,305777
0,-6,-4,0.5,0.36865,180,0,0,305794
0,-5,-3,0.5,0.367975,180,0,0,305810
0,-3,-3,0.5,0.36757,180,0,0,305827
0,-4,-4,0.5,0.36703,180,0,0,305844
0,-4,-4,0.5,0.36649,180,0,0,305861
4,-4,0,0.5,0.36595,180,0,0,305877
0,-16,-9,0.5,0.36379,180,0,0,305896
0,0,0,0.5,0.36379,180,0,0,305909
0,-19,-7,0.5,0.361225,180,0,0,305928
0,0,0,0.5,0.361225,180,0,0,305943
-4,-19,-6,0.5,0.35866,180,0,0,305961
0,-2,0,0.5,0.35839,180,0,0,305976
0,-1,0,0.5,0.358255,180,0,0,305993
0,0,1,0.5,0.358255,180,0,0,306009
0,8,2,0.5,0.359335,180,0,0,306027
-1,7,1,0.5,0.36028,180,0,0,306043
0,5,0,0.5,0.360955,180,0,0,306059
0,6,-2,0.5,0.361765,180,0,0,306078
-1,2,-3,0.5,0.362035,180,0,0,306095
2,-3,-2,0.5,0.36163,180,0,0,306111
0,-3,0,0.5,0.361225,180,0,0,306126
0,0,0,0.5,0.361225,180,0,0,306143
0,7,-1,0.5,0.36217,180,0,0,306161
0,12,-1,0.5,0.36379,180,0,0,306177
0,19,-2,0.5,0.366355,180,0,0,306194
0,26,-2,0.5,0.369865,180,0,0,306210
0,29,-2,0.5,0.37378,180,0,0,306226
0,32,-2,0.5,0.3781,180,0,0,306243
0,35,-2,0.5,0.382825,180,0,0,306260
0,28,-1,0.5,0.386605,180,0,0,306276
1,38,-4,0.5,0.391735,180,0,0,306295
0,10,-2,0.5,0.393085,180,0,0,306310
0,3,-1,0.5,0.39349,180,0,0,306326
0,0,-1,0.5,0.39349,180,0,0,306343
0,-6,0,0.5,0.39268,180,0,0,306359
0,-10,0,0.5,0.39133,180,0,0,306377
0,-14,-1,0.5,0.38944,180,0,0,306393
0,-19,-2,0.5,0.386875,180,0,1,306410
0,-15,-1,0.5,0.38485,180,0,0,306426
0,-12,-2,0.5,0.38323,180,0,0,306444
0,-9,-3,0.5,0.382015,180,0,0,306460
0,-6,-4,0.5,0.381205,180,0,0,306477
0,-1,-4,0.5,0.38107,180,0,1,306495
0,1,-5,0.5,0.381205,180,0,1,306510
0,2,-5,0.5,0.381475,180,0,1,306527
0,5,-5,0.5,0.38215,180,0,1,306544
0,8,-5,0.5,0.38323,180,0,1,306561
0,7,-4,0.5,0.384175,180,0,1,306577
1,8,-2,0.5,0.385255,180,0,1,306593
0,11,-1,0.5,0.38674,180,0,1,306610
0,16,2,0.5,0.3889,180,0,1,306627
0,20,3,0.5,0.3916,180,0,1,306643
0,19,6,0.5,0.394165,180,0,1,306662
0,16,6,0.5,0.396325,180,0,1,306679
0,27,10,0.5,0.39997,180,0,1,306697
0,0,4,0.5,0.39997,180,0,1,306710
1,-9,3,0.5,0.398755,180,0,1,306727
0,-12,2,0.5,0.397135,180,0,1,306743
0,-12,0,0.5,0.395515,180,0,1,306759
0,-13,0,0.5,0.39376,180,0,1,306776
0,-16,-3,0.5,0.3916,180,0,0,306794
0,-19,-5,0.5,0.389035,180,0,0,306810
0,-25,-7,0.5,0.38566,180,0,0,306828
0,-31,-7,0.5,0.381475,180,0,0,306844
0,-31,-8,0.5,0.37729,180,0,0,306865
0,-22,-6,0.5,0.37432,180,0,0,306878
0,-25,-8,0.5,0.370945,180,0,0,306894
0,-18,-9,0.5,0.368515,180,0,0,306911
0,-11,-8,0.5,0.36703,180,0,0,306928
0,-1,-8,0.5,0.366895,180,0,1,306944
0,5,-3,0.5,0.36757,180,0,1,306960
0,14,-2,0.5,0.36946,180,0,0,306979
0,20,-1,0.5,0.37216,180,0,0,306993
0,24,-3,0.5,0.3754,180,0,0,307010
0,30,-4,0.5,0.37945,180,0,0,307028
0,47,-2,0.5,0.385795,180,0,0,307043
0,52,-3,0.5,0.392815,180,0,0,307060
0,85,1,0.5,0.40429,180,0,0,307076
0,101,2,0.5,0.417925,180,0,0,307096
0,130,-5,0.5,0.435475,180,0,0,307112
0,91,0,0.5,0.44776,180,0,0,307126
0,86,-1,0.5,0.45937,180,0,0,307143
0,85,0,0.5,0.470845,180,0,0,307160
0,77,0,0.5,0.48124,180,0,0,307176
0,72,0,0.5,0.49096,180,0,0,307193
0,65,0,0.5,0.499735,180,0,0,307210
0,56,-1,0.5,0.507295,180,0,0,307226
0,49,-3,0.5,0.51391,180,0,0,307244
0,44,-4,0.5,0.51985,180,0,0,307260
0,39,-4,0.5,0.525115,180,0,0,307277
1,41,-4,0.5,0.53065,180,0,0,307294
0,42,-4,0.5,0.53632,180,0,0,307311
0,43,-4,0.5,0.542125,180,0,0,307327
0,46,-2,0.5,0.548335,180,0,0,307343
0,47,0,0.5,0.55468,180,0,0,307359
0,47,0,0.5,0.561025,180,0,0,307376
0,45,0,0.5,0.5671,180,0,0,307393
0,44,-1,0.5,0.57304,180,0,0,307410
0,44,-2,0.5,0.57898,180,0,0,307427
0,41,-3,0.5,0.584515,180,0,0,307443
0,46,-2,0.5,0.590725,180,0,0,307460
0,45,0,0.5,0.5968,180,0,0,307478
0,46,0,0.5,0.60301,180,0,0,307493
0,93,0,0.5,0.615565,180,0,0,307510
0,45,0,0.5,0.62164,180,0,0,307526
0,42,-1,0.5,0.62731,180,0,0,307543
0,34,-1,0.5,0.6319,180,0,1,307560
0,28,-1,0.5,0.63568,180,0,1,307578
0,17,-2,0.5,0.637975,180,0,1,307594
0,8,-3,0.5,0.639055,180,0,1,307611
0,5,-4,0.5,0.63973,180,0,1,307627
0,5,-1,0.5,0.640405,180,0,1,307643
0,4,1,0.5,0.640945,180,0,1,307660
0,3,4,0.5,0.64135,180,0,1,307677
0,3,6,0.5,0.641755,180,0,1,307694
0,-1,5,0.5,0.64162,180,0,1,307711
0,-3,6,0.5,0.641215,180,0,1,307728
0,-7,6,0.5,0.64027,180,0,1,307744
0,-9,6,0.5,0.639055,180,0,1,307762
0,-4,6,0.5,0.638515,180,0,1,307777
0,-3,7,0.5,0.63811,180,0,1,307795
0,-1,5,0.5,0.637975,180,0,1,307811
0,6,4,0.5,0.638785,180,0,1,307827
0,9,2,0.5,0.64,180,0,1,307843
0,11,1,0.5,0.641485,180,0,1,307860
0,11,0,0.5,0.64297,180,0,1,307876
0,21,-5,0.5,0.645805,180,0,0,307895
0,11,-5,0.5,0.64729,180,0,0,307911
0,13,-6,0.5,0.649045,180,0,0,307928
0,13,-5,0.5,0.6508,180,0,0,307944
0,16,-4,0.5,0.65296,180,0,0,307963
-3,22,-4,0.5,0.65593,180,0,0,307978
0,25,0,0.5,0.659305,180,0,0,307992
0,28,1,0.5,0.663085,180,0,1,308010
2,33,4,0.5,0.66754,180,0,1,308028
1,38,3,0.5,0.67267,180,0,0,308045
0,45,4,0.5,0.678745,180,0,0,308060
-1,42,2,0.5,0.684415,180,0,0,308076
0,32,0,0.5,0.688735,180,0,0,308093
0,26,0,0.5,0.692245,180,0,0,308110
0,21,-1,0.5,0.69508,180,0,0,308127
-3,22,-3,0.5,0.69805,180,0,1,308145
0,25,-2,0.5,0.701425,180,0,1,308160
0,30,-1,0.5,0.705475,180,0,1,308176
0,36,1,0.5,0.71,180,0,0,308193
