-3,105,56,0.5,-0.695825,180,0,1,358197
-12,14,5,0.5,-0.693935,180,0,1,358207
-3,36,18,0.5,-0.689075,180,0,1,358217
3,34,3,0.5,-0.684485,180,0,1,358223
0,32,21,0.5,-0.680165,180,0,1,358243
0,30,38,0.5,-0.676115,180,0,1,358264
0,30,8,0.5,-0.672065,180,0,1,358274
0,33,34,0.5,-0.66761,180,0,1,358296
-1,37,23,0.5,-0.662615,180,0,1,358312
0,30,18,0.5,-0.658565,180,0,1,358326
0,17,9,0.5,-0.65627,180,0,1,358340
1,9,7,0.5,-0.655055,180,0,1,358356
0,24,19,0.5,-0.651815,180,0,1,358375
-2,23,18,0.5,-0.64871,180,0,1,358393
0,23,19,0.5,-0.645605,180,0,1,358410
-1,34,21,0.5,-0.641015,180,0,1,358427
-1,1,0,0.5,-0.64088,180,0,1,358437
0,40,22,0.5,-0.63548,180,0,1,358459
-1,53,24,0.5,-0.628325,180,0,1,358479
0,12,5,0.5,-0.626705,180,0,1,358489
-3,11,4,0.5,-0.62522,180,0,1,358505
0,48,24,0.5,-0.61874,180,0,1,358529
-2,19,11,0.5,-0.616175,180,0,1,358540
5,17,12,0.5,-0.61388,180,0,1,358557
0,26,7,0.5,-0.61037,180,0,1,358573
-2,16,9,0.5,-0.60821,180,0,1,358590
3,37,23,0.5,-0.603215,180,0,1,358611
0,51,22,0.5,-0.59633,180,0,0,358629
0,21,41,0.5,-0.593495,180,0,0,358657
-4,20,20,0.5,-0.590795,180,0,0,358672
0,20,19,0.5,-0.588095,180,0,0,358685
0,18,19,0.5,-0.585665,180,0,0,358696
-3,16,16,0.5,-0.583505,180,0,0,358709
3,15,20,0.5,-0.58148,180,0,1,358727
-2,18,20,0.5,-0.57905,180,0,1,358743
0,19,19,0.5,-0.576485,180,0,1,358759
-1,25,18,0.5,-0.57311,180,0,1,358775
0,30,17,0.5,-0.56906,180,0,1,358793
0,34,17,0.5,-0.56447,180,0,1,358811
0,39,19,0.5,-0.559205,180,0,1,358826
0,37,22,0.5,-0.55421,180,0,1,358845
0,35,22,0.5,-0.549485,180,0,1,358860
0,41,24,0.5,-0.54395,180,0,1,358877
-1,38,23,0.5,-0.53882,180,0,1,358894
-1,1,10,0.5,-0.538685,180,0,1,358907
0,31,21,0.5,-0.5345,180,0,1,358927
-4,34,19,0.5,-0.52991,180,0,1,358945
0,33,23,0.5,-0.525455,180,0,1,358962
0,30,21,0.5,-0.521405,180,0,1,358978
-2,24,19,0.5,-0.518165,180,0,1,358994
5,3,7,0.5,-0.51776,180,0,1,359006
0,25,37,0.5,-0.514385,180,0,1,359034
0,20,22,0.5,-0.511685,180,0,1,359047
0,21,22,0.5,-0.50885,180,0,1,359065
0,23,21,0.5,-0.505745,180,0,1,359080
0,23,21,0.5,-0.50264,180,0,1,359094
0,20,19,0.5,-0.49994,180,0,1,359110
0,22,22,0.5,-0.49697,180,0,1,359126
1,23,23,0.5,-0.493865,180,0,1,359146
-3,28,18,0.5,-0.490085,180,0,1,359161
0,29,18,0.5,-0.48617,180,0,1,359176
0,30,17,0.5,-0.48212,180,0,1,359192
0,35,17,0.5,-0.477395,180,0,1,359208
-4,37,18,0.5,-0.4724,180,0,1,359225
4,37,24,0.5,-0.467405,180,0,1,359246
-7,41,21,0.5,-0.46187,180,0,1,359268
-1,80,45,0.5,-0.45107,180,0,1,359291
1,16,16,0.5,-0.44891,180,0,1,359306
-1,34,22,0.5,-0.44432,180,0,1,359321
0,34,23,0.5,-0.43973,180,0,1,359335
0,35,0,0.5,-0.435005,180,0,1,359342
0,0,23,0.5,-0.435005,180,0,1,359361
0,35,23,0.5,-0.43028,180,0,1,359377
0,21,16,0.5,-0.427445,180,0,1,359392
0,35,23,0.5,-0.42272,180,0,1,359411
-3,32,23,0.5,-0.4184,180,0,1,359428
0,66,30,0.5,-0.40949,180,0,1,359447
-1,34,42,0.5,-0.4049,180,0,1,359467
0,31,24,0.5,-0.400715,180,0,1,359483
0,26,24,0.5,-0.397205,180,0,1,359496
-1,26,24,0.5,-0.393695,180,0,1,359511
0,26,24,0.5,-0.390185,180,0,1,359528
0,26,24,0.5,-0.386675,180,0,1,359547
0,27,22,0.5,-0.38303,180,0,1,359563
-1,25,23,0.5,-0.379655,180,0,1,359580
0,28,22,0.5,-0.375875,180,0,1,359595
0,30,23,0.5,-0.371825,180,0,1,359610
0,30,24,0.5,-0.367775,180,0,1,359627
-1,32,24,0.5,-0.363455,180,0,1,359644
0,33,24,0.5,-0.359,180,0,1,359661
-1,26,24,0.5,-0.35549,180,0,1,359679
0,26,24,0.5,-0.35198,180,0,1,359694
-1,24,23,0.5,-0.34874,180,0,1,359710
0,22,21,0.5,-0.34577,180,0,0,359729
0,20,22,0.5,-0.34307,180,0,0,359745
1,18,19,0.5,-0.34064,180,0,0,359758
0,18,20,0.5,-0.33821,180,0,0,359775
-1,17,18,0.5,-0.335915,180,0,0,359792
0,17,20,0.5,-0.33362,180,0,0,359810
0,17,22,0.5,-0.331325,180,0,0,359827
1,40,30,0.5,-0.325925,180,0,1,359847
-1,24,34,0.5,-0.322685,180,0,1,359866
-1,25,20,0.5,-0.31931,180,0,1,359877
-1,25,20,0.5,-0.315935,180,0,1,359894
0,27,21,0.5,-0.31229,180,0,1,359910
0,13,10,0.5,-0.310535,180,0,1,359923
-1,28,17,0.5,-0.306755,180,0,1,359944
0,28,17,0.5,-0.302975,180,0,1,359959
2,28,19,0.5,-0.299195,180,0,1,359975
-1,28,17,0.5,-0.295415,180,0,1,359993
0,30,21,0.5,-0.291365,180,0,1,360010
-1,28,21,0.5,-0.287585,180,0,1,360025
0,27,22,0.5,-0.28394,180,0,1,360044
0,26,21,0.5,-0.28043,180,0,1,360058
0,29,21,0.5,-0.276515,180,0,0,360076
0,30,22,0.5,-0.272465,180,0,0,360092
0,29,21,0.5,-0.26855,180,0,0,360111
0,31,21,0.5,-0.264365,180,0,0,360125
0,31,19,0.5,-0.26018,180,0,0,360144
0,36,20,0.5,-0.25532,180,0,0,360161
0,38,19,0.5,-0.25019,180,0,0,360175
0,40,19,0.5,-0.24479,180,0,0,360192
0,42,19,0.5,-0.23912,180,0,0,360209
-6,84,26,0.5,-0.22778,180,0,0,360230
4,41,17,0.5,-0.222245,180,0,0,360244
-1,27,32,0.5,-0.2186,180,0,0,360266
0,1,5,0.5,-0.218465,180,0,0,360273
0,40,19,0.5,-0.213065,180,0,0,360293
0,42,21,0.5,-0.207395,180,0,0,360310
1,44,21,0.5,-0.201455,180,0,0,360328
-1,16,7,0.5,-0.199295,180,0,0,360339
0,21,9,0.5,-0.19646,180,0,0,360357
-3,44,22,0.5,-0.19052,180,0,0,360376
0,40,21,0.5,-0.18512,180,0,0,360394
0,28,15,0.5,-0.18134,180,0,0,360407
0,2,6,0.5,-0.18107,180,0,0,360422
0,34,20,0.5,-0.17648,180,0,0,360443
0,36,21,0.5,-0.17162,180,0,0,360458
0,42,24,0.5,-0.16595,180,1,1,360476
0,41,24,0.5,-0.160415,180,1,1,360493
0,36,22,0.5,-0.155555,180,1,1,360509
0,33,24,0.5,-0.1511,180,0,1,360527
-1,25,22,0.5,-0.147725,180,0,0,360543
0,24,24,0.5,-0.144485,180,0,0,360560
-1,23,24,0.5,-0.14138,180,0,0,360576
0,23,22,0.5,-0.138275,180,0,0,360593
2,20,23,0.5,-0.135575,180,0,1,360609
0,18,20,0.5,-0.133145,180,0,1,360626
0,22,22,0.5,-0.130175,180,0,1,360643
0,39,40,0.5,-0.12491,180,0,1,360663
-5,16,15,0.5,-0.12275,180,0,1,360674
0,11,15,0.5,-0.121265,180,0,1,360691
0,7,14,0.5,-0.12032,180,0,1,360707
1,5,12,0.5,-0.119645,180,0,1,360724
-4,4,9,0.5,-0.119105,180,0,1,360740
0,4,11,0.5,-0.118565,180,0,1,360756
-2,2,12,0.5,-0.118295,180,0,1,360777
0,4,11,0.5,-0.117755,180,0,1,360792
0,3,10,0.5,-0.11735,180,0,0,360806
0,4,9,0.5,-0.11681,180,0,0,360822
0,5,8,0.5,-0.116135,180,0,1,360841
0,7,7,0.5,-0.11519,180,0,1,360856
0,9,7,0.5,-0.113975,180,0,1,360872
0,11,7,0.5,-0.11249,180,0,1,360892
-1,11,7,0.5,-0.111005,180,0,1,360906
-1,11,7,0.5,-0.10952,180,0,0,360922
0,8,6,0.5,-0.10844,180,0,0,360939
-1,13,10,0.5,-0.106685,180,0,1,360956
0,11,8,0.5,-0.1052,180,0,1,360973
-1,11,7,0.5,-0.103715,180,0,1,360989
0,13,5,0.5,-0.10196,180,0,1,361009
0,12,5,0.5,-0.10034,180,0,1,361022
-1,19,8,0.5,-0.097775,180,0,0,361042
0,6,2,0.5,-0.096965,180,0,0,361055
0,4,3,0.5,-0.096425,180,0,1,361071
0,3,4,0.5,-0.09602,180,0,1,361092
0,4,5,0.5,-0.09548,180,0,1,361105
0,7,5,0.5,-0.094535,180,0,1,361122
0,7,5,0.5,-0.09359,180,0,1,361141
0,9,5,0.5,-0.092375,180,0,1,361155
0,9,5,0.5,-0.09116,180,0,0,361172
0,8,4,0.5,-0.09008,180,0,0,361190
0,9,3,0.5,-0.088865,180,0,1,361205
0,10,2,0.5,-0.087515,180,0,1,361221
0,10,2,0.5,-0.086165,180,0,1,361238
0,9,2,0.5,-0.08495,180,0,1,361256
0,9,2,0.5,-0.083735,180,0,1,361271
0,7,2,0.5,-0.08279,180,0,0,361289
0,6,2,0.5,-0.08198,180,0,0,361304
-1,4,2,0.5,-0.08144,180,0,1,361321
0,4,2,0.5,-0.0809,180,0,1,361338
0,3,3,0.5,-0.080495,180,0,1,361355
-1,3,4,0.5,-0.08009,180,0,1,361372
-5,4,1,0.5,-0.07955,180,0,1,361388
4,4,4,0.5,-0.07901,180,0,1,361405
0,2,3,0.5,-0.07874,180,0,0,361424
1,2,3,0.5,-0.07847,180,0,0,361439
-2,1,8,0.5,-0.078335,180,0,1,361456
1,1,6,0.5,-0.0782,180,0,1,361472
0,4,5,0.5,-0.07766,180,0,1,361488
0,5,6,0.5,-0.076985,180,0,1,361506
-1,5,4,0.5,-0.07631,180,0,1,361522
0,7,4,0.5,-0.075365,180,0,1,361539
0,7,4,0.5,-0.07442,180,0,0,361556
0,5,3,0.5,-0.073745,180,0,0,361572
0,5,3,0.5,-0.07307,180,0,0,361589
0,4,3,0.5,-0.07253,180,0,0,361605
0,3,3,0.5,-0.072125,180,0,1,361622
0,3,2,0.5,-0.07172,180,0,1,361638
0,2,2,0.5,-0.07145,180,0,1,361654
-1,3,2,0.5,-0.071045,180,0,1,361671
0,3,2,0.5,-0.07064,180,0,1,361688
0,2,2,0.5,-0.07037,180,0,0,361706
0,2,1,0.5,-0.0701,180,0,0,361721
0,3,2,0.5,-0.069695,180,0,0,361739
0,1,2,0.5,-0.06956,180,0,0,361755
0,1,1,0.5,-0.069425,180,0,0,361771
-4,2,-1,0.5,-0.069155,180,0,1,361788
2,2,3,0.5,-0.068885,180,0,1,361809
1,2,1,0.5,-0.068615,180,0,1,361821
0,3,1,0.5,-0.06821,180,0,1,361837
0,1,0,0.5,-0.068075,180,0,1,361854
0,-4,0,0.5,-0.068615,180,0,0,361871
0,-2,2,0.5,-0.068885,180,0,0,361889
0,-1,3,0.5,-0.06902,180,0,0,361905
-2,2,5,0.5,-0.06875,180,0,0,361922
0,3,4,0.5,-0.068345,180,0,0,361939
0,6,4,0.5,-0.067535,180,0,1,361955
0,4,3,0.5,-0.066995,180,0,1,361971
0,7,3,0.5,-0.06605,180,0,1,361988
0,5,1,0.5,-0.065375,180,0,1,362004
0,3,1,0.5,-0.06497,180,0,0,362021
0,3,0,0.5,-0.064565,180,0,0,362037
0,0,0,0.5,-0.064565,180,0,0,362054
1,1,0,0.5,-0.06443,180,0,0,362070
3,0,1,0.5,-0.06443,180,0,1,362088
1,0,0,0.5,-0.06443,180,0,1,362104
0,0,0,0.5,-0.06443,180,0,1,362120
0,0,0,0.5,-0.06443,180,0,1,362137
0,1,0,0.5,-0.064295,180,0,1,362156
0,1,0,0.5,-0.06416,180,0,1,362170
0,0,1,0.5,-0.06416,180,0,0,362192
0,0,0,0.5,-0.06416,180,0,0,362204
0,0,0,0.5,-0.06416,180,0,0,362220
0,0,0,0.5,-0.06416,180,0,0,362237
0,0,0,0.5,-0.06416,180,0,1,362254
0,0,0,0.5,-0.06416,180,0,1,362270
0,0,0,0.5,-0.06416,180,0,1,362287
0,0,0,0.5,-0.06416,180,0,1,362304
0,0,0,0.5,-0.06416,180,0,1,362320
0,0,0,0.5,-0.06416,180,0,0,362337
0,0,0,0.5,-0.06416,180,0,0,362353
0,0,0,0.5,-0.06416,180,0,0,362370
0,0,0,0.5,-0.06416,180,0,0,362387
0,0,0,0.5,-0.06416,180,0,0,362403
0,0,0,0.5,-0.06416,180,0,0,362420
0,0,-1,0.5,-0.06416,180,0,1,362437
0,-1,0,0.5,-0.064295,180,0,1,362454
0,0,0,0.5,-0.064295,180,0,1,362470
0,-1,0,0.5,-0.06443,180,0,1,362487
0,0,0,0.5,-0.06443,180,0,0,362504
0,-1,0,0.5,-0.064565,180,0,0,362520
0,-3,0,0.5,-0.06497,180,0,0,362537
0,-1,0,0.5,-0.065105,180,0,0,362554
0,-1,0,0.5,-0.06524,180,0,0,362570
0,-1,-1,0.5,-0.065375,180,0,0,362587
0,-1,-1,0.5,-0.06551,180,0,1,362604
0,-1,-1,0.5,-0.065645,180,0,1,362620
0,0,0,0.5,-0.065645,180,0,1,362638
0,0,0,0.5,-0.065645,180,0,1,362653
0,-1,0,0.5,-0.06578,180,0,0,362671
0,-1,0,0.5,-0.065915,180,0,0,362688
0,-1,0,0.5,-0.06605,180,0,0,362704
0,-2,0,0.5,-0.06632,180,0,0,362721
0,-2,-1,0.5,-0.06659,180,0,0,362738
0,-1,-1,0.5,-0.066725,180,0,0,362755
0,-1,-1,0.5,-0.06686,180,0,1,362772
0,-2,-1,0.5,-0.06713,180,0,1,362788
2,-1,0,0.5,-0.067265,180,0,1,362804
-2,0,-1,0.5,-0.067265,180,0,1,362821
0,0,0,0.5,-0.067265,180,0,1,362837
0,-1,-1,0.5,-0.0674,180,0,0,362854
0,-1,0,0.5,-0.067535,180,0,0,362871
-1,-1,0,0.5,-0.06767,180,0,0,362887
0,-1,-1,0.5,-0.067805,180,0,0,362905
0,-1,0,0.5,-0.06794,180,0,0,362920
0,-1,-1,0.5,-0.068075,180,0,0,362938
0,-1,0,0.5,-0.06821,180,0,1,362954
0,-1,-1,0.5,-0.068345,180,0,1,362971
0,-1,0,0.5,-0.06848,180,0,1,362987
0,-2,-2,0.5,-0.06875,180,0,1,363005
0,0,0,0.5,-0.06875,180,0,1,363020
1,-2,-1,0.5,-0.06902,180,0,0,363038
0,-1,0,0.5,-0.069155,180,0,0,363056
0,-2,-2,0.5,-0.069425,180,0,0,363073
0,-1,0,0.5,-0.06956,180,0,0,363087
0,0,-1,0.5,-0.06956,180,0,0,363106
0,-1,-1,0.5,-0.069695,180,0,1,363121
0,-1,-1,0.5,-0.06983,180,0,1,363138
0,0,0,0.5,-0.06983,180,0,1,363154
0,-1,-1,0.5,-0.069965,180,0,1,363172
0,-1,-1,0.5,-0.0701,180,0,0,363192
0,-1,0,0.5,-0.070235,180,0,0,363205
0,-2,0,0.5,-0.070505,180,0,0,363223
0,-2,-1,0.5,-0.070775,180,0,0,363239
0,-2,-1,0.5,-0.071045,180,0,0,363254
0,0,0,0.5,-0.071045,180,0,0,363270
0,-2,-1,0.5,-0.071315,180,0,1,363288
0,0,-1,0.5,-0.071315,180,0,1,363304
0,0,-1,0.5,-0.071315,180,0,1,363321
4,0,1,0.5,-0.071315,180,0,1,363338
0,0,0,0.5,-0.071315,180,0,1,363353
0,0,0,0.5,-0.071315,180,0,1,363370
0,-1,0,0.5,-0.07145,180,0,0,363389
0,-3,-1,0.5,-0.071855,180,0,0,363405
0,-2,-1,0.5,-0.072125,180,0,0,363421
0,0,0,0.5,-0.072125,180,0,0,363437
0,-2,-1,0.5,-0.072395,180,0,0,363455
0,0,0,0.5,-0.072395,180,0,1,363470
0,-1,-1,0.5,-0.07253,180,0,1,363487
0,0,0,0.5,-0.07253,180,0,1,363503
0,-1,-1,0.5,-0.072665,180,0,1,363521
0,-1,-1,0.5,-0.0728,180,0,1,363539
0,-1,0,0.5,-0.072935,180,0,0,363554
1,-1,0,0.5,-0.07307,180,0,0,363570
0,-1,0,0.5,-0.073205,180,0,0,363588
0,-1,-1,0.5,-0.07334,180,0,0,363604
0,0,0,0.5,-0.07334,180,0,0,363620
0,-1,-1,0.5,-0.073475,180,0,1,363639
0,1,0,0.5,-0.07334,180,0,1,363654
0,0,-1,0.5,-0.07334,180,0,1,363671
0,0,0,0.5,-0.07334,180,0,1,363688
0,0,0,0.5,-0.07334,180,0,1,363705
0,-2,0,0.5,-0.07361,180,0,0,363720
0,-2,0,0.5,-0.07388,180,0,0,363738
0,-2,0,0.5,-0.07415,180,0,0,363754
0,-2,0,0.5,-0.07442,180,0,0,363770
0,-1,-1,0.5,-0.074555,180,0,0,363787
0,0,-1,0.5,-0.074555,180,0,1,363804
0,0,0,0.5,-0.074555,180,0,1,363821
0,1,-1,0.5,-0.07442,180,0,1,363838
0,0,0,0.5,-0.07442,180,0,1,363854
0,0,0,0.5,-0.07442,180,0,1,363870
0,-1,0,0.5,-0.074555,180,0,0,363888
0,-1,0,0.5,-0.07469,180,0,0,363905
0,-2,0,0.5,-0.07496,180,0,0,363920
0,-1,-1,0.5,-0.075095,180,0,0,363938
0,0,0,0.5,-0.075095,180,0,0,363953
0,-1,0,0.5,-0.07523,180,0,1,363971
0,0,-1,0.5,-0.07523,180,0,1,363987
0,0,0,0.5,-0.07523,180,0,1,364004
0,1,0,0.5,-0.075095,180,0,1,364020
0,0,0,0.5,-0.075095,180,0,1,364037
0,0,-1,0.5,-0.075095,180,0,0,364054
0,-2,0,0.5,-0.075365,180,0,0,364071
0,-1,0,0.5,-0.0755,180,0,0,364087
0,-1,0,0.5,-0.075635,180,0,0,364104
0,0,0,0.5,-0.075635,180,0,0,364120
0,0,0,0.5,-0.075635,180,0,1,364137
0,0,0,0.5,-0.075635,180,0,1,364153
0,1,0,0.5,-0.0755,180,0,1,364171
0,0,0,0.5,-0.0755,180,0,1,364187
0,0,0,0.5,-0.0755,180,0,1,364203
0,0,0,0.5,-0.0755,180,0,1,364220
0,-2,0,0.5,-0.07577,180,0,0,364238
0,-1,0,0.5,-0.075905,180,0,0,364254
0,-2,0,0.5,-0.076175,180,0,0,364270
0,-1,0,0.5,-0.07631,180,0,0,364288
0,0,0,0.5,-0.07631,180,0,0,364303
0,0,0,0.5,-0.07631,180,0,1,364320
0,2,0,0.5,-0.07604,180,0,1,364337
0,1,0,0.5,-0.075905,180,0,1,364354
0,1,0,0.5,-0.07577,180,0,1,364370
0,1,0,0.5,-0.075635,180,0,1,364387
0,0,0,0.5,-0.075635,180,0,0,364403
0,0,0,0.5,-0.075635,180,0,0,364420
0,-3,0,0.5,-0.07604,180,0,0,364437
0,-1,0,0.5,-0.076175,180,0,0,364454
0,0,0,0.5,-0.076175,180,0,0,364470
0,0,0,0.5,-0.076175,180,0,0,364487
0,0,0,0.5,-0.076175,180,0,1,364503
0,0,0,0.5,-0.076175,180,0,1,364520
0,0,0,0.5,-0.076175,180,0,1,364537
0,0,0,0.5,-0.076175,180,0,1,364553
0,0,0,0.5,-0.076175,180,0,0,364570
0,0,0,0.5,-0.076175,180,0,0,364587
0,0,0,0.5,-0.076175,180,0,0,364603
0,-3,-1,0.5,-0.07658,180,0,0,364621
0,0,0,0.5,-0.07658,180,0,0,364637
0,0,0,0.5,-0.07658,180,0,0,364653
0,0,0,0.5,-0.07658,180,0,0,364670
0,0,0,0.5,-0.07658,180,0,1,364687
0,0,0,0.5,-0.07658,180,0,1,364703
0,2,1,0.5,-0.07631,180,0,1,364721
0,0,0,0.5,-0.07631,180,0,0,364737
0,0,0,0.5,-0.07631,180,0,0,364754
0,0,0,0.5,-0.07631,180,0,0,364770
0,0,0,0.5,-0.07631,180,0,0,364787
0,0,0,0.5,-0.07631,180,0,0,364803
0,0,0,0.5,-0.07631,180,0,0,364821
0,0,0,0.5,-0.07631,180,0,1,364837
0,0,0,0.5,-0.07631,180,0,1,364853
0,0,0,0.5,-0.07631,180,0,1,364870
0,0,0,0.5,-0.07631,180,0,1,364887
0,0,0,0.5,-0.07631,180,0,1,364903
0,0,0,0.5,-0.07631,180,0,0,364920
0,-3,0,0.5,-0.076715,180,0,0,364937
0,0,0,0.5,-0.076715,180,0,0,364953
0,0,0,0.5,-0.076715,180,0,0,364970
0,0,0,0.5,-0.076715,180,0,0,364987
0,0,0,0.5,-0.076715,180,0,1,365003
0,0,0,0.5,-0.076715,180,0,1,365020
0,0,0,0.5,-0.076715,180,0,1,365037
0,2,0,0.5,-0.076445,180,0,1,365054
0,0,0,0.5,-0.076445,180,0,1,365070
0,0,0,0.5,-0.076445,180,0,0,365087
0,0,0,0.5,-0.076445,180,0,0,365103
0,0,0,0.5,-0.076445,180,0,0,365120
0,0,0,0.5,-0.076445,180,0,0,365137
0,0,0,0.5,-0.076445,180,0,0,365153
0,0,0,0.5,-0.076445,180,0,0,365171
0,0,0,0.5,-0.076445,180,0,0,365187
0,0,0,0.5,-0.076445,180,0,0,365203
0,0,0,0.5,-0.076445,180,0,1,365220
0,0,0,0.5,-0.076445,180,0,1,365237
0,0,0,0.5,-0.076445,180,0,1,365253
0,0,0,0.5,-0.076445,180,0,0,365270
0,0,0,0.5,-0.076445,180,0,0,365287
0,0,0,0.5,-0.076445,180,0,0,365303
0,0,0,0.5,-0.076445,180,0,0,365320
0,0,0,0.5,-0.076445,180,0,0,365337
0,0,0,0.5,-0.076445,180,0,0,365353
0,0,0,0.5,-0.076445,180,0,0,365370
0,0,0,0.5,-0.076445,180,0,1,365387
0,0,0,0.5,-0.076445,180,0,1,365403
0,0,0,0.5,-0.076445,180,0,1,365420
0,0,0,0.5,-0.076445,180,0,1,365437
0,0,0,0.5,-0.076445,180,0,0,365453
0,0,0,0.5,-0.076445,180,0,0,365470
0,0,0,0.5,-0.076445,180,0,0,365487
0,-1,0,0.5,-0.07658,180,0,0,365504
0,0,0,0.5,-0.07658,180,0,0,365520
0,0,0,0.5,-0.07658,180,0,0,365537
0,0,0,0.5,-0.07658,180,0,0,365553
0,1,0,0.5,-0.076445,180,0,0,365571
0,0,0,0.5,-0.076445,180,0,1,365588
0,0,0,0.5,-0.076445,180,0,1,365603
0,0,0,0.5,-0.076445,180,0,1,365620
0,0,0,0.5,-0.076445,180,0,1,365638
0,0,0,0.5,-0.076445,180,0,0,365654
0,0,0,0.5,-0.076445,180,0,0,365670
0,0,0,0.5,-0.076445,180,0,0,365687
0,0,0,0.5,-0.076445,180,0,0,365703
0,0,0,0.5,-0.076445,180,0,0,365720
0,0,0,0.5,-0.076445,180,0,0,365737
0,-1,0,0.5,-0.07658,180,0,1,365754
0,0,0,0.5,-0.07658,180,0,1,365770
0,0,0,0.5,-0.07658,180,0,1,365788
0,1,0,0.5,-0.076445,180,0,1,365804
0,0,0,0.5,-0.076445,180,0,1,365820
0,0,0,0.5,-0.076445,180,0,0,365837
0,0,0,0.5,-0.076445,180,0,0,365853
0,0,0,0.5,-0.076445,180,0,0,365870
0,0,0,0.5,-0.076445,180,0,0,365887
0,0,0,0.5,-0.076445,180,0,0,365903
0,0,0,0.5,-0.076445,180,0,0,365920
0,0,0,0.5,-0.076445,180,0,0,365937
0,0,0,0.5,-0.076445,180,0,0,365953
0,0,0,0.5,-0.076445,180,0,1,365970
0,0,0,0.5,-0.076445,180,0,1,365987
0,0,0,0.5,-0.076445,180,0,1,366003
0,0,0,0.5,-0.076445,180,0,1,366020
0,0,0,0.5,-0.076445,180,0,0,366037
0,1,0,0.5,-0.07631,180,0,0,366054
0,0,0,0.5,-0.07631,180,0,0,366070
0,0,0,0.5,-0.07631,180,0,0,366087
0,1,0,0.5,-0.076175,180,0,0,366103
0,0,0,0.5,-0.076175,180,0,0,366120
0,0,0,0.5,-0.076175,180,0,0,366137
0,0,0,0.5,-0.076175,180,0,1,366153
0,0,0,0.5,-0.076175,180,0,1,366170
0,0,0,0.5,-0.076175,180,0,0,366187
0,0,0,0.5,-0.076175,180,0,0,366203
0,0,0,0.5,-0.076175,180,0,0,366220
0,0,0,0.5,-0.076175,180,0,0,366237
0,0,0,0.5,-0.076175,180,0,0,366253
0,0,0,0.5,-0.076175,180,0,0,366270
0,0,0,0.5,-0.076175,180,0,0,366287
0,0,0,0.5,-0.076175,180,0,0,366303
0,1,0,0.5,-0.07604,180,0,0,366320
0,0,0,0.5,-0.07604,180,0,0,366337
0,0,0,0.5,-0.07604,180,0,0,366353
0,0,0,0.5,-0.07604,180,0,0,366370
0,1,0,0.5,-0.075905,180,0,0,366387
0,0,0,0.5,-0.075905,180,0,1,366403
0,0,0,0.5,-0.075905,180,0,1,366420
0,0,0,0.5,-0.075905,180,0,0,366437
0,0,0,0.5,-0.075905,180,0,0,366453
0,0,0,0.5,-0.075905,180,0,0,366470
0,0,0,0.5,-0.075905,180,0,0,366487
0,0,0,0.5,-0.075905,180,0,0,366503
0,-1,0,0.5,-0.07604,180,0,0,366520
0,0,0,0.5,-0.07604,180,0,0,366537
0,0,0,0.5,-0.07604,180,0,0,366553
0,0,0,0.5,-0.07604,180,0,0,366570
0,0,0,0.5,-0.07604,180,0,0,366587
0,1,0,0.5,-0.075905,180,0,0,366604
0,0,0,0.5,-0.075905,180,0,0,366620
0,0,0,0.5,-0.075905,180,0,0,366637
0,0,0,0.5,-0.075905,180,0,0,366653
0,0,0,0.5,-0.075905,180,0,0,366670
-3,0,0,0.5,-0.075905,180,0,0,366687
0,0,0,0.5,-0.075905,180,0,0,366703
0,0,0,0.5,-0.075905,180,0,0,366720
0,0,0,0.5,-0.075905,180,0,0,366737
0,0,0,0.5,-0.075905,180,0,0,366753
0,0,0,0.5,-0.075905,180,0,0,366770
0,0,0,0.5,-0.075905,180,0,0,366787
0,0,0,0.5,-0.075905,180,0,0,366803
0,0,0,0.5,-0.075905,180,0,0,366821
0,0,0,0.5,-0.075905,180,0,0,366837
0,0,0,0.5,-0.075905,180,0,0,366853
0,0,0,0.5,-0.075905,180,0,0,366870
0,0,0,0.5,-0.075905,180,0,0,366887
0,0,0,0.5,-0.075905,180,0,0,366903
0,0,0,0.5,-0.075905,180,0,0,366920
0,0,0,0.5,-0.075905,180,0,0,366937
0,1,0,0.5,-0.07577,180,0,0,366954
0,0,0,0.5,-0.07577,180,0,0,366970
0,0,0,0.5,-0.07577,180,0,0,366987
0,0,0,0.5,-0.07577,180,0,0,367003
0,0,0,0.5,-0.07577,180,0,0,367020
0,0,0,0.5,-0.07577,180,0,0,367037
0,0,0,0.5,-0.07577,180,0,0,367053
0,0,0,0.5,-0.07577,180,0,0,367070
0,0,0,0.5,-0.07577,180,0,0,367087
0,0,0,0.5,-0.07577,180,0,0,367103
0,0,0,0.5,-0.07577,180,0,0,367120
0,0,0,0.5,-0.07577,180,0,0,367137
0,0,0,0.5,-0.07577,180,0,0,367153
0,0,0,0.5,-0.07577,180,0,0,367170
0,0,0,0.5,-0.07577,180,0,0,367187
0,0,0,0.5,-0.07577,180,0,0,367203
0,0,0,0.5,-0.07577,180,0,0,367220
0,0,0,0.5,-0.07577,180,0,0,367237
0,0,0,0.5,-0.07577,180,0,0,367253
0,0,0,0.5,-0.07577,180,0,0,367270
0,0,0,0.5,-0.07577,180,0,0,367287
0,0,0,0.5,-0.07577,180,0,0,367303
0,0,0,0.5,-0.07577,180,0,0,367320
0,0,0,0.5,-0.07577,180,0,0,367337
0,0,0,0.5,-0.07577,180,0,0,367353
0,0,0,0.5,-0.07577,180,0,0,367370
0,0,0,0.5,-0.07577,180,0,0,367387
0,0,0,0.5,-0.07577,180,0,0,367403
0,0,0,0.5,-0.07577,180,0,0,367420
2,0,0,0.5,-0.07577,180,0,0,367437
0,0,0,0.5,-0.07577,180,0,0,367453
0,0,0,0.5,-0.07577,180,0,0,367470
1,0,0,0.5,-0.07577,180,0,0,367487
0,0,0,0.5,-0.07577,180,0,0,367503
0,0,0,0.5,-0.07577,180,0,0,367520
0,0,0,0.5,-0.07577,180,0,1,367537
0,0,0,0.5,-0.07577,180,0,1,367553
0,0,0,0.5,-0.07577,180,0,1,367570
0,0,0,0.5,-0.07577,180,0,1,367587
0,-3,0,0.5,-0.076175,180,0,0,367604
0,-7,0,0.5,-0.07712,180,0,0,367620
0,-7,0,0.5,-0.078065,180,0,0,367637
0,-8,0,0.5,-0.079145,180,0,0,367654
0,-2,0,0.5,-0.079415,180,0,1,367670
0,-2,0,0.5,-0.079685,180,0,1,367687
0,0,-1,0.5,-0.079685,180,0,1,367704
0,1,0,0.5,-0.07955,180,0,1,367720
0,0,0,0.5,-0.07955,180,0,1,367737
0,0,0,0.5,-0.07955,180,0,1,367754
0,0,0,0.5,-0.07955,180,0,0,367770
0,-1,0,0.5,-0.079685,180,0,0,367787
0,-3,0,0.5,-0.08009,180,0,0,367804
0,-3,0,0.5,-0.080495,180,0,0,367820
0,-1,0,0.5,-0.08063,180,0,0,367838
1,2,0,0.5,-0.08036,180,0,0,367854
0,1,0,0.5,-0.080225,180,0,0,367870
0,0,0,0.5,-0.080225,180,0,0,367887
0,1,0,0.5,-0.08009,180,0,0,367904
0,0,0,0.5,-0.08009,180,0,0,367920
0,0,0,0.5,-0.08009,180,0,0,367937
0,0,0,0.5,-0.08009,180,0,0,367953
0,0,0,0.5,-0.08009,180,0,0,367970
0,0,0,0.5,-0.08009,180,0,0,367987
0,-1,0,0.5,-0.080225,180,0,0,368003
0,0,0,0.5,-0.080225,180,0,0,368020
0,0,0,0.5,-0.080225,180,0,0,368036
0,0,0,0.5,-0.080225,180,0,0,368053
0,0,0,0.5,-0.080225,180,0,0,368070
0,0,0,0.5,-0.080225,180,0,0,368086
0,0,1,0.5,-0.080225,180,0,0,368103
0,-4,0,0.5,-0.080765,180,0,0,368120
0,-3,0,0.5,-0.08117,180,0,0,368137
0,-2,0,0.5,-0.08144,180,0,0,368153
0,0,0,0.5,-0.08144,180,0,0,368170
0,0,-1,0.5,-0.08144,180,0,0,368187
0,0,-1,0.5,-0.08144,180,0,0,368204
0,3,-3,0.5,-0.081035,180,0,0,368224
0,3,-1,0.5,-0.08063,180,0,0,368237
0,4,0,0.5,-0.08009,180,0,0,368254
0,4,1,0.5,-0.07955,180,0,0,368271
0,3,3,0.5,-0.079145,180,0,0,368288
0,2,3,0.5,-0.078875,180,0,0,368305
0,-1,4,0.5,-0.07901,180,0,0,368321
0,1,3,0.5,-0.078875,180,0,0,368338
0,-1,2,0.5,-0.07901,180,0,0,368354
0,-2,2,0.5,-0.07928,180,0,0,368371
0,-1,0,0.5,-0.079415,180,0,0,368387
0,0,0,0.5,-0.079415,180,0,0,368403
0,-3,0,0.5,-0.07982,180,0,0,368420
0,0,0,0.5,-0.07982,180,0,0,368437
0,0,-1,0.5,-0.07982,180,0,0,368454
0,0,-1,0.5,-0.07982,180,0,0,368472
0,2,-2,0.5,-0.07955,180,0,0,368488
0,2,-2,0.5,-0.07928,180,0,0,368505
0,1,-1,0.5,-0.079145,180,0,0,368521
0,2,-1,0.5,-0.078875,180,0,0,368537
0,2,-1,0.5,-0.078605,180,0,0,368554
0,2,-1,0.5,-0.078335,180,0,0,368575
0,0,0,0.5,-0.078335,180,0,0,368587
0,2,0,0.5,-0.078065,180,0,0,368605
0,1,0,0.5,-0.07793,180,0,0,368621
0,5,1,0.5,-0.077255,180,0,0,368638
0,0,0,0.5,-0.077255,180,0,0,368653
0,0,0,0.5,-0.077255,180,0,0,368670
0,-2,1,0.5,-0.077525,180,0,0,368687
0,-2,0,0.5,-0.077795,180,0,0,368704
0,-1,0,0.5,-0.07793,180,0,0,368720
0,0,0,0.5,-0.07793,180,0,0,368737
0,3,0,0.5,-0.077525,180,0,0,368754
0,2,0,0.5,-0.077255,180,0,0,368771
0,2,0,0.5,-0.076985,180,0,0,368787
0,1,0,0.5,-0.07685,180,0,0,368806
0,1,0,0.5,-0.076715,180,0,0,368820
0,0,0,0.5,-0.076715,180,0,0,368836
0,0,-1,0.5,-0.076715,180,0,0,368854
0,0,0,0.5,-0.076715,180,0,0,368870
0,0,0,0.5,-0.076715,180,0,0,368886
0,0,0,0.5,-0.076715,180,0,0,368903
0,-1,0,0.5,-0.07685,180,0,0,368920
0,0,0,0.5,-0.07685,180,0,0,368937
0,0,0,0.5,-0.07685,180,0,0,368954
0,0,0,0.5,-0.07685,180,0,0,368971
0,1,0,0.5,-0.076715,180,0,0,368987
0,0,0,0.5,-0.076715,180,0,0,369003
0,1,0,0.5,-0.07658,180,0,0,369020
0,0,0,0.5,-0.07658,180,0,0,369036
0,0,0,0.5,-0.07658,180,0,0,369053
-5,0,-3,0.5,-0.07658,180,0,0,369071
0,0,0,0.5,-0.07658,180,0,0,369086
0,-1,0,0.5,-0.076715,180,0,0,369103
0,0,0,0.5,-0.076715,180,0,0,369121
0,0,0,0.5,-0.076715,180,0,0,369137
0,0,0,0.5,-0.076715,180,0,0,369153
0,0,0,0.5,-0.076715,180,0,0,369170
0,0,0,0.5,-0.076715,180,0,0,369186
0,0,0,0.5,-0.076715,180,0,0,369203
0,0,0,0.5,-0.076715,180,0,0,369220
0,0,0,0.5,-0.076715,180,0,0,369236
0,0,0,0.5,-0.076715,180,0,0,369253
0,0,0,0.5,-0.076715,180,0,0,369270
0,0,0,0.5,-0.076715,180,0,0,369286
0,0,0,0.5,-0.076715,180,0,0,369303
0,1,0,0.5,-0.07658,180,0,0,369320
0,0,0,0.5,-0.07658,180,0,0,369336
0,0,0,0.5,-0.07658,180,0,0,369353
0,1,0,0.5,-0.076445,180,0,0,369370
0,0,0,0.5,-0.076445,180,0,0,369386
0,1,0,0.5,-0.07631,180,0,0,369403
0,0,0,0.5,-0.07631,180,0,0,369420
0,0,0,0.5,-0.07631,180,0,0,369437
0,0,0,0.5,-0.07631,180,0,0,369453
0,0,0,0.5,-0.07631,180,0,0,369470
0,0,0,0.5,-0.07631,180,0,0,369487
0,0,0,0.5,-0.07631,180,0,0,369503
0,0,0,0.5,-0.07631,180,0,0,369521
0,0,0,0.5,-0.07631,180,0,0,369537
0,0,0,0.5,-0.07631,180,0,0,369553
0,0,0,0.5,-0.07631,180,0,0,369570
0,0,0,0.5,-0.07631,180,0,0,369587
0,-3,0,0.5,-0.076715,180,0,0,369604
0,-2,0,0.5,-0.076985,180,0,0,369621
0,-4,-1,0.5,-0.077525,180,0,0,369637
0,-4,0,0.5,-0.078065,180,0,0,369654
0,-4,0,0.5,-0.078605,180,0,0,369671
-1,-7,2,0.5,-0.07955,180,0,0,369692
0,-6,2,0.5,-0.08036,180,0,0,369705
0,-8,4,0.5,-0.08144,180,0,0,369727
0,-7,3,0.5,-0.082385,180,0,0,369744
0,-5,3,0.5,-0.08306,180,0,0,369755
0,-5,3,0.5,-0.083735,180,0,0,369771
5,-3,5,0.5,-0.08414,180,0,0,369790
0,-1,1,0.5,-0.084275,180,0,0,369804
0,3,0,0.5,-0.08387,180,0,0,369823
0,3,0,0.5,-0.083465,180,0,0,369837
0,4,-1,0.5,-0.082925,180,0,0,369855
0,5,-2,0.5,-0.08225,180,0,0,369872
0,3,-1,0.5,-0.081845,180,0,0,369887
0,4,-2,0.5,-0.081305,180,0,0,369904
0,3,-1,0.5,-0.0809,180,0,0,369920
0,3,-1,0.5,-0.080495,180,0,0,369937
0,2,-1,0.5,-0.080225,180,0,0,369954
-2,2,-1,0.5,-0.079955,180,0,0,369972
0,1,0,0.5,-0.07982,180,0,0,369987
0,1,0,0.5,-0.079685,180,0,0,370003
0,0,0,0.5,-0.079685,180,0,0,370020
0,0,0,0.5,-0.079685,180,0,0,370037
0,0,0,0.5,-0.079685,180,0,0,370053
0,0,0,0.5,-0.079685,180,0,0,370070
0,0,0,0.5,-0.079685,180,0,0,370086
2,0,0,0.5,-0.079685,180,0,0,370103
0,1,0,0.5,-0.07955,180,0,0,370120
0,1,0,0.5,-0.079415,180,0,0,370137
0,1,0,0.5,-0.07928,180,0,0,370153
0,0,0,0.5,-0.07928,180,0,0,370170
0,1,0,0.5,-0.079145,180,0,0,370187
1,1,0,0.5,-0.07901,180,0,0,370203
0,0,0,0.5,-0.07901,180,0,0,370220
0,1,0,0.5,-0.078875,180,0,0,370237
0,1,0,0.5,-0.07874,180,0,0,370253
0,1,0,0.5,-0.078605,180,0,0,370271
0,0,0,0.5,-0.078605,180,0,0,370286
0,1,0,0.5,-0.07847,180,0,0,370303
0,1,0,0.5,-0.078335,180,0,0,370321
0,2,0,0.5,-0.078065,180,0,0,370337
0,0,0,0.5,-0.078065,180,0,0,370353
0,1,0,0.5,-0.07793,180,0,0,370371
0,0,0,0.5,-0.07793,180,0,0,370386
-4,1,-3,0.5,-0.077795,180,0,0,370404
0,2,-1,0.5,-0.077525,180,0,0,370420
0,3,-2,0.5,-0.07712,180,0,0,370438
3,3,-1,0.5,-0.076715,180,0,0,370454
0,6,-2,0.5,-0.075905,180,0,0,370471
0,9,-2,0.5,-0.07469,180,0,0,370488
0,12,-1,0.5,-0.07307,180,0,0,370504
0,17,0,0.5,-0.070775,180,0,0,370520
0,17,1,0.5,-0.06848,180,0,0,370537
0,21,4,0.5,-0.065645,180,0,0,370554
0,24,6,0.5,-0.062405,180,0,0,370573
0,21,6,0.5,-0.05957,180,0,0,370588
0,16,4,0.5,-0.05741,180,0,0,370605
2,14,2,0.5,-0.05552,180,0,0,370626
0,0,0,0.5,-0.05552,180,0,0,370637
0,27,-5,0.5,-0.051875,180,0,0,370655
1,25,-1,0.5,-0.0485,180,0,0,370671
0,30,0,0.5,-0.04445,180,0,0,370687
0,34,0,0.5,-0.03986,180,0,0,370704
0,31,0,0.5,-0.035675,180,0,0,370723
0,24,1,0.5,-0.032435,180,0,0,370737
0,18,2,0.5,-0.030005,180,0,0,370754
0,20,3,0.5,-0.027305,180,0,0,370771
0,21,1,0.5,-0.02447,180,0,0,370787
0,28,0,0.5,-0.02069,180,0,0,370804
0,30,0,0.5,-0.01664,180,0,0,370821
0,33,0,0.5,-0.012185,180,0,0,370837
1,37,3,0.5,-0.00719,180,0,0,370854
0,39,7,0.5,-0.001925,180,0,0,370873
-1,40,9,0.5,0.003475,180,0,0,370890
1,37,11,0.5,0.00847,180,0,0,370907
0,32,11,0.5,0.01279,180,0,0,370924
0,33,9,0.5,0.017245,180,0,0,370939
0,34,7,0.5,0.021835,180,0,0,370957
0,38,6,0.5,0.026965,180,0,0,370973
0,39,7,0.5,0.03223,180,0,0,370988
0,36,9,0.5,0.03709,180,0,0,371007
-1,52,12,0.5,0.04411,180,0,0,371026
0,23,21,0.5,0.047215,180,0,0,371044
3,24,26,0.5,0.050455,180,0,0,371065
-4,25,12,0.5,0.05383,180,0,0,371079
0,34,15,0.5,0.05842,180,0,0,371092
0,42,16,0.5,0.06409,180,0,0,371111
0,43,17,0.5,0.069895,180,0,0,371124
0,41,19,0.5,0.07543,180,0,0,371143
0,35,19,0.5,0.080155,180,0,0,371160
0,15,11,0.5,0.08218,180,0,0,371179
0,17,15,0.5,0.084475,180,0,0,371192
0,26,11,0.5,0.087985,180,0,0,371206
0,27,9,0.5,0.09163,180,0,0,371225
0,11,4,0.5,0.093115,180,0,0,371238
0,24,9,0.5,0.096355,180,0,0,371256
0,28,9,0.5,0.100135,180,0,0,371273
0,25,10,0.5,0.10351,180,0,0,371290
0,19,11,0.5,0.106075,180,0,0,371306
0,12,9,0.5,0.107695,180,0,0,371322
0,7,10,0.5,0.10864,180,0,0,371341
0,9,10,0.5,0.109855,180,0,0,371357
0,14,11,0.5,0.111745,180,0,0,371379
0,19,11,0.5,0.11431,180,0,0,371390
0,26,10,0.5,0.11782,180,0,0,371408
3,32,14,0.5,0.12214,180,0,0,371425
0,85,20,0.5,0.133615,180,0,0,371445
0,28,15,0.5,0.137395,180,0,0,371458
0,47,13,0.5,0.14374,180,0,0,371474
0,14,2,0.5,0.14563,180,0,0,371487
0,43,7,0.5,0.151435,180,0,0,371506
0,30,9,0.5,0.155485,180,0,0,371525
0,27,8,0.5,0.15913,180,0,0,371540
0,24,7,0.5,0.16237,180,0,0,371555
0,16,2,0.5,0.16453,180,0,0,371573
-1,24,7,0.5,0.16777,180,0,0,371589
0,20,4,0.5,0.17047,180,0,0,371605
0,20,5,0.5,0.17317,180,0,0,371622
0,17,5,0.5,0.175465,180,0,0,371638
0,19,5,0.5,0.17803,180,0,0,371655
0,18,5,0.5,0.18046,180,0,0,371672
0,20,5,0.5,0.18316,180,0,0,371688
0,24,7,0.5,0.1864,180,0,0,371705
0,22,11,0.5,0.18937,180,0,0,371723
0,19,12,0.5,0.191935,180,0,0,371741
0,18,12,0.5,0.194365,180,0,0,371757
0,18,10,0.5,0.196795,180,0,0,371773
-2,13,8,0.5,0.19855,180,0,0,371789
0,28,11,0.5,0.20233,180,0,0,371806
1,34,13,0.5,0.20692,180,0,0,371824
-1,74,14,0.5,0.21691,180,0,0,371841
2,43,32,0.5,0.222715,180,0,0,371862
0,45,17,0.5,0.22879,180,0,0,371877
2,43,18,0.5,0.234595,180,0,0,371891
-3,45,15,0.5,0.24067,180,0,0,371908
0,42,17,0.5,0.24634,180,0,0,371925
0,43,17,0.5,0.252145,180,0,0,371941
0,44,15,0.5,0.258085,180,0,0,371965
0,46,13,0.5,0.264295,180,0,0,371973
0,44,13,0.5,0.270235,180,0,0,371993
0,48,13,0.5,0.276715,180,0,0,372008
0,46,14,0.5,0.282925,180,0,0,372023
0,45,18,0.5,0.289,180,0,0,372042
0,45,22,0.5,0.295075,180,0,0,372059
0,44,22,0.5,0.301015,180,0,0,372075
0,42,20,0.5,0.306685,180,0,0,372092
0,43,20,0.5,0.31249,180,0,0,372112
0,37,17,0.5,0.317485,180,0,0,372124
0,34,15,0.5,0.322075,180,0,0,372143
0,28,16,0.5,0.325855,180,0,0,372157
0,26,16,0.5,0.329365,180,0,0,372174
0,20,15,0.5,0.332065,180,0,0,372191
0,17,14,0.5,0.33436,180,0,0,372207
0,19,13,0.5,0.336925,180,0,0,372225
0,48,23,0.5,0.343405,180,0,0,372245
0,30,3,0.5,0.347455,180,0,0,372255
0,28,29,0.5,0.351235,180,0,0,372280
0,34,22,0.5,0.355825,180,0,0,372294
-1,33,23,0.5,0.36028,180,0,0,372316
-3,30,22,0.5,0.36433,180,0,0,372326
0,26,21,0.5,0.36784,180,0,0,372343
-4,32,19,0.5,0.37216,180,0,0,372359
0,30,17,0.5,0.37621,180,0,0,372377
0,27,17,0.5,0.379855,180,0,0,372392
4,18,18,0.5,0.382285,180,0,0,372408
0,11,16,0.5,0.38377,180,0,0,372427
1,10,17,0.5,0.38512,180,0,0,372441
0,12,14,0.5,0.38674,180,0,0,372458
0,16,12,0.5,0.3889,180,0,0,372474
0,21,11,0.5,0.391735,180,0,0,372490
0,23,11,0.5,0.39484,180,0,0,372506
0,28,12,0.5,0.39862,180,0,0,372522
0,29,13,0.5,0.402535,180,0,0,372541
0,32,16,0.5,0.406855,180,0,0,372558
0,32,17,0.5,0.411175,180,0,0,372574
3,28,20,0.5,0.414955,180,0,0,372592
1,25,17,0.5,0.41833,180,0,0,372607
-2,41,28,0.5,0.423865,180,0,1,372631
0,0,0,0.5,0.423865,180,0,1,372637
0,45,23,0.5,0.42994,180,0,1,372660
0,24,10,0.5,0.43318,180,0,0,372673
0,23,9,0.5,0.436285,180,0,0,372691
-1,21,10,0.5,0.43912,180,0,0,372706
2,19,9,0.5,0.441685,180,0,0,372722
-2,18,8,0.5,0.444115,180,0,0,372739
-1,23,12,0.5,0.44722,180,0,0,372757
1,25,15,0.5,0.450595,180,0,0,372774
0,32,14,0.5,0.454915,180,0,1,372793
0,35,16,0.5,0.45964,180,0,0,372808
0,32,17,0.5,0.46396,180,0,0,372825
0,26,17,0.5,0.46747,180,0,0,372846
-1,18,15,0.5,0.4699,180,0,0,372858
0,16,13,0.5,0.47206,180,0,1,372873
0,19,12,0.5,0.474625,180,0,1,372891
0,18,10,0.5,0.477055,180,0,1,372906
0,17,10,0.5,0.47935,180,0,0,372923
0,18,8,0.5,0.48178,180,0,0,372941
0,16,9,0.5,0.48394,180,0,0,372956
0,12,8,0.5,0.48556,180,0,0,372973
0,13,9,0.5,0.487315,180,0,0,372989
0,14,10,0.5,0.489205,180,0,0,373007
1,17,11,0.5,0.4915,180,0,0,373024
0,20,14,0.5,0.4942,180,0,1,373045
-1,53,28,0.5,0.501355,180,0,0,373064
-1,30,17,0.5,0.505405,180,0,0,373075
-2,33,18,0.5,0.50986,180,0,0,373095
0,35,18,0.5,0.514585,180,0,0,373109
0,37,18,0.5,0.51958,180,0,0,373126
0,41,17,0.5,0.525115,180,0,0,373141
0,42,18,0.5,0.530785,180,0,0,373160
0,44,18,0.5,0.536725,180,0,0,373176
0,45,18,0.5,0.5428,180,0,0,373193
-1,45,20,0.5,0.548875,180,0,0,373209
-1,43,20,0.5,0.55468,180,0,0,373226
0,39,20,0.5,0.559945,180,0,0,373246
0,38,20,0.5,0.565075,180,0,0,373258
0,34,18,0.5,0.569665,180,0,0,373275
0,32,18,0.5,0.573985,180,0,0,373292
2,35,18,0.5,0.57871,180,0,0,373312
0,32,16,0.5,0.58303,180,0,0,373324
0,36,17,0.5,0.58789,180,0,0,373342
0,35,20,0.5,0.592615,180,0,0,373359
0,41,21,0.5,0.59815,180,0,0,373378
-1,41,23,0.5,0.603685,180,0,0,373396
0,44,24,0.5,0.609625,180,0,0,373410
-6,44,21,0.5,0.615565,180,0,0,373426
0,42,23,0.5,0.621235,180,0,0,373443
0,94,29,0.5,0.633925,180,0,1,373462
0,45,25,0.5,0.64,180,0,1,373476
0,44,36,0.5,0.64594,180,0,1,373497
0,39,26,0.5,0.651205,180,0,0,373511
0,36,24,0.5,0.656065,180,0,0,373526
0,34,24,0.5,0.660655,180,0,0,373545
1,31,24,0.5,0.66484,180,0,0,373559
0,25,23,0.5,0.668215,180,0,0,373576
0,20,21,0.5,0.670915,180,0,0,373593
-1,17,21,0.5,0.67321,180,0,0,373608
-2,15,17,0.5,0.675235,180,0,0,373624
3,12,14,0.5,0.676855,180,0,0,373642
0,16,17,0.5,0.679015,180,0,0,373658
0,18,16,0.5,0.681445,180,0,0,373674
-4,22,13,0.5,0.684415,180,0,1,373692
-1,27,16,0.5,0.68806,180,0,1,373706
-1,31,16,0.5,0.692245,180,0,1,373725
0,36,19,0.5,0.697105,180,0,1,373742
0,34,22,0.5,0.701695,180,0,1,373759
0,29,22,0.5,0.70561,180,0,1,373776
0,22,23,0.5,0.70858,180,0,0,373795
0,25,23,0.5,0.71,180,0,0,373810
