0,44,25,0.5,-0.70406,180,0,1,355256
5,24,16,0.5,-0.70082,180,0,1,355268
0,23,12,0.5,-0.697715,180,0,1,355277
0,0,0,0.5,-0.697715,180,0,1,355283
0,22,13,0.5,-0.694745,180,0,0,355304
0,20,13,0.5,-0.692045,180,0,0,355321
-1,23,26,0.5,-0.68894,180,0,0,355342
0,12,14,0.5,-0.68732,180,0,1,355357
0,11,12,0.5,-0.685835,180,0,1,355384
1,9,11,0.5,-0.68462,180,0,1,355396
0,11,9,0.5,-0.683135,180,0,1,355406
1,7,9,0.5,-0.68219,180,0,1,355418
-2,4,7,0.5,-0.68165,180,0,0,355438
0,2,10,0.5,-0.68138,180,0,0,355452
0,2,9,0.5,-0.68111,180,0,0,355469
0,1,10,0.5,-0.680975,180,0,0,355487
0,4,10,0.5,-0.680435,180,0,0,355502
0,5,8,0.5,-0.67976,180,0,0,355519
0,10,7,0.5,-0.67841,180,0,0,355537
0,13,7,0.5,-0.676655,180,0,0,355552
0,18,7,0.5,-0.674225,180,0,0,355568
0,19,6,0.5,-0.67166,180,0,1,355585
0,20,6,0.5,-0.66896,180,0,1,355602
0,19,6,0.5,-0.666395,180,0,1,355618
0,21,7,0.5,-0.66356,180,0,1,355635
0,19,7,0.5,-0.660995,180,0,1,355651
2,14,8,0.5,-0.659105,180,0,1,355669
0,12,6,0.5,-0.657485,180,0,1,355687
-1,9,6,0.5,-0.65627,180,0,0,355702
0,5,7,0.5,-0.655595,180,0,0,355719
-2,5,11,0.5,-0.65492,180,0,0,355737
-1,-1,4,0.5,-0.655055,180,0,0,355751
0,0,5,0.5,-0.655055,180,0,0,355768
-1,1,3,0.5,-0.65492,180,0,0,355786
0,0,5,0.5,-0.65492,180,0,0,355801
0,3,6,0.5,-0.654515,180,0,0,355818
0,3,7,0.5,-0.65411,180,0,1,355836
0,6,7,0.5,-0.6533,180,0,1,355852
-3,3,6,0.5,-0.652895,180,0,1,355868
0,3,7,0.5,-0.65249,180,0,0,355885
0,4,6,0.5,-0.65195,180,0,0,355904
0,3,6,0.5,-0.651545,180,0,0,355920
0,4,6,0.5,-0.651005,180,0,0,355935
1,5,5,0.5,-0.65033,180,0,0,355951
0,5,4,0.5,-0.649655,180,0,0,355969
0,5,4,0.5,-0.64898,180,0,0,355985
0,5,3,0.5,-0.648305,180,0,0,356000
0,4,3,0.5,-0.647765,180,0,0,356017
0,6,2,0.5,-0.646955,180,0,0,356034
0,7,2,0.5,-0.64601,180,0,0,356051
0,8,2,0.5,-0.64493,180,0,0,356069
0,10,4,0.5,-0.64358,180,0,0,356088
0,13,5,0.5,-0.641825,180,0,0,356102
0,15,7,0.5,-0.6398,180,0,0,356120
0,15,8,0.5,-0.637775,180,0,0,356138
0,33,20,0.5,-0.63332,180,0,0,356155
0,18,10,0.5,-0.63089,180,0,0,356173
0,19,11,0.5,-0.628325,180,0,0,356187
-5,19,8,0.5,-0.62576,180,0,0,356202
0,16,8,0.5,-0.6236,180,0,0,356223
-7,15,5,0.5,-0.621575,180,0,0,356234
-5,17,7,0.5,-0.61928,180,0,0,356252
0,19,10,0.5,-0.616715,180,0,0,356273
0,22,12,0.5,-0.613745,180,0,0,356287
0,24,12,0.5,-0.610505,180,0,0,356304
0,27,15,0.5,-0.60686,180,0,0,356322
0,29,14,0.5,-0.602945,180,0,0,356336
0,30,14,0.5,-0.598895,180,0,0,356353
0,30,14,0.5,-0.594845,180,0,0,356372
0,31,15,0.5,-0.59066,180,0,0,356388
2,31,15,0.5,-0.586475,180,0,0,356403
0,32,14,0.5,-0.582155,180,0,0,356420
0,31,14,0.5,-0.57797,180,0,0,356438
0,11,5,0.5,-0.576485,180,0,0,356451
-4,8,1,0.5,-0.575405,180,0,0,356467
-1,28,14,0.5,-0.571625,180,0,0,356487
0,29,16,0.5,-0.56771,180,0,0,356504
0,31,16,0.5,-0.563525,180,0,0,356521
0,32,18,0.5,-0.559205,180,0,0,356539
0,49,25,0.5,-0.55259,180,0,0,356556
0,19,31,0.5,-0.550025,180,0,0,356575
0,18,18,0.5,-0.547595,180,0,0,356589
0,17,17,0.5,-0.5453,180,0,0,356604
0,15,16,0.5,-0.543275,180,0,0,356623
0,17,16,0.5,-0.54098,180,0,0,356640
0,16,16,0.5,-0.53882,180,0,0,356655
3,16,18,0.5,-0.53666,180,0,0,356674
-4,18,15,0.5,-0.53423,180,0,0,356688
-1,13,16,0.5,-0.532475,180,0,0,356705
0,6,15,0.5,-0.531665,180,0,0,356721
0,-5,13,0.5,-0.53234,180,0,0,356737
0,-10,10,0.5,-0.53369,180,0,0,356752
-2,-13,6,0.5,-0.535445,180,0,0,356768
0,-18,7,0.5,-0.537875,180,0,0,356785
0,-16,4,0.5,-0.540035,180,0,0,356801
0,-13,4,0.5,-0.54179,180,0,0,356818
0,-11,3,0.5,-0.543275,180,0,0,356834
0,-5,2,0.5,-0.54395,180,0,0,356851
0,1,1,0.5,-0.543815,180,0,0,356868
0,4,0,0.5,-0.543275,180,0,0,356884
0,6,2,0.5,-0.542465,180,0,0,356901
0,12,5,0.5,-0.540845,180,0,0,356917
0,15,5,0.5,-0.53882,180,0,0,356935
0,42,7,0.5,-0.53315,180,0,0,356957
0,36,15,0.5,-0.52829,180,0,0,356974
0,53,13,0.5,-0.521135,180,0,0,356987
0,59,16,0.5,-0.51317,180,0,0,357005
-1,57,17,0.5,-0.505475,180,0,0,357023
-4,17,5,0.5,-0.50318,180,0,0,357035
3,50,22,0.5,-0.49643,180,0,0,357064
0,22,10,0.5,-0.49346,180,0,0,357075
1,82,36,0.5,-0.48239,180,0,0,357114
-3,33,18,0.5,-0.477935,180,0,0,357133
-1,24,17,0.5,-0.474695,180,0,0,357147
-1,8,10,0.5,-0.473615,180,0,0,357158
2,14,17,0.5,-0.471725,180,0,0,357170
-3,11,17,0.5,-0.47024,180,0,0,357179
-1,9,8,0.5,-0.469025,180,0,0,357194
-1,10,26,0.5,-0.467675,180,0,0,357215
1,12,17,0.5,-0.466055,180,0,0,357229
0,16,17,0.5,-0.463895,180,0,0,357246
-1,21,17,0.5,-0.46106,180,0,0,357263
0,23,17,0.5,-0.457955,180,0,0,357279
-1,29,16,0.5,-0.45404,180,0,0,357297
0,34,17,0.5,-0.44945,180,0,0,357312
0,45,18,0.5,-0.443375,180,0,0,357329
-7,45,12,0.5,-0.4373,180,0,0,357345
-4,39,14,0.5,-0.432035,180,0,0,357364
-1,32,15,0.5,-0.427715,180,0,0,357379
3,27,19,0.5,-0.42407,180,0,0,357396
-1,24,19,0.5,-0.42083,180,0,0,357412
0,20,17,0.5,-0.41813,180,0,0,357428
1,18,18,0.5,-0.4157,180,0,0,357446
0,15,14,0.5,-0.413675,180,0,0,357461
0,14,16,0.5,-0.411785,180,0,0,357478
-3,8,14,0.5,-0.410705,180,0,0,357495
0,7,15,0.5,-0.40976,180,0,1,357512
-4,6,11,0.5,-0.40895,180,0,1,357529
-1,7,24,0.5,-0.408005,180,0,0,357549
0,0,0,0.5,-0.408005,180,0,0,357557
-3,0,25,0.5,-0.408005,180,0,0,357582
0,1,13,0.5,-0.40787,180,0,0,357596
0,3,15,0.5,-0.407465,180,0,0,357612
0,7,14,0.5,-0.40652,180,0,0,357628
-1,9,13,0.5,-0.405305,180,0,0,357646
0,8,14,0.5,-0.404225,180,0,0,357665
0,13,14,0.5,-0.40247,180,0,0,357683
0,14,13,0.5,-0.40058,180,0,0,357697
0,18,13,0.5,-0.39815,180,0,0,357710
0,25,13,0.5,-0.394775,180,0,0,357732
-1,29,12,0.5,-0.39086,180,0,0,357745
-1,34,13,0.5,-0.38627,180,0,0,357761
0,37,13,0.5,-0.381275,180,0,0,357779
0,42,14,0.5,-0.375605,180,0,0,357795
1,39,16,0.5,-0.37034,180,0,0,357813
1,34,15,0.5,-0.36575,180,0,0,357832
1,28,18,0.5,-0.36197,180,0,0,357848
-3,21,14,0.5,-0.359135,180,0,0,357862
-1,16,15,0.5,-0.356975,180,0,0,357880
0,13,14,0.5,-0.35522,180,0,0,357897
-1,13,15,0.5,-0.353465,180,0,0,357913
0,12,16,0.5,-0.351845,180,0,0,357931
0,16,17,0.5,-0.349685,180,0,0,357945
0,35,33,0.5,-0.34496,180,0,0,357968
0,20,17,0.5,-0.34226,180,0,0,357980
0,21,16,0.5,-0.339425,180,0,0,357996
0,23,15,0.5,-0.33632,180,0,0,358012
-4,23,14,0.5,-0.333215,180,0,0,358031
3,24,18,0.5,-0.329975,180,0,1,358048
1,21,16,0.5,-0.32714,180,0,1,358063
0,16,14,0.5,-0.32498,180,0,1,358079
0,10,15,0.5,-0.32363,180,0,1,358096
-3,5,12,0.5,-0.322955,180,0,0,358111
-8,2,10,0.5,-0.322685,180,0,0,358129
6,3,18,0.5,-0.32228,180,0,0,358148
0,5,15,0.5,-0.321605,180,0,0,358162
1,7,16,0.5,-0.32066,180,0,0,358179
-2,9,13,0.5,-0.319445,180,0,1,358196
3,14,17,0.5,-0.317555,180,0,1,358213
-3,17,15,0.5,-0.31526,180,0,0,358233
0,19,15,0.5,-0.312695,180,0,0,358246
0,22,15,0.5,-0.309725,180,0,0,358262
0,21,12,0.5,-0.30689,180,0,0,358280
-1,0,-1,0.5,-0.30689,180,0,0,358292
0,17,5,0.5,-0.304595,180,0,0,358311
0,34,16,0.5,-0.300005,180,0,0,358331
-11,65,15,0.5,-0.29123,180,0,0,358346
1,30,16,0.5,-0.28718,180,0,0,358363
-1,26,29,0.5,-0.28367,180,0,1,358383
0,20,19,0.5,-0.28097,180,0,1,358397
0,15,17,0.5,-0.278945,180,0,1,358412
0,12,18,0.5,-0.277325,180,0,0,358430
-1,14,19,0.5,-0.275435,180,0,0,358445
1,12,19,0.5,-0.273815,180,0,0,358464
0,15,21,0.5,-0.27179,180,0,0,358482
0,16,20,0.5,-0.26963,180,0,0,358497
0,22,22,0.5,-0.26666,180,0,0,358515
-2,24,20,0.5,-0.26342,180,0,0,358529
0,26,20,0.5,-0.25991,180,0,0,358547
0,29,19,0.5,-0.255995,180,0,1,358564
-1,29,19,0.5,-0.25208,180,0,1,358580
0,28,18,0.5,-0.2483,180,0,1,358596
-2,23,16,0.5,-0.245195,180,0,0,358612
1,18,16,0.5,-0.242765,180,0,0,358629
0,14,16,0.5,-0.240875,180,0,0,358645
0,11,15,0.5,-0.23939,180,0,0,358662
0,8,15,0.5,-0.23831,180,0,0,358681
0,7,15,0.5,-0.237365,180,0,0,358698
0,7,15,0.5,-0.23642,180,0,0,358713
-1,8,16,0.5,-0.23534,180,0,0,358728
-1,9,16,0.5,-0.234125,180,0,0,358745
0,25,26,0.5,-0.23075,180,0,0,358766
-1,15,27,0.5,-0.228725,180,0,0,358785
2,16,18,0.5,-0.226565,180,0,0,358797
0,19,14,0.5,-0.224,180,0,0,358812
-1,20,11,0.5,-0.2213,180,0,0,358827
-1,18,10,0.5,-0.21887,180,0,0,358844
0,16,8,0.5,-0.21671,180,0,0,358859
0,15,8,0.5,-0.214685,180,0,0,358880
0,15,11,0.5,-0.21266,180,0,0,358893
0,16,13,0.5,-0.2105,180,0,0,358917
0,18,14,0.5,-0.20807,180,0,0,358929
0,25,16,0.5,-0.204695,180,0,0,358945
0,27,16,0.5,-0.20105,180,0,0,358963
3,36,18,0.5,-0.19619,180,0,0,358979
-6,34,11,0.5,-0.1916,180,0,0,358994
0,39,19,0.5,-0.186335,180,0,0,359019
0,37,17,0.5,-0.18134,180,0,0,359032
2,36,17,0.5,-0.17648,180,0,0,359058
-9,61,31,0.5,-0.168245,180,0,0,359084
-1,22,14,0.5,-0.165275,180,0,0,359095
-1,20,14,0.5,-0.162575,180,0,0,359105
2,19,18,0.5,-0.16001,180,0,0,359117
0,0,0,0.5,-0.16001,180,0,0,359124
0,11,11,0.5,-0.158525,180,0,0,359144
-3,42,18,0.5,-0.152855,180,0,0,359163
-1,24,37,0.5,-0.149615,180,0,0,359186
0,0,1,0.5,-0.149615,180,0,0,359193
-3,53,40,0.5,-0.14246,180,0,0,359221
-3,28,19,0.5,-0.13868,180,0,0,359235
-2,29,18,0.5,-0.134765,180,0,0,359247
-3,28,18,0.5,-0.130985,180,0,0,359264
1,24,18,0.5,-0.127745,180,0,0,359279
-1,21,15,0.5,-0.12491,180,0,0,359296
0,18,15,0.5,-0.12248,180,0,0,359315
-1,15,13,0.5,-0.120455,180,0,0,359329
0,15,14,0.5,-0.11843,180,0,0,359345
0,11,15,0.5,-0.116945,180,0,0,359363
0,10,16,0.5,-0.115595,180,0,0,359380
0,8,16,0.5,-0.114515,180,0,0,359396
0,7,15,0.5,-0.11357,180,0,0,359413
-1,9,14,0.5,-0.112355,180,0,0,359429
-9,10,10,0.5,-0.111005,180,0,0,359444
4,13,17,0.5,-0.10925,180,0,0,359462
0,13,14,0.5,-0.107495,180,0,0,359477
0,14,13,0.5,-0.105605,180,0,0,359497
0,15,13,0.5,-0.10358,180,0,0,359515
0,13,12,0.5,-0.101825,180,0,0,359529
-4,14,11,0.5,-0.099935,180,0,0,359544
-4,17,12,0.5,-0.09764,180,0,0,359562
-2,43,31,0.5,-0.091835,180,0,0,359581
0,28,17,0.5,-0.088055,180,0,0,359604
0,34,18,0.5,-0.083465,180,0,0,359629
-1,36,19,0.5,-0.078605,180,0,0,359642
1,37,19,0.5,-0.07361,180,0,0,359653
0,37,20,0.5,-0.068615,180,0,0,359664
0,37,19,0.5,-0.06362,180,0,0,359681
-4,36,16,0.5,-0.05876,180,0,0,359695
2,36,17,0.5,-0.0539,180,0,0,359712
-3,34,14,0.5,-0.04931,180,0,0,359729
-1,32,13,0.5,-0.04499,180,0,0,359744
0,29,17,0.5,-0.041075,180,0,0,359768
0,51,36,0.5,-0.03419,180,0,0,359791
0,0,0,0.5,-0.03419,180,0,0,359797
0,26,21,0.5,-0.03068,180,0,0,359813
0,25,21,0.5,-0.027305,180,0,0,359830
3,25,23,0.5,-0.02393,180,0,0,359846
-4,24,18,0.5,-0.02069,180,0,0,359864
-1,22,17,0.5,-0.01772,180,0,0,359879
1,25,21,0.5,-0.014345,180,0,0,359897
0,23,18,0.5,-0.01124,180,0,0,359913
0,22,17,0.5,-0.00827,180,0,0,359929
1,21,18,0.5,-0.005435,180,0,0,359946
-7,49,19,0.5,0.00118,180,0,0,359965
0,24,37,0.5,0.00442,180,0,0,359985
-1,25,22,0.5,0.007795,180,0,0,360001
0,24,24,0.5,0.011035,180,0,0,360016
0,25,24,0.5,0.01441,180,0,0,360032
-1,22,23,0.5,0.01738,180,0,0,360047
-1,20,23,0.5,0.02008,180,0,0,360064
3,18,24,0.5,0.02251,180,0,0,360081
0,16,21,0.5,0.02467,180,0,0,360097
1,16,22,0.5,0.02683,180,0,0,360114
-1,14,23,0.5,0.02872,180,0,0,360130
0,17,23,0.5,0.031015,180,0,0,360146
4,15,24,0.5,0.03304,180,0,0,360167
0,14,23,0.5,0.03493,180,0,0,360185
0,14,23,0.5,0.03682,180,0,0,360198
0,13,24,0.5,0.038575,180,0,0,360218
-2,13,22,0.5,0.04033,180,0,0,360231
0,10,20,0.5,0.04168,180,0,0,360247
0,7,18,0.5,0.042625,180,0,0,360265
-1,2,18,0.5,0.042895,180,0,0,360280
0,1,17,0.5,0.04303,180,0,0,360297
0,1,18,0.5,0.043165,180,0,0,360312
-1,3,18,0.5,0.04357,180,0,0,360333
5,5,22,0.5,0.044245,180,0,0,360346
-3,7,16,0.5,0.04519,180,0,0,360363
0,24,32,0.5,0.04843,180,0,0,360383
0,16,20,0.5,0.05059,180,0,0,360402
0,18,18,0.5,0.05302,180,0,0,360415
0,19,16,0.5,0.055585,180,0,0,360435
-1,21,16,0.5,0.05842,180,0,0,360448
0,25,16,0.5,0.061795,180,0,0,360464
0,22,16,0.5,0.064765,180,0,0,360482
0,20,14,0.5,0.067465,180,0,0,360496
0,19,16,0.5,0.07003,180,0,0,360513
4,14,15,0.5,0.07192,180,0,0,360529
2,14,16,0.5,0.07381,180,0,0,360547
-3,15,15,0.5,0.075835,180,0,0,360564
0,15,18,0.5,0.07786,180,0,0,360579
-4,18,17,0.5,0.08029,180,0,0,360599
0,20,20,0.5,0.08299,180,0,0,360616
-1,23,20,0.5,0.086095,180,0,0,360634
0,26,21,0.5,0.089605,180,0,0,360649
0,29,19,0.5,0.09352,180,0,0,360666
0,33,20,0.5,0.097975,180,0,0,360683
2,31,21,0.5,0.10216,180,0,0,360697
0,29,18,0.5,0.106075,180,0,0,360714
-1,25,18,0.5,0.10945,180,0,0,360728
0,20,19,0.5,0.11215,180,0,0,360750
-1,41,43,0.5,0.117685,180,0,0,360774
0,22,24,0.5,0.120655,180,0,0,360788
-11,23,19,0.5,0.12376,180,0,0,360800
-5,24,20,0.5,0.127,180,0,0,360821
6,23,24,0.5,0.130105,180,0,0,360833
0,25,21,0.5,0.13348,180,0,0,360848
0,28,22,0.5,0.13726,180,0,0,360864
0,28,20,0.5,0.14104,180,0,0,360880
0,22,16,0.5,0.14401,180,0,0,360899
0,10,8,0.5,0.14536,180,0,0,360911
0,24,21,0.5,0.1486,180,0,0,360930
0,17,19,0.5,0.150895,180,0,0,360946
0,15,20,0.5,0.15292,180,0,0,360964
0,15,22,0.5,0.154945,180,0,0,360983
0,17,23,0.5,0.15724,180,0,0,360998
0,19,23,0.5,0.159805,180,0,0,361015
0,20,23,0.5,0.162505,180,0,0,361032
0,22,22,0.5,0.165475,180,0,0,361046
0,22,23,0.5,0.168445,180,0,0,361064
0,21,22,0.5,0.17128,180,0,0,361081
0,22,21,0.5,0.17425,180,0,0,361096
-2,21,19,0.5,0.177085,180,0,0,361114
-1,17,19,0.5,0.17938,180,0,0,361132
0,14,17,0.5,0.18127,180,0,0,361145
0,15,19,0.5,0.183295,180,0,0,361166
0,37,42,0.5,0.18829,180,0,0,361187
0,22,21,0.5,0.19126,180,0,0,361204
0,27,22,0.5,0.194905,180,0,0,361218
-6,28,19,0.5,0.198685,180,0,0,361229
3,30,24,0.5,0.202735,180,0,0,361250
0,33,23,0.5,0.20719,180,0,0,361265
0,32,21,0.5,0.21151,180,0,0,361296
0,58,35,0.5,0.21934,180,0,0,361311
0,0,4,0.5,0.21934,180,0,0,361319
-1,26,18,0.5,0.22285,180,0,0,361329
0,27,20,0.5,0.226495,180,0,0,361346
0,27,23,0.5,0.23014,180,0,0,361364
1,26,24,0.5,0.23365,180,0,0,361381
-3,24,24,0.5,0.23689,180,0,0,361396
0,24,24,0.5,0.24013,180,0,0,361414
0,23,24,0.5,0.243235,180,0,0,361430
-3,23,23,0.5,0.24634,180,0,0,361446
2,21,24,0.5,0.249175,180,0,0,361464
0,21,21,0.5,0.25201,180,0,0,361480
-3,20,22,0.5,0.25471,180,0,0,361496
0,20,22,0.5,0.25741,180,0,0,361513
0,20,23,0.5,0.26011,180,0,0,361531
1,22,22,0.5,0.26308,180,0,0,361546
0,27,24,0.5,0.266725,180,0,0,361567
-4,54,46,0.5,0.274015,180,0,0,361590
0,25,23,0.5,0.27739,180,0,0,361604
3,27,24,0.5,0.281035,180,0,0,361617
0,25,24,0.5,0.28441,180,0,0,361634
-3,26,22,0.5,0.28792,180,0,0,361651
0,27,23,0.5,0.291565,180,0,0,361665
0,27,22,0.5,0.29521,180,0,0,361682
2,26,23,0.5,0.29872,180,0,0,361697
0,26,24,0.5,0.30223,180,0,0,361715
2,25,24,0.5,0.305605,180,0,0,361731
-3,26,24,0.5,0.309115,180,0,0,361747
0,23,24,0.5,0.31222,180,0,0,361765
-2,24,24,0.5,0.31546,180,0,0,361780
0,24,24,0.5,0.3187,180,0,0,361798
1,22,24,0.5,0.32167,180,0,0,361816
-1,20,24,0.5,0.32437,180,0,0,361833
0,19,24,0.5,0.326935,180,0,0,361848
0,19,24,0.5,0.3295,180,0,0,361864
1,23,24,0.5,0.332605,180,0,0,361882
-1,24,24,0.5,0.335845,180,0,0,361897
0,27,24,0.5,0.33949,180,0,0,361916
0,24,24,0.5,0.34273,180,0,0,361933
0,20,24,0.5,0.34543,180,0,0,361947
0,19,24,0.5,0.347995,180,0,0,361965
1,29,35,0.5,0.35191,180,0,0,361984
-2,12,34,0.5,0.35353,180,0,0,362000
-1,10,27,0.5,0.35488,180,0,0,362014
0,10,24,0.5,0.35623,180,0,0,362031
0,13,24,0.5,0.357985,180,0,0,362048
0,16,24,0.5,0.360145,180,0,0,362063
0,19,24,0.5,0.36271,180,0,0,362080
0,20,24,0.5,0.36541,180,0,0,362098
1,23,24,0.5,0.368515,180,0,0,362113
-2,21,24,0.5,0.37135,180,0,0,362131
0,14,18,0.5,0.37324,180,0,0,362145
-1,13,18,0.5,0.374995,180,0,0,362169
0,8,16,0.5,0.376075,180,0,0,362188
0,3,15,0.5,0.37648,180,0,0,362197
0,0,15,0.5,0.37648,180,0,0,362212
-1,1,16,0.5,0.376615,180,0,0,362228
0,0,17,0.5,0.376615,180,0,0,362247
0,0,19,0.5,0.376615,180,0,0,362264
0,0,20,0.5,0.376615,180,0,0,362283
0,1,20,0.5,0.37675,180,0,0,362297
0,7,23,0.5,0.377695,180,0,0,362314
2,12,24,0.5,0.379315,180,0,0,362332
0,20,33,0.5,0.382015,180,0,0,362357
0,18,24,0.5,0.384445,180,0,0,362369
0,0,0,0.5,0.384445,180,0,0,362374
0,18,24,0.5,0.386875,180,0,0,362398
-2,43,45,0.5,0.39268,180,0,0,362417
0,26,21,0.5,0.39619,180,0,0,362429
0,25,19,0.5,0.399565,180,0,0,362446
-1,24,19,0.5,0.402805,180,0,0,362465
0,20,18,0.5,0.405505,180,0,0,362481
0,17,18,0.5,0.4078,180,0,0,362496
0,16,21,0.5,0.40996,180,0,0,362513
-1,19,23,0.5,0.412525,180,0,0,362531
-1,22,24,0.5,0.415495,180,0,0,362546
0,24,24,0.5,0.418735,180,0,0,362564
-3,23,24,0.5,0.42184,180,0,0,362580
0,24,24,0.5,0.42508,180,0,0,362596
0,26,24,0.5,0.42859,180,0,0,362618
0,26,24,0.5,0.4321,180,0,0,362632
-4,25,20,0.5,0.435475,180,0,0,362645
-6,20,16,0.5,0.438175,180,0,0,362661
0,21,20,0.5,0.44101,180,0,0,362681
0,19,19,0.5,0.443575,180,0,0,362696
2,15,22,0.5,0.4456,180,0,0,362716
-3,15,22,0.5,0.447625,180,0,0,362732
-2,16,23,0.5,0.449785,180,0,0,362750
-1,15,24,0.5,0.45181,180,0,0,362766
0,34,30,0.5,0.4564,180,0,0,362782
0,19,34,0.5,0.458965,180,0,0,362799
-2,24,32,0.5,0.462205,180,0,0,362820
1,27,24,0.5,0.46585,180,0,0,362835
0,30,23,0.5,0.4699,180,0,0,362847
0,30,24,0.5,0.47395,180,0,0,362865
0,26,20,0.5,0.47746,180,0,0,362881
0,26,22,0.5,0.48097,180,0,0,362896
-3,24,20,0.5,0.48421,180,0,0,362916
0,23,24,0.5,0.487315,180,0,0,362932
0,24,24,0.5,0.490555,180,0,0,362946
0,18,23,0.5,0.492985,180,0,0,362964
-1,26,24,0.5,0.496495,180,0,0,362981
2,25,24,0.5,0.49987,180,0,0,362997
-3,23,24,0.5,0.502975,180,0,0,363015
0,23,24,0.5,0.50608,180,0,0,363030
-1,24,24,0.5,0.50932,180,0,0,363047
0,26,24,0.5,0.51283,180,0,0,363064
0,25,24,0.5,0.516205,180,0,0,363080
0,25,24,0.5,0.51958,180,0,0,363097
0,25,24,0.5,0.522955,180,0,0,363115
-1,24,24,0.5,0.526195,180,0,0,363130
-3,25,24,0.5,0.52957,180,0,0,363147
0,25,24,0.5,0.532945,180,0,0,363164
-1,48,28,0.5,0.539425,180,0,0,363182
0,0,20,0.5,0.539425,180,0,0,363195
-1,57,48,0.5,0.54712,180,0,0,363220
0,28,24,0.5,0.5509,180,0,1,363232
0,0,0,0.5,0.5509,180,0,1,363241
0,55,48,0.5,0.558325,180,0,1,363274
0,29,24,0.5,0.56224,180,0,0,363289
0,27,24,0.5,0.565885,180,0,0,363300
0,24,24,0.5,0.569125,180,0,0,363315
0,22,24,0.5,0.572095,180,0,0,363332
0,13,24,0.5,0.57385,180,0,0,363347
-1,24,24,0.5,0.57709,180,0,0,363363
0,24,24,0.5,0.58033,180,0,0,363380
-1,25,24,0.5,0.583705,180,0,0,363402
0,25,24,0.5,0.58708,180,0,0,363413
-1,30,23,0.5,0.59113,180,0,0,363430
0,32,24,0.5,0.59545,180,0,0,363447
0,33,24,0.5,0.599905,180,0,0,363465
3,21,24,0.5,0.60274,180,0,0,363481
0,18,14,0.5,0.60517,180,0,0,363496
0,26,24,0.5,0.60868,180,0,0,363516
0,22,24,0.5,0.61165,180,0,0,363531
0,21,24,0.5,0.614485,180,0,0,363546
-4,18,24,0.5,0.616915,180,0,0,363563
0,36,31,0.5,0.621775,180,0,0,363583
-1,15,41,0.5,0.6238,180,0,0,363617
-5,39,35,0.5,0.629065,180,0,0,363634
-1,22,37,0.5,0.632035,180,0,0,363651
-11,22,22,0.5,0.635005,180,0,0,363661
0,0,0,0.5,0.635005,180,0,0,363666
-1,17,24,0.5,0.6373,180,0,0,363682
0,15,23,0.5,0.639325,180,0,0,363696
0,12,22,0.5,0.640945,180,0,0,363714
1,10,19,0.5,0.642295,180,0,0,363732
0,9,18,0.5,0.64351,180,0,0,363745
0,5,17,0.5,0.644185,180,0,0,363764
-2,3,17,0.5,0.64459,180,0,0,363779
0,1,17,0.5,0.644725,180,0,0,363795
0,0,18,0.5,0.644725,180,0,0,363816
0,0,16,0.5,0.644725,180,0,0,363829
0,-1,16,0.5,0.64459,180,0,0,363846
0,0,14,0.5,0.64459,180,0,0,363864
0,0,13,0.5,0.64459,180,0,0,363884
0,0,11,0.5,0.64459,180,0,0,363895
0,1,9,0.5,0.644725,180,0,0,363912
0,-1,7,0.5,0.64459,180,0,0,363927
-2,-1,4,0.5,0.644455,180,0,0,363943
0,-7,3,0.5,0.64351,180,0,0,363961
0,-10,5,0.5,0.64216,180,0,0,363979
0,-13,14,0.5,0.640405,180,0,0,363995
0,-1,10,0.5,0.64027,180,0,0,364013
1,1,12,0.5,0.640405,180,0,0,364029
0,6,11,0.5,0.641215,180,0,0,364044
0,10,11,0.5,0.642565,180,0,0,364065
0,14,11,0.5,0.644455,180,0,0,364079
-3,16,10,0.5,0.646615,180,0,0,364094
0,20,10,0.5,0.649315,180,0,0,364113
0,21,10,0.5,0.65215,180,0,0,364128
1,23,12,0.5,0.655255,180,0,0,364145
-1,24,12,0.5,0.658495,180,0,0,364162
0,24,12,0.5,0.661735,180,0,0,364181
0,22,12,0.5,0.664705,180,0,0,364196
0,16,10,0.5,0.666865,180,0,0,364212
0,14,11,0.5,0.668755,180,0,0,364229
0,11,10,0.5,0.67024,180,0,0,364244
2,8,11,0.5,0.67132,180,0,0,364263
1,8,13,0.5,0.6724,180,0,0,364280
0,8,13,0.5,0.67348,180,0,0,364295
0,6,12,0.5,0.67429,180,0,0,364312
0,6,12,0.5,0.6751,180,0,0,364329
0,6,11,0.5,0.67591,180,0,0,364344
-6,3,9,0.5,0.676315,180,0,0,364362
-1,5,10,0.5,0.67699,180,0,1,364378
1,10,19,0.5,0.67834,180,0,0,364396
-1,4,10,0.5,0.67888,180,0,0,364411
0,2,8,0.5,0.67915,180,0,0,364428
0,4,8,0.5,0.67969,180,0,0,364444
1,6,8,0.5,0.6805,180,0,0,364461
0,11,8,0.5,0.681985,180,0,0,364477
0,11,8,0.5,0.68347,180,0,1,364493
-1,12,7,0.5,0.68509,180,0,1,364512
0,11,6,0.5,0.686575,180,0,1,364528
0,11,6,0.5,0.68806,180,0,0,364545
0,9,7,0.5,0.689275,180,0,0,364561
0,6,7,0.5,0.690085,180,0,0,364578
0,7,7,0.5,0.69103,180,0,0,364594
0,9,10,0.5,0.692245,180,0,0,364612
0,12,10,0.5,0.693865,180,0,0,364629
-3,14,10,0.5,0.695755,180,0,0,364644
0,17,11,0.5,0.69805,180,0,0,364665
0,18,11,0.5,0.70048,180,0,0,364681
-6,18,10,0.5,0.70291,180,0,0,364694
0,18,13,0.5,0.70534,180,0,0,364717
0,15,13,0.5,0.707365,180,0,0,364731
0,13,13,0.5,0.70912,180,0,1,364746
0,10,11,0.5,0.71,180,0,0,364764
