0,4,0,0.5,-0.70946,180,0,0,226422
0,0,0,0.5,-0.70946,180,0,0,226427
0,0,0,0.5,-0.70946,180,0,0,226438
0,0,0,0.5,-0.70946,180,0,0,226455
0,1,0,0.5,-0.709325,180,0,0,226473
0,0,0,0.5,-0.709325,180,0,0,226489
0,1,0,0.5,-0.70919,180,0,0,226506
0,0,0,0.5,-0.70919,180,0,0,226523
0,0,0,0.5,-0.70919,180,0,0,226538
0,0,0,0.5,-0.70919,180,0,0,226555
0,0,0,0.5,-0.70919,180,0,0,226572
0,0,0,0.5,-0.70919,180,0,0,226588
0,0,0,0.5,-0.70919,180,0,0,226605
0,0,0,0.5,-0.70919,180,0,0,226622
0,0,0,0.5,-0.70919,180,0,0,226638
0,0,0,0.5,-0.70919,180,0,0,226655
0,0,0,0.5,-0.70919,180,0,0,226672
0,0,0,0.5,-0.70919,180,0,0,226688
0,0,0,0.5,-0.70919,180,0,0,226705
0,0,0,0.5,-0.70919,180,0,0,226722
0,0,0,0.5,-0.70919,180,0,0,226738
0,0,0,0.5,-0.70919,180,0,0,226755
0,0,0,0.5,-0.70919,180,0,0,226772
0,0,0,0.5,-0.70919,180,0,0,226788
0,0,0,0.5,-0.70919,180,0,0,226805
0,0,-1,0.5,-0.70919,180,0,0,226822
0,0,0,0.5,-0.70919,180,0,0,226838
0,0,0,0.5,-0.70919,180,0,0,226855
0,0,0,0.5,-0.70919,180,0,0,226872
0,0,0,0.5,-0.70919,180,0,0,226889
0,0,0,0.5,-0.70919,180,0,0,226905
0,0,0,0.5,-0.70919,180,0,0,226922
0,0,0,0.5,-0.70919,180,0,0,226939
0,0,0,0.5,-0.70919,180,0,0,226955
0,0,0,0.5,-0.70919,180,0,0,226972
0,0,0,0.5,-0.70919,180,0,0,226988
0,1,0,0.5,-0.709055,180,0,0,227005
0,0,0,0.5,-0.709055,180,0,0,227022
0,0,0,0.5,-0.709055,180,0,0,227038
0,0,0,0.5,-0.709055,180,0,0,227055
0,0,0,0.5,-0.709055,180,0,0,227072
0,0,0,0.5,-0.709055,180,0,0,227089
0,0,0,0.5,-0.709055,180,0,0,227105
0,-1,0,0.5,-0.70919,180,0,0,227122
0,0,0,0.5,-0.70919,180,0,0,227139
0,0,0,0.5,-0.70919,180,0,0,227155
0,0,0,0.5,-0.70919,180,0,0,227172
0,0,0,0.5,-0.70919,180,0,0,227188
0,0,0,0.5,-0.70919,180,0,0,227205
0,0,0,0.5,-0.70919,180,0,0,227222
0,0,0,0.5,-0.70919,180,0,0,227238
0,0,0,0.5,-0.70919,180,0,0,227255
0,0,0,0.5,-0.70919,180,0,0,227272
0,0,0,0.5,-0.70919,180,0,0,227288
0,-1,0,0.5,-0.709325,180,0,0,227305
0,0,0,0.5,-0.709325,180,0,0,227322
0,0,0,0.5,-0.709325,180,0,0,227338
0,0,0,0.5,-0.709325,180,0,0,227355
0,1,0,0.5,-0.70919,180,0,0,227372
0,0,0,0.5,-0.70919,180,0,0,227388
0,0,0,0.5,-0.70919,180,0,0,227405
0,1,0,0.5,-0.709055,180,0,0,227422
0,0,0,0.5,-0.709055,180,0,0,227438
0,0,0,0.5,-0.709055,180,0,0,227455
0,1,0,0.5,-0.70892,180,0,0,227472
0,0,0,0.5,-0.70892,180,0,0,227488
0,0,0,0.5,-0.70892,180,0,0,227505
0,0,0,0.5,-0.70892,180,0,0,227522
0,-1,0,0.5,-0.709055,180,0,0,227539
0,0,0,0.5,-0.709055,180,0,0,227555
0,-1,0,0.5,-0.70919,180,0,0,227572
0,0,0,0.5,-0.70919,180,0,0,227588
0,0,0,0.5,-0.70919,180,0,0,227605
0,1,0,0.5,-0.709055,180,0,0,227622
0,1,0,0.5,-0.70892,180,0,0,227639
0,0,0,0.5,-0.70892,180,0,0,227655
0,0,0,0.5,-0.70892,180,0,0,227672
0,0,0,0.5,-0.70892,180,0,0,227688
0,0,0,0.5,-0.70892,180,0,0,227705
0,-1,0,0.5,-0.709055,180,0,0,227722
0,0,0,0.5,-0.709055,180,0,0,227738
0,0,0,0.5,-0.709055,180,0,0,227755
0,-1,0,0.5,-0.70919,180,0,0,227772
0,0,0,0.5,-0.70919,180,0,0,227788
0,0,0,0.5,-0.70919,180,0,0,227805
0,0,0,0.5,-0.70919,180,0,0,227822
0,0,0,0.5,-0.70919,180,0,0,227838
0,0,0,0.5,-0.70919,180,0,0,227855
0,1,0,0.5,-0.709055,180,0,0,227872
0,0,0,0.5,-0.709055,180,0,0,227888
0,1,0,0.5,-0.70892,180,0,0,227905
0,0,0,0.5,-0.70892,180,0,0,227923
0,0,0,0.5,-0.70892,180,0,0,227938
0,0,0,0.5,-0.70892,180,0,0,227955
0,0,0,0.5,-0.70892,180,0,0,227972
0,-2,0,0.5,-0.70919,180,0,0,227989
0,0,0,0.5,-0.70919,180,0,0,228005
0,0,0,0.5,-0.70919,180,0,0,228022
0,0,0,0.5,-0.70919,180,0,0,228038
0,0,0,0.5,-0.70919,180,0,0,228055
0,2,0,0.5,-0.70892,180,0,0,228072
0,0,0,0.5,-0.70892,180,0,0,228088
0,0,0,0.5,-0.70892,180,0,0,228105
0,0,0,0.5,-0.70892,180,0,0,228122
0,0,0,0.5,-0.70892,180,0,0,228138
0,0,0,0.5,-0.70892,180,0,0,228155
0,0,0,0.5,-0.70892,180,0,0,228172
0,0,0,0.5,-0.70892,180,0,0,228188
0,0,0,0.5,-0.70892,180,0,0,228205
0,1,0,0.5,-0.708785,180,0,0,228222
0,0,0,0.5,-0.708785,180,0,0,228239
0,0,0,0.5,-0.708785,180,0,0,228255
0,-1,0,0.5,-0.70892,180,0,0,228272
0,0,0,0.5,-0.70892,180,0,0,228289
0,0,0,0.5,-0.70892,180,0,0,228305
0,0,0,0.5,-0.70892,180,0,0,228322
0,1,0,0.5,-0.708785,180,0,0,228339
0,0,0,0.5,-0.708785,180,0,0,228355
0,0,0,0.5,-0.708785,180,0,0,228372
0,0,0,0.5,-0.708785,180,0,0,228388
0,0,0,0.5,-0.708785,180,0,0,228405
0,1,0,0.5,-0.70865,180,0,0,228422
0,1,0,0.5,-0.708515,180,0,0,228439
0,0,0,0.5,-0.708515,180,0,0,228455
0,0,0,0.5,-0.708515,180,0,0,228472
0,-3,0,0.5,-0.70892,180,0,0,228489
0,-1,0,0.5,-0.709055,180,0,0,228505
0,0,0,0.5,-0.709055,180,0,0,228522
0,0,0,0.5,-0.709055,180,0,0,228539
0,2,0,0.5,-0.708785,180,0,0,228556
0,0,0,0.5,-0.708785,180,0,0,228572
0,0,0,0.5,-0.708785,180,0,0,228589
0,0,0,0.5,-0.708785,180,0,0,228605
0,-5,0,0.5,-0.70946,180,0,0,228623
0,-4,0,0.5,-0.71,180,0,0,228639
0,-3,0,0.5,-0.71,180,0,0,228655
0,0,0,0.5,-0.71,180,0,0,228672
0,0,0,0.5,-0.71,180,0,0,228688
0,1,0,0.5,-0.709865,180,0,0,228705
0,-1,0,0.5,-0.71,180,0,0,228722
0,-3,0,0.5,-0.71,180,0,0,228739
0,-3,0,0.5,-0.71,180,0,0,228755
0,-3,-1,0.5,-0.71,180,0,0,228773
0,-3,-1,0.5,-0.71,180,0,0,228790
0,-1,-1,0.5,-0.71,180,0,0,228806
0,-1,-1,0.5,-0.71,180,0,0,228823
0,-2,-1,0.5,-0.71,180,0,0,228840
0,-4,-1,0.5,-0.71,180,0,0,228857
0,-4,-1,0.5,-0.71,180,0,0,228872
0,-4,-1,0.5,-0.71,180,0,0,228889
0,-6,-1,0.5,-0.71,180,0,0,228906
0,-4,-1,0.5,-0.71,180,0,0,228922
0,-6,-2,0.5,-0.71,180,0,0,228940
0,-5,-2,0.5,-0.71,180,0,0,228957
0,-5,-2,0.5,-0.71,180,0,0,228975
0,-7,-2,0.5,-0.71,180,0,0,228989
0,-7,-1,0.5,-0.71,180,0,0,229006
0,-6,-2,0.5,-0.71,180,0,0,229023
0,-4,-3,0.5,-0.71,180,0,0,229040
0,-3,-4,0.5,-0.71,180,0,0,229057
0,-1,-5,0.5,-0.71,180,0,0,229075
0,1,-4,0.5,-0.709865,180,0,0,229090
0,-1,-3,0.5,-0.71,180,0,0,229108
0,-3,-3,0.5,-0.71,180,0,0,229123
0,-3,-2,0.5,-0.71,180,0,0,229140
0,-6,-3,0.5,-0.71,180,0,0,229157
0,-7,-3,0.5,-0.71,180,0,0,229173
0,-7,-4,0.5,-0.71,180,0,0,229190
0,-9,-10,0.5,-0.71,180,0,0,229209
0,-3,-4,0.5,-0.71,180,0,0,229223
0,-2,-4,0.5,-0.71,180,0,0,229240
0,0,-4,0.5,-0.71,180,0,0,229257
0,1,-4,0.5,-0.709865,180,0,0,229273
0,2,-4,0.5,-0.709595,180,0,0,229290
0,3,-5,0.5,-0.70919,180,0,0,229308
0,5,-5,0.5,-0.708515,180,0,0,229324
0,1,-6,0.5,-0.70838,180,0,0,229341
0,-3,-6,0.5,-0.708785,180,0,0,229359
0,-6,-7,0.5,-0.709595,180,0,0,229376
0,-9,-6,0.5,-0.71,180,0,0,229390
0,-10,-6,0.5,-0.71,180,0,0,229409
0,-10,-6,0.5,-0.71,180,0,0,229424
0,-10,-6,0.5,-0.71,180,0,0,229440
0,-8,-6,0.5,-0.71,180,0,0,229458
0,-6,-6,0.5,-0.71,180,0,0,229473
0,-4,-6,0.5,-0.71,180,0,0,229491
0,-3,-6,0.5,-0.71,180,0,0,229511
0,0,-5,0.5,-0.71,180,0,0,229526
0,0,-4,0.5,-0.71,180,0,0,229542
0,3,-5,0.5,-0.709595,180,0,0,229558
0,4,-3,0.5,-0.709055,180,0,0,229575
0,5,-3,0.5,-0.70838,180,0,0,229590
0,13,-4,0.5,-0.706625,180,0,0,229607
0,0,0,0.5,-0.706625,180,0,0,229622
0,4,-2,0.5,-0.706085,180,0,0,229640
0,1,-1,0.5,-0.70595,180,0,0,229656
0,0,0,0.5,-0.70595,180,0,0,229672
0,-3,0,0.5,-0.706355,180,0,0,229689
0,-3,0,0.5,-0.70676,180,0,0,229705
0,-3,0,0.5,-0.707165,180,0,0,229722
0,-2,0,0.5,-0.707435,180,0,0,229739
0,0,1,0.5,-0.707435,180,0,0,229756
0,0,0,0.5,-0.707435,180,0,0,229772
0,0,0,0.5,-0.707435,180,0,0,229788
0,2,0,0.5,-0.707165,180,0,0,229805
0,3,0,0.5,-0.70676,180,0,0,229822
0,5,0,0.5,-0.706085,180,0,0,229839
0,8,0,0.5,-0.705005,180,0,0,229856
0,11,0,0.5,-0.70352,180,0,0,229872
0,15,0,0.5,-0.701495,180,0,0,229889
0,16,0,0.5,-0.699335,180,0,0,229906
0,16,0,0.5,-0.697175,180,0,0,229922
0,17,0,0.5,-0.69488,180,0,0,229939
0,17,-1,0.5,-0.692585,180,0,0,229956
0,15,0,0.5,-0.69056,180,0,0,229972
0,16,0,0.5,-0.6884,180,0,0,229989
0,25,0,0.5,-0.685025,180,0,0,230006
0,7,0,0.5,-0.68408,180,0,0,230022
0,5,0,0.5,-0.683405,180,0,0,230039
0,3,1,0.5,-0.683,180,0,0,230056
0,1,1,0.5,-0.682865,180,0,0,230072
0,1,1,0.5,-0.68273,180,0,0,230090
0,0,2,0.5,-0.68273,180,0,0,230108
0,0,2,0.5,-0.68273,180,0,0,230122
0,0,2,0.5,-0.68273,180,0,0,230139
0,0,2,0.5,-0.68273,180,0,0,230156
0,0,2,0.5,-0.68273,180,0,0,230172
0,0,2,0.5,-0.68273,180,0,0,230189
0,0,2,0.5,-0.68273,180,0,0,230206
0,-1,2,0.5,-0.682865,180,0,0,230223
0,0,2,0.5,-0.682865,180,0,0,230239
0,0,1,0.5,-0.682865,180,0,0,230256
0,0,2,0.5,-0.682865,180,0,0,230272
0,1,1,0.5,-0.68273,180,0,0,230289
0,0,1,0.5,-0.68273,180,0,0,230306
0,0,1,0.5,-0.68273,180,0,0,230322
0,2,1,0.5,-0.68246,180,0,0,230339
0,1,1,0.5,-0.682325,180,0,0,230356
0,1,0,0.5,-0.68219,180,0,0,230372
0,1,0,0.5,-0.682055,180,0,0,230389
0,2,1,0.5,-0.681785,180,0,0,230407
0,1,0,0.5,-0.68165,180,0,0,230422
0,1,0,0.5,-0.681515,180,0,0,230439
0,0,1,0.5,-0.681515,180,0,0,230461
0,0,0,0.5,-0.681515,180,0,0,230472
0,0,0,0.5,-0.681515,180,0,0,230488
0,1,0,0.5,-0.68138,180,0,0,230506
0,0,0,0.5,-0.68138,180,0,0,230522
0,0,1,0.5,-0.68138,180,0,0,230539
0,1,1,0.5,-0.681245,180,0,0,230556
0,0,1,0.5,-0.681245,180,0,0,230572
0,0,0,0.5,-0.681245,180,0,0,230588
0,1,0,0.5,-0.68111,180,0,0,230606
0,0,1,0.5,-0.68111,180,0,0,230622
0,1,0,0.5,-0.680975,180,0,0,230639
0,1,0,0.5,-0.68084,180,0,0,230656
0,0,0,0.5,-0.68084,180,0,0,230672
0,2,1,0.5,-0.68057,180,0,0,230689
0,0,0,0.5,-0.68057,180,0,0,230705
0,1,0,0.5,-0.680435,180,0,0,230722
0,0,0,0.5,-0.680435,180,0,0,230738
0,0,0,0.5,-0.680435,180,0,0,230755
0,1,0,0.5,-0.6803,180,0,0,230772
0,0,0,0.5,-0.6803,180,0,0,230788
0,1,0,0.5,-0.680165,180,0,0,230805
0,0,0,0.5,-0.680165,180,0,0,230822
0,0,0,0.5,-0.680165,180,0,0,230838
0,1,0,0.5,-0.68003,180,0,0,230855
0,0,0,0.5,-0.68003,180,0,0,230872
0,0,0,0.5,-0.68003,180,0,0,230888
0,1,0,0.5,-0.679895,180,0,0,230905
0,0,0,0.5,-0.679895,180,0,0,230922
0,1,0,0.5,-0.67976,180,0,0,230939
0,0,0,0.5,-0.67976,180,0,0,230955
0,0,0,0.5,-0.67976,180,0,0,230972
0,0,0,0.5,-0.67976,180,0,0,230988
0,1,0,0.5,-0.679625,180,0,0,231005
0,0,0,0.5,-0.679625,180,0,0,231022
0,0,0,0.5,-0.679625,180,0,0,231039
0,0,0,0.5,-0.679625,180,0,0,231055
0,0,0,0.5,-0.679625,180,0,0,231072
0,0,0,0.5,-0.679625,180,0,0,231089
0,0,0,0.5,-0.679625,180,0,0,231105
0,0,-1,0.5,-0.679625,180,0,0,231122
0,0,0,0.5,-0.679625,180,0,0,231138
0,-1,0,0.5,-0.67976,180,0,0,231155
0,0,0,0.5,-0.67976,180,0,0,231172
0,0,0,0.5,-0.67976,180,0,0,231188
0,0,0,0.5,-0.67976,180,0,0,231206
0,-1,0,0.5,-0.679895,180,0,0,231222
0,0,0,0.5,-0.679895,180,0,0,231238
0,0,0,0.5,-0.679895,180,0,0,231255
0,-1,-1,0.5,-0.68003,180,0,0,231273
0,0,0,0.5,-0.68003,180,0,0,231288
0,0,-1,0.5,-0.68003,180,0,0,231306
0,0,0,0.5,-0.68003,180,0,0,231322
0,0,0,0.5,-0.68003,180,0,0,231339
0,0,0,0.5,-0.68003,180,0,0,231355
0,-1,-1,0.5,-0.680165,180,0,0,231373
0,0,0,0.5,-0.680165,180,0,0,231388
0,0,0,0.5,-0.680165,180,0,0,231405
0,0,-1,0.5,-0.680165,180,0,0,231422
0,0,0,0.5,-0.680165,180,0,0,231438
0,-1,-1,0.5,-0.6803,180,0,0,231456
0,0,0,0.5,-0.6803,180,0,0,231472
0,0,-1,0.5,-0.6803,180,0,0,231489
0,0,0,0.5,-0.6803,180,0,0,231505
0,0,0,0.5,-0.6803,180,0,0,231522
0,0,0,0.5,-0.6803,180,0,0,231538
0,0,-1,0.5,-0.6803,180,0,0,231556
0,-1,-1,0.5,-0.680435,180,0,0,231572
0,0,0,0.5,-0.680435,180,0,0,231588
0,0,0,0.5,-0.680435,180,0,0,231605
0,-1,-1,0.5,-0.68057,180,0,0,231622
0,-1,-1,0.5,-0.680705,180,0,0,231639
0,0,0,0.5,-0.680705,180,0,0,231655
0,0,-1,0.5,-0.680705,180,0,0,231672
0,0,-1,0.5,-0.680705,180,0,0,231689
0,-1,0,0.5,-0.68084,180,0,0,231705
0,0,0,0.5,-0.68084,180,0,0,231722
0,0,-1,0.5,-0.68084,180,0,0,231739
0,-1,0,0.5,-0.680975,180,0,0,231755
0,0,-1,0.5,-0.680975,180,0,0,231772
0,0,0,0.5,-0.680975,180,0,0,231788
0,-1,-1,0.5,-0.68111,180,0,0,231806
0,0,0,0.5,-0.68111,180,0,0,231822
0,0,0,0.5,-0.68111,180,0,0,231838
0,0,-1,0.5,-0.68111,180,0,0,231855
0,0,-1,0.5,-0.68111,180,0,0,231872
0,0,0,0.5,-0.68111,180,0,0,231888
0,0,0,0.5,-0.68111,180,0,0,231905
0,-1,0,0.5,-0.681245,180,0,0,231922
0,0,-1,0.5,-0.681245,180,0,0,231939
0,0,0,0.5,-0.681245,180,0,0,231955
0,-1,-1,0.5,-0.68138,180,0,0,231972
0,0,-1,0.5,-0.68138,180,0,0,231989
0,0,0,0.5,-0.68138,180,0,0,232005
0,0,0,0.5,-0.68138,180,0,0,232022
0,0,0,0.5,-0.68138,180,0,0,232038
0,0,0,0.5,-0.68138,180,0,0,232055
0,0,0,0.5,-0.68138,180,0,0,232072
0,0,0,0.5,-0.68138,180,0,0,232090
0,-1,0,0.5,-0.681515,180,0,0,232105
0,0,0,0.5,-0.681515,180,0,0,232122
0,0,0,0.5,-0.681515,180,0,0,232139
0,-1,0,0.5,-0.68165,180,0,0,232155
0,0,0,0.5,-0.68165,180,0,0,232172
0,0,0,0.5,-0.68165,180,0,0,232188
0,0,0,0.5,-0.68165,180,0,0,232205
0,0,0,0.5,-0.68165,180,0,0,232222
0,0,0,0.5,-0.68165,180,0,0,232238
0,0,0,0.5,-0.68165,180,0,0,232255
0,0,0,0.5,-0.68165,180,0,0,232272
0,0,0,0.5,-0.68165,180,0,0,232288
0,0,0,0.5,-0.68165,180,0,0,232305
0,-1,0,0.5,-0.681785,180,0,0,232322
0,0,0,0.5,-0.681785,180,0,0,232339
0,0,0,0.5,-0.681785,180,0,0,232355
0,0,0,0.5,-0.681785,180,0,0,232372
0,1,0,0.5,-0.68165,180,0,0,232389
0,0,0,0.5,-0.68165,180,0,0,232405
0,0,0,0.5,-0.68165,180,0,0,232422
0,0,0,0.5,-0.68165,180,0,0,232439
0,0,0,0.5,-0.68165,180,0,0,232455
0,0,0,0.5,-0.68165,180,0,0,232472
0,0,0,0.5,-0.68165,180,0,0,232488
0,0,0,0.5,-0.68165,180,0,0,232505
0,0,0,0.5,-0.68165,180,0,0,232522
0,0,0,0.5,-0.68165,180,0,0,232538
0,0,0,0.5,-0.68165,180,0,0,232555
0,0,0,0.5,-0.68165,180,0,0,232572
0,0,0,0.5,-0.68165,180,0,0,232588
0,0,0,0.5,-0.68165,180,0,0,232605
0,0,0,0.5,-0.68165,180,0,0,232622
0,0,0,0.5,-0.68165,180,0,0,232638
0,0,0,0.5,-0.68165,180,0,0,232655
0,0,0,0.5,-0.68165,180,0,0,232672
0,0,0,0.5,-0.68165,180,0,0,232688
0,0,0,0.5,-0.68165,180,0,0,232705
0,0,0,0.5,-0.68165,180,0,0,232722
0,0,0,0.5,-0.68165,180,0,0,232739
0,0,0,0.5,-0.68165,180,0,0,232755
0,0,0,0.5,-0.68165,180,0,0,232772
0,0,0,0.5,-0.68165,180,0,0,232788
0,0,0,0.5,-0.68165,180,0,0,232805
0,0,0,0.5,-0.68165,180,0,0,232822
0,0,0,0.5,-0.68165,180,0,0,232838
0,0,0,0.5,-0.68165,180,0,0,232855
0,0,0,0.5,-0.68165,180,0,0,232872
0,0,0,0.5,-0.68165,180,0,0,232888
0,0,0,0.5,-0.68165,180,0,0,232905
0,0,0,0.5,-0.68165,180,0,0,232922
0,0,0,0.5,-0.68165,180,0,0,232938
0,0,0,0.5,-0.68165,180,0,0,232955
0,0,0,0.5,-0.68165,180,0,0,232972
0,-2,0,0.5,-0.68192,180,0,0,232988
0,-1,0,0.5,-0.682055,180,0,0,233005
0,-4,-1,0.5,-0.682595,180,0,0,233022
0,-4,-2,0.5,-0.683135,180,0,0,233041
0,-5,-2,0.5,-0.68381,180,0,0,233056
0,-8,-3,0.5,-0.68489,180,0,0,233073
0,-9,-3,0.5,-0.686105,180,0,0,233089
0,-13,-4,0.5,-0.68786,180,0,0,233106
0,-11,-4,0.5,-0.689345,180,0,0,233123
0,-12,-5,0.5,-0.690965,180,0,0,233143
0,-15,-7,0.5,-0.69299,180,0,0,233157
0,-17,-7,0.5,-0.695285,180,0,0,233175
0,-20,-8,0.5,-0.697985,180,0,0,233194
0,-19,-9,0.5,-0.70055,180,0,0,233209
0,-38,-15,0.5,-0.70568,180,0,0,233228
0,-17,-8,0.5,-0.707975,180,0,0,233242
0,-13,-8,0.5,-0.70973,180,0,0,233258
0,-11,-9,0.5,-0.71,180,0,0,233275
0,-8,-10,0.5,-0.71,180,0,0,233294
0,-7,-12,0.5,-0.71,180,0,0,233311
0,-7,-11,0.5,-0.71,180,0,0,233325
0,-9,-9,0.5,-0.71,180,0,0,233344
0,-7,-8,0.5,-0.71,180,0,0,233359
0,-8,-9,0.5,-0.71,180,0,0,233375
0,-7,-8,0.5,-0.71,180,0,0,233391
0,-7,-9,0.5,-0.71,180,0,0,233409
0,-8,-8,0.5,-0.71,180,0,0,233425
0,-8,-8,0.5,-0.71,180,0,0,233443
0,-8,-7,0.5,-0.71,180,0,0,233459
0,-11,-7,0.5,-0.71,180,0,0,233474
0,-15,-5,0.5,-0.71,180,0,0,233492
0,-21,-4,0.5,-0.71,180,0,0,233508
0,-22,-2,0.5,-0.71,180,0,0,233522
0,-21,0,0.5,-0.71,180,0,0,233539
0,-19,1,0.5,-0.71,180,0,0,233556
0,-36,4,0.5,-0.71,180,0,0,233573
0,-23,3,0.5,-0.71,180,0,0,233590
0,-22,4,0.5,-0.71,180,0,0,233607
0,-18,3,0.5,-0.71,180,0,0,233623
0,-17,2,0.5,-0.71,180,0,0,233640
0,-19,2,0.5,-0.71,180,0,0,233657
0,-28,3,0.5,-0.71,180,0,0,233673
0,-28,2,0.5,-0.71,180,0,0,233690
0,-27,2,0.5,-0.71,180,0,0,233707
0,-20,2,0.5,-0.71,180,0,0,233722
0,-17,2,0.5,-0.71,180,0,0,233739
0,-14,2,0.5,-0.71,180,0,0,233757
0,-8,3,0.5,-0.71,180,0,0,233773
0,0,4,0.5,-0.71,180,0,0,233790
0,9,5,0.5,-0.708785,180,0,0,233808
0,22,5,0.5,-0.705815,180,0,0,233823
0,30,5,0.5,-0.701765,180,0,0,233841
0,34,3,0.5,-0.697175,180,0,0,233858
0,34,3,0.5,-0.692585,180,0,0,233873
0,32,2,0.5,-0.688265,180,0,0,233890
0,31,2,0.5,-0.68408,180,0,0,233907
0,28,1,0.5,-0.6803,180,0,0,233922
0,30,0,0.5,-0.67625,180,0,0,233940
0,32,0,0.5,-0.67193,180,0,0,233956
0,31,0,0.5,-0.667745,180,0,0,233972
0,29,0,0.5,-0.66383,180,0,0,233988
0,44,6,0.5,-0.65789,180,0,0,234008
0,22,5,0.5,-0.65492,180,0,0,234023
0,26,7,0.5,-0.65141,180,0,0,234043
0,33,5,0.5,-0.646955,180,0,0,234057
0,40,3,0.5,-0.641555,180,0,0,234073
0,49,3,0.5,-0.63494,180,0,0,234090
0,54,5,0.5,-0.62765,180,0,0,234108
0,57,7,0.5,-0.619955,180,0,0,234125
0,54,9,0.5,-0.612665,180,0,0,234141
0,49,9,0.5,-0.60605,180,0,0,234159
0,48,9,0.5,-0.59957,180,0,0,234174
0,50,8,0.5,-0.59282,180,0,0,234198
0,52,8,0.5,-0.5858,180,0,0,234212
0,52,8,0.5,-0.57878,180,0,0,234224
0,41,8,0.5,-0.573245,180,0,0,234242
0,12,6,0.5,-0.571625,180,0,0,234258
0,-6,5,0.5,-0.572435,180,0,0,234274
0,-17,3,0.5,-0.57473,180,0,0,234290
0,-19,3,0.5,-0.577295,180,0,0,234307
0,-14,1,0.5,-0.579185,180,0,0,234323
0,-10,-1,0.5,-0.580535,180,0,0,234339
0,-6,-1,0.5,-0.581345,180,0,0,234356
0,-7,-3,0.5,-0.58229,180,0,0,234374
0,-24,-2,0.5,-0.58553,180,0,0,234390
0,-19,2,0.5,-0.588095,180,0,0,234407
0,-22,3,0.5,-0.591065,180,0,0,234424
0,-22,0,0.5,-0.594035,180,0,0,234439
0,-16,-3,0.5,-0.596195,180,0,0,234457
0,-12,-3,0.5,-0.597815,180,0,0,234473
0,-7,-1,0.5,-0.59876,180,0,0,234489
0,-3,0,0.5,-0.599165,180,0,0,234506
0,1,-1,0.5,-0.59903,180,0,0,234522
0,7,-4,0.5,-0.598085,180,0,0,234541
0,15,-7,0.5,-0.59606,180,0,0,234558
0,29,-9,0.5,-0.592145,180,0,0,234574
0,43,-9,0.5,-0.58634,180,0,0,234591
0,55,-8,0.5,-0.578915,180,0,0,234608
0,63,-8,0.5,-0.57041,180,0,0,234624
0,68,-6,0.5,-0.56123,180,0,0,234641
0,71,-7,0.5,-0.551645,180,0,0,234657
0,69,-7,0.5,-0.54233,180,0,0,234673
0,67,-6,0.5,-0.533285,180,0,0,234691
0,61,-5,0.5,-0.52505,180,0,0,234709
0,60,-4,0.5,-0.51695,180,0,0,234725
0,59,-4,0.5,-0.508985,180,0,0,234742
0,62,-4,0.5,-0.500615,180,0,0,234760
0,117,-7,0.5,-0.48482,180,0,0,234776
0,42,-2,0.5,-0.47915,180,0,0,234789
0,30,-1,0.5,-0.4751,180,0,0,234805
0,25,-1,0.5,-0.471725,180,0,0,234823
0,22,-1,0.5,-0.468755,180,0,0,234841
0,15,-2,0.5,-0.46673,180,0,0,234856
0,10,-4,0.5,-0.46538,180,0,0,234874
0,8,-5,0.5,-0.4643,180,0,0,234891
0,5,-6,0.5,-0.463625,180,0,0,234906
0,6,-6,0.5,-0.462815,180,0,0,234923
0,8,-6,0.5,-0.461735,180,0,1,234943
0,12,-5,0.5,-0.460115,180,0,1,234956
0,16,-4,0.5,-0.457955,180,0,1,234973
0,25,-4,0.5,-0.45458,180,0,1,234993
0,30,-4,0.5,-0.45053,180,0,1,235006
0,35,-3,0.5,-0.445805,180,0,1,235023
0,40,-2,0.5,-0.440405,180,0,0,235044
0,43,-2,0.5,-0.4346,180,0,0,235056
0,43,-1,0.5,-0.428795,180,0,0,235072
0,40,0,0.5,-0.423395,180,0,0,235089
0,40,0,0.5,-0.417995,180,0,0,235105
0,40,-1,0.5,-0.412595,180,0,0,235122
0,39,-2,0.5,-0.40733,180,0,0,235139
0,43,-1,0.5,-0.401525,180,0,0,235155
0,89,-3,0.5,-0.38951,180,0,0,235175
0,46,-1,0.5,-0.3833,180,0,0,235193
0,44,0,0.5,-0.37736,180,0,0,235206
0,44,-1,0.5,-0.37142,180,0,0,235222
0,43,0,0.5,-0.365615,180,0,0,235238
0,40,-3,0.5,-0.360215,180,0,0,235259
0,39,-4,0.5,-0.35495,180,0,0,235273
0,0,0,0.5,-0.35495,180,0,0,235288
0,68,-11,0.5,-0.34577,180,0,0,235308
0,31,-5,0.5,-0.341585,180,0,0,235323
0,31,-3,0.5,-0.3374,180,0,0,235339
0,37,-2,0.5,-0.332405,180,0,0,235361
0,43,-3,0.5,-0.3266,180,0,0,235375
0,52,-4,0.5,-0.31958,180,0,0,235391
0,49,-4,0.5,-0.312965,180,0,0,235408
0,47,-3,0.5,-0.30662,180,0,0,235424
0,43,0,0.5,-0.300815,180,0,0,235439
0,43,0,0.5,-0.29501,180,0,0,235455
0,42,0,0.5,-0.28934,180,0,0,235472
0,43,0,0.5,-0.283535,180,0,0,235488
0,41,0,0.5,-0.278,180,0,0,235506
0,37,0,0.5,-0.273005,180,0,0,235522
0,36,0,0.5,-0.268145,180,0,0,235538
0,37,-1,0.5,-0.26315,180,0,0,235555
0,38,-2,0.5,-0.25802,180,0,0,235572
0,91,-8,0.5,-0.245735,180,0,0,235590
0,49,-4,0.5,-0.23912,180,0,0,235608
0,54,-3,0.5,-0.23183,180,0,0,235623
0,55,0,0.5,-0.224405,180,0,0,235639
0,51,0,0.5,-0.21752,180,0,0,235656
0,44,1,0.5,-0.21158,180,0,0,235673
0,44,2,0.5,-0.20564,180,0,0,235690
0,42,0,0.5,-0.19997,180,0,0,235706
0,42,0,0.5,-0.1943,180,0,0,235723
0,45,0,0.5,-0.188225,180,0,0,235738
0,43,0,0.5,-0.18242,180,0,0,235757
0,46,0,0.5,-0.17621,180,0,0,235772
0,46,0,0.5,-0.17,180,0,0,235789
0,48,0,0.5,-0.16352,180,0,0,235805
0,42,0,0.5,-0.15785,180,0,0,235822
0,36,3,0.5,-0.15299,180,0,0,235839
0,34,3,0.5,-0.1484,180,0,0,235856
0,35,3,0.5,-0.143675,180,0,0,235873
0,37,3,0.5,-0.13868,180,0,0,235890
0,38,2,0.5,-0.13355,180,0,0,235906
0,39,3,0.5,-0.128285,180,0,0,235924
0,41,4,0.5,-0.12275,180,0,0,235941
0,42,4,0.5,-0.11708,180,0,0,235956
0,81,9,0.5,-0.106145,180,0,0,235979
0,37,5,0.5,-0.10115,180,0,0,235993
0,30,5,0.5,-0.0971,180,0,0,236008
0,31,3,0.5,-0.092915,180,0,0,236023
0,32,1,0.5,-0.088595,180,0,0,236039
0,35,0,0.5,-0.08387,180,0,0,236055
0,37,0,0.5,-0.078875,180,0,0,236072
0,38,0,0.5,-0.073745,180,0,0,236093
0,38,0,0.5,-0.068615,180,0,0,236105
0,40,1,0.5,-0.063215,180,0,0,236122
0,41,0,0.5,-0.05768,180,0,0,236138
0,42,0,0.5,-0.05201,180,0,0,236155
0,46,0,0.5,-0.0458,180,0,0,236172
0,47,0,0.5,-0.039455,180,0,0,236190
0,49,0,0.5,-0.03284,180,0,0,236205
0,50,0,0.5,-0.02609,180,0,0,236222
0,47,0,0.5,-0.019745,180,0,0,236239
0,46,0,0.5,-0.013535,180,0,0,236255
0,49,0,0.5,-0.00692,180,0,0,236272
0,46,2,0.5,-0.00071,180,0,0,236289
0,44,3,0.5,0.00523,180,0,0,236306
0,42,4,0.5,0.0109,180,0,0,236323
0,43,4,0.5,0.016705,180,0,0,236339
0,44,2,0.5,0.022645,180,0,0,236356
0,44,1,0.5,0.028585,180,0,0,236372
0,89,5,0.5,0.0406,180,0,0,236392
0,47,3,0.5,0.046945,180,0,0,236406
0,48,4,0.5,0.053425,180,0,0,236423
0,43,5,0.5,0.05923,180,0,0,236442
0,43,4,0.5,0.065035,180,0,0,236457
0,45,4,0.5,0.07111,180,0,0,236475
0,45,2,0.5,0.077185,180,0,0,236489
0,46,0,0.5,0.083395,180,0,0,236506
0,46,0,0.5,0.089605,180,0,0,236522
0,45,0,0.5,0.09568,180,0,0,236539
0,46,0,0.5,0.10189,180,0,0,236555
0,47,0,0.5,0.108235,180,0,0,236572
0,48,0,0.5,0.114715,180,0,0,236591
0,45,0,0.5,0.12079,180,0,0,236606
0,47,0,0.5,0.127135,180,0,0,236622
0,44,0,0.5,0.133075,180,0,0,236638
0,44,0,0.5,0.139015,180,0,0,236656
0,44,0,0.5,0.144955,180,0,0,236672
0,46,0,0.5,0.151165,180,0,0,236688
0,48,0,0.5,0.157645,180,0,0,236705
0,47,0,0.5,0.16399,180,0,0,236722
0,47,0,0.5,0.170335,180,0,0,236738
0,46,0,0.5,0.176545,180,0,0,236755
0,44,0,0.5,0.182485,180,0,0,236772
0,89,0,0.5,0.1945,180,0,0,236788
0,41,0,0.5,0.200035,180,0,0,236805
0,39,0,0.5,0.2053,180,0,0,236822
0,38,0,0.5,0.21043,180,0,0,236839
0,40,0,0.5,0.21583,180,0,0,236855
0,42,0,0.5,0.2215,180,0,0,236872
0,39,0,0.5,0.226765,180,0,0,236888
0,38,0,0.5,0.231895,180,0,0,236905
0,37,0,0.5,0.23689,180,0,0,236922
0,34,0,0.5,0.24148,180,0,0,236939
0,32,0,0.5,0.2458,180,0,0,236955
0,30,0,0.5,0.24985,180,0,0,236972
0,28,0,0.5,0.25363,180,0,0,236988
0,27,0,0.5,0.257275,180,0,0,237005
0,28,0,0.5,0.261055,180,0,0,237022
0,29,1,0.5,0.26497,180,0,0,237039
0,29,3,0.5,0.268885,180,0,0,237056
0,31,3,0.5,0.27307,180,0,0,237072
0,31,4,0.5,0.277255,180,0,0,237089
0,34,4,0.5,0.281845,180,0,0,237107
0,34,4,0.5,0.286435,180,0,0,237122
0,33,5,0.5,0.29089,180,0,0,237142
0,33,5,0.5,0.295345,180,0,0,237157
0,34,5,0.5,0.299935,180,0,0,237173
0,61,4,0.5,0.30817,180,0,0,237191
0,30,5,0.5,0.31222,180,0,0,237207
0,31,2,0.5,0.316405,180,0,0,237222
0,33,2,0.5,0.32086,180,0,0,237240
0,33,1,0.5,0.325315,180,0,0,237255
0,37,3,0.5,0.33031,180,0,0,237273
0,37,4,0.5,0.335305,180,0,0,237290
0,37,3,0.5,0.3403,180,0,0,237306
0,37,4,0.5,0.345295,180,0,0,237323
0,33,4,0.5,0.34975,180,0,0,237342
0,30,4,0.5,0.3538,180,0,0,237357
0,25,4,0.5,0.357175,180,0,0,237373
0,22,4,0.5,0.360145,180,0,0,237390
0,22,3,0.5,0.363115,180,0,0,237406
0,23,0,0.5,0.36622,180,0,0,237422
0,24,0,0.5,0.36946,180,0,0,237439
0,26,0,0.5,0.37297,180,0,0,237455
0,28,0,0.5,0.37675,180,0,0,237473
0,28,0,0.5,0.38053,180,0,0,237489
0,33,0,0.5,0.384985,180,0,0,237506
0,37,0,0.5,0.38998,180,0,0,237522
0,40,0,0.5,0.39538,180,0,0,237538
0,43,0,0.5,0.401185,180,0,0,237555
0,44,0,0.5,0.407125,180,0,0,237572
0,45,0,0.5,0.4132,180,0,0,237588
0,97,0,0.5,0.426295,180,0,0,237605
0,54,0,0.5,0.433585,180,0,0,237622
0,55,0,0.5,0.44101,180,0,0,237639
0,58,2,0.5,0.44884,180,0,0,237656
0,57,3,0.5,0.456535,180,0,0,237674
0,56,5,0.5,0.464095,180,0,0,237691
0,56,5,0.5,0.471655,180,0,0,237709
0,52,6,0.5,0.478675,180,0,0,237727
0,51,6,0.5,0.48556,180,0,0,237742
0,47,3,0.5,0.491905,180,0,0,237756
0,45,2,0.5,0.49798,180,0,0,237775
0,44,1,0.5,0.50392,180,0,0,237789
0,43,3,0.5,0.509725,180,0,0,237806
0,42,3,0.5,0.515395,180,0,0,237824
0,45,4,0.5,0.52147,180,0,0,237841
0,46,5,0.5,0.52768,180,0,0,237856
0,45,6,0.5,0.533755,180,0,0,237874
0,44,6,0.5,0.539695,180,0,0,237890
0,30,5,0.5,0.543745,180,0,0,237906
0,27,3,0.5,0.54739,180,0,0,237923
0,23,4,0.5,0.550495,180,0,0,237941
0,20,3,0.5,0.553195,180,0,0,237957
0,16,1,0.5,0.555355,180,0,0,237975
0,14,0,0.5,0.557245,180,0,0,237989
0,28,0,0.5,0.561025,180,0,0,238005
0,13,2,0.5,0.56278,180,0,0,238023
0,13,2,0.5,0.564535,180,0,0,238040
0,16,2,0.5,0.566695,180,0,0,238055
0,15,3,0.5,0.56872,180,0,0,238077
0,17,3,0.5,0.571015,180,0,0,238091
0,16,3,0.5,0.573175,180,0,0,238106
0,14,3,0.5,0.575065,180,0,0,238123
0,15,3,0.5,0.57709,180,0,0,238141
0,11,3,0.5,0.578575,180,0,0,238156
0,10,2,0.5,0.579925,180,0,0,238172
0,6,2,0.5,0.580735,180,0,0,238189
0,4,2,0.5,0.581275,180,0,0,238206
0,3,2,0.5,0.58168,180,0,0,238225
0,0,2,0.5,0.58168,180,0,0,238240
0,0,1,0.5,0.58168,180,0,0,238256
0,-1,1,0.5,0.581545,180,0,0,238273
0,-2,1,0.5,0.581275,180,0,0,238289
0,-2,1,0.5,0.581005,180,0,0,238306
0,-1,1,0.5,0.58087,180,0,0,238326
0,-1,1,0.5,0.580735,180,0,0,238339
0,-2,1,0.5,0.580465,180,0,0,238358
0,-1,0,0.5,0.58033,180,0,0,238374
0,0,1,0.5,0.58033,180,0,0,238390
0,4,0,0.5,0.58087,180,0,0,238405
0,4,0,0.5,0.58141,180,0,0,238422
0,4,0,0.5,0.58195,180,0,0,238439
0,6,0,0.5,0.58276,180,0,0,238455
0,6,0,0.5,0.58357,180,0,0,238472
0,7,0,0.5,0.584515,180,0,0,238488
0,8,-1,0.5,0.585595,180,0,0,238505
0,11,-1,0.5,0.58708,180,0,0,238522
0,12,-1,0.5,0.5887,180,0,0,238540
0,11,-1,0.5,0.590185,180,0,0,238556
0,10,-1,0.5,0.591535,180,0,0,238572
0,10,-1,0.5,0.592885,180,0,0,238589
0,12,0,0.5,0.594505,180,0,0,238605
0,14,0,0.5,0.596395,180,0,0,238622
0,19,1,0.5,0.59896,180,0,0,238639
0,23,0,0.5,0.602065,180,0,0,238655
0,27,0,0.5,0.60571,180,0,0,238672
0,32,-3,0.5,0.61003,180,0,0,238689
0,36,-4,0.5,0.61489,180,0,0,238706
0,41,-5,0.5,0.620425,180,0,0,238724
0,44,-4,0.5,0.626365,180,0,0,238742
0,45,-3,0.5,0.63244,180,0,0,238756
0,42,-1,0.5,0.63811,180,0,0,238772
0,35,-1,0.5,0.642835,180,0,0,238789
0,52,-5,0.5,0.649855,180,0,0,238806
0,27,-3,0.5,0.6535,180,0,0,238825
0,27,-3,0.5,0.657145,180,0,0,238840
0,33,-1,0.5,0.6616,180,0,0,238855
0,39,0,0.5,0.666865,180,0,0,238872
0,46,-2,0.5,0.673075,180,0,0,238889
0,51,-3,0.5,0.67996,180,0,0,238907
0,51,-3,0.5,0.686845,180,0,0,238923
0,52,-5,0.5,0.693865,180,0,0,238945
0,53,-6,0.5,0.70102,180,0,0,238957
0,48,-7,0.5,0.7075,180,0,0,238976
0,47,-6,0.5,0.71,180,0,0,238992
