0,54,33,0.5,-0.70271,180,0,0,224580
0,10,9,0.5,-0.70136,180,0,0,224593
0,5,9,0.5,-0.700685,180,0,0,224603
0,0,0,0.5,-0.700685,180,0,0,224612
0,3,9,0.5,-0.70028,180,0,0,224628
0,1,11,0.5,-0.700145,180,0,0,224645
0,0,11,0.5,-0.700145,180,0,0,224660
0,0,11,0.5,-0.700145,180,0,0,224676
0,2,11,0.5,-0.699875,180,0,0,224696
0,4,10,0.5,-0.699335,180,0,0,224712
0,5,9,0.5,-0.69866,180,0,0,224727
0,7,9,0.5,-0.697715,180,0,0,224743
0,9,9,0.5,-0.6965,180,0,0,224760
0,9,8,0.5,-0.695285,180,0,0,224775
0,23,16,0.5,-0.69218,180,0,0,224801
0,12,8,0.5,-0.69056,180,0,0,224813
0,11,7,0.5,-0.689075,180,0,0,224828
0,10,8,0.5,-0.687725,180,0,0,224843
0,8,7,0.5,-0.686645,180,0,0,224859
0,6,7,0.5,-0.685835,180,0,0,224875
0,4,7,0.5,-0.685295,180,0,0,224894
0,3,6,0.5,-0.68489,180,0,0,224909
0,1,6,0.5,-0.684755,180,0,0,224926
0,3,7,0.5,-0.68435,180,0,0,224945
0,3,7,0.5,-0.683945,180,0,0,224965
0,4,8,0.5,-0.683405,180,0,0,224977
0,4,9,0.5,-0.682865,180,0,0,224993
0,4,10,0.5,-0.682325,180,0,0,225014
0,4,9,0.5,-0.681785,180,0,0,225025
0,7,10,0.5,-0.68084,180,0,0,225043
0,7,9,0.5,-0.679895,180,0,0,225058
0,9,8,0.5,-0.67868,180,0,0,225077
0,11,8,0.5,-0.677195,180,0,0,225095
0,12,7,0.5,-0.675575,180,0,0,225116
0,15,7,0.5,-0.67355,180,0,0,225132
0,16,7,0.5,-0.67139,180,0,0,225144
0,16,7,0.5,-0.66923,180,0,0,225159
0,17,7,0.5,-0.666935,180,0,0,225176
0,39,16,0.5,-0.66167,180,0,0,225202
0,19,8,0.5,-0.659105,180,0,0,225214
0,21,8,0.5,-0.65627,180,0,0,225228
0,20,7,0.5,-0.65357,180,0,0,225242
0,18,6,0.5,-0.65114,180,0,0,225259
0,17,5,0.5,-0.648845,180,0,0,225277
0,15,4,0.5,-0.64682,180,0,0,225294
0,12,3,0.5,-0.6452,180,0,0,225308
0,12,2,0.5,-0.64358,180,0,0,225324
0,7,1,0.5,-0.642635,180,0,0,225341
0,5,2,0.5,-0.64196,180,0,0,225358
0,2,3,0.5,-0.64169,180,0,0,225375
0,3,5,0.5,-0.641285,180,0,0,225394
0,3,7,0.5,-0.64088,180,0,0,225410
0,7,9,0.5,-0.639935,180,0,0,225426
0,10,10,0.5,-0.638585,180,0,0,225444
0,10,11,0.5,-0.637235,180,0,0,225462
0,13,12,0.5,-0.63548,180,0,0,225479
0,14,13,0.5,-0.63359,180,0,0,225495
0,15,15,0.5,-0.631565,180,0,0,225512
0,17,14,0.5,-0.62927,180,0,0,225527
0,18,14,0.5,-0.62684,180,0,0,225545
0,21,14,0.5,-0.624005,180,0,0,225562
0,23,14,0.5,-0.6209,180,0,0,225580
0,23,14,0.5,-0.617795,180,0,0,225595
0,48,27,0.5,-0.611315,180,0,0,225616
0,22,12,0.5,-0.608345,180,0,0,225627
0,22,13,0.5,-0.605375,180,0,0,225644
0,20,12,0.5,-0.602675,180,0,0,225662
0,20,11,0.5,-0.599975,180,0,0,225680
0,18,9,0.5,-0.597545,180,0,0,225694
0,18,9,0.5,-0.595115,180,0,0,225709
0,16,9,0.5,-0.592955,180,0,0,225726
0,14,10,0.5,-0.591065,180,0,0,225745
0,10,10,0.5,-0.589715,180,0,0,225763
0,6,10,0.5,-0.588905,180,0,0,225777
0,4,10,0.5,-0.588365,180,0,0,225793
0,1,11,0.5,-0.58823,180,0,0,225814
0,0,10,0.5,-0.58823,180,0,0,225826
0,0,10,0.5,-0.58823,180,0,0,225844
0,1,10,0.5,-0.588095,180,0,0,225864
0,4,9,0.5,-0.587555,180,0,0,225878
0,5,10,0.5,-0.58688,180,0,0,225893
0,8,10,0.5,-0.5858,180,0,0,225910
0,10,10,0.5,-0.58445,180,0,0,225927
0,13,10,0.5,-0.582695,180,0,0,225943
0,14,9,0.5,-0.580805,180,0,0,225965
0,32,18,0.5,-0.576485,180,0,0,225986
0,18,8,0.5,-0.574055,180,0,0,226001
0,18,7,0.5,-0.571625,180,0,0,226009
0,18,7,0.5,-0.569195,180,0,0,226026
0,19,7,0.5,-0.56663,180,0,0,226042
0,22,8,0.5,-0.56366,180,0,0,226059
0,24,8,0.5,-0.56042,180,0,0,226076
0,25,10,0.5,-0.557045,180,0,0,226095
0,26,11,0.5,-0.553535,180,0,0,226112
0,24,12,0.5,-0.550295,180,0,0,226131
0,27,14,0.5,-0.54665,180,0,0,226147
0,25,14,0.5,-0.543275,180,0,0,226160
0,24,15,0.5,-0.540035,180,0,0,226179
0,20,13,0.5,-0.537335,180,0,0,226194
0,17,13,0.5,-0.53504,180,0,0,226210
0,18,11,0.5,-0.53261,180,0,0,226229
0,21,11,0.5,-0.529775,180,0,0,226253
0,49,24,0.5,-0.52316,180,0,0,226272
0,26,12,0.5,-0.51965,180,0,0,226296
0,26,11,0.5,-0.51614,180,0,0,226308
0,25,11,0.5,-0.512765,180,0,0,226321
0,24,10,0.5,-0.509525,180,0,0,226331
0,0,0,0.5,-0.509525,180,0,0,226340
0,23,11,0.5,-0.50642,180,0,0,226365
0,22,12,0.5,-0.50345,180,0,0,226378
0,18,13,0.5,-0.50102,180,0,0,226393
0,31,28,0.5,-0.496835,180,0,0,226414
0,14,14,0.5,-0.494945,180,0,0,226429
0,14,14,0.5,-0.493055,180,0,0,226446
0,14,13,0.5,-0.491165,180,0,0,226461
0,17,12,0.5,-0.48887,180,0,0,226483
0,20,11,0.5,-0.48617,180,0,0,226494
0,20,11,0.5,-0.48347,180,0,0,226510
0,24,11,0.5,-0.48023,180,0,0,226526
0,22,11,0.5,-0.47726,180,0,0,226544
0,26,12,0.5,-0.47375,180,0,0,226562
0,26,12,0.5,-0.47024,180,0,0,226577
0,26,10,0.5,-0.46673,180,0,0,226594
0,27,11,0.5,-0.463085,180,0,0,226611
0,27,10,0.5,-0.45944,180,0,0,226627
0,26,11,0.5,-0.45593,180,0,0,226647
0,23,12,0.5,-0.452825,180,0,0,226662
0,23,13,0.5,-0.44972,180,0,0,226676
0,20,14,0.5,-0.44702,180,0,0,226693
0,19,14,0.5,-0.444455,180,0,0,226710
0,18,14,0.5,-0.442025,180,0,0,226729
0,17,14,0.5,-0.43973,180,0,0,226746
0,32,26,0.5,-0.43541,180,0,0,226774
0,17,11,0.5,-0.433115,180,0,0,226796
0,20,11,0.5,-0.430415,180,0,0,226807
0,19,10,0.5,-0.42785,180,0,0,226818
0,19,10,0.5,-0.425285,180,0,0,226829
0,18,11,0.5,-0.422855,180,0,0,226842
0,14,10,0.5,-0.420965,180,0,0,226861
0,14,10,0.5,-0.419075,180,0,0,226878
0,13,9,0.5,-0.41732,180,0,0,226894
0,11,7,0.5,-0.415835,180,0,0,226909
0,10,7,0.5,-0.414485,180,0,0,226925
0,8,7,0.5,-0.413405,180,0,0,226942
0,7,7,0.5,-0.41246,180,0,0,226960
0,6,7,0.5,-0.41165,180,0,0,226975
0,8,8,0.5,-0.41057,180,0,0,226993
0,7,7,0.5,-0.409625,180,0,0,227015
0,13,13,0.5,-0.40787,180,0,0,227036
0,6,10,0.5,-0.40706,180,0,0,227058
0,8,10,0.5,-0.40598,180,0,0,227076
0,18,25,0.5,-0.40355,180,0,0,227116
0,7,13,0.5,-0.402605,180,0,0,227129
0,8,13,0.5,-0.401525,180,0,0,227141
0,7,12,0.5,-0.40058,180,0,0,227157
0,7,11,0.5,-0.399635,180,0,0,227168
0,9,10,0.5,-0.39842,180,0,0,227179
0,0,0,0.5,-0.39842,180,0,0,227193
0,22,19,0.5,-0.39545,180,0,0,227215
0,9,9,0.5,-0.394235,180,0,0,227228
0,9,8,0.5,-0.39302,180,0,0,227247
0,7,7,0.5,-0.392075,180,0,0,227261
0,4,6,0.5,-0.391535,180,0,0,227283
0,2,6,0.5,-0.391265,180,0,0,227297
0,1,6,0.5,-0.39113,180,0,0,227313
0,0,8,0.5,-0.39113,180,0,0,227328
0,0,9,0.5,-0.39113,180,0,0,227346
0,0,9,0.5,-0.39113,180,0,0,227362
0,0,10,0.5,-0.39113,180,0,0,227380
0,0,10,0.5,-0.39113,180,0,0,227395
0,2,10,0.5,-0.39086,180,0,0,227412
0,4,9,0.5,-0.39032,180,0,0,227428
0,4,8,0.5,-0.38978,180,0,0,227445
0,6,8,0.5,-0.38897,180,0,0,227465
0,6,7,0.5,-0.38816,180,0,0,227483
0,7,7,0.5,-0.387215,180,0,0,227498
0,8,7,0.5,-0.386135,180,0,0,227512
0,11,7,0.5,-0.38465,180,0,0,227528
0,26,14,0.5,-0.38114,180,0,0,227546
0,17,13,0.5,-0.378845,180,0,0,227565
0,18,10,0.5,-0.376415,180,0,0,227580
0,20,12,0.5,-0.373715,180,0,0,227598
0,22,11,0.5,-0.370745,180,0,0,227613
0,23,12,0.5,-0.36764,180,0,0,227629
0,24,11,0.5,-0.3644,180,0,0,227647
0,23,11,0.5,-0.361295,180,0,0,227663
0,23,11,0.5,-0.35819,180,0,0,227680
0,20,10,0.5,-0.35549,180,0,0,227699
0,19,10,0.5,-0.352925,180,0,0,227712
0,16,10,0.5,-0.350765,180,0,0,227737
0,15,9,0.5,-0.34874,180,0,0,227754
0,28,18,0.5,-0.34496,180,0,0,227772
0,15,10,0.5,-0.342935,180,0,0,227785
0,0,1,0.5,-0.342935,180,0,0,227793
0,13,12,0.5,-0.34118,180,0,0,227815
0,13,13,0.5,-0.339425,180,0,0,227840
0,21,26,0.5,-0.33659,180,0,0,227854
0,10,19,0.5,-0.33524,180,0,0,227874
0,10,16,0.5,-0.33389,180,0,0,227889
0,9,16,0.5,-0.332675,180,0,0,227902
0,0,0,0.5,-0.332675,180,0,0,227910
0,9,16,0.5,-0.33146,180,0,0,227930
0,16,28,0.5,-0.3293,180,0,0,227955
0,10,13,0.5,-0.32795,180,0,0,227965
0,11,12,0.5,-0.326465,180,0,0,227979
0,12,11,0.5,-0.324845,180,0,0,227996
0,13,11,0.5,-0.32309,180,0,0,228012
0,14,10,0.5,-0.3212,180,0,0,228029
0,13,8,0.5,-0.319445,180,0,0,228045
0,13,8,0.5,-0.31769,180,0,0,228061
0,15,8,0.5,-0.315665,180,0,0,228080
0,16,8,0.5,-0.313505,180,0,0,228096
0,19,9,0.5,-0.31094,180,0,0,228113
0,22,10,0.5,-0.30797,180,0,0,228130
0,20,11,0.5,-0.30527,180,0,0,228149
0,21,12,0.5,-0.302435,180,0,0,228163
0,19,14,0.5,-0.29987,180,0,0,228182
0,18,14,0.5,-0.29744,180,0,0,228197
0,17,14,0.5,-0.295145,180,0,0,228214
0,18,14,0.5,-0.292715,180,0,0,228233
0,18,13,0.5,-0.290285,180,0,0,228248
0,20,12,0.5,-0.287585,180,0,0,228267
0,21,13,0.5,-0.28475,180,0,0,228281
0,45,26,0.5,-0.278675,180,0,0,228306
0,24,12,0.5,-0.275435,180,0,0,228321
0,22,11,0.5,-0.272465,180,0,0,228333
0,21,10,0.5,-0.26963,180,0,0,228347
0,20,9,0.5,-0.26693,180,0,0,228363
0,19,9,0.5,-0.264365,180,0,0,228378
0,18,10,0.5,-0.261935,180,0,0,228395
0,15,11,0.5,-0.25991,180,0,0,228428
0,14,13,0.5,-0.25802,180,0,0,228443
0,13,15,0.5,-0.256265,180,0,0,228463
0,26,30,0.5,-0.252755,180,0,0,228483
0,16,15,0.5,-0.250595,180,0,0,228503
0,19,15,0.5,-0.24803,180,1,0,228522
0,23,14,0.5,-0.244925,180,1,0,228536
0,24,13,0.5,-0.241685,180,1,0,228550
0,27,12,0.5,-0.23804,180,0,0,228561
0,30,12,0.5,-0.23399,180,0,0,228573
0,0,0,0.5,-0.23399,180,0,0,228583
0,31,12,0.5,-0.229805,180,0,0,228601
0,31,11,0.5,-0.22562,180,0,0,228617
0,29,10,0.5,-0.221705,180,0,0,228635
0,53,18,0.5,-0.21455,180,0,0,228661
0,22,10,0.5,-0.21158,180,0,0,228678
0,17,11,0.5,-0.209285,180,0,0,228691
0,11,11,0.5,-0.2078,180,0,0,228702
0,7,10,0.5,-0.206855,180,0,0,228716
0,2,9,0.5,-0.206585,180,0,0,228736
0,1,8,0.5,-0.20645,180,0,0,228751
0,-1,7,0.5,-0.206585,180,0,0,228776
0,-1,6,0.5,-0.20672,180,0,0,228786
0,0,5,0.5,-0.20672,180,0,0,228800
0,2,4,0.5,-0.20645,180,0,31,228816
0,5,3,0.5,-0.205775,180,0,31,228831
0,9,3,0.5,-0.20456,180,0,0,228860
0,21,8,0.5,-0.201725,180,0,0,228885
0,8,5,0.5,-0.200645,180,0,0,228893
0,0,0,0.5,-0.200645,180,0,0,228902
0,5,5,0.5,-0.19997,180,0,0,228917
0,2,5,0.5,-0.1997,180,0,0,228935
0,0,6,0.5,-0.1997,180,0,0,228950
0,0,6,0.5,-0.1997,180,0,0,228965
0,2,6,0.5,-0.19943,180,0,0,228982
0,2,7,0.5,-0.19916,180,0,0,229001
0,4,6,0.5,-0.19862,180,0,0,229017
0,4,6,0.5,-0.19808,180,0,0,229033
0,12,13,0.5,-0.19646,180,0,0,229050
0,9,7,0.5,-0.195245,180,0,0,229065
0,9,7,0.5,-0.19403,180,0,0,229089
0,11,8,0.5,-0.192545,180,0,0,229105
0,13,10,0.5,-0.19079,180,0,0,229123
0,16,11,0.5,-0.18863,180,0,0,229135
0,17,11,0.5,-0.186335,180,0,0,229154
0,20,11,0.5,-0.183635,180,0,0,229167
0,21,11,0.5,-0.1808,180,0,0,229183
0,21,11,0.5,-0.177965,180,0,0,229200
0,23,10,0.5,-0.17486,180,0,0,229216
0,25,10,0.5,-0.171485,180,0,0,229233
0,27,10,0.5,-0.16784,180,0,0,229252
0,28,9,0.5,-0.16406,180,0,0,229276
0,28,8,0.5,-0.16028,180,0,0,229284
0,27,8,0.5,-0.156635,180,0,0,229304
0,24,8,0.5,-0.153395,180,0,0,229317
0,20,7,0.5,-0.150695,180,0,0,229335
0,21,7,0.5,-0.14786,180,0,0,229350
0,18,7,0.5,-0.14543,180,0,0,229366
0,18,9,0.5,-0.143,180,0,0,229385
0,18,11,0.5,-0.14057,180,0,0,229402
0,17,12,0.5,-0.138275,180,0,0,229419
0,32,19,0.5,-0.133955,180,0,0,229442
0,0,6,0.5,-0.133955,180,0,0,229452
0,37,27,0.5,-0.12896,180,0,0,229477
0,20,14,0.5,-0.12626,180,0,0,229492
0,20,14,0.5,-0.12356,180,0,0,229507
0,21,13,0.5,-0.120725,180,0,0,229521
0,21,12,0.5,-0.11789,180,0,0,229535
0,23,12,0.5,-0.114785,180,0,0,229552
0,24,12,0.5,-0.111545,180,0,0,229567
0,25,12,0.5,-0.10817,180,0,0,229584
0,26,12,0.5,-0.10466,180,0,0,229602
0,25,11,0.5,-0.101285,180,0,0,229617
0,22,9,0.5,-0.098315,180,0,0,229640
0,23,9,0.5,-0.09521,180,0,0,229649
0,20,9,0.5,-0.09251,180,0,0,229669
0,19,10,0.5,-0.089945,180,0,0,229683
0,17,11,0.5,-0.08765,180,0,0,229703
0,13,12,0.5,-0.085895,180,0,0,229721
0,11,12,0.5,-0.08441,180,0,0,229737
0,11,13,0.5,-0.082925,180,0,0,229754
0,9,14,0.5,-0.08171,180,0,0,229771
0,8,14,0.5,-0.08063,180,0,0,229787
0,9,13,0.5,-0.079415,180,0,0,229806
0,10,12,0.5,-0.078065,180,0,0,229818
0,12,11,0.5,-0.076445,180,0,0,229834
0,30,21,0.5,-0.072395,180,0,0,229852
0,17,10,0.5,-0.0701,180,0,0,229873
0,20,12,0.5,-0.0674,180,0,0,229892
0,20,11,0.5,-0.0647,180,0,0,229908
0,21,11,0.5,-0.061865,180,0,0,229919
0,20,10,0.5,-0.059165,180,0,0,229936
0,20,10,0.5,-0.056465,180,0,0,229952
0,20,9,0.5,-0.053765,180,0,0,229968
0,20,10,0.5,-0.051065,180,0,0,229984
0,19,11,0.5,-0.0485,180,0,0,230003
0,16,12,0.5,-0.04634,180,0,0,230018
0,14,13,0.5,-0.04445,180,0,0,230034
0,12,14,0.5,-0.04283,180,0,0,230054
0,22,30,0.5,-0.03986,180,0,0,230080
0,13,14,0.5,-0.038105,180,0,0,230095
0,0,0,0.5,-0.038105,180,0,0,230101
0,16,13,0.5,-0.035945,180,0,0,230125
0,41,23,0.5,-0.03041,180,0,0,230158
0,26,11,0.5,-0.0269,180,0,0,230170
0,27,12,0.5,-0.023255,180,0,0,230184
0,28,12,0.5,-0.019475,180,0,0,230199
0,29,13,0.5,-0.01556,180,0,0,230213
0,29,11,0.5,-0.011645,180,0,0,230226
0,28,10,0.5,-0.007865,180,0,0,230239
0,28,10,0.5,-0.004085,180,0,0,230255
0,23,11,0.5,-0.00098,180,0,0,230273
0,20,13,0.5,0.00172,180,0,0,230288
0,21,14,0.5,0.004555,180,0,0,230305
0,18,14,0.5,0.006985,180,0,0,230322
0,18,15,0.5,0.009415,180,0,0,230340
0,16,15,0.5,0.011575,180,0,0,230356
0,17,14,0.5,0.01387,180,0,0,230377
0,17,13,0.5,0.016165,180,0,0,230387
0,19,13,0.5,0.01873,180,0,0,230403
0,20,12,0.5,0.02143,180,0,0,230423
0,21,11,0.5,0.024265,180,0,0,230445
0,23,11,0.5,0.02737,180,0,0,230455
0,25,12,0.5,0.030745,180,0,0,230475
0,24,11,0.5,0.033985,180,0,0,230485
0,24,12,0.5,0.037225,180,0,0,230506
0,24,10,0.5,0.040465,180,0,0,230520
0,23,10,0.5,0.04357,180,0,0,230538
0,22,9,0.5,0.04654,180,0,0,230559
0,20,9,0.5,0.04924,180,0,0,230570
0,31,22,0.5,0.053425,180,0,0,230590
0,12,4,0.5,0.055045,180,0,0,230601
0,11,20,0.5,0.05653,180,0,0,230626
0,12,14,0.5,0.05815,180,0,0,230639
0,13,14,0.5,0.059905,180,0,0,230657
0,15,15,0.5,0.06193,180,0,0,230678
0,16,14,0.5,0.06409,180,0,0,230693
0,16,13,0.5,0.06625,180,0,0,230708
0,16,12,0.5,0.06841,180,0,0,230722
0,18,10,0.5,0.07084,180,0,0,230736
0,19,11,0.5,0.073405,180,0,0,230753
0,19,10,0.5,0.07597,180,0,0,230769
0,21,10,0.5,0.078805,180,0,0,230788
0,22,10,0.5,0.081775,180,0,0,230806
0,22,10,0.5,0.084745,180,0,0,230821
0,22,9,0.5,0.087715,180,0,0,230835
0,22,9,0.5,0.090685,180,0,0,230852
0,20,8,0.5,0.093385,180,0,0,230868
0,20,10,0.5,0.096085,180,0,0,230887
0,19,11,0.5,0.09865,180,0,0,230905
0,14,12,0.5,0.10054,180,0,0,230926
0,15,13,0.5,0.102565,180,0,0,230942
0,14,15,0.5,0.104455,180,0,0,230954
0,14,17,0.5,0.106345,180,0,0,230971
0,33,16,0.5,0.1108,180,0,0,230988
0,19,16,0.5,0.113365,180,0,0,231010
0,22,26,0.5,0.116335,180,0,0,231029
0,23,11,0.5,0.11944,180,0,0,231042
0,26,12,0.5,0.12295,180,0,0,231053
0,25,11,0.5,0.126325,180,0,0,231071
0,28,11,0.5,0.130105,180,0,0,231088
0,29,12,0.5,0.13402,180,0,0,231107
0,30,10,0.5,0.13807,180,0,0,231119
0,30,10,0.5,0.14212,180,0,0,231136
0,30,9,0.5,0.14617,180,0,0,231153
0,25,9,0.5,0.149545,180,0,0,231172
0,23,10,0.5,0.15265,180,0,0,231186
0,24,13,0.5,0.15589,180,0,0,231207
0,22,13,0.5,0.15886,180,0,0,231221
0,25,15,0.5,0.162235,180,0,0,231239
0,27,16,0.5,0.16588,180,0,0,231257
0,27,15,0.5,0.169525,180,0,0,231273
0,26,15,0.5,0.173035,180,0,0,231286
0,23,13,0.5,0.17614,180,0,0,231305
0,22,12,0.5,0.17911,180,0,0,231321
0,27,12,0.5,0.182755,180,0,0,231337
0,28,12,0.5,0.186535,180,0,0,231355
0,30,11,0.5,0.190585,180,0,0,231372
0,60,19,0.5,0.198685,180,0,0,231387
0,28,12,0.5,0.202465,180,0,0,231405
0,26,11,0.5,0.205975,180,0,0,231420
0,24,13,0.5,0.209215,180,0,0,231438
0,21,13,0.5,0.21205,180,0,0,231455
0,21,14,0.5,0.214885,180,0,0,231472
0,21,16,0.5,0.21772,180,0,0,231489
0,21,15,0.5,0.220555,180,0,0,231506
0,21,15,0.5,0.22339,180,0,0,231523
0,21,14,0.5,0.226225,180,0,0,231539
0,23,13,0.5,0.22933,180,0,0,231555
0,21,11,0.5,0.232165,180,0,0,231572
0,21,11,0.5,0.235,180,0,0,231588
0,23,11,0.5,0.238105,180,0,0,231603
0,23,10,0.5,0.24121,180,0,0,231620
0,23,11,0.5,0.244315,180,0,0,231636
0,25,10,0.5,0.24769,180,0,0,231657
0,25,10,0.5,0.251065,180,0,0,231671
0,25,10,0.5,0.25444,180,0,0,231688
0,24,9,0.5,0.25768,180,0,0,231704
0,23,10,0.5,0.260785,180,0,0,231722
0,21,11,0.5,0.26362,180,0,0,231739
0,20,13,0.5,0.26632,180,0,0,231760
0,38,29,0.5,0.27145,180,0,0,231783
0,18,15,0.5,0.27388,180,0,0,231799
0,16,15,0.5,0.27604,180,0,0,231812
0,13,15,0.5,0.277795,180,0,0,231824
0,12,13,0.5,0.279415,180,0,0,231837
0,11,11,0.5,0.2809,180,0,0,231854
0,11,10,0.5,0.282385,180,0,0,231873
0,13,10,0.5,0.28414,180,0,0,231888
0,16,9,0.5,0.2863,180,0,0,231903
0,14,9,0.5,0.28819,180,0,0,231922
0,15,8,0.5,0.290215,180,0,0,231936
0,14,7,0.5,0.292105,180,0,0,231952
0,14,7,0.5,0.293995,180,0,0,231972
0,14,6,0.5,0.295885,180,0,0,231986
0,14,7,0.5,0.297775,180,0,0,232004
0,15,7,0.5,0.2998,180,0,0,232021
0,15,8,0.5,0.301825,180,0,0,232035
0,16,10,0.5,0.303985,180,0,0,232055
0,14,10,0.5,0.305875,180,0,0,232072
0,13,12,0.5,0.30763,180,0,0,232089
0,12,12,0.5,0.30925,180,0,0,232105
0,11,13,0.5,0.310735,180,0,0,232124
0,12,15,0.5,0.312355,180,0,0,232140
0,14,15,0.5,0.314245,180,0,0,232155
0,17,14,0.5,0.31654,180,0,0,232170
0,42,28,0.5,0.32221,180,0,0,232197
0,25,12,0.5,0.325585,180,0,0,232209
0,26,11,0.5,0.329095,180,0,0,232222
0,28,12,0.5,0.332875,180,0,0,232241
0,26,5,0.5,0.336385,180,0,0,232256
0,28,18,0.5,0.340165,180,0,0,232274
0,26,9,0.5,0.343675,180,0,0,232287
0,25,8,0.5,0.34705,180,0,0,232309
0,24,9,0.5,0.35029,180,0,0,232320
0,21,9,0.5,0.353125,180,0,0,232340
0,19,11,0.5,0.35569,180,0,0,232353
0,17,13,0.5,0.357985,180,0,0,232378
0,15,13,0.5,0.36001,180,0,0,232389
0,15,14,0.5,0.362035,180,0,0,232406
0,14,15,0.5,0.363925,180,0,0,232420
0,15,15,0.5,0.36595,180,0,0,232437
0,16,15,0.5,0.36811,180,0,0,232455
0,15,13,0.5,0.370135,180,0,0,232470
0,18,12,0.5,0.372565,180,0,0,232488
0,19,10,0.5,0.37513,180,0,0,232504
0,21,10,0.5,0.377965,180,0,0,232523
0,22,9,0.5,0.380935,180,0,0,232538
0,20,8,0.5,0.383635,180,0,0,232553
0,21,9,0.5,0.38647,180,0,0,232569
0,46,8,0.5,0.39268,180,0,0,232586
0,0,9,0.5,0.39268,180,0,0,232601
0,48,16,0.5,0.39916,180,0,0,232625
0,24,8,0.5,0.4024,180,0,0,232636
0,22,8,0.5,0.40537,180,0,0,232658
0,23,9,0.5,0.408475,180,0,0,232671
0,15,9,0.5,0.4105,180,0,0,232686
0,15,10,0.5,0.412525,180,0,0,232702
0,12,9,0.5,0.414145,180,0,0,232723
0,13,9,0.5,0.4159,180,0,0,232740
0,16,10,0.5,0.41806,180,0,0,232755
0,18,10,0.5,0.42049,180,0,0,232770
0,20,9,0.5,0.42319,180,0,0,232787
0,22,9,0.5,0.42616,180,0,0,232802
0,22,8,0.5,0.42913,180,0,0,232820
0,23,8,0.5,0.432235,180,0,0,232835
0,21,6,0.5,0.43507,180,0,0,232853
0,16,6,0.5,0.43723,180,0,0,232871
0,17,6,0.5,0.439525,180,0,0,232885
0,15,6,0.5,0.44155,180,0,0,232903
0,15,7,0.5,0.443575,180,0,0,232919
0,15,7,0.5,0.4456,180,0,0,232935
0,28,13,0.5,0.44938,180,0,0,232960
0,15,7,0.5,0.451405,180,0,0,232975
0,0,0,0.5,0.451405,180,0,0,232983
0,28,6,0.5,0.455185,180,0,0,233003
0,17,15,0.5,0.45748,180,0,0,233021
0,19,7,0.5,0.460045,180,0,0,233035
0,18,14,0.5,0.462475,180,0,0,233061
0,18,12,0.5,0.464905,180,0,0,233075
0,19,13,0.5,0.46747,180,0,0,233086
0,17,14,0.5,0.469765,180,0,0,233105
0,20,16,0.5,0.472465,180,0,0,233124
0,21,15,0.5,0.4753,180,0,0,233140
0,22,14,0.5,0.47827,180,0,0,233166
0,25,14,0.5,0.481645,180,0,0,233178
0,27,12,0.5,0.48529,180,0,0,233188
0,25,11,0.5,0.488665,180,0,0,233204
0,30,11,0.5,0.492715,180,0,0,233220
0,31,11,0.5,0.4969,180,0,0,233237
0,30,11,0.5,0.50095,180,0,0,233252
0,31,9,0.5,0.505135,180,0,0,233269
0,30,9,0.5,0.509185,180,0,0,233290
0,28,7,0.5,0.512965,180,0,0,233302
0,25,8,0.5,0.51634,180,0,0,233319
0,23,10,0.5,0.519445,180,0,0,233339
0,20,12,0.5,0.522145,180,0,0,233354
0,19,12,0.5,0.52471,180,0,0,233370
0,18,12,0.5,0.52714,180,0,0,233386
0,18,13,0.5,0.52957,180,0,0,233404
0,36,18,0.5,0.53443,180,0,0,233429
0,20,21,0.5,0.53713,180,0,0,233442
0,20,11,0.5,0.53983,180,0,0,233455
0,23,10,0.5,0.542935,180,0,0,233470
0,22,8,0.5,0.545905,180,0,0,233487
0,24,9,0.5,0.549145,180,0,0,233505
0,22,8,0.5,0.552115,180,0,0,233521
0,24,9,0.5,0.555355,180,0,0,233536
0,25,9,0.5,0.55873,180,0,0,233556
0,25,9,0.5,0.562105,180,0,0,233572
0,25,8,0.5,0.56548,180,0,0,233587
0,24,8,0.5,0.56872,180,0,0,233604
0,24,9,0.5,0.57196,180,0,0,233620
0,23,11,0.5,0.575065,180,0,0,233636
0,20,12,0.5,0.577765,180,0,0,233658
0,18,14,0.5,0.580195,180,0,0,233673
0,18,14,0.5,0.582625,180,0,0,233689
0,17,14,0.5,0.58492,180,0,0,233708
0,14,14,0.5,0.58681,180,0,0,233725
0,14,14,0.5,0.5887,180,0,0,233739
0,12,12,0.5,0.59032,180,0,0,233759
0,23,20,0.5,0.593425,180,0,0,233782
0,14,9,0.5,0.595315,180,0,0,233793
0,16,0,0.5,0.597475,180,0,0,233800
0,18,16,0.5,0.599905,180,0,0,233822
0,19,8,0.5,0.60247,180,0,0,233839
0,19,8,0.5,0.605035,180,0,0,233854
0,21,8,0.5,0.60787,180,0,0,233870
0,19,7,0.5,0.610435,180,0,0,233889
0,20,7,0.5,0.613135,180,0,0,233903
0,19,7,0.5,0.6157,180,0,0,233922
0,22,8,0.5,0.61867,180,0,0,233935
0,24,8,0.5,0.62191,180,0,0,233955
0,23,10,0.5,0.625015,180,0,0,233969
0,24,12,0.5,0.628255,180,0,0,233988
0,22,13,0.5,0.631225,180,0,0,234009
0,21,13,0.5,0.63406,180,0,0,234022
0,20,13,0.5,0.63676,180,0,0,234040
0,21,14,0.5,0.639595,180,0,0,234053
0,19,14,0.5,0.64216,180,0,0,234074
0,19,14,0.5,0.644725,180,0,0,234090
0,19,13,0.5,0.64729,180,0,0,234107
0,18,12,0.5,0.64972,180,0,0,234123
0,19,10,0.5,0.652285,180,0,0,234137
0,17,9,0.5,0.65458,180,0,0,234153
0,17,9,0.5,0.656875,180,0,0,234169
0,14,8,0.5,0.658765,180,0,0,234194
0,29,16,0.5,0.66268,180,0,0,234208
0,14,7,0.5,0.66457,180,0,0,234222
0,14,8,0.5,0.66646,180,0,0,234236
0,15,8,0.5,0.668485,180,0,0,234252
0,15,8,0.5,0.67051,180,0,0,234269
0,15,7,0.5,0.672535,180,0,0,234287
0,16,7,0.5,0.674695,180,0,0,234303
0,16,9,0.5,0.676855,180,0,0,234320
0,18,10,0.5,0.679285,180,0,0,234336
0,14,10,0.5,0.681175,180,0,0,234353
0,14,11,0.5,0.683065,180,0,0,234370
0,11,12,0.5,0.68455,180,0,0,234391
0,10,12,0.5,0.6859,180,0,0,234405
0,8,13,0.5,0.68698,180,0,0,234421
0,9,13,0.5,0.688195,180,0,0,234437
0,11,12,0.5,0.68968,180,0,0,234453
0,12,12,0.5,0.6913,180,0,0,234472
0,13,11,0.5,0.693055,180,0,0,234490
0,12,11,0.5,0.694675,180,0,0,234508
0,19,20,0.5,0.69724,180,0,0,234532
0,10,9,0.5,0.69859,180,0,0,234543
0,0,0,0.5,0.69859,180,0,0,234550
0,11,9,0.5,0.700075,180,0,0,234573
0,27,10,0.5,0.70372,180,0,0,234586
0,15,11,0.5,0.705745,180,0,0,234612
0,14,6,0.5,0.707635,180,0,0,234626
0,15,5,0.5,0.70966,180,0,0,234638
0,15,6,0.5,0.71,180,0,0,234652
