0,45,23,0.5,-0.703925,180,0,0,158071
0,20,13,0.5,-0.701225,180,0,0,158089
0,20,13,0.5,-0.698525,180,0,0,158106
0,17,13,0.5,-0.69623,180,0,0,158119
0,15,14,0.5,-0.694205,180,0,0,158134
0,15,15,0.5,-0.69218,180,0,0,158151
0,15,14,0.5,-0.690155,180,0,0,158165
0,17,13,0.5,-0.68786,180,0,0,158177
0,17,11,0.5,-0.685565,180,0,0,158190
0,18,11,0.5,-0.683135,180,0,0,158207
0,21,11,0.5,-0.6803,180,0,0,158226
0,20,11,0.5,-0.6776,180,0,0,158241
0,21,11,0.5,-0.674765,180,0,0,158254
0,23,12,0.5,-0.67166,180,0,0,158273
0,24,12,0.5,-0.66842,180,0,0,158290
0,24,10,0.5,-0.66518,180,0,0,158305
0,26,10,0.5,-0.66167,180,0,0,158323
0,26,10,0.5,-0.65816,180,0,0,158342
0,27,11,0.5,-0.654515,180,0,0,158356
0,27,12,0.5,-0.65087,180,0,0,158373
0,27,14,0.5,-0.647225,180,0,0,158392
0,25,14,0.5,-0.64385,180,0,0,158406
0,23,14,0.5,-0.640745,180,0,0,158422
0,18,15,0.5,-0.638315,180,0,0,158441
0,20,15,0.5,-0.635615,180,0,0,158459
0,34,27,0.5,-0.631025,180,0,0,158479
0,16,12,0.5,-0.628865,180,0,0,158495
0,15,11,0.5,-0.62684,180,0,0,158511
0,16,10,0.5,-0.62468,180,0,0,158521
0,17,9,0.5,-0.622385,180,0,0,158541
0,16,9,0.5,-0.620225,180,0,0,158557
0,16,9,0.5,-0.618065,180,0,0,158576
0,16,9,0.5,-0.615905,180,0,0,158587
0,19,9,0.5,-0.61334,180,0,0,158604
0,17,8,0.5,-0.611045,180,0,0,158622
0,17,8,0.5,-0.60875,180,0,0,158639
0,19,8,0.5,-0.606185,180,0,0,158655
0,20,9,0.5,-0.603485,180,0,0,158677
0,23,10,0.5,-0.60038,180,0,0,158689
0,23,11,0.5,-0.597275,180,0,0,158710
0,22,12,0.5,-0.594305,180,0,0,158723
0,21,12,0.5,-0.59147,180,0,0,158743
0,19,13,0.5,-0.588905,180,0,0,158758
0,18,14,0.5,-0.586475,180,0,0,158774
0,17,14,0.5,-0.58418,180,0,0,158790
0,16,14,0.5,-0.58202,180,0,0,158810
0,16,13,0.5,-0.57986,180,0,0,158824
0,17,13,0.5,-0.577565,180,0,0,158839
0,24,16,0.5,-0.574325,180,0,0,158861
0,6,13,0.5,-0.573515,180,0,0,158874
0,3,8,0.5,-0.57311,180,0,0,158890
0,3,7,0.5,-0.572705,180,0,0,158907
0,1,5,0.5,-0.57257,180,0,0,158923
0,1,4,0.5,-0.572435,180,0,0,158940
0,1,4,0.5,-0.5723,180,0,0,158954
0,2,4,0.5,-0.57203,180,0,0,158971
0,1,4,0.5,-0.571895,180,0,0,158987
0,1,3,0.5,-0.57176,180,0,0,159004
0,3,3,0.5,-0.571355,180,0,0,159023
0,3,4,0.5,-0.57095,180,0,31,159042
0,5,4,0.5,-0.570275,180,0,31,159054
0,7,4,0.5,-0.56933,180,0,0,159074
0,10,5,0.5,-0.56798,180,0,0,159093
0,9,5,0.5,-0.566765,180,0,0,159107
0,9,5,0.5,-0.56555,180,0,0,159124
0,9,6,0.5,-0.564335,180,0,0,159143
0,10,6,0.5,-0.562985,180,0,0,159157
0,12,6,0.5,-0.561365,180,0,0,159171
0,13,6,0.5,-0.55961,180,0,0,159188
0,14,6,0.5,-0.55772,180,0,0,159206
0,28,6,0.5,-0.55394,180,0,31,159227
0,14,9,0.5,-0.55205,180,0,31,159244
0,13,4,0.5,-0.550295,180,0,31,159255
0,10,4,0.5,-0.548945,180,0,31,159272
0,10,4,0.5,-0.547595,180,0,0,159288
0,7,3,0.5,-0.54665,180,0,0,159304
0,6,3,0.5,-0.54584,180,0,0,159325
0,3,3,0.5,-0.545435,180,0,0,159338
0,1,3,0.5,-0.5453,180,0,31,159353
0,-1,3,0.5,-0.545435,180,0,31,159373
0,-2,4,0.5,-0.545705,180,0,0,159391
0,-1,4,0.5,-0.54584,180,0,0,159406
0,0,5,0.5,-0.54584,180,0,0,159423
0,1,5,0.5,-0.545705,180,0,0,159440
0,3,5,0.5,-0.5453,180,0,0,159455
0,3,5,0.5,-0.544895,180,0,0,159472
0,5,6,0.5,-0.54422,180,0,0,159488
0,5,6,0.5,-0.543545,180,0,0,159507
0,4,6,0.5,-0.543005,180,0,0,159524
0,6,6,0.5,-0.542195,180,0,0,159539
0,7,6,0.5,-0.54125,180,0,0,159555
0,8,6,0.5,-0.54017,180,0,0,159575
0,15,12,0.5,-0.538145,180,0,0,159595
0,0,0,0.5,-0.538145,180,0,0,159606
0,8,6,0.5,-0.537065,180,0,0,159622
0,17,13,0.5,-0.53477,180,0,0,159645
0,7,6,0.5,-0.533825,180,0,0,159659
0,7,6,0.5,-0.53288,180,0,0,159674
0,7,7,0.5,-0.531935,180,0,0,159694
0,9,7,0.5,-0.53072,180,0,0,159707
0,11,8,0.5,-0.529235,180,0,0,159725
0,14,8,0.5,-0.527345,180,0,0,159740
0,16,9,0.5,-0.525185,180,0,0,159756
0,19,9,0.5,-0.52262,180,0,0,159777
0,22,10,0.5,-0.51965,180,0,0,159793
0,22,10,0.5,-0.51668,180,0,0,159806
0,25,9,0.5,-0.513305,180,0,0,159828
0,25,9,0.5,-0.50993,180,0,0,159844
0,25,9,0.5,-0.506555,180,0,0,159859
0,25,8,0.5,-0.50318,180,0,0,159875
0,25,8,0.5,-0.499805,180,0,0,159890
0,24,8,0.5,-0.496565,180,0,0,159916
0,47,14,0.5,-0.49022,180,0,0,159939
0,0,0,0.5,-0.49022,180,0,0,159945
0,23,6,0.5,-0.487115,180,0,0,159956
0,23,5,0.5,-0.48401,180,0,0,159975
0,20,5,0.5,-0.48131,180,0,0,159989
0,17,7,0.5,-0.479015,180,0,0,160006
0,27,17,0.5,-0.47537,180,0,0,160027
0,11,10,0.5,-0.473885,180,0,0,160044
0,8,10,0.5,-0.472805,180,0,0,160063
0,7,10,0.5,-0.47186,180,0,0,160078
0,5,10,0.5,-0.471185,180,0,0,160095
0,4,10,0.5,-0.470645,180,0,0,160110
0,3,10,0.5,-0.47024,180,0,0,160126
0,4,9,0.5,-0.4697,180,0,0,160144
0,7,8,0.5,-0.468755,180,0,0,160160
0,12,8,0.5,-0.467135,180,0,0,160174
0,15,8,0.5,-0.46511,180,0,0,160191
0,18,8,0.5,-0.46268,180,0,0,160207
0,20,7,0.5,-0.45998,180,0,0,160224
0,22,7,0.5,-0.45701,180,0,0,160249
0,25,7,0.5,-0.453635,180,0,0,160262
0,26,7,0.5,-0.450125,180,0,0,160274
0,26,7,0.5,-0.446615,180,0,0,160292
0,26,7,0.5,-0.443105,180,0,0,160311
0,23,5,0.5,-0.44,180,0,0,160326
0,24,6,0.5,-0.43676,180,0,0,160343
0,19,6,0.5,-0.434195,180,0,0,160359
0,30,16,0.5,-0.430145,180,0,0,160378
0,10,5,0.5,-0.428795,180,0,0,160392
0,9,4,0.5,-0.42758,180,0,0,160406
0,8,20,0.5,-0.4265,180,0,0,160433
0,5,11,0.5,-0.425825,180,0,0,160460
0,3,10,0.5,-0.42542,180,0,0,160473
0,5,10,0.5,-0.424745,180,0,0,160488
0,7,10,0.5,-0.4238,180,0,0,160502
0,10,9,0.5,-0.42245,180,0,0,160513
0,16,8,0.5,-0.42029,180,0,0,160527
0,18,7,0.5,-0.41786,180,0,0,160550
0,21,7,0.5,-0.415025,180,0,0,160561
0,24,7,0.5,-0.411785,180,0,0,160574
0,24,8,0.5,-0.408545,180,0,0,160597
0,26,9,0.5,-0.405035,180,0,0,160612
0,24,8,0.5,-0.401795,180,0,0,160625
0,23,8,0.5,-0.39869,180,0,0,160643
0,16,6,0.5,-0.39653,180,0,0,160659
0,12,4,0.5,-0.39491,180,0,0,160674
0,9,3,0.5,-0.393695,180,0,0,160693
0,7,4,0.5,-0.39275,180,0,0,160707
0,6,6,0.5,-0.39194,180,0,0,160731
0,0,0,0.5,-0.39194,180,0,0,160740
0,10,7,0.5,-0.39059,180,0,0,160764
0,0,0,0.5,-0.39059,180,0,0,160773
0,21,6,0.5,-0.387755,180,0,0,160792
0,12,3,0.5,-0.386135,180,0,0,160809
0,13,3,0.5,-0.38438,180,0,0,160823
0,14,4,0.5,-0.38249,180,0,0,160844
0,16,4,0.5,-0.38033,180,0,0,160857
0,17,5,0.5,-0.378035,180,0,0,160876
0,22,6,0.5,-0.375065,180,0,0,160897
0,23,6,0.5,-0.37196,180,0,0,160911
0,22,7,0.5,-0.36899,180,0,0,160926
0,21,6,0.5,-0.366155,180,0,0,160943
0,19,7,0.5,-0.36359,180,0,0,160964
0,18,5,0.5,-0.36116,180,0,0,160977
0,18,6,0.5,-0.35873,180,0,0,160994
0,20,5,0.5,-0.35603,180,0,0,161009
0,19,5,0.5,-0.353465,180,0,0,161027
0,21,5,0.5,-0.35063,180,0,0,161044
0,23,6,0.5,-0.347525,180,0,0,161060
0,23,6,0.5,-0.34442,180,0,0,161075
0,24,7,0.5,-0.34118,180,0,0,161094
0,25,6,0.5,-0.337805,180,0,0,161110
0,24,5,0.5,-0.334565,180,0,0,161125
0,23,6,0.5,-0.33146,180,0,0,161142
0,44,16,0.5,-0.32552,180,0,0,161162
0,0,0,0.5,-0.32552,180,0,0,161173
0,33,11,0.5,-0.321065,180,0,0,161193
0,14,23,0.5,-0.319175,180,0,0,161213
0,12,13,0.5,-0.317555,180,0,0,161230
0,11,12,0.5,-0.31607,180,0,0,161248
0,10,12,0.5,-0.31472,180,0,0,161264
0,12,11,0.5,-0.3131,180,0,0,161282
0,15,10,0.5,-0.311075,180,0,0,161297
0,17,9,0.5,-0.30878,180,0,0,161313
0,20,9,0.5,-0.30608,180,0,0,161330
0,24,9,0.5,-0.30284,180,0,0,161343
0,25,10,0.5,-0.299465,180,0,0,161365
0,30,11,0.5,-0.295415,180,0,0,161380
0,29,10,0.5,-0.2915,180,0,0,161394
0,31,9,0.5,-0.287315,180,0,0,161416
0,27,8,0.5,-0.28367,180,0,0,161429
0,26,8,0.5,-0.28016,180,0,0,161442
0,24,8,0.5,-0.27692,180,0,0,161461
0,20,9,0.5,-0.27422,180,0,0,161480
0,36,22,0.5,-0.26936,180,0,0,161502
0,14,0,0.5,-0.26747,180,0,0,161510
0,0,11,0.5,-0.26747,180,0,0,161533
0,28,22,0.5,-0.26369,180,0,0,161551
0,15,1,0.5,-0.261665,180,0,0,161559
0,18,17,0.5,-0.259235,180,0,0,161579
0,22,8,0.5,-0.256265,180,0,0,161594
0,25,7,0.5,-0.25289,180,0,0,161611
0,27,8,0.5,-0.249245,180,1,0,161626
0,28,8,0.5,-0.245465,180,1,0,161645
0,30,10,0.5,-0.241415,180,1,0,161667
0,30,10,0.5,-0.237365,180,0,0,161680
0,29,9,0.5,-0.23345,180,0,0,161698
0,28,7,0.5,-0.22967,180,0,0,161711
0,26,7,0.5,-0.22616,180,0,0,161726
0,24,7,0.5,-0.22292,180,0,0,161746
0,18,7,0.5,-0.22049,180,0,0,161763
0,12,7,0.5,-0.21887,180,0,0,161777
0,6,5,0.5,-0.21806,180,0,0,161793
0,3,4,0.5,-0.217655,180,0,0,161809
0,0,3,0.5,-0.217655,180,0,0,161830
0,-1,2,0.5,-0.21779,180,0,0,161846
0,0,1,0.5,-0.21779,180,0,0,161859
0,0,1,0.5,-0.21779,180,0,0,161878
0,8,2,0.5,-0.21671,180,0,0,161896
0,3,1,0.5,-0.216305,180,0,31,161909
0,5,1,0.5,-0.21563,180,0,31,161925
0,6,2,0.5,-0.21482,180,0,0,161944
0,5,2,0.5,-0.214145,180,0,0,161960
0,4,3,0.5,-0.213605,180,0,0,161978
0,3,3,0.5,-0.2132,180,0,0,161995
0,3,3,0.5,-0.212795,180,0,0,162010
0,5,4,0.5,-0.21212,180,0,0,162030
0,8,4,0.5,-0.21104,180,0,0,162045
0,10,4,0.5,-0.20969,180,0,0,162065
0,11,5,0.5,-0.208205,180,0,0,162079
0,11,6,0.5,-0.20672,180,0,0,162098
0,10,6,0.5,-0.20537,180,0,0,162111
0,8,6,0.5,-0.20429,180,0,0,162128
0,3,5,0.5,-0.203885,180,0,0,162143
0,0,5,0.5,-0.203885,180,0,0,162163
0,0,5,0.5,-0.203885,180,0,0,162184
0,0,5,0.5,-0.203885,180,0,0,162196
0,0,5,0.5,-0.203885,180,0,0,162211
0,1,6,0.5,-0.20375,180,0,0,162227
0,2,6,0.5,-0.20348,180,0,0,162244
0,2,7,0.5,-0.20321,180,0,0,162262
0,3,7,0.5,-0.202805,180,0,0,162278
0,4,7,0.5,-0.202265,180,0,0,162297
0,14,13,0.5,-0.200375,180,0,0,162316
0,10,6,0.5,-0.199025,180,0,0,162329
0,11,6,0.5,-0.19754,180,0,0,162345
0,12,7,0.5,-0.19592,180,0,0,162362
0,11,6,0.5,-0.194435,180,0,0,162381
0,13,7,0.5,-0.19268,180,0,0,162398
0,15,8,0.5,-0.190655,180,0,0,162411
0,15,7,0.5,-0.18863,180,0,0,162429
0,17,7,0.5,-0.186335,180,0,0,162447
0,19,7,0.5,-0.18377,180,0,0,162463
0,20,6,0.5,-0.18107,180,0,0,162477
0,21,6,0.5,-0.178235,180,0,0,162494
0,22,6,0.5,-0.175265,180,0,0,162512
0,23,6,0.5,-0.17216,180,0,0,162535
0,23,7,0.5,-0.169055,180,0,0,162547
0,21,9,0.5,-0.16622,180,0,0,162564
0,20,10,0.5,-0.16352,180,0,0,162578
0,18,11,0.5,-0.16109,180,0,0,162597
0,17,11,0.5,-0.158795,180,0,0,162614
0,14,12,0.5,-0.156905,180,0,0,162630
0,28,23,0.5,-0.153125,180,0,0,162650
0,14,10,0.5,-0.151235,180,0,0,162667
0,20,9,0.5,-0.148535,180,0,0,162681
0,0,0,0.5,-0.148535,180,0,0,162693
0,43,17,0.5,-0.14273,180,0,0,162721
0,22,8,0.5,-0.13976,180,0,0,162734
0,22,8,0.5,-0.13679,180,0,0,162746
0,24,9,0.5,-0.13355,180,0,0,162763
0,25,8,0.5,-0.130175,180,0,0,162781
0,27,8,0.5,-0.12653,180,0,0,162800
0,27,8,0.5,-0.122885,180,0,0,162813
0,25,7,0.5,-0.11951,180,0,0,162839
0,24,8,0.5,-0.11627,180,0,0,162846
0,20,9,0.5,-0.11357,180,0,0,162863
0,18,11,0.5,-0.11114,180,0,0,162881
0,17,11,0.5,-0.108845,180,0,0,162902
0,15,12,0.5,-0.10682,180,0,0,162914
0,14,13,0.5,-0.10493,180,0,0,162931
0,13,12,0.5,-0.103175,180,0,0,162949
0,12,12,0.5,-0.101555,180,0,0,162964
0,14,10,0.5,-0.099665,180,0,0,162983
0,17,9,0.5,-0.09737,180,0,0,163001
0,19,7,0.5,-0.094805,180,0,0,163013
0,44,14,0.5,-0.088865,180,0,0,163038
0,21,6,0.5,-0.08603,180,0,0,163048
0,24,7,0.5,-0.08279,180,0,0,163063
0,25,8,0.5,-0.079415,180,0,0,163081
0,28,8,0.5,-0.075635,180,0,0,163100
0,28,8,0.5,-0.071855,180,0,0,163115
0,29,8,0.5,-0.06794,180,0,0,163131
0,25,6,0.5,-0.064565,180,0,0,163153
0,25,7,0.5,-0.06119,180,0,0,163165
0,20,8,0.5,-0.05849,180,0,0,163182
0,17,8,0.5,-0.056195,180,0,0,163196
0,14,10,0.5,-0.054305,180,0,0,163213
0,14,10,0.5,-0.052415,180,0,0,163233
0,11,11,0.5,-0.05093,180,0,0,163251
0,10,11,0.5,-0.04958,180,0,0,163265
0,10,12,0.5,-0.04823,180,0,0,163284
0,10,11,0.5,-0.04688,180,0,0,163301
0,11,11,0.5,-0.045395,180,0,0,163315
0,13,9,0.5,-0.04364,180,0,0,163331
0,17,8,0.5,-0.041345,180,0,0,163351
0,20,7,0.5,-0.038645,180,0,0,163366
0,24,7,0.5,-0.035405,180,0,0,163382
0,24,7,0.5,-0.032165,180,0,0,163398
0,47,9,0.5,-0.02582,180,0,0,163415
0,25,13,0.5,-0.022445,180,0,0,163435
0,24,8,0.5,-0.019205,180,0,0,163453
0,27,8,0.5,-0.01556,180,0,0,163469
0,27,8,0.5,-0.011915,180,0,0,163483
0,26,7,0.5,-0.008405,180,0,0,163500
0,27,7,0.5,-0.00476,180,0,0,163515
0,23,6,0.5,-0.001655,180,0,0,163533
0,21,8,0.5,0.00118,180,0,0,163553
0,19,8,0.5,0.003745,180,0,0,163564
0,17,9,0.5,0.00604,180,0,0,163581
0,15,9,0.5,0.008065,180,0,0,163598
0,14,9,0.5,0.009955,180,0,0,163615
0,12,10,0.5,0.011575,180,0,0,163634
0,10,11,0.5,0.012925,180,0,0,163650
0,9,10,0.5,0.01414,180,0,0,163665
0,9,10,0.5,0.015355,180,0,0,163683
0,11,9,0.5,0.01684,180,0,0,163698
0,13,7,0.5,0.018595,180,0,0,163717
0,18,7,0.5,0.021025,180,0,0,163734
0,20,7,0.5,0.023725,180,0,0,163748
0,22,7,0.5,0.026695,180,0,0,163766
0,26,8,0.5,0.030205,180,0,0,163783
0,54,8,0.5,0.037495,180,0,0,163801
0,27,14,0.5,0.04114,180,0,0,163823
0,29,8,0.5,0.045055,180,0,0,163835
0,27,8,0.5,0.0487,180,0,0,163849
0,24,7,0.5,0.05194,180,0,0,163866
0,24,8,0.5,0.05518,180,0,0,163884
0,20,9,0.5,0.05788,180,0,0,163902
0,18,10,0.5,0.06031,180,0,0,163917
0,14,10,0.5,0.0622,180,0,0,163933
0,12,11,0.5,0.06382,180,0,0,163949
0,10,11,0.5,0.06517,180,0,0,163966
0,9,11,0.5,0.066385,180,0,0,163982
0,9,12,0.5,0.0676,180,0,0,164002
0,10,11,0.5,0.06895,180,0,0,164022
0,12,10,0.5,0.07057,180,0,0,164039
0,15,9,0.5,0.072595,180,0,0,164047
0,19,8,0.5,0.07516,180,0,0,164069
0,21,8,0.5,0.077995,180,0,0,164085
0,25,8,0.5,0.08137,180,0,0,164101
0,28,8,0.5,0.08515,180,0,0,164114
0,62,18,0.5,0.09352,180,0,0,164138
0,33,10,0.5,0.097975,180,0,0,164153
0,32,9,0.5,0.102295,180,0,0,164169
0,0,0,0.5,0.102295,180,0,0,164179
0,31,8,0.5,0.10648,180,0,0,164198
0,56,16,0.5,0.11404,180,0,0,164219
0,25,11,0.5,0.117415,180,0,0,164235
0,22,12,0.5,0.120385,180,0,0,164250
0,22,12,0.5,0.123355,180,0,0,164270
0,20,11,0.5,0.126055,180,0,0,164290
0,18,12,0.5,0.128485,180,0,0,164310
0,18,12,0.5,0.130915,180,0,0,164325
0,18,11,0.5,0.133345,180,0,0,164342
0,20,10,0.5,0.136045,180,0,0,164353
0,23,8,0.5,0.13915,180,0,0,164367
0,26,8,0.5,0.14266,180,0,0,164382
0,30,9,0.5,0.14671,180,0,0,164402
0,30,9,0.5,0.15076,180,0,0,164418
0,28,9,0.5,0.15454,180,0,0,164433
0,23,7,0.5,0.157645,180,0,0,164450
0,17,6,0.5,0.15994,180,0,0,164466
0,30,10,0.5,0.16399,180,0,0,164491
0,0,0,0.5,0.16399,180,0,0,164496
0,12,4,0.5,0.16561,180,0,0,164514
0,12,5,0.5,0.16723,180,0,0,164533
0,28,10,0.5,0.17101,180,0,0,164552
0,0,0,0.5,0.17101,180,0,0,164564
0,14,6,0.5,0.1729,180,0,0,164582
0,28,15,0.5,0.17668,180,0,0,164600
0,15,7,0.5,0.178705,180,0,0,164616
0,14,8,0.5,0.180595,180,0,0,164634
0,14,9,0.5,0.182485,180,0,0,164654
0,15,10,0.5,0.18451,180,0,0,164669
0,15,9,0.5,0.186535,180,0,0,164683
0,15,8,0.5,0.18856,180,0,0,164703
0,17,7,0.5,0.190855,180,0,0,164718
0,19,8,0.5,0.19342,180,0,0,164734
0,21,8,0.5,0.196255,180,0,0,164752
0,23,8,0.5,0.19936,180,0,0,164770
0,24,8,0.5,0.2026,180,0,0,164782
0,29,9,0.5,0.206515,180,0,0,164804
0,26,8,0.5,0.210025,180,0,0,164820
0,27,7,0.5,0.21367,180,0,0,164832
0,25,7,0.5,0.217045,180,0,0,164849
0,22,7,0.5,0.220015,180,0,0,164865
0,21,8,0.5,0.22285,180,0,0,164882
0,17,10,0.5,0.225145,180,0,0,164900
0,15,10,0.5,0.22717,180,0,0,164917
0,11,10,0.5,0.228655,180,0,0,164934
0,23,22,0.5,0.23176,180,0,0,164956
0,12,11,0.5,0.23338,180,0,0,164972
0,14,10,0.5,0.23527,180,0,0,164984
0,19,9,0.5,0.237835,180,0,0,165004
0,23,9,0.5,0.24094,180,0,0,165021
0,25,7,0.5,0.244315,180,0,0,165036
0,29,8,0.5,0.24823,180,0,0,165051
0,30,9,0.5,0.25228,180,0,0,165067
0,32,9,0.5,0.2566,180,0,0,165088
0,33,9,0.5,0.261055,180,0,0,165104
0,33,10,0.5,0.26551,180,0,0,165121
0,33,8,0.5,0.269965,180,0,0,165134
0,31,8,0.5,0.27415,180,0,0,165151
0,30,9,0.5,0.2782,180,0,0,165168
0,26,9,0.5,0.28171,180,0,0,165186
0,26,12,0.5,0.28522,180,0,0,165205
0,24,13,0.5,0.28846,180,0,0,165218
0,24,13,0.5,0.2917,180,0,0,165241
0,24,13,0.5,0.29494,180,0,0,165255
0,23,13,0.5,0.298045,180,0,0,165269
0,23,12,0.5,0.30115,180,0,0,165285
0,27,11,0.5,0.304795,180,0,0,165302
0,29,10,0.5,0.30871,180,0,0,165318
0,61,20,0.5,0.316945,180,0,0,165337
0,0,0,0.5,0.316945,180,0,0,165349
0,32,11,0.5,0.321265,180,0,0,165369
0,62,19,0.5,0.329635,180,0,0,165388
0,28,9,0.5,0.333415,180,0,0,165402
0,25,8,0.5,0.33679,180,0,0,165420
0,22,9,0.5,0.33976,180,0,0,165435
0,19,10,0.5,0.342325,180,0,0,165456
0,17,11,0.5,0.34462,180,0,0,165468
0,14,11,0.5,0.34651,180,0,0,165485
0,13,11,0.5,0.348265,180,0,0,165503
0,10,11,0.5,0.349615,180,0,0,165520
0,10,11,0.5,0.350965,180,0,0,165542
0,10,10,0.5,0.352315,180,0,0,165553
0,13,9,0.5,0.35407,180,0,0,165567
0,15,8,0.5,0.356095,180,0,0,165584
0,18,8,0.5,0.358525,180,0,0,165603
0,21,7,0.5,0.36136,180,0,0,165619
0,20,7,0.5,0.36406,180,0,0,165636
0,23,7,0.5,0.367165,180,0,0,165650
0,23,8,0.5,0.37027,180,0,0,165667
0,48,17,0.5,0.37675,180,0,0,165689
0,0,0,0.5,0.37675,180,0,0,165701
0,23,7,0.5,0.379855,180,0,0,165718
0,40,12,0.5,0.385255,180,0,0,165740
0,17,7,0.5,0.38755,180,0,0,165754
0,15,7,0.5,0.389575,180,0,0,165770
0,11,8,0.5,0.39106,180,0,0,165786
0,6,8,0.5,0.39187,180,0,0,165803
0,6,8,0.5,0.39268,180,0,0,165825
0,3,8,0.5,0.393085,180,0,0,165836
0,2,8,0.5,0.393355,180,0,0,165854
0,3,8,0.5,0.39376,180,0,0,165871
0,4,7,0.5,0.3943,180,0,0,165886
0,9,8,0.5,0.395515,180,0,0,165903
0,12,7,0.5,0.397135,180,0,0,165919
0,15,7,0.5,0.39916,180,0,0,165936
0,20,7,0.5,0.40186,180,0,0,165951
0,21,7,0.5,0.404695,180,0,0,165968
0,45,16,0.5,0.41077,180,0,0,165999
0,23,8,0.5,0.413875,180,0,0,166014
0,24,9,0.5,0.417115,180,0,0,166025
0,0,0,0.5,0.417115,180,0,0,166033
0,27,9,0.5,0.42076,180,0,0,166053
0,51,18,0.5,0.427645,180,0,0,166075
0,26,9,0.5,0.431155,180,0,0,166093
0,26,8,0.5,0.434665,180,0,0,166104
0,25,0,0.5,0.43804,180,0,0,166116
0,25,18,0.5,0.441415,180,0,0,166142
0,22,10,0.5,0.444385,180,0,0,166158
0,21,12,0.5,0.44722,180,0,0,166175
0,21,12,0.5,0.450055,180,0,0,166190
0,21,13,0.5,0.45289,180,0,0,166204
0,21,13,0.5,0.455725,180,0,0,166222
0,21,13,0.5,0.45856,180,0,0,166238
0,18,11,0.5,0.46099,180,0,0,166254
0,21,11,0.5,0.463825,180,0,0,166280
0,21,10,0.5,0.46666,180,0,0,166287
0,22,9,0.5,0.46963,180,0,0,166302
0,24,9,0.5,0.47287,180,0,0,166325
0,27,10,0.5,0.476515,180,0,0,166338
0,27,10,0.5,0.48016,180,0,0,166358
0,27,10,0.5,0.483805,180,0,0,166373
0,28,9,0.5,0.487585,180,0,0,166393
0,51,15,0.5,0.49447,180,0,0,166417
0,25,8,0.5,0.497845,180,0,0,166423
0,0,0,0.5,0.497845,180,0,0,166434
0,22,9,0.5,0.500815,180,0,0,166457
0,43,22,0.5,0.50662,180,0,0,166478
0,20,11,0.5,0.50932,180,0,0,166488
0,23,12,0.5,0.512425,180,0,0,166505
0,23,12,0.5,0.51553,180,0,0,166522
0,23,12,0.5,0.518635,180,0,0,166540
0,25,10,0.5,0.52201,180,0,0,166554
0,25,9,0.5,0.525385,180,0,0,166575
0,28,9,0.5,0.529165,180,0,0,166591
0,26,7,0.5,0.532675,180,0,0,166604
0,26,7,0.5,0.536185,180,0,0,166624
0,25,8,0.5,0.53956,180,0,0,166638
0,26,7,0.5,0.54307,180,0,0,166654
0,27,7,0.5,0.546715,180,0,0,166674
0,23,7,0.5,0.54982,180,0,0,166690
0,25,7,0.5,0.553195,180,0,0,166708
0,21,8,0.5,0.55603,180,0,0,166722
0,22,10,0.5,0.559,180,0,0,166738
0,21,9,0.5,0.561835,180,0,0,166754
0,21,11,0.5,0.56467,180,0,0,166772
0,22,12,0.5,0.56764,180,0,0,166787
0,22,11,0.5,0.57061,180,0,0,166805
0,21,11,0.5,0.573445,180,0,0,166823
0,19,11,0.5,0.57601,180,0,0,166837
0,17,10,0.5,0.578305,180,0,0,166853
0,17,9,0.5,0.5806,180,0,0,166872
0,37,14,0.5,0.585595,180,0,0,166892
0,20,6,0.5,0.588295,180,0,0,166905
0,21,6,0.5,0.59113,180,0,0,166933
0,21,6,0.5,0.593965,180,0,0,166942
0,21,6,0.5,0.5968,180,0,0,166957
0,21,7,0.5,0.599635,180,0,0,166972
0,22,6,0.5,0.602605,180,0,0,166990
0,24,6,0.5,0.605845,180,0,0,167004
0,24,7,0.5,0.609085,180,0,0,167020
0,27,8,0.5,0.61273,180,0,0,167040
0,26,8,0.5,0.61624,180,0,0,167055
0,24,9,0.5,0.61948,180,0,0,167072
0,23,10,0.5,0.622585,180,0,0,167091
0,22,11,0.5,0.625555,180,0,0,167111
0,21,11,0.5,0.62839,180,0,0,167123
0,21,12,0.5,0.631225,180,0,0,167140
0,19,12,0.5,0.63379,180,0,0,167155
0,19,12,0.5,0.636355,180,0,0,167175
0,37,15,0.5,0.64135,180,0,0,167193
0,0,6,0.5,0.64135,180,0,0,167205
0,22,9,0.5,0.64432,180,0,0,167221
0,52,18,0.5,0.65134,180,0,0,167252
0,29,9,0.5,0.655255,180,0,0,167261
0,30,10,0.5,0.659305,180,0,0,167272
0,33,11,0.5,0.66376,180,0,0,167289
0,31,9,0.5,0.667945,180,0,0,167306
0,31,8,0.5,0.67213,180,0,0,167323
0,30,9,0.5,0.67618,180,0,0,167344
0,28,10,0.5,0.67996,180,0,0,167359
0,24,11,0.5,0.6832,180,0,0,167373
0,22,12,0.5,0.68617,180,0,0,167388
0,23,13,0.5,0.689275,180,0,0,167413
0,22,14,0.5,0.692245,180,0,0,167424
0,21,13,0.5,0.69508,180,0,0,167444
0,21,13,0.5,0.697915,180,0,0,167461
0,24,11,0.5,0.701155,180,0,0,167475
0,26,10,0.5,0.704665,180,0,0,167490
0,28,9,0.5,0.708445,180,0,0,167512
0,27,9,0.5,0.71,180,0,0,167523
