-4,95,91,0.5,-0.697175,180,0,0,746006
0,1,20,0.5,-0.69704,180,0,0,746023
0,0,9,0.5,-0.69704,180,0,0,746032
0,0,0,0.5,-0.69704,180,0,0,746038
0,-3,10,0.5,-0.697445,180,0,0,746054
0,-1,11,0.5,-0.69758,180,0,0,746071
0,0,12,0.5,-0.69758,180,0,0,746087
-5,0,9,0.5,-0.69758,180,0,0,746107
0,1,13,0.5,-0.697445,180,0,0,746120
2,5,14,0.5,-0.69677,180,0,0,746139
-1,5,13,0.5,-0.696095,180,0,0,746157
0,8,14,0.5,-0.695015,180,0,0,746172
-3,9,11,0.5,-0.6938,180,0,0,746189
0,22,14,0.5,-0.69083,180,0,1,746207
0,12,22,0.5,-0.68921,180,0,1,746225
0,9,23,0.5,-0.687995,180,0,1,746240
-4,5,12,0.5,-0.68732,180,0,0,746255
0,-3,12,0.5,-0.687725,180,0,0,746270
0,-6,12,0.5,-0.688535,180,0,0,746288
-1,-8,11,0.5,-0.689615,180,0,0,746304
0,-9,10,0.5,-0.69083,180,0,0,746320
-1,-13,10,0.5,-0.692585,180,0,0,746337
0,-10,8,0.5,-0.693935,180,0,0,746354
0,-10,7,0.5,-0.695285,180,0,0,746369
-4,-8,5,0.5,-0.696365,180,0,0,746386
0,-5,4,0.5,-0.69704,180,0,0,746402
0,-4,4,0.5,-0.69758,180,0,0,746418
-1,-1,2,0.5,-0.697715,180,0,0,746435
0,0,3,0.5,-0.697715,180,0,0,746452
0,2,3,0.5,-0.697445,180,0,0,746468
0,4,3,0.5,-0.696905,180,0,0,746485
0,10,3,0.5,-0.695555,180,0,0,746502
1,9,3,0.5,-0.69434,180,0,0,746518
0,11,4,0.5,-0.692855,180,0,0,746535
0,12,5,0.5,-0.691235,180,0,0,746554
-1,14,6,0.5,-0.689345,180,0,0,746569
0,15,7,0.5,-0.68732,180,0,0,746588
-1,16,5,0.5,-0.68516,180,0,1,746604
-5,39,8,0.5,-0.679895,180,0,1,746620
0,24,10,0.5,-0.676655,180,0,1,746638
0,28,7,0.5,-0.672875,180,0,1,746653
-1,28,7,0.5,-0.669095,180,0,0,746674
0,29,9,0.5,-0.66518,180,0,0,746690
1,29,8,0.5,-0.661265,180,0,0,746704
0,30,8,0.5,-0.657215,180,0,0,746720
0,29,8,0.5,-0.6533,180,0,0,746738
1,30,8,0.5,-0.64925,180,0,0,746754
0,29,8,0.5,-0.645335,180,0,0,746771
0,28,7,0.5,-0.641555,180,0,0,746788
0,26,8,0.5,-0.638045,180,0,0,746803
-2,25,7,0.5,-0.63467,180,0,0,746819
5,23,10,0.5,-0.631565,180,0,0,746838
0,20,7,0.5,-0.628865,180,0,0,746854
0,13,7,0.5,-0.62711,180,0,0,746870
0,12,7,0.5,-0.62549,180,0,0,746887
0,7,7,0.5,-0.624545,180,0,0,746903
-3,8,7,0.5,-0.623465,180,0,0,746919
3,8,10,0.5,-0.622385,180,0,0,746937
0,8,11,0.5,-0.621305,180,0,0,746956
0,10,11,0.5,-0.619955,180,0,0,746971
-9,12,9,0.5,-0.618335,180,0,0,746987
0,13,13,0.5,-0.61658,180,0,0,747005
2,25,18,0.5,-0.613205,180,0,0,747021
0,11,28,0.5,-0.61172,180,0,0,747045
0,11,16,0.5,-0.610235,180,0,0,747055
0,10,16,0.5,-0.608885,180,0,0,747072
-3,10,17,0.5,-0.607535,180,0,0,747089
0,7,17,0.5,-0.60659,180,0,0,747106
0,8,17,0.5,-0.60551,180,0,0,747122
-1,5,16,0.5,-0.604835,180,0,0,747137
2,4,17,0.5,-0.604295,180,0,0,747156
-1,2,16,0.5,-0.604025,180,0,0,747172
0,4,17,0.5,-0.603485,180,0,0,747191
0,4,16,0.5,-0.602945,180,0,0,747206
-3,5,14,0.5,-0.60227,180,0,0,747223
-1,6,15,0.5,-0.60146,180,0,0,747238
4,4,17,0.5,-0.60092,180,0,0,747256
-3,6,12,0.5,-0.60011,180,0,0,747271
-2,6,12,0.5,-0.5993,180,0,0,747287
0,6,11,0.5,-0.59849,180,0,0,747305
0,7,11,0.5,-0.597545,180,0,0,747321
0,6,11,0.5,-0.596735,180,0,0,747338
-1,9,12,0.5,-0.59552,180,0,0,747355
3,9,11,0.5,-0.594305,180,0,0,747373
1,10,11,0.5,-0.592955,180,0,0,747388
0,8,8,0.5,-0.591875,180,0,0,747405
3,13,16,0.5,-0.59012,180,0,0,747424
0,1,7,0.5,-0.589985,180,0,0,747437
-2,0,5,0.5,-0.589985,180,0,0,747454
0,1,8,0.5,-0.58985,180,0,0,747470
1,1,11,0.5,-0.589715,180,0,0,747487
-4,5,9,0.5,-0.58904,180,0,0,747504
0,5,13,0.5,-0.588365,180,0,0,747523
0,5,14,0.5,-0.58769,180,0,0,747539
0,7,14,0.5,-0.586745,180,0,0,747556
0,9,15,0.5,-0.58553,180,0,0,747574
0,11,16,0.5,-0.584045,180,0,0,747590
-1,11,16,0.5,-0.58256,180,0,0,747606
3,11,17,0.5,-0.581075,180,0,0,747622
-4,9,14,0.5,-0.57986,180,0,0,747639
0,10,16,0.5,-0.57851,180,0,0,747666
-1,24,29,0.5,-0.57527,180,0,0,747686
0,11,13,0.5,-0.573785,180,0,0,747698
0,8,12,0.5,-0.572705,180,0,0,747709
0,0,0,0.5,-0.572705,180,0,0,747717
0,5,10,0.5,-0.57203,180,0,0,747738
0,0,9,0.5,-0.57203,180,0,0,747754
1,-1,8,0.5,-0.572165,180,0,0,747770
-1,-4,7,0.5,-0.572705,180,0,0,747786
-13,-7,-1,0.5,-0.57365,180,0,0,747802
-7,-20,8,0.5,-0.57635,180,0,0,747820
-1,-10,5,0.5,-0.5777,180,0,0,747836
-1,-10,6,0.5,-0.57905,180,0,0,747854
0,-7,6,0.5,-0.579995,180,0,0,747872
0,-7,9,0.5,-0.58094,180,0,0,747887
0,-3,7,0.5,-0.581345,180,0,0,747905
-4,-1,4,0.5,-0.58148,180,0,0,747919
0,1,7,0.5,-0.581345,180,0,0,747936
0,0,7,0.5,-0.581345,180,0,0,747953
0,0,7,0.5,-0.581345,180,0,0,747970
0,-2,8,0.5,-0.581615,180,0,0,747986
0,1,6,0.5,-0.58148,180,0,0,748003
0,0,8,0.5,-0.58148,180,0,0,748019
0,2,7,0.5,-0.58121,180,0,0,748036
-3,4,7,0.5,-0.58067,180,0,0,748052
-4,5,5,0.5,-0.579995,180,0,0,748068
0,6,8,0.5,-0.579185,180,0,0,748086
1,8,9,0.5,-0.578105,180,0,0,748106
0,8,10,0.5,-0.577025,180,0,0,748121
0,7,10,0.5,-0.57608,180,0,0,748137
0,7,12,0.5,-0.575135,180,0,0,748156
0,5,13,0.5,-0.57446,180,0,0,748170
0,4,12,0.5,-0.57392,180,0,0,748189
0,1,14,0.5,-0.573785,180,0,0,748207
0,-3,19,0.5,-0.57419,180,0,0,748225
0,-6,19,0.5,-0.575,180,0,0,748241
-3,-5,12,0.5,-0.575675,180,0,0,748255
-1,-4,11,0.5,-0.576215,180,0,0,748272
-6,-2,6,0.5,-0.576485,180,0,0,748288
-1,-3,10,0.5,-0.57689,180,0,0,748306
0,0,9,0.5,-0.57689,180,0,0,748319
0,2,8,0.5,-0.57662,180,0,0,748337
0,6,8,0.5,-0.57581,180,0,0,748352
0,8,10,0.5,-0.57473,180,0,0,748370
0,12,9,0.5,-0.57311,180,0,0,748388
0,14,10,0.5,-0.57122,180,0,0,748403
-12,14,4,0.5,-0.56933,180,0,0,748418
0,17,9,0.5,-0.567035,180,0,0,748436
0,17,10,0.5,-0.56474,180,0,0,748454
0,17,9,0.5,-0.562445,180,0,0,748469
-7,15,7,0.5,-0.56042,180,0,0,748486
-1,16,9,0.5,-0.55826,180,0,0,748503
-9,15,7,0.5,-0.556235,180,0,0,748519
2,15,14,0.5,-0.55421,180,0,0,748543
0,15,13,0.5,-0.552185,180,0,0,748556
0,15,13,0.5,-0.55016,180,0,0,748571
-2,16,14,0.5,-0.548,180,0,0,748591
-1,12,12,0.5,-0.54638,180,0,0,748608
0,13,25,0.5,-0.544625,180,0,0,748625
0,0,11,0.5,-0.544625,180,0,0,748637
0,0,11,0.5,-0.544625,180,0,0,748653
0,0,12,0.5,-0.544625,180,0,0,748671
0,1,12,0.5,-0.54449,180,0,0,748687
1,1,14,0.5,-0.544355,180,0,0,748704
3,3,16,0.5,-0.54395,180,0,0,748721
0,2,15,0.5,-0.54368,180,0,0,748739
0,3,16,0.5,-0.543275,180,0,0,748756
0,0,16,0.5,-0.543275,180,0,0,748771
0,-1,16,0.5,-0.54341,180,0,0,748789
0,0,17,0.5,-0.54341,180,0,0,748807
3,0,16,0.5,-0.54341,180,0,0,748823
-3,0,13,0.5,-0.54341,180,0,0,748838
3,0,16,0.5,-0.54341,180,0,0,748855
0,1,12,0.5,-0.543275,180,0,0,748870
1,0,12,0.5,-0.543275,180,0,0,748888
-4,1,10,0.5,-0.54314,180,0,0,748905
-3,3,9,0.5,-0.542735,180,0,0,748920
0,4,10,0.5,-0.542195,180,0,0,748936
-7,5,7,0.5,-0.54152,180,0,0,748954
7,6,15,0.5,-0.54071,180,0,0,748973
0,6,12,0.5,-0.5399,180,0,0,748988
0,6,13,0.5,-0.53909,180,0,0,749007
-6,15,15,0.5,-0.537065,180,0,0,749023
0,8,25,0.5,-0.535985,180,0,0,749045
0,5,15,0.5,-0.53531,180,0,0,749057
-1,7,16,0.5,-0.534365,180,0,0,749073
0,8,15,0.5,-0.533285,180,0,0,749091
-6,8,10,0.5,-0.532205,180,0,0,749105
-2,8,13,0.5,-0.531125,180,0,0,749122
0,7,12,0.5,-0.53018,180,0,0,749142
-8,5,9,0.5,-0.529505,180,0,0,749155
-4,2,9,0.5,-0.529235,180,0,0,749173
0,2,13,0.5,-0.528965,180,0,0,749187
-4,4,9,0.5,-0.528425,180,0,0,749204
4,5,15,0.5,-0.52775,180,0,0,749223
0,5,14,0.5,-0.527075,180,0,1,749238
-3,7,13,0.5,-0.52613,180,0,1,749256
0,7,13,0.5,-0.525185,180,0,1,749271
0,8,14,0.5,-0.524105,180,0,1,749288
-6,8,9,0.5,-0.523025,180,0,0,749304
4,6,14,0.5,-0.522215,180,0,0,749321
2,7,14,0.5,-0.52127,180,0,0,749338
0,1,15,0.5,-0.521135,180,0,0,749356
1,0,17,0.5,-0.521135,180,0,0,749371
-1,0,16,0.5,-0.521135,180,0,0,749388
-4,2,15,0.5,-0.520865,180,0,0,749407
-1,2,18,0.5,-0.520595,180,0,0,749423
0,0,34,0.5,-0.520595,180,0,1,749443
0,3,0,0.5,-0.52019,180,0,1,749451
-1,4,34,0.5,-0.51965,180,0,1,749476
0,5,17,0.5,-0.518975,180,0,1,749492
0,4,17,0.5,-0.518435,180,0,0,749507
-1,4,16,0.5,-0.517895,180,0,0,749521
0,6,16,0.5,-0.517085,180,0,0,749539
0,2,16,0.5,-0.516815,180,0,0,749556
0,3,16,0.5,-0.51641,180,0,0,749572
-1,4,16,0.5,-0.51587,180,0,0,749589
0,3,14,0.5,-0.515465,180,0,0,749606
3,0,15,0.5,-0.515465,180,0,0,749623
-7,0,8,0.5,-0.515465,180,0,0,749637
0,-1,12,0.5,-0.5156,180,0,0,749655
-2,-1,12,0.5,-0.515735,180,0,0,749670
3,1,16,0.5,-0.5156,180,0,0,749692
1,0,16,0.5,-0.5156,180,0,0,749708
1,3,18,0.5,-0.515195,180,0,0,749725
-1,5,18,0.5,-0.51452,180,0,0,749742
0,5,19,0.5,-0.513845,180,0,0,749756
0,8,22,0.5,-0.512765,180,0,0,749777
-4,7,21,0.5,-0.51182,180,0,0,749791
-1,7,21,0.5,-0.510875,180,0,0,749807
-4,6,20,0.5,-0.510065,180,0,0,749822
-8,12,39,0.5,-0.508445,180,0,0,749844
0,5,21,0.5,-0.50777,180,0,0,749858
0,4,22,0.5,-0.50723,180,0,0,749874
-1,3,23,0.5,-0.506825,180,0,0,749890
0,5,22,0.5,-0.50615,180,0,0,749908
0,5,20,0.5,-0.505475,180,0,0,749923
0,5,18,0.5,-0.5048,180,0,0,749938
0,9,18,0.5,-0.503585,180,0,0,749957
0,8,17,0.5,-0.502505,180,0,0,749973
-2,8,15,0.5,-0.501425,180,0,0,749989
-1,10,15,0.5,-0.500075,180,0,0,750005
0,10,17,0.5,-0.498725,180,0,0,750024
0,11,14,0.5,-0.49724,180,0,0,750038
0,10,13,0.5,-0.49589,180,0,0,750054
1,7,13,0.5,-0.494945,180,0,0,750072
-2,5,11,0.5,-0.49427,180,0,0,750087
0,6,12,0.5,-0.49346,180,0,0,750104
0,4,12,0.5,-0.49292,180,0,0,750120
-3,6,12,0.5,-0.49211,180,0,0,750137
-1,8,15,0.5,-0.49103,180,0,0,750155
1,10,18,0.5,-0.48968,180,0,0,750174
-2,12,17,0.5,-0.48806,180,0,0,750189
-5,13,17,0.5,-0.486305,180,0,0,750206
0,10,19,0.5,-0.484955,180,0,0,750222
2,30,45,0.5,-0.480905,180,0,0,750248
0,17,22,0.5,-0.47861,180,0,0,750261
1,17,23,0.5,-0.476315,180,0,0,750274
-4,13,21,0.5,-0.47456,180,0,0,750293
3,16,24,0.5,-0.4724,180,0,0,750308
0,19,22,0.5,-0.469835,180,0,0,750323
-3,16,21,0.5,-0.467675,180,0,0,750340
-7,16,18,0.5,-0.465515,180,0,0,750364
0,15,21,0.5,-0.46349,180,0,0,750379
0,13,19,0.5,-0.461735,180,0,0,750395
-1,14,18,0.5,-0.459845,180,0,0,750404
-1,10,17,0.5,-0.458495,180,0,0,750423
0,8,16,0.5,-0.457415,180,0,0,750438
-1,5,15,0.5,-0.45674,180,0,0,750455
0,5,15,0.5,-0.456065,180,0,0,750473
0,4,14,0.5,-0.455525,180,0,0,750491
3,4,15,0.5,-0.454985,180,0,0,750505
1,0,14,0.5,-0.454985,180,0,0,750522
-4,0,11,0.5,-0.454985,180,0,0,750537
0,0,13,0.5,-0.454985,180,0,0,750556
1,0,13,0.5,-0.454985,180,0,0,750572
-6,1,10,0.5,-0.45485,180,0,0,750586
0,3,13,0.5,-0.454445,180,0,0,750605
0,5,14,0.5,-0.45377,180,0,0,750621
0,10,27,0.5,-0.45242,180,0,0,750640
3,6,18,0.5,-0.45161,180,0,0,750656
0,9,15,0.5,-0.450395,180,0,0,750672
1,9,14,0.5,-0.44918,180,0,0,750687
0,10,15,0.5,-0.44783,180,0,0,750707
0,10,14,0.5,-0.44648,180,0,0,750723
1,11,15,0.5,-0.444995,180,0,0,750737
0,9,14,0.5,-0.44378,180,0,0,750755
1,9,15,0.5,-0.442565,180,0,0,750772
-4,8,10,0.5,-0.441485,180,0,0,750790
1,4,14,0.5,-0.440945,180,0,0,750807
-5,3,8,0.5,-0.44054,180,0,0,750819
0,0,10,0.5,-0.44054,180,0,0,750836
0,0,8,0.5,-0.44054,180,0,0,750852
0,-2,6,0.5,-0.44081,180,0,0,750869
0,-4,7,0.5,-0.44135,180,0,0,750885
0,-3,7,0.5,-0.441755,180,0,0,750903
0,-1,8,0.5,-0.44189,180,0,0,750919
0,0,9,0.5,-0.44189,180,0,0,750935
-7,3,8,0.5,-0.441485,180,0,0,750954
0,3,12,0.5,-0.44108,180,0,0,750970
0,4,13,0.5,-0.44054,180,0,0,750989
0,5,12,0.5,-0.439865,180,0,0,751006
-3,6,13,0.5,-0.439055,180,0,0,751023
0,9,26,0.5,-0.43784,180,0,0,751044
0,9,13,0.5,-0.436625,180,0,0,751056
0,8,13,0.5,-0.435545,180,0,0,751072
0,11,13,0.5,-0.43406,180,0,0,751089
0,15,13,0.5,-0.432035,180,0,0,751106
0,15,14,0.5,-0.43001,180,0,0,751120
0,13,14,0.5,-0.428255,180,0,0,751138
0,17,15,0.5,-0.42596,180,0,0,751156
0,16,15,0.5,-0.4238,180,0,0,751174
0,15,14,0.5,-0.421775,180,0,0,751187
0,17,14,0.5,-0.41948,180,0,0,751205
-5,19,12,0.5,-0.416915,180,0,1,751224
0,20,14,0.5,-0.414215,180,0,1,751237
0,20,14,0.5,-0.411515,180,0,1,751255
0,22,14,0.5,-0.408545,180,0,1,751271
-1,17,13,0.5,-0.40625,180,0,0,751288
0,14,15,0.5,-0.40436,180,0,0,751306
0,16,14,0.5,-0.4022,180,0,0,751321
0,12,13,0.5,-0.40058,180,0,0,751337
-3,15,12,0.5,-0.398555,180,0,0,751354
0,14,13,0.5,-0.396665,180,0,0,751371
-1,14,12,0.5,-0.394775,180,0,0,751387
1,15,12,0.5,-0.39275,180,0,0,751405
0,15,10,0.5,-0.390725,180,0,0,751420
1,24,17,0.5,-0.387485,180,0,0,751440
0,9,11,0.5,-0.38627,180,0,1,751454
0,8,9,0.5,-0.38519,180,0,1,751472
0,10,10,0.5,-0.38384,180,0,1,751487
-1,12,12,0.5,-0.38222,180,0,1,751504
0,12,13,0.5,-0.3806,180,0,1,751523
0,14,14,0.5,-0.37871,180,0,0,751538
0,14,15,0.5,-0.37682,180,0,0,751557
0,13,16,0.5,-0.375065,180,0,0,751573
0,10,16,0.5,-0.373715,180,0,0,751592
0,11,16,0.5,-0.37223,180,0,0,751604
0,11,17,0.5,-0.370745,180,0,0,751623
-1,10,18,0.5,-0.369395,180,0,0,751639
-4,10,14,0.5,-0.368045,180,0,1,751654
0,10,17,0.5,-0.366695,180,0,1,751671
-1,10,17,0.5,-0.365345,180,0,1,751690
0,10,16,0.5,-0.363995,180,0,1,751706
-1,8,15,0.5,-0.362915,180,0,1,751724
0,5,15,0.5,-0.36224,180,0,0,751741
-3,2,14,0.5,-0.36197,180,0,0,751756
0,1,14,0.5,-0.361835,180,0,0,751773
-1,1,14,0.5,-0.3617,180,0,0,751790
0,-2,14,0.5,-0.36197,180,0,0,751806
0,1,13,0.5,-0.361835,180,0,0,751821
0,5,20,0.5,-0.36116,180,0,0,751843
-2,5,15,0.5,-0.360485,180,0,0,751855
0,8,12,0.5,-0.359405,180,0,0,751871
0,9,10,0.5,-0.35819,180,0,0,751886
-1,11,12,0.5,-0.356705,180,0,0,751904
0,9,10,0.5,-0.35549,180,0,0,751922
2,6,9,0.5,-0.35468,180,0,0,751936
0,6,8,0.5,-0.35387,180,0,0,751953
0,4,9,0.5,-0.35333,180,0,0,751972
-4,4,8,0.5,-0.35279,180,0,0,751986
0,4,11,0.5,-0.35225,180,0,0,752005
-3,9,10,0.5,-0.351035,180,0,0,752020
0,9,12,0.5,-0.34982,180,0,0,752038
-9,14,10,0.5,-0.34793,180,0,0,752053
3,14,16,0.5,-0.34604,180,0,0,752073
4,17,18,0.5,-0.343745,180,0,0,752088
0,16,16,0.5,-0.341585,180,0,0,752105
0,15,18,0.5,-0.33956,180,0,0,752123
-4,13,16,0.5,-0.337805,180,0,0,752138
0,11,17,0.5,-0.33632,180,0,0,752156
0,12,19,0.5,-0.3347,180,0,0,752174
0,25,37,0.5,-0.331325,180,0,0,752201
-4,13,18,0.5,-0.32957,180,0,0,752215
-2,13,18,0.5,-0.327815,180,0,0,752228
-9,13,14,0.5,-0.32606,180,0,0,752240
1,14,2,0.5,-0.32417,180,0,0,752252
0,12,34,0.5,-0.32255,180,0,0,752276
0,11,17,0.5,-0.321065,180,0,0,752288
1,13,17,0.5,-0.31931,180,0,0,752306
-1,11,16,0.5,-0.317825,180,0,0,752321
-1,11,16,0.5,-0.31634,180,0,0,752337
0,11,15,0.5,-0.314855,180,0,0,752356
0,10,15,0.5,-0.313505,180,0,0,752373
-4,10,12,0.5,-0.312155,180,0,0,752386
0,8,13,0.5,-0.311075,180,0,0,752414
0,7,12,0.5,-0.31013,180,0,0,752432
0,12,26,0.5,-0.30851,180,0,0,752448
0,0,0,0.5,-0.30851,180,0,0,752456
0,3,14,0.5,-0.308105,180,0,0,752471
0,4,11,0.5,-0.307565,180,0,0,752487
0,5,13,0.5,-0.30689,180,0,0,752504
0,8,12,0.5,-0.30581,180,0,0,752522
0,9,14,0.5,-0.304595,180,0,0,752539
0,9,14,0.5,-0.30338,180,0,0,752558
-3,12,14,0.5,-0.30176,180,0,0,752575
2,12,16,0.5,-0.30014,180,0,0,752589
0,12,14,0.5,-0.29852,180,0,0,752605
0,13,14,0.5,-0.296765,180,0,0,752622
-4,27,20,0.5,-0.29312,180,0,0,752643
-4,13,16,0.5,-0.291365,180,0,0,752657
-1,13,13,0.5,-0.28961,180,0,0,752675
0,13,14,0.5,-0.287855,180,0,0,752689
0,11,13,0.5,-0.28637,180,0,0,752705
1,11,15,0.5,-0.284885,180,0,0,752724
-1,8,10,0.5,-0.283805,180,0,0,752738
0,6,12,0.5,-0.282995,180,0,0,752755
1,2,12,0.5,-0.282725,180,0,0,752771
-6,-1,7,0.5,-0.28286,180,0,0,752794
0,-2,10,0.5,-0.28313,180,0,0,752805
0,0,11,0.5,-0.28313,180,0,0,752820
-1,-3,12,0.5,-0.283535,180,0,0,752839
0,0,12,0.5,-0.283535,180,0,0,752859
0,1,13,0.5,-0.2834,180,0,0,752872
-2,5,13,0.5,-0.282725,180,0,0,752889
-6,8,9,0.5,-0.281645,180,0,0,752902
-2,9,14,0.5,-0.28043,180,0,0,752922
0,12,13,0.5,-0.27881,180,0,0,752940
0,13,12,0.5,-0.277055,180,0,0,752953
-1,15,11,0.5,-0.27503,180,0,0,752970
0,13,13,0.5,-0.273275,180,0,0,752990
-2,12,11,0.5,-0.271655,180,0,0,753004
0,12,13,0.5,-0.270035,180,0,0,753023
-1,8,13,0.5,-0.268955,180,0,0,753039
0,8,13,0.5,-0.267875,180,0,0,753054
5,12,25,0.5,-0.266255,180,0,0,753074
0,2,10,0.5,-0.265985,180,0,0,753087
0,1,10,0.5,-0.26585,180,0,0,753105
0,0,9,0.5,-0.26585,180,0,0,753121
0,0,10,0.5,-0.26585,180,0,0,753137
0,0,9,0.5,-0.26585,180,0,0,753153
0,1,9,0.5,-0.265715,180,0,0,753171
0,3,8,0.5,-0.26531,180,0,0,753188
0,2,8,0.5,-0.26504,180,0,0,753203
-3,4,7,0.5,-0.2645,180,0,0,753220
1,4,7,0.5,-0.26396,180,0,0,753237
0,5,6,0.5,-0.263285,180,0,0,753252
-3,6,5,0.5,-0.262475,180,0,0,753270
1,7,5,0.5,-0.26153,180,0,0,753287
0,7,4,0.5,-0.260585,180,0,0,753302
0,6,4,0.5,-0.259775,180,0,0,753319
0,7,4,0.5,-0.25883,180,0,0,753335
0,4,3,0.5,-0.25829,180,0,0,753352
0,2,6,0.5,-0.25802,180,0,0,753369
0,2,6,0.5,-0.25775,180,0,0,753386
0,0,7,0.5,-0.25775,180,0,0,753402
0,-1,8,0.5,-0.257885,180,0,0,753423
0,0,9,0.5,-0.257885,180,0,0,753439
-2,7,21,0.5,-0.25694,180,0,0,753458
3,10,14,0.5,-0.25559,180,0,0,753472
1,12,11,0.5,-0.25397,180,0,0,753489
0,13,11,0.5,-0.252215,180,0,0,753504
0,18,12,0.5,-0.249785,180,0,0,753521
1,15,12,0.5,-0.24776,180,0,0,753539
0,16,12,0.5,-0.2456,180,0,0,753556
-3,16,10,0.5,-0.24344,180,0,0,753572
0,15,11,0.5,-0.241415,180,0,0,753587
-1,15,11,0.5,-0.23939,180,0,0,753604
-4,13,7,0.5,-0.237635,180,0,0,753619
1,15,12,0.5,-0.23561,180,0,0,753637
0,13,10,0.5,-0.233855,180,0,0,753654
0,14,10,0.5,-0.231965,180,0,0,753670
-4,13,7,0.5,-0.23021,180,0,0,753686
0,12,9,0.5,-0.22859,180,0,0,753703
0,10,9,0.5,-0.22724,180,0,0,753719
0,8,7,0.5,-0.22616,180,0,0,753736
2,6,7,0.5,-0.22535,180,0,0,753754
0,4,5,0.5,-0.22481,180,0,0,753770
0,2,4,0.5,-0.22454,180,0,0,753785
0,-1,5,0.5,-0.224675,180,0,0,753802
0,0,5,0.5,-0.224675,180,0,0,753819
2,-2,6,0.5,-0.224945,180,0,0,753835
-4,-2,12,0.5,-0.225215,180,0,0,753855
-7,-1,4,0.5,-0.22535,180,0,0,753871
6,1,10,0.5,-0.225215,180,0,0,753887
0,0,8,0.5,-0.225215,180,0,0,753903
0,3,7,0.5,-0.22481,180,0,0,753920
0,3,7,0.5,-0.224405,180,0,0,753937
1,6,8,0.5,-0.223595,180,0,0,753953
0,8,7,0.5,-0.222515,180,0,0,753971
-1,11,9,0.5,-0.22103,180,0,0,753988
0,13,9,0.5,-0.219275,180,0,0,754004
0,13,9,0.5,-0.21752,180,0,1,754024
0,15,10,0.5,-0.215495,180,0,1,754041
-4,13,10,0.5,-0.21374,180,0,1,754054
3,13,13,0.5,-0.211985,180,0,1,754073
-3,12,9,0.5,-0.210365,180,0,0,754087
-1,9,12,0.5,-0.20915,180,0,0,754106
-1,7,11,0.5,-0.208205,180,0,0,754120
0,5,11,0.5,-0.20753,180,0,0,754138
-1,3,11,0.5,-0.207125,180,0,0,754155
0,2,11,0.5,-0.206855,180,0,0,754173
-1,0,12,0.5,-0.206855,180,0,0,754187
0,0,10,0.5,-0.206855,180,0,0,754204
0,-1,11,0.5,-0.20699,180,0,0,754220
0,-5,20,0.5,-0.207665,180,0,0,754241
-1,-1,9,0.5,-0.2078,180,0,0,754254
0,0,8,0.5,-0.2078,180,0,0,754269
0,2,7,0.5,-0.20753,180,0,0,754288
-2,5,7,0.5,-0.206855,180,0,0,754304
2,7,7,0.5,-0.20591,180,0,0,754319
0,8,7,0.5,-0.20483,180,0,0,754337
0,9,7,0.5,-0.203615,180,0,0,754353
-1,9,9,0.5,-0.2024,180,0,0,754370
-3,9,6,0.5,-0.201185,180,0,0,754388
0,10,8,0.5,-0.199835,180,0,0,754404
0,8,7,0.5,-0.198755,180,0,0,754419
0,9,9,0.5,-0.19754,180,0,0,754437
0,7,7,0.5,-0.196595,180,0,0,754456
-2,9,7,0.5,-0.19538,180,0,0,754469
-1,9,7,0.5,-0.194165,180,0,0,754487
-2,9,6,0.5,-0.19295,180,0,0,754502
0,11,6,0.5,-0.191465,180,0,0,754519
0,12,6,0.5,-0.189845,180,0,0,754536
0,13,6,0.5,-0.18809,180,0,0,754552
0,14,7,0.5,-0.1862,180,0,0,754569
-2,13,6,0.5,-0.184445,180,0,0,754586
0,13,7,0.5,-0.18269,180,0,0,754602
0,11,8,0.5,-0.181205,180,0,0,754622
0,11,8,0.5,-0.17972,180,0,0,754636
-1,10,10,0.5,-0.17837,180,0,0,754655
0,15,17,0.5,-0.176345,180,0,0,754671
-1,8,9,0.5,-0.175265,180,0,0,754689
0,8,8,0.5,-0.174185,180,0,0,754703
0,10,8,0.5,-0.172835,180,0,0,754720
0,11,8,0.5,-0.17135,180,0,0,754737
0,10,8,0.5,-0.17,180,0,0,754755
-1,10,8,0.5,-0.16865,180,0,0,754770
0,11,9,0.5,-0.167165,180,0,0,754787
0,12,9,0.5,-0.165545,180,0,0,754806
-2,13,8,0.5,-0.16379,180,0,0,754819
2,15,10,0.5,-0.161765,180,0,0,754838
0,14,8,0.5,-0.159875,180,0,0,754854
0,18,9,0.5,-0.157445,180,0,0,754872
-2,18,7,0.5,-0.155015,180,0,0,754886
0,19,8,0.5,-0.15245,180,0,0,754903
-1,21,8,0.5,-0.149615,180,0,0,754921
1,19,6,0.5,-0.14705,180,0,0,754936
0,17,8,0.5,-0.144755,180,0,0,754954
0,14,7,0.5,-0.142865,180,0,0,754970
-1,10,6,0.5,-0.141515,180,0,0,754986
1,8,6,0.5,-0.140435,180,0,0,755002
1,7,7,0.5,-0.13949,180,0,0,755019
2,4,6,0.5,-0.13895,180,0,0,755036
-3,2,12,0.5,-0.13868,180,0,0,755056
0,-1,6,0.5,-0.138815,180,0,0,755071
-2,0,6,0.5,-0.138815,180,0,0,755085
2,0,8,0.5,-0.138815,180,0,0,755104
2,3,8,0.5,-0.13841,180,0,0,755121
0,2,7,0.5,-0.13814,180,0,0,755138
-4,3,5,0.5,-0.137735,180,0,0,755153
0,3,7,0.5,-0.13733,180,0,0,755169
-1,4,6,0.5,-0.13679,180,0,0,755185
-1,4,5,0.5,-0.13625,180,0,0,755204
3,2,7,0.5,-0.13598,180,0,0,755219
-3,0,7,0.5,-0.13598,180,0,0,755237
0,-1,6,0.5,-0.136115,180,0,0,755253
2,-1,8,0.5,-0.13625,180,0,0,755269
-3,-1,5,0.5,-0.136385,180,0,0,755285
0,-2,7,0.5,-0.136655,180,0,0,755303
1,-2,7,0.5,-0.136925,180,0,0,755318
1,-1,7,0.5,-0.13706,180,0,0,755336
0,-2,7,0.5,-0.13733,180,0,0,755353
0,-5,6,0.5,-0.138005,180,0,0,755373
0,-4,6,0.5,-0.138545,180,0,0,755385
0,-6,5,0.5,-0.139355,180,0,0,755402
-2,-10,8,0.5,-0.140705,180,0,0,755425
0,0,0,0.5,-0.140705,180,0,0,755434
-2,-3,2,0.5,-0.14111,180,0,0,755452
0,2,7,0.5,-0.14084,180,0,0,755470
0,2,3,0.5,-0.14057,180,0,0,755486
0,4,3,0.5,-0.14003,180,0,0,755503
-3,3,1,0.5,-0.139625,180,0,0,755518
-1,3,3,0.5,-0.13922,180,0,0,755535
0,2,6,0.5,-0.13895,180,0,0,755553
1,4,5,0.5,-0.13841,180,0,0,755568
0,4,5,0.5,-0.13787,180,0,0,755585
0,4,5,0.5,-0.13733,180,0,0,755603
-1,6,5,0.5,-0.13652,180,0,0,755620
0,6,5,0.5,-0.13571,180,0,0,755635
0,5,5,0.5,-0.135035,180,0,0,755654
0,6,5,0.5,-0.134225,180,0,0,755668
0,5,5,0.5,-0.13355,180,0,0,755685
0,7,5,0.5,-0.132605,180,0,0,755703
0,6,5,0.5,-0.131795,180,0,0,755718
0,7,6,0.5,-0.13085,180,0,0,755735
0,7,6,0.5,-0.129905,180,0,0,755756
0,7,6,0.5,-0.12896,180,0,0,755770
0,8,6,0.5,-0.12788,180,0,0,755792
4,8,9,0.5,-0.1268,180,0,0,755805
0,7,7,0.5,-0.125855,180,0,0,755820
0,6,7,0.5,-0.125045,180,0,0,755836
0,13,11,0.5,-0.12329,180,0,0,755856
-1,6,5,0.5,-0.12248,180,0,0,755869
0,6,6,0.5,-0.12167,180,0,0,755886
0,5,5,0.5,-0.120995,180,0,0,755905
0,5,6,0.5,-0.12032,180,0,0,755919
0,6,4,0.5,-0.11951,180,0,0,755935
0,5,5,0.5,-0.118835,180,0,0,755955
0,6,5,0.5,-0.118025,180,0,0,755971
0,5,4,0.5,-0.11735,180,0,0,755987
0,5,5,0.5,-0.116675,180,0,0,756002
-3,6,4,0.5,-0.115865,180,0,0,756018
0,4,4,0.5,-0.115325,180,0,0,756035
3,5,4,0.5,-0.11465,180,0,0,756053
0,6,4,0.5,-0.11384,180,0,0,756068
0,4,4,0.5,-0.1133,180,0,0,756085
0,6,4,0.5,-0.11249,180,0,0,756104
0,8,5,0.5,-0.11141,180,0,0,756118
0,8,5,0.5,-0.11033,180,0,0,756135
0,8,6,0.5,-0.10925,180,0,0,756152
0,7,6,0.5,-0.108305,180,0,0,756169
0,6,6,0.5,-0.107495,180,0,0,756187
0,6,6,0.5,-0.106685,180,0,0,756204
0,5,6,0.5,-0.10601,180,0,0,756219
0,5,7,0.5,-0.105335,180,0,0,756236
0,7,7,0.5,-0.10439,180,0,0,756254
0,6,15,0.5,-0.10358,180,0,0,756271
1,6,10,0.5,-0.10277,180,0,0,756288
0,7,9,0.5,-0.101825,180,0,0,756304
-4,8,7,0.5,-0.100745,180,0,0,756319
-1,6,8,0.5,-0.099935,180,0,0,756337
0,5,10,0.5,-0.09926,180,0,0,756355
0,6,9,0.5,-0.09845,180,0,0,756371
0,5,10,0.5,-0.097775,180,0,0,756388
0,4,10,0.5,-0.097235,180,0,0,756405
0,4,8,0.5,-0.096695,180,0,0,756419
0,3,8,0.5,-0.09629,180,0,0,756437
0,6,7,0.5,-0.09548,180,0,0,756454
0,7,6,0.5,-0.094535,180,0,0,756470
2,7,6,0.5,-0.09359,180,0,0,756486
1,8,5,0.5,-0.09251,180,0,0,756503
0,8,4,0.5,-0.09143,180,0,0,756518
0,10,4,0.5,-0.09008,180,0,0,756535
-4,10,1,0.5,-0.08873,180,0,0,756552
0,9,4,0.5,-0.087515,180,0,0,756568
0,9,4,0.5,-0.0863,180,0,0,756586
0,9,5,0.5,-0.085085,180,0,0,756603
1,9,6,0.5,-0.08387,180,0,0,756619
0,9,5,0.5,-0.082655,180,0,0,756635
-5,10,3,0.5,-0.081305,180,0,0,756654
0,16,11,0.5,-0.079145,180,0,0,756672
4,7,7,0.5,-0.0782,180,0,0,756685
-1,7,5,0.5,-0.077255,180,0,0,756702
0,3,4,0.5,-0.07685,180,0,0,756720
-5,1,0,0.5,-0.076715,180,0,0,756734
0,2,3,0.5,-0.076445,180,0,0,756752
-2,-2,3,0.5,-0.076715,180,0,0,756768
1,-2,3,0.5,-0.076985,180,0,0,756785
2,-4,5,0.5,-0.077525,180,0,0,756802
0,-4,4,0.5,-0.078065,180,0,0,756818
0,-7,3,0.5,-0.07901,180,0,0,756835
0,-6,4,0.5,-0.07982,180,0,0,756852
0,-5,4,0.5,-0.080495,180,0,0,756868
0,-4,5,0.5,-0.081035,180,0,0,756885
0,-1,5,0.5,-0.08117,180,0,0,756902
0,0,7,0.5,-0.08117,180,0,0,756920
1,2,7,0.5,-0.0809,180,0,0,756935
0,3,7,0.5,-0.080495,180,0,0,756952
0,5,7,0.5,-0.07982,180,0,0,756969
0,5,9,0.5,-0.079145,180,0,0,756986
1,7,10,0.5,-0.0782,180,0,0,757004
0,8,10,0.5,-0.07712,180,0,0,757020
0,10,9,0.5,-0.07577,180,0,1,757038
0,10,10,0.5,-0.07442,180,0,1,757055
-2,15,16,0.5,-0.072395,180,0,0,757074
0,4,7,0.5,-0.071855,180,0,0,757086
0,0,7,0.5,-0.071855,180,0,0,757104
0,-1,6,0.5,-0.07199,180,0,0,757119
0,-1,6,0.5,-0.072125,180,0,0,757139
0,-4,8,0.5,-0.072665,180,0,0,757153
0,-4,5,0.5,-0.073205,180,0,0,757168
0,-6,5,0.5,-0.074015,180,0,0,757185
0,-6,5,0.5,-0.074825,180,0,0,757202
0,-9,6,0.5,-0.07604,180,0,0,757222
-2,-7,6,0.5,-0.076985,180,0,0,757236
0,-7,6,0.5,-0.07793,180,0,0,757257
0,-7,8,0.5,-0.078875,180,0,0,757274
0,-5,8,0.5,-0.07955,180,0,0,757288
0,-6,10,0.5,-0.08036,180,0,0,757305
-2,-2,9,0.5,-0.08063,180,0,0,757322
3,-5,11,0.5,-0.081305,180,0,0,757338
-3,-5,9,0.5,-0.08198,180,0,0,757353
0,-3,9,0.5,-0.082385,180,0,0,757370
0,0,9,0.5,-0.082385,180,0,0,757389
0,-1,8,0.5,-0.08252,180,0,0,757403
0,5,8,0.5,-0.081845,180,0,0,757421
-1,7,7,0.5,-0.0809,180,0,0,757436
0,11,9,0.5,-0.079415,180,0,0,757453
0,27,20,0.5,-0.07577,180,0,0,757476
0,15,13,0.5,-0.073745,180,0,0,757489
-1,17,14,0.5,-0.07145,180,0,0,757505
-2,17,14,0.5,-0.069155,180,0,0,757523
2,15,16,0.5,-0.06713,180,0,0,757538
0,13,14,0.5,-0.065375,180,0,0,757555
0,14,15,0.5,-0.063485,180,0,0,757572
-2,11,15,0.5,-0.062,180,0,0,757588
0,11,15,0.5,-0.060515,180,0,0,757605
-1,10,16,0.5,-0.059165,180,0,0,757621
0,9,15,0.5,-0.05795,180,0,0,757639
0,9,15,0.5,-0.056735,180,0,0,757659
0,7,14,0.5,-0.05579,180,0,0,757673
0,9,13,0.5,-0.054575,180,0,0,757687
0,8,12,0.5,-0.053495,180,0,0,757707
0,9,11,0.5,-0.05228,180,0,0,757721
-1,9,11,0.5,-0.051065,180,0,0,757738
0,6,10,0.5,-0.050255,180,0,0,757754
0,6,9,0.5,-0.049445,180,0,0,757770
-2,5,7,0.5,-0.04877,180,0,0,757785
0,6,8,0.5,-0.04796,180,0,0,757803
2,5,9,0.5,-0.047285,180,0,0,757821
-7,5,6,0.5,-0.04661,180,0,0,757837
-1,17,15,0.5,-0.044315,180,0,0,757855
1,8,1,0.5,-0.043235,180,0,0,757868
1,9,15,0.5,-0.04202,180,0,0,757887
0,8,8,0.5,-0.04094,180,0,0,757903
0,6,7,0.5,-0.04013,180,0,0,757920
0,5,8,0.5,-0.039455,180,0,0,757936
-2,3,8,0.5,-0.03905,180,0,0,757954
-1,4,10,0.5,-0.03851,180,0,0,757972
0,4,11,0.5,-0.03797,180,0,0,757986
-2,6,12,0.5,-0.03716,180,0,0,758004
-9,8,7,0.5,-0.03608,180,0,0,758020
0,10,14,0.5,-0.03473,180,0,0,758037
1,9,14,0.5,-0.033515,180,0,0,758055
0,8,13,0.5,-0.032435,180,0,0,758073
0,9,13,0.5,-0.03122,180,0,0,758086
0,8,13,0.5,-0.03014,180,0,0,758106
0,8,13,0.5,-0.02906,180,0,0,758121
-1,7,13,0.5,-0.028115,180,0,0,758137
0,5,13,0.5,-0.02744,180,0,0,758154
0,4,13,0.5,-0.0269,180,0,0,758170
0,5,15,0.5,-0.026225,180,0,0,758203
3,12,31,0.5,-0.024605,180,0,0,758218
0,7,16,0.5,-0.02366,180,0,0,758229
0,8,17,0.5,-0.02258,180,0,0,758240
0,0,0,0.5,-0.02258,180,0,0,758250
0,17,33,0.5,-0.020285,180,0,0,758277
-1,8,15,0.5,-0.019205,180,0,0,758288
0,8,6,0.5,-0.018125,180,0,0,758303
0,9,25,0.5,-0.01691,180,0,0,758323
-5,10,13,0.5,-0.01556,180,0,0,758338
0,11,15,0.5,-0.014075,180,0,0,758355
0,10,14,0.5,-0.012725,180,0,0,758372
0,12,15,0.5,-0.011105,180,0,0,758389
-1,13,13,0.5,-0.00935,180,0,0,758405
0,13,11,0.5,-0.007595,180,0,0,758425
0,15,10,0.5,-0.00557,180,0,0,758437
0,12,9,0.5,-0.00395,180,0,0,758455
1,12,8,0.5,-0.00233,180,0,0,758469
0,9,8,0.5,-0.001115,180,0,0,758487
0,9,9,0.5,0.0001,180,0,0,758503
0,7,10,0.5,0.001045,180,0,0,758519
0,8,12,0.5,0.002125,180,0,0,758541
0,8,13,0.5,0.003205,180,0,0,758556
0,11,14,0.5,0.00469,180,0,0,758575
0,12,16,0.5,0.00631,180,0,0,758590
0,13,15,0.5,0.008065,180,0,0,758606
0,14,16,0.5,0.009955,180,0,0,758622
-1,11,17,0.5,0.01144,180,0,0,758642
-2,20,33,0.5,0.01414,180,0,0,758664
1,10,17,0.5,0.01549,180,0,0,758676
-4,8,16,0.5,0.01657,180,0,0,758688
-1,8,17,0.5,0.01765,180,0,0,758708
2,3,17,0.5,0.018055,180,0,0,758723
0,1,15,0.5,0.01819,180,0,0,758739
-4,0,14,0.5,0.01819,180,0,0,758755
-1,0,14,0.5,0.01819,180,0,0,758771
1,0,15,0.5,0.01819,180,0,0,758789
0,0,13,0.5,0.01819,180,0,0,758804
0,0,12,0.5,0.01819,180,0,0,758821
0,0,12,0.5,0.01819,180,0,0,758838
0,0,13,0.5,0.01819,180,0,0,758855
-1,0,15,0.5,0.01819,180,0,0,758871
0,2,15,0.5,0.01846,180,0,0,758887
-1,5,15,0.5,0.019135,180,0,0,758904
0,4,15,0.5,0.019675,180,0,0,758920
0,6,17,0.5,0.020485,180,0,0,758940
-1,6,16,0.5,0.021295,180,0,0,758954
2,9,18,0.5,0.02251,180,0,0,758971
0,10,15,0.5,0.02386,180,0,0,758988
0,11,15,0.5,0.025345,180,0,0,759006
0,12,15,0.5,0.026965,180,0,0,759023
0,12,13,0.5,0.028585,180,0,0,759040
0,11,13,0.5,0.03007,180,0,0,759054
4,20,29,0.5,0.03277,180,0,0,759079
-3,8,14,0.5,0.03385,180,0,0,759094
2,7,13,0.5,0.034795,180,0,0,759104
-2,6,15,0.5,0.035605,180,0,0,759121
0,8,13,0.5,0.036685,180,0,0,759138
-1,9,13,0.5,0.0379,180,0,0,759155
0,12,14,0.5,0.03952,180,0,0,759174
-1,12,13,0.5,0.04114,180,0,0,759188
0,14,13,0.5,0.04303,180,0,0,759205
0,15,13,0.5,0.045055,180,0,0,759221
0,17,11,0.5,0.04735,180,0,1,759238
3,17,13,0.5,0.049645,180,0,1,759256
-2,18,9,0.5,0.052075,180,0,1,759269
0,15,10,0.5,0.0541,180,0,1,759287
0,13,9,0.5,0.055855,180,0,0,759303
-2,9,9,0.5,0.05707,180,0,0,759321
0,8,9,0.5,0.05815,180,0,0,759336
0,6,10,0.5,0.05896,180,0,0,759353
2,6,14,0.5,0.05977,180,0,0,759371
0,7,14,0.5,0.060715,180,0,0,759389
0,8,15,0.5,0.061795,180,0,0,759404
-1,6,14,0.5,0.062605,180,0,0,759422
-4,6,13,0.5,0.063415,180,0,0,759439
3,8,15,0.5,0.064495,180,0,0,759454
-4,8,11,0.5,0.065575,180,0,0,759470
-3,19,24,0.5,0.06814,180,0,0,759491
-1,11,13,0.5,0.069625,180,0,0,759503
0,12,13,0.5,0.071245,180,0,0,759521
-2,13,13,0.5,0.073,180,0,0,759538
-3,15,12,0.5,0.075025,180,0,0,759553
0,13,13,0.5,0.07678,180,0,0,759573
-1,14,13,0.5,0.07867,180,0,0,759588
0,14,13,0.5,0.08056,180,0,0,759604
0,15,14,0.5,0.082585,180,0,0,759624
0,14,14,0.5,0.084475,180,0,0,759638
1,14,14,0.5,0.086365,180,0,0,759654
-1,12,12,0.5,0.087985,180,0,0,759670
-1,13,12,0.5,0.08974,180,0,0,759688
-4,14,12,0.5,0.09163,180,0,0,759705
4,16,17,0.5,0.09379,180,0,0,759722
0,17,18,0.5,0.096085,180,0,0,759739
0,18,17,0.5,0.098515,180,0,0,759755
-3,14,18,0.5,0.100405,180,0,0,759772
3,14,20,0.5,0.102295,180,0,0,759790
0,11,19,0.5,0.10378,180,0,0,759807
0,11,18,0.5,0.105265,180,0,0,759824
0,9,20,0.5,0.10648,180,0,0,759839
-4,11,16,0.5,0.107965,180,0,0,759855
3,22,21,0.5,0.110935,180,0,0,759874
0,12,31,0.5,0.112555,180,0,0,759893
1,10,16,0.5,0.113905,180,0,0,759906
2,9,15,0.5,0.11512,180,0,0,759921
-3,5,12,0.5,0.115795,180,0,0,759938
0,5,14,0.5,0.11647,180,0,0,759955
0,5,16,0.5,0.117145,180,0,0,759982
0,6,17,0.5,0.117955,180,0,0,759995
0,9,17,0.5,0.11917,180,0,0,760007
-2,12,18,0.5,0.12079,180,0,0,760023
3,13,20,0.5,0.122545,180,0,0,760039
-3,12,18,0.5,0.124165,180,0,0,760064
-1,10,20,0.5,0.125515,180,0,0,760074
0,7,20,0.5,0.12646,180,0,0,760089
-3,6,18,0.5,0.12727,180,0,0,760105
0,8,17,0.5,0.12835,180,0,0,760121
0,8,16,0.5,0.12943,180,0,0,760137
0,8,15,0.5,0.13051,180,0,0,760154
0,9,14,0.5,0.131725,180,0,0,760171
2,8,14,0.5,0.132805,180,0,0,760189
1,7,13,0.5,0.13375,180,0,0,760204
0,8,13,0.5,0.13483,180,0,0,760221
0,7,15,0.5,0.135775,180,0,0,760237
0,6,17,0.5,0.136585,180,0,0,760254
0,13,19,0.5,0.13834,180,0,0,760272
0,6,39,0.5,0.13915,180,0,0,760294
-3,9,6,0.5,0.140365,180,0,0,760303
0,10,33,0.5,0.141715,180,0,0,760328
-1,8,23,0.5,0.142795,180,0,0,760341
-1,7,22,0.5,0.14374,180,0,0,760357
0,8,23,0.5,0.14482,180,0,0,760372
0,9,24,0.5,0.146035,180,0,0,760390
0,11,24,0.5,0.14752,180,0,0,760407
0,13,24,0.5,0.149275,180,0,0,760422
-1,11,24,0.5,0.15076,180,0,0,760441
5,10,24,0.5,0.15211,180,0,0,760456
0,8,24,0.5,0.15319,180,0,0,760473
0,10,22,0.5,0.15454,180,0,0,760497
0,10,21,0.5,0.15589,180,0,0,760512
0,8,19,0.5,0.15697,180,0,0,760523
-1,8,19,0.5,0.15805,180,0,0,760538
-6,5,16,0.5,0.158725,180,0,0,760555
0,4,17,0.5,0.159265,180,0,0,760573
0,5,18,0.5,0.15994,180,0,0,760589
-3,5,18,0.5,0.160615,180,0,0,760607
0,3,18,0.5,0.16102,180,0,0,760623
-2,4,19,0.5,0.16156,180,0,0,760639
0,1,21,0.5,0.161695,180,0,0,760656
-2,7,27,0.5,0.16264,180,0,0,760677
0,0,13,0.5,0.16264,180,0,0,760686
0,8,42,0.5,0.16372,180,0,0,760710
0,6,22,0.5,0.16453,180,0,0,760725
2,8,24,0.5,0.16561,180,0,0,760756
0,16,46,0.5,0.16777,180,0,0,760777
0,8,24,0.5,0.16885,180,0,0,760792
0,0,0,0.5,0.16885,180,0,0,760797
-2,9,22,0.5,0.170065,180,0,0,760808
0,7,23,0.5,0.17101,180,0,0,760827
3,11,24,0.5,0.172495,180,0,0,760845
0,11,21,0.5,0.17398,180,0,0,760858
0,12,21,0.5,0.1756,180,0,0,760877
-6,8,16,0.5,0.17668,180,0,0,760890
0,10,17,0.5,0.17803,180,0,0,760907
0,11,17,0.5,0.179515,180,0,0,760926
2,9,17,0.5,0.18073,180,0,0,760940
0,7,16,0.5,0.181675,180,0,0,760957
0,5,15,0.5,0.18235,180,0,0,760976
-2,5,14,0.5,0.183025,180,0,0,760990
0,3,14,0.5,0.18343,180,0,0,761007
1,6,17,0.5,0.18424,180,0,0,761026
-1,5,16,0.5,0.184915,180,0,0,761040
0,17,36,0.5,0.18721,180,0,0,761062
0,11,20,0.5,0.188695,180,0,0,761076
-1,13,19,0.5,0.19045,180,0,0,761091
2,16,21,0.5,0.19261,180,0,0,761110
-1,17,21,0.5,0.194905,180,0,0,761126
0,15,21,0.5,0.19693,180,0,0,761144
0,15,23,0.5,0.198955,180,0,0,761159
0,14,23,0.5,0.200845,180,0,0,761181
1,17,23,0.5,0.20314,180,0,0,761196
-5,14,24,0.5,0.20503,180,0,0,761209
-1,17,23,0.5,0.207325,180,0,0,761225
0,17,24,0.5,0.20962,180,0,0,761241
0,11,24,0.5,0.211105,180,0,0,761258
0,14,24,0.5,0.212995,180,0,0,761274
3,13,24,0.5,0.21475,180,0,0,761305
0,25,42,0.5,0.218125,180,0,0,761339
0,20,38,0.5,0.220825,180,0,0,761359
1,5,18,0.5,0.2215,180,0,0,761372
0,6,16,0.5,0.22231,180,0,0,761382
0,5,15,0.5,0.222985,180,0,0,761394
0,0,0,0.5,0.222985,180,0,0,761399
0,4,15,0.5,0.223525,180,0,0,761420
0,2,16,0.5,0.223795,180,0,0,761438
0,5,15,0.5,0.22447,180,0,0,761456
0,4,17,0.5,0.22501,180,0,0,761471
0,14,20,0.5,0.2269,180,0,0,761491
3,9,36,0.5,0.228115,180,0,0,761509
0,11,21,0.5,0.2296,180,0,0,761523
0,10,32,0.5,0.23095,180,0,0,761556
0,8,23,0.5,0.23203,180,0,0,761570
-1,10,23,0.5,0.23338,180,0,0,761581
0,11,23,0.5,0.234865,180,0,0,761596
0,13,22,0.5,0.23662,180,0,0,761609
0,12,21,0.5,0.23824,180,0,0,761622
0,13,22,0.5,0.239995,180,0,0,761640
0,15,21,0.5,0.24202,180,0,0,761657
-2,14,22,0.5,0.24391,180,0,0,761671
-1,13,21,0.5,0.245665,180,0,0,761689
0,14,21,0.5,0.247555,180,0,0,761705
-3,15,19,0.5,0.24958,180,0,0,761720
2,16,21,0.5,0.25174,180,1,0,761738
0,15,18,0.5,0.253765,180,1,0,761754
0,19,18,0.5,0.25633,180,1,0,761782
-3,33,32,0.5,0.260785,180,0,0,761805
-1,12,13,0.5,0.262405,180,0,0,761815
0,0,0,0.5,0.262405,180,0,0,761820
0,12,13,0.5,0.264025,180,0,0,761838
0,10,14,0.5,0.265375,180,0,0,761855
0,9,14,0.5,0.26659,180,0,0,761870
-7,20,28,0.5,0.26929,180,0,0,761894
0,14,17,0.5,0.27118,180,0,0,761906
0,15,20,0.5,0.273205,180,0,0,761923
0,17,19,0.5,0.2755,180,0,0,761941
0,15,20,0.5,0.277525,180,0,0,761955
0,15,21,0.5,0.27955,180,0,0,761971
0,20,21,0.5,0.28225,180,0,0,761988
-3,15,20,0.5,0.284275,180,0,0,762005
0,18,21,0.5,0.286705,180,0,1,762034
0,16,22,0.5,0.288865,180,0,1,762046
-1,15,24,0.5,0.29089,180,0,1,762059
0,18,22,0.5,0.29332,180,0,1,762072
1,20,23,0.5,0.29602,180,0,1,762091
0,21,24,0.5,0.298855,180,0,0,762109
-1,21,19,0.5,0.30169,180,0,0,762122
0,21,22,0.5,0.304525,180,0,0,762138
3,22,23,0.5,0.307495,180,0,1,762165
0,42,42,0.5,0.313165,180,0,1,762188
-2,21,20,0.5,0.316,180,0,1,762203
-1,25,21,0.5,0.319375,180,0,0,762214
-2,25,20,0.5,0.32275,180,0,0,762225
0,0,0,0.5,0.32275,180,0,0,762233
2,54,26,0.5,0.33004,180,0,0,762257
-1,26,14,0.5,0.33355,180,0,0,762270
0,27,31,0.5,0.337195,180,0,1,762294
0,29,15,0.5,0.34111,180,0,1,762305
0,32,15,0.5,0.34543,180,0,0,762321
0,32,14,0.5,0.34975,180,0,0,762336
0,26,14,0.5,0.35326,180,0,0,762357
2,24,15,0.5,0.3565,180,0,0,762370
-2,23,13,0.5,0.359605,180,0,0,762387
0,21,13,0.5,0.36244,180,0,1,762405
0,23,16,0.5,0.365545,180,0,1,762421
0,24,18,0.5,0.368785,180,0,0,762438
0,22,17,0.5,0.371755,180,0,0,762455
0,23,19,0.5,0.37486,180,0,0,762470
0,20,20,0.5,0.37756,180,0,0,762487
-1,14,20,0.5,0.37945,180,0,1,762506
0,14,20,0.5,0.38134,180,0,1,762521
0,14,19,0.5,0.38323,180,0,1,762538
4,15,19,0.5,0.385255,180,0,1,762554
0,11,18,0.5,0.38674,180,0,1,762570
0,11,18,0.5,0.388225,180,0,0,762587
-4,11,17,0.5,0.38971,180,0,0,762604
0,12,16,0.5,0.39133,180,0,0,762622
2,23,17,0.5,0.394435,180,0,1,762637
0,13,24,0.5,0.39619,180,0,1,762656
0,14,22,0.5,0.39808,180,0,1,762673
-3,14,14,0.5,0.39997,180,0,1,762687
0,15,12,0.5,0.401995,180,0,0,762704
1,17,12,0.5,0.40429,180,0,0,762723
0,17,10,0.5,0.406585,180,0,0,762736
-1,16,9,0.5,0.408745,180,0,0,762752
0,15,8,0.5,0.41077,180,0,0,762770
0,16,7,0.5,0.41293,180,0,1,762785
-1,15,6,0.5,0.414955,180,0,1,762801
0,12,7,0.5,0.416575,180,0,1,762819
0,11,7,0.5,0.41806,180,0,0,762835
0,11,10,0.5,0.419545,180,0,0,762855
-1,12,11,0.5,0.421165,180,0,0,762870
-2,15,13,0.5,0.42319,180,0,0,762887
0,17,14,0.5,0.425485,180,0,1,762904
0,18,11,0.5,0.427915,180,0,1,762919
-1,22,13,0.5,0.430885,180,0,1,762936
0,20,13,0.5,0.433585,180,0,0,762954
0,20,13,0.5,0.436285,180,0,0,762971
0,17,13,0.5,0.43858,180,0,0,762986
0,16,15,0.5,0.44074,180,0,0,763004
0,15,14,0.5,0.442765,180,0,0,763021
0,14,15,0.5,0.444655,180,0,1,763045
0,15,14,0.5,0.44668,180,0,1,763056
-10,28,24,0.5,0.45046,180,0,1,763074
-1,14,14,0.5,0.45235,180,0,0,763087
-1,15,14,0.5,0.454375,180,0,0,763106
1,13,14,0.5,0.45613,180,0,0,763122
0,16,14,0.5,0.45829,180,0,0,763142
-1,16,14,0.5,0.46045,180,0,1,763159
1,16,12,0.5,0.46261,180,0,1,763172
-1,18,13,0.5,0.46504,180,0,1,763186
0,18,12,0.5,0.46747,180,0,1,763202
0,19,10,0.5,0.470035,180,0,0,763222
0,20,10,0.5,0.472735,180,0,0,763236
0,24,9,0.5,0.475975,180,0,0,763253
-2,23,8,0.5,0.47908,180,0,0,763268
0,24,8,0.5,0.48232,180,0,1,763286
-1,24,7,0.5,0.48556,180,0,1,763303
-11,24,1,0.5,0.4888,180,0,1,763317
-1,23,8,0.5,0.491905,180,0,1,763338
3,22,10,0.5,0.494875,180,0,1,763352
-3,22,6,0.5,0.497845,180,0,0,763368
-1,21,6,0.5,0.50068,180,0,0,763384
0,20,7,0.5,0.50338,180,0,0,763402
0,18,6,0.5,0.50581,180,0,0,763418
0,16,6,0.5,0.50797,180,0,0,763435
0,15,7,0.5,0.509995,180,0,1,763453
0,25,15,0.5,0.51337,180,0,1,763472
0,0,0,0.5,0.51337,180,0,1,763483
-1,28,22,0.5,0.51715,180,0,0,763505
2,13,14,0.5,0.518905,180,0,0,763522
0,13,14,0.5,0.52066,180,0,0,763538
0,15,13,0.5,0.522685,180,0,0,763556
0,13,13,0.5,0.52444,180,0,0,763572
-2,13,12,0.5,0.526195,180,0,1,763586
0,12,14,0.5,0.527815,180,0,1,763606
0,12,14,0.5,0.529435,180,0,1,763620
0,12,14,0.5,0.531055,180,0,1,763637
0,8,14,0.5,0.532135,180,0,0,763654
0,9,13,0.5,0.53335,180,0,0,763671
-5,6,9,0.5,0.53416,180,0,0,763685
5,8,13,0.5,0.53524,180,0,0,763709
0,8,10,0.5,0.53632,180,0,0,763719
0,10,9,0.5,0.53767,180,0,1,763736
0,7,8,0.5,0.538615,180,0,1,763754
0,11,9,0.5,0.5401,180,0,1,763769
0,8,8,0.5,0.54118,180,0,0,763785
0,9,8,0.5,0.542395,180,0,0,763802
0,8,8,0.5,0.543475,180,0,0,763821
0,8,8,0.5,0.544555,180,0,0,763834
0,8,7,0.5,0.545635,180,0,0,763853
0,17,16,0.5,0.54793,180,0,1,763873
0,9,8,0.5,0.549145,180,0,1,763890
0,8,8,0.5,0.550225,180,0,1,763903
0,11,8,0.5,0.55171,180,0,1,763920
-3,8,9,0.5,0.55279,180,0,0,763935
0,9,8,0.5,0.554005,180,0,0,763951
-1,10,8,0.5,0.555355,180,0,0,763969
0,10,7,0.5,0.556705,180,0,0,763985
0,14,6,0.5,0.558595,180,0,0,764002
-1,14,6,0.5,0.560485,180,0,1,764018
1,16,6,0.5,0.562645,180,0,1,764035
-5,17,4,0.5,0.56494,180,0,1,764052
0,18,5,0.5,0.56737,180,0,1,764069
0,19,5,0.5,0.569935,180,0,0,764084
0,20,4,0.5,0.572635,180,0,0,764102
0,19,5,0.5,0.5752,180,0,0,764119
0,19,4,0.5,0.577765,180,0,0,764134
0,19,4,0.5,0.58033,180,0,0,764151
0,20,3,0.5,0.58303,180,0,0,764169
-1,19,3,0.5,0.585595,180,0,1,764184
0,20,2,0.5,0.588295,180,0,1,764201
0,20,2,0.5,0.590995,180,0,1,764218
0,18,2,0.5,0.593425,180,0,1,764234
0,16,3,0.5,0.595585,180,0,1,764253
-4,24,6,0.5,0.598825,180,0,0,764269
0,10,6,0.5,0.600175,180,0,0,764284
-2,12,4,0.5,0.601795,180,0,0,764303
-1,10,8,0.5,0.603145,180,0,0,764320
0,13,9,0.5,0.6049,180,0,0,764337
0,14,9,0.5,0.60679,180,0,1,764354
-2,13,10,0.5,0.608545,180,0,1,764370
0,12,10,0.5,0.610165,180,0,1,764386
0,12,11,0.5,0.611785,180,0,0,764405
0,11,10,0.5,0.61327,180,0,0,764423
4,11,13,0.5,0.614755,180,0,0,764438
0,11,10,0.5,0.61624,180,0,0,764459
0,10,10,0.5,0.61759,180,0,0,764474
0,9,9,0.5,0.618805,180,0,1,764489
0,11,10,0.5,0.62029,180,0,1,764502
0,11,11,0.5,0.621775,180,0,1,764520
1,10,10,0.5,0.623125,180,0,1,764535
0,8,10,0.5,0.624205,180,0,0,764553
0,6,9,0.5,0.625015,180,0,0,764568
0,4,8,0.5,0.625555,180,0,0,764589
0,3,9,0.5,0.62596,180,0,0,764603
0,2,9,0.5,0.62623,180,0,1,764618
0,3,8,0.5,0.626635,180,0,1,764637
0,3,8,0.5,0.62704,180,0,1,764653
0,8,16,0.5,0.62812,180,0,1,764674
-1,5,9,0.5,0.628795,180,0,1,764687
0,4,7,0.5,0.629335,180,0,1,764702
0,4,7,0.5,0.629875,180,0,0,764718
1,5,7,0.5,0.63055,180,0,0,764736
-2,4,5,0.5,0.63109,180,0,0,764754
0,5,6,0.5,0.631765,180,0,0,764768
0,6,5,0.5,0.632575,180,0,1,764785
0,6,4,0.5,0.633385,180,0,1,764800
0,6,5,0.5,0.634195,180,0,1,764818
0,6,5,0.5,0.635005,180,0,1,764835
0,5,5,0.5,0.63568,180,0,1,764851
0,3,5,0.5,0.636085,180,0,0,764868
3,2,6,0.5,0.636355,180,0,0,764885
0,2,4,0.5,0.636625,180,0,0,764901
0,1,4,0.5,0.63676,180,0,0,764918
-1,1,4,0.5,0.636895,180,0,1,764935
0,1,4,0.5,0.63703,180,0,1,764950
1,3,4,0.5,0.637435,180,0,1,764967
0,2,4,0.5,0.637705,180,0,1,764984
0,3,3,0.5,0.63811,180,0,1,765000
0,3,4,0.5,0.638515,180,0,1,765018
0,4,4,0.5,0.639055,180,0,0,765035
0,4,4,0.5,0.639595,180,0,0,765050
-3,7,7,0.5,0.64054,180,0,0,765068
4,4,5,0.5,0.64108,180,0,0,765084
0,3,3,0.5,0.641485,180,0,1,765100
0,5,3,0.5,0.64216,180,0,1,765117
-4,5,1,0.5,0.642835,180,0,1,765133
0,5,2,0.5,0.64351,180,0,1,765150
0,5,2,0.5,0.644185,180,0,1,765167
0,4,2,0.5,0.644725,180,0,0,765184
-1,3,3,0.5,0.64513,180,0,0,765201
0,3,3,0.5,0.645535,180,0,0,765219
0,2,2,0.5,0.645805,180,0,0,765234
1,4,3,0.5,0.646345,180,0,0,765251
0,4,2,0.5,0.646885,180,0,0,765267
0,3,1,0.5,0.64729,180,0,0,765284
0,3,1,0.5,0.647695,180,0,0,765300
0,4,0,0.5,0.648235,180,0,0,765316
0,2,0,0.5,0.648505,180,0,0,765333
0,0,0,0.5,0.648505,180,0,0,765349
0,0,0,0.5,0.648505,180,0,0,765366
0,-2,0,0.5,0.648235,180,0,0,765384
0,-2,-1,0.5,0.647965,180,0,0,765400
0,-5,1,0.5,0.64729,180,0,0,765417
-4,-4,1,0.5,0.64675,180,0,0,765434
0,-5,3,0.5,0.646075,180,0,0,765452
0,0,9,0.5,0.646075,180,0,0,765469
0,2,5,0.5,0.646345,180,0,0,765485
0,4,6,0.5,0.646885,180,0,0,765503
0,6,6,0.5,0.647695,180,0,0,765518
0,7,6,0.5,0.64864,180,0,0,765536
0,7,5,0.5,0.649585,180,0,0,765551
0,10,6,0.5,0.650935,180,0,0,765568
0,11,7,0.5,0.65242,180,0,1,765587
0,12,7,0.5,0.65404,180,0,1,765603
0,12,8,0.5,0.65566,180,0,1,765621
2,11,8,0.5,0.657145,180,0,1,765636
0,12,8,0.5,0.658765,180,0,0,765654
0,10,8,0.5,0.660115,180,0,0,765668
-5,8,5,0.5,0.661195,180,0,0,765685
1,5,10,0.5,0.66187,180,0,0,765702
2,6,10,0.5,0.66268,180,0,0,765725
0,5,8,0.5,0.663355,180,0,0,765735
0,6,8,0.5,0.664165,180,0,1,765753
0,5,7,0.5,0.66484,180,0,1,765768
0,5,7,0.5,0.665515,180,0,1,765785
0,5,6,0.5,0.66619,180,0,1,765802
0,1,6,0.5,0.666325,180,0,0,765822
0,2,5,0.5,0.666595,180,0,0,765834
0,0,4,0.5,0.666595,180,0,0,765851
0,-2,7,0.5,0.666325,180,0,0,765870
0,0,3,0.5,0.666325,180,0,0,765884
0,1,2,0.5,0.66646,180,0,0,765902
0,2,2,0.5,0.66673,180,0,0,765917
0,5,2,0.5,0.667405,180,0,0,765933
0,6,2,0.5,0.668215,180,0,1,765950
0,9,2,0.5,0.66943,180,0,1,765967
0,7,3,0.5,0.670375,180,0,1,765987
0,7,3,0.5,0.67132,180,0,1,766001
-4,4,0,0.5,0.67186,180,0,0,766016
0,4,3,0.5,0.6724,180,0,0,766034
4,2,5,0.5,0.67267,180,0,0,766052
-4,1,1,0.5,0.672805,180,0,0,766066
0,3,3,0.5,0.67321,180,0,0,766084
0,4,4,0.5,0.67375,180,0,0,766108
0,3,4,0.5,0.674155,180,0,0,766117
0,4,5,0.5,0.674695,180,0,1,766134
0,4,7,0.5,0.675235,180,0,1,766154
0,2,7,0.5,0.675505,180,0,1,766169
0,1,8,0.5,0.67564,180,0,1,766184
0,-1,9,0.5,0.675505,180,0,1,766203
0,-1,7,0.5,0.67537,180,0,0,766221
1,-4,6,0.5,0.67483,180,0,0,766234
0,-6,6,0.5,0.67402,180,0,0,766253
0,-12,6,0.5,0.6724,180,0,0,766271
0,-7,10,0.5,0.671455,180,0,0,766287
-1,-4,5,0.5,0.670915,180,0,0,766301
1,-1,6,0.5,0.67078,180,0,0,766319
-2,0,5,0.5,0.67078,180,0,1,766334
3,2,7,0.5,0.67105,180,0,1,766352
0,1,5,0.5,0.671185,180,0,1,766369
-4,2,3,0.5,0.671455,180,0,1,766384
0,0,4,0.5,0.671455,180,0,1,766401
0,0,4,0.5,0.671455,180,0,0,766418
0,-1,4,0.5,0.67132,180,0,0,766435
0,-2,3,0.5,0.67105,180,0,0,766451
0,-2,3,0.5,0.67078,180,0,0,766468
0,-2,1,0.5,0.67051,180,0,0,766483
0,-3,3,0.5,0.670105,180,0,0,766501
0,-1,2,0.5,0.66997,180,0,0,766517
0,-1,2,0.5,0.669835,180,0,0,766534
0,0,2,0.5,0.669835,180,0,0,766550
0,1,3,0.5,0.66997,180,0,0,766567
0,1,2,0.5,0.670105,180,0,0,766583
0,1,2,0.5,0.67024,180,0,0,766600
1,2,2,0.5,0.67051,180,0,0,766618
0,2,3,0.5,0.67078,180,0,0,766635
0,2,2,0.5,0.67105,180,0,0,766651
0,3,2,0.5,0.671455,180,0,0,766668
-1,2,4,0.5,0.671725,180,0,0,766684
0,1,1,0.5,0.67186,180,0,0,766700
-1,3,2,0.5,0.672265,180,0,0,766721
0,2,2,0.5,0.672535,180,0,0,766736
-11,1,-3,0.5,0.67267,180,0,0,766753
0,3,2,0.5,0.673075,180,0,0,766767
0,1,3,0.5,0.67321,180,0,0,766786
0,2,3,0.5,0.67348,180,0,0,766802
0,2,2,0.5,0.67375,180,0,0,766817
0,2,2,0.5,0.67402,180,0,0,766834
0,2,3,0.5,0.67429,180,0,0,766850
0,2,2,0.5,0.67456,180,0,0,766867
0,-1,3,0.5,0.674425,180,0,0,766884
0,0,3,0.5,0.674425,180,0,0,766900
0,-1,3,0.5,0.67429,180,0,0,766917
0,1,5,0.5,0.674425,180,0,0,766934
0,-1,5,0.5,0.67429,180,0,0,766951
0,1,5,0.5,0.674425,180,0,0,766967
0,0,5,0.5,0.674425,180,0,0,766984
0,3,6,0.5,0.67483,180,0,0,767001
0,2,5,0.5,0.6751,180,0,0,767018
0,3,5,0.5,0.675505,180,0,0,767034
0,4,5,0.5,0.676045,180,0,0,767051
-3,1,5,0.5,0.67618,180,0,0,767068
-1,7,8,0.5,0.677125,180,0,0,767086
1,2,4,0.5,0.677395,180,0,0,767101
0,3,3,0.5,0.6778,180,0,0,767117
-1,3,2,0.5,0.678205,180,0,0,767133
0,3,3,0.5,0.67861,180,0,0,767150
0,2,2,0.5,0.67888,180,0,0,767169
0,3,3,0.5,0.679285,180,0,0,767183
0,0,2,0.5,0.679285,180,0,0,767200
0,4,3,0.5,0.679825,180,0,0,767218
0,1,3,0.5,0.67996,180,0,0,767234
0,3,4,0.5,0.680365,180,0,0,767250
0,3,3,0.5,0.68077,180,0,0,767269
0,3,4,0.5,0.681175,180,0,0,767284
0,2,3,0.5,0.681445,180,0,0,767301
0,2,3,0.5,0.681715,180,0,0,767318
0,2,3,0.5,0.681985,180,0,0,767333
3,2,5,0.5,0.682255,180,0,0,767353
0,0,3,0.5,0.682255,180,0,0,767367
0,1,3,0.5,0.68239,180,0,0,767384
0,-1,3,0.5,0.682255,180,0,0,767403
0,3,3,0.5,0.68266,180,0,0,767417
0,1,3,0.5,0.682795,180,0,0,767436
0,3,3,0.5,0.6832,180,0,0,767451
0,6,3,0.5,0.68401,180,0,0,767467
0,7,6,0.5,0.684955,180,0,0,767484
0,3,3,0.5,0.68536,180,0,0,767501
0,4,3,0.5,0.6859,180,0,0,767522
0,3,3,0.5,0.686305,180,0,0,767534
0,2,2,0.5,0.686575,180,0,0,767551
0,3,2,0.5,0.68698,180,0,0,767567
0,2,2,0.5,0.68725,180,0,0,767583
0,3,2,0.5,0.687655,180,0,0,767600
0,2,2,0.5,0.687925,180,0,0,767619
0,2,1,0.5,0.688195,180,0,0,767633
0,3,1,0.5,0.6886,180,0,0,767650
0,2,1,0.5,0.68887,180,0,0,767666
0,2,1,0.5,0.68914,180,0,0,767684
0,1,2,0.5,0.689275,180,0,0,767700
0,2,1,0.5,0.689545,180,0,0,767717
0,1,2,0.5,0.68968,180,0,0,767734
0,2,1,0.5,0.68995,180,0,0,767750
1,1,2,0.5,0.690085,180,0,0,767767
0,2,1,0.5,0.690355,180,0,0,767783
-4,1,-1,0.5,0.69049,180,0,0,767800
-3,1,0,0.5,0.690625,180,0,0,767817
-3,3,0,0.5,0.69103,180,0,0,767833
9,1,6,0.5,0.691165,180,0,0,767854
0,2,2,0.5,0.691435,180,0,0,767870
0,4,2,0.5,0.691975,180,0,0,767884
-3,3,0,0.5,0.69238,180,0,0,767899
-1,2,0,0.5,0.69265,180,0,0,767917
0,2,0,0.5,0.69292,180,0,0,767933
0,3,0,0.5,0.693325,180,0,0,767949
0,1,1,0.5,0.69346,180,0,0,767966
2,2,0,0.5,0.69373,180,0,0,767983
0,1,1,0.5,0.693865,180,0,0,768000
-1,1,1,0.5,0.694,180,0,0,768018
0,0,0,0.5,0.694,180,0,0,768032
0,0,1,0.5,0.694,180,0,0,768050
-1,0,0,0.5,0.694,180,0,0,768070
-1,0,0,0.5,0.694,180,0,0,768083
0,1,0,0.5,0.694135,180,0,0,768099
1,1,0,0.5,0.69427,180,0,0,768116
0,-1,0,0.5,0.694135,180,0,0,768133
0,1,0,0.5,0.69427,180,0,0,768149
0,0,0,0.5,0.69427,180,0,0,768166
0,1,0,0.5,0.694405,180,0,0,768183
0,0,0,0.5,0.694405,180,0,0,768199
0,0,0,0.5,0.694405,180,0,0,768216
0,0,-1,0.5,0.694405,180,0,0,768233
0,0,0,0.5,0.694405,180,0,0,768249
0,0,0,0.5,0.694405,180,0,0,768266
0,0,0,0.5,0.694405,180,0,0,768283
0,0,0,0.5,0.694405,180,0,0,768301
0,0,1,0.5,0.694405,180,0,0,768318
0,0,0,0.5,0.694405,180,0,0,768332
1,0,0,0.5,0.694405,180,0,0,768349
0,-1,-1,0.5,0.69427,180,0,0,768368
0,0,0,0.5,0.69427,180,0,0,768382
0,-1,0,0.5,0.694135,180,0,0,768400
0,0,0,0.5,0.694135,180,0,0,768417
0,0,0,0.5,0.694135,180,0,0,768432
0,0,0,0.5,0.694135,180,0,0,768449
0,0,-1,0.5,0.694135,180,0,0,768467
0,-1,0,0.5,0.694,180,0,0,768483
0,-1,-1,0.5,0.693865,180,0,0,768500
0,1,0,0.5,0.694,180,0,0,768517
0,-1,-1,0.5,0.693865,180,0,0,768533
0,-1,0,0.5,0.69373,180,0,0,768550
0,0,0,0.5,0.69373,180,0,0,768566
0,-1,0,0.5,0.693595,180,0,0,768583
0,-1,-1,0.5,0.69346,180,0,0,768600
0,-1,0,0.5,0.693325,180,0,0,768617
0,0,-1,0.5,0.693325,180,0,0,768633
0,-1,0,0.5,0.69319,180,0,0,768650
0,-1,-1,0.5,0.693055,180,0,0,768668
-1,-1,-2,0.5,0.69292,180,0,0,768683
6,-1,0,0.5,0.692785,180,0,0,768700
-2,-1,0,0.5,0.69265,180,0,0,768717
0,0,0,0.5,0.69265,180,0,0,768732
0,-1,-1,0.5,0.692515,180,0,0,768750
0,0,-2,0.5,0.692515,180,0,0,768767
0,0,0,0.5,0.692515,180,0,0,768782
0,0,-1,0.5,0.692515,180,0,0,768800
0,0,-1,0.5,0.692515,180,0,0,768816
0,0,0,0.5,0.692515,180,0,0,768832
0,0,-1,0.5,0.692515,180,0,0,768850
0,-1,0,0.5,0.69238,180,0,0,768866
0,0,0,0.5,0.69238,180,0,0,768882
0,-1,0,0.5,0.692245,180,0,0,768900
0,0,0,0.5,0.692245,180,0,0,768916
0,-2,-1,0.5,0.691975,180,0,0,768934
0,0,0,0.5,0.691975,180,0,0,768949
0,-1,-1,0.5,0.69184,180,0,0,768967
0,0,0,0.5,0.69184,180,0,0,768983
0,0,-1,0.5,0.69184,180,0,0,769001
0,0,-1,0.5,0.69184,180,0,0,769016
0,-1,-1,0.5,0.691705,180,0,0,769034
0,0,0,0.5,0.691705,180,0,0,769049
0,0,0,0.5,0.691705,180,0,0,769066
0,-2,-1,0.5,0.691435,180,0,0,769083
0,-1,0,0.5,0.6913,180,0,0,769100
0,0,0,0.5,0.6913,180,0,0,769116
0,-1,0,0.5,0.691165,180,0,0,769133
0,0,-1,0.5,0.691165,180,0,0,769150
0,0,0,0.5,0.691165,180,0,0,769166
0,0,-1,0.5,0.691165,180,0,0,769183
0,-1,0,0.5,0.69103,180,0,0,769199
0,-1,0,0.5,0.690895,180,0,0,769216
0,0,-1,0.5,0.690895,180,0,0,769233
0,-1,0,0.5,0.69076,180,0,0,769249
0,0,0,0.5,0.69076,180,0,0,769266
0,0,-1,0.5,0.69076,180,0,0,769283
2,0,0,0.5,0.69076,180,0,0,769299
1,-1,0,0.5,0.690625,180,0,0,769317
0,1,0,0.5,0.69076,180,0,0,769333
0,-1,-1,0.5,0.690625,180,0,0,769350
0,0,0,0.5,0.690625,180,0,0,769366
0,0,0,0.5,0.690625,180,0,0,769382
0,-1,-1,0.5,0.69049,180,0,0,769400
-1,-1,0,0.5,0.690355,180,0,0,769416
0,0,-1,0.5,0.690355,180,0,0,769433
0,0,0,0.5,0.690355,180,0,0,769449
0,-1,0,0.5,0.69022,180,0,0,769466
0,-1,0,0.5,0.690085,180,0,0,769483
0,0,-1,0.5,0.690085,180,0,0,769500
0,0,0,0.5,0.690085,180,0,0,769516
0,-1,0,0.5,0.68995,180,0,0,769532
0,0,0,0.5,0.68995,180,0,0,769549
0,0,0,0.5,0.68995,180,0,0,769566
0,0,0,0.5,0.68995,180,0,0,769582
0,-1,0,0.5,0.689815,180,0,0,769600
0,0,0,0.5,0.689815,180,0,0,769616
0,0,0,0.5,0.689815,180,0,0,769632
0,1,0,0.5,0.68995,180,0,0,769649
0,0,0,0.5,0.68995,180,0,0,769666
1,0,-1,0.5,0.68995,180,0,0,769683
0,-1,0,0.5,0.689815,180,0,0,769699
0,0,0,0.5,0.689815,180,0,0,769716
0,0,0,0.5,0.689815,180,0,0,769732
0,-1,0,0.5,0.68968,180,0,0,769749
0,0,0,0.5,0.68968,180,0,0,769766
0,0,0,0.5,0.68968,180,0,0,769782
0,0,0,0.5,0.68968,180,0,0,769799
0,0,0,0.5,0.68968,180,0,0,769816
0,-1,0,0.5,0.689545,180,0,0,769832
0,0,0,0.5,0.689545,180,0,0,769849
0,0,0,0.5,0.689545,180,0,0,769866
0,0,0,0.5,0.689545,180,0,0,769882
0,0,0,0.5,0.689545,180,0,0,769899
0,0,-1,0.5,0.689545,180,0,0,769916
0,0,0,0.5,0.689545,180,0,0,769932
0,0,0,0.5,0.689545,180,0,0,769949
0,0,0,0.5,0.689545,180,0,0,769966
0,0,0,0.5,0.689545,180,0,0,769984
0,0,0,0.5,0.689545,180,0,0,769999
0,0,0,0.5,0.689545,180,0,0,770016
0,0,0,0.5,0.689545,180,0,0,770033
0,0,0,0.5,0.689545,180,0,0,770049
0,0,0,0.5,0.689545,180,0,0,770066
0,0,0,0.5,0.689545,180,0,0,770082
0,0,0,0.5,0.689545,180,0,0,770099
0,0,0,0.5,0.689545,180,0,0,770116
0,-1,0,0.5,0.68941,180,0,0,770133
0,0,0,0.5,0.68941,180,0,0,770149
0,0,0,0.5,0.68941,180,0,0,770166
0,0,0,0.5,0.68941,180,0,0,770182
0,0,0,0.5,0.68941,180,0,0,770199
0,0,0,0.5,0.68941,180,0,0,770216
0,0,0,0.5,0.68941,180,0,0,770232
0,0,0,0.5,0.68941,180,0,0,770249
0,0,0,0.5,0.68941,180,0,0,770266
0,0,0,0.5,0.68941,180,0,0,770282
0,1,0,0.5,0.689545,180,0,0,770299
0,0,0,0.5,0.689545,180,0,0,770316
0,0,0,0.5,0.689545,180,0,0,770332
0,0,0,0.5,0.689545,180,0,0,770349
0,0,0,0.5,0.689545,180,0,0,770366
0,0,0,0.5,0.689545,180,0,0,770382
0,0,0,0.5,0.689545,180,0,0,770399
0,0,0,0.5,0.689545,180,0,0,770416
0,0,0,0.5,0.689545,180,0,0,770432
0,1,0,0.5,0.68968,180,0,0,770449
0,0,0,0.5,0.68968,180,0,0,770466
0,0,0,0.5,0.68968,180,0,0,770482
0,0,0,0.5,0.68968,180,0,0,770499
0,0,0,0.5,0.68968,180,0,0,770516
0,0,1,0.5,0.68968,180,0,0,770533
0,0,0,0.5,0.68968,180,0,0,770549
0,0,0,0.5,0.68968,180,0,0,770566
0,0,0,0.5,0.68968,180,0,0,770583
0,0,0,0.5,0.68968,180,0,0,770599
0,0,0,0.5,0.68968,180,0,0,770616
0,0,0,0.5,0.68968,180,0,0,770633
0,0,0,0.5,0.68968,180,0,0,770649
0,0,0,0.5,0.68968,180,0,0,770666
0,1,0,0.5,0.689815,180,0,0,770683
0,1,0,0.5,0.68995,180,0,0,770699
0,0,0,0.5,0.68995,180,0,0,770716
0,0,0,0.5,0.68995,180,0,0,770732
0,0,0,0.5,0.68995,180,0,0,770749
-3,0,0,0.5,0.68995,180,0,0,770766
0,0,0,0.5,0.68995,180,0,0,770782
0,0,0,0.5,0.68995,180,0,0,770799
0,0,0,0.5,0.68995,180,0,0,770816
2,0,0,0.5,0.68995,180,0,0,770833
0,0,0,0.5,0.68995,180,0,0,770849
0,0,0,0.5,0.68995,180,0,0,770866
1,1,0,0.5,0.690085,180,0,0,770883
0,0,0,0.5,0.690085,180,0,0,770899
0,0,0,0.5,0.690085,180,0,0,770916
0,0,0,0.5,0.690085,180,0,0,770932
0,0,0,0.5,0.690085,180,0,0,770949
0,0,1,0.5,0.690085,180,0,0,770966
0,0,0,0.5,0.690085,180,0,0,770983
0,0,0,0.5,0.690085,180,0,0,770999
0,0,0,0.5,0.690085,180,0,0,771016
0,1,0,0.5,0.69022,180,0,0,771033
-1,0,0,0.5,0.69022,180,0,0,771050
0,0,0,0.5,0.69022,180,0,0,771066
0,1,0,0.5,0.690355,180,0,0,771083
0,0,0,0.5,0.690355,180,0,0,771099
0,1,0,0.5,0.69049,180,0,0,771118
0,-1,0,0.5,0.690355,180,0,0,771133
0,0,0,0.5,0.690355,180,0,0,771149
0,0,0,0.5,0.690355,180,0,0,771167
0,0,0,0.5,0.690355,180,0,0,771182
0,0,0,0.5,0.690355,180,0,0,771199
0,0,0,0.5,0.690355,180,0,0,771215
0,0,0,0.5,0.690355,180,0,0,771232
0,0,0,0.5,0.690355,180,0,0,771249
0,1,0,0.5,0.69049,180,0,0,771266
0,0,0,0.5,0.69049,180,0,0,771282
0,0,0,0.5,0.69049,180,0,0,771299
0,0,0,0.5,0.69049,180,0,0,771316
0,1,0,0.5,0.690625,180,0,0,771332
0,0,0,0.5,0.690625,180,0,0,771349
0,0,0,0.5,0.690625,180,0,0,771365
0,0,0,0.5,0.690625,180,0,0,771382
2,-1,2,0.5,0.69049,180,0,0,771400
0,1,0,0.5,0.690625,180,0,0,771416
1,0,0,0.5,0.690625,180,0,0,771432
0,1,0,0.5,0.69076,180,0,0,771449
0,0,0,0.5,0.69076,180,0,0,771466
0,1,0,0.5,0.690895,180,0,0,771482
-1,0,-1,0.5,0.690895,180,0,0,771499
-1,0,0,0.5,0.690895,180,0,0,771516
0,0,1,0.5,0.690895,180,0,0,771533
0,0,0,0.5,0.690895,180,0,0,771549
0,0,0,0.5,0.690895,180,0,0,771566
1,0,0,0.5,0.690895,180,0,0,771583
0,0,0,0.5,0.690895,180,0,0,771599
0,1,0,0.5,0.69103,180,0,0,771616
0,-1,0,0.5,0.690895,180,0,0,771633
0,1,0,0.5,0.69103,180,0,0,771649
0,0,0,0.5,0.69103,180,0,0,771666
0,0,0,0.5,0.69103,180,0,0,771682
1,1,1,0.5,0.691165,180,0,0,771699
0,0,0,0.5,0.691165,180,0,0,771715
0,0,0,0.5,0.691165,180,0,0,771732
0,0,0,0.5,0.691165,180,0,0,771749
-1,0,0,0.5,0.691165,180,0,0,771766
0,0,0,0.5,0.691165,180,0,0,771782
0,0,0,0.5,0.691165,180,0,0,771799
0,1,0,0.5,0.6913,180,0,0,771816
0,0,0,0.5,0.6913,180,0,0,771832
0,0,0,0.5,0.6913,180,0,0,771849
0,1,0,0.5,0.691435,180,0,0,771868
0,0,0,0.5,0.691435,180,0,0,771882
0,0,0,0.5,0.691435,180,0,0,771899
0,1,0,0.5,0.69157,180,0,0,771917
0,0,0,0.5,0.69157,180,0,0,771932
0,-1,0,0.5,0.691435,180,0,0,771949
0,0,0,0.5,0.691435,180,0,0,771968
0,0,0,0.5,0.691435,180,0,0,771982
0,0,0,0.5,0.691435,180,0,0,771999
0,0,0,0.5,0.691435,180,0,0,772017
0,0,0,0.5,0.691435,180,0,0,772033
0,0,0,0.5,0.691435,180,0,0,772049
0,0,0,0.5,0.691435,180,0,0,772066
0,0,0,0.5,0.691435,180,0,0,772082
0,1,0,0.5,0.69157,180,0,0,772099
0,0,0,0.5,0.69157,180,0,0,772116
0,0,0,0.5,0.69157,180,0,0,772132
0,0,0,0.5,0.69157,180,0,0,772149
0,0,0,0.5,0.69157,180,0,0,772166
0,0,0,0.5,0.69157,180,0,0,772182
0,0,0,0.5,0.69157,180,0,0,772199
0,0,0,0.5,0.69157,180,0,0,772216
0,0,0,0.5,0.69157,180,0,0,772232
0,1,0,0.5,0.691705,180,0,0,772249
0,0,0,0.5,0.691705,180,0,0,772266
0,0,0,0.5,0.691705,180,0,0,772282
0,0,0,0.5,0.691705,180,0,0,772299
0,0,0,0.5,0.691705,180,0,0,772316
0,0,0,0.5,0.691705,180,0,0,772332
0,0,0,0.5,0.691705,180,0,0,772349
1,0,1,0.5,0.691705,180,0,0,772366
0,0,0,0.5,0.691705,180,0,0,772382
0,0,0,0.5,0.691705,180,0,0,772399
0,0,0,0.5,0.691705,180,0,0,772416
0,0,0,0.5,0.691705,180,0,0,772432
0,0,0,0.5,0.691705,180,0,0,772449
0,0,0,0.5,0.691705,180,0,0,772466
0,0,0,0.5,0.691705,180,0,0,772482
0,0,0,0.5,0.691705,180,0,0,772499
0,0,0,0.5,0.691705,180,0,0,772516
0,0,0,0.5,0.691705,180,0,0,772532
0,0,0,0.5,0.691705,180,0,0,772549
0,0,0,0.5,0.691705,180,0,0,772566
0,0,0,0.5,0.691705,180,0,0,772582
0,0,0,0.5,0.691705,180,0,0,772599
0,0,0,0.5,0.691705,180,0,0,772616
0,0,0,0.5,0.691705,180,0,0,772632
0,0,0,0.5,0.691705,180,0,0,772649
0,0,0,0.5,0.691705,180,0,0,772666
0,0,0,0.5,0.691705,180,0,0,772682
0,0,0,0.5,0.691705,180,0,0,772699
0,0,0,0.5,0.691705,180,0,0,772716
0,0,0,0.5,0.691705,180,0,0,772732
0,0,0,0.5,0.691705,180,0,0,772749
0,0,-1,0.5,0.691705,180,0,0,772766
0,0,0,0.5,0.691705,180,0,0,772782
0,0,0,0.5,0.691705,180,0,0,772799
0,0,0,0.5,0.691705,180,0,0,772816
0,0,0,0.5,0.691705,180,0,0,772832
0,-1,0,0.5,0.69157,180,0,0,772850
0,0,0,0.5,0.69157,180,0,0,772866
0,0,0,0.5,0.69157,180,0,0,772882
0,0,0,0.5,0.69157,180,0,0,772899
0,0,0,0.5,0.69157,180,0,0,772916
0,0,0,0.5,0.69157,180,0,0,772932
0,0,0,0.5,0.69157,180,0,0,772949
0,0,0,0.5,0.69157,180,0,0,772965
0,0,0,0.5,0.69157,180,0,0,772982
0,0,0,0.5,0.69157,180,0,0,772999
0,0,0,0.5,0.69157,180,0,0,773016
0,0,0,0.5,0.69157,180,0,0,773032
0,0,0,0.5,0.69157,180,0,0,773049
0,0,0,0.5,0.69157,180,0,0,773066
0,0,0,0.5,0.69157,180,0,0,773082
0,0,0,0.5,0.69157,180,0,0,773099
0,0,0,0.5,0.69157,180,0,0,773115
0,0,0,0.5,0.69157,180,0,0,773132
0,0,0,0.5,0.69157,180,0,0,773149
0,0,0,0.5,0.69157,180,0,0,773166
0,0,0,0.5,0.69157,180,0,0,773182
0,0,0,0.5,0.69157,180,0,0,773199
0,0,0,0.5,0.69157,180,0,0,773215
0,0,0,0.5,0.69157,180,0,0,773232
0,0,0,0.5,0.69157,180,0,0,773249
0,0,0,0.5,0.69157,180,0,0,773266
0,0,0,0.5,0.69157,180,0,0,773282
0,0,0,0.5,0.69157,180,0,0,773299
0,0,0,0.5,0.69157,180,0,0,773316
0,0,0,0.5,0.69157,180,0,0,773332
0,0,0,0.5,0.69157,180,0,0,773349
0,0,0,0.5,0.69157,180,0,0,773366
0,0,0,0.5,0.69157,180,0,0,773382
0,0,0,0.5,0.69157,180,0,0,773399
0,0,0,0.5,0.69157,180,0,0,773416
0,0,0,0.5,0.69157,180,0,0,773432
0,0,0,0.5,0.69157,180,0,0,773449
0,0,0,0.5,0.69157,180,0,0,773465
0,0,0,0.5,0.69157,180,0,0,773482
0,0,0,0.5,0.69157,180,0,0,773499
0,0,0,0.5,0.69157,180,0,0,773515
0,-1,0,0.5,0.691435,180,0,0,773533
0,0,0,0.5,0.691435,180,0,0,773549
0,0,0,0.5,0.691435,180,0,0,773566
0,0,0,0.5,0.691435,180,0,0,773582
0,0,0,0.5,0.691435,180,0,0,773599
0,0,0,0.5,0.691435,180,0,0,773616
0,0,0,0.5,0.691435,180,0,0,773632
0,0,0,0.5,0.691435,180,0,0,773649
0,0,0,0.5,0.691435,180,0,0,773666
0,0,0,0.5,0.691435,180,0,0,773682
0,0,0,0.5,0.691435,180,0,0,773699
0,0,0,0.5,0.691435,180,0,0,773715
0,0,0,0.5,0.691435,180,0,0,773732
0,0,0,0.5,0.691435,180,0,0,773749
0,0,0,0.5,0.691435,180,0,0,773765
1,0,0,0.5,0.691435,180,0,0,773783
0,0,0,0.5,0.691435,180,0,0,773799
0,0,0,0.5,0.691435,180,0,0,773816
0,0,0,0.5,0.691435,180,0,0,773832
0,0,0,0.5,0.691435,180,0,0,773849
1,0,0,0.5,0.691435,180,0,0,773866
0,0,-1,0.5,0.691435,180,0,0,773883
0,0,0,0.5,0.691435,180,0,0,773899
0,0,0,0.5,0.691435,180,0,0,773916
0,0,0,0.5,0.691435,180,0,0,773932
0,0,0,0.5,0.691435,180,0,0,773951
0,0,0,0.5,0.691435,180,0,0,773966
0,0,0,0.5,0.691435,180,0,0,773982
0,0,0,0.5,0.691435,180,0,0,773999
0,0,0,0.5,0.691435,180,0,0,774016
0,0,0,0.5,0.691435,180,0,0,774032
0,0,0,0.5,0.691435,180,0,0,774049
0,-1,0,0.5,0.6913,180,0,0,774066
0,0,0,0.5,0.6913,180,0,0,774082
0,0,0,0.5,0.6913,180,0,0,774099
0,0,0,0.5,0.6913,180,0,0,774115
0,0,0,0.5,0.6913,180,0,0,774132
0,0,0,0.5,0.6913,180,0,0,774149
0,0,0,0.5,0.6913,180,0,0,774165
0,0,0,0.5,0.6913,180,0,0,774182
0,0,0,0.5,0.6913,180,0,0,774199
0,0,0,0.5,0.6913,180,0,0,774215
0,0,0,0.5,0.6913,180,0,0,774232
0,0,0,0.5,0.6913,180,0,0,774249
0,0,0,0.5,0.6913,180,0,0,774265
0,0,0,0.5,0.6913,180,0,0,774282
0,0,0,0.5,0.6913,180,0,0,774299
0,0,0,0.5,0.6913,180,0,0,774315
-2,0,0,0.5,0.6913,180,0,0,774332
0,1,0,0.5,0.691435,180,0,0,774349
0,0,0,0.5,0.691435,180,0,0,774365
0,0,0,0.5,0.691435,180,0,0,774382
0,0,0,0.5,0.691435,180,0,0,774399
-1,0,0,0.5,0.691435,180,0,0,774416
0,0,0,0.5,0.691435,180,0,0,774432
0,0,0,0.5,0.691435,180,0,0,774449
0,0,0,0.5,0.691435,180,0,0,774465
0,0,0,0.5,0.691435,180,0,0,774482
0,0,0,0.5,0.691435,180,0,0,774499
0,0,0,0.5,0.691435,180,0,0,774515
0,0,0,0.5,0.691435,180,0,0,774532
0,0,0,0.5,0.691435,180,0,0,774549
0,0,0,0.5,0.691435,180,0,0,774565
0,0,0,0.5,0.691435,180,0,0,774582
0,0,0,0.5,0.691435,180,0,0,774599
-1,0,0,0.5,0.691435,180,0,0,774616
0,0,0,0.5,0.691435,180,0,0,774632
0,0,0,0.5,0.691435,180,0,0,774649
0,0,0,0.5,0.691435,180,0,0,774665
0,0,0,0.5,0.691435,180,0,0,774682
0,0,0,0.5,0.691435,180,0,0,774699
0,0,0,0.5,0.691435,180,0,0,774715
-1,0,0,0.5,0.691435,180,0,0,774732
0,0,0,0.5,0.691435,180,0,0,774749
0,0,0,0.5,0.691435,180,0,0,774766
0,0,-1,0.5,0.691435,180,0,0,774783
0,0,1,0.5,0.691435,180,0,0,774800
0,0,0,0.5,0.691435,180,0,0,774816
0,0,0,0.5,0.691435,180,0,0,774832
0,0,0,0.5,0.691435,180,0,0,774849
0,0,0,0.5,0.691435,180,0,0,774866
0,0,0,0.5,0.691435,180,0,0,774882
0,0,0,0.5,0.691435,180,0,0,774899
0,0,0,0.5,0.691435,180,0,0,774917
0,0,0,0.5,0.691435,180,0,0,774932
0,0,0,0.5,0.691435,180,0,0,774949
0,0,0,0.5,0.691435,180,0,0,774965
0,0,0,0.5,0.691435,180,0,0,774982
0,0,0,0.5,0.691435,180,0,0,774999
-1,0,0,0.5,0.691435,180,0,0,775018
0,0,0,0.5,0.691435,180,0,0,775034
0,0,0,0.5,0.691435,180,0,0,775049
0,0,0,0.5,0.691435,180,0,0,775066
0,0,0,0.5,0.691435,180,0,0,775082
0,0,0,0.5,0.691435,180,0,0,775099
0,0,1,0.5,0.691435,180,0,0,775116
0,0,0,0.5,0.691435,180,0,0,775132
0,0,0,0.5,0.691435,180,0,0,775149
0,0,0,0.5,0.691435,180,0,0,775165
0,0,0,0.5,0.691435,180,0,0,775182
0,0,0,0.5,0.691435,180,0,0,775199
0,0,0,0.5,0.691435,180,0,0,775215
0,0,0,0.5,0.691435,180,0,0,775232
0,0,0,0.5,0.691435,180,0,0,775249
0,0,0,0.5,0.691435,180,0,0,775265
-1,0,0,0.5,0.691435,180,0,0,775282
0,0,0,0.5,0.691435,180,0,0,775299
0,0,0,0.5,0.691435,180,0,0,775315
0,0,0,0.5,0.691435,180,0,0,775332
0,0,0,0.5,0.691435,180,0,0,775349
0,0,0,0.5,0.691435,180,0,0,775365
0,0,0,0.5,0.691435,180,0,0,775382
0,0,0,0.5,0.691435,180,0,0,775399
0,0,0,0.5,0.691435,180,0,0,775415
1,0,0,0.5,0.691435,180,0,0,775432
-1,0,0,0.5,0.691435,180,0,0,775449
0,0,0,0.5,0.691435,180,0,0,775465
0,0,0,0.5,0.691435,180,0,0,775482
1,0,0,0.5,0.691435,180,0,0,775500
0,0,0,0.5,0.691435,180,0,0,775516
-1,0,0,0.5,0.691435,180,0,0,775532
0,0,0,0.5,0.691435,180,0,0,775549
0,0,0,0.5,0.691435,180,0,0,775565
0,0,0,0.5,0.691435,180,0,0,775582
0,0,0,0.5,0.691435,180,0,0,775599
0,0,0,0.5,0.691435,180,0,0,775615
0,0,0,0.5,0.691435,180,0,0,775632
0,0,0,0.5,0.691435,180,0,0,775649
0,0,0,0.5,0.691435,180,0,0,775665
0,0,0,0.5,0.691435,180,0,0,775682
0,0,0,0.5,0.691435,180,0,0,775700
0,0,0,0.5,0.691435,180,0,0,775716
0,0,0,0.5,0.691435,180,0,0,775732
0,0,0,0.5,0.691435,180,0,0,775749
0,0,0,0.5,0.691435,180,0,0,775765
0,0,0,0.5,0.691435,180,0,0,775782
0,0,0,0.5,0.691435,180,0,0,775799
0,0,0,0.5,0.691435,180,0,0,775815
0,0,0,0.5,0.691435,180,0,0,775832
0,0,0,0.5,0.691435,180,0,0,775849
0,0,0,0.5,0.691435,180,0,0,775865
0,0,0,0.5,0.691435,180,0,0,775882
0,0,0,0.5,0.691435,180,0,0,775899
0,0,0,0.5,0.691435,180,0,0,775915
0,0,0,0.5,0.691435,180,0,0,775932
0,0,0,0.5,0.691435,180,0,0,775949
0,0,0,0.5,0.691435,180,0,0,775965
0,0,0,0.5,0.691435,180,0,0,775982
0,0,0,0.5,0.691435,180,0,0,775999
0,0,0,0.5,0.691435,180,0,0,776016
0,0,0,0.5,0.691435,180,0,0,776032
0,0,0,0.5,0.691435,180,0,0,776049
0,0,0,0.5,0.691435,180,0,0,776065
0,0,0,0.5,0.691435,180,0,0,776082
0,0,0,0.5,0.691435,180,0,0,776099
0,0,0,0.5,0.691435,180,0,0,776116
0,0,0,0.5,0.691435,180,0,0,776132
0,0,0,0.5,0.691435,180,0,0,776149
0,0,0,0.5,0.691435,180,0,0,776165
0,0,0,0.5,0.691435,180,0,0,776182
0,0,0,0.5,0.691435,180,0,0,776199
0,0,0,0.5,0.691435,180,0,0,776215
0,0,0,0.5,0.691435,180,0,0,776232
0,0,0,0.5,0.691435,180,0,0,776249
0,0,0,0.5,0.691435,180,0,0,776265
0,0,0,0.5,0.691435,180,0,0,776282
0,0,0,0.5,0.691435,180,0,0,776299
0,0,0,0.5,0.691435,180,0,0,776315
0,0,0,0.5,0.691435,180,0,0,776332
0,0,0,0.5,0.691435,180,0,0,776349
0,0,0,0.5,0.691435,180,0,0,776365
0,0,0,0.5,0.691435,180,0,0,776382
0,0,0,0.5,0.691435,180,0,0,776399
0,0,0,0.5,0.691435,180,0,0,776415
0,0,0,0.5,0.691435,180,0,0,776432
0,0,0,0.5,0.691435,180,0,0,776449
0,0,0,0.5,0.691435,180,0,0,776465
1,0,0,0.5,0.691435,180,0,0,776482
-1,0,0,0.5,0.691435,180,0,0,776499
1,0,0,0.5,0.691435,180,0,0,776516
-1,0,0,0.5,0.691435,180,0,0,776532
1,0,0,0.5,0.691435,180,0,0,776549
-1,0,0,0.5,0.691435,180,0,0,776566
0,0,0,0.5,0.691435,180,0,0,776582
0,0,0,0.5,0.691435,180,0,0,776599
0,0,0,0.5,0.691435,180,0,0,776615
0,0,0,0.5,0.691435,180,0,0,776632
0,0,0,0.5,0.691435,180,0,0,776649
0,0,0,0.5,0.691435,180,0,0,776665
1,0,0,0.5,0.691435,180,0,0,776682
0,0,0,0.5,0.691435,180,0,0,776699
-1,0,0,0.5,0.691435,180,0,0,776716
1,0,0,0.5,0.691435,180,0,0,776732
-1,0,0,0.5,0.691435,180,0,0,776749
1,0,0,0.5,0.691435,180,0,0,776766
0,0,0,0.5,0.691435,180,0,0,776782
0,0,0,0.5,0.691435,180,0,0,776799
0,0,0,0.5,0.691435,180,0,0,776816
0,0,0,0.5,0.691435,180,0,0,776832
-1,0,0,0.5,0.691435,180,0,0,776849
1,0,0,0.5,0.691435,180,0,0,776866
-1,0,0,0.5,0.691435,180,0,0,776882
0,0,0,0.5,0.691435,180,0,0,776899
1,0,0,0.5,0.691435,180,0,0,776917
-1,0,0,0.5,0.691435,180,0,0,776932
1,0,0,0.5,0.691435,180,0,0,776949
-1,0,0,0.5,0.691435,180,0,0,776966
1,0,0,0.5,0.691435,180,0,0,776982
-1,0,0,0.5,0.691435,180,0,0,776999
0,0,0,0.5,0.691435,180,0,0,777015
1,0,0,0.5,0.691435,180,0,0,777033
0,0,0,0.5,0.691435,180,0,0,777049
0,0,0,0.5,0.691435,180,0,0,777065
-1,0,0,0.5,0.691435,180,0,0,777082
1,0,0,0.5,0.691435,180,0,0,777099
0,0,0,0.5,0.691435,180,0,0,777116
0,0,0,0.5,0.691435,180,0,0,777132
0,0,0,0.5,0.691435,180,0,0,777149
0,0,0,0.5,0.691435,180,0,0,777165
-1,0,0,0.5,0.691435,180,0,0,777182
1,0,0,0.5,0.691435,180,0,0,777199
-1,0,0,0.5,0.691435,180,0,0,777216
1,0,0,0.5,0.691435,180,0,0,777232
-1,0,0,0.5,0.691435,180,0,0,777249
0,0,0,0.5,0.691435,180,0,0,777265
0,0,0,0.5,0.691435,180,0,0,777282
1,0,0,0.5,0.691435,180,0,0,777299
0,0,0,0.5,0.691435,180,0,0,777315
0,0,0,0.5,0.691435,180,0,0,777332
-1,0,0,0.5,0.691435,180,0,0,777349
0,0,0,0.5,0.691435,180,0,0,777365
0,0,0,0.5,0.691435,180,0,0,777382
0,0,0,0.5,0.691435,180,0,0,777399
0,0,0,0.5,0.691435,180,0,0,777415
1,0,0,0.5,0.691435,180,0,0,777432
-1,0,0,0.5,0.691435,180,0,0,777449
0,0,0,0.5,0.691435,180,0,0,777465
1,0,0,0.5,0.691435,180,0,0,777482
0,0,0,0.5,0.691435,180,0,0,777499
0,0,0,0.5,0.691435,180,0,0,777515
-1,0,0,0.5,0.691435,180,0,0,777532
0,0,0,0.5,0.691435,180,0,0,777549
0,0,0,0.5,0.691435,180,0,0,777565
0,0,0,0.5,0.691435,180,0,0,777582
0,0,0,0.5,0.691435,180,0,0,777599
0,0,0,0.5,0.691435,180,0,0,777615
0,0,0,0.5,0.691435,180,0,0,777632
0,0,0,0.5,0.691435,180,0,0,777649
0,0,0,0.5,0.691435,180,0,0,777665
0,0,0,0.5,0.691435,180,0,0,777682
0,0,0,0.5,0.691435,180,0,0,777699
0,0,0,0.5,0.691435,180,0,0,777715
0,0,0,0.5,0.691435,180,0,0,777732
0,0,0,0.5,0.691435,180,0,0,777749
0,0,0,0.5,0.691435,180,0,0,777765
0,0,0,0.5,0.691435,180,0,0,777782
0,0,0,0.5,0.691435,180,0,0,777799
0,0,0,0.5,0.691435,180,0,0,777815
0,0,0,0.5,0.691435,180,0,0,777832
0,0,0,0.5,0.691435,180,0,0,777849
0,0,0,0.5,0.691435,180,0,0,777865
0,0,0,0.5,0.691435,180,0,0,777882
0,0,0,0.5,0.691435,180,0,0,777899
0,0,0,0.5,0.691435,180,0,0,777915
0,0,0,0.5,0.691435,180,0,0,777932
0,0,0,0.5,0.691435,180,0,0,777949
1,0,0,0.5,0.691435,180,0,0,777965
0,0,0,0.5,0.691435,180,0,0,777982
-1,0,0,0.5,0.691435,180,0,0,777999
0,0,0,0.5,0.691435,180,0,0,778015
1,0,0,0.5,0.691435,180,0,0,778033
-1,0,0,0.5,0.691435,180,0,0,778049
1,0,0,0.5,0.691435,180,0,0,778066
0,0,0,0.5,0.691435,180,0,0,778082
0,0,0,0.5,0.691435,180,0,0,778099
-1,0,0,0.5,0.691435,180,0,0,778115
1,0,0,0.5,0.691435,180,0,0,778132
0,1,0,0.5,0.69157,180,0,0,778149
0,0,0,0.5,0.69157,180,0,0,778165
-1,0,0,0.5,0.69157,180,0,0,778182
0,0,0,0.5,0.69157,180,0,0,778199
0,0,0,0.5,0.69157,180,0,0,778215
0,-1,0,0.5,0.691435,180,0,0,778232
0,0,0,0.5,0.691435,180,0,0,778249
0,0,0,0.5,0.691435,180,0,0,778265
1,0,0,0.5,0.691435,180,0,0,778283
0,0,0,0.5,0.691435,180,0,0,778299
0,0,0,0.5,0.691435,180,0,0,778315
0,0,0,0.5,0.691435,180,0,0,778332
0,0,0,0.5,0.691435,180,0,0,778349
0,0,0,0.5,0.691435,180,0,0,778365
0,0,0,0.5,0.691435,180,0,0,778382
0,0,0,0.5,0.691435,180,0,0,778399
-1,0,-1,0.5,0.691435,180,0,0,778416
0,0,0,0.5,0.691435,180,0,0,778432
0,0,0,0.5,0.691435,180,0,0,778449
0,0,0,0.5,0.691435,180,0,0,778465
0,0,0,0.5,0.691435,180,0,0,778482
0,0,0,0.5,0.691435,180,0,0,778499
0,0,0,0.5,0.691435,180,0,0,778515
0,0,0,0.5,0.691435,180,0,0,778532
0,0,0,0.5,0.691435,180,0,0,778549
0,0,0,0.5,0.691435,180,0,0,778565
0,0,0,0.5,0.691435,180,0,0,778582
0,0,0,0.5,0.691435,180,0,0,778599
0,1,0,0.5,0.69157,180,0,0,778616
0,0,0,0.5,0.69157,180,0,0,778632
0,0,0,0.5,0.69157,180,0,0,778649
0,0,0,0.5,0.69157,180,0,0,778665
0,0,0,0.5,0.69157,180,0,0,778682
0,0,0,0.5,0.69157,180,0,0,778699
0,0,0,0.5,0.69157,180,0,0,778715
0,0,0,0.5,0.69157,180,0,0,778732
0,0,0,0.5,0.69157,180,0,0,778749
0,0,0,0.5,0.69157,180,0,0,778765
0,0,0,0.5,0.69157,180,0,0,778782
0,0,0,0.5,0.69157,180,0,0,778799
0,0,0,0.5,0.69157,180,0,0,778816
0,0,0,0.5,0.69157,180,0,0,778832
0,0,0,0.5,0.69157,180,0,0,778849
0,0,0,0.5,0.69157,180,0,0,778865
0,0,0,0.5,0.69157,180,0,0,778882
0,0,0,0.5,0.69157,180,0,0,778899
0,0,0,0.5,0.69157,180,0,0,778915
0,0,0,0.5,0.69157,180,0,0,778932
0,0,0,0.5,0.69157,180,0,0,778949
0,0,0,0.5,0.69157,180,0,0,778965
0,0,0,0.5,0.69157,180,0,0,778982
0,0,0,0.5,0.69157,180,0,0,778999
0,0,0,0.5,0.69157,180,0,0,779015
-1,0,0,0.5,0.69157,180,0,0,779032
0,0,0,0.5,0.69157,180,0,0,779049
0,0,0,0.5,0.69157,180,0,0,779066
0,0,0,0.5,0.69157,180,0,0,779083
0,0,0,0.5,0.69157,180,0,0,779099
0,0,0,0.5,0.69157,180,0,0,779115
0,0,0,0.5,0.69157,180,0,0,779132
0,0,0,0.5,0.69157,180,0,0,779149
0,0,0,0.5,0.69157,180,0,0,779165
0,0,0,0.5,0.69157,180,0,0,779182
0,0,0,0.5,0.69157,180,0,0,779199
0,0,0,0.5,0.69157,180,0,0,779215
0,0,0,0.5,0.69157,180,0,0,779232
0,0,0,0.5,0.69157,180,0,0,779249
0,0,0,0.5,0.69157,180,0,0,779265
0,0,0,0.5,0.69157,180,0,0,779282
0,0,0,0.5,0.69157,180,0,0,779299
0,0,0,0.5,0.69157,180,0,0,779315
0,0,0,0.5,0.69157,180,0,0,779332
0,0,0,0.5,0.69157,180,0,0,779349
0,0,0,0.5,0.69157,180,0,0,779365
0,0,0,0.5,0.69157,180,0,0,779382
0,0,0,0.5,0.69157,180,0,0,779399
0,0,0,0.5,0.69157,180,0,0,779415
0,0,0,0.5,0.69157,180,0,0,779432
0,0,0,0.5,0.69157,180,0,0,779449
0,0,0,0.5,0.69157,180,0,0,779465
0,0,0,0.5,0.69157,180,0,0,779482
0,0,0,0.5,0.69157,180,0,0,779499
0,0,0,0.5,0.69157,180,0,0,779515
0,0,0,0.5,0.69157,180,0,0,779532
0,0,0,0.5,0.69157,180,0,0,779549
0,0,0,0.5,0.69157,180,0,0,779565
0,0,0,0.5,0.69157,180,0,0,779582
0,0,0,0.5,0.69157,180,0,0,779599
0,0,0,0.5,0.69157,180,0,0,779615
0,0,0,0.5,0.69157,180,0,0,779632
0,0,0,0.5,0.69157,180,0,0,779649
0,0,0,0.5,0.69157,180,0,0,779665
0,0,0,0.5,0.69157,180,0,0,779682
0,0,0,0.5,0.69157,180,0,0,779699
0,0,0,0.5,0.69157,180,0,0,779715
0,0,0,0.5,0.69157,180,0,0,779732
0,0,0,0.5,0.69157,180,0,0,779749
0,0,0,0.5,0.69157,180,0,0,779765
0,0,0,0.5,0.69157,180,0,0,779782
0,0,0,0.5,0.69157,180,0,0,779799
0,0,0,0.5,0.69157,180,0,0,779815
0,0,0,0.5,0.69157,180,0,0,779832
0,0,0,0.5,0.69157,180,0,0,779849
0,0,0,0.5,0.69157,180,0,0,779865
2,0,0,0.5,0.69157,180,0,0,779882
0,0,0,0.5,0.69157,180,0,0,779899
0,0,0,0.5,0.69157,180,0,0,779915
0,0,0,0.5,0.69157,180,0,0,779932
0,0,0,0.5,0.69157,180,0,0,779949
0,0,0,0.5,0.69157,180,0,0,779965
0,0,0,0.5,0.69157,180,0,0,779982
0,0,0,0.5,0.69157,180,0,0,779999
0,0,0,0.5,0.69157,180,0,0,780015
0,0,0,0.5,0.69157,180,0,0,780032
0,0,0,0.5,0.69157,180,0,0,780049
0,0,0,0.5,0.69157,180,0,0,780065
0,0,0,0.5,0.69157,180,0,0,780083
0,0,0,0.5,0.69157,180,0,0,780099
0,0,0,0.5,0.69157,180,0,0,780115
0,0,0,0.5,0.69157,180,0,0,780132
0,0,0,0.5,0.69157,180,0,0,780149
0,0,0,0.5,0.69157,180,0,0,780165
0,0,0,0.5,0.69157,180,0,0,780182
0,0,0,0.5,0.69157,180,0,0,780199
0,0,0,0.5,0.69157,180,0,0,780215
0,0,0,0.5,0.69157,180,0,0,780232
0,0,0,0.5,0.69157,180,0,0,780249
0,0,0,0.5,0.69157,180,0,0,780265
0,0,0,0.5,0.69157,180,0,0,780282
0,0,0,0.5,0.69157,180,0,0,780299
0,0,0,0.5,0.69157,180,0,0,780315
0,0,0,0.5,0.69157,180,0,0,780332
0,0,0,0.5,0.69157,180,0,0,780349
0,0,0,0.5,0.69157,180,0,0,780365
0,0,0,0.5,0.69157,180,0,0,780382
0,0,0,0.5,0.69157,180,0,0,780399
0,0,0,0.5,0.69157,180,0,0,780415
0,0,0,0.5,0.69157,180,0,0,780432
0,0,0,0.5,0.69157,180,0,0,780449
0,0,0,0.5,0.69157,180,0,0,780465
0,0,0,0.5,0.69157,180,0,0,780482
0,0,0,0.5,0.69157,180,0,0,780499
0,0,0,0.5,0.69157,180,0,0,780515
0,0,0,0.5,0.69157,180,0,0,780532
0,0,0,0.5,0.69157,180,0,0,780549
0,0,0,0.5,0.69157,180,0,0,780565
0,0,0,0.5,0.69157,180,0,0,780582
0,0,0,0.5,0.69157,180,0,0,780598
0,0,0,0.5,0.69157,180,0,0,780615
0,0,0,0.5,0.69157,180,0,0,780632
0,0,0,0.5,0.69157,180,0,0,780649
0,0,0,0.5,0.69157,180,0,0,780665
0,0,0,0.5,0.69157,180,0,0,780682
0,0,0,0.5,0.69157,180,0,0,780698
0,0,0,0.5,0.69157,180,0,0,780716
0,0,0,0.5,0.69157,180,0,0,780732
0,0,0,0.5,0.69157,180,0,0,780748
0,0,0,0.5,0.69157,180,0,0,780765
0,0,0,0.5,0.69157,180,0,0,780782
0,0,0,0.5,0.69157,180,0,0,780798
0,0,0,0.5,0.69157,180,0,0,780815
0,0,0,0.5,0.69157,180,0,0,780832
0,0,0,0.5,0.69157,180,0,0,780848
0,0,0,0.5,0.69157,180,0,0,780865
0,0,0,0.5,0.69157,180,0,0,780882
0,0,0,0.5,0.69157,180,0,0,780898
0,0,0,0.5,0.69157,180,0,0,780915
0,0,0,0.5,0.69157,180,0,0,780932
0,0,0,0.5,0.69157,180,0,0,780948
0,0,0,0.5,0.69157,180,0,0,780965
0,0,0,0.5,0.69157,180,0,0,780982
0,0,0,0.5,0.69157,180,0,0,780998
0,0,0,0.5,0.69157,180,0,0,781015
0,0,0,0.5,0.69157,180,0,0,781032
0,0,0,0.5,0.69157,180,0,0,781049
0,0,0,0.5,0.69157,180,0,0,781065
0,0,0,0.5,0.69157,180,0,0,781082
0,0,0,0.5,0.69157,180,0,0,781099
0,0,0,0.5,0.69157,180,0,0,781115
0,0,0,0.5,0.69157,180,0,0,781132
0,0,0,0.5,0.69157,180,0,0,781148
0,0,0,0.5,0.69157,180,0,0,781165
0,0,0,0.5,0.69157,180,0,0,781182
0,0,0,0.5,0.69157,180,0,0,781198
0,0,0,0.5,0.69157,180,0,0,781215
0,0,0,0.5,0.69157,180,0,0,781232
0,0,0,0.5,0.69157,180,0,0,781249
0,0,0,0.5,0.69157,180,0,0,781265
0,0,0,0.5,0.69157,180,0,0,781282
0,0,0,0.5,0.69157,180,0,0,781298
0,0,0,0.5,0.69157,180,0,0,781315
0,0,0,0.5,0.69157,180,0,0,781332
0,0,0,0.5,0.69157,180,0,0,781348
0,0,0,0.5,0.69157,180,0,0,781365
0,0,0,0.5,0.69157,180,0,0,781382
0,0,0,0.5,0.69157,180,0,0,781399
0,0,0,0.5,0.69157,180,0,0,781415
0,0,0,0.5,0.69157,180,0,0,781432
0,0,0,0.5,0.69157,180,0,0,781448
0,0,0,0.5,0.69157,180,0,0,781466
0,0,0,0.5,0.69157,180,0,0,781482
0,0,0,0.5,0.69157,180,0,0,781499
0,0,0,0.5,0.69157,180,0,0,781515
0,0,0,0.5,0.69157,180,0,0,781532
0,0,0,0.5,0.69157,180,0,0,781549
0,0,0,0.5,0.69157,180,0,0,781565
0,0,0,0.5,0.69157,180,0,0,781582
0,0,0,0.5,0.69157,180,0,0,781598
0,0,0,0.5,0.69157,180,0,0,781615
0,0,0,0.5,0.69157,180,0,0,781632
0,0,0,0.5,0.69157,180,0,0,781649
0,0,0,0.5,0.69157,180,0,0,781665
0,0,0,0.5,0.69157,180,0,0,781682
0,0,0,0.5,0.69157,180,0,0,781699
0,0,0,0.5,0.69157,180,0,0,781715
0,-1,0,0.5,0.691435,180,0,0,781732
0,0,0,0.5,0.691435,180,0,0,781748
0,0,0,0.5,0.691435,180,0,0,781766
0,0,0,0.5,0.691435,180,0,0,781782
0,0,0,0.5,0.691435,180,0,0,781799
0,1,0,0.5,0.69157,180,0,0,781815
0,0,0,0.5,0.69157,180,0,0,781832
0,0,0,0.5,0.69157,180,0,0,781848
0,0,0,0.5,0.69157,180,0,0,781865
0,0,0,0.5,0.69157,180,0,0,781882
0,0,0,0.5,0.69157,180,0,0,781899
0,0,0,0.5,0.69157,180,0,0,781915
0,0,0,0.5,0.69157,180,0,0,781932
0,0,0,0.5,0.69157,180,0,0,781949
0,0,0,0.5,0.69157,180,0,0,781965
0,0,0,0.5,0.69157,180,0,0,781982
0,0,0,0.5,0.69157,180,0,0,781998
0,0,0,0.5,0.69157,180,0,0,782015
0,0,0,0.5,0.69157,180,0,0,782032
0,-2,0,0.5,0.6913,180,0,0,782049
0,0,0,0.5,0.6913,180,0,0,782065
0,0,0,0.5,0.6913,180,0,0,782082
0,0,0,0.5,0.6913,180,0,0,782099
0,0,0,0.5,0.6913,180,0,0,782115
0,0,0,0.5,0.6913,180,0,0,782132
0,0,0,0.5,0.6913,180,0,0,782148
0,0,0,0.5,0.6913,180,0,0,782165
0,0,0,0.5,0.6913,180,0,0,782182
0,0,0,0.5,0.6913,180,0,0,782199
0,0,0,0.5,0.6913,180,0,0,782215
0,0,0,0.5,0.6913,180,0,0,782232
0,0,0,0.5,0.6913,180,0,0,782248
0,0,0,0.5,0.6913,180,0,0,782265
0,0,0,0.5,0.6913,180,0,0,782282
0,0,0,0.5,0.6913,180,0,0,782299
0,0,0,0.5,0.6913,180,0,0,782315
0,0,0,0.5,0.6913,180,0,0,782332
0,0,0,0.5,0.6913,180,0,0,782348
0,0,0,0.5,0.6913,180,0,0,782365
0,0,0,0.5,0.6913,180,0,0,782382
0,0,0,0.5,0.6913,180,0,0,782399
0,0,0,0.5,0.6913,180,0,0,782415
1,0,0,0.5,0.6913,180,0,0,782432
0,0,0,0.5,0.6913,180,0,0,782448
0,0,0,0.5,0.6913,180,0,0,782465
0,0,0,0.5,0.6913,180,0,0,782482
0,0,0,0.5,0.6913,180,0,0,782499
0,-1,0,0.5,0.691165,180,0,0,782516
0,-1,0,0.5,0.69103,180,0,0,782532
0,-1,0,0.5,0.690895,180,0,0,782549
1,0,0,0.5,0.690895,180,0,0,782565
0,-1,0,0.5,0.69076,180,0,0,782582
0,0,0,0.5,0.69076,180,0,0,782599
0,-1,0,0.5,0.690625,180,0,0,782616
0,-2,0,0.5,0.690355,180,0,0,782632
0,-2,0,0.5,0.690085,180,0,0,782649
-2,-2,0,0.5,0.689815,180,0,0,782665
-1,-1,0,0.5,0.68968,180,0,0,782682
0,0,0,0.5,0.68968,180,0,0,782698
0,3,0,0.5,0.690085,180,0,0,782715
0,0,0,0.5,0.690085,180,0,0,782732
0,0,0,0.5,0.690085,180,0,0,782748
0,0,0,0.5,0.690085,180,0,0,782765
0,-1,0,0.5,0.68995,180,0,0,782782
0,-1,0,0.5,0.689815,180,0,0,782799
0,0,0,0.5,0.689815,180,0,0,782816
0,0,0,0.5,0.689815,180,0,0,782832
0,2,0,0.5,0.690085,180,0,0,782849
0,1,0,0.5,0.69022,180,0,0,782866
0,0,0,0.5,0.69022,180,0,0,782882
0,-1,1,0.5,0.690085,180,0,0,782899
0,-2,1,0.5,0.689815,180,0,0,782916
0,0,0,0.5,0.689815,180,0,0,782932
0,-1,0,0.5,0.68968,180,0,0,782949
0,1,1,0.5,0.689815,180,0,0,782970
0,-1,0,0.5,0.68968,180,0,0,782986
0,-1,1,0.5,0.689545,180,0,0,782999
0,-2,1,0.5,0.689275,180,0,0,783016
0,-2,1,0.5,0.689005,180,0,0,783034
0,-2,1,0.5,0.688735,180,0,0,783049
0,-3,0,0.5,0.68833,180,0,0,783066
0,-1,0,0.5,0.688195,180,0,0,783082
1,-1,0,0.5,0.68806,180,0,0,783099
0,0,0,0.5,0.68806,180,0,0,783115
-1,4,-1,0.5,0.6886,180,0,0,783133
0,-1,0,0.5,0.688465,180,0,0,783149
0,-3,1,0.5,0.68806,180,0,0,783166
-1,-7,1,0.5,0.687115,180,0,0,783182
1,-6,2,0.5,0.686305,180,0,0,783201
2,-3,0,0.5,0.6859,180,0,0,783215
0,-1,1,0.5,0.685765,180,0,0,783232
0,1,1,0.5,0.6859,180,0,0,783249
0,4,1,0.5,0.68644,180,0,0,783266
0,2,1,0.5,0.68671,180,0,0,783282
0,3,2,0.5,0.687115,180,0,0,783299
0,1,0,0.5,0.68725,180,0,0,783315
0,0,0,0.5,0.68725,180,0,0,783332
0,0,0,0.5,0.68725,180,0,0,783348
0,0,0,0.5,0.68725,180,0,0,783365
0,-4,0,0.5,0.68671,180,0,0,783382
0,-4,0,0.5,0.68617,180,0,0,783399
0,-4,1,0.5,0.68563,180,0,0,783416
0,-5,1,0.5,0.684955,180,0,0,783432
0,-3,2,0.5,0.68455,180,0,0,783449
0,-1,4,0.5,0.684415,180,0,0,783466
0,1,5,0.5,0.68455,180,0,0,783484
-1,7,10,0.5,0.685495,180,0,0,783501
0,7,6,0.5,0.68644,180,0,0,783517
0,7,7,0.5,0.687385,180,0,0,783536
0,7,7,0.5,0.68833,180,0,0,783552
0,8,7,0.5,0.68941,180,0,0,783568
0,6,7,0.5,0.69022,180,0,0,783585
0,6,7,0.5,0.69103,180,0,0,783601
0,6,7,0.5,0.69184,180,0,0,783618
-2,5,7,0.5,0.692515,180,0,0,783634
0,4,9,0.5,0.693055,180,0,0,783652
0,4,9,0.5,0.693595,180,0,0,783668
0,4,9,0.5,0.694135,180,0,0,783686
0,5,11,0.5,0.69481,180,0,0,783703
0,5,11,0.5,0.695485,180,0,0,783719
0,5,12,0.5,0.69616,180,0,0,783736
0,3,12,0.5,0.696565,180,0,0,783754
0,0,11,0.5,0.696565,180,0,0,783770
0,-1,10,0.5,0.69643,180,0,0,783785
0,-2,8,0.5,0.69616,180,0,0,783802
0,-3,8,0.5,0.695755,180,0,0,783819
0,-3,7,0.5,0.69535,180,0,0,783835
0,-1,7,0.5,0.695215,180,0,0,783853
0,0,7,0.5,0.695215,180,0,0,783869
0,2,8,0.5,0.695485,180,0,0,783886
2,6,16,0.5,0.696295,180,0,0,783903
0,-1,9,0.5,0.69616,180,0,0,783918
1,0,10,0.5,0.69616,180,0,1,783936
0,1,10,0.5,0.696295,180,0,1,783952
2,2,10,0.5,0.696565,180,0,1,783968
0,5,8,0.5,0.69724,180,0,1,783985
-3,5,5,0.5,0.697915,180,0,1,784001
0,6,4,0.5,0.698725,180,0,0,784016
-4,2,2,0.5,0.698995,180,0,0,784033
4,3,3,0.5,0.6994,180,0,0,784049
1,0,3,0.5,0.6994,180,0,0,784066
0,2,2,0.5,0.69967,180,0,0,784082
0,0,2,0.5,0.69967,180,0,0,784099
0,-2,2,0.5,0.6994,180,0,0,784116
0,-1,3,0.5,0.699265,180,0,0,784136
-1,-3,3,0.5,0.69886,180,0,0,784149
-1,-2,4,0.5,0.69859,180,0,0,784166
0,-4,5,0.5,0.69805,180,0,0,784183
0,-2,5,0.5,0.69778,180,0,0,784200
0,-2,5,0.5,0.69751,180,0,0,784216
0,1,6,0.5,0.697645,180,0,0,784237
0,0,7,0.5,0.697645,180,0,0,784250
0,0,9,0.5,0.697645,180,0,0,784267
0,0,9,0.5,0.697645,180,0,0,784284
0,0,11,0.5,0.697645,180,0,0,784305
0,0,20,0.5,0.697645,180,0,0,784321
0,1,9,0.5,0.69778,180,0,0,784335
0,2,9,0.5,0.69805,180,0,0,784351
2,-1,10,0.5,0.697915,180,0,0,784367
0,-5,7,0.5,0.69724,180,0,0,784384
-3,-9,7,0.5,0.696025,180,0,0,784400
0,-9,7,0.5,0.69481,180,0,0,784422
-1,-11,6,0.5,0.693325,180,0,0,784435
0,-11,7,0.5,0.69184,180,0,0,784453
3,-12,7,0.5,0.69022,180,0,0,784467
-5,-7,4,0.5,0.689275,180,0,0,784483
0,-6,6,0.5,0.688465,180,0,0,784500
0,-1,4,0.5,0.68833,180,0,0,784517
0,1,3,0.5,0.688465,180,0,0,784533
0,2,3,0.5,0.688735,180,0,0,784550
0,7,3,0.5,0.68968,180,0,0,784569
2,7,8,0.5,0.690625,180,0,0,784584
0,7,8,0.5,0.69157,180,0,0,784602
0,8,13,0.5,0.69265,180,0,0,784622
-4,15,15,0.5,0.694675,180,0,0,784642
0,16,18,0.5,0.696835,180,0,1,784658
-1,15,19,0.5,0.69886,180,0,1,784673
1,17,21,0.5,0.701155,180,0,1,784690
1,30,24,0.5,0.705205,180,0,1,784706
-2,14,37,0.5,0.707095,180,0,0,784725
1,11,20,0.5,0.70858,180,0,0,784738
0,10,19,0.5,0.70993,180,0,0,784766
0,6,17,0.5,0.71,180,0,0,784778
