0,51,47,0.5,-0.703115,180,0,0,1342318
-2,29,24,0.5,-0.6992,180,0,0,1342330
0,30,24,0.5,-0.69515,180,0,0,1342344
0,32,24,0.5,-0.69083,180,0,0,1342357
-3,32,23,0.5,-0.68651,180,0,0,1342371
3,32,24,0.5,-0.68219,180,0,0,1342385
1,34,0,0.5,-0.6776,180,0,0,1342392
-2,33,47,0.5,-0.673145,180,0,0,1342419
-1,33,19,0.5,-0.66869,180,0,0,1342430
-1,32,21,0.5,-0.66437,180,0,0,1342449
0,31,20,0.5,-0.660185,180,0,0,1342463
4,31,24,0.5,-0.656,180,0,0,1342488
0,31,24,0.5,-0.651815,180,0,0,1342501
0,33,24,0.5,-0.64736,180,0,0,1342515
-4,33,23,0.5,-0.642905,180,0,0,1342529
-4,32,23,0.5,-0.638585,180,0,0,1342549
0,33,24,0.5,-0.63413,180,0,0,1342565
-2,31,24,0.5,-0.629945,180,0,0,1342580
0,30,24,0.5,-0.625895,180,0,0,1342598
0,29,24,0.5,-0.62198,180,0,0,1342614
0,28,24,0.5,-0.6182,180,0,0,1342630
0,27,23,0.5,-0.614555,180,0,0,1342649
3,27,24,0.5,-0.61091,180,0,0,1342665
-3,23,21,0.5,-0.607805,180,0,0,1342680
2,25,24,0.5,-0.60443,180,0,0,1342706
-1,56,46,0.5,-0.59687,180,0,0,1342736
-4,62,27,0.5,-0.5885,180,0,0,1342750
0,0,21,0.5,-0.5885,180,0,0,1342762
0,32,24,0.5,-0.58418,180,0,0,1342775
2,32,24,0.5,-0.57986,180,0,0,1342790
-5,33,21,0.5,-0.575405,180,0,0,1342805
-1,32,22,0.5,-0.571085,180,0,0,1342818
2,33,22,0.5,-0.56663,180,0,0,1342833
1,32,20,0.5,-0.56231,180,0,0,1342848
-1,31,18,0.5,-0.558125,180,0,0,1342866
2,28,22,0.5,-0.554345,180,0,0,1342892
0,26,22,0.5,-0.550835,180,0,0,1342905
-2,27,19,0.5,-0.54719,180,0,0,1342915
0,28,20,0.5,-0.54341,180,0,0,1342934
0,28,21,0.5,-0.53963,180,0,0,1342949
0,30,21,0.5,-0.53558,180,0,0,1342965
0,31,21,0.5,-0.531395,180,0,0,1342983
0,31,22,0.5,-0.52721,180,0,1,1342999
0,57,43,0.5,-0.519515,180,0,1,1343032
1,30,22,0.5,-0.515465,180,0,1,1343046
0,30,20,0.5,-0.511415,180,0,0,1343060
-3,29,19,0.5,-0.5075,180,0,0,1343072
0,0,0,0.5,-0.5075,180,0,0,1343077
-1,30,19,0.5,-0.50345,180,0,0,1343099
-2,61,20,0.5,-0.495215,180,0,0,1343120
0,32,38,0.5,-0.490895,180,0,0,1343140
0,31,21,0.5,-0.48671,180,0,0,1343153
1,33,22,0.5,-0.482255,180,0,0,1343166
-4,30,19,0.5,-0.478205,180,0,1,1343182
3,29,23,0.5,-0.47429,180,0,1,1343199
0,29,21,0.5,-0.470375,180,0,0,1343215
0,28,21,0.5,-0.466595,180,0,0,1343235
0,27,20,0.5,-0.46295,180,0,0,1343249
-5,26,17,0.5,-0.45944,180,0,0,1343265
0,22,18,0.5,-0.45647,180,0,0,1343282
2,22,20,0.5,-0.4535,180,0,0,1343298
0,17,16,0.5,-0.451205,180,0,0,1343314
-4,15,17,0.5,-0.44918,180,0,0,1343333
-1,13,18,0.5,-0.447425,180,0,0,1343349
0,11,19,0.5,-0.44594,180,0,0,1343365
0,13,20,0.5,-0.444185,180,0,0,1343383
-3,12,18,0.5,-0.442565,180,0,0,1343397
-3,12,20,0.5,-0.440945,180,0,0,1343417
0,14,21,0.5,-0.439055,180,0,0,1343435
-1,14,20,0.5,-0.437165,180,0,0,1343451
0,16,20,0.5,-0.435005,180,0,0,1343466
0,16,19,0.5,-0.432845,180,0,0,1343482
-1,15,17,0.5,-0.43082,180,0,0,1343499
0,13,18,0.5,-0.429065,180,0,0,1343516
-5,17,33,0.5,-0.42677,180,0,0,1343540
1,8,19,0.5,-0.42569,180,0,0,1343554
0,8,15,0.5,-0.42461,180,0,0,1343565
0,9,16,0.5,-0.423395,180,0,0,1343584
0,7,15,0.5,-0.42245,180,0,0,1343598
-2,9,15,0.5,-0.421235,180,0,0,1343615
0,8,16,0.5,-0.420155,180,0,0,1343631
1,9,17,0.5,-0.41894,180,0,0,1343649
-3,11,16,0.5,-0.417455,180,0,0,1343664
-1,14,16,0.5,-0.415565,180,0,0,1343682
0,14,18,0.5,-0.413675,180,0,0,1343698
0,17,18,0.5,-0.41138,180,0,0,1343715
6,18,20,0.5,-0.40895,180,0,0,1343734
-5,20,14,0.5,-0.40625,180,0,0,1343747
0,22,17,0.5,-0.40328,180,0,0,1343765
2,21,16,0.5,-0.400445,180,0,0,1343781
1,24,16,0.5,-0.397205,180,0,0,1343797
-6,25,11,0.5,-0.39383,180,0,0,1343813
2,24,13,0.5,-0.39059,180,0,0,1343831
0,22,10,0.5,-0.38762,180,0,0,1343846
-3,21,10,0.5,-0.384785,180,0,0,1343864
0,18,10,0.5,-0.382355,180,0,0,1343880
0,17,11,0.5,-0.38006,180,0,0,1343896
0,15,11,0.5,-0.378035,180,0,0,1343914
0,32,17,0.5,-0.373715,180,0,0,1343933
-1,17,26,0.5,-0.37142,180,0,0,1343950
-1,19,14,0.5,-0.368855,180,0,0,1343964
2,23,17,0.5,-0.36575,180,0,0,1343982
0,22,16,0.5,-0.36278,180,0,0,1343997
0,22,17,0.5,-0.35981,180,0,0,1344015
0,23,17,0.5,-0.356705,180,0,0,1344033
-1,21,14,0.5,-0.35387,180,0,0,1344047
0,21,16,0.5,-0.351035,180,0,0,1344065
0,21,15,0.5,-0.3482,180,0,0,1344082
-1,22,15,0.5,-0.34523,180,0,0,1344099
4,19,17,0.5,-0.342665,180,0,0,1344116
0,18,14,0.5,-0.340235,180,0,1,1344131
-4,17,13,0.5,-0.33794,180,0,1,1344149
4,14,16,0.5,-0.33605,180,0,1,1344165
0,15,15,0.5,-0.334025,180,0,0,1344183
-2,15,15,0.5,-0.332,180,0,0,1344197
0,17,16,0.5,-0.329705,180,0,0,1344215
-1,17,18,0.5,-0.32741,180,0,0,1344233
0,17,18,0.5,-0.325115,180,0,0,1344252
4,18,21,0.5,-0.322685,180,0,0,1344268
0,19,18,0.5,-0.32012,180,0,0,1344282
0,17,19,0.5,-0.317825,180,0,0,1344300
0,35,36,0.5,-0.3131,180,0,0,1344324
-4,19,17,0.5,-0.310535,180,0,0,1344337
0,21,11,0.5,-0.3077,180,0,0,1344347
-1,21,22,0.5,-0.304865,180,0,0,1344367
1,21,15,0.5,-0.30203,180,0,0,1344382
0,19,15,0.5,-0.299465,180,0,0,1344398
0,18,15,0.5,-0.297035,180,0,0,1344416
2,20,18,0.5,-0.294335,180,0,0,1344434
-3,21,18,0.5,-0.2915,180,0,0,1344448
-1,24,21,0.5,-0.28826,180,0,0,1344466
0,23,22,0.5,-0.285155,180,0,0,1344483
0,22,24,0.5,-0.282185,180,0,0,1344500
-1,23,24,0.5,-0.27908,180,0,0,1344516
0,23,24,0.5,-0.275975,180,0,0,1344533
-5,29,24,0.5,-0.27206,180,0,0,1344549
-1,28,24,0.5,-0.26828,180,0,0,1344567
0,29,24,0.5,-0.264365,180,0,0,1344584
1,32,24,0.5,-0.260045,180,0,0,1344600
0,33,24,0.5,-0.25559,180,0,0,1344616
-1,34,24,0.5,-0.251,180,0,0,1344634
0,37,24,0.5,-0.246005,180,1,0,1344661
0,72,47,0.5,-0.236285,180,1,0,1344681
-4,36,23,0.5,-0.231425,180,1,0,1344694
-1,35,24,0.5,-0.2267,180,0,0,1344707
0,34,24,0.5,-0.22211,180,0,0,1344722
1,36,24,0.5,-0.21725,180,0,0,1344737
0,33,24,0.5,-0.212795,180,0,0,1344752
-2,36,23,0.5,-0.207935,180,0,0,1344766
-1,36,25,0.5,-0.203075,180,0,0,1344783
0,35,24,0.5,-0.19835,180,0,0,1344800
0,33,24,0.5,-0.193895,180,0,0,1344817
-7,28,24,0.5,-0.190115,180,0,0,1344837
1,25,24,0.5,-0.18674,180,0,0,1344849
-4,27,24,0.5,-0.183095,180,0,1,1344867
-1,25,24,0.5,-0.17972,180,0,1,1344883
0,29,24,0.5,-0.175805,180,0,1,1344902
0,26,22,0.5,-0.172295,180,0,1,1344918
1,30,22,0.5,-0.168245,180,0,0,1344931
0,25,21,0.5,-0.16487,180,0,0,1344948
0,24,21,0.5,-0.16163,180,0,0,1344966
-2,21,22,0.5,-0.158795,180,0,1,1344985
-1,22,24,0.5,-0.155825,180,0,1,1345003
-1,21,24,0.5,-0.15299,180,0,1,1345018
0,21,24,0.5,-0.150155,180,0,0,1345036
-1,20,24,0.5,-0.147455,180,0,0,1345050
-1,23,24,0.5,-0.14435,180,0,0,1345068
3,21,24,0.5,-0.141515,180,0,1,1345084
2,23,24,0.5,-0.13841,180,0,1,1345104
-3,24,24,0.5,-0.13517,180,0,1,1345118
2,50,32,0.5,-0.12842,180,0,0,1345139
-4,25,37,0.5,-0.125045,180,0,0,1345155
-1,28,22,0.5,-0.121265,180,0,0,1345168
0,0,0,0.5,-0.121265,180,0,0,1345178
-2,60,42,0.5,-0.113165,180,0,0,1345206
2,27,20,0.5,-0.10952,180,0,1,1345217
-4,26,18,0.5,-0.10601,180,0,1,1345231
0,26,19,0.5,-0.1025,180,0,1,1345253
0,25,19,0.5,-0.099125,180,0,1,1345265
-4,28,20,0.5,-0.095345,180,0,0,1345284
0,30,22,0.5,-0.091295,180,0,0,1345299
2,34,20,0.5,-0.086705,180,0,0,1345317
0,32,23,0.5,-0.082385,180,0,0,1345334
-3,33,20,0.5,-0.07793,180,0,1,1345348
-1,34,22,0.5,-0.07334,180,0,1,1345370
-1,31,20,0.5,-0.069155,180,0,1,1345387
-4,33,21,0.5,-0.0647,180,0,1,1345399
5,34,23,0.5,-0.06011,180,0,0,1345420
-2,29,18,0.5,-0.056195,180,0,0,1345435
-1,30,19,0.5,-0.052145,180,0,0,1345454
0,28,20,0.5,-0.048365,180,0,0,1345469
0,27,20,0.5,-0.04472,180,0,1,1345483
0,26,20,0.5,-0.04121,180,0,1,1345500
-3,27,22,0.5,-0.037565,180,0,1,1345517
-3,27,21,0.5,-0.03392,180,0,1,1345533
0,48,43,0.5,-0.02744,180,0,0,1345555
0,26,25,0.5,-0.02393,180,0,0,1345567
0,23,21,0.5,-0.020825,180,0,0,1345584
0,25,22,0.5,-0.01745,180,0,0,1345601
-1,23,20,0.5,-0.014345,180,0,1,1345616
0,24,20,0.5,-0.011105,180,0,1,1345634
-1,23,19,0.5,-0.008,180,0,1,1345649
0,20,19,0.5,-0.0053,180,0,0,1345668
0,19,17,0.5,-0.002735,180,0,0,1345684
-1,17,18,0.5,-0.00044,180,0,0,1345704
1,13,18,0.5,0.001315,180,0,0,1345716
-2,13,20,0.5,0.00307,180,0,0,1345732
0,14,21,0.5,0.00496,180,0,1,1345748
-6,13,18,0.5,0.006715,180,0,1,1345767
-5,15,20,0.5,0.00874,180,0,1,1345783
4,15,24,0.5,0.010765,180,0,0,1345805
0,17,20,0.5,0.01306,180,0,0,1345815
0,18,20,0.5,0.01549,180,0,0,1345832
-3,19,22,0.5,0.018055,180,0,0,1345850
0,20,21,0.5,0.020755,180,0,1,1345866
-1,22,21,0.5,0.023725,180,0,1,1345885
0,23,20,0.5,0.02683,180,0,1,1345899
5,21,23,0.5,0.029665,180,0,1,1345918
0,23,18,0.5,0.03277,180,0,0,1345932
-1,42,34,0.5,0.03844,180,0,0,1345952
0,19,6,0.5,0.041005,180,0,0,1345962
-5,20,25,0.5,0.043705,180,0,0,1345984
2,21,18,0.5,0.04654,180,0,1,1346000
0,22,20,0.5,0.04951,180,0,1,1346018
-2,23,19,0.5,0.052615,180,0,1,1346032
0,24,20,0.5,0.055855,180,0,1,1346048
-1,26,20,0.5,0.059365,180,0,0,1346067
-5,25,17,0.5,0.06274,180,0,0,1346082
-1,24,19,0.5,0.06598,180,0,0,1346098
0,25,21,0.5,0.069355,180,0,0,1346117
0,23,20,0.5,0.07246,180,0,0,1346131
-1,24,19,0.5,0.0757,180,0,1,1346148
0,23,19,0.5,0.078805,180,0,1,1346165
0,22,17,0.5,0.081775,180,0,1,1346182
4,24,20,0.5,0.085015,180,0,0,1346198
-5,22,13,0.5,0.087985,180,0,0,1346213
-1,21,16,0.5,0.09082,180,0,0,1346232
2,20,17,0.5,0.09352,180,0,0,1346255
-1,21,16,0.5,0.096355,180,0,0,1346266
-1,23,19,0.5,0.09946,180,0,1,1346284
-1,26,20,0.5,0.10297,180,0,1,1346298
0,25,20,0.5,0.106345,180,0,1,1346315
0,24,20,0.5,0.109585,180,0,0,1346333
-3,51,40,0.5,0.11647,180,0,0,1346357
-1,27,21,0.5,0.120115,180,0,0,1346371
2,28,13,0.5,0.123895,180,0,0,1346383
-4,28,27,0.5,0.127675,180,0,0,1346401
2,31,18,0.5,0.13186,180,0,0,1346416
-4,29,16,0.5,0.135775,180,0,1,1346432
-2,28,17,0.5,0.139555,180,0,1,1346447
0,28,17,0.5,0.143335,180,0,1,1346465
0,25,17,0.5,0.14671,180,0,1,1346481
-1,27,19,0.5,0.150355,180,0,0,1346506
1,26,21,0.5,0.153865,180,0,0,1346518
-4,25,19,0.5,0.15724,180,0,0,1346532
4,26,24,0.5,0.16075,180,0,0,1346551
0,22,22,0.5,0.16372,180,0,1,1346567
0,24,22,0.5,0.16696,180,0,1,1346583
2,23,24,0.5,0.170065,180,0,1,1346598
0,23,23,0.5,0.17317,180,0,1,1346617
0,22,23,0.5,0.17614,180,0,0,1346633
-2,22,21,0.5,0.17911,180,0,0,1346650
0,20,20,0.5,0.18181,180,0,0,1346669
2,18,20,0.5,0.18424,180,0,0,1346683
-3,16,18,0.5,0.1864,180,0,0,1346698
0,15,20,0.5,0.188425,180,0,0,1346715
0,15,23,0.5,0.19045,180,0,1,1346733
3,32,31,0.5,0.19477,180,0,1,1346752
-6,18,28,0.5,0.1972,180,0,0,1346768
0,19,34,0.5,0.199765,180,0,0,1346786
-2,22,24,0.5,0.202735,180,0,0,1346799
0,20,24,0.5,0.205435,180,0,0,1346816
0,22,24,0.5,0.208405,180,0,0,1346832
0,24,24,0.5,0.211645,180,0,0,1346850
-1,26,24,0.5,0.215155,180,0,1,1346866
0,29,24,0.5,0.21907,180,0,1,1346885
0,30,24,0.5,0.22312,180,0,0,1346900
0,34,23,0.5,0.22771,180,0,0,1346917
0,35,22,0.5,0.232435,180,0,0,1346931
-1,33,22,0.5,0.23689,180,0,0,1346948
5,33,24,0.5,0.241345,180,0,0,1346968
-6,34,21,0.5,0.245935,180,0,0,1346983
-1,34,24,0.5,0.250525,180,0,1,1347001
-1,34,23,0.5,0.255115,180,0,1,1347016
0,34,23,0.5,0.259705,180,0,1,1347033
0,32,23,0.5,0.264025,180,0,0,1347050
0,34,24,0.5,0.268615,180,0,0,1347068
-1,34,23,0.5,0.273205,180,0,0,1347086
-3,34,24,0.5,0.277795,180,0,0,1347099
3,34,24,0.5,0.282385,180,0,0,1347117
0,63,30,0.5,0.29089,180,0,0,1347138
1,27,42,0.5,0.294535,180,0,1,1347165
-6,26,22,0.5,0.298045,180,0,1,1347178
4,23,24,0.5,0.30115,180,0,0,1347195
0,24,24,0.5,0.30439,180,0,0,1347209
0,20,24,0.5,0.30709,180,0,0,1347225
0,18,24,0.5,0.30952,180,0,0,1347238
-3,22,23,0.5,0.31249,180,0,0,1347251
-1,22,24,0.5,0.31546,180,0,0,1347268
0,21,24,0.5,0.318295,180,0,0,1347282
0,24,24,0.5,0.321535,180,0,0,1347300
0,23,24,0.5,0.32464,180,0,0,1347317
0,23,24,0.5,0.327745,180,0,0,1347334
-3,23,24,0.5,0.33085,180,0,0,1347349
-2,19,24,0.5,0.333415,180,0,0,1347370
0,17,24,0.5,0.33571,180,0,0,1347385
4,14,24,0.5,0.3376,180,0,0,1347402
-4,15,24,0.5,0.339625,180,0,0,1347417
-1,15,24,0.5,0.34165,180,0,0,1347438
0,16,24,0.5,0.34381,180,0,0,1347452
-8,18,20,0.5,0.34624,180,0,0,1347467
2,18,22,0.5,0.34867,180,0,0,1347483
-7,17,18,0.5,0.350965,180,0,0,1347499
3,17,19,0.5,0.35326,180,0,0,1347516
1,34,37,0.5,0.35785,180,0,0,1347537
0,0,0,0.5,0.35785,180,0,0,1347543
0,29,36,0.5,0.361765,180,0,0,1347572
0,14,19,0.5,0.363655,180,0,0,1347586
-3,14,19,0.5,0.365545,180,0,0,1347599
5,17,23,0.5,0.36784,180,0,0,1347618
2,16,21,0.5,0.37,180,0,0,1347632
-8,18,18,0.5,0.37243,180,0,0,1347649
0,16,20,0.5,0.37459,180,0,0,1347666
0,17,21,0.5,0.376885,180,0,0,1347681
2,18,23,0.5,0.379315,180,0,0,1347700
-2,21,21,0.5,0.38215,180,0,0,1347715
0,22,21,0.5,0.38512,180,0,0,1347732
-2,21,21,0.5,0.387955,180,0,0,1347753
1,24,19,0.5,0.391195,180,0,0,1347769
3,25,23,0.5,0.39457,180,0,0,1347782
0,26,19,0.5,0.39808,180,0,0,1347798
-1,25,17,0.5,0.401455,180,0,0,1347815
2,25,19,0.5,0.40483,180,0,0,1347834
2,25,18,0.5,0.408205,180,0,0,1347848
-1,23,16,0.5,0.41131,180,0,0,1347871
0,22,19,0.5,0.41428,180,0,0,1347891
-3,34,43,0.5,0.41887,180,0,0,1347913
0,14,23,0.5,0.42076,180,0,0,1347929
3,14,24,0.5,0.42265,180,0,0,1347942
-3,18,20,0.5,0.42508,180,0,0,1347955
0,20,23,0.5,0.42778,180,0,0,1347968
0,18,20,0.5,0.43021,180,0,0,1347983
-3,21,20,0.5,0.433045,180,0,0,1348005
2,20,21,0.5,0.435745,180,0,0,1348030
-3,19,18,0.5,0.43831,180,0,0,1348041
0,23,16,0.5,0.441415,180,0,0,1348051
-1,21,17,0.5,0.44425,180,0,0,1348064
1,23,17,0.5,0.447355,180,0,0,1348082
-2,20,15,0.5,0.450055,180,0,0,1348098
-4,20,15,0.5,0.452755,180,0,0,1348116
2,20,20,0.5,0.455455,180,0,0,1348135
-1,23,20,0.5,0.45856,180,0,0,1348151
0,24,23,0.5,0.4618,180,0,0,1348165
2,25,24,0.5,0.465175,180,0,0,1348191
0,22,23,0.5,0.468145,180,0,0,1348206
-8,24,20,0.5,0.471385,180,0,0,1348220
-1,23,23,0.5,0.47449,180,0,0,1348235
0,25,24,0.5,0.477865,180,0,0,1348252
0,26,24,0.5,0.481375,180,0,0,1348268
0,28,23,0.5,0.485155,180,0,0,1348284
4,30,24,0.5,0.489205,180,0,0,1348300
1,27,24,0.5,0.49285,180,0,0,1348318
-3,25,21,0.5,0.496225,180,0,0,1348334
0,45,35,0.5,0.5023,180,0,0,1348355
0,20,34,0.5,0.505,180,0,0,1348371
0,20,23,0.5,0.5077,180,0,0,1348384
0,20,27,0.5,0.5104,180,0,0,1348403
0,21,24,0.5,0.513235,180,0,0,1348419
0,19,24,0.5,0.5158,180,0,0,1348435
0,22,24,0.5,0.51877,180,0,0,1348450
0,23,24,0.5,0.521875,180,0,0,1348467
-1,24,24,0.5,0.525115,180,0,0,1348483
-5,24,24,0.5,0.528355,180,0,0,1348502
2,26,24,0.5,0.531865,180,0,0,1348517
0,24,24,0.5,0.535105,180,0,0,1348534
2,26,24,0.5,0.538615,180,0,0,1348549
1,23,24,0.5,0.54172,180,0,0,1348569
-8,22,19,0.5,0.54469,180,0,0,1348584
8,24,24,0.5,0.54793,180,0,0,1348601
-4,24,23,0.5,0.55117,180,0,0,1348617
0,24,24,0.5,0.55441,180,0,0,1348634
-3,21,24,0.5,0.557245,180,0,0,1348650
-1,19,23,0.5,0.55981,180,0,0,1348665
0,18,24,0.5,0.56224,180,0,0,1348682
0,15,24,0.5,0.564265,180,0,0,1348700
-6,16,24,0.5,0.566425,180,0,0,1348715
0,18,24,0.5,0.568855,180,0,0,1348732
-4,20,21,0.5,0.571555,180,0,0,1348752
-1,45,48,0.5,0.57763,180,0,0,1348773
1,22,23,0.5,0.5806,180,0,0,1348787
1,18,24,0.5,0.58303,180,0,0,1348802
-5,21,19,0.5,0.585865,180,0,0,1348828
0,19,20,0.5,0.58843,180,0,0,1348842
1,18,21,0.5,0.59086,180,0,0,1348852
2,16,21,0.5,0.59302,180,0,0,1348868
0,15,23,0.5,0.595045,180,0,0,1348882
0,16,24,0.5,0.597205,180,0,0,1348899
-3,16,24,0.5,0.599365,180,0,0,1348916
-2,17,24,0.5,0.60166,180,0,0,1348932
-1,18,24,0.5,0.60409,180,0,0,1348948
0,16,24,0.5,0.60625,180,0,0,1348974
1,32,26,0.5,0.61057,180,0,0,1348997
-1,16,46,0.5,0.61273,180,0,0,1349022
0,17,22,0.5,0.615025,180,0,0,1349031
-3,18,19,0.5,0.617455,180,0,0,1349044
1,21,19,0.5,0.62029,180,0,0,1349054
0,0,0,0.5,0.62029,180,0,0,1349060
2,22,18,0.5,0.62326,180,0,0,1349083
0,21,16,0.5,0.626095,180,0,0,1349099
0,21,17,0.5,0.62893,180,0,0,1349114
-2,18,14,0.5,0.63136,180,0,0,1349130
0,18,16,0.5,0.63379,180,0,0,1349149
-1,34,35,0.5,0.63838,180,0,0,1349171
0,19,18,0.5,0.640945,180,0,0,1349181
-1,19,17,0.5,0.64351,180,0,0,1349197
0,18,19,0.5,0.64594,180,0,0,1349214
3,17,19,0.5,0.648235,180,0,0,1349236
1,19,20,0.5,0.6508,180,0,0,1349249
-3,20,17,0.5,0.6535,180,0,0,1349265
0,21,16,0.5,0.656335,180,0,0,1349282
0,20,16,0.5,0.659035,180,0,0,1349300
1,19,14,0.5,0.6616,180,0,0,1349314
2,18,16,0.5,0.66403,180,0,0,1349331
-1,16,16,0.5,0.66619,180,0,0,1349349
0,16,16,0.5,0.66835,180,0,0,1349365
-6,18,15,0.5,0.67078,180,0,0,1349383
0,19,18,0.5,0.673345,180,0,0,1349398
0,22,18,0.5,0.676315,180,0,0,1349417
0,24,19,0.5,0.679555,180,0,0,1349433
2,23,16,0.5,0.68266,180,0,0,1349449
-2,26,15,0.5,0.68617,180,0,0,1349466
-2,23,16,0.5,0.689275,180,0,0,1349481
2,20,15,0.5,0.691975,180,0,0,1349498
0,17,16,0.5,0.69427,180,0,0,1349514
0,15,17,0.5,0.696295,180,0,0,1349532
0,17,20,0.5,0.69859,180,0,0,1349550
0,42,46,0.5,0.70426,180,0,0,1349575
0,22,23,0.5,0.70723,180,0,0,1349588
1,22,21,0.5,0.71,180,0,0,1349601
