-3,63,15,0.5,-0.701495,180,0,0,482935
-1,34,7,0.5,-0.696905,180,0,0,482942
0,35,8,0.5,-0.69218,180,0,0,482954
0,33,9,0.5,-0.687725,180,0,0,482968
-4,31,10,0.5,-0.68354,180,0,0,482991
-1,26,13,0.5,-0.68003,180,0,0,483010
0,22,13,0.5,-0.67706,180,0,0,483021
3,19,14,0.5,-0.674495,180,0,0,483037
-1,16,13,0.5,-0.672335,180,0,0,483051
0,14,15,0.5,-0.670445,180,0,0,483069
-4,11,11,0.5,-0.66896,180,0,0,483086
-1,12,13,0.5,-0.66734,180,0,0,483101
0,10,12,0.5,-0.66599,180,0,0,483118
-2,9,12,0.5,-0.664775,180,0,0,483135
0,9,13,0.5,-0.66356,180,0,0,483152
0,7,13,0.5,-0.662615,180,0,0,483170
0,5,13,0.5,-0.66194,180,0,0,483188
3,5,15,0.5,-0.661265,180,0,0,483202
-5,5,10,0.5,-0.66059,180,0,0,483218
-1,7,11,0.5,-0.659645,180,0,0,483235
1,10,12,0.5,-0.658295,180,0,0,483251
0,10,11,0.5,-0.656945,180,0,0,483271
0,12,11,0.5,-0.655325,180,0,0,483284
0,12,9,0.5,-0.653705,180,0,0,483301
0,11,9,0.5,-0.65222,180,0,0,483317
-5,9,6,0.5,-0.651005,180,0,0,483334
-4,17,15,0.5,-0.64871,180,0,0,483353
-1,5,7,0.5,-0.648035,180,0,0,483367
0,3,8,0.5,-0.64763,180,0,0,483385
0,1,7,0.5,-0.647495,180,0,0,483400
0,0,7,0.5,-0.647495,180,0,0,483417
0,-1,7,0.5,-0.64763,180,0,0,483434
0,-1,6,0.5,-0.647765,180,0,0,483451
0,1,5,0.5,-0.64763,180,0,0,483466
0,0,6,0.5,-0.64763,180,0,0,483484
0,3,5,0.5,-0.647225,180,0,0,483500
-1,4,4,0.5,-0.646685,180,0,0,483516
0,7,4,0.5,-0.64574,180,0,0,483534
-1,12,3,0.5,-0.64412,180,0,0,483549
0,16,2,0.5,-0.64196,180,0,0,483566
0,20,2,0.5,-0.63926,180,0,0,483583
-2,26,1,0.5,-0.63575,180,0,0,483600
-4,28,0,0.5,-0.63197,180,0,0,483615
-2,31,1,0.5,-0.627785,180,0,0,483632
2,34,5,0.5,-0.623195,180,0,0,483651
0,37,2,0.5,-0.6182,180,0,0,483666
1,39,4,0.5,-0.612935,180,0,0,483683
0,39,3,0.5,-0.60767,180,0,0,483701
0,40,4,0.5,-0.60227,180,0,0,483718
-2,40,4,0.5,-0.59687,180,0,0,483734
0,87,14,0.5,-0.585125,180,0,0,483751
0,41,8,0.5,-0.57959,180,0,0,483767
1,41,12,0.5,-0.574055,180,0,0,483795
0,39,11,0.5,-0.56879,180,0,0,483808
0,38,13,0.5,-0.56366,180,0,0,483823
-1,35,13,0.5,-0.558935,180,0,0,483837
0,31,14,0.5,-0.55475,180,0,0,483852
0,31,14,0.5,-0.550565,180,0,0,483869
-4,31,11,0.5,-0.54638,180,0,0,483884
0,28,14,0.5,-0.5426,180,0,0,483902
0,25,13,0.5,-0.539225,180,0,0,483919
0,21,13,0.5,-0.53639,180,0,0,483938
0,14,14,0.5,-0.5345,180,0,0,483951
2,10,16,0.5,-0.53315,180,0,0,483969
0,7,17,0.5,-0.532205,180,0,0,483986
0,5,18,0.5,-0.53153,180,0,0,484005
0,3,18,0.5,-0.531125,180,0,0,484025
0,1,16,0.5,-0.53099,180,0,0,484036
-3,5,12,0.5,-0.530315,180,0,0,484055
0,10,12,0.5,-0.528965,180,0,0,484070
3,15,12,0.5,-0.52694,180,0,0,484086
0,20,11,0.5,-0.52424,180,0,0,484101
0,24,11,0.5,-0.521,180,0,0,484118
0,27,11,0.5,-0.517355,180,0,0,484134
0,67,28,0.5,-0.50831,180,0,0,484156
0,40,14,0.5,-0.50291,180,0,0,484169
-2,40,15,0.5,-0.49751,180,0,0,484185
0,39,16,0.5,-0.492245,180,0,0,484203
1,33,14,0.5,-0.48779,180,0,0,484220
-4,26,13,0.5,-0.48428,180,0,0,484235
-1,17,13,0.5,-0.481985,180,0,0,484252
-1,11,14,0.5,-0.4805,180,0,0,484268
0,9,16,0.5,-0.479285,180,0,0,484287
0,2,16,0.5,-0.479015,180,0,0,484304
0,0,15,0.5,-0.479015,180,0,0,484319
2,-3,15,0.5,-0.47942,180,0,0,484335
0,-1,13,0.5,-0.479555,180,0,0,484351
3,0,15,0.5,-0.479555,180,0,0,484370
-5,1,8,0.5,-0.47942,180,0,0,484384
0,1,11,0.5,-0.479285,180,0,0,484402
-2,5,8,0.5,-0.47861,180,0,0,484419
-2,5,7,0.5,-0.477935,180,0,0,484433
0,5,8,0.5,-0.47726,180,0,0,484451
-1,6,8,0.5,-0.47645,180,0,0,484469
4,6,10,0.5,-0.47564,180,0,0,484485
0,6,8,0.5,-0.47483,180,0,0,484502
1,7,8,0.5,-0.473885,180,0,0,484519
1,5,10,0.5,-0.47321,180,0,0,484536
-7,10,11,0.5,-0.47186,180,0,0,484552
1,6,7,0.5,-0.47105,180,0,0,484568
-1,6,5,0.5,-0.47024,180,0,0,484583
0,5,4,0.5,-0.469565,180,0,0,484600
4,8,6,0.5,-0.468485,180,0,0,484618
-2,10,1,0.5,-0.467135,180,0,0,484632
-1,12,1,0.5,-0.465515,180,0,0,484649
1,14,1,0.5,-0.463625,180,0,0,484667
-2,16,0,0.5,-0.461465,180,0,0,484682
0,19,1,0.5,-0.4589,180,0,0,484699
0,21,1,0.5,-0.456065,180,0,0,484716
0,24,2,0.5,-0.452825,180,0,0,484733
0,25,2,0.5,-0.44945,180,0,0,484749
0,26,4,0.5,-0.44594,180,0,0,484767
-4,26,3,0.5,-0.44243,180,0,0,484783
-1,28,6,0.5,-0.43865,180,0,0,484801
0,28,8,0.5,-0.43487,180,0,0,484818
0,27,9,0.5,-0.431225,180,0,0,484835
0,25,10,0.5,-0.42785,180,0,0,484852
0,24,10,0.5,-0.42461,180,0,0,484870
0,24,12,0.5,-0.42137,180,0,0,484885
-3,25,12,0.5,-0.417995,180,0,0,484905
0,25,14,0.5,-0.41462,180,0,0,484920
0,24,15,0.5,-0.41138,180,0,0,484935
0,48,18,0.5,-0.4049,180,0,0,484954
-1,24,27,0.5,-0.40166,180,0,0,484971
-4,23,14,0.5,-0.398555,180,0,0,484985
-1,24,16,0.5,-0.395315,180,0,0,485002
0,26,19,0.5,-0.391805,180,0,0,485020
0,30,21,0.5,-0.387755,180,0,0,485036
0,34,23,0.5,-0.383165,180,0,0,485058
-2,33,22,0.5,-0.37871,180,0,0,485072
0,36,21,0.5,-0.37385,180,0,0,485086
3,37,22,0.5,-0.368855,180,0,0,485106
0,37,22,0.5,-0.36386,180,0,0,485121
0,33,23,0.5,-0.359405,180,0,0,485137
5,33,23,0.5,-0.35495,180,0,0,485154
-3,31,20,0.5,-0.350765,180,0,0,485170
1,28,19,0.5,-0.346985,180,0,0,485194
2,26,20,0.5,-0.343475,180,0,0,485204
-2,24,18,0.5,-0.340235,180,0,0,485220
2,21,19,0.5,-0.3374,180,0,0,485236
0,19,19,0.5,-0.334835,180,0,0,485253
-5,19,16,0.5,-0.33227,180,0,0,485270
0,19,17,0.5,-0.329705,180,0,0,485286
0,20,17,0.5,-0.327005,180,0,0,485303
-3,20,14,0.5,-0.324305,180,0,0,485319
0,19,16,0.5,-0.32174,180,0,0,485336
-5,35,26,0.5,-0.317015,180,0,0,485360
2,15,13,0.5,-0.31499,180,0,1,485370
-3,11,11,0.5,-0.313505,180,0,1,485384
-4,10,8,0.5,-0.312155,180,0,1,485400
1,5,12,0.5,-0.31148,180,0,0,485418
2,1,12,0.5,-0.311345,180,0,0,485435
-1,0,11,0.5,-0.311345,180,0,0,485455
-2,0,10,0.5,-0.311345,180,0,0,485468
0,1,11,0.5,-0.31121,180,0,0,485484
-1,-1,11,0.5,-0.311345,180,0,1,485501
0,0,12,0.5,-0.311345,180,0,1,485518
0,0,12,0.5,-0.311345,180,0,1,485534
0,0,12,0.5,-0.311345,180,0,0,485551
-6,0,11,0.5,-0.311345,180,0,0,485568
0,0,13,0.5,-0.311345,180,0,0,485585
3,1,14,0.5,-0.31121,180,0,0,485601
-4,4,12,0.5,-0.31067,180,0,0,485618
3,5,15,0.5,-0.309995,180,0,0,485636
-3,7,11,0.5,-0.30905,180,0,0,485651
0,9,13,0.5,-0.307835,180,0,0,485669
0,10,13,0.5,-0.306485,180,0,0,485685
0,10,13,0.5,-0.305135,180,0,0,485702
-1,13,14,0.5,-0.30338,180,0,0,485718
0,14,13,0.5,-0.30149,180,0,0,485736
1,31,16,0.5,-0.297305,180,0,0,485752
1,17,18,0.5,-0.29501,180,0,0,485770
0,18,12,0.5,-0.29258,180,0,0,485785
-1,17,11,0.5,-0.290285,180,0,0,485802
0,18,13,0.5,-0.287855,180,0,0,485821
0,20,13,0.5,-0.285155,180,0,0,485835
2,18,14,0.5,-0.282725,180,0,0,485852
-11,18,8,0.5,-0.280295,180,0,0,485869
1,18,13,0.5,-0.277865,180,0,0,485886
0,17,11,0.5,-0.27557,180,0,0,485902
-1,17,11,0.5,-0.273275,180,0,0,485921
0,18,12,0.5,-0.270845,180,0,0,485934
-1,18,14,0.5,-0.268415,180,0,0,485952
-3,19,11,0.5,-0.26585,180,0,0,485969
2,24,15,0.5,-0.26261,180,0,0,485993
-3,26,13,0.5,-0.2591,180,0,0,486001
-5,28,11,0.5,-0.25532,180,0,0,486018
0,29,14,0.5,-0.251405,180,0,0,486035
2,29,14,0.5,-0.24749,180,1,0,486053
-2,59,29,0.5,-0.239525,180,1,0,486079
0,27,11,0.5,-0.23588,180,1,0,486090
0,0,4,0.5,-0.23588,180,0,0,486101
1,24,15,0.5,-0.23264,180,0,0,486120
-3,21,14,0.5,-0.229805,180,0,0,486139
7,35,19,0.5,-0.22508,180,0,0,486154
-3,17,26,0.5,-0.222785,180,0,0,486172
0,18,16,0.5,-0.220355,180,0,0,486187
0,19,15,0.5,-0.21779,180,0,0,486204
-1,20,14,0.5,-0.21509,180,0,0,486220
1,20,15,0.5,-0.21239,180,0,0,486235
-2,21,16,0.5,-0.209555,180,0,0,486254
0,19,16,0.5,-0.20699,180,0,0,486270
-1,17,14,0.5,-0.204695,180,0,0,486286
0,15,14,0.5,-0.20267,180,0,1,486303
0,15,14,0.5,-0.200645,180,0,1,486318
0,14,14,0.5,-0.198755,180,0,1,486336
0,14,14,0.5,-0.196865,180,0,1,486351
0,13,14,0.5,-0.19511,180,0,0,486370
0,13,14,0.5,-0.193355,180,0,0,486387
3,11,15,0.5,-0.19187,180,0,0,486403
0,11,14,0.5,-0.190385,180,0,0,486420
0,10,14,0.5,-0.189035,180,0,0,486436
-1,10,13,0.5,-0.187685,180,0,0,486453
-6,9,11,0.5,-0.18647,180,0,0,486467
0,9,13,0.5,-0.185255,180,0,0,486489
0,10,13,0.5,-0.183905,180,0,1,486502
-1,9,12,0.5,-0.18269,180,0,1,486519
1,11,13,0.5,-0.181205,180,0,1,486535
0,10,12,0.5,-0.179855,180,0,0,486552
-2,22,25,0.5,-0.176885,180,0,0,486572
-2,10,11,0.5,-0.175535,180,0,0,486584
4,11,10,0.5,-0.17405,180,0,0,486601
1,10,8,0.5,-0.1727,180,0,0,486618
-12,11,3,0.5,-0.171215,180,0,1,486633
-2,12,6,0.5,-0.169595,180,0,1,486651
-3,11,5,0.5,-0.16811,180,0,0,486667
-1,11,6,0.5,-0.166625,180,0,0,486684
1,10,6,0.5,-0.165275,180,0,0,486701
0,8,3,0.5,-0.164195,180,0,0,486716
-5,4,0,0.5,-0.163655,180,0,0,486732
0,2,3,0.5,-0.163385,180,0,1,486751
0,-1,4,0.5,-0.16352,180,0,1,486767
-1,0,6,0.5,-0.16352,180,0,0,486784
-2,3,7,0.5,-0.163115,180,0,0,486800
1,6,7,0.5,-0.162305,180,0,0,486817
0,7,8,0.5,-0.16136,180,0,0,486835
1,8,9,0.5,-0.16028,180,0,1,486854
-4,10,3,0.5,-0.15893,180,0,1,486868
0,12,5,0.5,-0.15731,180,0,1,486886
2,15,5,0.5,-0.155285,180,0,0,486905
1,15,6,0.5,-0.15326,180,0,0,486918
0,17,4,0.5,-0.150965,180,0,0,486935
0,17,4,0.5,-0.14867,180,0,0,486950
-3,32,6,0.5,-0.14435,180,0,0,486967
0,12,3,0.5,-0.14273,180,0,1,486984
0,10,3,0.5,-0.14138,180,0,1,486999
-4,8,2,0.5,-0.1403,180,0,1,487016
-1,8,7,0.5,-0.13922,180,0,0,487035
0,8,6,0.5,-0.13814,180,0,0,487051
2,8,7,0.5,-0.13706,180,0,0,487067
0,8,6,0.5,-0.13598,180,0,0,487083
-2,10,6,0.5,-0.13463,180,0,1,487101
0,11,6,0.5,-0.133145,180,0,1,487117
0,11,5,0.5,-0.13166,180,0,1,487133
3,12,7,0.5,-0.13004,180,0,0,487151
-2,11,4,0.5,-0.128555,180,0,0,487169
5,11,7,0.5,-0.12707,180,0,0,487185
0,10,4,0.5,-0.12572,180,0,0,487200
0,10,4,0.5,-0.12437,180,0,0,487217
-1,9,4,0.5,-0.123155,180,0,1,487233
-1,8,2,0.5,-0.122075,180,0,1,487251
-1,7,2,0.5,-0.12113,180,0,1,487268
0,5,3,0.5,-0.120455,180,0,0,487283
-7,4,1,0.5,-0.119915,180,0,0,487299
2,3,4,0.5,-0.11951,180,0,0,487316
-7,2,-1,0.5,-0.11924,180,0,0,487332
3,2,5,0.5,-0.11897,180,0,1,487350
1,2,3,0.5,-0.1187,180,0,1,487368
-1,4,6,0.5,-0.11816,180,0,1,487383
0,3,4,0.5,-0.117755,180,0,1,487400
0,2,1,0.5,-0.117485,180,0,0,487417
0,3,3,0.5,-0.11708,180,0,0,487433
0,2,3,0.5,-0.11681,180,0,0,487449
0,3,3,0.5,-0.116405,180,0,0,487468
0,2,2,0.5,-0.116135,180,0,0,487483
0,2,2,0.5,-0.115865,180,0,1,487499
-4,2,0,0.5,-0.115595,180,0,1,487517
-2,4,0,0.5,-0.115055,180,0,1,487532
-1,3,0,0.5,-0.11465,180,0,0,487549
-4,1,-2,0.5,-0.114515,180,0,0,487566
0,0,0,0.5,-0.114515,180,0,0,487581
1,-4,1,0.5,-0.115055,180,0,0,487599
0,-3,0,0.5,-0.11546,180,0,0,487615
0,-3,3,0.5,-0.115865,180,0,0,487634
0,0,3,0.5,-0.115865,180,0,1,487650
0,3,5,0.5,-0.11546,180,0,1,487667
0,7,6,0.5,-0.114515,180,0,1,487683
0,9,5,0.5,-0.1133,180,0,0,487701
0,9,5,0.5,-0.112085,180,0,0,487717
0,11,5,0.5,-0.1106,180,0,0,487736
0,22,4,0.5,-0.10763,180,0,0,487754
0,11,6,0.5,-0.106145,180,0,0,487769
-6,12,0,0.5,-0.104525,180,0,0,487782
0,12,3,0.5,-0.102905,180,0,1,487799
0,13,2,0.5,-0.10115,180,0,1,487816
0,12,2,0.5,-0.09953,180,0,1,487833
0,11,2,0.5,-0.098045,180,0,0,487851
-4,11,1,0.5,-0.09656,180,0,0,487865
0,9,1,0.5,-0.095345,180,0,0,487882
1,7,2,0.5,-0.0944,180,0,0,487900
-4,7,0,0.5,-0.093455,180,0,0,487915
0,7,1,0.5,-0.09251,180,0,0,487932
-6,6,-1,0.5,-0.0917,180,0,0,487949
-5,6,-1,0.5,-0.09089,180,0,0,487965
-1,6,1,0.5,-0.09008,180,0,0,487982
0,4,1,0.5,-0.08954,180,0,0,487999
1,4,1,0.5,-0.089,180,0,0,488016
0,4,1,0.5,-0.08846,180,0,0,488032
0,4,3,0.5,-0.08792,180,0,0,488052
0,5,2,0.5,-0.087245,180,0,0,488066
0,7,3,0.5,-0.0863,180,0,0,488083
0,8,3,0.5,-0.08522,180,0,0,488099
0,10,3,0.5,-0.08387,180,0,0,488116
0,11,3,0.5,-0.082385,180,0,0,488132
0,13,3,0.5,-0.08063,180,0,0,488150
0,28,6,0.5,-0.07685,180,0,0,488167
0,14,1,0.5,-0.07496,180,0,0,488182
1,13,4,0.5,-0.073205,180,0,0,488199
-3,12,2,0.5,-0.071585,180,0,0,488215
-2,14,4,0.5,-0.069695,180,0,0,488233
0,12,5,0.5,-0.068075,180,0,0,488250
3,13,7,0.5,-0.06632,180,0,0,488269
-4,14,3,0.5,-0.06443,180,0,0,488283
-2,15,5,0.5,-0.062405,180,0,0,488301
4,15,7,0.5,-0.06038,180,0,0,488317
0,15,5,0.5,-0.058355,180,0,0,488334
0,14,5,0.5,-0.056465,180,0,0,488351
0,16,6,0.5,-0.054305,180,0,0,488367
0,16,6,0.5,-0.052145,180,0,0,488383
0,15,7,0.5,-0.05012,180,0,0,488402
0,15,8,0.5,-0.048095,180,0,0,488417
-4,13,7,0.5,-0.04634,180,0,0,488434
0,12,7,0.5,-0.04472,180,0,0,488451
0,12,6,0.5,-0.0431,180,0,0,488466
0,13,8,0.5,-0.041345,180,0,0,488484
2,15,9,0.5,-0.03932,180,0,0,488501
0,15,9,0.5,-0.037295,180,0,0,488518
0,13,9,0.5,-0.03554,180,0,0,488535
0,11,9,0.5,-0.034055,180,0,0,488551
0,13,13,0.5,-0.0323,180,0,0,488568
0,4,14,0.5,-0.03176,180,0,0,488586
0,4,9,0.5,-0.03122,180,0,0,488611
-1,4,6,0.5,-0.03068,180,0,0,488619
0,6,7,0.5,-0.02987,180,0,0,488635
1,7,10,0.5,-0.028925,180,0,0,488651
-1,9,8,0.5,-0.02771,180,0,0,488667
0,7,10,0.5,-0.026765,180,0,0,488685
1,6,11,0.5,-0.025955,180,0,0,488702
-3,6,12,0.5,-0.025145,180,0,0,488718
3,6,15,0.5,-0.024335,180,0,0,488735
0,4,12,0.5,-0.023795,180,0,0,488754
0,1,12,0.5,-0.02366,180,0,0,488769
-3,-1,9,0.5,-0.023795,180,0,0,488785
5,1,13,0.5,-0.02366,180,0,0,488803
-4,3,10,0.5,-0.023255,180,0,0,488817
-5,8,8,0.5,-0.022175,180,0,0,488841
-6,31,15,0.5,-0.01799,180,0,0,488859
0,0,0,0.5,-0.01799,180,0,0,488865
0,25,6,0.5,-0.014615,180,0,0,488883
0,29,6,0.5,-0.0107,180,0,0,488901
0,33,6,0.5,-0.006245,180,0,0,488917
0,33,7,0.5,-0.00179,180,0,0,488935
-1,30,8,0.5,0.00226,180,0,0,488952
1,52,16,0.5,0.00928,180,0,0,488969
0,20,13,0.5,0.01198,180,0,0,488987
-1,20,10,0.5,0.01468,180,0,0,489001
0,25,15,0.5,0.018055,180,0,0,489019
3,30,18,0.5,0.022105,180,0,0,489039
0,35,18,0.5,0.02683,180,0,0,489054
0,36,16,0.5,0.03169,180,0,0,489069
0,38,17,0.5,0.03682,180,0,0,489088
-1,39,15,0.5,0.042085,180,0,0,489103
0,42,15,0.5,0.047755,180,0,0,489119
4,44,16,0.5,0.053695,180,0,0,489136
-3,42,13,0.5,0.059365,180,0,0,489152
0,36,15,0.5,0.064225,180,0,0,489168
-2,26,12,0.5,0.067735,180,0,0,489184
0,20,15,0.5,0.070435,180,0,0,489202
3,17,12,0.5,0.07273,180,0,0,489218
0,15,12,0.5,0.074755,180,0,0,489235
0,11,12,0.5,0.07624,180,0,0,489252
0,11,13,0.5,0.077725,180,0,0,489269
0,12,14,0.5,0.079345,180,0,0,489287
-1,11,12,0.5,0.08083,180,0,0,489302
0,14,10,0.5,0.08272,180,0,0,489319
-1,17,8,0.5,0.085015,180,0,0,489337
0,19,6,0.5,0.08758,180,0,0,489351
0,49,11,0.5,0.094195,180,0,0,489368
-5,29,2,0.5,0.09811,180,0,0,489383
0,27,3,0.5,0.101755,180,0,0,489399
-1,20,2,0.5,0.104455,180,0,0,489416
2,13,3,0.5,0.10621,180,0,0,489433
2,13,5,0.5,0.107965,180,0,0,489450
0,14,5,0.5,0.109855,180,0,0,489467
-4,18,5,0.5,0.112285,180,0,0,489484
-1,19,6,0.5,0.11485,180,0,0,489501
0,21,7,0.5,0.117685,180,0,0,489517
4,22,9,0.5,0.120655,180,0,0,489535
0,23,6,0.5,0.12376,180,0,0,489551
2,25,9,0.5,0.127135,180,0,0,489568
-6,26,4,0.5,0.130645,180,0,0,489583
-5,28,6,0.5,0.134425,180,0,0,489600
-1,32,9,0.5,0.138745,180,0,0,489617
-2,34,10,0.5,0.143335,180,0,0,489636
0,31,11,0.5,0.14752,180,0,0,489652
0,36,13,0.5,0.15238,180,0,0,489668
0,34,12,0.5,0.15697,180,0,0,489686
0,32,13,0.5,0.16129,180,0,0,489702
0,24,13,0.5,0.16453,180,0,0,489719
-2,20,13,0.5,0.16723,180,0,0,489736
0,16,15,0.5,0.16939,180,0,0,489753
1,21,23,0.5,0.172225,180,0,0,489770
0,6,22,0.5,0.173035,180,0,0,489791
-1,5,12,0.5,0.17371,180,0,0,489803
0,5,11,0.5,0.174385,180,0,0,489819
0,6,10,0.5,0.175195,180,0,0,489835
0,6,9,0.5,0.176005,180,0,0,489851
0,5,9,0.5,0.17668,180,0,0,489871
-2,4,7,0.5,0.17722,180,0,0,489885
2,2,10,0.5,0.17749,180,0,0,489902
0,1,8,0.5,0.177625,180,0,0,489918
0,1,8,0.5,0.17776,180,0,0,489934
0,3,7,0.5,0.178165,180,0,0,489950
2,4,8,0.5,0.178705,180,0,0,489968
2,7,9,0.5,0.17965,180,0,0,489984
-3,9,8,0.5,0.180865,180,0,0,490000
-1,15,10,0.5,0.18289,180,0,0,490019
-5,18,7,0.5,0.18532,180,0,0,490034
2,22,11,0.5,0.18829,180,0,0,490052
-5,25,10,0.5,0.191665,180,0,0,490069
-2,26,7,0.5,0.195175,180,0,0,490083
-1,26,9,0.5,0.198685,180,0,0,490100
-2,21,8,0.5,0.20152,180,0,0,490117
-4,16,5,0.5,0.20368,180,0,0,490133
3,10,8,0.5,0.20503,180,0,0,490151
1,7,5,0.5,0.205975,180,0,0,490167
-2,1,11,0.5,0.20611,180,0,0,490184
3,-6,9,0.5,0.2053,180,0,0,490206
-3,-9,7,0.5,0.204085,180,0,0,490217
0,-10,7,0.5,0.202735,180,0,0,490234
2,-10,8,0.5,0.201385,180,0,0,490252
0,-9,7,0.5,0.20017,180,0,0,490267
-5,-8,4,0.5,0.19909,180,0,0,490283
0,-4,6,0.5,0.19855,180,0,0,490302
0,-2,5,0.5,0.19828,180,0,0,490317
0,0,5,0.5,0.19828,180,0,0,490333
2,2,3,0.5,0.19855,180,0,0,490350
2,5,3,0.5,0.199225,180,0,0,490367
-2,7,3,0.5,0.20017,180,0,0,490382
1,8,2,0.5,0.20125,180,0,0,490399
0,8,2,0.5,0.20233,180,0,0,490415
-1,9,2,0.5,0.203545,180,0,0,490433
1,10,2,0.5,0.204895,180,0,0,490449
0,8,2,0.5,0.205975,180,0,0,490466
-1,10,1,0.5,0.207325,180,0,0,490482
-3,7,2,0.5,0.20827,180,0,0,490499
-1,7,1,0.5,0.209215,180,0,0,490515
-2,8,2,0.5,0.210295,180,0,0,490535
2,8,4,0.5,0.211375,180,0,0,490549
0,7,3,0.5,0.21232,180,0,0,490566
-4,12,5,0.5,0.21394,180,0,0,490584
-6,7,0,0.5,0.214885,180,0,0,490598
1,8,3,0.5,0.215965,180,0,0,490616
-1,10,1,0.5,0.217315,180,0,0,490633
0,13,1,0.5,0.21907,180,0,0,490649
0,15,1,0.5,0.221095,180,0,0,490667
-1,16,1,0.5,0.223255,180,0,0,490682
0,19,1,0.5,0.22582,180,0,0,490699
0,20,1,0.5,0.22852,180,0,0,490718
0,22,1,0.5,0.23149,180,0,0,490733
-2,24,2,0.5,0.23473,180,0,0,490749
-1,24,2,0.5,0.23797,180,0,0,490767
-1,25,2,0.5,0.241345,180,0,0,490783
3,27,4,0.5,0.24499,180,0,0,490799
0,28,1,0.5,0.24877,180,0,0,490817
0,30,0,0.5,0.25282,180,0,0,490834
1,31,-2,0.5,0.257005,180,0,0,490849
0,30,0,0.5,0.261055,180,0,0,490866
0,30,-1,0.5,0.265105,180,0,0,490882
0,29,-1,0.5,0.26902,180,0,0,490899
0,26,-2,0.5,0.27253,180,0,0,490916
0,28,-1,0.5,0.27631,180,0,0,490933
0,25,-1,0.5,0.279685,180,0,0,490950
0,40,2,0.5,0.285085,180,0,0,490967
0,14,4,0.5,0.286975,180,0,0,490982
0,10,5,0.5,0.288325,180,0,0,491000
0,10,5,0.5,0.289675,180,0,0,491018
0,12,5,0.5,0.291295,180,0,0,491033
-3,15,5,0.5,0.29332,180,0,0,491050
-1,20,4,0.5,0.29602,180,0,0,491066
1,24,5,0.5,0.29926,180,0,0,491083
-1,30,3,0.5,0.30331,180,0,0,491100
0,30,4,0.5,0.30736,180,0,0,491116
2,29,4,0.5,0.311275,180,0,0,491135
0,28,4,0.5,0.315055,180,0,0,491150
-5,21,1,0.5,0.31789,180,0,0,491167
2,18,5,0.5,0.32032,180,0,0,491185
-1,8,2,0.5,0.3214,180,0,0,491200
0,1,5,0.5,0.321535,180,0,0,491219
0,-5,5,0.5,0.32086,180,0,0,491235
3,-9,7,0.5,0.319645,180,0,0,491254
0,-9,5,0.5,0.31843,180,0,0,491269
-2,-8,5,0.5,0.31735,180,0,0,491283
3,-5,5,0.5,0.316675,180,0,0,491302
0,-2,3,0.5,0.316405,180,0,0,491316
0,0,4,0.5,0.316405,180,0,0,491332
0,1,4,0.5,0.31654,180,0,0,491349
0,5,9,0.5,0.317215,180,0,0,491368
0,3,1,0.5,0.31762,180,0,0,491382
0,2,9,0.5,0.31789,180,0,0,491401
0,3,6,0.5,0.318295,180,0,0,491417
0,3,6,0.5,0.3187,180,0,0,491436
0,2,6,0.5,0.31897,180,0,0,491454
0,0,8,0.5,0.31897,180,0,0,491469
0,2,9,0.5,0.31924,180,0,0,491488
0,5,10,0.5,0.319915,180,0,0,491500
0,12,11,0.5,0.321535,180,0,0,491518
-2,15,9,0.5,0.32356,180,0,0,491536
0,21,10,0.5,0.326395,180,0,0,491551
0,22,8,0.5,0.329365,180,0,0,491567
0,24,8,0.5,0.332605,180,0,0,491584
0,20,7,0.5,0.335305,180,0,0,491600
0,16,5,0.5,0.337465,180,0,0,491618
0,14,5,0.5,0.339355,180,0,0,491634
0,11,4,0.5,0.34084,180,0,0,491649
0,6,5,0.5,0.34165,180,0,0,491666
-1,1,3,0.5,0.341785,180,0,0,491682
0,-5,5,0.5,0.34111,180,0,0,491701
0,-9,5,0.5,0.339895,180,0,0,491716
3,-11,5,0.5,0.33841,180,0,0,491733
0,-13,3,0.5,0.336655,180,0,0,491751
0,-13,3,0.5,0.3349,180,0,0,491766
-5,-19,5,0.5,0.332335,180,0,0,491783
0,-6,3,0.5,0.331525,180,0,0,491799
1,-2,5,0.5,0.331255,180,0,0,491817
1,1,4,0.5,0.33139,180,0,0,491833
0,3,5,0.5,0.331795,180,0,0,491850
1,4,6,0.5,0.332335,180,0,0,491866
-3,3,5,0.5,0.33274,180,0,0,491883
3,3,8,0.5,0.333145,180,0,0,491902
0,2,7,0.5,0.333415,180,0,0,491918
0,3,7,0.5,0.33382,180,0,0,491934
0,3,7,0.5,0.334225,180,0,0,491953
0,4,6,0.5,0.334765,180,0,0,491966
2,5,7,0.5,0.33544,180,0,0,491983
-1,9,6,0.5,0.336655,180,0,0,492001
-1,11,6,0.5,0.33814,180,0,0,492016
-3,15,5,0.5,0.340165,180,0,0,492033
-2,15,6,0.5,0.34219,180,0,0,492051
0,14,5,0.5,0.34408,180,0,0,492067
0,9,4,0.5,0.345295,180,0,0,492083
-2,3,4,0.5,0.3457,180,0,0,492100
0,-3,4,0.5,0.345295,180,0,0,492116
0,-4,6,0.5,0.344755,180,0,0,492136
0,-3,7,0.5,0.34435,180,0,0,492151
0,-1,7,0.5,0.344215,180,0,0,492167
0,8,13,0.5,0.345295,180,0,0,492185
-1,9,8,0.5,0.34651,180,0,0,492202
-1,12,8,0.5,0.34813,180,0,0,492217
0,14,10,0.5,0.35002,180,0,0,492234
0,17,10,0.5,0.352315,180,0,0,492252
0,16,10,0.5,0.354475,180,0,0,492268
0,14,8,0.5,0.356365,180,0,0,492283
-1,8,6,0.5,0.357445,180,0,0,492302
-1,4,6,0.5,0.357985,180,0,0,492320
0,2,6,0.5,0.358255,180,0,0,492335
3,3,9,0.5,0.35866,180,0,0,492351
-3,8,6,0.5,0.35974,180,0,0,492367
0,9,7,0.5,0.360955,180,0,0,492384
0,11,7,0.5,0.36244,180,0,0,492401
0,10,4,0.5,0.36379,180,0,0,492416
1,10,5,0.5,0.36514,180,0,0,492433
0,8,4,0.5,0.36622,180,0,0,492449
0,6,4,0.5,0.36703,180,0,0,492466
0,2,4,0.5,0.3673,180,0,0,492483
0,-1,4,0.5,0.367165,180,0,0,492499
-2,-3,2,0.5,0.36676,180,0,0,492516
-1,-5,5,0.5,0.366085,180,0,0,492534
3,-8,7,0.5,0.365005,180,0,0,492551
-2,-21,7,0.5,0.36217,180,0,0,492568
0,-11,11,0.5,0.360685,180,0,0,492585
0,-8,5,0.5,0.359605,180,0,0,492600
0,-6,5,0.5,0.358795,180,0,0,492617
0,-3,4,0.5,0.35839,180,0,0,492633
-3,-2,3,0.5,0.35812,180,0,0,492649
0,0,5,0.5,0.35812,180,0,0,492667
0,2,5,0.5,0.35839,180,0,0,492683
0,3,6,0.5,0.358795,180,0,0,492700
-1,3,7,0.5,0.3592,180,0,0,492721
0,4,6,0.5,0.35974,180,0,0,492734
0,5,6,0.5,0.360415,180,0,0,492752
-1,5,8,0.5,0.36109,180,0,0,492770
0,5,6,0.5,0.361765,180,0,0,492785
-5,8,5,0.5,0.362845,180,0,0,492801
0,8,6,0.5,0.363925,180,0,0,492818
0,10,7,0.5,0.365275,180,0,0,492833
0,13,7,0.5,0.36703,180,0,0,492850
0,13,7,0.5,0.368785,180,0,0,492870
0,16,7,0.5,0.370945,180,0,0,492883
0,17,8,0.5,0.37324,180,0,0,492900
4,18,9,0.5,0.37567,180,0,0,492918
0,19,8,0.5,0.378235,180,0,0,492934
-2,20,7,0.5,0.380935,180,0,0,492950
0,21,7,0.5,0.38377,180,0,0,492968
-4,41,7,0.5,0.389305,180,0,0,492983
2,19,16,0.5,0.39187,180,0,0,493003
0,18,7,0.5,0.3943,180,0,0,493018
0,18,9,0.5,0.39673,180,0,0,493035
0,23,10,0.5,0.399835,180,0,0,493051
-1,26,9,0.5,0.403345,180,0,0,493068
0,23,9,0.5,0.40645,180,0,0,493083
0,25,9,0.5,0.409825,180,0,0,493100
0,23,9,0.5,0.41293,180,0,0,493119
0,24,10,0.5,0.41617,180,0,0,493134
0,26,11,0.5,0.41968,180,0,0,493151
1,25,14,0.5,0.423055,180,0,0,493170
0,21,11,0.5,0.42589,180,0,0,493193
-3,13,9,0.5,0.427645,180,0,0,493200
0,7,10,0.5,0.42859,180,0,0,493218
-4,3,7,0.5,0.428995,180,0,0,493233
4,-1,12,0.5,0.42886,180,0,0,493254
-3,-6,7,0.5,0.42805,180,0,0,493267
0,-9,8,0.5,0.426835,180,0,0,493283
1,-11,8,0.5,0.42535,180,0,0,493306
-2,-23,9,0.5,0.422245,180,0,0,493322
0,0,0,0.5,0.422245,180,0,0,493333
-3,-8,4,0.5,0.421165,180,0,0,493351
1,-4,5,0.5,0.420625,180,0,0,493366
-1,-1,7,0.5,0.42049,180,0,0,493385
-1,3,4,0.5,0.420895,180,0,0,493400
0,0,0,0.5,0.420895,180,0,0,493415
4,9,10,0.5,0.42211,180,0,0,493434
-2,5,3,0.5,0.422785,180,0,0,493449
-1,6,3,0.5,0.423595,180,0,0,493469
1,6,5,0.5,0.424405,180,0,0,493484
0,5,6,0.5,0.42508,180,0,0,493500
0,6,4,0.5,0.42589,180,0,0,493517
-8,5,0,0.5,0.426565,180,0,0,493532
0,4,2,0.5,0.427105,180,0,0,493549
0,2,2,0.5,0.427375,180,0,0,493565
0,3,1,0.5,0.42778,180,0,0,493582
-5,2,-2,0.5,0.42805,180,0,0,493599
2,3,0,0.5,0.428455,180,0,0,493615
0,3,-1,0.5,0.42886,180,0,0,493632
1,4,-3,0.5,0.4294,180,0,0,493649
-1,3,-3,0.5,0.429805,180,0,0,493665
0,5,-3,0.5,0.43048,180,0,0,493682
-2,6,-2,0.5,0.43129,180,0,0,493699
0,5,0,0.5,0.431965,180,0,0,493715
0,7,-1,0.5,0.43291,180,0,0,493732
4,7,1,0.5,0.433855,180,0,0,493748
0,16,2,0.5,0.436015,180,0,0,493767
0,0,0,0.5,0.436015,180,0,0,493781
1,12,3,0.5,0.437635,180,0,0,493801
0,4,1,0.5,0.438175,180,0,0,493816
0,4,1,0.5,0.438715,180,0,0,493832
-1,2,3,0.5,0.438985,180,0,0,493849
-1,2,2,0.5,0.439255,180,0,0,493866
0,1,2,0.5,0.43939,180,0,0,493882
0,0,3,0.5,0.43939,180,0,0,493899
0,1,2,0.5,0.439525,180,0,0,493916
0,2,3,0.5,0.439795,180,0,0,493932
0,2,2,0.5,0.440065,180,0,0,493949
0,2,1,0.5,0.440335,180,0,0,493966
1,2,2,0.5,0.440605,180,0,0,493982
0,2,0,0.5,0.440875,180,0,0,493998
0,2,0,0.5,0.441145,180,0,0,494017
-3,1,0,0.5,0.44128,180,0,0,494034
0,1,0,0.5,0.441415,180,0,0,494048
0,0,0,0.5,0.441415,180,0,0,494065
0,1,1,0.5,0.44155,180,0,0,494082
0,0,1,0.5,0.44155,180,0,0,494098
0,0,0,0.5,0.44155,180,0,0,494115
0,0,0,0.5,0.44155,180,0,0,494131
0,1,1,0.5,0.441685,180,0,0,494149
1,2,0,0.5,0.441955,180,0,0,494167
0,0,0,0.5,0.441955,180,0,0,494181
0,2,2,0.5,0.442225,180,0,0,494199
2,1,1,0.5,0.44236,180,0,0,494216
-2,0,2,0.5,0.44236,180,0,0,494234
-1,1,0,0.5,0.442495,180,0,0,494248
0,1,1,0.5,0.44263,180,0,0,494265
-1,0,-1,0.5,0.44263,180,0,0,494283
0,1,1,0.5,0.442765,180,0,0,494299
0,1,0,0.5,0.4429,180,0,0,494315
5,0,2,0.5,0.4429,180,0,0,494332
0,0,0,0.5,0.4429,180,0,0,494348
-2,1,0,0.5,0.443035,180,0,0,494366
0,0,0,0.5,0.443035,180,0,0,494381
0,0,0,0.5,0.443035,180,0,0,494398
-1,0,0,0.5,0.443035,180,0,0,494415
0,0,0,0.5,0.443035,180,0,0,494431
0,0,0,0.5,0.443035,180,0,0,494448
0,0,0,0.5,0.443035,180,0,0,494464
0,0,0,0.5,0.443035,180,0,0,494481
0,0,0,0.5,0.443035,180,0,0,494498
2,0,-1,0.5,0.443035,180,0,0,494515
1,-1,0,0.5,0.4429,180,0,0,494531
1,0,0,0.5,0.4429,180,0,0,494548
-1,-1,0,0.5,0.442765,180,0,0,494565
-1,0,-1,0.5,0.442765,180,0,0,494583
0,0,0,0.5,0.442765,180,0,0,494598
-1,0,-1,0.5,0.442765,180,0,0,494616
0,0,-1,0.5,0.442765,180,0,0,494632
0,-1,-1,0.5,0.44263,180,0,0,494649
0,-1,0,0.5,0.442495,180,0,0,494665
0,-1,0,0.5,0.44236,180,0,0,494681
0,-1,-1,0.5,0.442225,180,0,0,494700
0,0,0,0.5,0.442225,180,0,0,494715
0,-1,-1,0.5,0.44209,180,0,0,494732
4,-2,0,0.5,0.44182,180,0,0,494749
0,0,-1,0.5,0.44182,180,0,0,494765
0,-1,-1,0.5,0.441685,180,0,0,494782
0,0,0,0.5,0.441685,180,0,0,494798
0,0,-1,0.5,0.441685,180,0,0,494816
0,0,-1,0.5,0.441685,180,0,0,494832
0,0,-1,0.5,0.441685,180,0,0,494849
0,0,-1,0.5,0.441685,180,0,0,494865
0,0,-1,0.5,0.441685,180,0,0,494882
0,0,-1,0.5,0.441685,180,0,0,494898
0,-1,-1,0.5,0.44155,180,0,0,494915
0,0,-1,0.5,0.44155,180,0,0,494932
0,-1,-1,0.5,0.441415,180,0,0,494949
0,-1,-1,0.5,0.44128,180,0,0,494967
0,-1,-3,0.5,0.441145,180,0,0,494983
1,-1,-1,0.5,0.44101,180,0,0,494999
0,-2,-1,0.5,0.44074,180,0,0,495017
0,0,0,0.5,0.44074,180,0,0,495031
0,0,-2,0.5,0.44074,180,0,0,495049
2,0,1,0.5,0.44074,180,0,0,495066
1,0,-1,0.5,0.44074,180,0,0,495083
0,-1,-1,0.5,0.440605,180,0,0,495099
0,0,-1,0.5,0.440605,180,0,0,495115
0,0,-1,0.5,0.440605,180,0,0,495132
0,0,-2,0.5,0.440605,180,0,0,495148
0,0,-2,0.5,0.440605,180,0,0,495165
0,-1,-1,0.5,0.44047,180,0,0,495182
1,0,0,0.5,0.44047,180,0,0,495198
1,-1,-1,0.5,0.440335,180,0,0,495215
-2,-1,-1,0.5,0.4402,180,0,0,495232
-1,0,-1,0.5,0.4402,180,0,0,495248
1,-1,-1,0.5,0.440065,180,0,0,495265
0,0,-2,0.5,0.440065,180,0,0,495282
1,-1,-1,0.5,0.43993,180,0,0,495298
-5,0,-4,0.5,0.43993,180,0,0,495316
0,0,-2,0.5,0.43993,180,0,0,495332
0,-1,0,0.5,0.439795,180,0,0,495348
0,0,-1,0.5,0.439795,180,0,0,495365
0,0,-1,0.5,0.439795,180,0,0,495382
-2,-1,-4,0.5,0.43966,180,0,0,495399
-1,-1,-1,0.5,0.439525,180,0,0,495415
0,0,-3,0.5,0.439525,180,0,0,495433
0,0,0,0.5,0.439525,180,0,0,495448
2,-1,-1,0.5,0.43939,180,0,0,495467
0,0,-1,0.5,0.43939,180,0,0,495482
-2,-1,-3,0.5,0.439255,180,0,0,495499
0,0,-1,0.5,0.439255,180,0,0,495515
0,-1,-1,0.5,0.43912,180,0,0,495532
-1,0,-1,0.5,0.43912,180,0,0,495548
0,0,-1,0.5,0.43912,180,0,0,495565
0,0,-1,0.5,0.43912,180,0,0,495582
0,0,-1,0.5,0.43912,180,0,0,495598
0,-1,-1,0.5,0.438985,180,0,0,495616
0,0,-1,0.5,0.438985,180,0,0,495633
0,-1,-1,0.5,0.43885,180,0,0,495648
0,0,-1,0.5,0.43885,180,0,0,495666
0,-1,-1,0.5,0.438715,180,0,0,495682
0,0,-1,0.5,0.438715,180,0,0,495698
0,0,-1,0.5,0.438715,180,0,0,495715
2,-1,0,0.5,0.43858,180,0,0,495732
1,0,0,0.5,0.43858,180,0,0,495748
2,0,1,0.5,0.43858,180,0,0,495767
-4,0,-5,0.5,0.43858,180,0,0,495784
1,-1,-3,0.5,0.438445,180,0,0,495801
0,1,-1,0.5,0.43858,180,0,0,495815
-1,0,-1,0.5,0.43858,180,0,0,495832
0,0,-1,0.5,0.43858,180,0,0,495848
0,0,-1,0.5,0.43858,180,0,0,495868
0,0,-1,0.5,0.43858,180,0,0,495885
0,-1,-1,0.5,0.438445,180,0,0,495900
0,1,-1,0.5,0.43858,180,0,0,495916
0,0,-1,0.5,0.43858,180,0,0,495932
0,0,-1,0.5,0.43858,180,0,0,495948
0,0,-1,0.5,0.43858,180,0,0,495965
0,0,-1,0.5,0.43858,180,0,0,495982
0,0,-1,0.5,0.43858,180,0,0,495999
0,0,0,0.5,0.43858,180,0,0,496014
0,0,-1,0.5,0.43858,180,0,0,496031
0,0,-1,0.5,0.43858,180,0,0,496049
4,0,-1,0.5,0.43858,180,0,0,496065
-1,0,0,0.5,0.43858,180,0,0,496081
0,0,-1,0.5,0.43858,180,0,0,496098
-1,-1,0,0.5,0.438445,180,0,0,496115
1,0,-1,0.5,0.438445,180,0,0,496132
0,0,0,0.5,0.438445,180,0,0,496148
0,-1,0,0.5,0.43831,180,0,0,496166
0,0,0,0.5,0.43831,180,0,0,496182
0,0,-1,0.5,0.43831,180,0,0,496201
0,0,-1,0.5,0.43831,180,0,0,496216
0,0,0,0.5,0.43831,180,0,0,496231
0,0,0,0.5,0.43831,180,0,0,496248
0,0,-1,0.5,0.43831,180,0,0,496265
0,0,0,0.5,0.43831,180,0,0,496281
0,0,0,0.5,0.43831,180,0,0,496298
0,0,0,0.5,0.43831,180,0,0,496315
0,0,0,0.5,0.43831,180,0,0,496331
0,1,-1,0.5,0.438445,180,0,0,496349
0,0,0,0.5,0.438445,180,0,0,496364
0,0,0,0.5,0.438445,180,0,0,496381
0,0,0,0.5,0.438445,180,0,0,496398
0,0,0,0.5,0.438445,180,0,0,496415
0,0,0,0.5,0.438445,180,0,0,496431
0,0,0,0.5,0.438445,180,0,0,496448
0,1,0,0.5,0.43858,180,0,0,496465
0,0,0,0.5,0.43858,180,0,0,496481
0,0,0,0.5,0.43858,180,0,0,496498
0,0,0,0.5,0.43858,180,0,0,496514
0,0,-1,0.5,0.43858,180,0,0,496532
0,0,0,0.5,0.43858,180,0,0,496548
0,0,0,0.5,0.43858,180,0,0,496565
0,0,0,0.5,0.43858,180,0,0,496581
0,0,0,0.5,0.43858,180,0,0,496598
0,0,0,0.5,0.43858,180,0,0,496614
0,0,0,0.5,0.43858,180,0,0,496631
0,0,0,0.5,0.43858,180,0,0,496648
0,0,0,0.5,0.43858,180,0,0,496664
0,0,0,0.5,0.43858,180,0,0,496681
0,0,0,0.5,0.43858,180,0,0,496698
0,1,0,0.5,0.438715,180,0,0,496715
0,0,0,0.5,0.438715,180,0,0,496731
0,0,0,0.5,0.438715,180,0,0,496748
-1,0,0,0.5,0.438715,180,0,0,496765
0,0,0,0.5,0.438715,180,0,0,496781
0,0,0,0.5,0.438715,180,0,0,496798
0,0,0,0.5,0.438715,180,0,0,496814
0,0,0,0.5,0.438715,180,0,0,496831
0,0,0,0.5,0.438715,180,0,0,496848
0,0,0,0.5,0.438715,180,0,0,496865
0,1,1,0.5,0.43885,180,0,0,496882
0,0,0,0.5,0.43885,180,0,0,496898
0,0,0,0.5,0.43885,180,0,0,496915
0,1,0,0.5,0.438985,180,0,0,496932
0,0,0,0.5,0.438985,180,0,0,496948
-1,0,0,0.5,0.438985,180,0,0,496965
0,0,0,0.5,0.438985,180,0,0,496981
0,0,0,0.5,0.438985,180,0,0,496998
0,0,0,0.5,0.438985,180,0,0,497014
0,0,0,0.5,0.438985,180,0,0,497031
0,1,0,0.5,0.43912,180,0,0,497048
0,0,0,0.5,0.43912,180,0,0,497064
0,0,0,0.5,0.43912,180,0,0,497081
0,0,0,0.5,0.43912,180,0,0,497098
0,0,0,0.5,0.43912,180,0,0,497114
0,1,1,0.5,0.439255,180,0,0,497132
0,1,0,0.5,0.43939,180,0,0,497148
0,0,0,0.5,0.43939,180,0,0,497165
-1,1,1,0.5,0.439525,180,0,0,497183
-2,0,-1,0.5,0.439525,180,0,0,497199
-2,0,0,0.5,0.439525,180,0,0,497215
-2,0,-1,0.5,0.439525,180,0,0,497232
3,0,3,0.5,0.439525,180,0,0,497249
0,1,0,0.5,0.43966,180,0,0,497265
0,0,0,0.5,0.43966,180,0,0,497281
0,0,0,0.5,0.43966,180,0,0,497298
0,0,1,0.5,0.43966,180,0,0,497315
0,1,0,0.5,0.439795,180,0,0,497332
0,0,1,0.5,0.439795,180,0,0,497349
0,0,0,0.5,0.439795,180,0,0,497364
0,0,0,0.5,0.439795,180,0,0,497381
0,0,0,0.5,0.439795,180,0,0,497398
0,1,1,0.5,0.43993,180,0,0,497415
0,1,0,0.5,0.440065,180,0,0,497431
-3,0,-1,0.5,0.440065,180,0,0,497448
-1,0,0,0.5,0.440065,180,0,0,497465
-3,1,-1,0.5,0.4402,180,0,0,497482
6,0,4,0.5,0.4402,180,0,0,497500
0,1,0,0.5,0.440335,180,0,0,497515
-1,0,0,0.5,0.440335,180,0,0,497532
2,0,0,0.5,0.440335,180,0,0,497548
0,1,0,0.5,0.44047,180,0,0,497565
-3,0,0,0.5,0.44047,180,0,0,497582
1,0,1,0.5,0.44047,180,0,0,497599
1,1,0,0.5,0.440605,180,0,0,497615
2,0,1,0.5,0.440605,180,0,0,497632
0,0,1,0.5,0.440605,180,0,0,497648
-2,0,0,0.5,0.440605,180,0,0,497665
0,0,0,0.5,0.440605,180,0,0,497681
0,0,0,0.5,0.440605,180,0,0,497698
-1,1,0,0.5,0.44074,180,0,0,497715
0,0,1,0.5,0.44074,180,0,0,497732
-1,1,0,0.5,0.440875,180,0,0,497748
0,1,0,0.5,0.44101,180,0,0,497765
1,1,1,0.5,0.441145,180,0,0,497782
0,0,1,0.5,0.441145,180,0,0,497798
0,0,0,0.5,0.441145,180,0,0,497814
-1,0,0,0.5,0.441145,180,0,0,497832
-1,0,0,0.5,0.441145,180,0,0,497848
-2,0,0,0.5,0.441145,180,0,0,497865
-1,0,0,0.5,0.441145,180,0,0,497882
5,1,3,0.5,0.44128,180,0,0,497899
0,0,0,0.5,0.44128,180,0,0,497914
1,1,0,0.5,0.441415,180,0,0,497931
-1,0,1,0.5,0.441415,180,0,0,497949
1,0,0,0.5,0.441415,180,0,0,497965
0,0,0,0.5,0.441415,180,0,0,497981
0,0,0,0.5,0.441415,180,0,0,497998
0,0,0,0.5,0.441415,180,0,0,498015
0,0,-1,0.5,0.441415,180,0,0,498032
0,0,0,0.5,0.441415,180,0,0,498048
0,1,0,0.5,0.44155,180,0,0,498065
0,0,0,0.5,0.44155,180,0,0,498081
0,1,0,0.5,0.441685,180,0,0,498098
-1,1,2,0.5,0.44182,180,0,0,498115
0,0,0,0.5,0.44182,180,0,0,498131
-1,0,0,0.5,0.44182,180,0,0,498151
0,0,0,0.5,0.44182,180,0,0,498164
0,0,0,0.5,0.44182,180,0,0,498181
-3,0,0,0.5,0.44182,180,0,0,498199
-2,0,0,0.5,0.44182,180,0,0,498215
0,1,0,0.5,0.441955,180,0,0,498232
2,0,0,0.5,0.441955,180,0,0,498249
0,0,0,0.5,0.441955,180,0,0,498264
0,0,0,0.5,0.441955,180,0,0,498281
1,0,0,0.5,0.441955,180,0,0,498298
0,0,0,0.5,0.441955,180,0,0,498314
0,0,0,0.5,0.441955,180,0,0,498331
0,1,0,0.5,0.44209,180,0,0,498348
0,0,0,0.5,0.44209,180,0,0,498364
0,0,0,0.5,0.44209,180,0,0,498381
0,0,0,0.5,0.44209,180,0,0,498398
0,0,0,0.5,0.44209,180,0,0,498414
0,1,0,0.5,0.442225,180,0,0,498431
0,0,0,0.5,0.442225,180,0,0,498448
0,0,0,0.5,0.442225,180,0,0,498464
0,0,0,0.5,0.442225,180,0,0,498481
0,0,0,0.5,0.442225,180,0,0,498498
0,0,0,0.5,0.442225,180,0,0,498514
0,0,0,0.5,0.442225,180,0,0,498531
0,0,0,0.5,0.442225,180,0,0,498548
0,0,0,0.5,0.442225,180,0,0,498564
0,0,0,0.5,0.442225,180,0,0,498581
0,0,0,0.5,0.442225,180,0,0,498598
-3,0,0,0.5,0.442225,180,0,0,498614
0,0,0,0.5,0.442225,180,0,0,498631
0,0,0,0.5,0.442225,180,0,0,498648
0,0,0,0.5,0.442225,180,0,0,498664
0,0,0,0.5,0.442225,180,0,0,498681
0,0,0,0.5,0.442225,180,0,0,498698
0,0,0,0.5,0.442225,180,0,0,498714
0,0,0,0.5,0.442225,180,0,0,498731
0,0,0,0.5,0.442225,180,0,0,498748
0,1,0,0.5,0.44236,180,0,0,498765
0,0,0,0.5,0.44236,180,0,0,498781
0,0,0,0.5,0.44236,180,0,0,498798
0,0,0,0.5,0.44236,180,0,0,498815
0,0,0,0.5,0.44236,180,0,0,498831
0,0,0,0.5,0.44236,180,0,0,498848
0,0,0,0.5,0.44236,180,0,0,498864
0,0,0,0.5,0.44236,180,0,0,498881
0,0,0,0.5,0.44236,180,0,0,498898
0,0,0,0.5,0.44236,180,0,0,498914
0,0,-1,0.5,0.44236,180,0,0,498932
0,-1,0,0.5,0.442225,180,0,0,498948
0,0,0,0.5,0.442225,180,0,0,498965
0,0,0,0.5,0.442225,180,0,0,498981
0,0,0,0.5,0.442225,180,0,0,499001
0,0,0,0.5,0.442225,180,0,0,499014
0,0,0,0.5,0.442225,180,0,0,499031
0,0,0,0.5,0.442225,180,0,0,499048
0,0,0,0.5,0.442225,180,0,0,499064
0,-1,0,0.5,0.44209,180,0,0,499081
0,0,0,0.5,0.44209,180,0,0,499098
3,0,1,0.5,0.44209,180,0,0,499115
0,0,0,0.5,0.44209,180,0,0,499131
0,0,0,0.5,0.44209,180,0,0,499148
1,0,0,0.5,0.44209,180,0,0,499165
-2,0,0,0.5,0.44209,180,0,0,499181
0,0,0,0.5,0.44209,180,0,0,499198
0,0,0,0.5,0.44209,180,0,0,499214
0,0,0,0.5,0.44209,180,0,0,499231
0,-1,-1,0.5,0.441955,180,0,0,499248
0,0,0,0.5,0.441955,180,0,0,499264
0,0,0,0.5,0.441955,180,0,0,499281
1,0,0,0.5,0.441955,180,0,0,499301
-1,0,0,0.5,0.441955,180,0,0,499317
0,0,0,0.5,0.441955,180,0,0,499331
1,0,0,0.5,0.441955,180,0,0,499348
0,0,0,0.5,0.441955,180,0,0,499365
0,0,1,0.5,0.441955,180,0,0,499383
0,0,0,0.5,0.441955,180,0,0,499398
0,-1,0,0.5,0.44182,180,0,0,499415
-1,0,-2,0.5,0.44182,180,0,0,499433
0,1,0,0.5,0.441955,180,0,0,499448
0,0,0,0.5,0.441955,180,0,0,499464
0,0,0,0.5,0.441955,180,0,0,499481
0,0,1,0.5,0.441955,180,0,0,499499
0,0,0,0.5,0.441955,180,0,0,499514
2,0,0,0.5,0.441955,180,0,0,499531
1,0,-1,0.5,0.441955,180,0,0,499548
0,0,0,0.5,0.441955,180,0,0,499564
1,-1,0,0.5,0.44182,180,0,0,499581
0,0,0,0.5,0.44182,180,0,0,499599
0,0,0,0.5,0.44182,180,0,0,499614
0,0,1,0.5,0.44182,180,0,0,499631
0,0,0,0.5,0.44182,180,0,0,499648
0,0,0,0.5,0.44182,180,0,0,499664
0,0,0,0.5,0.44182,180,0,0,499681
0,0,0,0.5,0.44182,180,0,0,499698
0,-1,-1,0.5,0.441685,180,0,0,499715
0,0,0,0.5,0.441685,180,0,0,499731
0,0,0,0.5,0.441685,180,0,0,499748
0,0,0,0.5,0.441685,180,0,0,499765
0,1,0,0.5,0.44182,180,0,0,499782
0,0,0,0.5,0.44182,180,0,0,499798
0,0,0,0.5,0.44182,180,0,0,499815
0,0,0,0.5,0.44182,180,0,0,499831
-1,0,0,0.5,0.44182,180,0,0,499848
0,0,0,0.5,0.44182,180,0,0,499864
0,-1,0,0.5,0.441685,180,0,0,499881
0,0,0,0.5,0.441685,180,0,0,499898
0,0,1,0.5,0.441685,180,0,0,499915
0,0,0,0.5,0.441685,180,0,0,499931
0,0,0,0.5,0.441685,180,0,0,499948
0,0,0,0.5,0.441685,180,0,0,499964
0,0,0,0.5,0.441685,180,0,0,499981
0,0,0,0.5,0.441685,180,0,0,499998
0,0,0,0.5,0.441685,180,0,0,500014
0,0,0,0.5,0.441685,180,0,0,500031
0,0,0,0.5,0.441685,180,0,0,500048
0,0,0,0.5,0.441685,180,0,0,500064
0,0,0,0.5,0.441685,180,0,0,500081
0,0,0,0.5,0.441685,180,0,0,500098
0,0,0,0.5,0.441685,180,0,0,500114
0,0,0,0.5,0.441685,180,0,0,500131
0,0,0,0.5,0.441685,180,0,0,500148
0,0,0,0.5,0.441685,180,0,0,500164
0,0,0,0.5,0.441685,180,0,0,500181
0,0,0,0.5,0.441685,180,0,0,500198
0,0,0,0.5,0.441685,180,0,0,500214
0,0,0,0.5,0.441685,180,0,0,500231
1,0,0,0.5,0.441685,180,0,0,500248
-1,0,0,0.5,0.441685,180,0,0,500265
0,0,0,0.5,0.441685,180,0,0,500281
0,0,0,0.5,0.441685,180,0,0,500298
0,0,0,0.5,0.441685,180,0,0,500314
0,0,0,0.5,0.441685,180,0,0,500331
0,0,0,0.5,0.441685,180,0,0,500348
0,0,0,0.5,0.441685,180,0,0,500364
0,0,0,0.5,0.441685,180,0,0,500381
0,0,0,0.5,0.441685,180,0,0,500398
0,0,0,0.5,0.441685,180,0,0,500414
0,0,0,0.5,0.441685,180,0,0,500431
0,0,0,0.5,0.441685,180,0,0,500448
1,0,0,0.5,0.441685,180,0,0,500464
-1,0,-1,0.5,0.441685,180,0,0,500481
0,0,0,0.5,0.441685,180,0,0,500498
0,0,0,0.5,0.441685,180,0,0,500514
-1,0,0,0.5,0.441685,180,0,0,500532
1,0,0,0.5,0.441685,180,0,0,500549
-1,0,0,0.5,0.441685,180,0,0,500565
0,0,0,0.5,0.441685,180,0,0,500581
0,0,0,0.5,0.441685,180,0,0,500598
0,0,0,0.5,0.441685,180,0,0,500614
0,0,0,0.5,0.441685,180,0,0,500631
0,1,0,0.5,0.44182,180,0,0,500648
0,0,0,0.5,0.44182,180,0,0,500664
0,0,0,0.5,0.44182,180,0,0,500681
1,0,0,0.5,0.44182,180,0,0,500698
0,0,0,0.5,0.44182,180,0,0,500714
-1,0,0,0.5,0.44182,180,0,0,500731
0,0,0,0.5,0.44182,180,0,0,500748
0,0,0,0.5,0.44182,180,0,0,500764
1,0,0,0.5,0.44182,180,0,0,500781
-1,0,0,0.5,0.44182,180,0,0,500798
0,0,0,0.5,0.44182,180,0,0,500814
1,0,0,0.5,0.44182,180,0,0,500831
-1,0,0,0.5,0.44182,180,0,0,500848
0,0,0,0.5,0.44182,180,0,0,500864
0,0,0,0.5,0.44182,180,0,0,500881
0,0,0,0.5,0.44182,180,0,0,500898
0,0,0,0.5,0.44182,180,0,0,500914
0,0,0,0.5,0.44182,180,0,0,500931
0,0,0,0.5,0.44182,180,0,0,500948
0,0,0,0.5,0.44182,180,0,0,500964
0,0,0,0.5,0.44182,180,0,0,500981
0,0,0,0.5,0.44182,180,0,0,500998
0,0,0,0.5,0.44182,180,0,0,501014
0,0,0,0.5,0.44182,180,0,0,501031
0,0,0,0.5,0.44182,180,0,0,501048
1,0,0,0.5,0.44182,180,0,0,501064
-1,0,0,0.5,0.44182,180,0,0,501081
1,0,0,0.5,0.44182,180,0,0,501098
-1,0,0,0.5,0.44182,180,0,0,501114
1,0,0,0.5,0.44182,180,0,0,501131
-1,0,0,0.5,0.44182,180,0,0,501148
0,0,0,0.5,0.44182,180,0,0,501164
0,0,0,0.5,0.44182,180,0,0,501181
0,0,0,0.5,0.44182,180,0,0,501197
0,0,0,0.5,0.44182,180,0,0,501214
0,0,0,0.5,0.44182,180,0,0,501231
0,0,0,0.5,0.44182,180,0,0,501247
0,0,0,0.5,0.44182,180,0,0,501264
0,0,0,0.5,0.44182,180,0,0,501281
0,0,0,0.5,0.44182,180,0,0,501297
1,0,0,0.5,0.44182,180,0,0,501315
-1,0,0,0.5,0.44182,180,0,0,501331
0,0,0,0.5,0.44182,180,0,0,501348
0,0,0,0.5,0.44182,180,0,0,501364
0,0,0,0.5,0.44182,180,0,0,501381
1,0,0,0.5,0.44182,180,0,0,501398
-1,0,0,0.5,0.44182,180,0,0,501414
0,0,0,0.5,0.44182,180,0,0,501431
0,0,0,0.5,0.44182,180,0,0,501448
0,0,0,0.5,0.44182,180,0,0,501464
1,0,0,0.5,0.44182,180,0,0,501481
-1,0,0,0.5,0.44182,180,0,0,501498
0,0,0,0.5,0.44182,180,0,0,501514
0,0,0,0.5,0.44182,180,0,0,501531
0,0,0,0.5,0.44182,180,0,0,501547
0,0,0,0.5,0.44182,180,0,0,501564
0,0,0,0.5,0.44182,180,0,0,501581
0,0,0,0.5,0.44182,180,0,0,501597
0,0,0,0.5,0.44182,180,0,0,501614
0,0,0,0.5,0.44182,180,0,0,501631
1,0,0,0.5,0.44182,180,0,0,501648
-1,0,0,0.5,0.44182,180,0,0,501664
0,0,0,0.5,0.44182,180,0,0,501681
0,0,0,0.5,0.44182,180,0,0,501697
0,0,0,0.5,0.44182,180,0,0,501714
0,0,0,0.5,0.44182,180,0,0,501731
0,0,0,0.5,0.44182,180,0,0,501747
1,0,0,0.5,0.44182,180,0,0,501765
-1,0,0,0.5,0.44182,180,0,0,501782
0,0,0,0.5,0.44182,180,0,0,501798
0,0,0,0.5,0.44182,180,0,0,501814
0,0,0,0.5,0.44182,180,0,0,501831
1,0,0,0.5,0.44182,180,0,0,501849
0,0,0,0.5,0.44182,180,0,0,501864
-1,0,0,0.5,0.44182,180,0,0,501881
0,0,0,0.5,0.44182,180,0,0,501897
1,0,0,0.5,0.44182,180,0,0,501914
0,0,0,0.5,0.44182,180,0,0,501931
-1,0,0,0.5,0.44182,180,0,0,501948
0,0,0,0.5,0.44182,180,0,0,501964
0,0,0,0.5,0.44182,180,0,0,501981
0,0,0,0.5,0.44182,180,0,0,501997
0,0,0,0.5,0.44182,180,0,0,502014
0,0,0,0.5,0.44182,180,0,0,502031
0,0,0,0.5,0.44182,180,0,0,502047
0,0,0,0.5,0.44182,180,0,0,502064
0,0,0,0.5,0.44182,180,0,0,502081
0,0,0,0.5,0.44182,180,0,0,502097
0,0,0,0.5,0.44182,180,0,0,502114
0,0,0,0.5,0.44182,180,0,0,502131
0,0,0,0.5,0.44182,180,0,0,502147
0,0,0,0.5,0.44182,180,0,0,502164
0,0,0,0.5,0.44182,180,0,0,502181
0,0,0,0.5,0.44182,180,0,0,502197
0,0,0,0.5,0.44182,180,0,0,502214
0,0,0,0.5,0.44182,180,0,0,502231
0,0,0,0.5,0.44182,180,0,0,502247
1,0,0,0.5,0.44182,180,0,0,502264
-1,0,0,0.5,0.44182,180,0,0,502281
0,0,0,0.5,0.44182,180,0,0,502297
0,0,0,0.5,0.44182,180,0,0,502314
0,0,0,0.5,0.44182,180,0,0,502331
1,0,0,0.5,0.44182,180,0,0,502348
-1,0,0,0.5,0.44182,180,0,0,502365
0,0,0,0.5,0.44182,180,0,0,502381
0,0,0,0.5,0.44182,180,0,0,502397
0,0,0,0.5,0.44182,180,0,0,502414
1,0,0,0.5,0.44182,180,0,0,502431
-1,0,0,0.5,0.44182,180,0,0,502448
0,0,0,0.5,0.44182,180,0,0,502464
1,0,0,0.5,0.44182,180,0,0,502481
-1,0,0,0.5,0.44182,180,0,0,502498
0,0,0,0.5,0.44182,180,0,0,502514
0,0,0,0.5,0.44182,180,0,0,502531
0,0,0,0.5,0.44182,180,0,0,502547
0,0,0,0.5,0.44182,180,0,0,502564
0,0,0,0.5,0.44182,180,0,0,502581
0,0,0,0.5,0.44182,180,0,0,502598
1,0,0,0.5,0.44182,180,0,0,502615
0,0,0,0.5,0.44182,180,0,0,502631
-1,0,0,0.5,0.44182,180,0,0,502648
0,0,0,0.5,0.44182,180,0,0,502664
0,0,0,0.5,0.44182,180,0,0,502681
0,0,0,0.5,0.44182,180,0,0,502698
0,0,0,0.5,0.44182,180,0,0,502714
0,0,0,0.5,0.44182,180,0,0,502731
0,0,0,0.5,0.44182,180,0,0,502747
0,0,0,0.5,0.44182,180,0,0,502764
0,0,0,0.5,0.44182,180,0,0,502781
1,0,0,0.5,0.44182,180,0,0,502798
0,0,0,0.5,0.44182,180,0,0,502814
0,0,0,0.5,0.44182,180,0,0,502831
-1,0,0,0.5,0.44182,180,0,0,502848
0,0,0,0.5,0.44182,180,0,0,502864
0,0,0,0.5,0.44182,180,0,0,502881
1,0,0,0.5,0.44182,180,0,0,502898
-1,0,0,0.5,0.44182,180,0,0,502914
0,0,0,0.5,0.44182,180,0,0,502931
0,0,0,0.5,0.44182,180,0,0,502948
0,0,0,0.5,0.44182,180,0,0,502964
0,0,0,0.5,0.44182,180,0,0,502981
0,0,0,0.5,0.44182,180,0,0,502998
1,0,0,0.5,0.44182,180,0,0,503015
-1,0,0,0.5,0.44182,180,0,0,503031
1,0,0,0.5,0.44182,180,0,0,503048
0,0,0,0.5,0.44182,180,0,0,503064
-1,0,0,0.5,0.44182,180,0,0,503081
0,0,0,0.5,0.44182,180,0,0,503098
0,0,0,0.5,0.44182,180,0,0,503114
1,0,0,0.5,0.44182,180,0,0,503131
-1,0,0,0.5,0.44182,180,0,0,503148
0,0,0,0.5,0.44182,180,0,0,503164
0,0,0,0.5,0.44182,180,0,0,503181
0,0,0,0.5,0.44182,180,0,0,503197
0,0,0,0.5,0.44182,180,0,0,503214
0,0,0,0.5,0.44182,180,0,0,503231
1,0,0,0.5,0.44182,180,0,0,503248
-1,0,0,0.5,0.44182,180,0,0,503264
0,0,0,0.5,0.44182,180,0,0,503281
0,0,0,0.5,0.44182,180,0,0,503298
0,0,0,0.5,0.44182,180,0,0,503315
0,0,0,0.5,0.44182,180,0,0,503331
0,0,0,0.5,0.44182,180,0,0,503348
0,0,0,0.5,0.44182,180,0,0,503364
3,-3,1,0.5,0.441415,180,0,0,503383
0,0,0,0.5,0.441415,180,0,0,503398
0,-4,1,0.5,0.440875,180,0,0,503415
0,-4,0,0.5,0.440335,180,0,0,503437
-2,-8,-2,0.5,0.439255,180,0,0,503449
-1,-13,-1,0.5,0.4375,180,0,0,503465
0,-17,0,0.5,0.435205,180,0,0,503481
0,-21,-1,0.5,0.43237,180,0,0,503498
0,-22,0,0.5,0.4294,180,0,0,503514
0,-23,0,0.5,0.426295,180,0,0,503531
-3,-22,-1,0.5,0.423325,180,0,0,503548
-1,-21,-1,0.5,0.42049,180,0,0,503565
-1,-19,-1,0.5,0.417925,180,0,0,503582
0,-16,-2,0.5,0.415765,180,0,0,503598
2,-14,-2,0.5,0.413875,180,0,0,503617
-3,-13,-4,0.5,0.41212,180,0,0,503634
-2,-12,-2,0.5,0.4105,180,0,0,503648
0,-11,-2,0.5,0.409015,180,0,0,503665
-1,-11,-2,0.5,0.40753,180,0,0,503682
0,-13,-1,0.5,0.405775,180,0,0,503698
0,-13,-1,0.5,0.40402,180,0,0,503715
0,-14,0,0.5,0.40213,180,0,0,503731
0,-13,1,0.5,0.400375,180,0,0,503748
1,-16,0,0.5,0.398215,180,0,0,503765
0,-13,2,0.5,0.39646,180,0,0,503782
0,-14,1,0.5,0.39457,180,0,0,503798
0,0,2,0.5,0.39457,180,0,0,503817
0,2,1,0.5,0.39484,180,0,0,503831
0,3,2,0.5,0.395245,180,0,0,503848
0,-1,2,0.5,0.39511,180,0,0,503865
0,-9,0,0.5,0.393895,180,0,1,503881
0,-11,1,0.5,0.39241,180,0,1,503898
0,-14,0,0.5,0.39052,180,0,1,503915
0,-13,0,0.5,0.388765,180,0,0,503932
0,-12,-2,0.5,0.387145,180,0,0,503948
0,-9,-2,0.5,0.38593,180,0,0,503965
0,-9,-1,0.5,0.384715,180,0,0,503982
0,-10,0,0.5,0.383365,180,0,0,503999
-1,-11,0,0.5,0.38188,180,0,1,504015
0,-9,0,0.5,0.380665,180,0,1,504031
0,-5,1,0.5,0.37999,180,0,1,504048
0,-2,1,0.5,0.37972,180,0,0,504065
0,0,0,0.5,0.37972,180,0,0,504081
0,5,0,0.5,0.380395,180,0,0,504098
0,5,0,0.5,0.38107,180,0,0,504114
0,8,-1,0.5,0.38215,180,0,1,504132
0,9,0,0.5,0.383365,180,0,1,504148
0,8,0,0.5,0.384445,180,0,1,504164
0,10,-1,0.5,0.385795,180,0,1,504182
2,19,-1,0.5,0.38836,180,0,0,504199
0,12,-1,0.5,0.38998,180,0,0,504215
0,14,-1,0.5,0.39187,180,0,0,504232
0,14,0,0.5,0.39376,180,0,0,504248
-1,15,0,0.5,0.395785,180,0,0,504265
1,15,1,0.5,0.39781,180,0,0,504282
0,14,1,0.5,0.3997,180,0,0,504299
0,13,2,0.5,0.401455,180,0,0,504316
0,15,2,0.5,0.40348,180,0,0,504335
1,15,2,0.5,0.405505,180,0,0,504349
-2,15,3,0.5,0.40753,180,0,0,504367
0,12,3,0.5,0.40915,180,0,0,504382
-1,11,2,0.5,0.410635,180,0,0,504399
-1,10,1,0.5,0.411985,180,0,0,504416
-4,9,-1,0.5,0.4132,180,0,0,504431
-1,9,0,0.5,0.414415,180,0,0,504448
2,9,0,0.5,0.41563,180,0,0,504465
1,8,1,0.5,0.41671,180,0,0,504482
0,11,0,0.5,0.418195,180,0,0,504498
0,12,0,0.5,0.419815,180,0,0,504515
-1,12,0,0.5,0.421435,180,0,0,504533
-3,23,0,0.5,0.42454,180,0,0,504550
0,0,0,0.5,0.42454,180,0,0,504564
0,14,0,0.5,0.42643,180,0,0,504581
2,2,5,0.5,0.4267,180,0,0,504599
0,5,3,0.5,0.427375,180,0,0,504615
-1,9,2,0.5,0.42859,180,0,0,504632
-8,15,-1,0.5,0.430615,180,0,0,504649
-9,18,0,0.5,0.433045,180,0,0,504664
0,18,-3,0.5,0.435475,180,0,0,504682
0,22,-3,0.5,0.438445,180,0,0,504699
0,23,-3,0.5,0.44155,180,0,0,504717
-1,24,-4,0.5,0.44479,180,0,0,504732
0,24,-1,0.5,0.44803,180,0,0,504749
0,24,-1,0.5,0.45127,180,0,0,504765
0,25,-3,0.5,0.454645,180,0,0,504782
0,26,0,0.5,0.458155,180,0,0,504798
2,20,-1,0.5,0.460855,180,0,0,504815
0,13,-1,0.5,0.46261,180,0,0,504831
0,9,0,0.5,0.463825,180,0,0,504848
2,8,2,0.5,0.464905,180,0,0,504865
-5,9,-1,0.5,0.46612,180,0,0,504881
0,12,-1,0.5,0.46774,180,0,0,504898
0,15,-5,0.5,0.469765,180,0,0,504916
0,20,-7,0.5,0.472465,180,0,0,504932
0,50,-13,0.5,0.479215,180,0,0,504956
0,0,0,0.5,0.479215,180,0,0,504964
0,54,-5,0.5,0.486505,180,0,0,504983
0,28,-3,0.5,0.490285,180,0,0,504999
0,29,-2,0.5,0.4942,180,0,0,505018
0,25,-3,0.5,0.497575,180,0,0,505035
0,21,-2,0.5,0.50041,180,0,0,505049
0,18,0,0.5,0.50284,180,0,0,505064
0,16,0,0.5,0.505,180,0,0,505082
0,18,0,0.5,0.50743,180,0,0,505098
0,17,0,0.5,0.509725,180,0,0,505114
0,21,0,0.5,0.51256,180,0,0,505131
0,21,0,0.5,0.515395,180,0,0,505148
0,19,0,0.5,0.51796,180,0,0,505165
1,19,-1,0.5,0.520525,180,0,0,505181
1,18,0,0.5,0.522955,180,0,0,505198
-3,16,0,0.5,0.525115,180,0,0,505215
0,17,1,0.5,0.52741,180,0,0,505231
-7,19,0,0.5,0.529975,180,0,0,505248
-8,22,0,0.5,0.532945,180,0,0,505264
0,24,5,0.5,0.536185,180,0,0,505282
0,23,6,0.5,0.53929,180,0,0,505299
-1,25,7,0.5,0.542665,180,0,0,505320
1,23,6,0.5,0.54577,180,0,0,505334
0,25,6,0.5,0.549145,180,0,0,505349
-3,25,3,0.5,0.55252,180,0,0,505365
-6,25,1,0.5,0.555895,180,0,0,505381
-2,55,9,0.5,0.56332,180,0,0,505400
-2,30,2,0.5,0.56737,180,0,0,505415
0,31,2,0.5,0.571555,180,0,0,505434
3,34,4,0.5,0.576145,180,0,0,505450
-3,35,5,0.5,0.58087,180,0,0,505466
0,34,6,0.5,0.58546,180,0,0,505483
1,36,7,0.5,0.59032,180,0,0,505499
-2,36,4,0.5,0.59518,180,0,0,505515
0,35,5,0.5,0.599905,180,0,0,505540
1,32,5,0.5,0.604225,180,0,0,505553
0,33,4,0.5,0.60868,180,0,0,505565
-1,32,5,0.5,0.613,180,0,0,505583
0,32,5,0.5,0.61732,180,0,0,505599
3,34,6,0.5,0.62191,180,0,0,505617
-5,32,4,0.5,0.62623,180,0,0,505637
3,30,4,0.5,0.63028,180,0,0,505649
0,29,4,0.5,0.634195,180,0,0,505667
0,28,5,0.5,0.637975,180,0,0,505683
-2,27,7,0.5,0.64162,180,0,0,505700
0,29,7,0.5,0.645535,180,0,0,505716
0,28,7,0.5,0.649315,180,0,0,505734
0,32,7,0.5,0.653635,180,0,0,505750
0,32,8,0.5,0.657955,180,0,0,505766
1,31,8,0.5,0.66214,180,0,0,505784
2,65,20,0.5,0.670915,180,0,0,505804
0,33,11,0.5,0.67537,180,0,0,505818
0,33,11,0.5,0.679825,180,0,0,505834
-3,32,11,0.5,0.684145,180,0,0,505851
0,29,12,0.5,0.68806,180,0,0,505868
0,29,12,0.5,0.691975,180,0,0,505884
-1,31,12,0.5,0.69616,180,0,0,505901
0,33,11,0.5,0.700615,180,0,0,505918
0,35,11,0.5,0.70534,180,0,0,505935
0,36,13,0.5,0.71,180,0,0,505951
