-5,140,173,0.5,-0.6911,180,0,0,953989
-2,64,72,0.5,-0.68246,180,0,0,954018
0,44,47,0.5,-0.67652,180,0,1,954043
0,51,46,0.5,-0.669635,180,0,1,954066
-2,24,22,0.5,-0.666395,180,0,1,954081
0,26,21,0.5,-0.662885,180,0,0,954100
0,26,20,0.5,-0.659375,180,0,0,954116
0,25,19,0.5,-0.656,180,0,0,954133
0,18,18,0.5,-0.65357,180,0,0,954148
0,17,17,0.5,-0.651275,180,0,0,954164
-1,16,18,0.5,-0.649115,180,0,0,954178
0,18,18,0.5,-0.646685,180,0,0,954191
0,19,19,0.5,-0.64412,180,0,0,954203
0,0,0,0.5,-0.64412,180,0,0,954210
-1,41,39,0.5,-0.638585,180,0,1,954237
0,24,28,0.5,-0.635345,180,0,1,954252
0,22,24,0.5,-0.632375,180,0,1,954267
0,19,24,0.5,-0.62981,180,0,1,954284
0,20,24,0.5,-0.62711,180,0,0,954301
0,18,24,0.5,-0.62468,180,0,0,954320
-1,16,24,0.5,-0.62252,180,0,0,954337
1,13,24,0.5,-0.620765,180,0,0,954351
-1,10,24,0.5,-0.619415,180,0,0,954367
0,7,24,0.5,-0.61847,180,0,0,954383
0,9,24,0.5,-0.617255,180,0,0,954400
0,9,24,0.5,-0.61604,180,0,0,954417
0,12,23,0.5,-0.61442,180,0,0,954433
-4,10,19,0.5,-0.61307,180,0,0,954449
-1,13,20,0.5,-0.611315,180,0,0,954468
3,11,19,0.5,-0.60983,180,0,0,954481
1,10,18,0.5,-0.60848,180,0,0,954500
0,10,15,0.5,-0.60713,180,0,0,954516
0,9,14,0.5,-0.605915,180,0,0,954531
0,8,14,0.5,-0.604835,180,0,0,954549
0,10,14,0.5,-0.603485,180,0,0,954564
-6,12,11,0.5,-0.601865,180,0,0,954580
0,15,15,0.5,-0.59984,180,0,0,954600
0,16,15,0.5,-0.59768,180,0,0,954616
1,35,35,0.5,-0.592955,180,0,0,954638
-3,20,17,0.5,-0.590255,180,0,0,954650
1,20,23,0.5,-0.587555,180,0,0,954667
0,19,23,0.5,-0.58499,180,0,0,954684
-4,20,21,0.5,-0.58229,180,0,0,954699
0,18,22,0.5,-0.57986,180,0,0,954715
0,18,23,0.5,-0.57743,180,0,0,954735
-1,20,21,0.5,-0.57473,180,0,0,954748
0,20,21,0.5,-0.57203,180,0,0,954766
-1,20,20,0.5,-0.56933,180,0,0,954781
0,19,20,0.5,-0.566765,180,0,0,954798
-2,19,19,0.5,-0.5642,180,0,0,954816
0,20,20,0.5,-0.5615,180,0,0,954838
0,20,19,0.5,-0.5588,180,0,0,954851
0,19,20,0.5,-0.556235,180,0,0,954866
0,43,41,0.5,-0.55043,180,0,0,954896
0,22,21,0.5,-0.54746,180,0,0,954909
-4,23,19,0.5,-0.544355,180,0,0,954925
-4,23,0,0.5,-0.54125,180,0,0,954932
0,0,19,0.5,-0.54125,180,0,0,954948
-1,19,23,0.5,-0.538685,180,0,0,954967
0,16,21,0.5,-0.536525,180,0,0,954983
0,15,22,0.5,-0.5345,180,0,0,954998
0,13,20,0.5,-0.532745,180,0,0,955015
-1,9,20,0.5,-0.53153,180,0,0,955033
0,15,23,0.5,-0.529505,180,0,0,955049
0,11,38,0.5,-0.52802,180,0,0,955069
0,14,22,0.5,-0.52613,180,0,0,955085
0,19,23,0.5,-0.523565,180,0,0,955103
0,24,24,0.5,-0.520325,180,0,0,955118
-5,26,24,0.5,-0.516815,180,0,0,955136
-1,26,24,0.5,-0.513305,180,0,0,955151
0,23,24,0.5,-0.5102,180,0,0,955166
-2,23,24,0.5,-0.507095,180,0,0,955182
0,22,24,0.5,-0.504125,180,0,0,955201
0,21,24,0.5,-0.50129,180,0,0,955217
0,24,24,0.5,-0.49805,180,0,0,955233
1,21,24,0.5,-0.495215,180,0,0,955249
2,19,24,0.5,-0.49265,180,0,0,955267
-3,19,24,0.5,-0.490085,180,0,0,955283
0,19,24,0.5,-0.48752,180,0,0,955300
0,19,24,0.5,-0.484955,180,0,0,955318
0,20,23,0.5,-0.482255,180,0,0,955334
0,20,21,0.5,-0.479555,180,0,0,955349
0,18,20,0.5,-0.477125,180,0,0,955365
-3,11,18,0.5,-0.47564,180,0,0,955383
0,13,19,0.5,-0.473885,180,0,0,955400
-1,10,19,0.5,-0.472535,180,0,0,955415
1,21,42,0.5,-0.4697,180,0,0,955437
-1,11,11,0.5,-0.468215,180,0,0,955447
-1,17,36,0.5,-0.46592,180,0,0,955470
0,17,24,0.5,-0.463625,180,0,0,955485
0,18,24,0.5,-0.461195,180,0,0,955500
0,16,24,0.5,-0.459035,180,0,0,955516
0,15,24,0.5,-0.45701,180,0,0,955533
0,18,24,0.5,-0.45458,180,0,0,955550
-1,17,24,0.5,-0.452285,180,0,0,955567
-1,16,24,0.5,-0.450125,180,0,0,955584
0,17,24,0.5,-0.44783,180,0,0,955599
3,17,24,0.5,-0.445535,180,0,0,955616
-4,21,24,0.5,-0.4427,180,0,0,955633
0,20,24,0.5,-0.44,180,0,0,955649
1,20,24,0.5,-0.4373,180,0,0,955666
-5,21,22,0.5,-0.434465,180,0,0,955683
-1,22,22,0.5,-0.431495,180,0,0,955699
-2,14,21,0.5,-0.429605,180,0,0,955715
4,11,23,0.5,-0.42812,180,0,0,955733
0,11,20,0.5,-0.426635,180,0,0,955749
1,9,21,0.5,-0.42542,180,0,0,955766
1,8,22,0.5,-0.42434,180,0,0,955783
0,10,21,0.5,-0.42299,180,0,0,955800
0,9,22,0.5,-0.421775,180,0,0,955816
-1,27,33,0.5,-0.41813,180,0,0,955835
0,16,25,0.5,-0.41597,180,0,0,955850
0,22,32,0.5,-0.413,180,0,0,955867
0,24,23,0.5,-0.40976,180,0,0,955885
-1,24,24,0.5,-0.40652,180,0,0,955902
0,23,24,0.5,-0.403415,180,0,0,955917
-1,23,23,0.5,-0.40031,180,0,0,955933
3,23,24,0.5,-0.397205,180,0,0,955952
0,21,23,0.5,-0.39437,180,0,0,955966
0,16,22,0.5,-0.39221,180,0,0,955983
0,17,21,0.5,-0.389915,180,0,0,955998
-6,15,16,0.5,-0.38789,180,0,0,956014
-1,11,18,0.5,-0.386405,180,0,0,956032
0,10,18,0.5,-0.385055,180,0,0,956049
0,8,17,0.5,-0.383975,180,0,0,956064
0,11,16,0.5,-0.38249,180,0,0,956081
-2,12,16,0.5,-0.38087,180,0,0,956097
2,13,18,0.5,-0.379115,180,0,0,956114
-1,15,17,0.5,-0.37709,180,0,0,956131
0,17,18,0.5,-0.374795,180,0,0,956148
0,19,20,0.5,-0.37223,180,0,0,956165
0,19,22,0.5,-0.369665,180,0,0,956182
0,21,23,0.5,-0.36683,180,0,0,956200
-4,44,47,0.5,-0.36089,180,0,1,956228
0,21,24,0.5,-0.358055,180,0,1,956243
0,26,24,0.5,-0.354545,180,0,1,956256
3,25,24,0.5,-0.35117,180,0,0,956270
0,24,24,0.5,-0.34793,180,0,0,956284
-3,25,24,0.5,-0.344555,180,0,0,956302
0,22,24,0.5,-0.341585,180,0,0,956317
3,24,24,0.5,-0.338345,180,0,0,956333
0,22,23,0.5,-0.335375,180,0,0,956349
0,22,22,0.5,-0.332405,180,0,0,956367
0,21,21,0.5,-0.32957,180,0,0,956382
0,22,21,0.5,-0.3266,180,0,0,956399
0,20,19,0.5,-0.3239,180,0,0,956415
-2,17,18,0.5,-0.321605,180,0,0,956432
0,15,18,0.5,-0.31958,180,0,0,956447
0,14,18,0.5,-0.31769,180,0,0,956466
-1,17,19,0.5,-0.315395,180,0,0,956482
-6,17,15,0.5,-0.3131,180,0,0,956498
3,20,23,0.5,-0.3104,180,0,0,956516
0,21,23,0.5,-0.307565,180,0,0,956533
-2,24,24,0.5,-0.304325,180,0,0,956550
2,22,24,0.5,-0.301355,180,0,0,956567
0,20,24,0.5,-0.298655,180,0,0,956584
0,21,24,0.5,-0.29582,180,0,0,956599
0,21,24,0.5,-0.292985,180,0,0,956617
0,23,24,0.5,-0.28988,180,0,0,956633
1,43,48,0.5,-0.284075,180,0,0,956657
0,22,23,0.5,-0.281105,180,0,0,956671
0,24,22,0.5,-0.277865,180,0,0,956684
-2,25,22,0.5,-0.27449,180,0,0,956699
-1,26,21,0.5,-0.27098,180,0,0,956717
-1,27,20,0.5,-0.267335,180,0,0,956736
0,24,18,0.5,-0.264095,180,0,0,956750
0,21,18,0.5,-0.26126,180,0,0,956769
0,19,18,0.5,-0.258695,180,0,0,956788
0,19,18,0.5,-0.25613,180,0,0,956801
-1,22,19,0.5,-0.25316,180,0,0,956815
-1,20,21,0.5,-0.25046,180,0,0,956832
0,21,22,0.5,-0.247625,180,0,0,956849
0,22,23,0.5,-0.244655,180,0,0,956869
2,23,24,0.5,-0.24155,180,0,0,956882
-4,26,21,0.5,-0.23804,180,0,0,956899
-2,20,21,0.5,-0.23534,180,0,0,956918
-1,21,24,0.5,-0.232505,180,0,0,956936
0,20,24,0.5,-0.229805,180,0,0,956951
0,17,23,0.5,-0.22751,180,0,0,956968
3,33,43,0.5,-0.223055,180,0,0,956993
0,16,20,0.5,-0.220895,180,0,0,957004
0,0,0,0.5,-0.220895,180,0,0,957010
0,23,37,0.5,-0.21779,180,0,0,957037
-3,9,18,0.5,-0.216575,180,0,0,957055
0,5,19,0.5,-0.2159,180,0,0,957069
3,9,22,0.5,-0.214685,180,0,0,957087
0,13,19,0.5,-0.21293,180,0,0,957101
0,17,21,0.5,-0.210635,180,0,0,957119
-2,22,23,0.5,-0.207665,180,0,0,957135
-2,22,23,0.5,-0.204695,180,0,0,957150
1,24,24,0.5,-0.201455,180,0,0,957170
0,22,24,0.5,-0.198485,180,0,0,957185
-2,21,24,0.5,-0.19565,180,0,0,957200
3,22,24,0.5,-0.19268,180,0,0,957215
-3,23,24,0.5,-0.189575,180,0,0,957234
-1,23,24,0.5,-0.18647,180,0,0,957251
0,23,24,0.5,-0.183365,180,0,0,957266
0,23,22,0.5,-0.18026,180,0,0,957283
0,23,24,0.5,-0.177155,180,0,0,957298
0,24,22,0.5,-0.173915,180,0,0,957316
0,24,23,0.5,-0.170675,180,0,0,957335
0,24,23,0.5,-0.167435,180,0,0,957350
-1,22,22,0.5,-0.164465,180,0,0,957366
-1,24,20,0.5,-0.161225,180,0,0,957382
0,23,19,0.5,-0.15812,180,0,0,957399
0,25,18,0.5,-0.154745,180,0,0,957416
0,19,17,0.5,-0.15218,180,0,0,957432
-1,40,31,0.5,-0.14678,180,0,0,957453
0,17,17,0.5,-0.144485,180,0,0,957465
-1,20,16,0.5,-0.141785,180,0,0,957484
0,22,18,0.5,-0.138815,180,0,0,957499
1,23,21,0.5,-0.13571,180,0,0,957515
0,25,22,0.5,-0.132335,180,0,0,957533
-6,25,20,0.5,-0.12896,180,0,0,957551
-1,26,22,0.5,-0.12545,180,0,0,957566
-1,27,24,0.5,-0.121805,180,0,0,957584
0,24,24,0.5,-0.118565,180,0,0,957600
0,25,23,0.5,-0.11519,180,0,0,957616
-2,24,24,0.5,-0.11195,180,0,0,957633
0,23,24,0.5,-0.108845,180,0,0,957651
0,23,23,0.5,-0.10574,180,0,0,957666
-1,25,23,0.5,-0.102365,180,0,0,957684
0,23,21,0.5,-0.09926,180,0,0,957698
0,18,22,0.5,-0.09683,180,0,0,957716
-4,18,18,0.5,-0.0944,180,0,0,957734
-1,17,19,0.5,-0.092105,180,0,0,957750
-1,15,22,0.5,-0.09008,180,0,0,957767
0,17,21,0.5,-0.087785,180,0,0,957782
0,14,21,0.5,-0.085895,180,0,0,957799
0,14,21,0.5,-0.084005,180,0,0,957816
1,26,45,0.5,-0.080495,180,0,0,957844
3,13,23,0.5,-0.07874,180,0,0,957857
-3,13,24,0.5,-0.076985,180,0,0,957871
-4,10,21,0.5,-0.075635,180,0,0,957883
0,15,24,0.5,-0.07361,180,0,0,957901
-1,16,22,0.5,-0.07145,180,0,0,957917
3,18,24,0.5,-0.06902,180,0,0,957935
0,18,24,0.5,-0.06659,180,0,0,957951
-1,19,23,0.5,-0.064025,180,0,0,957966
-1,23,24,0.5,-0.06092,180,0,0,957985
0,24,23,0.5,-0.05768,180,0,0,958002
0,24,21,0.5,-0.05444,180,0,0,958016
-1,27,21,0.5,-0.050795,180,0,0,958034
0,26,18,0.5,-0.047285,180,0,0,958048
-1,24,17,0.5,-0.044045,180,0,0,958067
0,23,17,0.5,-0.04094,180,0,0,958082
0,21,17,0.5,-0.038105,180,0,0,958097
0,19,17,0.5,-0.03554,180,0,0,958116
0,22,19,0.5,-0.03257,180,0,0,958133
0,22,19,0.5,-0.0296,180,0,0,958151
0,25,22,0.5,-0.026225,180,0,0,958167
0,25,21,0.5,-0.02285,180,0,0,958182
0,21,23,0.5,-0.020015,180,0,0,958201
0,25,24,0.5,-0.01664,180,0,0,958216
-1,25,23,0.5,-0.013265,180,0,0,958233
-1,49,43,0.5,-0.00665,180,0,0,958257
0,24,28,0.5,-0.00341,180,0,0,958269
0,24,24,0.5,-0.00017,180,0,0,958283
0,25,24,0.5,0.003205,180,0,0,958300
0,22,23,0.5,0.006175,180,0,0,958318
-1,20,22,0.5,0.008875,180,0,0,958333
1,21,22,0.5,0.01171,180,0,0,958350
1,20,20,0.5,0.01441,180,0,0,958365
0,19,19,0.5,0.016975,180,0,0,958381
0,18,16,0.5,0.019405,180,0,0,958397
-3,19,14,0.5,0.02197,180,0,0,958413
1,16,14,0.5,0.02413,180,0,0,958431
0,16,14,0.5,0.02629,180,0,0,958448
0,14,14,0.5,0.02818,180,0,0,958467
0,14,14,0.5,0.03007,180,0,0,958481
-2,16,15,0.5,0.03223,180,0,0,958497
0,19,18,0.5,0.034795,180,0,0,958516
-1,22,18,0.5,0.037765,180,0,0,958537
0,27,18,0.5,0.04141,180,0,0,958547
0,26,21,0.5,0.04492,180,0,0,958567
0,30,21,0.5,0.04897,180,0,0,958582
0,32,20,0.5,0.05329,180,0,0,958599
-5,26,17,0.5,0.0568,180,0,0,958617
-1,30,19,0.5,0.06085,180,0,0,958633
-1,56,29,0.5,0.06841,180,0,0,958652
-1,28,32,0.5,0.07219,180,0,0,958668
0,27,19,0.5,0.075835,180,0,0,958682
-2,27,19,0.5,0.07948,180,0,0,958698
0,28,17,0.5,0.08326,180,0,0,958717
0,23,16,0.5,0.086365,180,0,0,958737
0,22,17,0.5,0.089335,180,0,0,958748
-4,20,15,0.5,0.092035,180,0,0,958767
3,17,19,0.5,0.09433,180,0,0,958782
-4,18,16,0.5,0.09676,180,0,0,958798
-1,17,20,0.5,0.099055,180,0,0,958818
0,20,22,0.5,0.101755,180,0,0,958832
0,21,22,0.5,0.10459,180,0,0,958850
0,22,24,0.5,0.10756,180,0,0,958868
0,21,22,0.5,0.110395,180,0,0,958882
-1,25,21,0.5,0.11377,180,0,0,958903
0,22,22,0.5,0.11674,180,0,0,958918
0,16,23,0.5,0.1189,180,0,0,958935
0,21,23,0.5,0.121735,180,0,0,958950
3,20,24,0.5,0.124435,180,0,0,958970
0,47,23,0.5,0.13078,180,0,0,958987
0,0,21,0.5,0.13078,180,0,0,958999
-1,26,22,0.5,0.13429,180,0,0,959017
-4,24,17,0.5,0.13753,180,0,0,959032
2,49,26,0.5,0.144145,180,0,0,959054
-1,23,26,0.5,0.14725,180,0,0,959069
0,22,17,0.5,0.15022,180,0,0,959083
0,19,15,0.5,0.152785,180,0,0,959098
-4,18,13,0.5,0.155215,180,0,0,959116
0,15,16,0.5,0.15724,180,0,0,959132
-1,11,17,0.5,0.158725,180,0,0,959149
0,10,19,0.5,0.160075,180,0,0,959166
0,11,21,0.5,0.16156,180,0,0,959182
0,13,21,0.5,0.163315,180,0,0,959199
0,15,21,0.5,0.16534,180,0,0,959218
0,19,22,0.5,0.167905,180,0,0,959235
0,20,21,0.5,0.170605,180,0,0,959249
0,25,22,0.5,0.17398,180,0,0,959266
0,24,21,0.5,0.17722,180,0,0,959282
-6,21,18,0.5,0.180055,180,0,0,959300
0,19,20,0.5,0.18262,180,0,0,959318
0,19,21,0.5,0.185185,180,0,0,959333
0,17,23,0.5,0.18748,180,0,0,959350
-1,17,19,0.5,0.189775,180,0,0,959366
0,15,20,0.5,0.1918,180,0,0,959385
-2,14,18,0.5,0.19369,180,0,0,959400
0,13,17,0.5,0.195445,180,0,0,959417
0,13,16,0.5,0.1972,180,0,0,959432
-1,12,14,0.5,0.19882,180,0,0,959447
4,18,28,0.5,0.20125,180,0,0,959470
0,0,0,0.5,0.20125,180,0,0,959477
0,20,31,0.5,0.20395,180,0,0,959502
0,15,18,0.5,0.205975,180,0,0,959516
0,19,18,0.5,0.20854,180,0,0,959532
0,18,19,0.5,0.21097,180,0,0,959549
0,25,19,0.5,0.214345,180,0,0,959566
0,25,20,0.5,0.21772,180,0,0,959582
0,26,21,0.5,0.22123,180,0,0,959599
0,27,21,0.5,0.224875,180,0,0,959617
-1,27,22,0.5,0.22852,180,0,0,959633
0,23,22,0.5,0.231625,180,0,0,959649
0,26,22,0.5,0.235135,180,0,0,959667
0,28,22,0.5,0.238915,180,0,0,959682
0,26,21,0.5,0.242425,180,0,0,959700
0,29,19,0.5,0.24634,180,0,0,959716
0,28,17,0.5,0.25012,180,1,0,959732
0,25,16,0.5,0.253495,180,1,0,959747
0,23,16,0.5,0.2566,180,1,0,959764
0,20,15,0.5,0.2593,180,0,0,959781
0,20,16,0.5,0.262,180,0,0,959799
0,14,17,0.5,0.26389,180,0,0,959820
-4,15,16,0.5,0.265915,180,0,0,959834
-1,34,37,0.5,0.270505,180,0,0,959858
-2,17,22,0.5,0.2728,180,0,0,959876
0,18,21,0.5,0.27523,180,0,0,959893
0,17,20,0.5,0.277525,180,0,0,959907
0,19,22,0.5,0.28009,180,0,0,959919
0,16,22,0.5,0.28225,180,0,0,959932
-1,14,22,0.5,0.28414,180,0,0,959950
-7,13,19,0.5,0.285895,180,0,0,959966
0,12,22,0.5,0.287515,180,0,0,959982
0,9,22,0.5,0.28873,180,0,0,959999
0,10,21,0.5,0.29008,180,0,0,960019
0,9,22,0.5,0.291295,180,0,0,960033
0,8,21,0.5,0.292375,180,0,0,960050
0,8,22,0.5,0.293455,180,0,0,960068
0,7,22,0.5,0.2944,180,0,0,960084
0,10,21,0.5,0.29575,180,0,0,960100
0,11,22,0.5,0.297235,180,0,1,960117
0,13,20,0.5,0.29899,180,0,1,960132
-2,14,19,0.5,0.30088,180,0,1,960149
-1,18,16,0.5,0.30331,180,0,1,960169
0,20,15,0.5,0.30601,180,0,0,960180
0,19,14,0.5,0.308575,180,0,0,960198
0,17,13,0.5,0.31087,180,0,0,960214
2,18,15,0.5,0.3133,180,0,0,960233
-7,35,10,0.5,0.318025,180,0,0,960246
0,22,28,0.5,0.320995,180,0,1,960271
1,22,15,0.5,0.323965,180,0,1,960285
0,23,16,0.5,0.32707,180,0,1,960298
0,24,16,0.5,0.33031,180,0,0,960315
0,25,16,0.5,0.333685,180,0,0,960332
0,23,17,0.5,0.33679,180,0,0,960349
3,24,19,0.5,0.34003,180,0,0,960367
-4,24,14,0.5,0.34327,180,0,0,960381
-1,23,16,0.5,0.346375,180,0,1,960401
0,25,18,0.5,0.34975,180,0,1,960417
0,26,17,0.5,0.35326,180,0,0,960432
0,25,17,0.5,0.356635,180,0,0,960448
0,26,17,0.5,0.360145,180,0,0,960467
-2,26,16,0.5,0.363655,180,0,0,960482
-1,25,15,0.5,0.36703,180,0,0,960497
0,27,15,0.5,0.370675,180,0,1,960516
0,28,13,0.5,0.374455,180,0,1,960532
0,30,12,0.5,0.378505,180,0,1,960547
0,30,12,0.5,0.382555,180,0,0,960563
-3,31,9,0.5,0.38674,180,0,0,960581
1,28,9,0.5,0.39052,180,0,0,960596
0,28,8,0.5,0.3943,180,0,0,960613
0,51,14,0.5,0.401185,180,0,1,960632
0,0,0,0.5,0.401185,180,0,1,960644
-3,44,12,0.5,0.407125,180,0,1,960667
-1,20,8,0.5,0.409825,180,0,0,960680
0,18,9,0.5,0.412255,180,0,0,960697
-1,16,10,0.5,0.414415,180,0,0,960713
0,17,11,0.5,0.41671,180,0,0,960732
0,18,12,0.5,0.41914,180,0,0,960747
-3,21,11,0.5,0.421975,180,0,0,960767
-1,21,13,0.5,0.42481,180,0,1,960781
0,19,15,0.5,0.427375,180,0,1,960797
0,17,14,0.5,0.42967,180,0,0,960816
0,15,16,0.5,0.431695,180,0,0,960831
0,15,15,0.5,0.43372,180,0,0,960848
0,11,16,0.5,0.435205,180,0,0,960864
2,13,16,0.5,0.43696,180,0,1,960881
0,13,16,0.5,0.438715,180,0,1,960897
0,14,14,0.5,0.440605,180,0,1,960914
0,14,14,0.5,0.442495,180,0,0,960930
0,13,15,0.5,0.44425,180,0,0,960947
1,13,14,0.5,0.446005,180,0,0,960966
-2,12,13,0.5,0.447625,180,0,0,960981
-1,12,12,0.5,0.449245,180,0,0,960998
-5,13,9,0.5,0.451,180,0,1,961013
-3,14,10,0.5,0.45289,180,0,1,961031
-2,27,17,0.5,0.456535,180,0,1,961049
0,12,14,0.5,0.458155,180,0,0,961064
0,14,9,0.5,0.460045,180,0,0,961080
0,13,8,0.5,0.4618,180,0,0,961097
0,15,7,0.5,0.463825,180,0,0,961113
0,16,7,0.5,0.465985,180,0,1,961129
0,19,6,0.5,0.46855,180,0,1,961146
0,19,5,0.5,0.471115,180,0,1,961162
-2,19,4,0.5,0.47368,180,0,1,961178
-2,22,2,0.5,0.47665,180,0,0,961194
-1,19,4,0.5,0.479215,180,0,0,961213
0,18,2,0.5,0.481645,180,0,0,961228
-1,18,3,0.5,0.484075,180,0,0,961246
0,15,2,0.5,0.4861,180,0,0,961261
0,11,3,0.5,0.487585,180,0,0,961278
0,9,3,0.5,0.4888,180,0,1,961296
-1,11,5,0.5,0.490285,180,0,1,961312
0,7,5,0.5,0.49123,180,0,0,961331
0,9,6,0.5,0.492445,180,0,0,961345
0,8,7,0.5,0.493525,180,0,0,961365
-2,10,8,0.5,0.494875,180,0,0,961379
0,12,9,0.5,0.496495,180,0,1,961399
2,16,9,0.5,0.498655,180,0,1,961414
0,19,8,0.5,0.50122,180,0,1,961436
-3,40,9,0.5,0.50662,180,0,0,961450
0,20,18,0.5,0.50932,180,0,0,961474
0,17,9,0.5,0.511615,180,0,0,961486
0,15,10,0.5,0.51364,180,0,0,961498
0,15,10,0.5,0.515665,180,0,0,961514
0,14,10,0.5,0.517555,180,0,0,961531
2,14,10,0.5,0.519445,180,0,1,961546
0,15,10,0.5,0.52147,180,0,1,961564
0,12,9,0.5,0.52309,180,0,1,961583
-3,12,9,0.5,0.52471,180,0,0,961596
0,10,9,0.5,0.52606,180,0,0,961614
0,9,9,0.5,0.527275,180,0,0,961629
1,8,10,0.5,0.528355,180,0,0,961646
0,8,10,0.5,0.529435,180,0,0,961664
0,8,9,0.5,0.530515,180,0,1,961679
0,9,8,0.5,0.53173,180,0,1,961697
-1,10,8,0.5,0.53308,180,0,1,961713
0,9,8,0.5,0.534295,180,0,0,961730
0,10,8,0.5,0.535645,180,0,0,961746
0,10,7,0.5,0.536995,180,0,0,961762
0,11,7,0.5,0.53848,180,0,0,961778
0,11,6,0.5,0.539965,180,0,0,961795
-3,11,4,0.5,0.54145,180,0,1,961812
2,13,5,0.5,0.543205,180,0,1,961828
0,11,5,0.5,0.54469,180,0,1,961846
0,23,10,0.5,0.547795,180,0,1,961864
0,11,5,0.5,0.54928,180,0,0,961879
-5,12,4,0.5,0.5509,180,0,0,961896
-3,12,2,0.5,0.55252,180,0,0,961911
2,12,5,0.5,0.55414,180,0,0,961929
1,12,3,0.5,0.55576,180,0,0,961945
0,14,4,0.5,0.55765,180,0,1,961962
0,13,3,0.5,0.559405,180,0,1,961978
-3,14,2,0.5,0.561295,180,0,1,961995
-2,13,1,0.5,0.56305,180,0,0,962011
1,12,2,0.5,0.56467,180,0,0,962028
0,10,2,0.5,0.56602,180,0,0,962045
0,7,2,0.5,0.566965,180,0,0,962062
5,7,4,0.5,0.56791,180,0,0,962078
0,7,3,0.5,0.568855,180,0,0,962095
0,8,4,0.5,0.569935,180,0,0,962113
-6,10,2,0.5,0.571285,180,0,1,962128
0,10,6,0.5,0.572635,180,0,1,962147
0,13,7,0.5,0.57439,180,0,1,962163
0,13,7,0.5,0.576145,180,0,0,962178
0,16,6,0.5,0.578305,180,0,0,962196
0,17,7,0.5,0.5806,180,0,0,962213
0,17,8,0.5,0.582895,180,0,0,962230
2,18,9,0.5,0.585325,180,0,0,962248
0,31,15,0.5,0.58951,180,0,1,962268
0,14,9,0.5,0.5914,180,0,1,962281
0,11,9,0.5,0.592885,180,0,1,962297
0,7,9,0.5,0.59383,180,0,0,962316
-3,9,6,0.5,0.595045,180,0,0,962332
0,5,8,0.5,0.59572,180,0,0,962349
3,6,8,0.5,0.59653,180,0,0,962363
-3,4,7,0.5,0.59707,180,0,0,962379
0,6,6,0.5,0.59788,180,0,0,962395
0,6,6,0.5,0.59869,180,0,0,962412
0,7,4,0.5,0.599635,180,0,1,962428
-1,7,5,0.5,0.60058,180,0,1,962445
0,7,5,0.5,0.601525,180,0,1,962463
0,7,4,0.5,0.60247,180,0,0,962481
0,3,5,0.5,0.602875,180,0,0,962495
0,4,5,0.5,0.603415,180,0,0,962511
0,3,4,0.5,0.60382,180,0,0,962528
-1,3,5,0.5,0.604225,180,0,0,962545
2,3,4,0.5,0.60463,180,0,1,962561
1,4,5,0.5,0.60517,180,0,1,962582
-3,4,4,0.5,0.60571,180,0,1,962595
0,5,5,0.5,0.606385,180,0,1,962612
0,4,5,0.5,0.606925,180,0,0,962632
0,4,9,0.5,0.607465,180,0,0,962647
1,1,6,0.5,0.6076,180,0,0,962662
0,2,4,0.5,0.60787,180,0,0,962678
-5,3,1,0.5,0.608275,180,0,0,962694
0,5,2,0.5,0.60895,180,0,1,962711
0,7,2,0.5,0.609895,180,0,1,962728
-1,7,3,0.5,0.61084,180,0,1,962747
3,7,4,0.5,0.611785,180,0,1,962764
-4,7,1,0.5,0.61273,180,0,1,962778
0,4,3,0.5,0.61327,180,0,0,962798
0,4,3,0.5,0.61381,180,0,0,962811
0,3,3,0.5,0.614215,180,0,0,962828
0,3,3,0.5,0.61462,180,0,0,962845
0,4,2,0.5,0.61516,180,0,1,962861
4,4,4,0.5,0.6157,180,0,1,962879
0,4,3,0.5,0.61624,180,0,1,962896
0,4,2,0.5,0.61678,180,0,1,962911
-1,3,2,0.5,0.617185,180,0,1,962928
0,3,2,0.5,0.61759,180,0,0,962945
0,1,2,0.5,0.617725,180,0,0,962965
-3,2,0,0.5,0.617995,180,0,0,962982
0,2,2,0.5,0.618265,180,0,0,962998
-2,1,2,0.5,0.6184,180,0,0,963011
0,2,1,0.5,0.61867,180,0,0,963027
0,1,1,0.5,0.618805,180,0,0,963045
0,2,1,0.5,0.619075,180,0,0,963061
0,5,2,0.5,0.61975,180,0,0,963078
0,1,1,0.5,0.619885,180,0,0,963094
-3,2,0,0.5,0.620155,180,0,0,963110
-1,4,1,0.5,0.620695,180,0,0,963127
0,5,3,0.5,0.62137,180,0,0,963145
0,7,2,0.5,0.622315,180,0,0,963162
0,10,2,0.5,0.623665,180,0,0,963178
0,9,2,0.5,0.62488,180,0,1,963196
0,11,2,0.5,0.626365,180,0,1,963211
0,12,2,0.5,0.627985,180,0,1,963228
0,12,1,0.5,0.629605,180,0,0,963245
0,13,2,0.5,0.63136,180,0,0,963261
0,13,1,0.5,0.633115,180,0,0,963280
0,11,2,0.5,0.6346,180,0,0,963295
0,9,1,0.5,0.635815,180,0,0,963310
0,9,1,0.5,0.63703,180,0,0,963331
0,8,0,0.5,0.63811,180,0,1,963345
0,7,0,0.5,0.639055,180,0,1,963360
0,5,0,0.5,0.63973,180,0,1,963378
0,2,0,0.5,0.64,180,0,1,963394
0,0,0,0.5,0.64,180,0,0,963410
0,-2,2,0.5,0.63973,180,0,0,963428
0,-3,2,0.5,0.639325,180,0,0,963445
0,-1,9,0.5,0.63919,180,0,0,963462
0,1,6,0.5,0.639325,180,0,0,963479
0,3,6,0.5,0.63973,180,0,0,963502
0,5,6,0.5,0.640405,180,0,0,963517
0,4,6,0.5,0.640945,180,0,0,963531
0,5,7,0.5,0.64162,180,0,0,963548
0,6,7,0.5,0.64243,180,0,0,963562
0,5,6,0.5,0.643105,180,0,0,963579
0,8,7,0.5,0.644185,180,0,0,963596
0,8,6,0.5,0.645265,180,0,0,963612
0,8,6,0.5,0.646345,180,0,0,963628
0,9,5,0.5,0.64756,180,0,0,963646
0,10,3,0.5,0.64891,180,0,0,963661
0,9,4,0.5,0.650125,180,0,0,963678
0,9,4,0.5,0.65134,180,0,0,963695
0,8,3,0.5,0.65242,180,0,0,963713
0,8,3,0.5,0.6535,180,0,0,963729
0,8,3,0.5,0.65458,180,0,0,963746
0,10,3,0.5,0.65593,180,0,0,963761
0,8,4,0.5,0.65701,180,0,0,963780
0,15,7,0.5,0.659035,180,0,0,963797
0,0,0,0.5,0.659035,180,0,0,963810
0,7,3,0.5,0.65998,180,0,0,963828
0,4,4,0.5,0.66052,180,0,0,963845
0,6,7,0.5,0.66133,180,0,1,963862
0,1,3,0.5,0.661465,180,0,1,963878
0,1,3,0.5,0.6616,180,0,1,963894
0,-1,3,0.5,0.661465,180,0,0,963911
2,-1,5,0.5,0.66133,180,0,0,963928
0,-1,4,0.5,0.661195,180,0,0,963946
0,-1,4,0.5,0.66106,180,0,0,963961
0,1,6,0.5,0.661195,180,0,0,963978
0,1,6,0.5,0.66133,180,0,0,963996
-5,4,4,0.5,0.66187,180,0,0,964011
2,5,7,0.5,0.662545,180,0,0,964028
-3,7,6,0.5,0.66349,180,0,1,964048
0,6,7,0.5,0.6643,180,0,1,964062
1,5,10,0.5,0.664975,180,0,1,964079
0,6,8,0.5,0.665785,180,0,0,964098
0,5,9,0.5,0.66646,180,0,0,964112
0,4,8,0.5,0.667,180,0,0,964130
0,2,7,0.5,0.66727,180,0,0,964147
-1,0,8,0.5,0.66727,180,0,0,964163
0,0,6,0.5,0.66727,180,0,0,964178
0,0,6,0.5,0.66727,180,0,0,964196
-1,0,9,0.5,0.66727,180,0,0,964213
0,-2,4,0.5,0.667,180,0,0,964228
0,0,0,0.5,0.667,180,0,0,964243
1,-4,7,0.5,0.66646,180,0,0,964262
0,-3,3,0.5,0.666055,180,0,0,964278
0,-3,3,0.5,0.66565,180,0,0,964295
0,-4,3,0.5,0.66511,180,0,0,964311
0,-2,3,0.5,0.66484,180,0,0,964328
-4,-2,1,0.5,0.66457,180,0,0,964345
-2,-3,2,0.5,0.664165,180,0,0,964361
2,0,3,0.5,0.664165,180,0,0,964378
0,-2,3,0.5,0.663895,180,0,0,964397
0,-1,3,0.5,0.66376,180,0,0,964412
0,-2,3,0.5,0.66349,180,0,0,964428
0,-5,3,0.5,0.662815,180,0,0,964446
0,-4,3,0.5,0.662275,180,0,0,964461
1,-4,3,0.5,0.661735,180,0,0,964478
0,-5,2,0.5,0.66106,180,0,0,964497
0,-5,2,0.5,0.660385,180,0,0,964510
-7,-4,0,0.5,0.659845,180,0,0,964527
0,-3,2,0.5,0.65944,180,0,0,964544
2,-3,2,0.5,0.659035,180,0,0,964561
0,-3,2,0.5,0.65863,180,0,0,964581
0,-1,1,0.5,0.658495,180,0,0,964594
0,-1,1,0.5,0.65836,180,0,0,964611
0,0,2,0.5,0.65836,180,0,0,964628
0,0,1,0.5,0.65836,180,0,0,964644
0,2,3,0.5,0.65863,180,0,0,964661
0,2,2,0.5,0.6589,180,0,0,964677
-5,2,1,0.5,0.65917,180,0,0,964695
-1,1,0,0.5,0.659305,180,0,0,964710
0,0,1,0.5,0.659305,180,0,0,964728
0,0,2,0.5,0.659305,180,0,0,964745
-1,1,1,0.5,0.65944,180,0,0,964760
4,0,4,0.5,0.65944,180,0,0,964778
1,-1,1,0.5,0.659305,180,0,0,964794
0,0,2,0.5,0.659305,180,0,0,964811
0,-1,3,0.5,0.65917,180,0,0,964828
-4,0,2,0.5,0.65917,180,0,0,964846
0,-1,2,0.5,0.659035,180,0,0,964861
0,-2,4,0.5,0.658765,180,0,0,964878
0,0,3,0.5,0.658765,180,0,0,964895
0,-1,4,0.5,0.65863,180,0,0,964911
0,1,4,0.5,0.658765,180,0,0,964929
0,0,5,0.5,0.658765,180,0,0,964945
0,2,4,0.5,0.659035,180,0,0,964961
0,1,4,0.5,0.65917,180,0,0,964978
2,2,6,0.5,0.65944,180,0,0,964996
0,0,4,0.5,0.65944,180,0,0,965011
-1,2,3,0.5,0.65971,180,0,0,965028
0,1,4,0.5,0.659845,180,0,0,965046
0,3,7,0.5,0.66025,180,0,0,965062
0,2,2,0.5,0.66052,180,0,0,965078
0,2,2,0.5,0.66079,180,0,0,965095
0,1,1,0.5,0.660925,180,0,0,965111
0,1,1,0.5,0.66106,180,0,0,965127
0,1,1,0.5,0.661195,180,0,0,965144
0,1,1,0.5,0.66133,180,0,0,965161
0,0,1,0.5,0.66133,180,0,0,965177
0,1,1,0.5,0.661465,180,0,0,965195
0,2,1,0.5,0.661735,180,0,0,965211
0,1,1,0.5,0.66187,180,0,0,965227
-5,2,0,0.5,0.66214,180,0,0,965244
2,2,2,0.5,0.66241,180,0,0,965261
0,2,2,0.5,0.66268,180,0,0,965277
0,3,2,0.5,0.663085,180,0,0,965295
0,3,2,0.5,0.66349,180,0,0,965311
0,3,2,0.5,0.663895,180,0,0,965327
0,2,2,0.5,0.664165,180,0,0,965344
0,3,2,0.5,0.66457,180,0,0,965361
0,1,2,0.5,0.664705,180,0,0,965377
0,2,2,0.5,0.664975,180,0,0,965395
0,2,2,0.5,0.665245,180,0,0,965412
0,3,4,0.5,0.66565,180,0,0,965430
0,2,1,0.5,0.66592,180,0,0,965444
0,0,0,0.5,0.66592,180,0,0,965460
-2,3,2,0.5,0.666325,180,0,0,965478
0,4,1,0.5,0.666865,180,0,0,965495
0,3,1,0.5,0.66727,180,0,0,965510
-2,2,0,0.5,0.66754,180,0,0,965527
1,3,2,0.5,0.667945,180,0,0,965544
0,3,1,0.5,0.66835,180,0,0,965561
0,1,0,0.5,0.668485,180,0,0,965577
0,2,1,0.5,0.668755,180,0,0,965594
-1,1,0,0.5,0.66889,180,0,0,965610
0,0,1,0.5,0.66889,180,0,0,965627
0,1,1,0.5,0.669025,180,0,0,965644
0,0,1,0.5,0.669025,180,0,0,965661
0,1,1,0.5,0.66916,180,0,0,965677
0,1,1,0.5,0.669295,180,0,0,965694
0,2,0,0.5,0.669565,180,0,0,965710
0,0,0,0.5,0.669565,180,0,0,965727
0,3,0,0.5,0.66997,180,0,0,965743
0,2,0,0.5,0.67024,180,0,0,965760
0,0,0,0.5,0.67024,180,0,0,965777
0,0,0,0.5,0.67024,180,0,0,965793
0,0,0,0.5,0.67024,180,0,0,965810
0,1,0,0.5,0.670375,180,0,0,965827
0,0,0,0.5,0.670375,180,0,0,965843
-2,-1,0,0.5,0.67024,180,0,0,965860
0,1,0,0.5,0.670375,180,0,0,965877
2,0,0,0.5,0.670375,180,0,0,965893
0,0,0,0.5,0.670375,180,0,0,965910
0,0,0,0.5,0.670375,180,0,0,965927
0,1,0,0.5,0.67051,180,0,0,965943
0,0,0,0.5,0.67051,180,0,0,965960
0,0,0,0.5,0.67051,180,0,0,965977
0,0,0,0.5,0.67051,180,0,0,965993
0,0,-1,0.5,0.67051,180,0,0,966013
0,-1,0,0.5,0.670375,180,0,0,966027
0,0,0,0.5,0.670375,180,0,0,966043
0,0,0,0.5,0.670375,180,0,0,966060
0,-1,0,0.5,0.67024,180,0,0,966077
0,0,0,0.5,0.67024,180,0,0,966093
0,-1,-1,0.5,0.670105,180,0,0,966111
0,0,0,0.5,0.670105,180,0,0,966128
0,-1,0,0.5,0.66997,180,0,0,966143
0,0,0,0.5,0.66997,180,0,0,966160
0,-1,0,0.5,0.669835,180,0,0,966177
0,0,0,0.5,0.669835,180,0,0,966193
0,-1,0,0.5,0.6697,180,0,0,966210
0,-1,-2,0.5,0.669565,180,0,0,966229
0,0,0,0.5,0.669565,180,0,0,966243
0,0,-1,0.5,0.669565,180,0,0,966261
1,-1,1,0.5,0.66943,180,0,0,966278
0,0,0,0.5,0.66943,180,0,0,966293
0,-1,0,0.5,0.669295,180,0,0,966311
0,-1,0,0.5,0.66916,180,0,0,966331
0,-1,0,0.5,0.669025,180,0,0,966343
0,-1,0,0.5,0.66889,180,0,0,966360
0,0,-1,0.5,0.66889,180,0,0,966378
0,-1,0,0.5,0.668755,180,0,0,966393
0,0,0,0.5,0.668755,180,0,0,966410
0,-1,-1,0.5,0.66862,180,0,0,966427
0,-1,0,0.5,0.668485,180,0,0,966443
0,-1,-1,0.5,0.66835,180,0,0,966461
0,0,-1,0.5,0.66835,180,0,0,966477
0,0,0,0.5,0.66835,180,0,0,966493
1,0,-1,0.5,0.66835,180,0,0,966511
0,0,-1,0.5,0.66835,180,0,0,966529
-2,-1,-1,0.5,0.668215,180,0,0,966545
0,0,-1,0.5,0.668215,180,0,0,966561
-1,0,0,0.5,0.668215,180,0,0,966578
0,-1,-1,0.5,0.66808,180,0,0,966595
2,0,1,0.5,0.66808,180,0,0,966611
2,-2,-2,0.5,0.66781,180,0,0,966628
0,-1,-1,0.5,0.667675,180,0,0,966644
0,0,0,0.5,0.667675,180,0,0,966660
0,-1,-1,0.5,0.66754,180,0,0,966677
0,0,0,0.5,0.66754,180,0,0,966693
0,0,-1,0.5,0.66754,180,0,0,966711
0,-1,-1,0.5,0.667405,180,0,0,966728
0,0,0,0.5,0.667405,180,0,0,966743
0,0,-1,0.5,0.667405,180,0,0,966761
0,-1,-1,0.5,0.66727,180,0,0,966779
0,1,0,0.5,0.667405,180,0,0,966794
0,-1,-1,0.5,0.66727,180,0,0,966812
0,0,0,0.5,0.66727,180,0,0,966827
0,0,0,0.5,0.66727,180,0,0,966843
0,-1,-1,0.5,0.667135,180,0,0,966861
0,-1,0,0.5,0.667,180,0,0,966877
0,0,0,0.5,0.667,180,0,0,966893
0,0,-1,0.5,0.667,180,0,0,966910
0,0,0,0.5,0.667,180,0,0,966927
3,-1,2,0.5,0.666865,180,0,0,966944
0,0,0,0.5,0.666865,180,0,0,966960
0,-1,0,0.5,0.66673,180,0,0,966977
0,1,0,0.5,0.666865,180,0,0,966994
0,-1,-1,0.5,0.66673,180,0,0,967010
0,0,-1,0.5,0.66673,180,0,0,967030
0,0,0,0.5,0.66673,180,0,0,967043
0,0,0,0.5,0.66673,180,0,0,967060
0,0,0,0.5,0.66673,180,0,0,967076
0,0,0,0.5,0.66673,180,0,0,967093
0,0,0,0.5,0.66673,180,0,0,967110
0,-1,0,0.5,0.666595,180,0,0,967127
0,0,0,0.5,0.666595,180,0,0,967143
0,0,0,0.5,0.666595,180,0,0,967160
-2,-1,0,0.5,0.66646,180,0,0,967177
1,0,-2,0.5,0.66646,180,0,0,967194
0,0,0,0.5,0.66646,180,0,0,967210
0,0,0,0.5,0.66646,180,0,0,967226
-1,0,0,0.5,0.66646,180,0,0,967243
0,-1,0,0.5,0.666325,180,0,0,967260
3,1,0,0.5,0.66646,180,0,0,967277
0,0,0,0.5,0.66646,180,0,0,967293
0,0,0,0.5,0.66646,180,0,0,967310
0,0,0,0.5,0.66646,180,0,0,967326
-1,0,0,0.5,0.66646,180,0,0,967343
0,0,0,0.5,0.66646,180,0,0,967360
0,0,0,0.5,0.66646,180,0,0,967376
0,0,0,0.5,0.66646,180,0,0,967393
0,0,0,0.5,0.66646,180,0,0,967410
0,0,0,0.5,0.66646,180,0,0,967426
0,-1,0,0.5,0.666325,180,0,0,967443
0,0,0,0.5,0.666325,180,0,0,967460
0,0,0,0.5,0.666325,180,0,0,967476
0,-1,0,0.5,0.66619,180,0,0,967493
0,0,0,0.5,0.66619,180,0,0,967510
0,0,0,0.5,0.66619,180,0,0,967526
0,-1,0,0.5,0.666055,180,0,0,967543
0,0,0,0.5,0.666055,180,0,0,967560
0,0,0,0.5,0.666055,180,0,0,967576
0,0,0,0.5,0.666055,180,0,0,967593
0,0,0,0.5,0.666055,180,0,0,967610
0,0,0,0.5,0.666055,180,0,0,967627
0,0,0,0.5,0.666055,180,0,0,967643
0,0,0,0.5,0.666055,180,0,0,967660
0,0,0,0.5,0.666055,180,0,0,967677
0,0,0,0.5,0.666055,180,0,0,967693
0,0,0,0.5,0.666055,180,0,0,967710
0,-1,0,0.5,0.66592,180,0,0,967727
0,0,0,0.5,0.66592,180,0,0,967743
0,0,0,0.5,0.66592,180,0,0,967760
0,0,0,0.5,0.66592,180,0,0,967777
0,0,0,0.5,0.66592,180,0,0,967793
0,0,0,0.5,0.66592,180,0,0,967810
0,0,0,0.5,0.66592,180,0,0,967826
0,0,0,0.5,0.66592,180,0,0,967843
0,0,0,0.5,0.66592,180,0,0,967860
0,0,0,0.5,0.66592,180,0,0,967876
0,0,0,0.5,0.66592,180,0,0,967893
0,0,0,0.5,0.66592,180,0,0,967910
0,0,0,0.5,0.66592,180,0,0,967927
0,0,0,0.5,0.66592,180,0,0,967943
0,0,0,0.5,0.66592,180,0,0,967960
0,0,0,0.5,0.66592,180,0,0,967977
0,0,0,0.5,0.66592,180,0,0,967993
0,0,0,0.5,0.66592,180,0,0,968010
0,0,0,0.5,0.66592,180,0,0,968027
0,0,0,0.5,0.66592,180,0,0,968043
0,0,0,0.5,0.66592,180,0,0,968060
0,0,0,0.5,0.66592,180,0,0,968077
0,0,0,0.5,0.66592,180,0,0,968093
0,0,0,0.5,0.66592,180,0,0,968110
0,0,0,0.5,0.66592,180,0,0,968127
0,0,0,0.5,0.66592,180,0,0,968143
0,0,0,0.5,0.66592,180,0,0,968160
0,1,1,0.5,0.666055,180,0,0,968177
0,0,0,0.5,0.666055,180,0,0,968193
0,0,0,0.5,0.666055,180,0,0,968210
0,0,0,0.5,0.666055,180,0,0,968227
0,1,0,0.5,0.66619,180,0,0,968244
0,0,0,0.5,0.66619,180,0,0,968260
0,1,0,0.5,0.666325,180,0,0,968277
0,0,0,0.5,0.666325,180,0,0,968293
0,0,0,0.5,0.666325,180,0,0,968310
0,0,0,0.5,0.666325,180,0,0,968327
0,0,0,0.5,0.666325,180,0,0,968343
0,-1,1,0.5,0.66619,180,0,0,968360
0,0,1,0.5,0.66619,180,0,0,968377
0,0,0,0.5,0.66619,180,0,0,968393
0,1,0,0.5,0.666325,180,0,0,968411
0,0,0,0.5,0.666325,180,0,0,968427
0,0,0,0.5,0.666325,180,0,0,968443
0,0,0,0.5,0.666325,180,0,0,968461
0,0,0,0.5,0.666325,180,0,0,968477
0,0,0,0.5,0.666325,180,0,0,968493
0,0,0,0.5,0.666325,180,0,0,968510
0,1,0,0.5,0.66646,180,0,0,968527
0,-1,0,0.5,0.666325,180,0,0,968543
0,1,0,0.5,0.66646,180,0,0,968560
0,0,0,0.5,0.66646,180,0,0,968576
0,0,0,0.5,0.66646,180,0,0,968593
0,0,0,0.5,0.66646,180,0,0,968610
0,0,0,0.5,0.66646,180,0,0,968626
0,0,0,0.5,0.66646,180,0,0,968643
0,0,0,0.5,0.66646,180,0,0,968660
0,0,1,0.5,0.66646,180,0,0,968677
0,0,0,0.5,0.66646,180,0,0,968693
-3,1,0,0.5,0.666595,180,0,0,968710
0,0,0,0.5,0.666595,180,0,0,968726
-1,0,0,0.5,0.666595,180,0,0,968743
0,0,0,0.5,0.666595,180,0,0,968760
-2,1,-1,0.5,0.66673,180,0,0,968777
-1,0,0,0.5,0.66673,180,0,0,968793
0,0,0,0.5,0.66673,180,0,0,968810
-1,0,0,0.5,0.66673,180,0,0,968827
0,0,0,0.5,0.66673,180,0,0,968843
0,0,0,0.5,0.66673,180,0,0,968860
0,1,0,0.5,0.666865,180,0,0,968877
0,0,0,0.5,0.666865,180,0,0,968893
2,0,0,0.5,0.666865,180,0,0,968910
0,1,0,0.5,0.667,180,0,0,968927
0,0,0,0.5,0.667,180,0,0,968943
0,0,0,0.5,0.667,180,0,0,968960
0,0,0,0.5,0.667,180,0,0,968976
0,-1,0,0.5,0.666865,180,0,0,968993
0,1,0,0.5,0.667,180,0,0,969010
0,0,0,0.5,0.667,180,0,0,969026
1,0,0,0.5,0.667,180,0,0,969043
0,1,0,0.5,0.667135,180,0,0,969060
0,0,1,0.5,0.667135,180,0,0,969077
-1,0,0,0.5,0.667135,180,0,0,969093
0,0,0,0.5,0.667135,180,0,0,969110
-2,1,0,0.5,0.66727,180,0,0,969127
2,0,1,0.5,0.66727,180,0,0,969144
0,0,0,0.5,0.66727,180,0,0,969165
0,0,0,0.5,0.66727,180,0,0,969176
0,1,-1,0.5,0.667405,180,0,0,969196
0,0,0,0.5,0.667405,180,0,0,969210
0,1,0,0.5,0.66754,180,0,0,969229
1,-1,2,0.5,0.667405,180,0,0,969245
0,0,0,0.5,0.667405,180,0,0,969260
0,0,0,0.5,0.667405,180,0,0,969277
0,0,0,0.5,0.667405,180,0,0,969293
0,0,0,0.5,0.667405,180,0,0,969310
0,0,0,0.5,0.667405,180,0,0,969326
0,1,0,0.5,0.66754,180,0,0,969344
0,-1,0,0.5,0.667405,180,0,0,969360
0,0,0,0.5,0.667405,180,0,0,969376
0,1,0,0.5,0.66754,180,0,0,969393
0,0,0,0.5,0.66754,180,0,0,969410
0,0,0,0.5,0.66754,180,0,0,969426
0,1,0,0.5,0.667675,180,0,0,969443
0,1,0,0.5,0.66781,180,0,0,969460
0,0,0,0.5,0.66781,180,0,0,969476
0,0,0,0.5,0.66781,180,0,0,969493
0,0,0,0.5,0.66781,180,0,0,969510
0,0,0,0.5,0.66781,180,0,0,969526
0,0,0,0.5,0.66781,180,0,0,969543
0,1,0,0.5,0.667945,180,0,0,969560
0,0,0,0.5,0.667945,180,0,0,969576
0,0,0,0.5,0.667945,180,0,0,969593
0,-1,0,0.5,0.66781,180,0,0,969611
0,0,0,0.5,0.66781,180,0,0,969626
0,0,0,0.5,0.66781,180,0,0,969643
0,0,0,0.5,0.66781,180,0,0,969660
0,1,0,0.5,0.667945,180,0,0,969676
0,0,0,0.5,0.667945,180,0,0,969693
0,0,0,0.5,0.667945,180,0,0,969710
0,0,0,0.5,0.667945,180,0,0,969726
0,0,0,0.5,0.667945,180,0,0,969743
0,0,0,0.5,0.667945,180,0,0,969760
0,0,0,0.5,0.667945,180,0,0,969776
0,0,0,0.5,0.667945,180,0,0,969793
0,0,0,0.5,0.667945,180,0,0,969810
0,1,0,0.5,0.66808,180,0,0,969826
0,1,0,0.5,0.668215,180,0,0,969843
0,0,0,0.5,0.668215,180,0,0,969860
0,0,0,0.5,0.668215,180,0,0,969876
0,0,0,0.5,0.668215,180,0,0,969893
0,0,0,0.5,0.668215,180,0,0,969910
0,-1,0,0.5,0.66808,180,0,0,969926
0,0,0,0.5,0.66808,180,0,0,969943
0,0,0,0.5,0.66808,180,0,0,969960
0,0,0,0.5,0.66808,180,0,0,969976
0,0,0,0.5,0.66808,180,0,0,969993
0,0,0,0.5,0.66808,180,0,0,970010
0,0,0,0.5,0.66808,180,0,0,970026
0,1,0,0.5,0.668215,180,0,0,970043
0,0,0,0.5,0.668215,180,0,0,970060
0,0,0,0.5,0.668215,180,0,0,970077
0,0,0,0.5,0.668215,180,0,0,970093
0,0,0,0.5,0.668215,180,0,0,970110
0,0,0,0.5,0.668215,180,0,0,970126
0,0,0,0.5,0.668215,180,0,0,970143
0,0,0,0.5,0.668215,180,0,0,970160
0,1,0,0.5,0.66835,180,0,0,970177
0,0,0,0.5,0.66835,180,0,0,970193
0,0,0,0.5,0.66835,180,0,0,970210
0,0,0,0.5,0.66835,180,0,0,970226
0,0,0,0.5,0.66835,180,0,0,970243
0,0,0,0.5,0.66835,180,0,0,970260
0,0,0,0.5,0.66835,180,0,0,970277
0,0,0,0.5,0.66835,180,0,0,970293
0,0,0,0.5,0.66835,180,0,0,970311
0,0,0,0.5,0.66835,180,0,0,970327
0,0,0,0.5,0.66835,180,0,0,970343
0,0,0,0.5,0.66835,180,0,0,970362
0,0,0,0.5,0.66835,180,0,0,970376
0,0,0,0.5,0.66835,180,0,0,970393
0,0,0,0.5,0.66835,180,0,0,970410
0,0,0,0.5,0.66835,180,0,0,970426
0,0,0,0.5,0.66835,180,0,0,970443
0,0,0,0.5,0.66835,180,0,0,970460
0,0,0,0.5,0.66835,180,0,0,970476
0,0,0,0.5,0.66835,180,0,0,970493
0,0,0,0.5,0.66835,180,0,0,970510
0,0,0,0.5,0.66835,180,0,0,970526
0,0,0,0.5,0.66835,180,0,0,970543
0,0,0,0.5,0.66835,180,0,0,970560
0,0,0,0.5,0.66835,180,0,0,970576
0,0,0,0.5,0.66835,180,0,0,970593
0,0,0,0.5,0.66835,180,0,0,970610
0,0,0,0.5,0.66835,180,0,0,970626
0,0,0,0.5,0.66835,180,0,0,970643
0,0,0,0.5,0.66835,180,0,0,970660
0,0,0,0.5,0.66835,180,0,0,970676
0,0,0,0.5,0.66835,180,0,0,970693
0,0,0,0.5,0.66835,180,0,0,970710
0,0,0,0.5,0.66835,180,0,0,970726
0,0,0,0.5,0.66835,180,0,0,970743
0,0,0,0.5,0.66835,180,0,0,970760
0,0,-1,0.5,0.66835,180,0,0,970777
0,0,0,0.5,0.66835,180,0,0,970793
0,0,0,0.5,0.66835,180,0,0,970810
0,0,0,0.5,0.66835,180,0,0,970826
0,0,0,0.5,0.66835,180,0,0,970843
0,0,0,0.5,0.66835,180,0,0,970860
0,0,0,0.5,0.66835,180,0,0,970876
0,0,0,0.5,0.66835,180,0,0,970893
0,0,0,0.5,0.66835,180,0,0,970910
0,0,0,0.5,0.66835,180,0,0,970926
0,0,0,0.5,0.66835,180,0,0,970943
0,0,0,0.5,0.66835,180,0,0,970960
0,0,0,0.5,0.66835,180,0,0,970976
0,0,0,0.5,0.66835,180,0,0,970993
0,0,0,0.5,0.66835,180,0,0,971010
0,0,0,0.5,0.66835,180,0,0,971026
0,0,-1,0.5,0.66835,180,0,0,971043
0,0,0,0.5,0.66835,180,0,0,971060
0,0,0,0.5,0.66835,180,0,0,971076
0,0,0,0.5,0.66835,180,0,0,971093
0,0,0,0.5,0.66835,180,0,0,971110
0,0,0,0.5,0.66835,180,0,0,971127
0,0,0,0.5,0.66835,180,0,0,971143
0,0,0,0.5,0.66835,180,0,0,971160
0,0,0,0.5,0.66835,180,0,0,971177
0,0,0,0.5,0.66835,180,0,0,971193
1,0,0,0.5,0.66835,180,0,0,971211
0,0,0,0.5,0.66835,180,0,0,971226
0,0,0,0.5,0.66835,180,0,0,971243
0,0,0,0.5,0.66835,180,0,0,971260
0,0,0,0.5,0.66835,180,0,0,971276
0,0,0,0.5,0.66835,180,0,0,971293
0,0,0,0.5,0.66835,180,0,0,971311
0,0,0,0.5,0.66835,180,0,0,971326
0,0,0,0.5,0.66835,180,0,0,971343
0,0,0,0.5,0.66835,180,0,0,971360
0,0,0,0.5,0.66835,180,0,0,971376
0,0,0,0.5,0.66835,180,0,0,971393
0,0,0,0.5,0.66835,180,0,0,971410
0,0,0,0.5,0.66835,180,0,0,971426
0,0,0,0.5,0.66835,180,0,0,971443
0,0,0,0.5,0.66835,180,0,0,971460
0,0,0,0.5,0.66835,180,0,0,971476
0,0,0,0.5,0.66835,180,0,0,971493
0,0,0,0.5,0.66835,180,0,0,971510
0,0,0,0.5,0.66835,180,0,0,971526
0,0,0,0.5,0.66835,180,0,0,971543
0,0,0,0.5,0.66835,180,0,0,971560
0,0,0,0.5,0.66835,180,0,0,971576
0,0,0,0.5,0.66835,180,0,0,971593
0,0,0,0.5,0.66835,180,0,0,971610
0,0,0,0.5,0.66835,180,0,0,971626
0,0,0,0.5,0.66835,180,0,0,971643
0,0,0,0.5,0.66835,180,0,0,971660
0,0,0,0.5,0.66835,180,0,0,971676
0,0,0,0.5,0.66835,180,0,0,971693
0,0,0,0.5,0.66835,180,0,0,971710
0,0,0,0.5,0.66835,180,0,0,971726
0,0,0,0.5,0.66835,180,0,0,971743
0,0,0,0.5,0.66835,180,0,0,971760
0,0,0,0.5,0.66835,180,0,0,971776
0,0,0,0.5,0.66835,180,0,0,971793
0,0,0,0.5,0.66835,180,0,0,971810
0,0,0,0.5,0.66835,180,0,0,971826
0,0,0,0.5,0.66835,180,0,0,971843
0,0,0,0.5,0.66835,180,0,0,971860
0,0,0,0.5,0.66835,180,0,0,971876
0,0,0,0.5,0.66835,180,0,0,971893
0,0,0,0.5,0.66835,180,0,0,971910
0,0,0,0.5,0.66835,180,0,0,971926
0,0,0,0.5,0.66835,180,0,0,971943
0,0,0,0.5,0.66835,180,0,0,971960
0,0,0,0.5,0.66835,180,0,0,971977
-2,0,0,0.5,0.66835,180,0,0,971993
0,0,0,0.5,0.66835,180,0,0,972010
0,0,0,0.5,0.66835,180,0,0,972026
0,0,0,0.5,0.66835,180,0,0,972043
0,0,0,0.5,0.66835,180,0,0,972060
0,0,0,0.5,0.66835,180,0,0,972076
0,0,0,0.5,0.66835,180,0,0,972093
0,0,0,0.5,0.66835,180,0,0,972110
0,0,0,0.5,0.66835,180,0,0,972126
-1,0,0,0.5,0.66835,180,0,0,972143
0,0,0,0.5,0.66835,180,0,0,972160
0,0,0,0.5,0.66835,180,0,0,972177
0,0,0,0.5,0.66835,180,0,0,972193
0,0,0,0.5,0.66835,180,0,0,972210
0,0,0,0.5,0.66835,180,0,0,972226
0,0,0,0.5,0.66835,180,0,0,972243
0,0,0,0.5,0.66835,180,0,0,972260
0,0,0,0.5,0.66835,180,0,0,972276
0,0,0,0.5,0.66835,180,0,0,972293
0,0,0,0.5,0.66835,180,0,0,972310
0,0,0,0.5,0.66835,180,0,0,972326
0,0,0,0.5,0.66835,180,0,0,972343
0,0,0,0.5,0.66835,180,0,0,972360
0,0,0,0.5,0.66835,180,0,0,972376
0,0,0,0.5,0.66835,180,0,0,972393
0,0,0,0.5,0.66835,180,0,0,972409
0,0,0,0.5,0.66835,180,0,0,972426
0,0,0,0.5,0.66835,180,0,0,972443
0,0,0,0.5,0.66835,180,0,0,972460
0,0,0,0.5,0.66835,180,0,0,972476
0,0,0,0.5,0.66835,180,0,0,972493
0,0,0,0.5,0.66835,180,0,0,972509
0,0,0,0.5,0.66835,180,0,0,972526
0,0,0,0.5,0.66835,180,0,0,972543
0,0,0,0.5,0.66835,180,0,0,972559
0,0,0,0.5,0.66835,180,0,0,972576
0,0,0,0.5,0.66835,180,0,0,972593
0,0,0,0.5,0.66835,180,0,0,972609
0,0,0,0.5,0.66835,180,0,0,972626
0,0,0,0.5,0.66835,180,0,0,972643
0,0,0,0.5,0.66835,180,0,0,972659
0,0,0,0.5,0.66835,180,0,0,972676
0,0,0,0.5,0.66835,180,0,0,972693
0,0,0,0.5,0.66835,180,0,0,972710
0,0,0,0.5,0.66835,180,0,0,972726
0,0,0,0.5,0.66835,180,0,0,972743
0,0,0,0.5,0.66835,180,0,0,972759
0,0,0,0.5,0.66835,180,0,0,972776
0,0,0,0.5,0.66835,180,0,0,972793
0,0,0,0.5,0.66835,180,0,0,972809
0,0,0,0.5,0.66835,180,0,0,972826
0,0,0,0.5,0.66835,180,0,0,972843
0,0,0,0.5,0.66835,180,0,0,972859
0,0,0,0.5,0.66835,180,0,0,972876
0,0,0,0.5,0.66835,180,0,0,972893
0,0,0,0.5,0.66835,180,0,0,972909
0,0,0,0.5,0.66835,180,0,0,972926
0,0,0,0.5,0.66835,180,0,0,972943
0,0,0,0.5,0.66835,180,0,0,972959
0,0,0,0.5,0.66835,180,0,0,972976
0,0,0,0.5,0.66835,180,0,0,972993
0,0,0,0.5,0.66835,180,0,0,973010
0,0,0,0.5,0.66835,180,0,0,973026
0,0,0,0.5,0.66835,180,0,0,973043
0,0,0,0.5,0.66835,180,0,0,973060
0,0,0,0.5,0.66835,180,0,0,973076
0,0,0,0.5,0.66835,180,0,0,973093
0,0,0,0.5,0.66835,180,0,0,973110
0,0,0,0.5,0.66835,180,0,0,973126
0,0,0,0.5,0.66835,180,0,0,973143
0,0,0,0.5,0.66835,180,0,0,973160
0,0,0,0.5,0.66835,180,0,0,973176
0,0,0,0.5,0.66835,180,0,0,973193
0,0,0,0.5,0.66835,180,0,0,973210
0,0,0,0.5,0.66835,180,0,0,973226
0,0,0,0.5,0.66835,180,0,0,973243
0,0,0,0.5,0.66835,180,0,0,973260
0,0,0,0.5,0.66835,180,0,0,973276
0,0,0,0.5,0.66835,180,0,0,973293
0,0,0,0.5,0.66835,180,0,0,973310
0,0,0,0.5,0.66835,180,0,0,973327
0,0,0,0.5,0.66835,180,0,0,973343
0,0,0,0.5,0.66835,180,0,0,973360
0,0,0,0.5,0.66835,180,0,0,973376
0,0,0,0.5,0.66835,180,0,0,973393
0,0,0,0.5,0.66835,180,0,0,973410
0,0,0,0.5,0.66835,180,0,0,973426
0,0,0,0.5,0.66835,180,0,0,973443
0,0,0,0.5,0.66835,180,0,0,973460
0,0,0,0.5,0.66835,180,0,0,973476
0,0,0,0.5,0.66835,180,0,0,973493
0,0,0,0.5,0.66835,180,0,0,973510
0,0,0,0.5,0.66835,180,0,0,973526
0,0,0,0.5,0.66835,180,0,0,973543
0,0,0,0.5,0.66835,180,0,0,973561
0,0,0,0.5,0.66835,180,0,0,973576
0,0,0,0.5,0.66835,180,0,0,973593
0,0,0,0.5,0.66835,180,0,0,973611
0,0,0,0.5,0.66835,180,0,0,973627
0,0,0,0.5,0.66835,180,0,0,973643
0,0,0,0.5,0.66835,180,0,0,973661
0,0,0,0.5,0.66835,180,0,0,973676
0,0,1,0.5,0.66835,180,0,0,973693
0,0,0,0.5,0.66835,180,0,0,973711
0,0,0,0.5,0.66835,180,0,0,973726
0,0,0,0.5,0.66835,180,0,0,973743
0,0,0,0.5,0.66835,180,0,0,973760
0,0,0,0.5,0.66835,180,0,0,973777
0,0,0,0.5,0.66835,180,0,0,973793
0,0,0,0.5,0.66835,180,0,0,973810
0,0,0,0.5,0.66835,180,0,0,973827
-1,0,0,0.5,0.66835,180,0,0,973844
0,0,0,0.5,0.66835,180,0,0,973860
0,0,0,0.5,0.66835,180,0,0,973876
0,0,0,0.5,0.66835,180,0,0,973893
0,0,0,0.5,0.66835,180,0,0,973911
0,1,0,0.5,0.668485,180,0,0,973927
0,0,0,0.5,0.668485,180,0,0,973943
0,0,0,0.5,0.668485,180,0,0,973960
0,0,0,0.5,0.668485,180,0,0,973976
0,1,0,0.5,0.66862,180,0,0,973993
0,0,0,0.5,0.66862,180,0,0,974010
0,0,0,0.5,0.66862,180,0,0,974026
0,0,0,0.5,0.66862,180,0,0,974043
0,-1,0,0.5,0.668485,180,0,0,974060
0,0,0,0.5,0.668485,180,0,0,974077
0,0,0,0.5,0.668485,180,0,0,974093
0,0,0,0.5,0.668485,180,0,0,974109
2,0,1,0.5,0.668485,180,0,0,974127
0,0,0,0.5,0.668485,180,0,0,974143
0,0,0,0.5,0.668485,180,0,0,974160
0,0,0,0.5,0.668485,180,0,0,974176
0,0,0,0.5,0.668485,180,0,0,974193
0,0,0,0.5,0.668485,180,0,0,974210
0,0,0,0.5,0.668485,180,0,0,974227
0,0,0,0.5,0.668485,180,0,0,974243
0,0,0,0.5,0.668485,180,0,0,974259
0,0,0,0.5,0.668485,180,0,0,974276
0,0,0,0.5,0.668485,180,0,0,974293
0,0,0,0.5,0.668485,180,0,0,974310
0,1,0,0.5,0.66862,180,0,0,974327
0,0,0,0.5,0.66862,180,0,0,974343
0,0,0,0.5,0.66862,180,0,0,974360
0,0,0,0.5,0.66862,180,0,0,974376
0,0,0,0.5,0.66862,180,0,0,974393
0,0,0,0.5,0.66862,180,0,0,974410
0,0,0,0.5,0.66862,180,0,0,974426
0,0,0,0.5,0.66862,180,0,0,974443
0,0,0,0.5,0.66862,180,0,0,974460
0,0,0,0.5,0.66862,180,0,0,974476
0,0,0,0.5,0.66862,180,0,0,974493
0,0,0,0.5,0.66862,180,0,0,974510
0,0,0,0.5,0.66862,180,0,0,974526
0,0,0,0.5,0.66862,180,0,0,974543
0,0,0,0.5,0.66862,180,0,0,974560
0,0,0,0.5,0.66862,180,0,0,974576
0,0,0,0.5,0.66862,180,0,0,974593
0,0,0,0.5,0.66862,180,0,0,974610
0,0,0,0.5,0.66862,180,0,0,974626
0,0,0,0.5,0.66862,180,0,0,974643
0,0,0,0.5,0.66862,180,0,0,974660
0,0,0,0.5,0.66862,180,0,0,974676
0,0,0,0.5,0.66862,180,0,0,974693
0,0,0,0.5,0.66862,180,0,0,974710
0,0,0,0.5,0.66862,180,0,0,974726
0,1,0,0.5,0.668755,180,0,0,974743
0,0,0,0.5,0.668755,180,0,0,974760
0,0,0,0.5,0.668755,180,0,0,974776
0,0,0,0.5,0.668755,180,0,0,974793
0,0,0,0.5,0.668755,180,0,0,974809
0,0,0,0.5,0.668755,180,0,0,974826
0,0,0,0.5,0.668755,180,0,0,974843
0,0,0,0.5,0.668755,180,0,0,974860
0,0,0,0.5,0.668755,180,0,0,974876
0,0,0,0.5,0.668755,180,0,0,974893
0,0,0,0.5,0.668755,180,0,0,974910
0,0,0,0.5,0.668755,180,0,0,974926
0,0,0,0.5,0.668755,180,0,0,974943
0,0,0,0.5,0.668755,180,0,0,974960
0,0,0,0.5,0.668755,180,0,0,974976
0,0,0,0.5,0.668755,180,0,0,974993
0,0,0,0.5,0.668755,180,0,0,975009
0,0,0,0.5,0.668755,180,0,0,975026
0,0,0,0.5,0.668755,180,0,0,975043
0,0,0,0.5,0.668755,180,0,0,975059
0,1,0,0.5,0.66889,180,0,0,975077
0,0,0,0.5,0.66889,180,0,0,975093
0,0,0,0.5,0.66889,180,0,0,975109
0,0,0,0.5,0.66889,180,0,0,975126
0,0,0,0.5,0.66889,180,0,0,975143
0,0,0,0.5,0.66889,180,0,0,975159
0,1,0,0.5,0.669025,180,0,0,975177
0,1,0,0.5,0.66916,180,0,0,975193
0,4,-1,0.5,0.6697,180,0,0,975210
0,2,0,0.5,0.66997,180,0,0,975227
0,2,0,0.5,0.67024,180,0,0,975243
0,3,0,0.5,0.670645,180,0,0,975260
0,2,1,0.5,0.670915,180,0,0,975278
0,1,1,0.5,0.67105,180,0,0,975294
0,0,2,0.5,0.67105,180,0,0,975311
0,0,2,0.5,0.67105,180,0,0,975327
0,-2,2,0.5,0.67078,180,0,0,975345
0,-1,2,0.5,0.670645,180,0,0,975361
0,-1,1,0.5,0.67051,180,0,0,975377
0,-2,2,0.5,0.67024,180,0,0,975394
0,0,1,0.5,0.67024,180,0,0,975410
0,-3,2,0.5,0.669835,180,0,0,975427
0,-3,3,0.5,0.66943,180,0,0,975444
0,-8,5,0.5,0.66835,180,0,0,975461
0,-9,4,0.5,0.667135,180,0,0,975478
0,-7,2,0.5,0.66619,180,0,0,975494
0,-8,2,0.5,0.66511,180,0,0,975510
1,-8,2,0.5,0.66403,180,0,0,975527
0,-4,1,0.5,0.66349,180,0,0,975544
0,-2,0,0.5,0.66322,180,0,0,975561
0,-2,0,0.5,0.66295,180,0,0,975576
0,0,0,0.5,0.66295,180,0,0,975593
-1,0,0,0.5,0.66295,180,0,0,975610
-1,3,-1,0.5,0.663355,180,0,0,975628
-1,4,0,0.5,0.663895,180,0,0,975643
1,4,-1,0.5,0.664435,180,0,0,975660
0,2,0,0.5,0.664705,180,0,0,975676
0,3,0,0.5,0.66511,180,0,0,975693
0,1,0,0.5,0.665245,180,0,0,975710
0,3,0,0.5,0.66565,180,0,0,975727
2,4,1,0.5,0.66619,180,0,1,975744
0,3,2,0.5,0.666595,180,0,1,975761
-3,3,2,0.5,0.667,180,0,1,975777
0,2,3,0.5,0.66727,180,0,1,975797
0,-1,3,0.5,0.667135,180,0,0,975811
0,-1,3,0.5,0.667,180,0,0,975827
1,-3,3,0.5,0.666595,180,0,0,975844
-1,-4,3,0.5,0.666055,180,0,0,975861
4,-16,11,0.5,0.663895,180,0,0,975880
0,-11,4,0.5,0.66241,180,0,0,975895
0,-10,6,0.5,0.66106,180,0,0,975911
0,-11,5,0.5,0.659575,180,0,0,975930
0,-13,5,0.5,0.65782,180,0,0,975946
0,-10,4,0.5,0.65647,180,0,0,975961
0,-11,4,0.5,0.654985,180,0,0,975978
0,-10,3,0.5,0.653635,180,0,0,975995
0,-8,2,0.5,0.652555,180,0,0,976010
0,-5,2,0.5,0.65188,180,0,0,976027
1,-2,1,0.5,0.65161,180,0,0,976044
0,-3,1,0.5,0.651205,180,0,0,976062
0,0,0,0.5,0.651205,180,0,0,976076
0,-1,0,0.5,0.65107,180,0,0,976093
0,-1,1,0.5,0.650935,180,0,0,976111
-5,0,-1,0.5,0.650935,180,0,0,976129
0,1,1,0.5,0.65107,180,0,0,976144
0,1,1,0.5,0.651205,180,0,0,976161
0,1,1,0.5,0.65134,180,0,0,976177
0,1,1,0.5,0.651475,180,0,0,976199
0,0,1,0.5,0.651475,180,0,0,976210
0,-1,2,0.5,0.65134,180,0,0,976227
0,1,2,0.5,0.651475,180,0,0,976244
0,3,3,0.5,0.65188,180,0,0,976260
0,5,12,0.5,0.652555,180,0,0,976279
0,1,9,0.5,0.65269,180,0,0,976296
0,-3,10,0.5,0.652285,180,0,0,976314
0,-3,11,0.5,0.65188,180,0,0,976329
0,-3,10,0.5,0.651475,180,0,0,976347
0,-1,10,0.5,0.65134,180,0,0,976364
1,-1,10,0.5,0.651205,180,0,0,976378
0,-2,8,0.5,0.650935,180,0,0,976395
0,-2,5,0.5,0.650665,180,0,0,976411
0,-1,4,0.5,0.65053,180,0,0,976428
0,0,2,0.5,0.65053,180,0,0,976444
0,0,2,0.5,0.65053,180,0,0,976460
0,4,2,0.5,0.65107,180,0,0,976478
1,6,4,0.5,0.65188,180,0,0,976494
-1,10,6,0.5,0.65323,180,0,0,976511
1,12,7,0.5,0.65485,180,0,0,976529
-1,14,13,0.5,0.65674,180,0,0,976549
0,15,15,0.5,0.658765,180,0,0,976566
-5,14,16,0.5,0.660655,180,0,0,976581
0,15,20,0.5,0.66268,180,0,0,976598
0,12,17,0.5,0.6643,180,0,0,976615
0,8,17,0.5,0.66538,180,0,0,976630
0,8,16,0.5,0.66646,180,0,0,976648
4,14,32,0.5,0.66835,180,0,0,976669
0,0,2,0.5,0.66835,180,0,0,976677
0,11,29,0.5,0.669835,180,0,0,976701
0,3,13,0.5,0.67024,180,0,0,976714
3,-2,14,0.5,0.66997,180,0,0,976730
0,1,11,0.5,0.670105,180,0,0,976746
0,-1,10,0.5,0.66997,180,0,0,976766
0,-4,11,0.5,0.66943,180,0,0,976781
0,-3,10,0.5,0.669025,180,0,0,976796
-3,-5,10,0.5,0.66835,180,0,0,976812
-1,-4,10,0.5,0.66781,180,0,0,976831
1,-4,11,0.5,0.66727,180,0,0,976846
0,-3,10,0.5,0.666865,180,0,0,976862
0,-1,8,0.5,0.66673,180,0,0,976879
0,0,8,0.5,0.66673,180,0,0,976895
0,0,9,0.5,0.66673,180,0,0,976913
0,1,10,0.5,0.666865,180,0,0,976929
-5,1,11,0.5,0.667,180,0,0,976945
-6,2,10,0.5,0.66727,180,0,0,976963
8,2,21,0.5,0.66754,180,0,0,976983
0,5,18,0.5,0.668215,180,0,1,976999
0,8,18,0.5,0.669295,180,0,1,977018
0,9,18,0.5,0.67051,180,0,1,977032
0,10,18,0.5,0.67186,180,0,1,977048
0,11,16,0.5,0.673345,180,0,0,977065
0,19,24,0.5,0.67591,180,0,0,977084
1,6,22,0.5,0.67672,180,0,0,977100
1,5,14,0.5,0.677395,180,0,0,977115
0,3,12,0.5,0.6778,180,0,0,977131
1,0,12,0.5,0.6778,180,0,0,977147
0,0,11,0.5,0.6778,180,0,0,977163
0,0,11,0.5,0.6778,180,0,0,977180
0,0,13,0.5,0.6778,180,0,0,977196
0,1,13,0.5,0.677935,180,0,0,977212
0,4,16,0.5,0.678475,180,0,0,977231
0,5,17,0.5,0.67915,180,0,0,977248
0,7,19,0.5,0.680095,180,0,0,977263
0,7,21,0.5,0.68104,180,0,0,977281
0,7,21,0.5,0.681985,180,0,0,977299
0,6,21,0.5,0.682795,180,0,0,977314
-3,9,19,0.5,0.68401,180,0,0,977330
0,8,19,0.5,0.68509,180,0,0,977349
-1,10,17,0.5,0.68644,180,0,0,977365
0,9,18,0.5,0.687655,180,0,0,977381
0,12,18,0.5,0.689275,180,0,0,977401
-2,10,19,0.5,0.690625,180,0,0,977414
0,10,20,0.5,0.691975,180,0,0,977431
-1,10,19,0.5,0.693325,180,0,0,977449
0,20,39,0.5,0.696025,180,0,0,977470
0,7,10,0.5,0.69697,180,0,0,977480
0,9,24,0.5,0.698185,180,0,0,977498
0,9,15,0.5,0.6994,180,0,0,977513
-5,7,13,0.5,0.700345,180,0,0,977529
0,7,18,0.5,0.70129,180,0,0,977549
-2,8,18,0.5,0.70237,180,0,0,977565
5,9,21,0.5,0.703585,180,0,0,977583
1,11,19,0.5,0.70507,180,0,0,977601
0,13,21,0.5,0.706825,180,0,0,977614
0,14,21,0.5,0.708715,180,0,0,977631
0,11,22,0.5,0.71,180,0,0,977649
