7,38,-7,0.5,-0.70487,180,0,0,195333
-5,-2,-6,0.5,-0.70514,180,0,0,195349
0,-7,-5,0.5,-0.706085,180,0,0,195359
0,0,0,0.5,-0.706085,180,0,0,195365
0,-10,-5,0.5,-0.707435,180,0,0,195383
0,-13,-4,0.5,-0.70919,180,0,0,195399
0,-14,-3,0.5,-0.71,180,0,0,195415
0,-13,-3,0.5,-0.71,180,0,0,195433
-1,-13,-3,0.5,-0.71,180,0,0,195450
0,-11,-4,0.5,-0.71,180,0,0,195466
0,-11,-10,0.5,-0.71,180,0,0,195484
-2,-3,-6,0.5,-0.71,180,0,0,195500
0,2,-6,0.5,-0.70973,180,0,0,195516
2,2,-4,0.5,-0.70946,180,0,1,195532
0,2,-5,0.5,-0.70919,180,0,1,195549
-1,2,-4,0.5,-0.70892,180,0,1,195565
0,1,-3,0.5,-0.708785,180,0,1,195582
0,0,-2,0.5,-0.708785,180,0,1,195598
0,-1,-1,0.5,-0.70892,180,0,1,195615
4,1,0,0.5,-0.708785,180,0,1,195631
-1,6,1,0.5,-0.707975,180,0,1,195648
-1,9,0,0.5,-0.70676,180,0,1,195666
-1,11,0,0.5,-0.705275,180,0,1,195681
0,13,-3,0.5,-0.70352,180,0,1,195702
2,11,-4,0.5,-0.702035,180,0,1,195715
0,11,-5,0.5,-0.70055,180,0,0,195732
1,9,-5,0.5,-0.699335,180,0,0,195749
0,9,-3,0.5,-0.69812,180,0,0,195765
0,9,-3,0.5,-0.696905,180,0,0,195782
0,10,-3,0.5,-0.695555,180,0,0,195798
1,10,-1,0.5,-0.694205,180,0,0,195814
-1,12,-1,0.5,-0.692585,180,0,0,195832
-3,12,-5,0.5,-0.690965,180,0,0,195849
0,15,-1,0.5,-0.68894,180,0,0,195865
-1,31,-5,0.5,-0.684755,180,0,0,195884
0,16,-3,0.5,-0.682595,180,0,1,195898
-1,14,-3,0.5,-0.680705,180,0,1,195916
0,14,-3,0.5,-0.678815,180,0,0,195932
0,14,-3,0.5,-0.676925,180,0,0,195948
0,16,-3,0.5,-0.674765,180,0,0,195965
-1,17,-3,0.5,-0.67247,180,0,0,195984
0,22,-4,0.5,-0.6695,180,0,0,195999
2,22,-3,0.5,-0.66653,180,0,1,196015
-1,23,-3,0.5,-0.663425,180,0,1,196032
0,21,-2,0.5,-0.66059,180,0,1,196048
0,18,-2,0.5,-0.65816,180,0,0,196066
-4,17,-4,0.5,-0.655865,180,0,0,196083
5,15,-1,0.5,-0.65384,180,0,0,196098
0,14,-4,0.5,-0.65195,180,0,0,196118
0,15,-4,0.5,-0.649925,180,0,0,196139
0,17,-3,0.5,-0.64763,180,0,0,196150
4,19,-2,0.5,-0.645065,180,0,0,196165
1,17,-4,0.5,-0.64277,180,0,1,196182
0,15,-6,0.5,-0.640745,180,0,1,196201
-1,21,-13,0.5,-0.63791,180,0,0,196220
0,0,0,0.5,-0.63791,180,0,0,196230
0,9,-7,0.5,-0.636695,180,0,0,196250
1,10,-8,0.5,-0.635345,180,0,0,196267
0,28,-13,0.5,-0.631565,180,0,0,196284
-1,22,-6,0.5,-0.628595,180,0,0,196299
0,22,-6,0.5,-0.625625,180,0,1,196316
0,25,-5,0.5,-0.62225,180,0,1,196332
-2,25,-5,0.5,-0.618875,180,0,1,196350
0,26,-5,0.5,-0.615365,180,0,1,196366
2,26,-5,0.5,-0.611855,180,0,0,196382
-1,27,-6,0.5,-0.60821,180,0,0,196400
-2,29,-7,0.5,-0.604295,180,0,0,196418
2,32,-7,0.5,-0.599975,180,0,0,196440
0,33,-9,0.5,-0.59552,180,0,0,196459
-1,31,-10,0.5,-0.591335,180,0,0,196472
0,28,-11,0.5,-0.587555,180,0,0,196484
0,25,-11,0.5,-0.58418,180,0,0,196501
-3,19,-11,0.5,-0.581615,180,0,0,196519
-1,13,-9,0.5,-0.57986,180,0,0,196535
0,10,-6,0.5,-0.57851,180,0,0,196552
0,8,-6,0.5,-0.57743,180,0,0,196566
0,8,-6,0.5,-0.57635,180,0,0,196582
-1,6,-6,0.5,-0.57554,180,0,0,196600
0,4,-6,0.5,-0.575,180,0,0,196617
0,3,-6,0.5,-0.574595,180,0,1,196632
3,4,-5,0.5,-0.574055,180,0,1,196650
-1,6,-15,0.5,-0.573245,180,0,1,196671
0,0,0,0.5,-0.573245,180,0,0,196681
0,2,-15,0.5,-0.572975,180,0,0,196702
1,0,-6,0.5,-0.572975,180,0,0,196719
1,1,-6,0.5,-0.57284,180,0,0,196732
-3,4,-8,0.5,-0.5723,180,0,0,196749
0,6,-7,0.5,-0.57149,180,0,1,196768
0,8,-7,0.5,-0.57041,180,0,1,196783
0,10,-7,0.5,-0.56906,180,0,1,196799
0,7,-6,0.5,-0.568115,180,0,1,196818
0,5,-6,0.5,-0.56744,180,0,0,196832
1,4,-7,0.5,-0.5669,180,0,0,196849
-2,3,-6,0.5,-0.566495,180,0,0,196867
-1,2,-8,0.5,-0.566225,180,0,0,196885
2,4,-6,0.5,-0.565685,180,0,1,196900
0,2,-6,0.5,-0.565415,180,0,1,196918
0,3,-5,0.5,-0.56501,180,0,1,196932
-1,0,-6,0.5,-0.56501,180,0,1,196949
0,-1,-6,0.5,-0.565145,180,0,1,196970
-1,-5,-6,0.5,-0.56582,180,0,0,196982
1,-7,-6,0.5,-0.566765,180,0,0,196999
1,-8,-5,0.5,-0.567845,180,0,0,197016
0,-10,-6,0.5,-0.569195,180,0,0,197033
-1,-6,-6,0.5,-0.570005,180,0,1,197050
-1,-5,-7,0.5,-0.57068,180,0,1,197068
1,0,-12,0.5,-0.57068,180,0,1,197087
1,4,-7,0.5,-0.57014,180,0,1,197100
1,6,-7,0.5,-0.56933,180,0,1,197118
0,3,-7,0.5,-0.568925,180,0,1,197132
0,1,-7,0.5,-0.56879,180,0,0,197154
0,-1,-6,0.5,-0.568925,180,0,0,197166
0,-5,-7,0.5,-0.5696,180,0,0,197182
-1,-7,-4,0.5,-0.570545,180,0,0,197201
0,-10,-5,0.5,-0.571895,180,0,0,197216
0,-8,-6,0.5,-0.572975,180,0,0,197234
-2,-4,-6,0.5,-0.573515,180,0,0,197250
0,-1,-6,0.5,-0.57365,180,0,0,197267
1,4,-7,0.5,-0.57311,180,0,0,197282
0,10,-7,0.5,-0.57176,180,0,0,197300
0,12,-7,0.5,-0.57014,180,0,0,197318
0,11,-7,0.5,-0.568655,180,0,0,197333
-2,9,-9,0.5,-0.56744,180,0,0,197351
3,7,-7,0.5,-0.566495,180,0,0,197372
4,3,-6,0.5,-0.56609,180,0,0,197382
0,-5,-7,0.5,-0.566765,180,0,0,197400
-1,-10,-7,0.5,-0.568115,180,0,0,197417
0,-18,-5,0.5,-0.570545,180,0,0,197432
1,-20,-4,0.5,-0.573245,180,0,0,197450
0,-22,-2,0.5,-0.576215,180,0,0,197466
0,-23,-1,0.5,-0.57932,180,0,0,197481
-4,-45,-1,0.5,-0.585395,180,0,0,197498
1,-21,1,0.5,-0.58823,180,0,0,197515
0,-18,0,0.5,-0.59066,180,0,0,197531
0,-17,-1,0.5,-0.592955,180,0,0,197548
-1,-17,-2,0.5,-0.59525,180,0,0,197568
2,-16,-2,0.5,-0.59741,180,0,0,197581
0,-13,-3,0.5,-0.599165,180,0,0,197599
-1,-10,-3,0.5,-0.600515,180,0,0,197617
-5,-5,-6,0.5,-0.60119,180,0,0,197633
-1,-1,-4,0.5,-0.601325,180,0,0,197654
-1,2,-4,0.5,-0.601055,180,0,0,197668
0,5,-5,0.5,-0.60038,180,0,0,197685
-1,8,-4,0.5,-0.5993,180,0,0,197698
3,11,-5,0.5,-0.597815,180,0,0,197715
-1,12,-5,0.5,-0.596195,180,0,0,197733
0,16,-6,0.5,-0.594035,180,0,0,197749
0,18,-7,0.5,-0.591605,180,0,0,197766
-1,20,-6,0.5,-0.588905,180,0,0,197785
0,21,-9,0.5,-0.58607,180,0,0,197802
0,24,-8,0.5,-0.58283,180,0,0,197819
3,27,-7,0.5,-0.579185,180,0,0,197834
0,28,-10,0.5,-0.575405,180,0,0,197851
0,32,-10,0.5,-0.571085,180,0,0,197868
1,37,-9,0.5,-0.56609,180,0,0,197884
0,76,-21,0.5,-0.55583,180,0,0,197905
0,38,-10,0.5,-0.5507,180,0,0,197918
-1,34,-9,0.5,-0.54611,180,0,0,197934
0,30,-8,0.5,-0.54206,180,0,0,197951
0,27,-7,0.5,-0.538415,180,0,0,197966
0,25,-7,0.5,-0.53504,180,0,0,197983
0,21,-6,0.5,-0.532205,180,0,0,198000
0,19,-6,0.5,-0.52964,180,0,0,198016
0,16,-5,0.5,-0.52748,180,0,0,198034
0,14,-6,0.5,-0.52559,180,0,0,198049
0,12,-5,0.5,-0.52397,180,0,0,198066
0,14,-5,0.5,-0.52208,180,0,0,198083
-2,17,-4,0.5,-0.519785,180,0,0,198099
1,18,-3,0.5,-0.517355,180,0,0,198115
0,18,-5,0.5,-0.514925,180,0,0,198132
0,16,-3,0.5,-0.512765,180,0,0,198149
0,13,-3,0.5,-0.51101,180,0,0,198165
0,12,-5,0.5,-0.50939,180,0,0,198184
0,10,-5,0.5,-0.50804,180,0,0,198201
0,7,-4,0.5,-0.507095,180,0,0,198215
0,7,-4,0.5,-0.50615,180,0,0,198232
3,5,-4,0.5,-0.505475,180,0,0,198251
-5,8,-14,0.5,-0.504395,180,0,0,198269
0,0,0,0.5,-0.504395,180,0,0,198280
0,10,-13,0.5,-0.503045,180,0,0,198301
0,12,-7,0.5,-0.501425,180,0,0,198317
0,16,-6,0.5,-0.499265,180,0,1,198333
-1,17,-6,0.5,-0.49697,180,0,1,198352
0,19,-6,0.5,-0.494405,180,0,1,198366
0,20,-6,0.5,-0.491705,180,0,0,198383
5,22,-6,0.5,-0.488735,180,0,0,198399
-1,24,-7,0.5,-0.485495,180,0,0,198417
0,24,-7,0.5,-0.482255,180,0,0,198432
0,27,-7,0.5,-0.47861,180,0,0,198449
-1,29,-7,0.5,-0.474695,180,0,0,198468
0,25,-6,0.5,-0.47132,180,0,0,198482
1,23,-7,0.5,-0.468215,180,0,0,198500
0,21,-6,0.5,-0.46538,180,0,0,198516
0,17,-8,0.5,-0.463085,180,0,0,198533
0,14,-8,0.5,-0.461195,180,0,0,198551
0,13,-8,0.5,-0.45944,180,0,0,198566
0,13,-8,0.5,-0.457685,180,0,0,198583
0,15,-9,0.5,-0.45566,180,0,0,198599
0,16,-9,0.5,-0.4535,180,0,0,198616
-1,18,-11,0.5,-0.45107,180,0,0,198634
3,15,-9,0.5,-0.449045,180,0,0,198649
3,16,-12,0.5,-0.446885,180,0,0,198667
0,17,-10,0.5,-0.44459,180,0,0,198683
-1,43,-18,0.5,-0.438785,180,0,0,198701
1,25,-16,0.5,-0.43541,180,0,0,198718
0,28,-11,0.5,-0.43163,180,0,0,198733
-4,31,-14,0.5,-0.427445,180,0,0,198750
2,30,-14,0.5,-0.423395,180,0,0,198768
2,31,-15,0.5,-0.41921,180,0,0,198785
1,28,-17,0.5,-0.41543,180,0,0,198801
0,24,-17,0.5,-0.41219,180,0,0,198818
0,24,-18,0.5,-0.40895,180,0,0,198834
0,21,-17,0.5,-0.406115,180,0,0,198851
1,19,-15,0.5,-0.40355,180,0,0,198868
0,16,-14,0.5,-0.40139,180,0,0,198884
0,14,-14,0.5,-0.3995,180,0,0,198901
0,12,-14,0.5,-0.39788,180,0,0,198918
-3,11,-15,0.5,-0.396395,180,0,0,198934
-2,9,-16,0.5,-0.39518,180,0,0,198952
0,9,-17,0.5,-0.393965,180,0,0,198968
0,8,-17,0.5,-0.392885,180,0,0,198984
-3,11,-17,0.5,-0.3914,180,0,0,199001
0,15,-15,0.5,-0.389375,180,0,0,199018
0,18,-16,0.5,-0.386945,180,0,0,199034
2,25,-15,0.5,-0.38357,180,0,0,199051
0,27,-15,0.5,-0.379925,180,0,0,199067
0,29,-16,0.5,-0.37601,180,0,0,199085
0,54,-23,0.5,-0.36872,180,0,0,199102
-2,25,-24,0.5,-0.365345,180,0,0,199119
0,25,-27,0.5,-0.36197,180,0,0,199136
-1,29,-17,0.5,-0.358055,180,0,0,199152
0,30,-18,0.5,-0.354005,180,0,0,199168
0,29,-16,0.5,-0.35009,180,0,0,199184
0,30,-17,0.5,-0.34604,180,0,0,199201
3,30,-16,0.5,-0.34199,180,0,0,199218
2,29,-14,0.5,-0.338075,180,0,0,199235
-3,31,-16,0.5,-0.33389,180,0,0,199251
2,31,-15,0.5,-0.329705,180,0,0,199270
-2,30,-17,0.5,-0.325655,180,0,0,199287
0,29,-16,0.5,-0.32174,180,0,0,199301
-1,27,-17,0.5,-0.318095,180,0,0,199320
2,24,-17,0.5,-0.314855,180,0,0,199334
-1,22,-17,0.5,-0.311885,180,0,0,199353
-1,24,-16,0.5,-0.308645,180,0,0,199371
0,23,-16,0.5,-0.30554,180,0,0,199384
0,23,-15,0.5,-0.302435,180,0,0,199401
3,21,-14,0.5,-0.2996,180,0,0,199418
2,21,-12,0.5,-0.296765,180,0,0,199433
-2,21,-15,0.5,-0.29393,180,0,0,199451
-1,40,-26,0.5,-0.28853,180,0,0,199484
0,21,-13,0.5,-0.285695,180,0,0,199495
3,22,-11,0.5,-0.282725,180,0,0,199505
-4,23,-15,0.5,-0.27962,180,0,0,199519
0,26,-12,0.5,-0.27611,180,0,0,199534
0,27,-11,0.5,-0.272465,180,0,0,199550
3,27,-9,0.5,-0.26882,180,0,0,199567
0,28,-11,0.5,-0.26504,180,0,0,199583
0,26,-10,0.5,-0.26153,180,0,0,199600
0,24,-10,0.5,-0.25829,180,0,0,199617
-2,23,-9,0.5,-0.255185,180,0,0,199633
0,24,-10,0.5,-0.251945,180,0,0,199650
1,26,-10,0.5,-0.248435,180,1,0,199668
-1,31,-9,0.5,-0.24425,180,1,0,199686
0,31,-9,0.5,-0.240065,180,1,0,199700
3,32,-9,0.5,-0.235745,180,0,0,199716
0,34,-9,0.5,-0.231155,180,0,0,199733
0,33,-8,0.5,-0.2267,180,0,0,199749
-1,30,-7,0.5,-0.22265,180,0,0,199766
0,29,-8,0.5,-0.218735,180,0,0,199782
0,26,-8,0.5,-0.215225,180,0,0,199801
0,24,-8,0.5,-0.211985,180,0,0,199816
0,23,-8,0.5,-0.20888,180,0,0,199834
-1,23,-8,0.5,-0.205775,180,0,0,199850
3,22,-9,0.5,-0.202805,180,0,0,199866
0,14,-11,0.5,-0.200915,180,0,0,199892
1,16,-24,0.5,-0.198755,180,0,1,199914
0,3,-11,0.5,-0.19835,180,0,1,199927
-2,-1,-11,0.5,-0.198485,180,0,1,199938
-1,0,-9,0.5,-0.198485,180,0,1,199951
-1,-1,-9,0.5,-0.19862,180,0,1,199968
0,-1,-8,0.5,-0.198755,180,0,0,199985
0,0,-8,0.5,-0.198755,180,0,0,200000
0,0,-6,0.5,-0.198755,180,0,0,200015
-1,0,-5,0.5,-0.198755,180,0,0,200032
0,2,-4,0.5,-0.198485,180,0,0,200049
0,2,-4,0.5,-0.198215,180,0,0,200065
-1,2,-3,0.5,-0.197945,180,0,0,200082
0,2,-2,0.5,-0.197675,180,0,1,200098
0,3,-2,0.5,-0.19727,180,0,1,200115
-1,2,-2,0.5,-0.197,180,0,1,200132
0,1,-2,0.5,-0.196865,180,0,0,200150
0,2,-3,0.5,-0.196595,180,0,0,200165
0,0,-3,0.5,-0.196595,180,0,0,200182
0,-2,-5,0.5,-0.196865,180,0,0,200200
0,-2,-6,0.5,-0.197135,180,0,1,200217
0,0,-5,0.5,-0.197135,180,0,1,200233
-1,3,-6,0.5,-0.19673,180,0,0,200251
0,4,-7,0.5,-0.19619,180,0,0,200266
4,13,-13,0.5,-0.194435,180,0,0,200289
0,6,-1,0.5,-0.193625,180,0,0,200299
1,8,-14,0.5,-0.192545,180,0,0,200318
0,8,-8,0.5,-0.191465,180,0,1,200333
0,8,-8,0.5,-0.190385,180,0,1,200350
-3,11,-10,0.5,-0.1889,180,0,0,200366
0,9,-10,0.5,-0.187685,180,0,0,200383
0,8,-9,0.5,-0.186605,180,0,0,200400
1,6,-8,0.5,-0.185795,180,0,0,200417
3,4,-5,0.5,-0.185255,180,0,0,200432
-1,4,-6,0.5,-0.184715,180,0,1,200451
1,5,-5,0.5,-0.18404,180,0,1,200468
0,5,-5,0.5,-0.183365,180,0,0,200483
0,4,-4,0.5,-0.182825,180,0,0,200499
0,5,-4,0.5,-0.18215,180,0,0,200515
0,5,-5,0.5,-0.181475,180,0,0,200532
0,8,-5,0.5,-0.180395,180,0,1,200550
2,7,-5,0.5,-0.17945,180,0,1,200565
0,9,-4,0.5,-0.178235,180,0,1,200582
-1,9,-7,0.5,-0.17702,180,0,0,200602
-1,9,-7,0.5,-0.175805,180,0,0,200616
0,8,-7,0.5,-0.174725,180,0,0,200633
0,6,-7,0.5,-0.173915,180,0,0,200650
-1,6,-7,0.5,-0.173105,180,0,0,200668
-1,7,-6,0.5,-0.17216,180,0,1,200683
0,10,-9,0.5,-0.17081,180,0,1,200701
0,3,-3,0.5,-0.170405,180,0,1,200715
0,0,-3,0.5,-0.170405,180,0,0,200731
0,-1,-2,0.5,-0.17054,180,0,0,200748
1,-1,-3,0.5,-0.170675,180,0,0,200766
0,0,0,0.5,-0.170675,180,0,0,200780
0,4,-7,0.5,-0.170135,180,0,0,200799
-1,4,-5,0.5,-0.169595,180,0,1,200817
0,3,-5,0.5,-0.16919,180,0,1,200832
0,3,-4,0.5,-0.168785,180,0,1,200849
0,2,-4,0.5,-0.168515,180,0,0,200865
0,2,-4,0.5,-0.168245,180,0,0,200882
-3,1,-3,0.5,-0.16811,180,0,0,200899
-1,1,-3,0.5,-0.167975,180,0,0,200914
0,1,-3,0.5,-0.16784,180,0,0,200933
0,2,-2,0.5,-0.16757,180,0,1,200948
0,2,-1,0.5,-0.1673,180,0,1,200964
-1,2,-1,0.5,-0.16703,180,0,0,200983
0,2,-1,0.5,-0.16676,180,0,0,200998
2,2,-1,0.5,-0.16649,180,0,0,201014
0,0,0,0.5,-0.16649,180,0,0,201030
3,1,1,0.5,-0.166355,180,0,0,201048
6,1,2,0.5,-0.16622,180,0,0,201064
-3,0,-2,0.5,-0.16622,180,0,1,201081
0,0,0,0.5,-0.16622,180,0,1,201097
0,0,0,0.5,-0.16622,180,0,1,201114
-1,0,-1,0.5,-0.16622,180,0,0,201132
0,0,-1,0.5,-0.16622,180,0,0,201149
0,0,-1,0.5,-0.16622,180,0,0,201164
0,0,-1,0.5,-0.16622,180,0,0,201182
0,0,0,0.5,-0.16622,180,0,0,201198
-5,0,-3,0.5,-0.16622,180,0,1,201215
0,1,0,0.5,-0.166085,180,0,1,201231
3,0,1,0.5,-0.166085,180,0,1,201248
1,1,0,0.5,-0.16595,180,0,0,201264
-2,1,-2,0.5,-0.165815,180,0,0,201281
-1,0,-1,0.5,-0.165815,180,0,0,201298
0,0,0,0.5,-0.165815,180,0,0,201314
0,0,0,0.5,-0.165815,180,0,0,201330
-1,0,0,0.5,-0.165815,180,0,1,201348
3,0,0,0.5,-0.165815,180,0,1,201364
0,0,0,0.5,-0.165815,180,0,0,201382
1,0,0,0.5,-0.165815,180,0,0,201398
0,0,0,0.5,-0.165815,180,0,0,201413
0,1,0,0.5,-0.16568,180,0,0,201430
0,0,0,0.5,-0.16568,180,0,0,201447
-1,0,0,0.5,-0.16568,180,0,0,201464
0,1,0,0.5,-0.165545,180,0,1,201481
-2,0,0,0.5,-0.165545,180,0,1,201497
0,0,0,0.5,-0.165545,180,0,1,201513
0,0,0,0.5,-0.165545,180,0,0,201531
0,1,0,0.5,-0.16541,180,0,0,201548
0,0,0,0.5,-0.16541,180,0,0,201563
0,0,0,0.5,-0.16541,180,0,0,201581
0,1,0,0.5,-0.165275,180,0,0,201597
0,0,0,0.5,-0.165275,180,0,0,201613
0,0,0,0.5,-0.165275,180,0,1,201631
0,0,0,0.5,-0.165275,180,0,1,201647
-1,0,0,0.5,-0.165275,180,0,1,201664
0,0,0,0.5,-0.165275,180,0,0,201681
0,1,0,0.5,-0.16514,180,0,0,201697
0,0,0,0.5,-0.16514,180,0,0,201713
0,0,0,0.5,-0.16514,180,0,0,201731
0,0,0,0.5,-0.16514,180,0,0,201747
0,0,0,0.5,-0.16514,180,0,0,201763
0,0,0,0.5,-0.16514,180,0,0,201780
0,0,0,0.5,-0.16514,180,0,0,201797
0,0,1,0.5,-0.16514,180,0,0,201814
-1,-1,0,0.5,-0.165275,180,0,0,201831
0,0,0,0.5,-0.165275,180,0,0,201847
0,0,1,0.5,-0.165275,180,0,0,201864
-3,1,0,0.5,-0.16514,180,0,0,201881
0,0,0,0.5,-0.16514,180,0,0,201897
-2,0,-1,0.5,-0.16514,180,0,0,201915
0,0,0,0.5,-0.16514,180,0,0,201930
0,0,0,0.5,-0.16514,180,0,0,201947
0,0,0,0.5,-0.16514,180,0,0,201964
-1,0,0,0.5,-0.16514,180,0,0,201982
0,1,0,0.5,-0.165005,180,0,0,201999
0,0,0,0.5,-0.165005,180,0,0,202014
-1,0,2,0.5,-0.165005,180,0,0,202033
-1,0,-1,0.5,-0.165005,180,0,0,202048
0,1,0,0.5,-0.16487,180,0,0,202065
0,0,1,0.5,-0.16487,180,0,0,202082
-1,1,0,0.5,-0.164735,180,0,0,202098
0,0,0,0.5,-0.164735,180,0,0,202114
0,0,1,0.5,-0.164735,180,0,0,202131
0,0,0,0.5,-0.164735,180,0,0,202147
-1,1,0,0.5,-0.1646,180,0,0,202165
0,0,1,0.5,-0.1646,180,0,0,202181
-2,0,0,0.5,-0.1646,180,0,0,202198
0,1,1,0.5,-0.164465,180,0,0,202215
0,0,1,0.5,-0.164465,180,0,0,202231
5,0,2,0.5,-0.164465,180,0,0,202248
-3,1,0,0.5,-0.16433,180,0,0,202265
-1,0,0,0.5,-0.16433,180,0,0,202282
0,1,1,0.5,-0.164195,180,0,0,202298
0,0,1,0.5,-0.164195,180,0,0,202314
0,1,1,0.5,-0.16406,180,0,0,202331
0,0,0,0.5,-0.16406,180,0,0,202347
0,1,1,0.5,-0.163925,180,0,0,202364
-1,0,0,0.5,-0.163925,180,0,0,202381
6,1,4,0.5,-0.16379,180,0,0,202398
0,0,0,0.5,-0.16379,180,0,0,202414
0,0,0,0.5,-0.16379,180,0,0,202431
0,1,1,0.5,-0.163655,180,0,0,202450
-2,1,1,0.5,-0.16352,180,0,0,202464
-2,0,-1,0.5,-0.16352,180,0,0,202482
-4,1,-1,0.5,-0.163385,180,0,0,202498
-2,0,0,0.5,-0.163385,180,0,0,202515
6,1,4,0.5,-0.16325,180,0,0,202534
0,0,1,0.5,-0.16325,180,0,0,202547
0,0,1,0.5,-0.16325,180,0,0,202564
0,1,1,0.5,-0.163115,180,0,0,202581
-3,1,0,0.5,-0.16298,180,0,0,202598
0,0,1,0.5,-0.16298,180,0,0,202614
0,0,1,0.5,-0.16298,180,0,0,202632
4,1,3,0.5,-0.162845,180,0,0,202650
0,0,1,0.5,-0.162845,180,0,0,202664
-4,1,-1,0.5,-0.16271,180,0,0,202685
4,0,2,0.5,-0.16271,180,0,0,202698
0,1,1,0.5,-0.162575,180,0,0,202715
1,1,2,0.5,-0.16244,180,0,0,202732
0,0,1,0.5,-0.16244,180,0,0,202748
0,1,1,0.5,-0.162305,180,0,0,202764
0,1,1,0.5,-0.16217,180,0,0,202781
-1,0,1,0.5,-0.16217,180,0,0,202799
0,1,1,0.5,-0.162035,180,0,0,202814
0,0,0,0.5,-0.162035,180,0,0,202831
0,1,1,0.5,-0.1619,180,0,0,202847
0,1,1,0.5,-0.161765,180,0,0,202865
0,1,0,0.5,-0.16163,180,0,0,202882
0,0,1,0.5,-0.16163,180,0,0,202897
0,1,1,0.5,-0.161495,180,0,0,202915
1,1,1,0.5,-0.16136,180,0,0,202932
0,1,1,0.5,-0.161225,180,0,0,202947
0,0,0,0.5,-0.161225,180,0,0,202964
0,1,1,0.5,-0.16109,180,0,0,202982
0,1,1,0.5,-0.160955,180,0,0,202999
-5,-1,0,0.5,-0.16109,180,0,0,203014
0,1,1,0.5,-0.160955,180,0,0,203031
-4,0,0,0.5,-0.160955,180,0,0,203047
0,0,0,0.5,-0.160955,180,0,0,203064
2,2,3,0.5,-0.160685,180,0,0,203083
-4,1,0,0.5,-0.16055,180,0,0,203098
-2,1,-1,0.5,-0.160415,180,0,0,203116
0,1,1,0.5,-0.16028,180,0,0,203131
0,0,1,0.5,-0.16028,180,0,0,203148
1,0,0,0.5,-0.16028,180,0,0,203164
-1,0,1,0.5,-0.16028,180,0,0,203182
0,1,0,0.5,-0.160145,180,0,0,203198
0,0,1,0.5,-0.160145,180,0,0,203215
0,0,1,0.5,-0.160145,180,0,0,203232
-2,0,0,0.5,-0.160145,180,0,0,203248
0,1,0,0.5,-0.16001,180,0,0,203264
0,1,1,0.5,-0.159875,180,0,0,203281
0,1,0,0.5,-0.15974,180,0,0,203297
-1,4,1,0.5,-0.1592,180,0,1,203315
0,5,1,0.5,-0.158525,180,0,1,203331
0,5,0,0.5,-0.15785,180,0,1,203348
0,5,0,0.5,-0.157175,180,0,0,203369
-1,4,0,0.5,-0.156635,180,0,0,203382
0,3,0,0.5,-0.15623,180,0,0,203398
-1,4,0,0.5,-0.15569,180,0,1,203414
0,5,0,0.5,-0.155015,180,0,1,203431
-1,6,0,0.5,-0.154205,180,0,1,203448
1,15,1,0.5,-0.15218,180,0,0,203464
0,6,0,0.5,-0.15137,180,0,0,203480
-1,8,0,0.5,-0.15029,180,0,0,203499
0,0,0,0.5,-0.15029,180,0,0,203514
0,16,0,0.5,-0.14813,180,0,1,203532
2,10,0,0.5,-0.14678,180,0,1,203547
-4,9,0,0.5,-0.145565,180,0,1,203564
0,10,-1,0.5,-0.144215,180,0,0,203581
0,11,0,0.5,-0.14273,180,0,0,203598
0,12,-1,0.5,-0.14111,180,0,0,203614
-1,12,0,0.5,-0.13949,180,0,1,203632
0,15,-1,0.5,-0.137465,180,0,1,203647
0,14,0,0.5,-0.135575,180,0,1,203664
0,13,-1,0.5,-0.13382,180,0,1,203683
-1,14,-1,0.5,-0.13193,180,0,0,203699
0,14,-1,0.5,-0.13004,180,0,0,203715
0,15,-1,0.5,-0.128015,180,0,0,203732
0,14,-1,0.5,-0.126125,180,0,0,203748
-1,13,-1,0.5,-0.12437,180,0,1,203764
0,14,-1,0.5,-0.12248,180,0,1,203781
0,12,-1,0.5,-0.12086,180,0,1,203797
-1,11,-1,0.5,-0.119375,180,0,0,203817
0,9,-2,0.5,-0.11816,180,0,0,203833
0,7,0,0.5,-0.117215,180,0,0,203847
-1,10,-1,0.5,-0.115865,180,0,0,203866
0,4,0,0.5,-0.115325,180,0,0,203881
0,5,0,0.5,-0.11465,180,0,1,203897
0,5,0,0.5,-0.113975,180,0,1,203914
-2,4,-1,0.5,-0.113435,180,0,1,203932
2,3,-1,0.5,-0.11303,180,0,1,203948
0,1,-4,0.5,-0.112895,180,0,0,203967
-3,0,-4,0.5,-0.112895,180,0,0,203981
-1,-1,-2,0.5,-0.11303,180,0,0,203998
-2,1,-1,0.5,-0.112895,180,0,0,204018
0,2,-1,0.5,-0.112625,180,0,1,204031
0,5,-1,0.5,-0.11195,180,0,1,204047
2,6,-1,0.5,-0.11114,180,0,1,204065
0,5,-1,0.5,-0.110465,180,0,0,204081
0,4,-1,0.5,-0.109925,180,0,0,204098
0,2,0,0.5,-0.109655,180,0,0,204115
0,0,0,0.5,-0.109655,180,0,0,204131
0,0,0,0.5,-0.109655,180,0,0,204148
0,-6,0,0.5,-0.110465,180,0,0,204168
-2,-17,0,0.5,-0.11276,180,0,0,204186
0,0,0,0.5,-0.11276,180,0,0,204199
0,-10,0,0.5,-0.11411,180,0,1,204216
-1,-10,0,0.5,-0.11546,180,0,0,204231
0,-10,0,0.5,-0.11681,180,0,0,204247
0,-9,0,0.5,-0.118025,180,0,0,204264
1,-18,-2,0.5,-0.120455,180,0,0,204281
0,-4,-1,0.5,-0.120995,180,0,0,204297
0,0,-2,0.5,-0.120995,180,0,0,204314
-1,4,-3,0.5,-0.120455,180,0,0,204335
0,9,-4,0.5,-0.11924,180,0,0,204350
0,15,-4,0.5,-0.117215,180,0,0,204365
-4,17,-3,0.5,-0.11492,180,0,0,204382
0,21,-3,0.5,-0.112085,180,0,0,204398
0,23,-2,0.5,-0.10898,180,0,0,204415
-1,27,-4,0.5,-0.105335,180,0,0,204432
0,28,-3,0.5,-0.101555,180,0,0,204448
-2,29,-4,0.5,-0.09764,180,0,0,204465
0,29,-5,0.5,-0.093725,180,0,0,204482
0,28,-7,0.5,-0.089945,180,0,0,204499
0,28,-10,0.5,-0.086165,180,0,0,204516
0,31,-13,0.5,-0.08198,180,0,0,204535
1,34,-11,0.5,-0.07739,180,0,0,204554
0,34,-13,0.5,-0.0728,180,0,0,204567
0,39,-15,0.5,-0.067535,180,0,0,204584
0,34,-16,0.5,-0.062945,180,0,0,204603
0,29,-17,0.5,-0.05903,180,0,0,204620
1,28,-18,0.5,-0.05525,180,0,0,204637
-1,25,-18,0.5,-0.051875,180,0,0,204655
0,56,-29,0.5,-0.044315,180,0,0,204679
-4,30,-14,0.5,-0.040265,180,0,0,204690
-1,31,-12,0.5,-0.03608,180,0,0,204704
0,32,-11,0.5,-0.03176,180,0,0,204718
0,31,-11,0.5,-0.027575,180,0,0,204735
0,30,-11,0.5,-0.023525,180,0,0,204750
0,23,-11,0.5,-0.02042,180,0,0,204769
-2,19,-11,0.5,-0.017855,180,0,0,204784
0,11,-10,0.5,-0.01637,180,0,0,204799
3,9,-10,0.5,-0.015155,180,0,0,204819
0,4,-10,0.5,-0.014615,180,0,0,204833
0,-3,-8,0.5,-0.01502,180,0,0,204850
-1,-6,-7,0.5,-0.01583,180,0,0,204868
-4,-9,-7,0.5,-0.017045,180,0,0,204885
0,-9,-4,0.5,-0.01826,180,0,0,204898
0,-13,-3,0.5,-0.020015,180,0,0,204917
6,-10,0,0.5,-0.021365,180,0,0,204930
2,-8,-1,0.5,-0.022445,180,0,0,204948
2,-8,1,0.5,-0.023525,180,0,1,204965
0,-4,0,0.5,-0.024065,180,0,1,204981
0,-2,0,0.5,-0.024335,180,0,1,204997
0,1,-1,0.5,-0.0242,180,0,1,205014
-2,4,-2,0.5,-0.02366,180,0,1,205031
0,8,-4,0.5,-0.02258,180,0,1,205050
0,13,-3,0.5,-0.020825,180,0,1,205064
-1,38,-9,0.5,-0.015695,180,0,0,205083
0,24,-4,0.5,-0.012455,180,0,0,205098
-1,27,-4,0.5,-0.00881,180,0,0,205121
3,30,-3,0.5,-0.00476,180,0,0,205138
1,29,-1,0.5,-0.000845,180,0,0,205149
0,35,-2,0.5,0.00388,180,0,0,205164
0,34,-2,0.5,0.00847,180,0,0,205181
0,34,-3,0.5,0.01306,180,0,0,205199
0,28,-4,0.5,0.01684,180,0,0,205215
-1,18,-3,0.5,0.01927,180,0,0,205234
0,10,-2,0.5,0.02062,180,0,0,205250
1,1,1,0.5,0.020755,180,0,0,205264
0,2,5,0.5,0.021025,180,0,0,205282
0,4,5,0.5,0.021565,180,0,0,205298
0,13,4,0.5,0.02332,180,0,0,205315
0,22,7,0.5,0.02629,180,0,0,205332
0,34,10,0.5,0.03088,180,0,0,205349
0,39,11,0.5,0.036145,180,0,0,205366
0,42,12,0.5,0.041815,180,0,0,205383
-1,42,11,0.5,0.047485,180,0,0,205402
0,40,11,0.5,0.052885,180,0,0,205420
0,34,11,0.5,0.057475,180,0,0,205434
-1,27,10,0.5,0.06112,180,0,0,205451
1,36,13,0.5,0.06598,180,0,0,205467
0,16,13,0.5,0.06814,180,0,0,205484
0,19,14,0.5,0.070705,180,0,0,205502
0,21,11,0.5,0.07354,180,0,0,205519
0,24,15,0.5,0.07678,180,0,0,205535
-1,25,16,0.5,0.080155,180,0,0,205552
0,22,17,0.5,0.083125,180,0,0,205567
0,19,16,0.5,0.08569,180,0,0,205585
-1,12,11,0.5,0.08731,180,0,0,205601
-3,5,10,0.5,0.087985,180,0,0,205617
4,2,13,0.5,0.088255,180,0,0,205634
0,0,10,0.5,0.088255,180,0,0,205651
0,-1,9,0.5,0.08812,180,0,0,205666
-4,2,7,0.5,0.08839,180,0,0,205683
1,11,6,0.5,0.089875,180,0,0,205700
-2,21,8,0.5,0.09271,180,0,0,205716
1,28,9,0.5,0.09649,180,0,0,205736
0,33,10,0.5,0.100945,180,0,0,205750
-1,31,11,0.5,0.10513,180,0,0,205769
0,27,12,0.5,0.108775,180,0,0,205785
0,23,13,0.5,0.11188,180,0,0,205802
0,45,31,0.5,0.117955,180,0,0,205830
-2,22,14,0.5,0.120925,180,0,0,205841
0,0,0,0.5,0.120925,180,0,0,205847
2,46,15,0.5,0.127135,180,0,0,205869
0,23,17,0.5,0.13024,180,0,0,205885
0,21,13,0.5,0.133075,180,0,0,205900
-1,19,7,0.5,0.13564,180,0,0,205918
0,17,7,0.5,0.137935,180,0,0,205934
0,17,7,0.5,0.14023,180,0,0,205949
0,18,7,0.5,0.14266,180,0,0,205967
0,17,8,0.5,0.144955,180,0,0,205983
0,14,7,0.5,0.146845,180,0,0,206001
0,12,6,0.5,0.148465,180,0,0,206017
-3,12,5,0.5,0.150085,180,0,0,206032
0,14,4,0.5,0.151975,180,0,0,206048
0,13,4,0.5,0.15373,180,0,1,206066
-1,11,3,0.5,0.155215,180,0,1,206082
0,9,3,0.5,0.15643,180,0,1,206099
0,6,4,0.5,0.15724,180,0,0,206115
-2,2,4,0.5,0.15751,180,0,0,206132
3,3,4,0.5,0.157915,180,0,0,206148
0,7,3,0.5,0.15886,180,0,0,206165
0,12,3,0.5,0.16048,180,0,0,206181
-2,19,3,0.5,0.163045,180,0,0,206200
0,24,2,0.5,0.166285,180,0,0,206215
0,27,2,0.5,0.16993,180,0,0,206233
-1,30,1,0.5,0.17398,180,0,0,206250
0,34,2,0.5,0.17857,180,0,0,206265
-2,76,6,0.5,0.18883,180,0,0,206284
0,42,4,0.5,0.1945,180,0,0,206306
1,44,7,0.5,0.20044,180,0,0,206319
-1,42,7,0.5,0.20611,180,0,0,206332
0,37,7,0.5,0.211105,180,0,0,206349
1,29,6,0.5,0.21502,180,0,0,206365
-1,28,4,0.5,0.2188,180,0,0,206383
-1,23,3,0.5,0.221905,180,0,0,206400
0,20,3,0.5,0.224605,180,0,0,206415
-1,14,2,0.5,0.226495,180,0,0,206432
-1,12,3,0.5,0.228115,180,0,0,206449
0,14,4,0.5,0.230005,180,0,0,206465
5,16,7,0.5,0.232165,180,0,0,206482
1,22,5,0.5,0.235135,180,0,0,206498
-1,26,7,0.5,0.238645,180,0,0,206515
2,36,9,0.5,0.243505,180,0,0,206532
0,38,10,0.5,0.248635,180,0,0,206551
0,44,10,0.5,0.254575,180,0,0,206566
-1,48,10,0.5,0.261055,180,0,0,206583
-3,44,6,0.5,0.266995,180,0,0,206599
3,38,9,0.5,0.272125,180,0,0,206618
-2,30,4,0.5,0.276175,180,0,0,206632
-1,26,4,0.5,0.279685,180,0,0,206649
3,21,5,0.5,0.28252,180,0,0,206665
-4,35,9,0.5,0.287245,180,0,0,206686
0,21,5,0.5,0.29008,180,0,0,206699
0,24,7,0.5,0.29332,180,0,0,206716
-2,29,7,0.5,0.297235,180,0,0,206736
0,34,8,0.5,0.301825,180,0,0,206755
0,39,10,0.5,0.30709,180,0,0,206768
0,41,11,0.5,0.312625,180,0,0,206785
0,43,12,0.5,0.31843,180,0,0,206801
0,44,11,0.5,0.32437,180,0,0,206818
0,37,9,0.5,0.329365,180,0,0,206833
-1,32,7,0.5,0.333685,180,0,0,206849
0,27,6,0.5,0.33733,180,0,0,206866
1,20,6,0.5,0.34003,180,0,0,206883
-1,14,5,0.5,0.34192,180,0,0,206899
-2,12,4,0.5,0.34354,180,0,0,206915
0,10,4,0.5,0.34489,180,0,0,206932
0,10,4,0.5,0.34624,180,0,0,206948
1,9,6,0.5,0.347455,180,0,0,206966
-1,10,6,0.5,0.348805,180,0,0,206983
0,10,7,0.5,0.350155,180,0,0,207001
0,10,8,0.5,0.351505,180,0,0,207018
0,6,9,0.5,0.352315,180,0,0,207034
0,2,9,0.5,0.352585,180,0,0,207052
-2,-13,21,0.5,0.35083,180,0,0,207072
0,0,0,0.5,0.35083,180,0,0,207081
0,-13,18,0.5,0.349075,180,0,0,207104
0,-5,8,0.5,0.3484,180,0,0,207116
0,-2,8,0.5,0.34813,180,0,0,207134
0,-1,6,0.5,0.347995,180,0,0,207150
-1,0,4,0.5,0.347995,180,0,0,207167
0,0,3,0.5,0.347995,180,0,0,207182
0,-4,3,0.5,0.347455,180,0,0,207199
-1,-11,2,0.5,0.34597,180,0,0,207217
0,-14,2,0.5,0.34408,180,0,0,207232
0,-17,2,0.5,0.341785,180,0,0,207247
-1,-16,2,0.5,0.339625,180,0,0,207266
0,-16,2,0.5,0.337465,180,0,0,207281
-1,-14,2,0.5,0.335575,180,0,0,207298
0,-12,2,0.5,0.333955,180,0,0,207315
-1,-9,1,0.5,0.33274,180,0,0,207331
0,-5,4,0.5,0.332065,180,0,0,207348
-1,-3,4,0.5,0.33166,180,0,0,207365
-1,-2,4,0.5,0.33139,180,0,0,207386
0,0,5,0.5,0.33139,180,0,0,207398
-1,3,5,0.5,0.331795,180,0,0,207415
-1,3,5,0.5,0.3322,180,0,0,207432
0,5,4,0.5,0.332875,180,0,0,207449
-3,5,2,0.5,0.33355,180,0,0,207464
-9,5,0,0.5,0.334225,180,0,0,207481
0,21,4,0.5,0.33706,180,0,0,207499
0,0,0,0.5,0.33706,180,0,0,207516
-1,40,-1,0.5,0.34246,180,0,0,207531
0,23,-2,0.5,0.345565,180,0,0,207548
0,23,-3,0.5,0.34867,180,0,0,207564
0,18,-4,0.5,0.3511,180,0,0,207582
-2,7,-3,0.5,0.352045,180,0,0,207602
0,3,-3,0.5,0.35245,180,0,0,207618
2,-1,-1,0.5,0.352315,180,0,0,207631
0,-10,-2,0.5,0.350965,180,0,0,207649
-1,-14,-2,0.5,0.349075,180,0,0,207665
0,-19,-3,0.5,0.34651,180,0,0,207682
0,-21,0,0.5,0.343675,180,0,0,207697
0,-20,0,0.5,0.340975,180,0,0,207714
0,-15,0,0.5,0.33895,180,0,0,207730
0,-10,0,0.5,0.3376,180,0,0,207748
0,-5,-1,0.5,0.336925,180,0,0,207764
-3,-2,-1,0.5,0.336655,180,0,0,207781
-2,1,-2,0.5,0.33679,180,0,0,207800
0,5,0,0.5,0.337465,180,0,0,207814
-1,7,0,0.5,0.33841,180,0,0,207831
1,9,0,0.5,0.339625,180,0,0,207849
0,13,0,0.5,0.34138,180,0,0,207863
-1,35,-2,0.5,0.346105,180,0,0,207883
-2,21,-2,0.5,0.34894,180,0,0,207899
-2,24,-3,0.5,0.35218,180,0,1,207914
1,24,-3,0.5,0.35542,180,0,0,207931
0,22,-3,0.5,0.35839,180,0,0,207951
0,22,-3,0.5,0.36136,180,0,0,207965
-1,21,-2,0.5,0.364195,180,0,0,207982
0,22,-2,0.5,0.367165,180,0,0,208003
0,24,-3,0.5,0.370405,180,0,0,208015
-2,23,-7,0.5,0.37351,180,0,0,208043
-2,25,-8,0.5,0.376885,180,0,0,208055
5,26,-5,0.5,0.380395,180,0,0,208067
1,26,-9,0.5,0.383905,180,0,0,208082
0,28,-9,0.5,0.387685,180,0,0,208099
0,26,-9,0.5,0.391195,180,0,0,208117
0,20,-8,0.5,0.393895,180,0,0,208132
2,16,-6,0.5,0.396055,180,0,0,208151
1,10,-4,0.5,0.397405,180,0,0,208164
0,7,-3,0.5,0.39835,180,0,0,208182
-1,2,-2,0.5,0.39862,180,0,0,208199
0,-3,-1,0.5,0.398215,180,0,0,208215
0,-5,0,0.5,0.39754,180,0,0,208231
0,-7,0,0.5,0.396595,180,0,0,208247
0,-7,1,0.5,0.39565,180,0,0,208264
0,-7,1,0.5,0.394705,180,0,0,208281
4,-12,1,0.5,0.393085,180,0,0,208299
-1,-2,-2,0.5,0.392815,180,0,0,208320
0,8,-2,0.5,0.393895,180,0,0,208334
0,16,-1,0.5,0.396055,180,0,0,208349
-1,23,0,0.5,0.39916,180,0,0,208364
1,31,0,0.5,0.403345,180,0,0,208381
1,32,-1,0.5,0.407665,180,0,0,208397
0,36,0,0.5,0.412525,180,0,0,208414
-1,38,0,0.5,0.417655,180,0,0,208432
0,37,0,0.5,0.42265,180,0,0,208448
0,38,-1,0.5,0.42778,180,0,0,208464
0,40,-1,0.5,0.43318,180,0,0,208481
-2,40,-2,0.5,0.43858,180,0,0,208499
0,42,-4,0.5,0.44425,180,0,0,208515
0,45,-6,0.5,0.450325,180,0,0,208533
0,45,-8,0.5,0.4564,180,0,0,208549
0,42,-9,0.5,0.46207,180,0,0,208572
1,37,-7,0.5,0.467065,180,0,0,208584
0,34,-8,0.5,0.471655,180,0,0,208601
-1,30,-6,0.5,0.475705,180,0,0,208615
1,30,-5,0.5,0.479755,180,0,0,208632
0,32,-6,0.5,0.484075,180,0,0,208652
-3,34,-6,0.5,0.488665,180,0,0,208666
-1,76,-12,0.5,0.498925,180,0,0,208688
0,0,0,0.5,0.498925,180,0,0,208697
0,86,-12,0.5,0.510535,180,0,0,208719
0,46,-6,0.5,0.516745,180,0,0,208734
0,42,-7,0.5,0.522415,180,0,0,208751
0,38,-6,0.5,0.527545,180,0,0,208765
0,33,-5,0.5,0.532,180,0,0,208782
0,29,-5,0.5,0.535915,180,0,0,208800
0,22,-6,0.5,0.538885,180,0,0,208815
0,16,-5,0.5,0.541045,180,0,0,208832
0,4,-5,0.5,0.541585,180,0,0,208851
0,-1,-3,0.5,0.54145,180,0,0,208866
-1,-8,-2,0.5,0.54037,180,0,0,208882
0,-11,-1,0.5,0.538885,180,0,0,208904
-1,-12,0,0.5,0.537265,180,0,0,208914
0,-12,0,0.5,0.535645,180,0,0,208930
0,-7,-2,0.5,0.5347,180,0,0,208949
3,-2,2,0.5,0.53443,180,0,0,208964
1,4,0,0.5,0.53497,180,0,0,208980
0,9,0,0.5,0.536185,180,0,0,208997
0,10,0,0.5,0.537535,180,0,0,209015
0,13,2,0.5,0.53929,180,0,0,209031
-1,14,2,0.5,0.54118,180,0,0,209049
1,16,3,0.5,0.54334,180,0,0,209066
0,19,5,0.5,0.545905,180,0,0,209082
-1,44,11,0.5,0.551845,180,0,0,209101
0,31,6,0.5,0.55603,180,0,0,209117
0,31,5,0.5,0.560215,180,0,0,209132
0,30,4,0.5,0.564265,180,0,0,209149
-1,29,3,0.5,0.56818,180,0,0,209165
0,28,2,0.5,0.57196,180,0,0,209181
1,29,5,0.5,0.575875,180,0,0,209199
0,28,5,0.5,0.579655,180,0,0,209218
0,27,6,0.5,0.5833,180,0,0,209232
-1,24,7,0.5,0.58654,180,0,0,209249
0,15,5,0.5,0.588565,180,0,0,209268
-1,5,2,0.5,0.58924,180,0,0,209282
0,-3,1,0.5,0.588835,180,0,0,209298
0,-11,0,0.5,0.58735,180,0,0,209314
-1,-13,0,0.5,0.585595,180,0,0,209331
0,-13,0,0.5,0.58384,180,0,0,209348
0,-9,0,0.5,0.582625,180,0,0,209364
0,-4,0,0.5,0.582085,180,0,0,209380
1,0,1,0.5,0.582085,180,0,0,209398
0,5,2,0.5,0.58276,180,0,0,209415
-1,7,4,0.5,0.583705,180,0,0,209431
0,10,6,0.5,0.585055,180,0,0,209449
0,14,6,0.5,0.586945,180,0,0,209466
0,15,6,0.5,0.58897,180,0,0,209482
-1,34,11,0.5,0.59356,180,0,0,209503
1,17,6,0.5,0.595855,180,0,0,209517
0,13,8,0.5,0.59761,180,0,0,209532
0,4,5,0.5,0.59815,180,0,0,209549
1,2,3,0.5,0.59842,180,0,0,209565
0,2,3,0.5,0.59869,180,0,0,209581
0,3,2,0.5,0.599095,180,0,0,209598
0,6,2,0.5,0.599905,180,0,0,209615
0,9,1,0.5,0.60112,180,0,0,209630
-1,13,0,0.5,0.602875,180,0,0,209649
0,10,0,0.5,0.604225,180,0,0,209665
0,6,-1,0.5,0.605035,180,0,0,209682
-1,1,-1,0.5,0.60517,180,0,0,209700
0,-4,-1,0.5,0.60463,180,0,0,209716
0,-9,-1,0.5,0.603415,180,0,0,209730
0,-10,-1,0.5,0.602065,180,0,0,209747
0,-10,0,0.5,0.600715,180,0,0,209764
0,-8,-2,0.5,0.599635,180,0,0,209781
-6,-6,-4,0.5,0.598825,180,0,0,209800
-1,-3,0,0.5,0.59842,180,0,0,209817
-1,-2,1,0.5,0.59815,180,0,0,209831
0,-1,3,0.5,0.598015,180,0,0,209848
-1,6,10,0.5,0.598825,180,0,0,209870
0,0,0,0.5,0.598825,180,0,0,209880
0,10,16,0.5,0.600175,180,0,0,209902
0,9,9,0.5,0.60139,180,0,0,209917
0,14,11,0.5,0.60328,180,0,0,209935
0,15,11,0.5,0.605305,180,0,0,209951
-1,16,12,0.5,0.607465,180,0,0,209972
3,13,11,0.5,0.60922,180,0,0,209985
0,14,12,0.5,0.61111,180,0,0,210000
0,14,11,0.5,0.613,180,0,0,210024
0,18,11,0.5,0.61543,180,0,0,210035
0,19,10,0.5,0.617995,180,0,0,210049
0,21,8,0.5,0.62083,180,0,0,210066
0,21,7,0.5,0.623665,180,0,0,210082
-1,14,5,0.5,0.625555,180,0,0,210099
0,6,3,0.5,0.626365,180,0,0,210115
0,1,0,0.5,0.6265,180,0,0,210131
-2,-10,-2,0.5,0.62515,180,0,0,210150
-1,-13,-3,0.5,0.623395,180,0,0,210165
1,-15,-4,0.5,0.62137,180,0,0,210186
0,-17,-6,0.5,0.619075,180,0,0,210198
-4,-13,-7,0.5,0.61732,180,0,0,210215
0,-10,-5,0.5,0.61597,180,0,0,210231
0,-5,-3,0.5,0.615295,180,0,0,210249
-2,-1,-2,0.5,0.61516,180,0,0,210266
0,0,0,0.5,0.61516,180,0,0,210280
-1,11,7,0.5,0.616645,180,0,0,210302
0,5,5,0.5,0.61732,180,0,0,210316
0,5,6,0.5,0.617995,180,0,0,210332
0,3,6,0.5,0.6184,180,0,0,210351
0,4,5,0.5,0.61894,180,0,0,210365
0,3,4,0.5,0.619345,180,0,0,210382
0,3,3,0.5,0.61975,180,0,0,210398
-1,3,2,0.5,0.620155,180,0,0,210415
0,5,2,0.5,0.62083,180,0,0,210432
0,6,0,0.5,0.62164,180,0,0,210449
-1,9,0,0.5,0.622855,180,0,0,210465
0,14,0,0.5,0.624745,180,0,0,210481
0,16,-1,0.5,0.626905,180,0,0,210498
0,20,-1,0.5,0.629605,180,0,0,210514
0,21,0,0.5,0.63244,180,0,0,210530
0,18,0,0.5,0.63487,180,0,0,210548
0,14,-1,0.5,0.63676,180,0,0,210564
0,9,-1,0.5,0.637975,180,0,0,210582
0,4,-3,0.5,0.638515,180,0,0,210599
0,1,-5,0.5,0.63865,180,0,0,210615
-1,0,-6,0.5,0.63865,180,0,0,210634
0,2,-5,0.5,0.63892,180,0,0,210651
0,5,-4,0.5,0.639595,180,0,0,210665
0,11,-2,0.5,0.64108,180,0,0,210681
0,33,-1,0.5,0.645535,180,0,0,210698
0,18,0,0.5,0.647965,180,0,0,210713
0,18,0,0.5,0.650395,180,0,0,210731
0,16,0,0.5,0.652555,180,0,0,210747
0,16,0,0.5,0.654715,180,0,0,210764
-1,17,-1,0.5,0.65701,180,0,0,210781
0,17,-1,0.5,0.659305,180,0,0,210798
0,19,-1,0.5,0.66187,180,0,0,210814
0,20,-1,0.5,0.66457,180,0,0,210832
0,21,0,0.5,0.667405,180,0,0,210847
0,23,0,0.5,0.67051,180,0,0,210864
0,28,0,0.5,0.67429,180,0,0,210880
0,32,0,0.5,0.67861,180,0,0,210897
0,35,0,0.5,0.683335,180,0,0,210914
0,37,0,0.5,0.68833,180,0,0,210931
-1,37,0,0.5,0.693325,180,0,0,210948
0,35,0,0.5,0.69805,180,0,0,210964
0,34,0,0.5,0.70264,180,0,0,210980
-1,31,0,0.5,0.706825,180,0,0,210998
0,29,-1,0.5,0.71,180,0,0,211014
