0,114,58,0.5,-0.69461,180,0,1,1417306
-3,13,12,0.5,-0.692855,180,0,1,1417318
-1,3,4,0.5,-0.69245,180,0,0,1417338
0,2,4,0.5,-0.69218,180,0,0,1417346
0,0,0,0.5,-0.69218,180,0,0,1417353
0,2,4,0.5,-0.69191,180,0,0,1417366
-1,-1,2,0.5,-0.692045,180,0,0,1417382
0,1,3,0.5,-0.69191,180,0,0,1417404
0,0,3,0.5,-0.69191,180,0,0,1417415
0,3,3,0.5,-0.691505,180,0,0,1417432
0,7,4,0.5,-0.69056,180,0,0,1417451
-1,4,6,0.5,-0.69002,180,0,0,1417471
0,0,0,0.5,-0.69002,180,0,0,1417482
0,6,6,0.5,-0.68921,180,0,0,1417500
0,3,2,0.5,-0.688805,180,0,0,1417515
0,4,3,0.5,-0.688265,180,0,0,1417532
-1,2,1,0.5,-0.687995,180,0,0,1417551
0,3,2,0.5,-0.68759,180,0,0,1417565
0,2,2,0.5,-0.68732,180,0,0,1417582
-1,3,3,0.5,-0.686915,180,0,0,1417601
0,3,2,0.5,-0.68651,180,0,0,1417617
0,1,2,0.5,-0.686375,180,0,0,1417632
0,4,2,0.5,-0.685835,180,0,0,1417649
0,2,1,0.5,-0.685565,180,0,0,1417666
0,2,2,0.5,-0.685295,180,0,0,1417682
0,2,2,0.5,-0.685025,180,0,0,1417699
-4,2,-1,0.5,-0.684755,180,0,0,1417715
0,2,2,0.5,-0.684485,180,0,0,1417732
0,4,2,0.5,-0.683945,180,0,0,1417749
0,2,1,0.5,-0.683675,180,0,0,1417765
0,2,2,0.5,-0.683405,180,0,0,1417782
-1,3,2,0.5,-0.683,180,0,0,1417800
0,7,5,0.5,-0.682055,180,0,0,1417820
0,0,0,0.5,-0.682055,180,0,0,1417833
0,3,2,0.5,-0.68165,180,0,0,1417849
3,8,5,0.5,-0.68057,180,0,0,1417866
0,0,0,0.5,-0.68057,180,0,0,1417881
-1,12,6,0.5,-0.67895,180,0,0,1417903
0,7,3,0.5,-0.678005,180,0,0,1417916
0,7,3,0.5,-0.67706,180,0,0,1417932
0,9,3,0.5,-0.675845,180,0,0,1417949
-1,9,4,0.5,-0.67463,180,0,0,1417967
0,7,3,0.5,-0.673685,180,0,0,1417983
-1,8,3,0.5,-0.672605,180,0,0,1417999
0,5,1,0.5,-0.67193,180,0,0,1418015
0,5,0,0.5,-0.671255,180,0,0,1418032
0,3,0,0.5,-0.67085,180,0,0,1418049
0,6,0,0.5,-0.67004,180,0,0,1418065
1,4,1,0.5,-0.6695,180,0,0,1418082
0,6,2,0.5,-0.66869,180,0,0,1418099
0,7,2,0.5,-0.667745,180,0,0,1418115
-4,10,2,0.5,-0.666395,180,0,0,1418132
-2,12,2,0.5,-0.664775,180,0,0,1418150
-2,17,1,0.5,-0.66248,180,0,0,1418167
2,22,6,0.5,-0.65951,180,0,0,1418183
1,22,2,0.5,-0.65654,180,0,0,1418198
-2,22,3,0.5,-0.65357,180,0,0,1418221
0,24,2,0.5,-0.65033,180,0,0,1418232
1,24,1,0.5,-0.64709,180,0,0,1418248
0,22,0,0.5,-0.64412,180,0,0,1418265
-4,26,0,0.5,-0.64061,180,0,0,1418281
0,28,1,0.5,-0.63683,180,0,0,1418300
0,30,2,0.5,-0.63278,180,0,0,1418315
0,33,0,0.5,-0.628325,180,0,0,1418331
-1,29,1,0.5,-0.62441,180,0,0,1418350
0,29,1,0.5,-0.620495,180,0,0,1418365
0,26,0,0.5,-0.616985,180,0,0,1418381
0,23,0,0.5,-0.61388,180,0,0,1418398
0,22,0,0.5,-0.61091,180,0,0,1418415
2,18,2,0.5,-0.60848,180,0,0,1418433
-3,15,0,0.5,-0.606455,180,0,0,1418450
2,12,0,0.5,-0.604835,180,0,0,1418465
-1,7,2,0.5,-0.60389,180,0,0,1418484
-1,8,0,0.5,-0.60281,180,0,0,1418500
0,8,2,0.5,-0.60173,180,0,0,1418515
0,7,2,0.5,-0.600785,180,0,0,1418532
0,7,4,0.5,-0.59984,180,0,0,1418553
0,7,3,0.5,-0.598895,180,0,0,1418566
0,5,2,0.5,-0.59822,180,0,0,1418582
-3,4,2,0.5,-0.59768,180,0,0,1418599
-1,2,3,0.5,-0.59741,180,0,0,1418616
0,1,5,0.5,-0.597275,180,0,0,1418634
0,0,0,0.5,-0.597275,180,0,0,1418649
0,2,5,0.5,-0.597005,180,0,0,1418666
0,-1,2,0.5,-0.59714,180,0,0,1418682
-6,2,-1,0.5,-0.59687,180,0,0,1418699
5,1,5,0.5,-0.596735,180,0,0,1418718
0,2,2,0.5,-0.596465,180,0,0,1418732
-6,3,-1,0.5,-0.59606,180,0,0,1418749
1,1,2,0.5,-0.595925,180,0,0,1418766
1,3,3,0.5,-0.59552,180,0,0,1418782
-1,3,1,0.5,-0.595115,180,0,0,1418800
1,2,3,0.5,-0.594845,180,0,0,1418816
-4,3,0,0.5,-0.59444,180,0,0,1418831
0,2,1,0.5,-0.59417,180,0,0,1418848
0,3,1,0.5,-0.593765,180,0,0,1418866
1,3,3,0.5,-0.59336,180,0,0,1418883
0,2,1,0.5,-0.59309,180,0,0,1418899
0,3,2,0.5,-0.592685,180,0,0,1418915
-1,3,1,0.5,-0.59228,180,0,0,1418933
0,4,1,0.5,-0.59174,180,0,0,1418950
0,3,1,0.5,-0.591335,180,0,0,1418965
0,3,2,0.5,-0.59093,180,0,0,1418985
-1,3,2,0.5,-0.590525,180,0,0,1418999
0,2,1,0.5,-0.590255,180,0,0,1419018
0,3,1,0.5,-0.58985,180,0,0,1419032
0,3,2,0.5,-0.589445,180,0,0,1419048
-3,5,1,0.5,-0.58877,180,0,0,1419067
0,3,1,0.5,-0.588365,180,0,0,1419083
-1,2,2,0.5,-0.588095,180,0,0,1419100
0,1,1,0.5,-0.58796,180,0,0,1419115
-1,0,0,0.5,-0.58796,180,0,0,1419132
2,3,2,0.5,-0.587555,180,0,0,1419149
0,1,0,0.5,-0.58742,180,0,0,1419165
0,1,1,0.5,-0.587285,180,0,0,1419184
0,1,0,0.5,-0.58715,180,0,0,1419198
0,2,1,0.5,-0.58688,180,0,0,1419216
0,3,2,0.5,-0.586475,180,0,0,1419232
-1,1,1,0.5,-0.58634,180,0,0,1419250
0,2,0,0.5,-0.58607,180,0,0,1419265
0,3,0,0.5,-0.585665,180,0,0,1419282
1,3,3,0.5,-0.58526,180,0,0,1419300
-3,3,0,0.5,-0.584855,180,0,0,1419315
0,3,0,0.5,-0.58445,180,0,0,1419331
-2,0,0,0.5,-0.58445,180,0,0,1419350
0,3,1,0.5,-0.584045,180,0,0,1419366
0,4,1,0.5,-0.583505,180,0,0,1419383
0,3,1,0.5,-0.5831,180,0,0,1419400
0,5,2,0.5,-0.582425,180,0,0,1419415
0,6,1,0.5,-0.581615,180,0,0,1419432
0,15,2,0.5,-0.57959,180,0,0,1419450
0,0,0,0.5,-0.57959,180,0,0,1419465
0,9,1,0.5,-0.578375,180,0,0,1419482
0,29,3,0.5,-0.57446,180,0,0,1419500
0,15,0,0.5,-0.572435,180,0,0,1419515
-3,13,-1,0.5,-0.57068,180,0,0,1419532
2,12,-2,0.5,-0.56906,180,0,0,1419550
-6,10,-7,0.5,-0.56771,180,0,0,1419567
-1,7,-6,0.5,-0.566765,180,0,0,1419585
0,11,-7,0.5,-0.56528,180,0,0,1419600
0,13,-8,0.5,-0.563525,180,0,0,1419617
-1,11,-7,0.5,-0.56204,180,0,0,1419635
-1,12,-7,0.5,-0.56042,180,0,0,1419651
0,10,-6,0.5,-0.55907,180,0,0,1419666
0,12,-5,0.5,-0.55745,180,0,0,1419685
0,11,-2,0.5,-0.555965,180,0,0,1419702
0,17,-1,0.5,-0.55367,180,0,0,1419716
0,21,-1,0.5,-0.550835,180,0,0,1419732
0,26,-1,0.5,-0.547325,180,0,0,1419749
-2,29,0,0.5,-0.54341,180,0,0,1419765
0,36,-1,0.5,-0.53855,180,0,0,1419782
0,35,-1,0.5,-0.533825,180,0,0,1419798
0,33,-1,0.5,-0.52937,180,0,0,1419815
0,28,-1,0.5,-0.52559,180,0,0,1419833
-2,35,4,0.5,-0.520865,180,0,0,1419851
0,17,4,0.5,-0.51857,180,0,0,1419867
0,17,4,0.5,-0.516275,180,0,0,1419887
0,22,4,0.5,-0.513305,180,0,0,1419899
-1,23,4,0.5,-0.5102,180,0,0,1419916
0,24,4,0.5,-0.50696,180,0,0,1419937
0,23,3,0.5,-0.503855,180,0,0,1419949
0,20,2,0.5,-0.501155,180,0,0,1419966
-1,16,3,0.5,-0.498995,180,0,0,1419985
0,14,3,0.5,-0.497105,180,0,0,1420000
0,11,2,0.5,-0.49562,180,0,0,1420016
0,9,2,0.5,-0.494405,180,0,0,1420034
0,5,2,0.5,-0.49373,180,0,0,1420049
0,6,2,0.5,-0.49292,180,0,0,1420065
0,5,1,0.5,-0.492245,180,0,0,1420082
0,8,2,0.5,-0.491165,180,0,0,1420099
0,8,1,0.5,-0.490085,180,0,0,1420117
0,9,2,0.5,-0.48887,180,0,0,1420136
0,9,0,0.5,-0.487655,180,0,0,1420148
-1,7,0,0.5,-0.48671,180,0,0,1420166
0,7,0,0.5,-0.485765,180,0,0,1420181
0,5,0,0.5,-0.48509,180,0,0,1420198
0,13,4,0.5,-0.483335,180,0,0,1420217
0,0,0,0.5,-0.483335,180,0,0,1420231
-1,23,7,0.5,-0.48023,180,0,0,1420250
0,13,8,0.5,-0.478475,180,0,0,1420267
-2,17,6,0.5,-0.47618,180,0,0,1420284
0,18,7,0.5,-0.47375,180,0,0,1420300
0,19,8,0.5,-0.471185,180,0,0,1420318
2,22,9,0.5,-0.468215,180,0,0,1420334
0,23,8,0.5,-0.46511,180,0,0,1420352
0,24,8,0.5,-0.46187,180,0,0,1420367
-2,24,7,0.5,-0.45863,180,0,0,1420383
-1,26,7,0.5,-0.45512,180,0,0,1420400
0,26,6,0.5,-0.45161,180,0,0,1420417
0,26,6,0.5,-0.4481,180,0,0,1420433
0,23,5,0.5,-0.444995,180,0,0,1420454
-1,20,4,0.5,-0.442295,180,0,0,1420467
0,17,6,0.5,-0.44,180,0,0,1420483
-1,15,6,0.5,-0.437975,180,0,0,1420500
0,13,5,0.5,-0.43622,180,0,0,1420520
0,15,6,0.5,-0.434195,180,0,0,1420536
0,18,5,0.5,-0.431765,180,0,0,1420549
0,19,5,0.5,-0.4292,180,0,0,1420566
0,20,5,0.5,-0.4265,180,0,0,1420583
0,23,6,0.5,-0.423395,180,0,0,1420602
-5,25,4,0.5,-0.42002,180,0,0,1420620
0,0,0,0.5,-0.42002,180,0,0,1420631
2,9,0,0.5,-0.418805,180,0,0,1420648
0,27,0,0.5,-0.41516,180,0,0,1420666
-1,27,0,0.5,-0.411515,180,0,0,1420682
0,21,0,0.5,-0.40868,180,0,0,1420698
1,17,0,0.5,-0.406385,180,0,0,1420715
0,15,2,0.5,-0.40436,180,0,0,1420732
0,17,4,0.5,-0.402065,180,0,0,1420749
0,16,6,0.5,-0.399905,180,0,0,1420766
-1,16,9,0.5,-0.397745,180,0,0,1420786
0,15,9,0.5,-0.39572,180,0,0,1420801
0,20,10,0.5,-0.39302,180,0,0,1420817
0,29,10,0.5,-0.389105,180,0,0,1420836
-1,19,3,0.5,-0.38654,180,0,0,1420849
0,41,8,0.5,-0.381005,180,0,0,1420866
-1,46,4,0.5,-0.374795,180,0,0,1420882
-1,50,6,0.5,-0.368045,180,0,0,1420901
1,55,4,0.5,-0.36062,180,0,0,1420917
0,57,5,0.5,-0.352925,180,0,0,1420936
0,57,6,0.5,-0.34523,180,0,0,1420951
0,55,6,0.5,-0.337805,180,0,0,1420966
0,52,7,0.5,-0.330785,180,0,0,1420984
0,49,6,0.5,-0.32417,180,0,0,1421000
0,44,6,0.5,-0.31823,180,0,0,1421016
0,37,6,0.5,-0.313235,180,0,0,1421032
0,30,6,0.5,-0.309185,180,0,0,1421049
-3,54,13,0.5,-0.301895,180,0,0,1421069
0,26,7,0.5,-0.298385,180,0,0,1421087
0,26,6,0.5,-0.294875,180,0,0,1421100
0,28,6,0.5,-0.291095,180,0,0,1421118
-1,26,5,0.5,-0.287585,180,0,0,1421133
0,29,4,0.5,-0.28367,180,0,0,1421151
0,28,3,0.5,-0.27989,180,0,0,1421168
-1,25,2,0.5,-0.276515,180,0,0,1421183
0,26,1,0.5,-0.273005,180,0,0,1421199
0,21,1,0.5,-0.27017,180,0,0,1421216
0,17,0,0.5,-0.267875,180,0,0,1421231
0,16,0,0.5,-0.265715,180,0,0,1421248
4,15,0,0.5,-0.26369,180,0,0,1421265
0,13,-3,0.5,-0.261935,180,0,0,1421282
-1,15,-5,0.5,-0.25991,180,0,0,1421301
0,18,-4,0.5,-0.25748,180,0,0,1421316
0,22,-3,0.5,-0.25451,180,0,0,1421332
1,26,-3,0.5,-0.251,180,0,0,1421349
-1,29,-1,0.5,-0.247085,180,0,0,1421365
-1,28,-1,0.5,-0.243305,180,0,0,1421382
-1,25,0,0.5,-0.23993,180,0,0,1421398
0,22,0,0.5,-0.23696,180,0,0,1421415
0,20,2,0.5,-0.23426,180,0,0,1421432
0,17,2,0.5,-0.231965,180,0,0,1421450
-2,29,4,0.5,-0.22805,180,0,0,1421467
0,18,4,0.5,-0.22562,180,0,0,1421482
0,15,4,0.5,-0.223595,180,0,0,1421499
0,15,6,0.5,-0.22157,180,0,0,1421517
0,15,6,0.5,-0.219545,180,0,0,1421533
-1,15,5,0.5,-0.21752,180,0,0,1421549
0,15,5,0.5,-0.215495,180,0,0,1421566
-1,10,6,0.5,-0.214145,180,0,0,1421585
-1,10,7,0.5,-0.212795,180,0,0,1421603
0,6,5,0.5,-0.211985,180,0,0,1421616
-2,6,6,0.5,-0.211175,180,0,0,1421635
-9,3,0,0.5,-0.21077,180,0,0,1421650
0,1,3,0.5,-0.210635,180,0,0,1421666
2,0,5,0.5,-0.210635,180,0,0,1421684
2,1,4,0.5,-0.2105,180,0,0,1421699
-1,-1,3,0.5,-0.210635,180,0,0,1421719
0,-1,3,0.5,-0.21077,180,0,0,1421733
0,0,2,0.5,-0.21077,180,0,0,1421749
-1,2,4,0.5,-0.2105,180,0,0,1421765
0,3,5,0.5,-0.210095,180,0,0,1421783
0,5,4,0.5,-0.20942,180,0,0,1421801
-3,7,5,0.5,-0.208475,180,0,0,1421816
0,5,4,0.5,-0.2078,180,0,0,1421833
0,7,6,0.5,-0.206855,180,0,0,1421850
3,11,11,0.5,-0.20537,180,0,0,1421867
0,3,5,0.5,-0.204965,180,0,0,1421887
0,6,6,0.5,-0.204155,180,0,0,1421899
0,5,5,0.5,-0.20348,180,0,0,1421916
0,3,4,0.5,-0.203075,180,0,0,1421932
-6,6,3,0.5,-0.202265,180,0,0,1421951
-4,8,4,0.5,-0.201185,180,0,0,1421967
0,8,5,0.5,-0.200105,180,0,0,1421983
0,11,7,0.5,-0.19862,180,0,0,1422000
-1,10,7,0.5,-0.19727,180,0,0,1422017
0,9,6,0.5,-0.196055,180,0,0,1422033
0,10,6,0.5,-0.194705,180,0,0,1422049
1,9,6,0.5,-0.19349,180,0,0,1422067
-3,7,4,0.5,-0.192545,180,0,0,1422083
0,6,3,0.5,-0.191735,180,0,0,1422099
0,5,2,0.5,-0.19106,180,0,0,1422115
-1,7,3,0.5,-0.190115,180,0,0,1422132
3,5,4,0.5,-0.18944,180,0,0,1422150
0,6,2,0.5,-0.18863,180,0,0,1422165
0,6,3,0.5,-0.18782,180,0,0,1422182
0,6,2,0.5,-0.18701,180,0,0,1422198
-1,3,2,0.5,-0.186605,180,0,0,1422217
0,2,4,0.5,-0.186335,180,0,0,1422236
0,1,10,0.5,-0.1862,180,0,0,1422253
0,1,5,0.5,-0.186065,180,0,0,1422267
0,2,4,0.5,-0.185795,180,0,0,1422286
0,1,3,0.5,-0.18566,180,0,0,1422299
0,0,3,0.5,-0.18566,180,0,0,1422315
-4,1,4,0.5,-0.185525,180,0,0,1422333
0,6,3,0.5,-0.184715,180,0,0,1422349
0,10,1,0.5,-0.183365,180,0,0,1422365
0,11,0,0.5,-0.18188,180,0,0,1422381
0,10,-1,0.5,-0.18053,180,0,0,1422398
0,12,0,0.5,-0.17891,180,0,0,1422415
0,12,1,0.5,-0.17729,180,0,0,1422432
0,10,3,0.5,-0.17594,180,0,0,1422449
0,10,3,0.5,-0.17459,180,1,1,1422467
0,11,4,0.5,-0.173105,180,1,1,1422484
-1,9,3,0.5,-0.17189,180,1,1,1422499
0,10,4,0.5,-0.17054,180,0,0,1422517
0,11,5,0.5,-0.169055,180,0,0,1422534
0,8,5,0.5,-0.167975,180,0,0,1422553
-1,6,5,0.5,-0.167165,180,0,0,1422567
0,4,5,0.5,-0.166625,180,0,0,1422586
0,2,5,0.5,-0.166355,180,0,0,1422600
0,3,4,0.5,-0.16595,180,0,0,1422618
0,3,5,0.5,-0.165545,180,0,1,1422636
-1,11,12,0.5,-0.16406,180,0,1,1422657
-1,9,7,0.5,-0.162845,180,0,1,1422667
0,10,8,0.5,-0.161495,180,0,1,1422686
0,9,7,0.5,-0.16028,180,0,1,1422699
0,6,8,0.5,-0.15947,180,0,1,1422717
0,3,9,0.5,-0.159065,180,0,1,1422734
0,-2,10,0.5,-0.159335,180,0,0,1422753
-2,-3,13,0.5,-0.15974,180,0,0,1422772
0,-3,12,0.5,-0.160145,180,0,1,1422791
-5,-7,23,0.5,-0.16109,180,0,1,1422824
3,-1,14,0.5,-0.161225,180,0,1,1422841
-1,3,12,0.5,-0.16082,180,0,0,1422853
-1,8,12,0.5,-0.15974,180,0,0,1422862
0,0,0,0.5,-0.15974,180,0,0,1422870
3,13,14,0.5,-0.157985,180,0,1,1422891
-1,16,12,0.5,-0.155825,180,0,1,1422907
0,17,11,0.5,-0.15353,180,0,1,1422926
-4,37,22,0.5,-0.148535,180,0,1,1422943
0,0,0,0.5,-0.148535,180,0,1,1422953
0,45,23,0.5,-0.14246,180,0,0,1422976
0,26,13,0.5,-0.13895,180,0,0,1422992
-1,23,14,0.5,-0.135845,180,0,0,1423007
0,22,13,0.5,-0.132875,180,0,1,1423024
-3,13,7,0.5,-0.13112,180,0,1,1423037
-2,21,14,0.5,-0.128285,180,0,1,1423056
1,22,15,0.5,-0.125315,180,0,1,1423074
0,21,13,0.5,-0.12248,180,0,0,1423095
0,20,13,0.5,-0.11978,180,0,0,1423105
0,20,12,0.5,-0.11708,180,0,0,1423122
-1,18,11,0.5,-0.11465,180,0,1,1423140
0,16,13,0.5,-0.11249,180,0,1,1423156
0,16,13,0.5,-0.11033,180,0,1,1423174
0,12,10,0.5,-0.10871,180,0,1,1423188
-1,14,12,0.5,-0.10682,180,0,0,1423209
0,14,12,0.5,-0.10493,180,0,0,1423223
0,15,11,0.5,-0.102905,180,0,0,1423238
0,13,10,0.5,-0.10115,180,0,0,1423255
-2,20,19,0.5,-0.09845,180,0,1,1423280
-1,0,0,0.5,-0.09845,180,0,1,1423287
0,8,8,0.5,-0.09737,180,0,1,1423305
-1,9,7,0.5,-0.096155,180,0,1,1423321
0,9,6,0.5,-0.09494,180,0,0,1423337
0,16,12,0.5,-0.09278,180,0,0,1423357
0,7,6,0.5,-0.091835,180,0,0,1423371
0,7,6,0.5,-0.09089,180,0,1,1423387
-5,9,6,0.5,-0.089675,180,0,1,1423407
4,9,8,0.5,-0.08846,180,0,1,1423422
0,8,6,0.5,-0.08738,180,0,1,1423438
-2,8,6,0.5,-0.0863,180,0,0,1423455
-1,7,6,0.5,-0.085355,180,0,0,1423471
0,7,7,0.5,-0.08441,180,0,0,1423487
-1,6,7,0.5,-0.0836,180,0,0,1423505
0,7,10,0.5,-0.082655,180,0,1,1423522
0,8,9,0.5,-0.081575,180,0,1,1423538
0,7,10,0.5,-0.08063,180,0,1,1423557
-2,8,6,0.5,-0.07955,180,0,0,1423575
-2,10,8,0.5,-0.0782,180,0,0,1423587
2,7,9,0.5,-0.077255,180,0,0,1423606
0,6,7,0.5,-0.076445,180,0,0,1423621
-1,3,7,0.5,-0.07604,180,0,0,1423644
2,2,7,0.5,-0.07577,180,0,1,1423655
0,1,6,0.5,-0.075635,180,0,1,1423670
-2,2,6,0.5,-0.075365,180,0,1,1423687
-1,1,5,0.5,-0.07523,180,0,0,1423705
-1,1,4,0.5,-0.075095,180,0,0,1423722
2,1,4,0.5,-0.07496,180,0,0,1423737
-5,-1,4,0.5,-0.075095,180,0,0,1423754
-1,-1,2,0.5,-0.07523,180,0,0,1423771
0,0,3,0.5,-0.07523,180,0,1,1423786
0,1,3,0.5,-0.075095,180,0,1,1423805
0,1,3,0.5,-0.07496,180,0,1,1423820
0,1,3,0.5,-0.074825,180,0,0,1423837
0,3,4,0.5,-0.07442,180,0,0,1423855
0,1,3,0.5,-0.074285,180,0,0,1423870
0,2,3,0.5,-0.074015,180,0,0,1423886
-1,2,4,0.5,-0.073745,180,0,0,1423905
-1,1,2,0.5,-0.07361,180,0,1,1423921
-1,4,4,0.5,-0.07307,180,0,1,1423939
0,3,5,0.5,-0.072665,180,0,1,1423954
0,4,4,0.5,-0.072125,180,0,0,1423970
-1,5,5,0.5,-0.07145,180,0,0,1423987
0,4,4,0.5,-0.07091,180,0,0,1424005
0,4,4,0.5,-0.07037,180,0,0,1424021
-1,3,3,0.5,-0.069965,180,0,0,1424040
-3,8,9,0.5,-0.068885,180,0,1,1424061
0,0,0,0.5,-0.068885,180,0,1,1424069
0,4,3,0.5,-0.068345,180,0,1,1424086
0,5,3,0.5,-0.06767,180,0,1,1424104
-1,6,4,0.5,-0.06686,180,0,0,1424122
0,7,4,0.5,-0.065915,180,0,0,1424137
-1,17,4,0.5,-0.06362,180,0,0,1424155
3,6,3,0.5,-0.06281,180,0,0,1424171
-3,6,2,0.5,-0.062,180,0,0,1424186
0,3,2,0.5,-0.061595,180,0,1,1424204
0,4,2,0.5,-0.061055,180,0,1,1424220
0,2,4,0.5,-0.060785,180,0,1,1424237
0,2,4,0.5,-0.060515,180,0,0,1424255
0,3,5,0.5,-0.06011,180,0,0,1424273
0,3,5,0.5,-0.059705,180,0,0,1424288
0,2,5,0.5,-0.059435,180,0,0,1424304
-1,2,5,0.5,-0.059165,180,0,0,1424321
0,3,5,0.5,-0.05876,180,0,1,1424338
0,4,5,0.5,-0.05822,180,0,1,1424354
0,6,6,0.5,-0.05741,180,0,1,1424371
0,5,4,0.5,-0.056735,180,0,1,1424387
-1,4,4,0.5,-0.056195,180,0,0,1424406
0,6,4,0.5,-0.055385,180,0,0,1424421
0,3,3,0.5,-0.05498,180,0,0,1424436
-1,3,2,0.5,-0.054575,180,0,0,1424453
-1,2,4,0.5,-0.054305,180,0,1,1424471
0,2,2,0.5,-0.054035,180,0,1,1424486
0,2,2,0.5,-0.053765,180,0,1,1424503
0,3,2,0.5,-0.05336,180,0,0,1424520
0,2,1,0.5,-0.05309,180,0,0,1424536
0,2,2,0.5,-0.05282,180,0,0,1424553
3,3,1,0.5,-0.052415,180,0,0,1424570
0,0,2,0.5,-0.052415,180,0,0,1424586
-1,0,1,0.5,-0.052415,180,0,1,1424604
-1,4,3,0.5,-0.051875,180,0,1,1424620
1,1,1,0.5,-0.05174,180,0,1,1424636
0,2,1,0.5,-0.05147,180,0,0,1424653
-1,1,2,0.5,-0.051335,180,0,0,1424671
-1,2,1,0.5,-0.051065,180,0,0,1424686
0,1,2,0.5,-0.05093,180,0,0,1424705
0,1,2,0.5,-0.050795,180,0,0,1424719
1,0,1,0.5,-0.050795,180,0,0,1424736
0,2,2,0.5,-0.050525,180,0,1,1424753
0,2,1,0.5,-0.050255,180,0,1,1424770
0,2,2,0.5,-0.049985,180,0,1,1424786
0,2,1,0.5,-0.049715,180,0,0,1424803
0,3,2,0.5,-0.04931,180,0,0,1424819
0,1,1,0.5,-0.049175,180,0,0,1424838
0,0,1,0.5,-0.049175,180,0,0,1424855
0,1,1,0.5,-0.04904,180,0,0,1424869
-2,-1,1,0.5,-0.049175,180,0,1,1424887
-1,2,0,0.5,-0.048905,180,0,1,1424905
0,4,1,0.5,-0.048365,180,0,1,1424919
0,2,1,0.5,-0.048095,180,0,1,1424937
-1,5,2,0.5,-0.04742,180,0,0,1424956
1,2,2,0.5,-0.04715,180,0,0,1424971
0,1,0,0.5,-0.047015,180,0,0,1424986
0,1,1,0.5,-0.04688,180,0,0,1425005
-5,2,-1,0.5,-0.04661,180,0,0,1425020
0,3,1,0.5,-0.046205,180,0,1,1425036
0,4,1,0.5,-0.045665,180,0,1,1425053
0,4,1,0.5,-0.045125,180,0,1,1425070
0,3,1,0.5,-0.04472,180,0,0,1425088
0,5,1,0.5,-0.044045,180,0,0,1425103
0,4,1,0.5,-0.043505,180,0,0,1425119
0,4,0,0.5,-0.042965,180,0,0,1425136
0,3,1,0.5,-0.04256,180,0,0,1425153
0,4,1,0.5,-0.04202,180,0,0,1425170
0,5,1,0.5,-0.041345,180,0,1,1425187
2,4,3,0.5,-0.040805,180,0,1,1425206
0,5,1,0.5,-0.04013,180,0,1,1425220
0,5,3,0.5,-0.039455,180,0,1,1425236
0,5,1,0.5,-0.03878,180,0,0,1425253
-1,1,1,0.5,-0.038645,180,0,0,1425271
0,2,1,0.5,-0.038375,180,0,0,1425286
0,0,1,0.5,-0.038375,180,0,0,1425303
0,0,1,0.5,-0.038375,180,0,1,1425321
0,-1,1,0.5,-0.03851,180,0,1,1425337
1,1,4,0.5,-0.038375,180,0,1,1425354
-1,4,4,0.5,-0.037835,180,0,1,1425372
0,3,2,0.5,-0.03743,180,0,1,1425386
0,2,1,0.5,-0.03716,180,0,0,1425407
0,1,2,0.5,-0.037025,180,0,0,1425421
-1,0,1,0.5,-0.037025,180,0,0,1425440
0,1,1,0.5,-0.03689,180,0,0,1425453
0,1,0,0.5,-0.036755,180,0,0,1425471
0,1,1,0.5,-0.03662,180,0,1,1425487
0,2,1,0.5,-0.03635,180,0,1,1425503
-2,3,1,0.5,-0.035945,180,0,1,1425520
-1,1,0,0.5,-0.03581,180,0,0,1425536
0,1,1,0.5,-0.035675,180,0,0,1425552
0,-1,0,0.5,-0.03581,180,0,0,1425570
0,0,0,0.5,-0.03581,180,0,0,1425585
0,-3,0,0.5,-0.036215,180,0,0,1425602
0,-2,0,0.5,-0.036485,180,0,0,1425619
0,-2,0,0.5,-0.036755,180,0,0,1425636
0,0,0,0.5,-0.036755,180,0,1,1425652
0,0,0,0.5,-0.036755,180,0,1,1425669
0,2,0,0.5,-0.036485,180,0,1,1425686
0,2,0,0.5,-0.036215,180,0,1,1425702
0,3,0,0.5,-0.03581,180,0,0,1425719
-1,1,1,0.5,-0.035675,180,0,0,1425737
0,0,1,0.5,-0.035675,180,0,0,1425752
0,0,0,0.5,-0.035675,180,0,0,1425768
0,0,0,0.5,-0.035675,180,0,0,1425785
-1,-2,1,0.5,-0.035945,180,0,1,1425804
0,0,0,0.5,-0.035945,180,0,1,1425819
0,1,0,0.5,-0.03581,180,0,1,1425836
0,1,0,0.5,-0.035675,180,0,0,1425852
0,1,-1,0.5,-0.03554,180,0,0,1425869
-1,1,0,0.5,-0.035405,180,0,0,1425886
0,0,0,0.5,-0.035405,180,0,0,1425902
2,-1,0,0.5,-0.03554,180,0,0,1425919
0,0,0,0.5,-0.03554,180,0,0,1425935
0,0,0,0.5,-0.03554,180,0,0,1425952
0,0,0,0.5,-0.03554,180,0,1,1425969
0,0,1,0.5,-0.03554,180,0,1,1425987
0,0,0,0.5,-0.03554,180,0,0,1426002
-1,-1,0,0.5,-0.035675,180,0,0,1426021
0,1,0,0.5,-0.03554,180,0,0,1426037
0,1,0,0.5,-0.035405,180,0,0,1426052
1,0,0,0.5,-0.035405,180,0,0,1426069
0,1,0,0.5,-0.03527,180,0,0,1426086
0,0,0,0.5,-0.03527,180,0,0,1426102
0,0,0,0.5,-0.03527,180,0,0,1426118
0,0,0,0.5,-0.03527,180,0,0,1426135
0,0,0,0.5,-0.03527,180,0,0,1426152
-1,0,0,0.5,-0.03527,180,0,0,1426169
0,0,0,0.5,-0.03527,180,0,0,1426185
0,0,0,0.5,-0.03527,180,0,0,1426202
0,1,0,0.5,-0.035135,180,0,0,1426219
0,0,0,0.5,-0.035135,180,0,0,1426235
-1,1,0,0.5,-0.035,180,0,0,1426253
0,0,0,0.5,-0.035,180,0,0,1426268
0,0,0,0.5,-0.035,180,0,0,1426285
0,-2,0,0.5,-0.03527,180,0,0,1426303
0,0,0,0.5,-0.03527,180,0,0,1426318
0,0,0,0.5,-0.03527,180,0,0,1426335
0,0,0,0.5,-0.03527,180,0,0,1426352
-1,-1,0,0.5,-0.035405,180,0,0,1426369
0,0,0,0.5,-0.035405,180,0,0,1426385
0,0,0,0.5,-0.035405,180,0,0,1426402
0,0,0,0.5,-0.035405,180,0,0,1426418
-1,-1,0,0.5,-0.03554,180,0,0,1426435
0,0,0,0.5,-0.03554,180,0,0,1426452
0,0,0,0.5,-0.03554,180,0,0,1426468
0,0,0,0.5,-0.03554,180,0,0,1426485
-1,0,0,0.5,-0.03554,180,0,0,1426502
0,0,0,0.5,-0.03554,180,0,0,1426518
0,0,0,0.5,-0.03554,180,0,0,1426535
1,0,0,0.5,-0.03554,180,0,0,1426552
0,0,0,0.5,-0.03554,180,0,0,1426568
0,0,-1,0.5,-0.03554,180,0,0,1426585
-1,0,0,0.5,-0.03554,180,0,0,1426602
0,0,0,0.5,-0.03554,180,0,0,1426618
0,0,0,0.5,-0.03554,180,0,0,1426635
0,0,0,0.5,-0.03554,180,0,0,1426653
-1,-1,0,0.5,-0.035675,180,0,0,1426669
0,-1,0,0.5,-0.03581,180,0,0,1426686
0,0,0,0.5,-0.03581,180,0,0,1426703
-1,-1,0,0.5,-0.035945,180,0,0,1426719
0,0,0,0.5,-0.035945,180,0,0,1426735
0,0,0,0.5,-0.035945,180,0,0,1426752
0,0,0,0.5,-0.035945,180,0,0,1426769
0,0,0,0.5,-0.035945,180,0,0,1426785
0,-1,0,0.5,-0.03608,180,0,0,1426803
0,0,0,0.5,-0.03608,180,0,0,1426818
-2,-2,0,0.5,-0.03635,180,0,0,1426836
0,0,0,0.5,-0.03635,180,0,0,1426852
0,0,0,0.5,-0.03635,180,0,0,1426868
0,0,0,0.5,-0.03635,180,0,0,1426885
0,-1,0,0.5,-0.036485,180,0,0,1426904
0,1,0,0.5,-0.03635,180,0,0,1426919
0,0,0,0.5,-0.03635,180,0,0,1426935
-1,-1,0,0.5,-0.036485,180,0,0,1426954
0,0,0,0.5,-0.036485,180,0,0,1426969
-2,-1,-2,0.5,-0.03662,180,0,0,1426987
0,-1,0,0.5,-0.036755,180,0,0,1427002
-2,0,0,0.5,-0.036755,180,0,0,1427019
0,0,0,0.5,-0.036755,180,0,0,1427035
0,0,0,0.5,-0.036755,180,0,0,1427052
0,0,0,0.5,-0.036755,180,0,0,1427069
1,0,0,0.5,-0.036755,180,0,0,1427086
0,0,0,0.5,-0.036755,180,0,0,1427104
3,-1,2,0.5,-0.03689,180,0,0,1427120
1,0,0,0.5,-0.03689,180,0,0,1427136
1,0,0,0.5,-0.03689,180,0,0,1427152
0,0,0,0.5,-0.03689,180,0,0,1427169
0,0,0,0.5,-0.03689,180,0,0,1427185
0,-1,0,0.5,-0.037025,180,0,0,1427203
0,0,0,0.5,-0.037025,180,0,0,1427218
0,0,0,0.5,-0.037025,180,0,0,1427235
0,0,0,0.5,-0.037025,180,0,0,1427252
0,0,0,0.5,-0.037025,180,0,0,1427268
-4,0,-1,0.5,-0.037025,180,0,0,1427286
-1,0,-1,0.5,-0.037025,180,0,0,1427302
0,-1,0,0.5,-0.03716,180,0,0,1427319
0,0,0,0.5,-0.03716,180,0,0,1427335
0,0,0,0.5,-0.03716,180,0,0,1427352
-1,-1,-1,0.5,-0.037295,180,0,0,1427372
0,0,0,0.5,-0.037295,180,0,0,1427385
0,-1,0,0.5,-0.03743,180,0,0,1427403
3,0,0,0.5,-0.03743,180,0,0,1427419
-1,-2,0,0.5,-0.0377,180,0,0,1427436
0,0,0,0.5,-0.0377,180,0,0,1427454
0,0,0,0.5,-0.0377,180,0,0,1427469
0,0,0,0.5,-0.0377,180,0,0,1427486
0,-1,0,0.5,-0.037835,180,0,0,1427502
0,0,0,0.5,-0.037835,180,0,0,1427518
0,0,0,0.5,-0.037835,180,0,0,1427535
0,0,0,0.5,-0.037835,180,0,0,1427552
0,0,0,0.5,-0.037835,180,0,0,1427568
0,-1,0,0.5,-0.03797,180,0,0,1427585
-1,-1,0,0.5,-0.038105,180,0,0,1427602
0,0,0,0.5,-0.038105,180,0,0,1427618
0,0,0,0.5,-0.038105,180,0,0,1427636
0,0,0,0.5,-0.038105,180,0,0,1427652
0,0,0,0.5,-0.038105,180,0,0,1427668
0,0,0,0.5,-0.038105,180,0,0,1427685
0,0,0,0.5,-0.038105,180,0,0,1427702
0,0,0,0.5,-0.038105,180,0,0,1427718
0,0,0,0.5,-0.038105,180,0,0,1427735
-1,-1,0,0.5,-0.03824,180,0,0,1427752
0,0,0,0.5,-0.03824,180,0,0,1427768
0,0,0,0.5,-0.03824,180,0,0,1427785
0,0,0,0.5,-0.03824,180,0,0,1427802
-1,0,0,0.5,-0.03824,180,0,0,1427819
0,0,0,0.5,-0.03824,180,0,0,1427835
0,0,0,0.5,-0.03824,180,0,0,1427852
0,-1,0,0.5,-0.038375,180,0,0,1427869
0,0,0,0.5,-0.038375,180,0,0,1427885
0,0,0,0.5,-0.038375,180,0,0,1427902
-1,-1,0,0.5,-0.03851,180,0,0,1427919
0,0,0,0.5,-0.03851,180,0,0,1427935
0,0,0,0.5,-0.03851,180,0,0,1427952
-1,0,0,0.5,-0.03851,180,0,0,1427969
0,-1,0,0.5,-0.038645,180,0,0,1427987
0,0,0,0.5,-0.038645,180,0,0,1428002
0,0,0,0.5,-0.038645,180,0,0,1428018
0,0,0,0.5,-0.038645,180,0,0,1428035
0,0,0,0.5,-0.038645,180,0,0,1428053
-1,-1,0,0.5,-0.03878,180,0,0,1428069
0,0,0,0.5,-0.03878,180,0,0,1428086
0,0,0,0.5,-0.03878,180,0,0,1428102
0,0,0,0.5,-0.03878,180,0,0,1428118
-1,-1,0,0.5,-0.038915,180,0,0,1428136
0,0,0,0.5,-0.038915,180,0,0,1428152
0,0,0,0.5,-0.038915,180,0,0,1428168
1,0,0,0.5,-0.038915,180,0,0,1428186
0,0,0,0.5,-0.038915,180,0,0,1428202
0,0,0,0.5,-0.038915,180,0,0,1428218
0,0,0,0.5,-0.038915,180,0,0,1428235
0,0,0,0.5,-0.038915,180,0,0,1428252
0,0,0,0.5,-0.038915,180,0,0,1428268
0,0,0,0.5,-0.038915,180,0,0,1428285
0,0,0,0.5,-0.038915,180,0,0,1428302
0,0,0,0.5,-0.038915,180,0,0,1428318
0,0,0,0.5,-0.038915,180,0,0,1428335
0,0,0,0.5,-0.038915,180,0,0,1428352
0,0,0,0.5,-0.038915,180,0,0,1428368
0,0,0,0.5,-0.038915,180,0,0,1428385
0,0,0,0.5,-0.038915,180,0,0,1428402
0,0,0,0.5,-0.038915,180,0,0,1428418
0,0,0,0.5,-0.038915,180,0,0,1428435
0,0,0,0.5,-0.038915,180,0,0,1428452
0,0,0,0.5,-0.038915,180,0,0,1428468
0,0,0,0.5,-0.038915,180,0,0,1428485
0,0,0,0.5,-0.038915,180,0,0,1428502
0,1,0,0.5,-0.03878,180,0,0,1428519
0,0,0,0.5,-0.03878,180,0,0,1428535
0,0,0,0.5,-0.03878,180,0,0,1428552
0,0,0,0.5,-0.03878,180,0,1,1428569
0,0,0,0.5,-0.03878,180,0,0,1428586
0,0,0,0.5,-0.03878,180,0,0,1428602
0,0,0,0.5,-0.03878,180,0,0,1428618
-1,-1,0,0.5,-0.038915,180,0,0,1428637
0,0,0,0.5,-0.038915,180,0,0,1428652
0,0,0,0.5,-0.038915,180,0,0,1428669
0,0,0,0.5,-0.038915,180,0,0,1428685
0,0,0,0.5,-0.038915,180,0,1,1428703
-1,-1,0,0.5,-0.03905,180,0,1,1428719
0,2,0,0.5,-0.03878,180,0,1,1428737
0,0,0,0.5,-0.03878,180,0,1,1428752
0,0,0,0.5,-0.03878,180,0,0,1428768
0,0,0,0.5,-0.03878,180,0,0,1428785
0,0,0,0.5,-0.03878,180,0,0,1428802
0,0,0,0.5,-0.03878,180,0,0,1428818
-1,0,0,0.5,-0.03878,180,0,0,1428836
0,0,0,0.5,-0.03878,180,0,0,1428852
0,0,0,0.5,-0.03878,180,0,0,1428868
0,0,0,0.5,-0.03878,180,0,1,1428885
0,0,0,0.5,-0.03878,180,0,1,1428902
0,2,0,0.5,-0.03851,180,0,1,1428919
-1,0,0,0.5,-0.03851,180,0,1,1428936
0,0,0,0.5,-0.03851,180,0,0,1428952
0,0,0,0.5,-0.03851,180,0,0,1428968
0,-2,0,0.5,-0.03878,180,0,0,1428986
0,-1,0,0.5,-0.038915,180,0,0,1429002
0,0,0,0.5,-0.038915,180,0,0,1429018
0,0,0,0.5,-0.038915,180,0,0,1429035
0,0,0,0.5,-0.038915,180,0,0,1429052
-2,-1,0,0.5,-0.03905,180,0,0,1429069
0,0,0,0.5,-0.03905,180,0,0,1429085
0,0,0,0.5,-0.03905,180,0,0,1429102
-1,-1,0,0.5,-0.039185,180,0,0,1429119
0,0,0,0.5,-0.039185,180,0,0,1429135
0,0,0,0.5,-0.039185,180,0,0,1429152
0,0,0,0.5,-0.039185,180,0,0,1429168
-1,-1,0,0.5,-0.03932,180,0,0,1429185
0,0,0,0.5,-0.03932,180,0,0,1429202
0,0,0,0.5,-0.03932,180,0,0,1429218
0,0,0,0.5,-0.03932,180,0,0,1429235
0,0,0,0.5,-0.03932,180,0,0,1429252
-1,0,0,0.5,-0.03932,180,0,0,1429269
0,0,0,0.5,-0.03932,180,0,0,1429285
0,0,0,0.5,-0.03932,180,0,1,1429302
0,0,0,0.5,-0.03932,180,0,0,1429318
-1,0,0,0.5,-0.03932,180,0,0,1429335
0,0,0,0.5,-0.03932,180,0,0,1429352
0,0,0,0.5,-0.03932,180,0,0,1429368
0,0,0,0.5,-0.03932,180,0,0,1429385
-1,-1,0,0.5,-0.039455,180,0,0,1429402
0,0,0,0.5,-0.039455,180,0,0,1429418
0,0,0,0.5,-0.039455,180,0,0,1429435
0,0,0,0.5,-0.039455,180,0,0,1429452
-1,-1,0,0.5,-0.03959,180,0,0,1429469
0,0,0,0.5,-0.03959,180,0,0,1429485
0,0,0,0.5,-0.03959,180,0,0,1429502
0,0,1,0.5,-0.03959,180,0,0,1429520
-1,0,0,0.5,-0.03959,180,0,0,1429537
0,0,0,0.5,-0.03959,180,0,0,1429554
0,0,0,0.5,-0.03959,180,0,0,1429568
0,0,0,0.5,-0.03959,180,0,0,1429585
-1,-1,0,0.5,-0.039725,180,0,0,1429602
0,0,0,0.5,-0.039725,180,0,0,1429619
0,0,0,0.5,-0.039725,180,0,0,1429635
0,0,0,0.5,-0.039725,180,0,0,1429652
0,0,0,0.5,-0.039725,180,0,0,1429668
0,0,0,0.5,-0.039725,180,0,0,1429685
0,0,0,0.5,-0.039725,180,0,0,1429702
0,0,0,0.5,-0.039725,180,0,0,1429718
0,0,0,0.5,-0.039725,180,0,0,1429735
-1,0,0,0.5,-0.039725,180,0,0,1429752
0,0,0,0.5,-0.039725,180,0,0,1429768
0,0,0,0.5,-0.039725,180,0,0,1429785
0,0,0,0.5,-0.039725,180,0,0,1429802
-1,-1,0,0.5,-0.03986,180,0,0,1429818
0,0,0,0.5,-0.03986,180,0,0,1429835
0,0,0,0.5,-0.03986,180,0,0,1429852
0,0,0,0.5,-0.03986,180,0,0,1429868
0,0,0,0.5,-0.03986,180,0,0,1429885
-1,-2,0,0.5,-0.04013,180,0,0,1429902
0,0,0,0.5,-0.04013,180,0,0,1429918
0,0,0,0.5,-0.04013,180,0,0,1429935
0,0,0,0.5,-0.04013,180,0,0,1429952
0,0,0,0.5,-0.04013,180,0,0,1429968
0,0,0,0.5,-0.04013,180,0,0,1429985
-1,-1,0,0.5,-0.040265,180,0,0,1430002
0,0,0,0.5,-0.040265,180,0,0,1430018
-1,0,0,0.5,-0.040265,180,0,0,1430036
0,0,0,0.5,-0.040265,180,0,0,1430052
0,0,0,0.5,-0.040265,180,0,0,1430068
0,0,0,0.5,-0.040265,180,0,0,1430085
-1,0,0,0.5,-0.040265,180,0,0,1430102
0,0,0,0.5,-0.040265,180,0,0,1430118
0,0,0,0.5,-0.040265,180,0,0,1430135
0,0,0,0.5,-0.040265,180,0,0,1430152
-1,0,0,0.5,-0.040265,180,0,0,1430169
0,0,0,0.5,-0.040265,180,0,0,1430185
0,0,0,0.5,-0.040265,180,0,0,1430202
0,0,0,0.5,-0.040265,180,0,0,1430219
0,-1,0,0.5,-0.0404,180,0,0,1430236
0,0,0,0.5,-0.0404,180,0,0,1430252
0,0,0,0.5,-0.0404,180,0,0,1430268
0,0,0,0.5,-0.0404,180,0,0,1430286
-2,-1,0,0.5,-0.040535,180,0,0,1430302
0,0,0,0.5,-0.040535,180,0,0,1430318
0,0,0,0.5,-0.040535,180,0,0,1430335
-1,-1,0,0.5,-0.04067,180,0,0,1430352
0,0,0,0.5,-0.04067,180,0,0,1430368
0,0,0,0.5,-0.04067,180,0,0,1430385
0,0,0,0.5,-0.04067,180,0,0,1430402
-1,-1,0,0.5,-0.040805,180,0,0,1430419
0,0,0,0.5,-0.040805,180,0,0,1430435
0,0,0,0.5,-0.040805,180,0,0,1430452
0,0,0,0.5,-0.040805,180,0,0,1430468
-1,-1,0,0.5,-0.04094,180,0,0,1430485
0,0,0,0.5,-0.04094,180,0,0,1430502
0,0,0,0.5,-0.04094,180,0,0,1430518
0,0,0,0.5,-0.04094,180,0,0,1430535
0,0,0,0.5,-0.04094,180,0,0,1430552
-1,-1,0,0.5,-0.041075,180,0,0,1430569
0,0,0,0.5,-0.041075,180,0,0,1430585
0,0,0,0.5,-0.041075,180,0,0,1430602
0,0,0,0.5,-0.041075,180,0,0,1430618
0,0,0,0.5,-0.041075,180,0,0,1430635
0,0,0,0.5,-0.041075,180,0,0,1430652
0,0,0,0.5,-0.041075,180,0,0,1430671
0,0,0,0.5,-0.041075,180,0,0,1430685
0,0,0,0.5,-0.041075,180,0,0,1430702
0,0,0,0.5,-0.041075,180,0,0,1430719
-1,-2,0,0.5,-0.041345,180,0,0,1430736
0,0,0,0.5,-0.041345,180,0,0,1430752
0,0,0,0.5,-0.041345,180,0,0,1430768
0,0,0,0.5,-0.041345,180,0,0,1430785
-1,-1,0,0.5,-0.04148,180,0,0,1430802
0,0,0,0.5,-0.04148,180,0,0,1430818
0,0,0,0.5,-0.04148,180,0,0,1430835
0,0,0,0.5,-0.04148,180,0,0,1430852
-1,-1,0,0.5,-0.041615,180,0,0,1430869
0,0,0,0.5,-0.041615,180,0,0,1430885
0,0,0,0.5,-0.041615,180,0,0,1430902
0,0,0,0.5,-0.041615,180,0,0,1430918
0,0,0,0.5,-0.041615,180,0,0,1430935
0,0,0,0.5,-0.041615,180,0,0,1430952
0,0,0,0.5,-0.041615,180,0,0,1430968
0,0,0,0.5,-0.041615,180,0,0,1430985
0,0,0,0.5,-0.041615,180,0,0,1431002
0,0,0,0.5,-0.041615,180,0,0,1431018
0,0,0,0.5,-0.041615,180,0,0,1431035
0,0,0,0.5,-0.041615,180,0,0,1431052
0,0,0,0.5,-0.041615,180,0,0,1431068
0,0,0,0.5,-0.041615,180,0,0,1431085
0,0,0,0.5,-0.041615,180,0,0,1431102
0,0,0,0.5,-0.041615,180,0,0,1431118
0,0,0,0.5,-0.041615,180,0,0,1431135
-1,0,0,0.5,-0.041615,180,0,0,1431152
0,0,0,0.5,-0.041615,180,0,0,1431168
0,0,0,0.5,-0.041615,180,0,0,1431185
0,0,0,0.5,-0.041615,180,0,0,1431202
0,0,0,0.5,-0.041615,180,0,0,1431218
-1,-1,0,0.5,-0.04175,180,0,0,1431235
0,0,0,0.5,-0.04175,180,0,0,1431252
0,0,0,0.5,-0.04175,180,0,0,1431268
0,0,0,0.5,-0.04175,180,0,0,1431285
-1,0,0,0.5,-0.04175,180,0,0,1431302
0,0,0,0.5,-0.04175,180,0,0,1431318
0,0,0,0.5,-0.04175,180,0,0,1431336
0,0,0,0.5,-0.04175,180,0,0,1431352
0,0,0,0.5,-0.04175,180,0,0,1431368
0,0,0,0.5,-0.04175,180,0,0,1431385
0,0,0,0.5,-0.04175,180,0,0,1431402
0,0,0,0.5,-0.04175,180,0,0,1431418
-1,-1,0,0.5,-0.041885,180,0,0,1431436
0,0,0,0.5,-0.041885,180,0,0,1431452
0,0,0,0.5,-0.041885,180,0,0,1431468
0,0,0,0.5,-0.041885,180,0,0,1431486
-1,-1,0,0.5,-0.04202,180,0,0,1431502
0,0,0,0.5,-0.04202,180,0,0,1431518
0,0,0,0.5,-0.04202,180,0,0,1431537
0,0,0,0.5,-0.04202,180,0,0,1431552
0,0,0,0.5,-0.04202,180,0,0,1431568
0,0,0,0.5,-0.04202,180,0,0,1431586
0,0,0,0.5,-0.04202,180,0,0,1431602
0,0,0,0.5,-0.04202,180,0,0,1431618
0,0,0,0.5,-0.04202,180,0,0,1431636
0,0,0,0.5,-0.04202,180,0,0,1431652
0,0,0,0.5,-0.04202,180,0,0,1431668
0,0,0,0.5,-0.04202,180,0,0,1431688
0,0,0,0.5,-0.04202,180,0,0,1431702
0,0,0,0.5,-0.04202,180,0,0,1431719
0,0,0,0.5,-0.04202,180,0,0,1431735
0,0,0,0.5,-0.04202,180,0,0,1431752
0,0,0,0.5,-0.04202,180,0,0,1431768
0,0,0,0.5,-0.04202,180,0,0,1431785
0,0,0,0.5,-0.04202,180,0,0,1431802
0,0,0,0.5,-0.04202,180,0,1,1431819
0,2,0,0.5,-0.04175,180,0,1,1431836
0,1,0,0.5,-0.041615,180,0,1,1431852
-1,1,0,0.5,-0.04148,180,0,1,1431870
0,1,0,0.5,-0.041345,180,0,0,1431885
0,0,0,0.5,-0.041345,180,0,0,1431902
0,0,0,0.5,-0.041345,180,0,0,1431919
-1,-1,0,0.5,-0.04148,180,0,0,1431936
0,0,0,0.5,-0.04148,180,0,0,1431952
0,0,0,0.5,-0.04148,180,0,0,1431968
0,0,0,0.5,-0.04148,180,0,0,1431985
0,0,0,0.5,-0.04148,180,0,0,1432002
0,0,0,0.5,-0.04148,180,0,0,1432018
0,0,0,0.5,-0.04148,180,0,0,1432035
0,0,0,0.5,-0.04148,180,0,0,1432052
0,0,0,0.5,-0.04148,180,0,0,1432068
0,0,0,0.5,-0.04148,180,0,0,1432085
0,0,0,0.5,-0.04148,180,0,0,1432102
0,0,0,0.5,-0.04148,180,0,0,1432118
0,0,0,0.5,-0.04148,180,0,0,1432135
0,0,0,0.5,-0.04148,180,0,0,1432152
0,0,0,0.5,-0.04148,180,0,0,1432168
0,0,0,0.5,-0.04148,180,0,0,1432185
0,0,0,0.5,-0.04148,180,0,0,1432202
0,0,0,0.5,-0.04148,180,0,0,1432218
-1,-1,0,0.5,-0.041615,180,0,0,1432235
0,0,0,0.5,-0.041615,180,0,0,1432252
0,0,0,0.5,-0.041615,180,0,0,1432268
0,0,0,0.5,-0.041615,180,0,0,1432285
0,0,0,0.5,-0.041615,180,0,0,1432302
0,0,0,0.5,-0.041615,180,0,0,1432318
0,0,0,0.5,-0.041615,180,0,0,1432335
0,0,0,0.5,-0.041615,180,0,0,1432352
-2,-2,0,0.5,-0.041885,180,0,0,1432369
0,0,0,0.5,-0.041885,180,0,0,1432385
0,0,0,0.5,-0.041885,180,0,0,1432402
0,0,0,0.5,-0.041885,180,0,0,1432418
0,0,0,0.5,-0.041885,180,0,0,1432435
0,0,0,0.5,-0.041885,180,0,0,1432452
0,0,0,0.5,-0.041885,180,0,0,1432468
-1,0,0,0.5,-0.041885,180,0,0,1432486
0,0,0,0.5,-0.041885,180,0,0,1432502
0,0,0,0.5,-0.041885,180,0,0,1432518
0,0,0,0.5,-0.041885,180,0,0,1432535
0,0,0,0.5,-0.041885,180,0,0,1432552
0,0,0,0.5,-0.041885,180,0,0,1432568
0,0,0,0.5,-0.041885,180,0,0,1432585
0,0,0,0.5,-0.041885,180,0,0,1432602
-1,0,0,0.5,-0.041885,180,0,0,1432619
0,0,0,0.5,-0.041885,180,0,0,1432635
0,0,0,0.5,-0.041885,180,0,0,1432652
0,0,0,0.5,-0.041885,180,0,0,1432668
-1,-1,0,0.5,-0.04202,180,0,0,1432685
0,0,0,0.5,-0.04202,180,0,0,1432703
0,0,0,0.5,-0.04202,180,0,0,1432718
0,0,0,0.5,-0.04202,180,0,0,1432735
-1,-1,0,0.5,-0.042155,180,0,0,1432752
0,0,0,0.5,-0.042155,180,0,0,1432769
0,0,0,0.5,-0.042155,180,0,0,1432786
0,0,0,0.5,-0.042155,180,0,0,1432802
-1,0,0,0.5,-0.042155,180,0,0,1432819
0,0,0,0.5,-0.042155,180,0,0,1432835
0,0,0,0.5,-0.042155,180,0,0,1432852
0,0,0,0.5,-0.042155,180,0,0,1432868
0,0,0,0.5,-0.042155,180,0,0,1432885
0,0,0,0.5,-0.042155,180,0,0,1432902
-1,-1,0,0.5,-0.04229,180,0,0,1432919
0,0,0,0.5,-0.04229,180,0,0,1432935
0,0,0,0.5,-0.04229,180,0,0,1432952
0,0,0,0.5,-0.04229,180,0,0,1432968
-1,0,0,0.5,-0.04229,180,0,0,1432985
0,0,0,0.5,-0.04229,180,0,0,1433002
0,0,0,0.5,-0.04229,180,0,0,1433018
0,0,0,0.5,-0.04229,180,0,0,1433035
-1,-1,0,0.5,-0.042425,180,0,0,1433052
0,0,0,0.5,-0.042425,180,0,0,1433068
0,0,0,0.5,-0.042425,180,0,0,1433085
0,0,0,0.5,-0.042425,180,0,0,1433102
-1,0,0,0.5,-0.042425,180,0,0,1433119
0,0,0,0.5,-0.042425,180,0,0,1433135
0,0,0,0.5,-0.042425,180,0,0,1433152
-1,-1,0,0.5,-0.04256,180,0,0,1433169
0,0,0,0.5,-0.04256,180,0,0,1433185
0,0,0,0.5,-0.04256,180,0,0,1433202
0,0,0,0.5,-0.04256,180,0,0,1433219
0,0,0,0.5,-0.04256,180,0,0,1433235
0,0,0,0.5,-0.04256,180,0,0,1433252
0,0,0,0.5,-0.04256,180,0,0,1433268
-1,-1,0,0.5,-0.042695,180,0,0,1433286
0,0,0,0.5,-0.042695,180,0,0,1433302
0,0,0,0.5,-0.042695,180,0,0,1433318
0,0,0,0.5,-0.042695,180,0,0,1433337
0,0,0,0.5,-0.042695,180,0,0,1433352
0,0,0,0.5,-0.042695,180,0,0,1433368
-1,0,0,0.5,-0.042695,180,0,0,1433385
0,0,0,0.5,-0.042695,180,0,0,1433401
0,0,0,0.5,-0.042695,180,0,0,1433418
0,0,0,0.5,-0.042695,180,0,0,1433435
0,0,0,0.5,-0.042695,180,0,0,1433451
0,0,0,0.5,-0.042695,180,0,0,1433468
0,0,0,0.5,-0.042695,180,0,0,1433485
-1,-1,0,0.5,-0.04283,180,0,0,1433502
0,0,0,0.5,-0.04283,180,0,0,1433518
0,0,0,0.5,-0.04283,180,0,0,1433535
0,0,0,0.5,-0.04283,180,0,0,1433551
0,0,0,0.5,-0.04283,180,0,0,1433568
0,0,0,0.5,-0.04283,180,0,0,1433585
0,0,0,0.5,-0.04283,180,0,0,1433601
0,0,0,0.5,-0.04283,180,0,0,1433618
0,0,0,0.5,-0.04283,180,0,0,1433635
0,0,0,0.5,-0.04283,180,0,0,1433651
0,0,0,0.5,-0.04283,180,0,0,1433668
0,0,0,0.5,-0.04283,180,0,0,1433685
0,0,0,0.5,-0.04283,180,0,0,1433701
0,0,0,0.5,-0.04283,180,0,0,1433718
-1,-2,0,0.5,-0.0431,180,0,0,1433736
0,0,0,0.5,-0.0431,180,0,0,1433752
0,0,0,0.5,-0.0431,180,0,0,1433768
0,0,0,0.5,-0.0431,180,0,0,1433785
-1,-1,0,0.5,-0.043235,180,0,0,1433802
0,0,0,0.5,-0.043235,180,0,0,1433818
0,0,0,0.5,-0.043235,180,0,0,1433835
0,0,0,0.5,-0.043235,180,0,0,1433851
0,0,0,0.5,-0.043235,180,0,0,1433868
0,0,0,0.5,-0.043235,180,0,0,1433885
-2,-1,0,0.5,-0.04337,180,0,0,1433902
0,0,0,0.5,-0.04337,180,0,0,1433918
0,0,0,0.5,-0.04337,180,0,0,1433935
0,0,0,0.5,-0.04337,180,0,0,1433951
0,0,0,0.5,-0.04337,180,0,0,1433968
0,0,0,0.5,-0.04337,180,0,0,1433985
0,0,0,0.5,-0.04337,180,0,0,1434001
0,0,0,0.5,-0.04337,180,0,0,1434018
0,0,0,0.5,-0.04337,180,0,0,1434035
-1,-1,0,0.5,-0.043505,180,0,0,1434052
0,0,0,0.5,-0.043505,180,0,0,1434068
0,0,0,0.5,-0.043505,180,0,0,1434085
0,0,0,0.5,-0.043505,180,0,0,1434102
0,0,0,0.5,-0.043505,180,0,0,1434118
0,0,0,0.5,-0.043505,180,0,0,1434136
0,0,0,0.5,-0.043505,180,0,0,1434152
0,0,0,0.5,-0.043505,180,0,0,1434168
0,0,0,0.5,-0.043505,180,0,0,1434185
0,0,0,0.5,-0.043505,180,0,0,1434202
0,0,0,0.5,-0.043505,180,0,0,1434218
0,0,0,0.5,-0.043505,180,0,0,1434235
0,0,0,0.5,-0.043505,180,0,0,1434252
0,0,0,0.5,-0.043505,180,0,0,1434268
0,0,0,0.5,-0.043505,180,0,0,1434285
0,0,0,0.5,-0.043505,180,0,0,1434302
0,0,0,0.5,-0.043505,180,0,0,1434318
0,0,0,0.5,-0.043505,180,0,0,1434335
0,0,0,0.5,-0.043505,180,0,0,1434352
0,0,0,0.5,-0.043505,180,0,0,1434368
0,0,0,0.5,-0.043505,180,0,0,1434385
0,-1,0,0.5,-0.04364,180,0,0,1434402
0,0,0,0.5,-0.04364,180,0,0,1434418
0,0,0,0.5,-0.04364,180,0,0,1434435
0,0,0,0.5,-0.04364,180,0,0,1434452
0,0,0,0.5,-0.04364,180,0,0,1434468
-1,0,0,0.5,-0.04364,180,0,0,1434485
0,0,0,0.5,-0.04364,180,0,0,1434502
0,0,0,0.5,-0.04364,180,0,0,1434518
0,0,0,0.5,-0.04364,180,0,0,1434535
-1,-1,0,0.5,-0.043775,180,0,0,1434552
0,0,0,0.5,-0.043775,180,0,0,1434568
0,0,0,0.5,-0.043775,180,0,0,1434585
0,0,0,0.5,-0.043775,180,0,0,1434602
0,0,0,0.5,-0.043775,180,0,0,1434618
0,0,0,0.5,-0.043775,180,0,0,1434635
0,0,0,0.5,-0.043775,180,0,0,1434652
0,0,0,0.5,-0.043775,180,0,0,1434668
0,0,0,0.5,-0.043775,180,0,0,1434685
0,0,0,0.5,-0.043775,180,0,0,1434702
0,0,0,0.5,-0.043775,180,0,0,1434718
0,0,0,0.5,-0.043775,180,0,0,1434735
0,0,0,0.5,-0.043775,180,0,0,1434752
0,0,0,0.5,-0.043775,180,0,0,1434768
0,0,0,0.5,-0.043775,180,0,0,1434785
0,0,0,0.5,-0.043775,180,0,0,1434802
0,0,0,0.5,-0.043775,180,0,0,1434818
0,0,0,0.5,-0.043775,180,0,0,1434835
0,0,0,0.5,-0.043775,180,0,0,1434852
-1,-1,0,0.5,-0.04391,180,0,0,1434869
0,0,0,0.5,-0.04391,180,0,0,1434885
0,0,0,0.5,-0.04391,180,0,0,1434902
0,0,0,0.5,-0.04391,180,0,0,1434918
0,0,0,0.5,-0.04391,180,0,0,1434935
-1,-1,0,0.5,-0.044045,180,0,0,1434952
0,0,0,0.5,-0.044045,180,0,0,1434968
0,0,0,0.5,-0.044045,180,0,0,1434985
0,0,0,0.5,-0.044045,180,0,0,1435002
-1,0,0,0.5,-0.044045,180,0,0,1435018
0,0,0,0.5,-0.044045,180,0,0,1435035
0,0,0,0.5,-0.044045,180,0,0,1435052
0,0,0,0.5,-0.044045,180,0,0,1435068
0,0,0,0.5,-0.044045,180,0,0,1435085
0,0,0,0.5,-0.044045,180,0,0,1435102
-1,-2,0,0.5,-0.044315,180,0,0,1435118
0,0,0,0.5,-0.044315,180,0,0,1435135
0,0,0,0.5,-0.044315,180,0,0,1435152
0,-1,0,0.5,-0.04445,180,0,0,1435168
0,0,0,0.5,-0.04445,180,0,0,1435185
0,0,0,0.5,-0.04445,180,0,0,1435202
0,0,0,0.5,-0.04445,180,0,0,1435218
-1,-1,0,0.5,-0.044585,180,0,0,1435235
0,0,0,0.5,-0.044585,180,0,0,1435251
0,0,0,0.5,-0.044585,180,0,0,1435268
0,0,0,0.5,-0.044585,180,0,0,1435285
0,0,0,0.5,-0.044585,180,0,0,1435302
0,0,0,0.5,-0.044585,180,0,0,1435318
0,0,0,0.5,-0.044585,180,0,0,1435336
0,0,0,0.5,-0.044585,180,0,0,1435352
0,0,0,0.5,-0.044585,180,0,0,1435368
-1,-1,0,0.5,-0.04472,180,0,0,1435385
0,0,0,0.5,-0.04472,180,0,0,1435401
0,0,0,0.5,-0.04472,180,0,0,1435418
0,0,0,0.5,-0.04472,180,0,0,1435436
0,-1,0,0.5,-0.044855,180,0,0,1435452
0,0,0,0.5,-0.044855,180,0,0,1435468
0,0,0,0.5,-0.044855,180,0,0,1435485
0,0,0,0.5,-0.044855,180,0,0,1435501
-1,0,0,0.5,-0.044855,180,0,0,1435519
0,0,0,0.5,-0.044855,180,0,0,1435535
0,0,0,0.5,-0.044855,180,0,0,1435552
-1,-1,0,0.5,-0.04499,180,0,0,1435568
0,0,0,0.5,-0.04499,180,0,0,1435585
0,0,0,0.5,-0.04499,180,0,0,1435601
0,0,0,0.5,-0.04499,180,0,0,1435618
0,0,0,0.5,-0.04499,180,0,0,1435635
0,0,0,0.5,-0.04499,180,0,0,1435651
0,0,0,0.5,-0.04499,180,0,0,1435668
0,0,0,0.5,-0.04499,180,0,0,1435685
-1,0,0,0.5,-0.04499,180,0,0,1435702
0,0,0,0.5,-0.04499,180,0,0,1435718
0,0,0,0.5,-0.04499,180,0,0,1435735
0,0,0,0.5,-0.04499,180,0,0,1435752
0,0,0,0.5,-0.04499,180,0,0,1435768
-1,0,0,0.5,-0.04499,180,0,0,1435785
0,0,0,0.5,-0.04499,180,0,0,1435802
0,0,0,0.5,-0.04499,180,0,0,1435819
0,0,0,0.5,-0.04499,180,0,0,1435835
-1,-1,0,0.5,-0.045125,180,0,0,1435852
0,0,0,0.5,-0.045125,180,0,0,1435868
0,1,0,0.5,-0.04499,180,0,0,1435886
0,1,0,0.5,-0.044855,180,0,0,1435902
-1,4,0,0.5,-0.044315,180,0,0,1435920
0,4,0,0.5,-0.043775,180,0,0,1435935
0,8,0,0.5,-0.042695,180,0,0,1435952
-2,7,0,0.5,-0.04175,180,0,0,1435971
0,8,0,0.5,-0.04067,180,0,0,1435986
0,10,0,0.5,-0.03932,180,0,0,1436002
0,9,0,0.5,-0.038105,180,0,0,1436018
-1,5,0,0.5,-0.03743,180,0,0,1436036
0,10,2,0.5,-0.03608,180,0,0,1436053
0,12,3,0.5,-0.03446,180,0,0,1436069
0,16,5,0.5,-0.0323,180,0,0,1436087
-1,16,5,0.5,-0.03014,180,0,0,1436107
0,21,6,0.5,-0.027305,180,0,0,1436121
0,20,6,0.5,-0.024605,180,0,0,1436138
0,21,5,0.5,-0.02177,180,0,0,1436156
-1,21,6,0.5,-0.018935,180,0,0,1436172
0,19,5,0.5,-0.01637,180,0,0,1436187
0,32,9,0.5,-0.01205,180,0,0,1436207
0,10,3,0.5,-0.0107,180,0,1,1436220
-1,8,2,0.5,-0.00962,180,0,1,1436237
0,7,2,0.5,-0.008675,180,0,1,1436255
0,2,1,0.5,-0.008405,180,0,1,1436269
0,2,0,0.5,-0.008135,180,0,1,1436285
-1,0,0,0.5,-0.008135,180,0,0,1436304
-1,1,0,0.5,-0.008,180,0,0,1436319
-4,0,-1,0.5,-0.008,180,0,1,1436339
0,1,-1,0.5,-0.007865,180,0,1,1436353
0,0,-1,0.5,-0.007865,180,0,1,1436369
0,1,-2,0.5,-0.00773,180,0,0,1436387
2,1,-1,0.5,-0.007595,180,0,0,1436403
0,1,-1,0.5,-0.00746,180,0,0,1436420
0,0,-1,0.5,-0.00746,180,0,0,1436435
1,0,-1,0.5,-0.00746,180,0,0,1436452
0,-2,-1,0.5,-0.00773,180,0,0,1436468
0,-4,-1,0.5,-0.00827,180,0,0,1436486
0,-7,-1,0.5,-0.009215,180,0,0,1436504
0,-6,-1,0.5,-0.010025,180,0,0,1436519
0,-7,0,0.5,-0.01097,180,0,0,1436535
0,-7,-1,0.5,-0.011915,180,0,0,1436552
0,-9,-1,0.5,-0.01313,180,0,0,1436569
0,-9,-1,0.5,-0.014345,180,0,0,1436586
0,-10,-1,0.5,-0.015695,180,0,0,1436602
-3,-18,-3,0.5,-0.018125,180,0,0,1436620
-1,-9,-2,0.5,-0.01934,180,0,0,1436636
0,-7,-2,0.5,-0.020285,180,0,0,1436652
0,-5,-2,0.5,-0.02096,180,0,0,1436669
-1,-2,-4,0.5,-0.02123,180,0,0,1436688
0,6,-3,0.5,-0.02042,180,0,0,1436705
0,11,-3,0.5,-0.018935,180,0,0,1436720
0,11,-3,0.5,-0.01745,180,0,0,1436736
-1,11,-3,0.5,-0.015965,180,0,0,1436755
0,11,-2,0.5,-0.01448,180,0,0,1436771
0,13,-1,0.5,-0.012725,180,0,0,1436786
0,18,-1,0.5,-0.010295,180,0,0,1436802
-1,18,-2,0.5,-0.007865,180,0,0,1436821
0,24,-2,0.5,-0.004625,180,0,0,1436836
0,28,-3,0.5,-0.000845,180,0,0,1436855
0,29,-3,0.5,0.00307,180,0,0,1436872
-1,32,-3,0.5,0.00739,180,0,0,1436890
0,32,-3,0.5,0.01171,180,0,0,1436905
0,28,-5,0.5,0.01549,180,0,0,1436920
0,26,-4,0.5,0.019,180,0,0,1436936
0,28,-3,0.5,0.02278,180,0,0,1436955
0,30,0,0.5,0.02683,180,0,0,1436969
1,32,0,0.5,0.03115,180,0,0,1436986
0,34,0,0.5,0.03574,180,0,0,1437002
-1,71,0,0.5,0.045325,180,0,0,1437019
0,33,0,0.5,0.04978,180,0,0,1437036
0,34,1,0.5,0.05437,180,0,0,1437052
0,27,2,0.5,0.058015,180,0,0,1437071
0,23,1,0.5,0.06112,180,0,0,1437086
0,21,2,0.5,0.063955,180,0,0,1437102
-1,16,2,0.5,0.066115,180,0,0,1437121
-4,19,2,0.5,0.06868,180,0,0,1437137
0,3,0,0.5,0.069085,180,0,0,1437153
0,6,-3,0.5,0.069895,180,0,0,1437170
0,10,1,0.5,0.071245,180,0,0,1437187
0,18,5,0.5,0.073675,180,0,0,1437204
0,16,5,0.5,0.075835,180,0,0,1437220
-1,13,3,0.5,0.07759,180,0,0,1437237
-6,14,-2,0.5,0.07948,180,0,0,1437254
3,18,2,0.5,0.08191,180,0,0,1437270
1,19,0,0.5,0.084475,180,0,0,1437285
0,20,2,0.5,0.087175,180,0,0,1437302
-3,22,3,0.5,0.090145,180,0,0,1437320
3,26,4,0.5,0.093655,180,0,0,1437336
0,29,6,0.5,0.09757,180,0,0,1437353
-2,51,9,0.5,0.104455,180,0,0,1437376
0,0,0,0.5,0.104455,180,0,0,1437385
0,30,7,0.5,0.108505,180,0,0,1437406
0,15,3,0.5,0.11053,180,0,0,1437420
0,13,2,0.5,0.112285,180,0,0,1437436
0,12,3,0.5,0.113905,180,0,0,1437453
0,12,4,0.5,0.115525,180,0,0,1437470
-5,11,3,0.5,0.11701,180,0,0,1437487
-1,12,5,0.5,0.11863,180,0,1,1437505
0,11,6,0.5,0.120115,180,0,1,1437520
0,9,7,0.5,0.12133,180,0,0,1437538
0,7,7,0.5,0.122275,180,0,0,1437556
0,5,5,0.5,0.12295,180,0,0,1437570
0,0,6,0.5,0.12295,180,0,0,1437587
0,-3,6,0.5,0.122545,180,0,0,1437604
0,-4,6,0.5,0.122005,180,0,0,1437621
0,-5,5,0.5,0.12133,180,0,0,1437636
-1,-3,6,0.5,0.120925,180,0,0,1437654
2,-5,4,0.5,0.12025,180,0,0,1437671
0,-2,4,0.5,0.11998,180,0,0,1437687
-1,-4,4,0.5,0.11944,180,0,0,1437703
0,-2,3,0.5,0.11917,180,0,0,1437719
1,-1,4,0.5,0.119035,180,0,0,1437736
0,0,3,0.5,0.119035,180,0,0,1437755
0,0,2,0.5,0.119035,180,0,0,1437771
0,3,2,0.5,0.11944,180,0,0,1437786
0,6,4,0.5,0.12025,180,0,0,1437804
0,5,3,0.5,0.120925,180,0,0,1437820
0,0,0,0.5,0.120925,180,0,0,1437835
0,12,4,0.5,0.122545,180,0,0,1437853
-2,6,1,0.5,0.123355,180,0,0,1437870
0,9,2,0.5,0.12457,180,0,0,1437886
0,7,2,0.5,0.125515,180,0,0,1437902
0,7,2,0.5,0.12646,180,0,0,1437919
0,5,2,0.5,0.127135,180,0,0,1437936
-2,4,1,0.5,0.127675,180,0,0,1437952
1,1,2,0.5,0.12781,180,0,0,1437969
0,0,2,0.5,0.12781,180,0,0,1437987
0,0,2,0.5,0.12781,180,0,0,1438002
0,2,3,0.5,0.12808,180,0,0,1438019
0,2,2,0.5,0.12835,180,0,0,1438037
0,2,3,0.5,0.12862,180,0,0,1438052
-2,1,2,0.5,0.128755,180,0,0,1438069
-1,-1,3,0.5,0.12862,180,0,0,1438087
0,1,3,0.5,0.128755,180,0,0,1438105
0,1,3,0.5,0.12889,180,0,0,1438119
-1,2,2,0.5,0.12916,180,0,0,1438135
0,3,2,0.5,0.129565,180,0,0,1438152
-4,3,0,0.5,0.12997,180,0,0,1438169
0,7,4,0.5,0.130915,180,0,0,1438188
0,0,0,0.5,0.130915,180,0,0,1438201
-6,9,2,0.5,0.13213,180,0,0,1438222
0,5,2,0.5,0.132805,180,0,0,1438237
0,7,2,0.5,0.13375,180,0,0,1438253
1,8,4,0.5,0.13483,180,0,0,1438271
0,7,3,0.5,0.135775,180,0,0,1438287
-1,7,1,0.5,0.13672,180,0,0,1438302
1,6,4,0.5,0.13753,180,0,0,1438320
0,6,1,0.5,0.13834,180,0,0,1438336
-4,6,0,0.5,0.13915,180,0,0,1438354
-1,6,0,0.5,0.13996,180,0,0,1438369
0,9,-2,0.5,0.141175,180,0,0,1438390
0,9,-2,0.5,0.14239,180,0,0,1438403
-2,7,-1,0.5,0.143335,180,0,0,1438420
2,9,-1,0.5,0.14455,180,0,0,1438437
0,12,-1,0.5,0.14617,180,0,0,1438452
0,11,-1,0.5,0.147655,180,0,0,1438470
0,12,0,0.5,0.149275,180,0,0,1438486
0,12,0,0.5,0.150895,180,0,0,1438502
-2,10,3,0.5,0.152245,180,0,0,1438521
0,12,7,0.5,0.153865,180,0,0,1438542
0,1,5,0.5,0.154,180,0,0,1438558
0,0,0,0.5,0.154,180,0,0,1438569
0,-4,4,0.5,0.15346,180,0,0,1438592
1,-5,4,0.5,0.152785,180,0,0,1438604
0,-11,6,0.5,0.1513,180,0,0,1438621
0,-4,3,0.5,0.15076,180,0,0,1438642
0,-4,3,0.5,0.15022,180,0,0,1438652
-2,-2,3,0.5,0.14995,180,0,0,1438672
-3,2,4,0.5,0.15022,180,0,0,1438688
-3,4,1,0.5,0.15076,180,0,0,1438702
0,8,3,0.5,0.15184,180,0,0,1438719
-1,9,4,0.5,0.153055,180,0,0,1438738
0,10,3,0.5,0.154405,180,0,0,1438752
0,11,1,0.5,0.15589,180,0,0,1438769
0,8,0,0.5,0.15697,180,0,0,1438789
0,9,0,0.5,0.158185,180,0,0,1438801
0,6,0,0.5,0.158995,180,0,0,1438818
0,5,-1,0.5,0.15967,180,0,0,1438838
0,4,2,0.5,0.16021,180,0,0,1438852
0,3,2,0.5,0.160615,180,0,0,1438869
-2,4,2,0.5,0.161155,180,0,0,1438887
-1,2,3,0.5,0.161425,180,0,0,1438902
0,2,3,0.5,0.161695,180,0,0,1438919
0,2,3,0.5,0.161965,180,0,0,1438937
0,2,2,0.5,0.162235,180,0,0,1438952
0,2,3,0.5,0.162505,180,0,0,1438972
0,4,2,0.5,0.163045,180,0,0,1438987
0,2,2,0.5,0.163315,180,0,0,1439003
0,7,3,0.5,0.16426,180,0,0,1439020
0,2,1,0.5,0.16453,180,0,0,1439035
-1,2,0,0.5,0.1648,180,0,0,1439052
-1,4,1,0.5,0.16534,180,0,0,1439069
4,2,4,0.5,0.16561,180,0,0,1439087
0,2,2,0.5,0.16588,180,0,0,1439102
-1,3,1,0.5,0.166285,180,0,0,1439125
0,2,2,0.5,0.166555,180,0,0,1439137
0,1,2,0.5,0.16669,180,0,0,1439153
0,3,2,0.5,0.167095,180,0,0,1439169
0,1,1,0.5,0.16723,180,0,0,1439186
0,4,2,0.5,0.16777,180,0,0,1439203
-3,3,0,0.5,0.168175,180,0,0,1439218
-1,3,1,0.5,0.16858,180,0,0,1439236
0,3,2,0.5,0.168985,180,0,0,1439252
0,4,2,0.5,0.169525,180,0,0,1439269
-1,2,2,0.5,0.169795,180,0,0,1439287
0,4,2,0.5,0.170335,180,0,0,1439303
0,4,1,0.5,0.170875,180,0,0,1439319
0,5,1,0.5,0.17155,180,0,0,1439336
0,7,1,0.5,0.172495,180,0,0,1439353
0,16,2,0.5,0.174655,180,0,0,1439378
-1,7,1,0.5,0.1756,180,0,0,1439390
0,6,0,0.5,0.17641,180,0,0,1439402
0,7,0,0.5,0.177355,180,0,0,1439422
0,4,0,0.5,0.177895,180,0,0,1439435
0,4,0,0.5,0.178435,180,0,0,1439452
-1,4,1,0.5,0.178975,180,0,0,1439473
0,6,2,0.5,0.179785,180,0,0,1439486
0,8,1,0.5,0.180865,180,0,0,1439502
0,10,1,0.5,0.182215,180,0,0,1439519
-1,12,1,0.5,0.183835,180,0,0,1439536
1,13,2,0.5,0.18559,180,0,0,1439553
0,14,1,0.5,0.18748,180,0,0,1439569
0,15,2,0.5,0.189505,180,0,0,1439586
0,17,2,0.5,0.1918,180,0,0,1439602
0,20,2,0.5,0.1945,180,0,0,1439619
0,20,2,0.5,0.1972,180,0,0,1439636
0,17,2,0.5,0.199495,180,0,0,1439654
-1,17,1,0.5,0.20179,180,0,0,1439669
0,15,0,0.5,0.203815,180,0,1,1439686
0,10,0,0.5,0.205165,180,0,1,1439702
0,7,0,0.5,0.20611,180,0,1,1439718
-4,5,-2,0.5,0.206785,180,0,1,1439737
-2,3,-1,0.5,0.20719,180,0,1,1439754
-1,1,1,0.5,0.207325,180,0,1,1439770
0,0,1,0.5,0.207325,180,0,1,1439786
0,1,3,0.5,0.20746,180,0,1,1439804
0,3,5,0.5,0.207865,180,0,1,1439820
-2,5,4,0.5,0.20854,180,0,1,1439839
0,6,4,0.5,0.20935,180,0,1,1439856
0,7,4,0.5,0.210295,180,0,1,1439869
0,6,4,0.5,0.211105,180,0,1,1439887
-1,3,4,0.5,0.21151,180,0,1,1439904
0,4,3,0.5,0.21205,180,0,1,1439919
0,3,4,0.5,0.212455,180,0,0,1439937
-1,1,2,0.5,0.21259,180,0,0,1439956
0,2,3,0.5,0.21286,180,0,0,1439970
0,2,1,0.5,0.21313,180,0,0,1439987
0,1,2,0.5,0.213265,180,0,0,1440003
0,0,2,0.5,0.213265,180,0,0,1440019
0,1,1,0.5,0.2134,180,0,0,1440038
0,1,0,0.5,0.213535,180,0,0,1440052
0,1,0,0.5,0.21367,180,0,0,1440068
0,0,0,0.5,0.21367,180,0,0,1440085
0,1,0,0.5,0.213805,180,0,0,1440103
0,1,0,0.5,0.21394,180,0,0,1440118
0,0,0,0.5,0.21394,180,0,0,1440135
0,2,0,0.5,0.21421,180,0,0,1440153
-1,0,0,0.5,0.21421,180,0,0,1440169
0,1,0,0.5,0.214345,180,0,0,1440186
0,2,0,0.5,0.214615,180,0,0,1440202
-1,0,0,0.5,0.214615,180,0,0,1440218
0,1,0,0.5,0.21475,180,0,0,1440235
0,0,0,0.5,0.21475,180,0,0,1440251
0,0,1,0.5,0.21475,180,0,0,1440268
-1,0,0,0.5,0.21475,180,0,0,1440286
0,1,0,0.5,0.214885,180,0,0,1440301
0,1,1,0.5,0.21502,180,0,0,1440318
0,1,0,0.5,0.215155,180,0,0,1440335
0,0,0,0.5,0.215155,180,0,0,1440352
-1,-1,0,0.5,0.21502,180,0,0,1440369
0,1,0,0.5,0.215155,180,0,0,1440386
0,1,0,0.5,0.21529,180,0,0,1440402
0,0,0,0.5,0.21529,180,0,0,1440418
0,1,0,0.5,0.215425,180,0,0,1440436
0,0,1,0.5,0.215425,180,0,0,1440454
0,0,0,0.5,0.215425,180,0,0,1440468
0,1,0,0.5,0.21556,180,0,0,1440486
0,1,0,0.5,0.215695,180,0,0,1440504
0,0,0,0.5,0.215695,180,0,0,1440518
0,0,0,0.5,0.215695,180,0,0,1440535
0,1,0,0.5,0.21583,180,0,0,1440552
0,0,0,0.5,0.21583,180,0,0,1440568
0,0,0,0.5,0.21583,180,0,0,1440584
-1,-1,0,0.5,0.215695,180,0,0,1440602
0,1,0,0.5,0.21583,180,0,0,1440618
0,0,0,0.5,0.21583,180,0,0,1440635
0,1,0,0.5,0.215965,180,0,0,1440652
0,0,0,0.5,0.215965,180,0,0,1440668
0,0,0,0.5,0.215965,180,0,0,1440685
0,1,0,0.5,0.2161,180,0,0,1440701
0,-2,0,0.5,0.21583,180,0,0,1440718
0,1,0,0.5,0.215965,180,0,0,1440735
0,0,0,0.5,0.215965,180,0,0,1440752
0,0,0,0.5,0.215965,180,0,0,1440768
0,0,0,0.5,0.215965,180,0,0,1440785
-1,-1,0,0.5,0.21583,180,0,0,1440804
0,0,0,0.5,0.21583,180,0,0,1440818
0,0,0,0.5,0.21583,180,0,0,1440835
0,0,0,0.5,0.21583,180,0,0,1440851
0,1,0,0.5,0.215965,180,0,0,1440868
0,0,0,0.5,0.215965,180,0,0,1440885
0,0,0,0.5,0.215965,180,0,0,1440901
-1,0,0,0.5,0.215965,180,0,0,1440918
0,1,0,0.5,0.2161,180,0,0,1440935
0,0,0,0.5,0.2161,180,0,0,1440951
0,0,0,0.5,0.2161,180,0,0,1440968
0,0,0,0.5,0.2161,180,0,0,1440985
0,1,0,0.5,0.216235,180,0,0,1441001
0,0,0,0.5,0.216235,180,0,0,1441018
0,0,0,0.5,0.216235,180,0,0,1441035
0,0,0,0.5,0.216235,180,0,0,1441051
0,0,0,0.5,0.216235,180,0,0,1441068
0,1,0,0.5,0.21637,180,0,0,1441085
0,0,0,0.5,0.21637,180,0,0,1441101
-1,0,0,0.5,0.21637,180,0,0,1441118
0,0,0,0.5,0.21637,180,0,0,1441135
0,0,0,0.5,0.21637,180,0,0,1441151
-1,-1,0,0.5,0.216235,180,0,0,1441168
0,0,0,0.5,0.216235,180,0,0,1441185
0,0,0,0.5,0.216235,180,0,0,1441201
0,0,0,0.5,0.216235,180,0,0,1441218
-1,0,0,0.5,0.216235,180,0,0,1441235
0,1,0,0.5,0.21637,180,0,0,1441252
0,0,0,0.5,0.21637,180,0,0,1441268
0,0,0,0.5,0.21637,180,0,0,1441285
0,0,0,0.5,0.21637,180,0,0,1441302
-1,-1,0,0.5,0.216235,180,0,0,1441319
0,0,0,0.5,0.216235,180,0,0,1441335
0,0,0,0.5,0.216235,180,0,0,1441351
0,0,0,0.5,0.216235,180,0,0,1441368
0,0,0,0.5,0.216235,180,0,0,1441385
0,0,0,0.5,0.216235,180,0,0,1441401
0,0,0,0.5,0.216235,180,0,0,1441418
0,0,0,0.5,0.216235,180,0,0,1441435
-1,-1,0,0.5,0.2161,180,0,0,1441452
0,0,0,0.5,0.2161,180,0,0,1441468
0,0,0,0.5,0.2161,180,0,0,1441485
0,0,0,0.5,0.2161,180,0,0,1441502
0,0,0,0.5,0.2161,180,0,0,1441518
-1,-1,0,0.5,0.215965,180,0,0,1441535
-1,0,0,0.5,0.215965,180,0,0,1441552
0,0,0,0.5,0.215965,180,0,0,1441568
0,0,-1,0.5,0.215965,180,0,0,1441588
0,-1,0,0.5,0.21583,180,0,0,1441602
0,0,0,0.5,0.21583,180,0,0,1441618
0,0,0,0.5,0.21583,180,0,0,1441638
0,0,0,0.5,0.21583,180,0,0,1441653
-2,0,0,0.5,0.21583,180,0,0,1441672
0,0,0,0.5,0.21583,180,0,0,1441685
0,-1,0,0.5,0.215695,180,0,0,1441703
0,0,0,0.5,0.215695,180,0,0,1441718
-1,-1,-1,0.5,0.21556,180,0,0,1441737
0,0,0,0.5,0.21556,180,0,0,1441751
0,0,1,0.5,0.21556,180,0,0,1441768
0,0,0,0.5,0.21556,180,0,0,1441784
3,-1,0,0.5,0.215425,180,0,0,1441802
1,0,0,0.5,0.215425,180,0,0,1441819
1,0,0,0.5,0.215425,180,0,0,1441835
0,0,0,0.5,0.215425,180,0,0,1441852
-1,-2,0,0.5,0.215155,180,0,0,1441868
-1,0,0,0.5,0.215155,180,0,0,1441886
3,0,1,0.5,0.215155,180,0,0,1441902
0,0,0,0.5,0.215155,180,0,0,1441918
1,0,0,0.5,0.215155,180,0,0,1441935
-6,0,-3,0.5,0.215155,180,0,0,1441952
0,0,0,0.5,0.215155,180,0,0,1441968
0,0,0,0.5,0.215155,180,0,0,1441985
-1,-1,0,0.5,0.21502,180,0,0,1442002
0,0,0,0.5,0.21502,180,0,0,1442018
0,0,0,0.5,0.21502,180,0,0,1442035
0,0,0,0.5,0.21502,180,0,0,1442051
-1,-2,0,0.5,0.21475,180,0,0,1442069
0,0,0,0.5,0.21475,180,0,0,1442085
0,0,0,0.5,0.21475,180,0,0,1442101
0,0,0,0.5,0.21475,180,0,0,1442118
-1,0,0,0.5,0.21475,180,0,0,1442135
0,0,0,0.5,0.21475,180,0,0,1442151
0,0,0,0.5,0.21475,180,0,0,1442168
0,0,0,0.5,0.21475,180,0,0,1442185
0,0,0,0.5,0.21475,180,0,0,1442201
0,0,0,0.5,0.21475,180,0,0,1442218
0,0,0,0.5,0.21475,180,0,0,1442234
0,-1,0,0.5,0.214615,180,0,0,1442251
0,0,0,0.5,0.214615,180,0,0,1442268
0,0,0,0.5,0.214615,180,0,0,1442284
0,0,0,0.5,0.214615,180,0,0,1442301
0,0,0,0.5,0.214615,180,0,0,1442318
0,0,0,0.5,0.214615,180,0,0,1442335
0,0,0,0.5,0.214615,180,0,0,1442351
-1,0,0,0.5,0.214615,180,0,0,1442368
0,0,0,0.5,0.214615,180,0,0,1442385
0,0,0,0.5,0.214615,180,0,0,1442401
-1,-1,0,0.5,0.21448,180,0,0,1442418
0,0,0,0.5,0.21448,180,0,0,1442435
0,0,0,0.5,0.21448,180,0,0,1442451
0,0,0,0.5,0.21448,180,0,0,1442468
-1,-1,1,0.5,0.214345,180,0,0,1442487
0,0,0,0.5,0.214345,180,0,0,1442502
0,0,0,0.5,0.214345,180,0,0,1442518
0,0,0,0.5,0.214345,180,0,0,1442536
0,0,0,0.5,0.214345,180,0,0,1442552
0,0,0,0.5,0.214345,180,0,0,1442568
0,0,0,0.5,0.214345,180,0,0,1442586
0,0,0,0.5,0.214345,180,0,0,1442602
0,0,0,0.5,0.214345,180,0,0,1442618
3,0,0,0.5,0.214345,180,0,0,1442635
0,0,0,0.5,0.214345,180,0,0,1442651
-1,-1,0,0.5,0.21421,180,0,0,1442669
0,0,0,0.5,0.21421,180,0,0,1442684
0,0,0,0.5,0.21421,180,0,0,1442701
0,0,0,0.5,0.21421,180,0,0,1442718
-1,0,0,0.5,0.21421,180,0,0,1442735
0,0,0,0.5,0.21421,180,0,0,1442751
0,0,0,0.5,0.21421,180,0,0,1442769
0,0,0,0.5,0.21421,180,0,0,1442785
0,0,0,0.5,0.21421,180,0,0,1442801
-1,-2,0,0.5,0.21394,180,0,0,1442821
0,0,0,0.5,0.21394,180,0,0,1442835
0,0,0,0.5,0.21394,180,0,0,1442852
0,1,0,0.5,0.214075,180,0,0,1442869
0,0,0,0.5,0.214075,180,0,0,1442885
0,0,0,0.5,0.214075,180,0,0,1442901
0,0,0,0.5,0.214075,180,0,0,1442918
-1,0,0,0.5,0.214075,180,0,0,1442935
0,0,0,0.5,0.214075,180,0,0,1442951
0,0,0,0.5,0.214075,180,0,0,1442968
0,0,0,0.5,0.214075,180,0,0,1442984
0,0,0,0.5,0.214075,180,0,0,1443001
0,0,0,0.5,0.214075,180,0,0,1443018
-1,-1,0,0.5,0.21394,180,0,0,1443036
0,0,0,0.5,0.21394,180,0,0,1443051
-3,0,0,0.5,0.21394,180,0,0,1443068
0,0,0,0.5,0.21394,180,0,0,1443085
-1,0,0,0.5,0.21394,180,0,0,1443102
0,0,0,0.5,0.21394,180,0,0,1443118
0,0,0,0.5,0.21394,180,0,0,1443135
0,0,0,0.5,0.21394,180,0,0,1443151
0,0,0,0.5,0.21394,180,0,0,1443168
0,0,0,0.5,0.21394,180,0,0,1443184
0,0,0,0.5,0.21394,180,0,0,1443201
-1,-1,0,0.5,0.213805,180,0,0,1443218
0,0,0,0.5,0.213805,180,0,0,1443234
0,1,0,0.5,0.21394,180,0,0,1443252
0,0,0,0.5,0.21394,180,0,0,1443268
0,0,0,0.5,0.21394,180,0,0,1443284
0,0,0,0.5,0.21394,180,0,0,1443301
0,0,0,0.5,0.21394,180,0,0,1443318
2,0,0,0.5,0.21394,180,0,0,1443336
0,0,0,0.5,0.21394,180,0,0,1443352
0,0,1,0.5,0.21394,180,0,0,1443368
0,0,0,0.5,0.21394,180,0,0,1443385
0,0,0,0.5,0.21394,180,0,0,1443401
0,0,0,0.5,0.21394,180,0,0,1443418
0,1,0,0.5,0.214075,180,0,0,1443435
0,0,0,0.5,0.214075,180,0,0,1443452
-1,0,0,0.5,0.214075,180,0,0,1443469
0,0,0,0.5,0.214075,180,0,0,1443485
0,0,0,0.5,0.214075,180,0,0,1443502
0,0,0,0.5,0.214075,180,0,0,1443518
0,0,0,0.5,0.214075,180,0,0,1443534
0,0,0,0.5,0.214075,180,0,0,1443551
0,2,1,0.5,0.214345,180,0,0,1443568
-2,2,0,0.5,0.214615,180,0,0,1443585
0,6,0,0.5,0.215425,180,0,0,1443602
0,9,-1,0.5,0.21664,180,0,0,1443619
0,13,-1,0.5,0.218395,180,0,0,1443636
0,16,-2,0.5,0.220555,180,0,0,1443652
0,21,-3,0.5,0.22339,180,0,0,1443670
0,23,-3,0.5,0.226495,180,0,0,1443687
0,25,-3,0.5,0.22987,180,0,0,1443703
0,24,-4,0.5,0.23311,180,0,0,1443719
0,22,-6,0.5,0.23608,180,0,0,1443737
0,23,-3,0.5,0.239185,180,0,0,1443753
0,21,-1,0.5,0.24202,180,0,0,1443768
0,22,0,0.5,0.24499,180,0,0,1443785
0,54,3,0.5,0.25228,180,0,0,1443804
0,26,2,0.5,0.25579,180,0,0,1443819
0,28,2,0.5,0.25957,180,0,0,1443836
0,29,3,0.5,0.263485,180,0,0,1443853
0,27,3,0.5,0.26713,180,0,0,1443869
0,24,3,0.5,0.27037,180,0,0,1443886
0,17,2,0.5,0.272665,180,0,0,1443903
2,11,5,0.5,0.27415,180,0,0,1443920
0,5,3,0.5,0.274825,180,0,0,1443937
0,3,3,0.5,0.27523,180,0,0,1443954
-1,1,4,0.5,0.275365,180,0,0,1443971
0,1,3,0.5,0.2755,180,0,0,1443986
-1,2,3,0.5,0.27577,180,0,0,1444004
-1,0,3,0.5,0.27577,180,0,0,1444025
0,2,2,0.5,0.27604,180,0,0,1444036
0,1,1,0.5,0.276175,180,0,1,1444053
-1,0,1,0.5,0.276175,180,0,1,1444068
0,0,0,0.5,0.276175,180,0,1,1444085
0,0,-1,0.5,0.276175,180,0,1,1444102
0,-1,-1,0.5,0.27604,180,0,1,1444118
0,0,-2,0.5,0.27604,180,0,0,1444137
-1,-1,-1,0.5,0.275905,180,0,0,1444152
0,1,-1,0.5,0.27604,180,0,0,1444172
0,2,0,0.5,0.27631,180,0,0,1444186
1,1,0,0.5,0.276445,180,0,0,1444201
-1,1,0,0.5,0.27658,180,0,0,1444219
0,1,1,0.5,0.276715,180,0,0,1444236
0,0,0,0.5,0.276715,180,0,0,1444252
0,0,1,0.5,0.276715,180,0,0,1444268
-1,-1,1,0.5,0.27658,180,0,0,1444287
0,0,1,0.5,0.27658,180,0,0,1444303
0,0,0,0.5,0.27658,180,0,0,1444318
0,0,0,0.5,0.27658,180,0,0,1444335
0,0,0,0.5,0.27658,180,0,0,1444351
0,0,0,0.5,0.27658,180,0,0,1444368
0,1,0,0.5,0.276715,180,0,0,1444385
0,0,0,0.5,0.276715,180,0,0,1444401
0,1,0,0.5,0.27685,180,0,0,1444418
0,0,0,0.5,0.27685,180,0,0,1444435
0,0,0,0.5,0.27685,180,0,0,1444451
0,-1,0,0.5,0.276715,180,0,0,1444468
0,0,0,0.5,0.276715,180,0,0,1444484
0,0,0,0.5,0.276715,180,0,0,1444501
0,1,0,0.5,0.27685,180,0,0,1444518
0,0,0,0.5,0.27685,180,0,0,1444534
0,0,0,0.5,0.27685,180,0,0,1444551
0,0,0,0.5,0.27685,180,0,0,1444568
0,0,0,0.5,0.27685,180,0,0,1444584
-1,-2,0,0.5,0.27658,180,0,0,1444602
0,0,0,0.5,0.27658,180,0,0,1444618
0,1,0,0.5,0.276715,180,0,0,1444636
0,0,0,0.5,0.276715,180,0,0,1444651
-1,0,0,0.5,0.276715,180,0,0,1444668
0,0,0,0.5,0.276715,180,0,0,1444685
0,0,0,0.5,0.276715,180,0,0,1444701
0,0,0,0.5,0.276715,180,0,0,1444718
0,0,0,0.5,0.276715,180,0,0,1444734
-1,0,0,0.5,0.276715,180,0,0,1444751
0,0,0,0.5,0.276715,180,0,0,1444768
0,0,0,0.5,0.276715,180,0,0,1444784
0,0,0,0.5,0.276715,180,0,0,1444801
0,1,0,0.5,0.27685,180,0,0,1444821
-1,-1,0,0.5,0.276715,180,0,0,1444837
0,0,0,0.5,0.276715,180,0,0,1444851
0,0,0,0.5,0.276715,180,0,0,1444868
0,1,0,0.5,0.27685,180,0,0,1444886
-1,0,0,0.5,0.27685,180,0,0,1444902
0,0,0,0.5,0.27685,180,0,0,1444918
0,0,0,0.5,0.27685,180,0,0,1444934
0,0,0,0.5,0.27685,180,0,0,1444951
-1,0,0,0.5,0.27685,180,0,0,1444968
0,0,0,0.5,0.27685,180,0,0,1444986
0,0,0,0.5,0.27685,180,0,0,1445001
0,0,0,0.5,0.27685,180,0,0,1445018
0,1,0,0.5,0.276985,180,0,0,1445035
0,0,0,0.5,0.276985,180,0,0,1445051
0,1,0,0.5,0.27712,180,0,0,1445068
0,0,0,0.5,0.27712,180,0,0,1445084
0,0,0,0.5,0.27712,180,0,0,1445101
-1,-1,0,0.5,0.276985,180,0,0,1445119
-1,1,0,0.5,0.27712,180,0,0,1445136
0,0,0,0.5,0.27712,180,0,0,1445151
0,0,0,0.5,0.27712,180,0,0,1445168
-1,-1,0,0.5,0.276985,180,0,0,1445185
0,0,0,0.5,0.276985,180,0,0,1445201
0,1,0,0.5,0.27712,180,0,0,1445219
0,0,0,0.5,0.27712,180,0,0,1445235
-1,-1,0,0.5,0.276985,180,0,0,1445252
0,0,0,0.5,0.276985,180,0,0,1445268
0,0,0,0.5,0.276985,180,0,0,1445285
0,0,0,0.5,0.276985,180,0,0,1445301
0,0,0,0.5,0.276985,180,0,0,1445318
0,0,0,0.5,0.276985,180,0,0,1445334
0,0,0,0.5,0.276985,180,0,0,1445351
0,0,0,0.5,0.276985,180,0,0,1445368
-2,-1,0,0.5,0.27685,180,0,0,1445385
0,0,0,0.5,0.27685,180,0,0,1445401
0,0,0,0.5,0.27685,180,0,0,1445418
0,0,0,0.5,0.27685,180,0,0,1445434
-1,-1,0,0.5,0.276715,180,0,0,1445451
0,0,0,0.5,0.276715,180,0,0,1445468
0,0,0,0.5,0.276715,180,0,0,1445484
0,0,0,0.5,0.276715,180,0,0,1445501
0,0,0,0.5,0.276715,180,0,0,1445518
0,0,0,0.5,0.276715,180,0,0,1445534
0,1,0,0.5,0.27685,180,0,0,1445552
0,0,0,0.5,0.27685,180,0,0,1445568
0,0,0,0.5,0.27685,180,0,0,1445585
0,0,0,0.5,0.27685,180,0,0,1445601
-1,0,0,0.5,0.27685,180,0,0,1445619
0,0,0,0.5,0.27685,180,0,0,1445634
0,0,0,0.5,0.27685,180,0,0,1445651
0,0,0,0.5,0.27685,180,0,0,1445668
0,0,0,0.5,0.27685,180,0,0,1445684
0,0,0,0.5,0.27685,180,0,0,1445701
0,0,0,0.5,0.27685,180,0,0,1445718
0,0,0,0.5,0.27685,180,0,0,1445734
0,0,0,0.5,0.27685,180,0,0,1445751
0,0,0,0.5,0.27685,180,0,0,1445768
0,-1,0,0.5,0.276715,180,0,0,1445785
0,0,0,0.5,0.276715,180,0,0,1445801
0,0,0,0.5,0.276715,180,0,0,1445818
0,0,0,0.5,0.276715,180,0,0,1445835
0,0,0,0.5,0.276715,180,0,0,1445851
0,0,0,0.5,0.276715,180,0,0,1445868
-1,0,0,0.5,0.276715,180,0,0,1445885
0,0,0,0.5,0.276715,180,0,0,1445902
0,0,0,0.5,0.276715,180,0,0,1445918
0,1,0,0.5,0.27685,180,0,0,1445935
0,0,0,0.5,0.27685,180,0,0,1445951
0,0,0,0.5,0.27685,180,0,0,1445968
0,0,0,0.5,0.27685,180,0,0,1445985
-1,-2,0,0.5,0.27658,180,0,0,1446002
-1,0,0,0.5,0.27658,180,0,0,1446018
0,0,0,0.5,0.27658,180,0,0,1446035
0,0,0,0.5,0.27658,180,0,0,1446051
0,0,0,0.5,0.27658,180,0,0,1446068
0,-1,0,0.5,0.276445,180,0,0,1446085
0,0,0,0.5,0.276445,180,0,0,1446101
0,0,0,0.5,0.276445,180,0,0,1446118
0,1,0,0.5,0.27658,180,0,0,1446136
-1,-1,0,0.5,0.276445,180,0,0,1446152
0,0,0,0.5,0.276445,180,0,0,1446168
0,0,0,0.5,0.276445,180,0,0,1446185
0,0,0,0.5,0.276445,180,0,0,1446201
-1,0,0,0.5,0.276445,180,0,0,1446218
0,0,0,0.5,0.276445,180,0,0,1446235
0,0,0,0.5,0.276445,180,0,0,1446251
0,0,0,0.5,0.276445,180,0,0,1446268
-1,0,0,0.5,0.276445,180,0,0,1446285
0,0,0,0.5,0.276445,180,0,0,1446301
0,0,0,0.5,0.276445,180,0,0,1446318
-1,-1,0,0.5,0.27631,180,0,0,1446335
0,0,0,0.5,0.27631,180,0,0,1446351
0,0,0,0.5,0.27631,180,0,0,1446368
-1,-1,0,0.5,0.276175,180,0,0,1446385
0,0,0,0.5,0.276175,180,0,0,1446401
-1,0,0,0.5,0.276175,180,0,0,1446418
-1,1,0,0.5,0.27631,180,0,0,1446438
0,0,0,0.5,0.27631,180,0,0,1446451
0,0,0,0.5,0.27631,180,0,0,1446468
0,0,0,0.5,0.27631,180,0,0,1446484
-1,0,0,0.5,0.27631,180,0,0,1446501
0,0,0,0.5,0.27631,180,0,0,1446518
0,0,0,0.5,0.27631,180,0,0,1446534
0,0,0,0.5,0.27631,180,0,0,1446551
-1,-1,0,0.5,0.276175,180,0,0,1446568
0,1,0,0.5,0.27631,180,0,0,1446585
-1,0,0,0.5,0.27631,180,0,0,1446602
0,0,0,0.5,0.27631,180,0,0,1446618
0,0,0,0.5,0.27631,180,0,0,1446634
0,0,0,0.5,0.27631,180,0,0,1446651
-2,0,0,0.5,0.27631,180,0,0,1446668
0,0,0,0.5,0.27631,180,0,0,1446684
0,0,0,0.5,0.27631,180,0,0,1446701
0,0,0,0.5,0.27631,180,0,0,1446718
-1,0,0,0.5,0.27631,180,0,0,1446735
0,0,0,0.5,0.27631,180,0,0,1446751
0,0,0,0.5,0.27631,180,0,0,1446768
0,1,0,0.5,0.276445,180,0,0,1446785
0,0,0,0.5,0.276445,180,0,0,1446801
-4,0,0,0.5,0.276445,180,0,0,1446819
0,1,0,0.5,0.27658,180,0,0,1446835
0,0,0,0.5,0.27658,180,0,0,1446852
0,0,0,0.5,0.27658,180,0,0,1446868
-1,0,0,0.5,0.27658,180,0,0,1446887
0,1,0,0.5,0.276715,180,0,0,1446902
0,2,0,0.5,0.276985,180,0,0,1446918
0,2,0,0.5,0.277255,180,0,0,1446936
0,3,0,0.5,0.27766,180,0,0,1446951
0,5,0,0.5,0.278335,180,0,0,1446968
-1,5,0,0.5,0.27901,180,0,0,1446986
2,17,0,0.5,0.281305,180,0,0,1447002
0,10,-1,0.5,0.282655,180,0,0,1447019
0,10,0,0.5,0.284005,180,0,0,1447036
0,12,0,0.5,0.285625,180,0,0,1447051
1,11,0,0.5,0.28711,180,0,0,1447069
-1,11,0,0.5,0.288595,180,0,0,1447085
-1,12,0,0.5,0.290215,180,0,0,1447103
0,10,0,0.5,0.291565,180,0,0,1447119
0,10,0,0.5,0.292915,180,0,0,1447135
0,11,0,0.5,0.2944,180,0,0,1447152
0,10,0,0.5,0.29575,180,0,0,1447168
0,10,0,0.5,0.2971,180,0,0,1447186
-1,10,0,0.5,0.29845,180,0,0,1447201
0,10,0,0.5,0.2998,180,0,0,1447218
0,8,0,0.5,0.30088,180,0,0,1447234
0,7,0,0.5,0.301825,180,0,0,1447251
-1,6,0,0.5,0.302635,180,0,0,1447268
0,6,1,0.5,0.303445,180,0,0,1447285
0,8,2,0.5,0.304525,180,0,0,1447302
0,7,2,0.5,0.30547,180,0,0,1447318
0,7,2,0.5,0.306415,180,0,0,1447336
0,5,1,0.5,0.30709,180,0,0,1447352
-1,4,0,0.5,0.30763,180,0,0,1447370
-1,10,-3,0.5,0.30898,180,0,0,1447388
0,0,0,0.5,0.30898,180,0,0,1447401
0,5,-1,0.5,0.309655,180,0,0,1447419
0,6,-3,0.5,0.310465,180,0,0,1447437
0,7,-1,0.5,0.31141,180,0,0,1447452
-2,12,-2,0.5,0.31303,180,0,0,1447470
-1,13,0,0.5,0.314785,180,0,0,1447486
0,17,-1,0.5,0.31708,180,0,0,1447502
0,17,-1,0.5,0.319375,180,0,0,1447519
0,20,-1,0.5,0.322075,180,0,0,1447536
0,22,-2,0.5,0.325045,180,0,0,1447553
0,28,0,0.5,0.328825,180,0,0,1447568
-1,35,-1,0.5,0.33355,180,0,0,1447587
0,38,0,0.5,0.33868,180,0,0,1447602
1,36,-2,0.5,0.34354,180,0,0,1447619
0,33,-2,0.5,0.347995,180,0,0,1447636
0,24,0,0.5,0.351235,180,0,0,1447652
-1,16,1,0.5,0.353395,180,0,0,1447669
-7,13,-1,0.5,0.35515,180,0,0,1447687
6,11,6,0.5,0.356635,180,0,0,1447703
0,12,3,0.5,0.358255,180,0,0,1447719
1,11,5,0.5,0.35974,180,0,0,1447740
0,23,5,0.5,0.362845,180,0,0,1447755
0,0,6,0.5,0.362845,180,0,0,1447769
0,9,5,0.5,0.36406,180,0,0,1447787
-1,6,9,0.5,0.36487,180,0,0,1447806
0,-1,2,0.5,0.364735,180,0,0,1447818
-1,-4,0,0.5,0.364195,180,0,0,1447835
4,-5,1,0.5,0.36352,180,0,0,1447852
-1,-8,-2,0.5,0.36244,180,0,0,1447871
0,-7,-3,0.5,0.361495,180,0,0,1447887
0,-6,-2,0.5,0.360685,180,0,0,1447905
1,-9,-4,0.5,0.35947,180,0,0,1447920
0,-7,-3,0.5,0.358525,180,0,0,1447937
-1,-6,-4,0.5,0.357715,180,0,0,1447956
0,-2,-3,0.5,0.357445,180,0,0,1447969
0,1,-2,0.5,0.35758,180,0,0,1447986
-2,3,-1,0.5,0.357985,180,0,0,1448006
0,5,0,0.5,0.35866,180,0,0,1448018
-2,7,-1,0.5,0.359605,180,0,0,1448036
-1,6,1,0.5,0.360415,180,0,0,1448052
0,6,1,0.5,0.361225,180,0,0,1448069
-1,2,1,0.5,0.361495,180,0,0,1448086
0,3,1,0.5,0.3619,180,0,0,1448104
0,2,2,0.5,0.36217,180,0,0,1448119
0,0,1,0.5,0.36217,180,0,0,1448135
0,0,1,0.5,0.36217,180,0,0,1448152
0,-2,2,0.5,0.3619,180,0,0,1448169
-3,0,-1,0.5,0.3619,180,0,0,1448188
3,0,3,0.5,0.3619,180,0,0,1448202
0,0,1,0.5,0.3619,180,0,0,1448219
-1,0,1,0.5,0.3619,180,0,0,1448236
0,1,0,0.5,0.362035,180,0,0,1448251
0,0,0,0.5,0.362035,180,0,0,1448268
0,1,0,0.5,0.36217,180,0,0,1448285
0,0,0,0.5,0.36217,180,0,0,1448301
0,0,0,0.5,0.36217,180,0,0,1448318
0,1,0,0.5,0.362305,180,0,0,1448335
-1,0,0,0.5,0.362305,180,0,0,1448352
0,1,0,0.5,0.36244,180,0,0,1448368
0,0,0,0.5,0.36244,180,0,0,1448384
0,-1,1,0.5,0.362305,180,0,0,1448401
0,-4,0,0.5,0.361765,180,0,0,1448418
0,-4,0,0.5,0.361225,180,0,0,1448434
0,-3,1,0.5,0.36082,180,0,0,1448452
0,-1,0,0.5,0.360685,180,0,0,1448469
0,0,0,0.5,0.360685,180,0,0,1448484
-1,3,0,0.5,0.36109,180,0,0,1448503
0,5,0,0.5,0.361765,180,0,0,1448521
0,4,0,0.5,0.362305,180,0,0,1448535
0,3,0,0.5,0.36271,180,0,0,1448555
0,1,0,0.5,0.362845,180,0,0,1448568
0,2,0,0.5,0.363115,180,0,0,1448585
0,1,0,0.5,0.36325,180,0,0,1448602
0,1,1,0.5,0.363385,180,0,0,1448618
0,0,0,0.5,0.363385,180,0,0,1448634
0,1,0,0.5,0.36352,180,0,0,1448652
0,0,0,0.5,0.36352,180,0,0,1448668
0,1,0,0.5,0.363655,180,0,0,1448685
-1,1,1,0.5,0.36379,180,0,0,1448704
0,2,0,0.5,0.36406,180,0,0,1448720
0,0,0,0.5,0.36406,180,0,0,1448734
-1,2,1,0.5,0.36433,180,0,0,1448752
-1,-1,0,0.5,0.364195,180,0,0,1448769
0,0,0,0.5,0.364195,180,0,0,1448785
0,1,0,0.5,0.36433,180,0,0,1448802
-1,-1,0,0.5,0.364195,180,0,0,1448818
0,0,0,0.5,0.364195,180,0,0,1448834
0,0,0,0.5,0.364195,180,0,0,1448851
0,1,0,0.5,0.36433,180,0,0,1448870
-1,-1,0,0.5,0.364195,180,0,0,1448885
0,0,0,0.5,0.364195,180,0,0,1448901
0,0,0,0.5,0.364195,180,0,0,1448918
0,1,0,0.5,0.36433,180,0,0,1448935
-1,-1,0,0.5,0.364195,180,0,0,1448952
0,0,0,0.5,0.364195,180,0,0,1448968
0,0,0,0.5,0.364195,180,0,0,1448984
0,0,0,0.5,0.364195,180,0,0,1449001
-1,0,0,0.5,0.364195,180,0,0,1449018
0,0,0,0.5,0.364195,180,0,0,1449034
-2,0,0,0.5,0.364195,180,0,0,1449051
0,0,0,0.5,0.364195,180,0,0,1449067
0,-1,0,0.5,0.36406,180,0,0,1449084
-1,-4,0,0.5,0.36352,180,0,0,1449102
0,-3,0,0.5,0.363115,180,0,0,1449118
0,-6,0,0.5,0.362305,180,0,0,1449134
1,-3,2,0.5,0.3619,180,0,0,1449152
0,-1,0,0.5,0.361765,180,0,0,1449168
2,-1,0,0.5,0.36163,180,0,0,1449185
0,0,0,0.5,0.36163,180,0,0,1449204
0,2,0,0.5,0.3619,180,0,0,1449218
2,4,1,0.5,0.36244,180,0,0,1449236
-2,5,0,0.5,0.363115,180,0,0,1449251
0,4,1,0.5,0.363655,180,0,0,1449269
0,5,1,0.5,0.36433,180,0,0,1449285
0,4,0,0.5,0.36487,180,0,0,1449301
0,4,1,0.5,0.36541,180,0,0,1449319
-1,4,1,0.5,0.36595,180,0,0,1449335
0,4,1,0.5,0.36649,180,0,0,1449355
0,3,1,0.5,0.366895,180,0,0,1449368
0,2,0,0.5,0.367165,180,0,0,1449385
0,2,0,0.5,0.367435,180,0,0,1449402
0,3,0,0.5,0.36784,180,0,0,1449419
0,1,0,0.5,0.367975,180,0,0,1449436
0,0,0,0.5,0.367975,180,0,0,1449452
0,0,0,0.5,0.367975,180,0,0,1449468
0,0,0,0.5,0.367975,180,0,0,1449484
0,0,0,0.5,0.367975,180,0,0,1449501
0,0,0,0.5,0.367975,180,0,0,1449518
-1,-2,0,0.5,0.367705,180,0,0,1449536
0,0,-1,0.5,0.367705,180,0,0,1449554
0,0,0,0.5,0.367705,180,0,0,1449568
0,0,0,0.5,0.367705,180,0,0,1449584
0,0,0,0.5,0.367705,180,0,0,1449601
-1,-1,0,0.5,0.36757,180,0,0,1449619
0,1,0,0.5,0.367705,180,0,0,1449636
0,0,0,0.5,0.367705,180,0,0,1449651
0,0,0,0.5,0.367705,180,0,0,1449668
0,0,0,0.5,0.367705,180,0,0,1449685
0,0,0,0.5,0.367705,180,0,0,1449701
-2,0,0,0.5,0.367705,180,0,0,1449719
0,0,0,0.5,0.367705,180,0,0,1449734
0,0,0,0.5,0.367705,180,0,0,1449751
0,0,0,0.5,0.367705,180,0,0,1449768
-1,1,0,0.5,0.36784,180,0,0,1449785
0,0,0,0.5,0.36784,180,0,0,1449801
0,1,0,0.5,0.367975,180,0,0,1449818
0,0,0,0.5,0.367975,180,0,0,1449834
0,0,0,0.5,0.367975,180,0,0,1449851
0,0,0,0.5,0.367975,180,0,0,1449868
-1,1,0,0.5,0.36811,180,0,0,1449885
0,0,0,0.5,0.36811,180,0,0,1449901
0,1,0,0.5,0.368245,180,0,0,1449919
0,1,0,0.5,0.36838,180,0,0,1449935
0,0,0,0.5,0.36838,180,0,0,1449951
0,0,0,0.5,0.36838,180,0,0,1449967
0,1,0,0.5,0.368515,180,0,0,1449985
0,0,0,0.5,0.368515,180,0,0,1450001
0,0,0,0.5,0.368515,180,0,0,1450017
0,0,0,0.5,0.368515,180,0,0,1450034
-1,0,0,0.5,0.368515,180,0,0,1450052
0,0,0,0.5,0.368515,180,0,0,1450067
0,0,0,0.5,0.368515,180,0,0,1450084
0,0,0,0.5,0.368515,180,0,0,1450101
0,0,0,0.5,0.368515,180,0,0,1450117
0,0,0,0.5,0.368515,180,0,0,1450134
0,0,0,0.5,0.368515,180,0,0,1450151
-1,0,-2,0.5,0.368515,180,0,0,1450168
-1,0,0,0.5,0.368515,180,0,0,1450185
-1,0,0,0.5,0.368515,180,0,0,1450202
0,0,0,0.5,0.368515,180,0,0,1450218
0,0,0,0.5,0.368515,180,0,0,1450234
0,1,0,0.5,0.36865,180,0,0,1450251
-1,0,0,0.5,0.36865,180,0,0,1450269
-1,0,0,0.5,0.36865,180,0,0,1450285
0,0,0,0.5,0.36865,180,0,0,1450301
0,0,0,0.5,0.36865,180,0,0,1450318
0,0,0,0.5,0.36865,180,0,0,1450334
0,0,0,0.5,0.36865,180,0,0,1450351
2,0,2,0.5,0.36865,180,0,0,1450369
0,0,0,0.5,0.36865,180,0,0,1450384
0,1,0,0.5,0.368785,180,0,0,1450401
0,0,0,0.5,0.368785,180,0,0,1450418
-1,-1,0,0.5,0.36865,180,0,0,1450435
0,0,0,0.5,0.36865,180,0,0,1450451
0,0,0,0.5,0.36865,180,0,0,1450468
0,1,0,0.5,0.368785,180,0,0,1450487
0,0,0,0.5,0.368785,180,0,0,1450501
-1,-1,0,0.5,0.36865,180,0,0,1450520
0,0,0,0.5,0.36865,180,0,0,1450534
0,0,0,0.5,0.36865,180,0,0,1450551
0,0,-1,0.5,0.36865,180,0,0,1450569
0,0,0,0.5,0.36865,180,0,0,1450584
0,0,0,0.5,0.36865,180,0,0,1450601
0,0,0,0.5,0.36865,180,0,0,1450618
-1,1,0,0.5,0.368785,180,0,0,1450634
0,0,0,0.5,0.368785,180,0,0,1450651
0,0,0,0.5,0.368785,180,0,0,1450668
0,0,0,0.5,0.368785,180,0,0,1450684
0,0,0,0.5,0.368785,180,0,0,1450701
0,0,0,0.5,0.368785,180,0,0,1450718
-1,-1,0,0.5,0.36865,180,0,0,1450735
0,0,0,0.5,0.36865,180,0,0,1450751
0,1,0,0.5,0.368785,180,0,0,1450769
0,0,0,0.5,0.368785,180,0,0,1450784
-1,-2,0,0.5,0.368515,180,0,0,1450801
0,0,0,0.5,0.368515,180,0,0,1450817
0,0,0,0.5,0.368515,180,0,0,1450834
0,0,0,0.5,0.368515,180,0,0,1450851
1,1,1,0.5,0.36865,180,0,0,1450871
0,0,0,0.5,0.36865,180,0,0,1450885
-1,-1,0,0.5,0.368515,180,0,0,1450902
0,0,0,0.5,0.368515,180,0,0,1450918
0,0,0,0.5,0.368515,180,0,0,1450934
0,1,0,0.5,0.36865,180,0,0,1450952
-1,-1,0,0.5,0.368515,180,0,0,1450969
0,0,0,0.5,0.368515,180,0,0,1450984
0,0,0,0.5,0.368515,180,0,0,1451001
0,1,0,0.5,0.36865,180,0,0,1451018
-1,-1,0,0.5,0.368515,180,0,0,1451035
0,0,0,0.5,0.368515,180,0,0,1451051
0,0,0,0.5,0.368515,180,0,0,1451067
0,0,0,0.5,0.368515,180,0,0,1451084
-1,-1,0,0.5,0.36838,180,0,0,1451101
0,0,0,0.5,0.36838,180,0,0,1451117
0,0,0,0.5,0.36838,180,0,0,1451134
0,0,0,0.5,0.36838,180,0,0,1451151
-1,-1,0,0.5,0.368245,180,0,0,1451168
0,0,0,0.5,0.368245,180,0,0,1451184
0,1,0,0.5,0.36838,180,0,0,1451201
-2,-1,0,0.5,0.368245,180,0,0,1451218
0,0,0,0.5,0.368245,180,0,0,1451234
0,0,0,0.5,0.368245,180,0,0,1451251
0,0,0,0.5,0.368245,180,0,0,1451268
-1,-1,0,0.5,0.36811,180,0,0,1451285
0,0,0,0.5,0.36811,180,0,0,1451301
0,0,0,0.5,0.36811,180,0,0,1451318
0,0,0,0.5,0.36811,180,0,0,1451335
0,0,0,0.5,0.36811,180,0,0,1451351
0,0,0,0.5,0.36811,180,0,0,1451368
0,0,0,0.5,0.36811,180,0,0,1451384
-1,1,0,0.5,0.368245,180,0,0,1451402
0,0,0,0.5,0.368245,180,0,0,1451418
0,0,0,0.5,0.368245,180,0,0,1451434
0,0,0,0.5,0.368245,180,0,0,1451451
-1,-2,0,0.5,0.367975,180,0,0,1451468
0,1,0,0.5,0.36811,180,0,0,1451486
0,0,0,0.5,0.36811,180,0,0,1451501
0,0,0,0.5,0.36811,180,0,0,1451517
0,-1,0,0.5,0.367975,180,0,0,1451536
0,0,0,0.5,0.367975,180,0,0,1451551
0,0,0,0.5,0.367975,180,0,0,1451567
0,0,0,0.5,0.367975,180,0,0,1451585
-1,-1,0,0.5,0.36784,180,0,0,1451601
0,0,0,0.5,0.36784,180,0,0,1451617
0,0,0,0.5,0.36784,180,0,0,1451634
-1,-1,0,0.5,0.367705,180,0,0,1451651
0,0,0,0.5,0.367705,180,0,0,1451668
0,0,0,0.5,0.367705,180,0,0,1451684
0,0,0,0.5,0.367705,180,0,0,1451701
0,0,0,0.5,0.367705,180,0,0,1451717
0,0,0,0.5,0.367705,180,0,0,1451735
0,0,0,0.5,0.367705,180,0,0,1451751
0,0,0,0.5,0.367705,180,0,0,1451767
0,0,0,0.5,0.367705,180,0,0,1451784
0,0,0,0.5,0.367705,180,0,0,1451801
0,0,0,0.5,0.367705,180,0,0,1451818
0,1,0,0.5,0.36784,180,0,0,1451836
-1,0,0,0.5,0.36784,180,0,0,1451853
0,0,0,0.5,0.36784,180,0,0,1451868
0,0,0,0.5,0.36784,180,0,0,1451886
0,0,0,0.5,0.36784,180,0,0,1451901
-1,-1,0,0.5,0.367705,180,0,0,1451918
0,0,0,0.5,0.367705,180,0,0,1451934
0,0,0,0.5,0.367705,180,0,0,1451951
0,0,0,0.5,0.367705,180,0,0,1451967
-1,-1,0,0.5,0.36757,180,0,0,1451984
0,0,0,0.5,0.36757,180,0,0,1452001
0,0,0,0.5,0.36757,180,0,0,1452017
0,0,0,0.5,0.36757,180,0,0,1452034
0,0,0,0.5,0.36757,180,0,0,1452051
0,0,0,0.5,0.36757,180,0,0,1452067
-1,-1,0,0.5,0.367435,180,0,0,1452084
0,0,0,0.5,0.367435,180,0,0,1452101
0,0,0,0.5,0.367435,180,0,0,1452117
0,0,0,0.5,0.367435,180,0,0,1452134
-1,0,0,0.5,0.367435,180,0,0,1452151
0,0,0,0.5,0.367435,180,0,0,1452167
0,0,0,0.5,0.367435,180,0,0,1452184
0,0,0,0.5,0.367435,180,0,0,1452201
-1,-1,0,0.5,0.3673,180,0,0,1452218
0,0,0,0.5,0.3673,180,0,0,1452234
0,0,0,0.5,0.3673,180,0,0,1452251
0,0,0,0.5,0.3673,180,0,0,1452267
0,0,0,0.5,0.3673,180,0,0,1452284
0,0,0,0.5,0.3673,180,0,0,1452301
-1,0,0,0.5,0.3673,180,0,0,1452318
0,0,0,0.5,0.3673,180,0,0,1452334
0,0,0,0.5,0.3673,180,0,0,1452351
0,0,0,0.5,0.3673,180,0,0,1452367
0,0,0,0.5,0.3673,180,0,0,1452384
0,1,0,0.5,0.367435,180,0,0,1452402
-1,-2,0,0.5,0.367165,180,0,0,1452418
0,0,0,0.5,0.367165,180,0,0,1452434
0,0,0,0.5,0.367165,180,0,0,1452451
0,0,0,0.5,0.367165,180,0,0,1452467
0,0,0,0.5,0.367165,180,0,0,1452484
0,0,0,0.5,0.367165,180,0,0,1452501
0,0,0,0.5,0.367165,180,0,0,1452517
-1,0,0,0.5,0.367165,180,0,0,1452534
0,0,0,0.5,0.367165,180,0,0,1452551
0,0,0,0.5,0.367165,180,0,0,1452567
0,0,0,0.5,0.367165,180,0,0,1452585
-1,-1,0,0.5,0.36703,180,0,0,1452601
0,0,0,0.5,0.36703,180,0,0,1452618
0,0,0,0.5,0.36703,180,0,0,1452634
0,0,0,0.5,0.36703,180,0,0,1452651
0,0,0,0.5,0.36703,180,0,0,1452668
0,0,0,0.5,0.36703,180,0,0,1452684
0,0,0,0.5,0.36703,180,0,0,1452701
0,0,0,0.5,0.36703,180,0,0,1452718
-2,0,0,0.5,0.36703,180,0,0,1452735
0,0,0,0.5,0.36703,180,0,0,1452751
0,0,0,0.5,0.36703,180,0,0,1452768
0,0,0,0.5,0.36703,180,0,0,1452784
0,0,0,0.5,0.36703,180,0,0,1452801
0,0,0,0.5,0.36703,180,0,0,1452817
-1,0,0,0.5,0.36703,180,0,0,1452835
0,0,0,0.5,0.36703,180,0,0,1452851
0,1,0,0.5,0.367165,180,0,0,1452869
0,0,0,0.5,0.367165,180,0,0,1452885
0,0,0,0.5,0.367165,180,0,0,1452901
0,0,0,0.5,0.367165,180,0,0,1452917
0,0,0,0.5,0.367165,180,0,0,1452934
-1,-1,0,0.5,0.36703,180,0,0,1452952
0,0,0,0.5,0.36703,180,0,0,1452967
0,0,0,0.5,0.36703,180,0,0,1452984
0,0,0,0.5,0.36703,180,0,0,1453001
0,-1,0,0.5,0.366895,180,0,0,1453018
0,0,0,0.5,0.366895,180,0,0,1453034
0,0,0,0.5,0.366895,180,0,0,1453051
0,0,0,0.5,0.366895,180,0,0,1453067
-1,0,0,0.5,0.366895,180,0,0,1453084
0,0,0,0.5,0.366895,180,0,0,1453101
0,0,0,0.5,0.366895,180,0,0,1453117
0,0,0,0.5,0.366895,180,0,0,1453134
-1,-1,0,0.5,0.36676,180,0,0,1453152
0,0,0,0.5,0.36676,180,0,0,1453167
0,0,0,0.5,0.36676,180,0,0,1453184
0,0,0,0.5,0.36676,180,0,0,1453201
-1,0,0,0.5,0.36676,180,0,0,1453218
0,0,0,0.5,0.36676,180,0,0,1453234
0,0,0,0.5,0.36676,180,0,0,1453251
0,1,0,0.5,0.366895,180,0,0,1453268
0,1,0,0.5,0.36703,180,0,0,1453284
0,4,0,0.5,0.36757,180,0,0,1453301
0,6,0,0.5,0.36838,180,0,0,1453318
0,7,0,0.5,0.369325,180,0,0,1453335
0,10,0,0.5,0.370675,180,0,0,1453351
0,10,-1,0.5,0.372025,180,0,0,1453369
0,12,-1,0.5,0.373645,180,0,0,1453386
1,13,1,0.5,0.3754,180,0,0,1453402
0,14,1,0.5,0.37729,180,0,0,1453420
0,32,6,0.5,0.38161,180,0,0,1453441
0,20,4,0.5,0.38431,180,0,0,1453458
0,21,5,0.5,0.387145,180,0,0,1453472
0,20,5,0.5,0.389845,180,0,0,1453486
0,21,5,0.5,0.39268,180,0,0,1453503
0,21,5,0.5,0.395515,180,0,0,1453520
-1,20,6,0.5,0.398215,180,0,0,1453539
2,23,5,0.5,0.40132,180,0,0,1453552
0,20,5,0.5,0.40402,180,0,0,1453570
-3,20,6,0.5,0.40672,180,0,0,1453586
-1,13,5,0.5,0.408475,180,0,0,1453605
0,10,4,0.5,0.409825,180,0,0,1453619
0,4,3,0.5,0.410365,180,0,0,1453636
-1,1,1,0.5,0.4105,180,0,0,1453652
0,-2,1,0.5,0.41023,180,0,1,1453670
0,-4,0,0.5,0.40969,180,0,1,1453685
0,-1,0,0.5,0.409555,180,0,0,1453701
0,0,0,0.5,0.409555,180,0,0,1453717
-1,2,0,0.5,0.409825,180,0,0,1453736
0,3,0,0.5,0.41023,180,0,0,1453752
0,6,1,0.5,0.41104,180,0,0,1453768
0,4,0,0.5,0.41158,180,0,0,1453785
0,2,0,0.5,0.41185,180,0,0,1453801
0,4,0,0.5,0.41239,180,0,0,1453819
0,3,0,0.5,0.412795,180,0,0,1453835
0,0,0,0.5,0.412795,180,0,0,1453851
0,1,0,0.5,0.41293,180,0,0,1453868
0,0,0,0.5,0.41293,180,0,0,1453884
0,0,0,0.5,0.41293,180,0,0,1453901
0,0,0,0.5,0.41293,180,0,0,1453917
-1,0,0,0.5,0.41293,180,0,0,1453936
0,0,0,0.5,0.41293,180,0,0,1453951
0,0,0,0.5,0.41293,180,0,0,1453967
0,0,0,0.5,0.41293,180,0,0,1453984
-1,-2,1,0.5,0.41266,180,0,0,1454002
0,2,0,0.5,0.41293,180,0,0,1454018
0,0,0,0.5,0.41293,180,0,0,1454034
0,0,0,0.5,0.41293,180,0,0,1454051
0,0,0,0.5,0.41293,180,0,0,1454067
0,2,0,0.5,0.4132,180,0,0,1454085
0,3,-1,0.5,0.413605,180,0,0,1454102
0,4,-1,0.5,0.414145,180,0,0,1454118
0,4,0,0.5,0.414685,180,0,0,1454135
0,7,-1,0.5,0.41563,180,0,0,1454152
0,9,-1,0.5,0.416845,180,0,0,1454168
-2,10,-1,0.5,0.418195,180,0,0,1454188
0,11,-1,0.5,0.41968,180,0,0,1454202
0,15,-3,0.5,0.421705,180,0,0,1454219
0,17,-4,0.5,0.424,180,0,0,1454236
0,17,-4,0.5,0.426295,180,0,0,1454253
0,33,-7,0.5,0.43075,180,0,0,1454271
0,19,-4,0.5,0.433315,180,0,0,1454286
0,17,-2,0.5,0.43561,180,0,0,1454303
0,18,-3,0.5,0.43804,180,0,0,1454319
0,18,-2,0.5,0.44047,180,0,0,1454336
0,22,-2,0.5,0.44344,180,0,0,1454352
0,24,0,0.5,0.44668,180,0,0,1454368
0,30,0,0.5,0.45073,180,0,0,1454387
0,36,1,0.5,0.45559,180,0,0,1454403
3,39,3,0.5,0.460855,180,0,0,1454419
0,39,2,0.5,0.46612,180,0,0,1454436
3,39,4,0.5,0.471385,180,0,0,1454453
-5,30,-1,0.5,0.475435,180,0,0,1454468
-1,28,3,0.5,0.479215,180,0,0,1454488
0,5,0,0.5,0.47989,180,0,0,1454503
2,23,7,0.5,0.482995,180,0,0,1454520
0,25,11,0.5,0.48637,180,0,0,1454537
0,27,13,0.5,0.490015,180,0,0,1454556
3,31,16,0.5,0.4942,180,0,0,1454571
0,31,9,0.5,0.498385,180,0,0,1454587
-1,36,8,0.5,0.503245,180,0,0,1454606
-1,42,6,0.5,0.508915,180,0,0,1454620
0,48,5,0.5,0.515395,180,0,0,1454637
-3,100,7,0.5,0.528895,180,0,0,1454655
-1,43,3,0.5,0.5347,180,0,0,1454669
2,39,5,0.5,0.539965,180,0,0,1454688
0,31,5,0.5,0.54415,180,0,0,1454703
1,31,3,0.5,0.548335,180,0,0,1454718
-1,31,3,0.5,0.55252,180,0,0,1454736
0,32,2,0.5,0.55684,180,0,0,1454751
0,32,0,0.5,0.56116,180,0,0,1454768
0,34,0,0.5,0.56575,180,0,0,1454786
-1,37,-1,0.5,0.570745,180,0,0,1454802
-2,34,0,0.5,0.575335,180,0,0,1454818
0,31,0,0.5,0.57952,180,0,0,1454835
-6,25,-3,0.5,0.582895,180,0,0,1454853
0,22,1,0.5,0.585865,180,0,0,1454868
0,17,5,0.5,0.58816,180,0,0,1454888
0,14,3,0.5,0.59005,180,0,0,1454902
0,12,2,0.5,0.59167,180,0,1,1454918
1,24,8,0.5,0.59491,180,0,1,1454939
-1,16,7,0.5,0.59707,180,0,1,1454957
-1,5,5,0.5,0.597745,180,0,1,1454972
1,0,7,0.5,0.597745,180,0,1,1454989
0,-6,6,0.5,0.596935,180,0,1,1455003
-5,-8,3,0.5,0.595855,180,0,1,1455019
4,-21,9,0.5,0.59302,180,0,1,1455041
0,0,0,0.5,0.59302,180,0,1,1455051
-6,-18,5,0.5,0.59059,180,0,1,1455069
0,-6,5,0.5,0.58978,180,0,0,1455089
0,-2,5,0.5,0.58951,180,0,0,1455106
-1,0,4,0.5,0.58951,180,0,0,1455119
-1,1,4,0.5,0.589645,180,0,0,1455137
0,3,5,0.5,0.59005,180,0,0,1455152
1,3,5,0.5,0.590455,180,0,0,1455169
0,4,4,0.5,0.590995,180,0,0,1455186
0,4,4,0.5,0.591535,180,0,0,1455202
0,3,3,0.5,0.59194,180,0,0,1455218
0,4,3,0.5,0.59248,180,0,0,1455237
0,2,2,0.5,0.59275,180,0,0,1455252
0,4,3,0.5,0.59329,180,0,0,1455269
0,2,2,0.5,0.59356,180,0,0,1455287
-1,0,1,0.5,0.59356,180,0,0,1455302
0,3,1,0.5,0.593965,180,0,0,1455318
0,0,1,0.5,0.593965,180,0,0,1455335
-1,1,1,0.5,0.5941,180,0,0,1455351
0,0,0,0.5,0.5941,180,0,0,1455367
3,1,4,0.5,0.594235,180,0,0,1455388
0,1,0,0.5,0.59437,180,0,0,1455401
-1,0,0,0.5,0.59437,180,0,0,1455419
0,1,0,0.5,0.594505,180,0,0,1455436
0,2,0,0.5,0.594775,180,0,0,1455452
1,1,0,0.5,0.59491,180,0,0,1455468
0,1,1,0.5,0.595045,180,0,0,1455485
0,2,1,0.5,0.595315,180,0,0,1455502
0,3,1,0.5,0.59572,180,0,0,1455518
0,2,1,0.5,0.59599,180,0,0,1455536
0,2,1,0.5,0.59626,180,0,0,1455551
-3,2,1,0.5,0.59653,180,0,0,1455568
0,2,1,0.5,0.5968,180,0,0,1455587
0,2,2,0.5,0.59707,180,0,0,1455602
0,2,2,0.5,0.59734,180,0,0,1455618
0,0,1,0.5,0.59734,180,0,0,1455635
0,2,2,0.5,0.59761,180,0,0,1455652
0,2,2,0.5,0.59788,180,0,0,1455670
0,2,2,0.5,0.59815,180,0,0,1455685
0,4,2,0.5,0.59869,180,0,0,1455702
0,3,2,0.5,0.599095,180,0,0,1455719
0,3,3,0.5,0.5995,180,0,0,1455740
0,3,2,0.5,0.599905,180,0,0,1455754
0,2,3,0.5,0.600175,180,0,0,1455769
-1,5,3,0.5,0.60085,180,0,0,1455787
0,6,3,0.5,0.60166,180,0,0,1455806
0,6,4,0.5,0.60247,180,0,0,1455820
0,8,4,0.5,0.60355,180,0,0,1455836
0,20,5,0.5,0.60625,180,0,0,1455853
-1,12,6,0.5,0.60787,180,0,0,1455870
0,14,2,0.5,0.60976,180,0,0,1455885
0,16,1,0.5,0.61192,180,0,0,1455902
1,19,0,0.5,0.614485,180,0,0,1455918
0,19,0,0.5,0.61705,180,0,0,1455934
-2,20,1,0.5,0.61975,180,0,0,1455952
2,20,1,0.5,0.62245,180,0,0,1455968
0,22,0,0.5,0.62542,180,0,0,1455984
-1,22,1,0.5,0.62839,180,0,0,1456003
0,25,0,0.5,0.631765,180,0,0,1456020
0,28,-1,0.5,0.635545,180,0,0,1456035
0,27,-2,0.5,0.63919,180,0,0,1456052
-1,26,-3,0.5,0.6427,180,0,0,1456071
0,28,-2,0.5,0.64648,180,0,0,1456085
0,23,0,0.5,0.649585,180,0,0,1456101
-1,25,0,0.5,0.65296,180,0,0,1456118
4,25,2,0.5,0.656335,180,0,0,1456137
1,24,1,0.5,0.659575,180,0,0,1456152
0,24,0,0.5,0.662815,180,0,0,1456170
0,20,0,0.5,0.665515,180,0,0,1456184
0,19,0,0.5,0.66808,180,0,0,1456201
0,18,0,0.5,0.67051,180,0,0,1456218
0,17,0,0.5,0.672805,180,0,0,1456234
-4,22,-1,0.5,0.675775,180,0,0,1456252
-11,51,-9,0.5,0.68266,180,0,0,1456270
-11,30,-8,0.5,0.68671,180,0,0,1456289
0,32,-1,0.5,0.69103,180,0,0,1456301
0,28,0,0.5,0.69481,180,0,0,1456319
0,28,0,0.5,0.69859,180,0,0,1456334
-1,25,0,0.5,0.701965,180,0,0,1456351
-1,23,3,0.5,0.70507,180,0,0,1456372
0,25,3,0.5,0.708445,180,0,0,1456386
0,31,3,0.5,0.71,180,0,0,1456401
