0,25,-6,0.5,-0.706625,180,0,0,604033
0,27,-4,0.5,-0.70298,180,0,0,604042
2,25,-3,0.5,-0.699605,180,0,0,604051
0,22,-3,0.5,-0.696635,180,0,0,604068
0,20,-4,0.5,-0.693935,180,0,0,604085
0,16,-3,0.5,-0.691775,180,0,0,604101
0,16,-5,0.5,-0.689615,180,0,0,604118
0,14,-4,0.5,-0.687725,180,0,0,604136
-2,14,-4,0.5,-0.685835,180,0,0,604151
-1,16,-5,0.5,-0.683675,180,0,0,604168
3,20,-3,0.5,-0.680975,180,0,0,604184
0,22,-3,0.5,-0.678005,180,0,0,604201
0,24,-4,0.5,-0.674765,180,0,0,604220
0,26,-3,0.5,-0.671255,180,0,0,604235
1,29,-2,0.5,-0.66734,180,0,0,604250
0,29,-5,0.5,-0.663425,180,0,0,604267
0,28,-3,0.5,-0.659645,180,0,0,604284
1,27,-4,0.5,-0.656,180,0,0,604302
-1,25,-4,0.5,-0.652625,180,0,0,604318
0,26,-4,0.5,-0.649115,180,0,0,604336
5,22,-1,0.5,-0.646145,180,0,0,604350
-1,20,-2,0.5,-0.643445,180,0,0,604367
1,20,-4,0.5,-0.640745,180,0,0,604385
0,37,-9,0.5,-0.63575,180,0,0,604407
0,21,-5,0.5,-0.632915,180,0,0,604418
0,21,-6,0.5,-0.63008,180,0,0,604440
0,21,-6,0.5,-0.627245,180,0,0,604452
0,22,-6,0.5,-0.624275,180,0,0,604469
-1,26,-5,0.5,-0.620765,180,0,0,604488
0,27,-5,0.5,-0.61712,180,0,0,604504
-2,30,-5,0.5,-0.61307,180,0,0,604519
-3,30,-7,0.5,-0.60902,180,0,0,604538
0,30,-4,0.5,-0.60497,180,0,0,604551
0,30,-5,0.5,-0.60092,180,0,0,604569
0,30,-6,0.5,-0.59687,180,0,0,604585
0,28,-5,0.5,-0.59309,180,0,0,604601
2,27,-5,0.5,-0.589445,180,0,0,604618
-1,25,-5,0.5,-0.58607,180,0,0,604634
-1,23,-7,0.5,-0.582965,180,0,0,604651
0,20,-6,0.5,-0.580265,180,0,0,604670
-1,19,-6,0.5,-0.5777,180,0,0,604685
0,18,-6,0.5,-0.57527,180,0,0,604701
0,17,-6,0.5,-0.572975,180,0,0,604718
0,19,-5,0.5,-0.57041,180,0,0,604735
0,21,-5,0.5,-0.567575,180,0,0,604752
0,20,-4,0.5,-0.564875,180,0,0,604769
3,21,-4,0.5,-0.56204,180,0,0,604785
-2,45,-9,0.5,-0.555965,180,0,0,604803
-1,25,-5,0.5,-0.55259,180,0,0,604818
0,25,-6,0.5,-0.549215,180,0,0,604835
0,25,-4,0.5,-0.54584,180,0,0,604851
1,24,-7,0.5,-0.5426,180,0,0,604869
0,23,-5,0.5,-0.539495,180,0,0,604884
0,21,-4,0.5,-0.53666,180,0,0,604904
0,21,-8,0.5,-0.533825,180,0,0,604921
0,18,-5,0.5,-0.531395,180,0,0,604935
0,16,-6,0.5,-0.529235,180,0,0,604952
0,11,-5,0.5,-0.52775,180,0,0,604970
0,8,-5,0.5,-0.52667,180,0,0,604984
0,5,-3,0.5,-0.525995,180,0,0,605001
0,2,-2,0.5,-0.525725,180,0,0,605017
0,2,-2,0.5,-0.525455,180,0,0,605034
-1,2,-1,0.5,-0.525185,180,0,0,605050
5,1,0,0.5,-0.52505,180,0,0,605066
-3,-2,-2,0.5,-0.52532,180,0,0,605084
0,-6,-1,0.5,-0.52613,180,0,0,605100
5,-8,1,0.5,-0.52721,180,0,0,605117
1,-7,-1,0.5,-0.528155,180,0,0,605134
1,-7,-3,0.5,-0.5291,180,0,0,605153
0,-8,-5,0.5,-0.53018,180,0,0,605168
0,-18,-3,0.5,-0.53261,180,0,0,605186
0,0,-3,0.5,-0.53261,180,0,0,605201
-4,-7,-8,0.5,-0.533555,180,0,0,605220
1,2,-5,0.5,-0.533285,180,0,0,605235
0,8,-4,0.5,-0.532205,180,0,0,605251
-1,10,-6,0.5,-0.530855,180,0,0,605270
-1,14,-5,0.5,-0.528965,180,0,0,605285
0,18,-7,0.5,-0.526535,180,0,0,605305
0,22,-7,0.5,-0.523565,180,0,0,605318
0,25,-6,0.5,-0.52019,180,0,0,605335
0,29,-5,0.5,-0.516275,180,0,0,605352
7,31,-2,0.5,-0.51209,180,0,0,605367
0,32,-4,0.5,-0.50777,180,0,0,605385
-1,31,-3,0.5,-0.503585,180,0,0,605400
0,30,-2,0.5,-0.499535,180,0,0,605417
0,30,-3,0.5,-0.495485,180,0,0,605435
0,28,-1,0.5,-0.491705,180,0,0,605452
1,26,-1,0.5,-0.488195,180,0,0,605467
2,25,-3,0.5,-0.48482,180,0,0,605485
-1,26,-3,0.5,-0.48131,180,0,0,605501
0,27,-3,0.5,-0.477665,180,0,0,605518
-3,28,-6,0.5,-0.473885,180,0,0,605537
1,29,-5,0.5,-0.46997,180,0,0,605551
0,28,-5,0.5,-0.46619,180,0,0,605568
0,29,-5,0.5,-0.462275,180,0,0,605585
0,27,-5,0.5,-0.45863,180,0,0,605602
0,50,-9,0.5,-0.45188,180,0,0,605622
0,24,-5,0.5,-0.44864,180,0,0,605636
0,23,-6,0.5,-0.445535,180,0,0,605652
0,21,-7,0.5,-0.4427,180,0,0,605668
0,18,-7,0.5,-0.44027,180,0,0,605686
0,15,-7,0.5,-0.438245,180,0,0,605701
5,14,-5,0.5,-0.436355,180,0,0,605718
0,14,-6,0.5,-0.434465,180,0,0,605735
0,14,-6,0.5,-0.432575,180,0,0,605753
0,16,-5,0.5,-0.430415,180,0,0,605768
0,15,-5,0.5,-0.42839,180,0,0,605785
0,15,-4,0.5,-0.426365,180,0,0,605801
-4,16,-8,0.5,-0.424205,180,0,0,605819
0,17,-4,0.5,-0.42191,180,0,0,605836
0,16,-4,0.5,-0.41975,180,0,0,605851
1,16,-3,0.5,-0.41759,180,0,0,605867
0,14,-4,0.5,-0.4157,180,0,0,605886
-1,14,-6,0.5,-0.41381,180,0,0,605901
0,14,-5,0.5,-0.41192,180,0,0,605919
0,14,-6,0.5,-0.41003,180,0,0,605937
2,16,-7,0.5,-0.40787,180,0,0,605951
0,15,-6,0.5,-0.405845,180,0,0,605970
0,17,-6,0.5,-0.40355,180,0,0,605985
1,19,-4,0.5,-0.400985,180,0,0,606001
0,47,-10,0.5,-0.39464,180,0,0,606019
0,0,-1,0.5,-0.39464,180,0,0,606035
0,54,-10,0.5,-0.38735,180,0,0,606052
5,28,-2,0.5,-0.38357,180,0,0,606067
-5,28,-9,0.5,-0.37979,180,0,0,606085
0,29,-5,0.5,-0.375875,180,0,0,606101
0,31,-6,0.5,-0.37169,180,0,0,606118
0,28,-4,0.5,-0.36791,180,0,0,606136
0,25,-5,0.5,-0.364535,180,0,0,606151
0,27,-6,0.5,-0.36089,180,0,0,606168
0,24,-7,0.5,-0.35765,180,0,0,606186
0,23,-7,0.5,-0.354545,180,0,0,606202
0,24,-8,0.5,-0.351305,180,0,0,606219
0,23,-7,0.5,-0.3482,180,0,0,606236
0,26,-7,0.5,-0.34469,180,0,0,606251
0,26,-7,0.5,-0.34118,180,0,0,606268
0,28,-6,0.5,-0.3374,180,0,0,606287
0,27,-6,0.5,-0.333755,180,0,0,606301
0,30,-7,0.5,-0.329705,180,0,0,606318
-1,29,-7,0.5,-0.32579,180,0,0,606339
3,28,-5,0.5,-0.32201,180,0,0,606351
-5,30,-8,0.5,-0.31796,180,0,0,606371
3,26,-4,0.5,-0.31445,180,0,0,606386
1,25,-5,0.5,-0.311075,180,0,0,606402
-2,47,-14,0.5,-0.30473,180,0,0,606419
0,25,-6,0.5,-0.301355,180,0,0,606438
-1,24,-8,0.5,-0.298115,180,0,0,606454
-2,25,-8,0.5,-0.29474,180,0,0,606469
0,23,-7,0.5,-0.291635,180,0,0,606487
5,28,-4,0.5,-0.287855,180,0,0,606503
0,29,-5,0.5,-0.28394,180,0,0,606519
0,28,-6,0.5,-0.28016,180,0,0,606538
0,30,-7,0.5,-0.27611,180,0,0,606552
0,30,-8,0.5,-0.27206,180,0,0,606569
0,31,-6,0.5,-0.267875,180,0,0,606587
-1,30,-6,0.5,-0.263825,180,0,0,606602
0,28,-6,0.5,-0.260045,180,0,0,606620
0,27,-6,0.5,-0.2564,180,0,0,606637
-2,24,-8,0.5,-0.25316,180,0,0,606651
2,23,-6,0.5,-0.250055,180,0,0,606668
1,22,-7,0.5,-0.247085,180,0,0,606688
0,20,-8,0.5,-0.244385,180,0,0,606702
0,19,-7,0.5,-0.24182,180,0,0,606721
-4,16,-8,0.5,-0.23966,180,0,0,606738
-1,14,-5,0.5,-0.23777,180,0,0,606752
0,12,-5,0.5,-0.23615,180,0,0,606769
0,12,-5,0.5,-0.23453,180,0,0,606785
0,9,-5,0.5,-0.233315,180,0,0,606801
-1,8,-5,0.5,-0.232235,180,0,0,606818
0,-1,-7,0.5,-0.23237,180,0,0,606836
7,-2,-1,0.5,-0.23264,180,0,0,606851
10,-4,0,0.5,-0.23318,180,0,0,606867
0,-8,-5,0.5,-0.23426,180,0,0,606885
0,-9,-4,0.5,-0.235475,180,0,0,606901
0,-13,-4,0.5,-0.23723,180,0,0,606918
2,-15,-4,0.5,-0.239255,180,0,0,606935
0,-18,-4,0.5,-0.241685,180,0,0,606951
0,-15,-5,0.5,-0.24371,180,0,0,606969
-1,-15,-3,0.5,-0.245735,180,0,0,606985
-1,-11,-5,0.5,-0.24722,180,0,0,607001
2,-7,-2,0.5,-0.248165,180,0,0,607017
1,-4,-3,0.5,-0.248705,180,0,0,607035
0,-1,-2,0.5,-0.24884,180,0,0,607050
-3,0,-2,0.5,-0.24884,180,0,0,607068
0,-1,0,0.5,-0.248975,180,0,0,607083
0,-1,0,0.5,-0.24911,180,0,0,607100
0,-5,-1,0.5,-0.249785,180,0,0,607117
0,-5,0,0.5,-0.25046,180,0,0,607133
0,-6,-1,0.5,-0.25127,180,0,0,607150
3,-4,-1,0.5,-0.25181,180,0,0,607167
0,-2,-2,0.5,-0.25208,180,0,0,607184
0,-1,-2,0.5,-0.252215,180,0,0,607201
1,1,-4,0.5,-0.25208,180,0,0,607218
0,3,-2,0.5,-0.251675,180,0,0,607234
0,8,-2,0.5,-0.250595,180,0,0,607250
0,14,-2,0.5,-0.248705,180,0,0,607268
0,20,-2,0.5,-0.246005,180,0,0,607284
-2,26,0,0.5,-0.242495,180,0,0,607300
3,28,-1,0.5,-0.238715,180,0,0,607317
-1,34,0,0.5,-0.234125,180,0,0,607333
1,35,0,0.5,-0.2294,180,0,0,607350
0,37,0,0.5,-0.224405,180,0,0,607366
0,41,0,0.5,-0.21887,180,0,0,607384
0,43,0,0.5,-0.213065,180,0,0,607400
0,38,1,0.5,-0.207935,180,0,0,607417
1,42,-3,0.5,-0.202265,180,0,0,607435
0,39,-3,0.5,-0.197,180,0,0,607450
1,37,-3,0.5,-0.192005,180,0,0,607467
0,35,-4,0.5,-0.18728,180,0,0,607485
0,34,-2,0.5,-0.18269,180,0,0,607500
-1,30,-3,0.5,-0.17864,180,0,0,607518
0,27,-4,0.5,-0.174995,180,0,0,607534
0,25,-4,0.5,-0.17162,180,0,0,607552
0,49,-9,0.5,-0.165005,180,0,0,607568
-1,1,0,0.5,-0.16487,180,0,0,607584
-2,52,-10,0.5,-0.15785,180,0,0,607605
0,24,-2,0.5,-0.15461,180,0,0,607618
0,23,0,0.5,-0.151505,180,0,0,607633
2,19,-4,0.5,-0.14894,180,0,0,607651
-2,17,-4,0.5,-0.146645,180,0,0,607667
-1,14,-2,0.5,-0.144755,180,0,0,607684
0,9,-1,0.5,-0.14354,180,0,0,607700
0,5,-2,0.5,-0.142865,180,0,0,607717
0,1,-1,0.5,-0.14273,180,0,0,607734
0,-7,-3,0.5,-0.143675,180,0,0,607750
0,-9,-1,0.5,-0.14489,180,0,0,607767
0,-12,-3,0.5,-0.14651,180,0,0,607784
0,-12,-3,0.5,-0.14813,180,0,0,607801
0,-12,-3,0.5,-0.14975,180,0,0,607817
0,-9,-3,0.5,-0.150965,180,0,0,607835
0,-4,-4,0.5,-0.151505,180,0,0,607851
5,-2,-3,0.5,-0.151775,180,0,0,607867
0,3,-4,0.5,-0.15137,180,0,0,607884
0,5,-6,0.5,-0.150695,180,0,0,607902
0,8,-7,0.5,-0.149615,180,0,0,607918
-5,9,-7,0.5,-0.1484,180,0,0,607936
0,12,-7,0.5,-0.14678,180,0,0,607953
0,28,-11,0.5,-0.143,180,0,0,607969
0,0,0,0.5,-0.143,180,0,0,607983
0,18,-7,0.5,-0.14057,180,0,0,608002
2,43,-7,0.5,-0.134765,180,0,0,608019
0,26,-15,0.5,-0.131255,180,0,0,608037
-5,27,-9,0.5,-0.12761,180,0,0,608053
0,29,-7,0.5,-0.123695,180,0,0,608071
0,31,-7,0.5,-0.11951,180,0,0,608086
0,33,-7,0.5,-0.115055,180,0,0,608102
0,31,-6,0.5,-0.11087,180,0,0,608119
0,30,-6,0.5,-0.10682,180,0,0,608137
0,28,-5,0.5,-0.10304,180,0,0,608151
0,26,-5,0.5,-0.09953,180,0,0,608169
0,26,-6,0.5,-0.09602,180,0,0,608187
-2,26,-6,0.5,-0.09251,180,0,0,608202
3,26,-4,0.5,-0.089,180,0,0,608220
1,28,-4,0.5,-0.08522,180,0,0,608236
-3,29,-7,0.5,-0.081305,180,0,0,608255
-1,30,-6,0.5,-0.077255,180,0,0,608271
0,29,-3,0.5,-0.07334,180,0,0,608284
0,27,-4,0.5,-0.069695,180,0,0,608301
0,26,-3,0.5,-0.066185,180,0,0,608318
-3,25,-5,0.5,-0.06281,180,0,0,608334
0,25,-4,0.5,-0.059435,180,0,0,608352
1,41,-7,0.5,-0.0539,180,0,0,608370
-1,15,-3,0.5,-0.051875,180,0,0,608384
0,11,-4,0.5,-0.05039,180,0,0,608401
1,9,-4,0.5,-0.049175,180,0,0,608418
0,5,-4,0.5,-0.0485,180,0,0,608435
0,3,-3,0.5,-0.048095,180,0,0,608451
-1,0,-2,0.5,-0.048095,180,0,0,608468
0,-4,-2,0.5,-0.048635,180,0,0,608484
0,-7,-2,0.5,-0.04958,180,0,0,608501
0,-8,-2,0.5,-0.05066,180,0,0,608517
0,-9,-3,0.5,-0.051875,180,0,0,608534
2,-7,-2,0.5,-0.05282,180,0,0,608551
0,-7,-3,0.5,-0.053765,180,0,0,608569
0,-5,-3,0.5,-0.05444,180,0,0,608584
0,-3,-4,0.5,-0.054845,180,0,0,608601
-1,2,-4,0.5,-0.054575,180,0,0,608619
0,3,-5,0.5,-0.05417,180,0,0,608636
0,5,-6,0.5,-0.053495,180,0,0,608651
-1,7,-6,0.5,-0.05255,180,0,0,608668
-2,7,-8,0.5,-0.051605,180,0,0,608685
-2,9,-6,0.5,-0.05039,180,0,0,608701
2,10,-8,0.5,-0.04904,180,0,0,608718
2,10,-5,0.5,-0.04769,180,0,0,608735
-1,13,-9,0.5,-0.045935,180,0,0,608753
2,28,-14,0.5,-0.042155,180,0,0,608772
0,16,-6,0.5,-0.039995,180,0,0,608785
0,18,-5,0.5,-0.037565,180,0,0,608801
0,19,-5,0.5,-0.035,180,0,0,608818
0,22,-5,0.5,-0.03203,180,0,0,608835
0,25,-4,0.5,-0.028655,180,0,0,608854
1,24,-4,0.5,-0.025415,180,0,0,608868
0,26,-5,0.5,-0.021905,180,0,0,608886
0,31,-6,0.5,-0.01772,180,0,0,608902
0,30,-5,0.5,-0.01367,180,0,0,608918
0,29,-7,0.5,-0.009755,180,0,0,608936
1,29,-6,0.5,-0.00584,180,0,0,608951
0,27,-7,0.5,-0.002195,180,0,0,608968
0,27,-8,0.5,0.00145,180,0,0,608988
0,27,-7,0.5,0.005095,180,0,0,609004
0,27,-6,0.5,0.00874,180,0,0,609019
0,30,-5,0.5,0.01279,180,0,0,609036
0,28,-5,0.5,0.01657,180,0,0,609051
0,26,-4,0.5,0.02008,180,0,0,609068
0,25,-4,0.5,0.023455,180,0,0,609087
-3,23,-5,0.5,0.02656,180,0,0,609101
0,21,-3,0.5,0.029395,180,0,0,609117
0,22,-3,0.5,0.032365,180,0,0,609135
-1,21,-4,0.5,0.0352,180,0,0,609151
3,23,-4,0.5,0.038305,180,0,0,609168
0,22,-4,0.5,0.041275,180,0,0,609185
3,23,-4,0.5,0.04438,180,0,0,609201
1,45,-11,0.5,0.050455,180,0,0,609221
0,20,-7,0.5,0.053155,180,0,0,609236
0,22,-6,0.5,0.056125,180,0,0,609251
-4,24,-9,0.5,0.059365,180,0,0,609270
0,25,-6,0.5,0.06274,180,0,0,609284
4,28,-5,0.5,0.06652,180,0,0,609301
0,27,-5,0.5,0.070165,180,0,0,609318
0,26,-6,0.5,0.073675,180,0,0,609334
0,27,-5,0.5,0.07732,180,0,0,609351
0,25,-5,0.5,0.080695,180,0,0,609368
-6,25,-7,0.5,0.08407,180,0,0,609385
0,22,-5,0.5,0.08704,180,0,0,609401
0,20,-6,0.5,0.08974,180,0,0,609418
3,19,-4,0.5,0.092305,180,0,0,609434
0,20,-6,0.5,0.095005,180,0,0,609451
0,18,-7,0.5,0.097435,180,0,0,609469
1,19,-5,0.5,0.1,180,0,0,609485
0,20,-7,0.5,0.1027,180,0,0,609501
0,22,-5,0.5,0.10567,180,0,0,609518
1,25,-4,0.5,0.109045,180,0,0,609535
0,26,-5,0.5,0.112555,180,0,0,609552
0,57,-11,0.5,0.12025,180,0,0,609571
0,27,-5,0.5,0.123895,180,0,0,609584
-6,33,-9,0.5,0.12835,180,0,0,609602
-2,30,-6,0.5,0.1324,180,0,0,609620
1,28,-5,0.5,0.13618,180,0,0,609635
0,24,-6,0.5,0.13942,180,0,0,609651
0,22,-7,0.5,0.14239,180,0,0,609668
0,19,-7,0.5,0.144955,180,0,0,609690
0,18,-7,0.5,0.147385,180,0,0,609701
0,14,-7,0.5,0.149275,180,0,0,609718
0,14,-7,0.5,0.151165,180,0,0,609735
0,12,-6,0.5,0.152785,180,0,0,609751
-1,13,-5,0.5,0.15454,180,0,0,609770
-3,14,-8,0.5,0.15643,180,0,0,609789
-1,15,-7,0.5,0.158455,180,0,0,609802
0,16,-7,0.5,0.160615,180,0,0,609821
0,17,-6,0.5,0.16291,180,0,0,609835
0,19,-7,0.5,0.165475,180,0,0,609854
0,20,-6,0.5,0.168175,180,0,0,609871
0,21,-6,0.5,0.17101,180,0,0,609885
-1,23,-5,0.5,0.174115,180,0,0,609903
0,22,-4,0.5,0.177085,180,0,0,609917
2,18,-4,0.5,0.179515,180,0,0,609934
0,19,-6,0.5,0.18208,180,0,0,609952
0,25,-10,0.5,0.185455,180,0,0,609971
0,7,0,0.5,0.1864,180,0,0,609983
0,3,-7,0.5,0.186805,180,0,0,610003
0,0,-2,0.5,0.186805,180,0,0,610017
0,-2,-2,0.5,0.186535,180,0,0,610034
0,-7,-2,0.5,0.18559,180,0,0,610051
0,-9,-2,0.5,0.184375,180,0,0,610067
0,-10,-3,0.5,0.183025,180,0,0,610084
0,-9,-3,0.5,0.18181,180,0,0,610102
0,-9,-4,0.5,0.180595,180,0,0,610119
0,-9,-4,0.5,0.17938,180,0,0,610134
0,-7,-4,0.5,0.178435,180,0,0,610151
0,-5,-4,0.5,0.17776,180,0,0,610168
0,-3,-4,0.5,0.177355,180,0,0,610186
0,-1,-5,0.5,0.17722,180,0,0,610203
0,0,-5,0.5,0.17722,180,0,0,610217
0,2,-6,0.5,0.17749,180,0,0,610235
-1,3,-5,0.5,0.177895,180,0,0,610251
0,7,-5,0.5,0.17884,180,0,0,610268
0,7,-6,0.5,0.179785,180,0,0,610285
0,10,-6,0.5,0.181135,180,0,0,610301
0,9,-4,0.5,0.18235,180,0,0,610318
-1,10,-6,0.5,0.1837,180,0,0,610334
0,16,-4,0.5,0.18586,180,0,0,610351
0,20,-5,0.5,0.18856,180,0,0,610368
0,50,-4,0.5,0.19531,180,0,0,610385
0,29,-7,0.5,0.199225,180,0,0,610402
0,32,-1,0.5,0.203545,180,0,0,610417
0,34,-7,0.5,0.208135,180,0,0,610435
0,35,-4,0.5,0.21286,180,0,0,610451
0,34,-4,0.5,0.21745,180,0,0,610467
0,35,-5,0.5,0.222175,180,0,0,610484
-1,35,-5,0.5,0.2269,180,0,0,610501
1,33,-5,0.5,0.231355,180,0,0,610518
2,32,-5,0.5,0.235675,180,0,0,610535
0,29,-5,0.5,0.23959,180,0,0,610551
-2,24,-4,0.5,0.24283,180,0,0,610567
-1,25,-6,0.5,0.246205,180,0,0,610586
1,24,-6,0.5,0.249445,180,0,0,610605
0,21,-6,0.5,0.25228,180,0,0,610621
0,22,-6,0.5,0.25525,180,0,0,610636
2,23,-5,0.5,0.258355,180,0,0,610652
-1,26,-6,0.5,0.261865,180,0,0,610673
0,29,-5,0.5,0.26578,180,0,0,610685
-3,29,-6,0.5,0.269695,180,0,0,610701
1,31,-4,0.5,0.27388,180,0,0,610718
2,34,-6,0.5,0.27847,180,0,0,610738
0,33,-6,0.5,0.282925,180,0,0,610752
-1,33,-7,0.5,0.28738,180,0,0,610771
0,33,-7,0.5,0.291835,180,0,0,610785
0,60,-14,0.5,0.299935,180,0,0,610806
0,28,-7,0.5,0.303715,180,0,0,610819
0,27,-8,0.5,0.30736,180,0,0,610837
0,26,-8,0.5,0.31087,180,0,0,610851
3,24,-6,0.5,0.31411,180,0,0,610870
1,28,-8,0.5,0.31789,180,0,0,610885
0,26,-7,0.5,0.3214,180,0,0,610901
-2,29,-8,0.5,0.325315,180,0,0,610918
0,30,-6,0.5,0.329365,180,0,0,610934
0,30,-6,0.5,0.333415,180,0,0,610951
0,31,-6,0.5,0.3376,180,0,0,610973
-1,33,-7,0.5,0.342055,180,0,0,610991
0,29,-6,0.5,0.34597,180,0,0,611008
0,28,-6,0.5,0.34975,180,0,0,611020
0,25,-5,0.5,0.353125,180,0,0,611035
0,21,-6,0.5,0.35596,180,0,0,611051
0,20,-4,0.5,0.35866,180,0,0,611068
0,14,-5,0.5,0.36055,180,0,0,611084
0,14,-6,0.5,0.36244,180,0,0,611101
0,11,-5,0.5,0.363925,180,0,0,611120
0,10,-5,0.5,0.365275,180,0,0,611134
0,8,-4,0.5,0.366355,180,0,0,611151
0,7,-3,0.5,0.3673,180,0,0,611167
0,3,-6,0.5,0.367705,180,0,0,611185
0,-1,-3,0.5,0.36757,180,0,0,611201
0,-3,-2,0.5,0.367165,180,0,0,611218
0,-7,-2,0.5,0.36622,180,0,0,611234
2,-8,-4,0.5,0.36514,180,0,0,611258
0,-8,-3,0.5,0.36406,180,0,0,611272
0,-9,-3,0.5,0.362845,180,0,0,611284
0,-9,-2,0.5,0.36163,180,0,0,611300
0,-8,-2,0.5,0.36055,180,0,0,611318
1,-4,-1,0.5,0.36001,180,0,0,611333
0,-1,-4,0.5,0.359875,180,0,0,611351
0,2,-4,0.5,0.360145,180,0,0,611367
0,4,-4,0.5,0.360685,180,0,0,611385
0,7,-6,0.5,0.36163,180,0,0,611401
0,7,-7,0.5,0.362575,180,0,0,611419
0,7,-8,0.5,0.36352,180,0,0,611437
0,9,-8,0.5,0.364735,180,0,0,611451
2,10,-7,0.5,0.366085,180,0,0,611468
-2,11,-9,0.5,0.36757,180,0,0,611486
3,14,-5,0.5,0.36946,180,0,0,611500
0,20,-6,0.5,0.37216,180,0,0,611521
0,25,-5,0.5,0.375535,180,0,0,611538
0,28,-5,0.5,0.379315,180,0,0,611551
-1,28,-5,0.5,0.383095,180,0,0,611567
1,60,-10,0.5,0.391195,180,0,0,611586
0,33,-4,0.5,0.39565,180,0,0,611600
0,30,-4,0.5,0.3997,180,0,0,611620
0,27,-3,0.5,0.403345,180,0,0,611635
0,24,-3,0.5,0.406585,180,0,0,611650
0,18,-4,0.5,0.409015,180,0,0,611671
1,17,-4,0.5,0.41131,180,0,0,611685
7,15,-4,0.5,0.413335,180,0,0,611700
-2,16,-4,0.5,0.415495,180,0,0,611719
-3,19,-4,0.5,0.41806,180,0,0,611736
0,18,-4,0.5,0.42049,180,0,0,611751
0,19,-4,0.5,0.423055,180,0,0,611768
0,19,-3,0.5,0.42562,180,0,0,611785
0,19,-2,0.5,0.428185,180,0,0,611800
0,22,-3,0.5,0.431155,180,0,0,611821
0,22,-3,0.5,0.434125,180,0,0,611835
0,22,-2,0.5,0.437095,180,0,0,611850
0,22,-2,0.5,0.440065,180,0,0,611868
3,18,-2,0.5,0.442495,180,0,0,611884
-1,15,-3,0.5,0.44452,180,0,0,611900
0,12,-4,0.5,0.44614,180,0,0,611917
0,10,-4,0.5,0.44749,180,0,0,611934
0,6,-3,0.5,0.4483,180,0,0,611950
0,5,-5,0.5,0.448975,180,0,0,611967
1,2,-3,0.5,0.449245,180,0,0,611985
0,-8,-6,0.5,0.448165,180,0,0,612001
-4,-9,-6,0.5,0.44695,180,0,0,612019
2,-10,-2,0.5,0.4456,180,0,0,612033
-3,-11,-3,0.5,0.444115,180,0,0,612053
0,-8,-3,0.5,0.443035,180,0,0,612067
0,-9,-3,0.5,0.44182,180,0,0,612085
0,-8,-2,0.5,0.44074,180,0,0,612101
0,-6,-3,0.5,0.43993,180,0,0,612117
1,-4,-5,0.5,0.43939,180,0,0,612137
0,0,-4,0.5,0.43939,180,0,0,612151
0,1,-4,0.5,0.439525,180,0,0,612168
-1,4,-5,0.5,0.440065,180,0,0,612185
0,5,-5,0.5,0.44074,180,0,0,612201
0,6,-6,0.5,0.44155,180,0,0,612218
0,5,-4,0.5,0.442225,180,0,0,612234
-3,3,-8,0.5,0.44263,180,0,0,612253
0,3,-5,0.5,0.443035,180,0,0,612267
2,3,-5,0.5,0.44344,180,0,0,612284
0,6,-5,0.5,0.44425,180,0,0,612301
0,8,-4,0.5,0.44533,180,0,0,612317
2,14,-2,0.5,0.44722,180,0,0,612334
-3,17,-4,0.5,0.449515,180,0,0,612350
-1,20,-5,0.5,0.452215,180,0,0,612368
0,42,-6,0.5,0.457885,180,0,0,612385
4,23,-2,0.5,0.46099,180,0,0,612401
0,27,-3,0.5,0.464635,180,0,0,612417
0,29,-5,0.5,0.46855,180,0,0,612435
0,33,-6,0.5,0.473005,180,0,0,612452
0,32,-5,0.5,0.477325,180,0,0,612469
0,34,-6,0.5,0.481915,180,0,0,612485
0,36,-6,0.5,0.486775,180,0,0,612502
-2,36,-7,0.5,0.491635,180,0,0,612520
4,35,-5,0.5,0.49636,180,0,0,612535
0,34,-7,0.5,0.50095,180,0,0,612552
0,31,-7,0.5,0.505135,180,0,0,612569
-1,32,-6,0.5,0.509455,180,0,0,612586
0,29,-7,0.5,0.51337,180,0,0,612603
-1,29,-7,0.5,0.517285,180,0,0,612620
0,27,-5,0.5,0.52093,180,0,0,612635
0,26,-6,0.5,0.52444,180,0,0,612652
0,25,-6,0.5,0.527815,180,0,0,612668
0,26,-6,0.5,0.531325,180,0,0,612685
0,24,-6,0.5,0.534565,180,0,0,612701
0,23,-6,0.5,0.53767,180,0,0,612718
0,23,-6,0.5,0.540775,180,0,0,612737
0,22,-7,0.5,0.543745,180,0,0,612752
-4,20,-7,0.5,0.546445,180,0,0,612769
3,20,-7,0.5,0.549145,180,0,0,612786
1,37,-17,0.5,0.55414,180,0,0,612804
0,17,-7,0.5,0.556435,180,0,0,612819
0,18,-6,0.5,0.558865,180,0,0,612835
1,17,-5,0.5,0.56116,180,0,0,612851
-1,17,-5,0.5,0.563455,180,0,0,612868
0,17,-6,0.5,0.56575,180,0,0,612886
0,19,-8,0.5,0.568315,180,0,0,612905
0,20,-7,0.5,0.571015,180,0,0,612920
0,22,-8,0.5,0.573985,180,0,0,612938
0,21,-8,0.5,0.57682,180,0,0,612952
-1,22,-6,0.5,0.57979,180,0,0,612971
1,22,-7,0.5,0.58276,180,0,0,612988
0,21,-7,0.5,0.585595,180,0,0,613001
0,20,-6,0.5,0.588295,180,0,0,613018
-1,19,-8,0.5,0.59086,180,0,0,613035
0,18,-7,0.5,0.59329,180,0,0,613051
0,15,-7,0.5,0.595315,180,0,0,613069
3,5,-1,0.5,0.59599,180,0,0,613084
0,18,-7,0.5,0.59842,180,0,0,613104
-1,20,-8,0.5,0.60112,180,0,0,613120
-1,22,-6,0.5,0.60409,180,0,0,613134
0,23,-7,0.5,0.607195,180,0,0,613151
0,26,-6,0.5,0.610705,180,0,0,613168
1,24,-8,0.5,0.613945,180,0,0,613186
0,53,-13,0.5,0.6211,180,0,0,613206
0,27,-8,0.5,0.624745,180,0,0,613220
-1,25,-9,0.5,0.62812,180,0,0,613244
0,21,-7,0.5,0.630955,180,0,0,613258
0,21,-8,0.5,0.63379,180,0,0,613269
0,16,-9,0.5,0.63595,180,0,0,613285
0,13,-9,0.5,0.637705,180,0,0,613306
3,8,-6,0.5,0.638785,180,0,0,613319
-3,7,-6,0.5,0.63973,180,0,0,613335
-1,4,-9,0.5,0.64027,180,0,0,613351
4,0,-3,0.5,0.64027,180,0,0,613368
1,-3,-4,0.5,0.639865,180,0,0,613384
0,-7,-6,0.5,0.63892,180,0,0,613401
0,-10,-5,0.5,0.63757,180,0,0,613419
7,-12,-3,0.5,0.63595,180,0,0,613434
-8,-14,-9,0.5,0.63406,180,0,0,613453
0,-11,-4,0.5,0.632575,180,0,0,613467
0,-9,-6,0.5,0.63136,180,0,0,613485
3,-6,-1,0.5,0.63055,180,0,0,613500
1,-2,-5,0.5,0.63028,180,0,0,613520
0,0,-3,0.5,0.63028,180,0,0,613535
0,2,-4,0.5,0.63055,180,0,0,613550
0,5,-5,0.5,0.631225,180,0,0,613567
-1,9,-11,0.5,0.63244,180,0,0,613588
0,3,-7,0.5,0.632845,180,0,0,613602
0,4,-8,0.5,0.633385,180,0,0,613619
0,4,-8,0.5,0.633925,180,0,0,613637
0,9,-8,0.5,0.63514,180,0,0,613652
0,15,-8,0.5,0.637165,180,0,0,613669
0,21,-7,0.5,0.64,180,0,0,613685
0,22,-7,0.5,0.64297,180,0,0,613704
-1,24,-7,0.5,0.64621,180,0,0,613719
0,27,-7,0.5,0.649855,180,0,0,613735
0,29,-6,0.5,0.65377,180,0,0,613753
0,29,-6,0.5,0.657685,180,0,0,613768
0,36,-7,0.5,0.662545,180,0,0,613785
0,36,-6,0.5,0.667405,180,0,0,613803
0,38,-7,0.5,0.672535,180,0,0,613819
0,34,-6,0.5,0.677125,180,0,0,613835
0,32,-5,0.5,0.681445,180,0,0,613851
0,28,-6,0.5,0.685225,180,0,0,613869
0,26,-7,0.5,0.688735,180,0,0,613885
0,21,-7,0.5,0.69157,180,0,0,613904
0,22,-7,0.5,0.69454,180,0,0,613920
0,24,-8,0.5,0.69778,180,0,0,613938
0,21,-6,0.5,0.700615,180,0,0,613952
3,22,-7,0.5,0.703585,180,0,0,613970
0,22,-7,0.5,0.706555,180,0,0,613985
1,43,-16,0.5,0.71,180,0,0,614004
