0,151,-42,0.5,-0.689615,180,0,0,549472
0,36,-10,0.5,-0.684755,180,0,0,549481
0,31,-10,0.5,-0.68057,180,0,0,549491
0,27,-11,0.5,-0.676925,180,0,0,549504
0,0,0,0.5,-0.676925,180,0,0,549512
0,22,-12,0.5,-0.673955,180,0,0,549534
0,19,-11,0.5,-0.67139,180,0,0,549549
0,21,-18,0.5,-0.668555,180,0,0,549572
0,0,-2,0.5,-0.668555,180,0,0,549581
0,6,-16,0.5,-0.667745,180,0,0,549603
0,-1,-7,0.5,-0.66788,180,0,0,549616
0,0,-7,0.5,-0.66788,180,0,0,549635
0,1,-8,0.5,-0.667745,180,0,0,549649
0,2,-8,0.5,-0.667475,180,0,0,549666
0,5,-9,0.5,-0.6668,180,0,0,549692
0,6,-9,0.5,-0.66599,180,0,0,549701
0,9,-9,0.5,-0.664775,180,0,0,549716
0,10,-9,0.5,-0.663425,180,0,0,549732
0,12,-9,0.5,-0.661805,180,0,0,549747
0,14,-9,0.5,-0.659915,180,0,0,549766
0,13,-9,0.5,-0.65816,180,0,0,549782
0,15,-9,0.5,-0.656135,180,0,0,549805
0,19,-9,0.5,-0.65357,180,0,0,549818
0,23,-8,0.5,-0.650465,180,0,0,549833
0,26,-8,0.5,-0.646955,180,0,0,549850
0,29,-8,0.5,-0.64304,180,0,0,549865
0,29,-7,0.5,-0.639125,180,0,0,549881
0,28,-7,0.5,-0.635345,180,0,0,549897
0,26,-8,0.5,-0.631835,180,0,0,549916
0,25,-9,0.5,-0.62846,180,0,0,549931
0,22,-12,0.5,-0.62549,180,0,0,549950
0,18,-13,0.5,-0.62306,180,0,0,549966
0,16,-13,0.5,-0.6209,180,0,0,549982
0,23,-29,0.5,-0.617795,180,0,0,550005
0,0,0,0.5,-0.617795,180,0,0,550012
0,23,-31,0.5,-0.61469,180,0,0,550041
0,15,-16,0.5,-0.612665,180,0,0,550053
0,17,-16,0.5,-0.61037,180,0,0,550066
0,18,-16,0.5,-0.60794,180,0,0,550083
0,19,-15,0.5,-0.605375,180,0,0,550103
0,19,-14,0.5,-0.60281,180,0,0,550117
0,22,-14,0.5,-0.59984,180,0,0,550135
0,23,-13,0.5,-0.596735,180,0,0,550148
0,26,-13,0.5,-0.593225,180,0,0,550165
0,24,-12,0.5,-0.589985,180,0,0,550184
0,25,-14,0.5,-0.58661,180,0,0,550199
0,21,-14,0.5,-0.583775,180,0,0,550224
0,17,-15,0.5,-0.58148,180,0,0,550234
0,13,-15,0.5,-0.579725,180,0,0,550253
0,13,-15,0.5,-0.57797,180,0,0,550273
0,13,-14,0.5,-0.576215,180,0,0,550286
0,11,-13,0.5,-0.57473,180,0,0,550304
0,17,-27,0.5,-0.572435,180,0,0,550324
0,0,0,0.5,-0.572435,180,0,31,550333
0,3,-13,0.5,-0.57203,180,0,31,550350
0,1,-12,0.5,-0.571895,180,0,31,550367
0,-4,-12,0.5,-0.572435,180,0,31,550383
0,-17,-20,0.5,-0.57473,180,0,0,550404
0,-10,-7,0.5,-0.57608,180,0,0,550414
0,-13,-6,0.5,-0.577835,180,0,0,550432
0,-14,-5,0.5,-0.579725,180,0,0,550450
0,-14,-5,0.5,-0.581615,180,0,0,550465
0,-14,-5,0.5,-0.583505,180,0,0,550484
0,-12,-6,0.5,-0.585125,180,0,0,550498
0,-8,-7,0.5,-0.586205,180,0,0,550516
0,-5,-8,0.5,-0.58688,180,0,0,550532
0,-1,-9,0.5,-0.587015,180,0,31,550549
0,1,-9,0.5,-0.58688,180,0,31,550564
0,4,-9,0.5,-0.58634,180,0,31,550585
0,6,-9,0.5,-0.58553,180,0,31,550598
0,5,-9,0.5,-0.584855,180,0,0,550615
0,7,-9,0.5,-0.58391,180,0,0,550644
0,16,-18,0.5,-0.58175,180,0,0,550660
0,0,0,0.5,-0.58175,180,0,0,550666
0,8,-9,0.5,-0.58067,180,0,0,550681
0,9,-10,0.5,-0.579455,180,0,31,550700
0,7,-10,0.5,-0.57851,180,0,31,550717
0,7,-10,0.5,-0.577565,180,0,31,550732
0,7,-10,0.5,-0.57662,180,0,31,550750
0,6,-10,0.5,-0.57581,180,0,31,550766
0,6,-10,0.5,-0.575,180,0,31,550782
0,10,-13,0.5,-0.57365,180,0,0,550800
0,5,-14,0.5,-0.572975,180,0,0,550816
0,5,-6,0.5,-0.5723,180,0,0,550832
0,6,-6,0.5,-0.57149,180,0,0,550852
0,7,-5,0.5,-0.570545,180,0,0,550864
0,8,-4,0.5,-0.569465,180,0,0,550881
0,9,-3,0.5,-0.56825,180,0,0,550897
0,9,-3,0.5,-0.567035,180,0,0,550914
0,8,-3,0.5,-0.565955,180,0,0,550933
0,9,-3,0.5,-0.56474,180,0,0,550946
0,10,-4,0.5,-0.56339,180,0,0,550964
0,12,-5,0.5,-0.56177,180,0,0,550982
0,13,-6,0.5,-0.560015,180,0,0,550999
0,17,-7,0.5,-0.55772,180,0,0,551015
0,16,-7,0.5,-0.55556,180,0,0,551036
0,19,-9,0.5,-0.552995,180,0,0,551054
0,17,-9,0.5,-0.5507,180,0,0,551067
0,19,-10,0.5,-0.548135,180,0,0,551085
0,19,-9,0.5,-0.54557,180,0,0,551101
0,23,-10,0.5,-0.542465,180,0,0,551115
0,25,-10,0.5,-0.53909,180,0,0,551131
0,28,-10,0.5,-0.53531,180,0,0,551153
0,30,-10,0.5,-0.53126,180,0,0,551167
0,60,-21,0.5,-0.52316,180,0,0,551188
0,32,-10,0.5,-0.51884,180,0,0,551199
0,29,-9,0.5,-0.514925,180,0,0,551216
0,24,-9,0.5,-0.511685,180,0,0,551239
0,20,-8,0.5,-0.508985,180,0,0,551250
0,14,-8,0.5,-0.507095,180,0,0,551266
0,13,-9,0.5,-0.50534,180,0,0,551284
0,10,-9,0.5,-0.50399,180,0,0,551301
0,12,-11,0.5,-0.50237,180,0,0,551319
0,10,-12,0.5,-0.50102,180,0,0,551333
0,12,-12,0.5,-0.4994,180,0,0,551349
0,13,-13,0.5,-0.497645,180,0,0,551366
0,15,-13,0.5,-0.49562,180,0,0,551383
0,18,-14,0.5,-0.49319,180,0,0,551405
0,20,-14,0.5,-0.49049,180,0,0,551420
0,22,-14,0.5,-0.48752,180,0,0,551432
0,23,-14,0.5,-0.484415,180,0,0,551449
0,25,-13,0.5,-0.48104,180,0,0,551468
0,27,-12,0.5,-0.477395,180,0,0,551488
0,26,-9,0.5,-0.473885,180,0,0,551501
0,26,-8,0.5,-0.470375,180,0,0,551514
0,21,-7,0.5,-0.46754,180,0,0,551534
0,19,-8,0.5,-0.464975,180,0,0,551549
0,17,-9,0.5,-0.46268,180,0,0,551568
0,32,-24,0.5,-0.45836,180,0,0,551591
0,16,-14,0.5,-0.4562,180,0,0,551606
0,16,-14,0.5,-0.45404,180,0,0,551621
0,16,-13,0.5,-0.45188,180,0,0,551634
0,19,-14,0.5,-0.449315,180,0,0,551649
0,20,-14,0.5,-0.446615,180,0,0,551671
0,21,-14,0.5,-0.44378,180,0,0,551688
0,21,-13,0.5,-0.440945,180,0,0,551701
0,24,-13,0.5,-0.437705,180,0,0,551721
0,25,-11,0.5,-0.43433,180,0,0,551736
0,25,-11,0.5,-0.430955,180,0,0,551755
0,27,-10,0.5,-0.42731,180,0,0,551768
0,27,-11,0.5,-0.423665,180,0,0,551783
0,31,-12,0.5,-0.41948,180,0,0,551799
0,34,-13,0.5,-0.41489,180,0,0,551821
0,33,-15,0.5,-0.410435,180,0,0,551835
0,23,-15,0.5,-0.40733,180,0,0,551853
0,20,-15,0.5,-0.40463,180,0,0,551871
0,18,-14,0.5,-0.4022,180,0,0,551884
0,18,-14,0.5,-0.39977,180,0,0,551904
0,18,-15,0.5,-0.39734,180,0,0,551923
0,20,-15,0.5,-0.39464,180,0,0,551936
0,18,-14,0.5,-0.39221,180,0,0,551950
0,16,-13,0.5,-0.39005,180,0,0,551966
0,12,-12,0.5,-0.38843,180,0,0,551984
0,15,-23,0.5,-0.386405,180,0,0,552010
0,6,-14,0.5,-0.385595,180,0,0,552026
0,7,-14,0.5,-0.38465,180,0,0,552039
0,8,-15,0.5,-0.38357,180,0,0,552051
0,9,-16,0.5,-0.382355,180,0,0,552067
0,12,-16,0.5,-0.380735,180,0,0,552088
0,13,-17,0.5,-0.37898,180,0,0,552101
0,13,-15,0.5,-0.377225,180,0,0,552117
0,13,-14,0.5,-0.37547,180,0,0,552134
0,17,-14,0.5,-0.373175,180,0,0,552150
0,18,-14,0.5,-0.370745,180,0,0,552167
0,20,-13,0.5,-0.368045,180,0,31,552185
0,21,-12,0.5,-0.36521,180,0,31,552199
0,19,-10,0.5,-0.362645,180,0,31,552215
0,20,-10,0.5,-0.359945,180,0,31,552235
0,18,-10,0.5,-0.357515,180,0,0,552253
0,15,-12,0.5,-0.35549,180,0,0,552271
0,14,-12,0.5,-0.3536,180,0,0,552286
0,12,-13,0.5,-0.35198,180,0,0,552305
0,13,-14,0.5,-0.350225,180,0,0,552318
0,12,-14,0.5,-0.348605,180,0,0,552336
0,11,-14,0.5,-0.34712,180,0,0,552351
0,24,-31,0.5,-0.34388,180,0,0,552374
0,16,-15,0.5,-0.34172,180,0,0,552387
0,18,-14,0.5,-0.33929,180,0,0,552400
0,20,-14,0.5,-0.33659,180,0,0,552420
0,20,-12,0.5,-0.33389,180,0,0,552435
0,20,-12,0.5,-0.33119,180,0,0,552451
0,21,-11,0.5,-0.328355,180,0,0,552465
0,20,-10,0.5,-0.325655,180,0,0,552486
0,20,-10,0.5,-0.322955,180,0,0,552501
0,17,-9,0.5,-0.32066,180,0,0,552518
0,14,-11,0.5,-0.31877,180,0,0,552534
0,10,-11,0.5,-0.31742,180,0,0,552552
0,6,-11,0.5,-0.31661,180,0,0,552572
0,3,-10,0.5,-0.316205,180,0,0,552585
0,-1,-10,0.5,-0.31634,180,0,0,552602
0,-1,-9,0.5,-0.316475,180,0,0,552621
0,-5,-10,0.5,-0.31715,180,0,0,552637
0,-6,-11,0.5,-0.31796,180,0,0,552651
0,-5,-11,0.5,-0.318635,180,0,0,552667
0,-5,-11,0.5,-0.31931,180,0,31,552684
0,-5,-10,0.5,-0.319985,180,0,31,552702
0,-3,-9,0.5,-0.32039,180,0,31,552717
0,-2,-8,0.5,-0.32066,180,0,31,552737
0,-3,-8,0.5,-0.321065,180,0,31,552749
0,-7,-15,0.5,-0.32201,180,0,0,552773
0,-5,-7,0.5,-0.322685,180,0,0,552791
0,-6,-5,0.5,-0.323495,180,0,0,552799
0,-6,-5,0.5,-0.324305,180,0,0,552815
0,-8,-4,0.5,-0.325385,180,0,0,552832
0,-10,-3,0.5,-0.326735,180,0,0,552848
0,-11,-3,0.5,-0.32822,180,0,0,552864
0,-12,-3,0.5,-0.32984,180,0,0,552884
0,-13,-2,0.5,-0.331595,180,0,0,552899
0,-12,-3,0.5,-0.333215,180,0,0,552917
0,-10,-3,0.5,-0.334565,180,0,0,552935
0,-9,-3,0.5,-0.33578,180,0,0,552950
0,-8,-3,0.5,-0.33686,180,0,0,552967
0,-6,-4,0.5,-0.33767,180,0,0,552985
0,-5,-5,0.5,-0.338345,180,0,0,552999
0,-3,-4,0.5,-0.33875,180,0,0,553015
0,-4,-5,0.5,-0.33929,180,0,0,553032
0,-4,-5,0.5,-0.33983,180,0,0,553048
0,-5,-4,0.5,-0.340505,180,0,0,553067
0,-3,-4,0.5,-0.34091,180,0,0,553084
0,-1,-3,0.5,-0.341045,180,0,0,553107
0,1,-4,0.5,-0.34091,180,0,0,553117
0,11,-6,0.5,-0.339425,180,0,0,553136
0,11,-3,0.5,-0.33794,180,0,0,553151
0,11,-4,0.5,-0.336455,180,0,0,553176
0,12,-3,0.5,-0.334835,180,0,0,553194
0,13,-4,0.5,-0.33308,180,0,0,553202
0,13,-4,0.5,-0.331325,180,0,0,553217
0,13,-4,0.5,-0.32957,180,0,0,553233
0,14,-5,0.5,-0.32768,180,0,0,553250
0,13,-5,0.5,-0.325925,180,0,0,553269
0,15,-5,0.5,-0.3239,180,0,0,553284
0,16,-6,0.5,-0.32174,180,0,0,553300
0,17,-6,0.5,-0.319445,180,0,0,553316
0,16,-7,0.5,-0.317285,180,0,0,553334
0,17,-8,0.5,-0.31499,180,0,0,553353
0,17,-9,0.5,-0.312695,180,0,0,553373
0,18,-9,0.5,-0.310265,180,0,0,553390
0,20,-9,0.5,-0.307565,180,0,0,553402
0,20,-9,0.5,-0.304865,180,0,0,553417
0,22,-9,0.5,-0.301895,180,0,0,553438
0,22,-8,0.5,-0.298925,180,0,0,553453
0,22,-7,0.5,-0.295955,180,0,0,553470
0,21,-6,0.5,-0.29312,180,0,0,553487
0,24,-6,0.5,-0.28988,180,0,0,553501
0,23,-4,0.5,-0.286775,180,0,0,553517
0,51,-8,0.5,-0.27989,180,0,0,553536
0,0,0,0.5,-0.27989,180,0,0,553548
0,25,-4,0.5,-0.276515,180,0,0,553569
0,51,-6,0.5,-0.26963,180,0,0,553591
0,26,-4,0.5,-0.26612,180,0,0,553602
0,29,-3,0.5,-0.262205,180,0,0,553616
0,30,-4,0.5,-0.258155,180,0,0,553632
0,30,-2,0.5,-0.254105,180,0,0,553653
0,31,-2,0.5,-0.24992,180,0,0,553666
0,30,-1,0.5,-0.24587,180,0,0,553682
0,29,-2,0.5,-0.241955,180,0,0,553701
0,25,-2,0.5,-0.23858,180,0,0,553717
0,24,-2,0.5,-0.23534,180,0,0,553734
0,20,-2,0.5,-0.23264,180,0,0,553749
0,19,-3,0.5,-0.230075,180,0,0,553767
0,16,-5,0.5,-0.227915,180,0,0,553789
0,16,-7,0.5,-0.225755,180,0,0,553804
0,16,-9,0.5,-0.223595,180,0,0,553819
0,15,-9,0.5,-0.22157,180,0,0,553836
0,17,-11,0.5,-0.219275,180,0,0,553853
0,16,-11,0.5,-0.217115,180,0,0,553874
0,37,-22,0.5,-0.21212,180,0,0,553903
0,24,-13,0.5,-0.20888,180,0,0,553914
0,26,-12,0.5,-0.20537,180,0,0,553926
0,27,-13,0.5,-0.201725,180,0,0,553936
0,28,-12,0.5,-0.197945,180,0,0,553957
0,28,-10,0.5,-0.194165,180,0,0,553973
0,28,-11,0.5,-0.190385,180,0,0,553986
0,28,-10,0.5,-0.186605,180,0,0,554003
0,27,-9,0.5,-0.18296,180,0,0,554020
0,27,-10,0.5,-0.179315,180,0,0,554035
0,26,-10,0.5,-0.175805,180,0,0,554055
0,22,-12,0.5,-0.172835,180,0,0,554074
0,19,-13,0.5,-0.17027,180,0,0,554089
0,17,-13,0.5,-0.167975,180,0,0,554106
0,19,-14,0.5,-0.16541,180,0,0,554124
0,19,-14,0.5,-0.162845,180,0,0,554142
0,19,-14,0.5,-0.16028,180,0,0,554158
0,40,-30,0.5,-0.15488,180,0,0,554182
0,0,0,0.5,-0.15488,180,0,0,554187
0,20,-15,0.5,-0.15218,180,0,0,554202
0,21,-13,0.5,-0.149345,180,0,31,554227
0,19,-12,0.5,-0.14678,180,0,31,554239
0,18,-10,0.5,-0.14435,180,0,31,554253
0,16,-10,0.5,-0.14219,180,0,0,554271
0,28,-19,0.5,-0.13841,180,0,0,554293
0,14,-10,0.5,-0.13652,180,0,0,554304
0,12,-11,0.5,-0.1349,180,0,0,554323
0,11,-11,0.5,-0.133415,180,0,0,554341
0,10,-11,0.5,-0.132065,180,0,0,554355
0,10,-10,0.5,-0.130715,180,0,0,554371
0,9,-11,0.5,-0.1295,180,0,0,554388
0,8,-11,0.5,-0.12842,180,0,31,554404
0,8,-11,0.5,-0.12734,180,0,31,554421
0,10,-11,0.5,-0.12599,180,0,31,554443
0,14,-11,0.5,-0.1241,180,0,0,554457
0,16,-9,0.5,-0.12194,180,0,0,554470
0,17,-8,0.5,-0.119645,180,0,0,554486
0,19,-6,0.5,-0.11708,180,0,0,554503
0,20,-6,0.5,-0.11438,180,0,0,554521
0,23,-7,0.5,-0.111275,180,0,0,554536
0,26,-8,0.5,-0.107765,180,0,0,554559
0,56,-16,0.5,-0.100205,180,0,0,554580
0,23,-10,0.5,-0.0971,180,0,0,554591
0,0,0,0.5,-0.0971,180,0,0,554604
0,14,-11,0.5,-0.09521,180,0,0,554624
0,21,-23,0.5,-0.092375,180,0,0,554644
0,10,-11,0.5,-0.091025,180,0,0,554658
0,11,-11,0.5,-0.08954,180,0,0,554671
0,10,-11,0.5,-0.08819,180,0,0,554688
0,0,0,0.5,-0.08819,180,0,0,554704
0,19,-21,0.5,-0.085625,180,0,0,554728
0,10,-9,0.5,-0.084275,180,0,0,554744
0,9,-8,0.5,-0.08306,180,0,0,554753
0,9,-8,0.5,-0.081845,180,0,0,554773
0,10,-9,0.5,-0.080495,180,0,31,554786
0,10,-9,0.5,-0.079145,180,0,31,554806
0,8,-9,0.5,-0.078065,180,0,31,554820
0,4,-9,0.5,-0.077525,180,0,31,554842
0,-1,-9,0.5,-0.07766,180,0,0,554856
0,-3,-8,0.5,-0.078065,180,0,0,554870
0,-6,-8,0.5,-0.078875,180,0,0,554889
0,-7,-7,0.5,-0.07982,180,0,0,554907
0,-8,-7,0.5,-0.0809,180,0,0,554920
0,-7,-7,0.5,-0.081845,180,0,0,554936
0,-8,-7,0.5,-0.082925,180,0,0,554958
0,-6,-7,0.5,-0.083735,180,0,0,554971
0,-8,-12,0.5,-0.084815,180,0,31,554996
0,-4,-6,0.5,-0.085355,180,0,31,555014
0,-2,-5,0.5,-0.085625,180,0,31,555025
0,0,0,0.5,-0.085625,180,0,31,555035
0,-3,-5,0.5,-0.08603,180,0,31,555052
0,-7,-9,0.5,-0.086975,180,0,31,555073
0,-5,-4,0.5,-0.08765,180,0,0,555087
0,-5,-3,0.5,-0.088325,180,0,0,555105
0,-5,-3,0.5,-0.089,180,0,0,555119
0,-5,-3,0.5,-0.089675,180,0,0,555139
0,-5,-2,0.5,-0.09035,180,0,0,555154
0,-4,-2,0.5,-0.09089,180,0,0,555168
0,-4,-2,0.5,-0.09143,180,0,0,555187
0,-4,-2,0.5,-0.09197,180,0,0,555204
0,-3,-1,0.5,-0.092375,180,0,0,555218
0,-3,-1,0.5,-0.09278,180,0,0,555235
0,-2,-1,0.5,-0.09305,180,0,0,555253
0,-1,-1,0.5,-0.093185,180,0,0,555269
0,-1,-1,0.5,-0.09332,180,0,0,555288
0,0,-1,0.5,-0.09332,180,0,0,555305
0,-1,-1,0.5,-0.093455,180,0,0,555319
0,0,-2,0.5,-0.093455,180,0,0,555337
0,-1,-2,0.5,-0.09359,180,0,0,555353
0,-1,-2,0.5,-0.093725,180,0,0,555371
0,0,-2,0.5,-0.093725,180,0,0,555387
0,0,-2,0.5,-0.093725,180,0,0,555404
0,-1,-4,0.5,-0.09386,180,0,0,555426
0,0,-2,0.5,-0.09386,180,0,0,555437
0,-1,-1,0.5,-0.093995,180,0,0,555454
0,-1,-1,0.5,-0.09413,180,0,0,555470
0,-1,-1,0.5,-0.094265,180,0,0,555492
0,0,-2,0.5,-0.094265,180,0,0,555504
0,-1,-1,0.5,-0.0944,180,0,0,555522
0,0,-1,0.5,-0.0944,180,0,0,555538
0,0,-2,0.5,-0.0944,180,0,0,555553
0,0,-1,0.5,-0.0944,180,0,0,555569
0,-1,-1,0.5,-0.094535,180,0,0,555587
0,0,-1,0.5,-0.094535,180,0,0,555604
0,-1,-1,0.5,-0.09467,180,0,0,555621
0,-1,-1,0.5,-0.094805,180,0,0,555637
0,-1,-2,0.5,-0.09494,180,0,0,555653
0,-2,-2,0.5,-0.09521,180,0,0,555670
0,-3,-2,0.5,-0.095615,180,0,0,555687
0,-3,-3,0.5,-0.09602,180,0,0,555706
0,-2,-3,0.5,-0.09629,180,0,0,555720
0,-3,-4,0.5,-0.096695,180,0,0,555739
0,-2,-4,0.5,-0.096965,180,0,0,555756
0,-2,-4,0.5,-0.097235,180,0,0,555771
0,-3,-5,0.5,-0.09764,180,0,0,555790
0,-3,-5,0.5,-0.098045,180,0,0,555806
0,-5,-9,0.5,-0.09872,180,0,0,555823
0,-1,-4,0.5,-0.098855,180,0,0,555840
0,-1,-4,0.5,-0.09899,180,0,0,555861
0,1,-3,0.5,-0.098855,180,0,0,555872
0,2,-3,0.5,-0.098585,180,0,0,555887
0,2,-3,0.5,-0.098315,180,0,0,555906
0,1,-2,0.5,-0.09818,180,0,0,555922
0,1,-2,0.5,-0.098045,180,0,0,555941
0,2,-2,0.5,-0.097775,180,0,0,555954
0,3,-1,0.5,-0.09737,180,0,0,555970
0,3,-1,0.5,-0.096965,180,0,0,555986
0,3,-1,0.5,-0.09656,180,0,0,556006
0,4,-2,0.5,-0.09602,180,0,0,556024
0,3,-2,0.5,-0.095615,180,0,0,556037
0,2,-2,0.5,-0.095345,180,0,0,556054
0,3,-1,0.5,-0.09494,180,0,0,556073
0,5,-1,0.5,-0.094265,180,0,0,556088
0,8,-1,0.5,-0.093185,180,0,0,556106
0,10,-1,0.5,-0.091835,180,0,0,556125
0,13,-2,0.5,-0.09008,180,0,0,556137
0,15,-4,0.5,-0.088055,180,0,0,556154
0,16,-3,0.5,-0.085895,180,0,0,556172
0,16,-4,0.5,-0.083735,180,0,0,556190
0,33,-7,0.5,-0.07928,180,0,0,556210
0,16,-3,0.5,-0.07712,180,0,0,556222
0,18,-2,0.5,-0.07469,180,0,0,556238
0,19,-2,0.5,-0.072125,180,0,0,556255
0,19,-2,0.5,-0.06956,180,0,0,556273
0,22,-1,0.5,-0.06659,180,0,0,556290
0,23,-1,0.5,-0.063485,180,0,0,556305
0,22,0,0.5,-0.060515,180,0,0,556320
0,22,0,0.5,-0.057545,180,0,0,556339
0,20,0,0.5,-0.054845,180,0,0,556354
0,17,0,0.5,-0.05255,180,0,0,556372
0,14,0,0.5,-0.05066,180,0,0,556389
0,10,0,0.5,-0.04931,180,0,0,556404
0,7,-2,0.5,-0.048365,180,0,0,556421
0,5,-3,0.5,-0.04769,180,0,0,556441
0,1,-3,0.5,-0.047555,180,0,0,556457
0,2,-4,0.5,-0.047285,180,0,0,556474
0,1,-3,0.5,-0.04715,180,0,0,556491
0,2,-3,0.5,-0.04688,180,0,0,556505
0,3,-2,0.5,-0.046475,180,0,0,556525
0,4,-2,0.5,-0.045935,180,0,0,556540
0,6,-2,0.5,-0.045125,180,0,0,556556
0,20,-4,0.5,-0.042425,180,0,0,556576
0,0,-2,0.5,-0.042425,180,0,0,556589
0,34,-9,0.5,-0.037835,180,0,0,556607
0,24,-6,0.5,-0.034595,180,0,0,556631
0,27,-7,0.5,-0.03095,180,0,0,556644
0,27,-8,0.5,-0.027305,180,0,0,556659
0,26,-8,0.5,-0.023795,180,0,0,556677
0,21,-9,0.5,-0.02096,180,0,0,556690
0,16,-10,0.5,-0.0188,180,0,0,556707
0,10,-11,0.5,-0.01745,180,0,0,556726
0,8,-12,0.5,-0.01637,180,0,0,556742
0,8,-11,0.5,-0.01529,180,0,0,556759
0,6,-10,0.5,-0.01448,180,0,0,556775
0,6,-9,0.5,-0.01367,180,0,0,556793
0,7,-7,0.5,-0.012725,180,0,0,556811
0,8,-7,0.5,-0.011645,180,0,0,556824
0,10,-7,0.5,-0.010295,180,0,0,556841
0,11,-6,0.5,-0.00881,180,0,0,556858
0,10,-7,0.5,-0.00746,180,0,0,556874
0,10,-7,0.5,-0.00611,180,0,0,556889
0,8,-6,0.5,-0.00503,180,0,0,556911
0,10,-6,0.5,-0.00368,180,0,0,556924
0,9,-4,0.5,-0.002465,180,0,0,556939
0,16,-9,0.5,-0.000305,180,0,0,556962
0,9,-5,0.5,0.00091,180,0,0,556975
0,9,-7,0.5,0.002125,180,0,0,556992
0,9,-8,0.5,0.00334,180,0,0,557011
0,8,-9,0.5,0.00442,180,0,0,557030
0,4,-10,0.5,0.00496,180,0,0,557044
0,3,-10,0.5,0.005365,180,0,0,557057
0,0,-11,0.5,0.005365,180,0,0,557075
0,0,-10,0.5,0.005365,180,0,0,557096
0,1,-8,0.5,0.0055,180,0,0,557107
0,2,-8,0.5,0.00577,180,0,0,557131
0,3,-7,0.5,0.006175,180,0,0,557143
0,0,-7,0.5,0.006175,180,0,0,557157
0,0,-7,0.5,0.006175,180,0,0,557180
0,-3,-6,0.5,0.00577,180,0,0,557200
0,-4,-9,0.5,0.00523,180,0,0,557220
0,0,0,0.5,0.00523,180,0,0,557227
0,-4,-4,0.5,0.00469,180,0,0,557240
0,-4,-3,0.5,0.00415,180,0,0,557260
0,-4,-3,0.5,0.00361,180,0,0,557279
0,-1,-3,0.5,0.003475,180,0,0,557292
0,0,-3,0.5,0.003475,180,0,0,557306
0,-1,-2,0.5,0.00334,180,0,0,557323
0,-7,-6,0.5,0.002395,180,0,0,557347
0,-3,-4,0.5,0.00199,180,0,0,557358
0,-4,-3,0.5,0.00145,180,0,0,557373
0,-3,-4,0.5,0.001045,180,0,0,557396
0,-5,-4,0.5,0.00037,180,0,0,557409
0,-6,-3,0.5,-0.00044,180,0,0,557424
0,-5,-3,0.5,-0.001115,180,0,0,557440
0,-5,-3,0.5,-0.00179,180,0,0,557460
0,-4,-2,0.5,-0.00233,180,0,0,557475
0,-4,-3,0.5,-0.00287,180,0,0,557493
0,-4,-2,0.5,-0.00341,180,0,0,557512
0,-5,-2,0.5,-0.004085,180,0,0,557523
0,-8,-2,0.5,-0.005165,180,0,0,557541
0,-7,-2,0.5,-0.00611,180,0,0,557562
0,-5,-1,0.5,-0.006785,180,0,0,557574
0,-4,-1,0.5,-0.007325,180,0,0,557594
0,-1,-1,0.5,-0.00746,180,0,0,557607
0,0,-1,0.5,-0.00746,180,0,0,557623
0,1,0,0.5,-0.007325,180,0,0,557639
0,2,-1,0.5,-0.007055,180,0,0,557658
0,1,0,0.5,-0.00692,180,0,0,557675
0,0,0,0.5,-0.00692,180,0,0,557689
0,0,-1,0.5,-0.00692,180,0,0,557712
0,-4,-1,0.5,-0.00746,180,0,0,557726
0,-1,-1,0.5,-0.007595,180,0,0,557743
0,-1,-2,0.5,-0.00773,180,0,0,557759
0,-2,-1,0.5,-0.008,180,0,0,557776
0,-1,-1,0.5,-0.008135,180,0,0,557792
0,-1,-1,0.5,-0.00827,180,0,0,557808
0,0,0,0.5,-0.00827,180,0,0,557823
0,-1,-1,0.5,-0.008405,180,0,0,557844
0,-1,-1,0.5,-0.00854,180,0,0,557857
0,-1,-1,0.5,-0.008675,180,0,0,557875
0,-2,-1,0.5,-0.008945,180,0,0,557891
0,-2,-1,0.5,-0.009215,180,0,0,557908
0,-1,-1,0.5,-0.00935,180,0,0,557927
0,-1,-1,0.5,-0.009485,180,0,0,557944
0,0,-1,0.5,-0.009485,180,0,0,557960
0,2,-1,0.5,-0.009215,180,0,31,557975
0,2,-1,0.5,-0.008945,180,0,31,557991
0,2,-1,0.5,-0.008675,180,0,31,558010
0,5,-1,0.5,-0.008,180,0,31,558026
0,4,-1,0.5,-0.00746,180,0,0,558041
0,4,-2,0.5,-0.00692,180,0,0,558059
0,4,-2,0.5,-0.00638,180,0,0,558076
0,5,-2,0.5,-0.005705,180,0,0,558093
0,4,-1,0.5,-0.005165,180,0,0,558110
0,4,-2,0.5,-0.004625,180,0,0,558124
0,7,-2,0.5,-0.00368,180,0,0,558144
0,5,-1,0.5,-0.003005,180,0,0,558159
0,7,0,0.5,-0.00206,180,0,0,558174
0,7,-1,0.5,-0.001115,180,0,0,558192
0,7,-2,0.5,-0.00017,180,0,0,558208
0,6,-3,0.5,0.00064,180,0,0,558227
0,3,-4,0.5,0.001045,180,0,0,558241
0,1,-6,0.5,0.00118,180,0,0,558260
0,3,-8,0.5,0.001585,180,0,0,558277
0,2,-8,0.5,0.001855,180,0,0,558296
0,5,-9,0.5,0.00253,180,0,0,558316
0,7,-9,0.5,0.003475,180,0,0,558330
0,7,-9,0.5,0.00442,180,0,0,558344
0,6,-9,0.5,0.00523,180,0,0,558363
0,5,-8,0.5,0.005905,180,0,0,558379
0,3,-8,0.5,0.00631,180,0,0,558395
0,2,-8,0.5,0.00658,180,0,0,558412
0,0,-7,0.5,0.00658,180,0,0,558427
0,0,-13,0.5,0.00658,180,0,0,558450
0,0,0,0.5,0.00658,180,0,0,558459
0,1,-6,0.5,0.006715,180,0,0,558476
0,0,-6,0.5,0.006715,180,0,0,558493
0,2,-14,0.5,0.006985,180,0,0,558514
0,0,-7,0.5,0.006985,180,0,0,558527
0,0,-8,0.5,0.006985,180,0,0,558546
0,4,-7,0.5,0.007525,180,0,0,558563
0,8,-7,0.5,0.008605,180,0,0,558582
0,10,-7,0.5,0.009955,180,0,0,558595
0,10,-9,0.5,0.011305,180,0,0,558611
0,9,-8,0.5,0.01252,180,0,0,558628
0,9,-9,0.5,0.013735,180,0,0,558649
0,13,-10,0.5,0.01549,180,0,0,558666
0,16,-12,0.5,0.01765,180,0,0,558681
0,19,-15,0.5,0.020215,180,0,0,558699
0,21,-15,0.5,0.02305,180,0,0,558714
0,20,-14,0.5,0.02575,180,0,0,558730
0,33,-27,0.5,0.030205,180,0,0,558759
0,14,-15,0.5,0.032095,180,0,0,558773
0,0,0,0.5,0.032095,180,0,0,558782
0,12,-16,0.5,0.033715,180,0,0,558795
0,11,-17,0.5,0.0352,180,0,0,558813
0,13,-16,0.5,0.036955,180,0,0,558835
0,12,-15,0.5,0.038575,180,0,0,558849
0,28,-32,0.5,0.042355,180,0,0,558876
0,13,-15,0.5,0.04411,180,0,0,558894
0,11,-16,0.5,0.045595,180,0,0,558904
0,10,-16,0.5,0.046945,180,0,0,558921
0,11,-15,0.5,0.04843,180,0,0,558938
0,10,-14,0.5,0.04978,180,0,0,558950
0,11,-16,0.5,0.051265,180,0,0,558968
0,12,-15,0.5,0.052885,180,0,0,558981
0,12,-16,0.5,0.054505,180,0,0,558997
0,12,-16,0.5,0.056125,180,0,0,559017
0,8,-16,0.5,0.057205,180,0,0,559038
0,7,-16,0.5,0.05815,180,0,0,559058
0,5,-17,0.5,0.058825,180,0,0,559077
0,3,-17,0.5,0.05923,180,0,0,559095
0,0,-16,0.5,0.05923,180,0,0,559105
0,0,-33,0.5,0.05923,180,0,0,559130
0,3,-16,0.5,0.059635,180,0,0,559141
0,0,0,0.5,0.059635,180,0,0,559147
0,8,-14,0.5,0.060715,180,0,0,559161
0,11,-13,0.5,0.0622,180,0,0,559180
0,14,-12,0.5,0.06409,180,0,0,559198
0,15,-11,0.5,0.066115,180,0,0,559213
0,15,-9,0.5,0.06814,180,0,31,559233
0,29,-21,0.5,0.072055,180,0,31,559253
0,0,0,0.5,0.072055,180,0,31,559259
0,29,-16,0.5,0.07597,180,0,31,559285
0,16,-23,0.5,0.07813,180,0,31,559307
0,15,-15,0.5,0.080155,180,0,0,559320
0,18,-15,0.5,0.082585,180,0,0,559331
0,20,-16,0.5,0.085285,180,0,0,559351
0,24,-17,0.5,0.088525,180,0,0,559376
0,28,-17,0.5,0.092305,180,0,0,559387
0,31,-15,0.5,0.09649,180,0,0,559397
0,32,-15,0.5,0.10081,180,0,0,559419
0,31,-14,0.5,0.104995,180,0,0,559434
0,26,-13,0.5,0.108505,180,0,0,559449
0,23,-13,0.5,0.11161,180,0,0,559465
0,18,-16,0.5,0.11404,180,0,0,559482
0,16,-18,0.5,0.1162,180,0,0,559498
0,15,-18,0.5,0.118225,180,0,0,559513
0,14,-19,0.5,0.120115,180,0,0,559537
0,12,-21,0.5,0.121735,180,0,0,559551
0,12,-21,0.5,0.123355,180,0,0,559571
0,29,-43,0.5,0.12727,180,0,0,559596
0,17,-22,0.5,0.129565,180,0,0,559611
0,18,-22,0.5,0.131995,180,0,0,559629
0,17,-22,0.5,0.13429,180,0,0,559641
0,17,-22,0.5,0.136585,180,0,0,559657
0,18,-22,0.5,0.139015,180,0,0,559671
0,19,-20,0.5,0.14158,180,0,0,559685
0,22,-22,0.5,0.14455,180,0,0,559703
0,25,-21,0.5,0.147925,180,0,0,559718
0,22,-20,0.5,0.150895,180,0,0,559734
0,22,-20,0.5,0.153865,180,0,0,559750
0,21,-18,0.5,0.1567,180,0,0,559770
0,21,-20,0.5,0.159535,180,0,0,559786
0,21,-21,0.5,0.16237,180,0,0,559801
0,21,-19,0.5,0.165205,180,0,0,559819
0,23,-22,0.5,0.16831,180,0,0,559837
0,24,-21,0.5,0.17155,180,0,0,559851
0,20,-21,0.5,0.17425,180,0,0,559873
0,17,-22,0.5,0.176545,180,0,0,559895
0,30,-43,0.5,0.180595,180,0,0,559921
0,15,-21,0.5,0.18262,180,0,0,559938
0,34,-40,0.5,0.18721,180,0,0,559963
0,21,-19,0.5,0.190045,180,0,0,559978
0,25,-19,0.5,0.19342,180,0,0,559991
0,0,0,0.5,0.19342,180,0,0,559997
0,27,-17,0.5,0.197065,180,0,0,560013
0,27,-16,0.5,0.20071,180,0,0,560027
0,29,-15,0.5,0.204625,180,0,0,560043
0,28,-14,0.5,0.208405,180,0,0,560058
0,30,-15,0.5,0.212455,180,0,0,560078
0,29,-17,0.5,0.21637,180,0,0,560097
0,26,-19,0.5,0.21988,180,0,0,560115
0,22,-20,0.5,0.22285,180,0,0,560132
0,23,-21,0.5,0.225955,180,0,0,560146
0,23,-20,0.5,0.22906,180,0,0,560163
0,41,-43,0.5,0.234595,180,0,0,560185
0,19,-22,0.5,0.23716,180,0,0,560200
0,17,-12,0.5,0.239455,180,0,0,560209
0,15,-31,0.5,0.24148,180,0,31,560238
0,12,-21,0.5,0.2431,180,0,31,560256
0,9,-20,0.5,0.244315,180,0,31,560270
0,6,-20,0.5,0.245125,180,0,31,560282
0,4,-19,0.5,0.245665,180,0,31,560295
0,3,-19,0.5,0.24607,180,0,0,560316
0,0,-20,0.5,0.24607,180,0,0,560332
0,0,-21,0.5,0.24607,180,0,0,560345
0,3,-21,0.5,0.246475,180,0,0,560367
0,4,-21,0.5,0.247015,180,0,0,560384
0,4,-21,0.5,0.247555,180,0,0,560399
0,5,-20,0.5,0.24823,180,0,0,560413
0,5,-21,0.5,0.248905,180,0,0,560433
0,4,-19,0.5,0.249445,180,0,31,560450
0,1,-19,0.5,0.24958,180,0,31,560468
0,0,-19,0.5,0.24958,180,0,31,560483
0,0,-17,0.5,0.24958,180,0,31,560499
0,0,-17,0.5,0.24958,180,0,31,560509
0,0,-17,0.5,0.24958,180,0,0,560527
0,0,-16,0.5,0.24958,180,0,0,560546
0,0,-15,0.5,0.24958,180,0,0,560560
0,0,-14,0.5,0.24958,180,0,0,560576
0,5,-20,0.5,0.250255,180,0,0,560596
0,6,-17,0.5,0.251065,180,0,0,560610
0,6,-10,0.5,0.251875,180,0,0,560624
0,4,-10,0.5,0.252415,180,0,0,560641
0,2,-12,0.5,0.252685,180,0,0,560660
0,-1,-12,0.5,0.25255,180,0,0,560680
0,-2,-12,0.5,0.25228,180,0,0,560696
0,-5,-12,0.5,0.251605,180,0,0,560714
0,-3,-12,0.5,0.2512,180,0,0,560734
0,-3,-12,0.5,0.250795,180,0,0,560744
0,-2,-12,0.5,0.250525,180,0,0,560763
0,0,-12,0.5,0.250525,180,0,0,560776
0,1,-13,0.5,0.25066,180,0,0,560793
0,1,-11,0.5,0.250795,180,0,0,560808
0,4,-12,0.5,0.251335,180,0,0,560829
0,5,-10,0.5,0.25201,180,0,0,560842
0,5,-11,0.5,0.252685,180,0,0,560869
0,5,-9,0.5,0.25336,180,0,0,560879
0,6,-9,0.5,0.25417,180,0,0,560892
0,5,-9,0.5,0.254845,180,0,0,560909
0,6,-8,0.5,0.255655,180,0,0,560929
0,6,-7,0.5,0.256465,180,0,0,560943
0,7,-6,0.5,0.25741,180,0,0,560958
0,9,-6,0.5,0.258625,180,0,0,560974
0,25,-8,0.5,0.262,180,0,0,560992
0,14,-5,0.5,0.26389,180,0,0,561008
0,0,0,0.5,0.26389,180,0,0,561022
0,32,-8,0.5,0.26821,180,0,0,561043
0,15,-3,0.5,0.270235,180,0,0,561057
0,13,-4,0.5,0.27199,180,0,0,561073
0,11,-4,0.5,0.273475,180,0,0,561091
0,8,-5,0.5,0.274555,180,0,0,561108
0,9,-6,0.5,0.27577,180,0,0,561124
0,9,-9,0.5,0.276985,180,0,0,561143
0,10,-11,0.5,0.278335,180,0,0,561158
0,14,-13,0.5,0.280225,180,0,0,561175
0,16,-13,0.5,0.282385,180,0,0,561192
0,18,-15,0.5,0.284815,180,0,0,561213
0,21,-14,0.5,0.28765,180,0,0,561229
0,23,-14,0.5,0.290755,180,0,0,561250
0,24,-15,0.5,0.293995,180,0,0,561269
0,54,-30,0.5,0.301285,180,0,0,561298
0,28,-16,0.5,0.305065,180,0,0,561316
0,31,-17,0.5,0.30925,180,0,0,561328
0,29,-16,0.5,0.313165,180,0,0,561339
0,31,-15,0.5,0.31735,180,0,0,561355
0,32,-14,0.5,0.32167,180,0,0,561369
0,32,-14,0.5,0.32599,180,0,0,561383
0,33,-12,0.5,0.330445,180,0,0,561399
0,33,-13,0.5,0.3349,180,0,0,561416
0,31,-12,0.5,0.339085,180,0,0,561434
0,30,-12,0.5,0.343135,180,0,0,561450
0,25,-12,0.5,0.34651,180,0,0,561467
0,23,-14,0.5,0.349615,180,0,0,561483
0,18,-15,0.5,0.352045,180,0,0,561500
0,17,-15,0.5,0.35434,180,0,0,561518
0,16,-16,0.5,0.3565,180,0,0,561534
0,16,-17,0.5,0.35866,180,0,0,561549
0,16,-17,0.5,0.36082,180,0,0,561567
0,14,-16,0.5,0.36271,180,0,0,561584
0,13,-16,0.5,0.364465,180,0,0,561600
0,9,-15,0.5,0.36568,180,0,0,561616
0,15,-28,0.5,0.367705,180,0,0,561641
0,7,-14,0.5,0.36865,180,0,0,561652
0,7,-13,0.5,0.369595,180,0,0,561666
0,8,-13,0.5,0.370675,180,0,0,561686
0,10,-13,0.5,0.372025,180,0,0,561701
0,10,-13,0.5,0.373375,180,0,0,561715
0,11,-12,0.5,0.37486,180,0,0,561735
0,11,-12,0.5,0.376345,180,0,0,561751
0,11,-11,0.5,0.37783,180,0,0,561768
0,13,-12,0.5,0.379585,180,0,0,561786
0,13,-12,0.5,0.38134,180,0,0,561802
0,15,-13,0.5,0.383365,180,0,0,561817
0,18,-13,0.5,0.385795,180,0,0,561834
0,20,-13,0.5,0.388495,180,0,0,561850
0,20,-14,0.5,0.391195,180,0,0,561871
0,20,-17,0.5,0.393895,180,0,0,561887
0,17,-17,0.5,0.39619,180,0,0,561899
0,16,-19,0.5,0.39835,180,0,0,561918
0,14,-18,0.5,0.40024,180,0,0,561938
0,13,-16,0.5,0.401995,180,0,0,561953
0,12,-15,0.5,0.403615,180,0,0,561966
0,9,-14,0.5,0.40483,180,0,0,561983
0,7,-14,0.5,0.405775,180,0,0,562001
0,6,-28,0.5,0.406585,180,0,0,562021
0,2,-14,0.5,0.406855,180,0,0,562035
0,2,-15,0.5,0.407125,180,0,0,562054
0,3,-15,0.5,0.40753,180,0,0,562070
0,4,-15,0.5,0.40807,180,0,31,562084
0,4,-15,0.5,0.40861,180,0,31,562100
0,1,-14,0.5,0.408745,180,0,31,562119
0,-1,-14,0.5,0.40861,180,0,31,562134
0,-3,-12,0.5,0.408205,180,0,0,562149
0,-6,-12,0.5,0.407395,180,0,0,562168
0,-8,-11,0.5,0.406315,180,0,0,562184
0,-10,-11,0.5,0.404965,180,0,0,562199
0,-12,-10,0.5,0.403345,180,0,0,562215
0,-13,-10,0.5,0.40159,180,0,0,562236
0,-14,-9,0.5,0.3997,180,0,0,562248
0,-17,-10,0.5,0.397405,180,0,0,562266
0,-16,-8,0.5,0.395245,180,0,0,562282
0,-15,-7,0.5,0.39322,180,0,0,562300
0,-18,-7,0.5,0.39079,180,0,0,562316
0,-16,-7,0.5,0.38863,180,0,0,562334
0,-15,-6,0.5,0.386605,180,0,0,562348
0,-12,-6,0.5,0.384985,180,0,0,562366
0,-13,-6,0.5,0.38323,180,0,0,562383
0,-10,-5,0.5,0.38188,180,0,0,562399
0,-9,-4,0.5,0.380665,180,0,0,562418
0,-6,-8,0.5,0.379855,180,0,0,562436
0,2,-4,0.5,0.380125,180,0,0,562446
0,4,-3,0.5,0.380665,180,0,0,562462
0,7,-4,0.5,0.38161,180,0,0,562480
0,7,-3,0.5,0.382555,180,0,0,562499
0,9,-3,0.5,0.38377,180,0,0,562515
0,10,-3,0.5,0.38512,180,0,0,562532
0,10,-3,0.5,0.38647,180,0,0,562547
0,11,-3,0.5,0.387955,180,0,0,562564
0,10,-2,0.5,0.389305,180,0,0,562580
0,10,-3,0.5,0.390655,180,0,0,562597
0,10,-2,0.5,0.392005,180,0,0,562613
0,7,-2,0.5,0.39295,180,0,0,562629
0,7,-3,0.5,0.393895,180,0,0,562647
0,2,-3,0.5,0.394165,180,0,0,562663
0,0,-4,0.5,0.394165,180,0,0,562680
0,-4,-6,0.5,0.393625,180,0,0,562701
0,-1,-7,0.5,0.39349,180,0,0,562714
0,2,-8,0.5,0.39376,180,0,0,562731
0,5,-8,0.5,0.394435,180,0,0,562750
0,9,-9,0.5,0.39565,180,0,0,562766
0,10,-9,0.5,0.397,180,0,0,562786
0,14,-9,0.5,0.39889,180,0,0,562801
0,16,-9,0.5,0.40105,180,0,0,562816
0,39,-16,0.5,0.406315,180,0,0,562834
0,22,-7,0.5,0.409285,180,0,0,562854
0,23,-7,0.5,0.41239,180,0,0,562865
0,27,-8,0.5,0.416035,180,0,0,562882
0,27,-8,0.5,0.41968,180,0,0,562898
0,30,-8,0.5,0.42373,180,0,0,562914
0,32,-9,0.5,0.42805,180,0,0,562932
0,35,-8,0.5,0.432775,180,0,0,562948
0,36,-8,0.5,0.437635,180,0,0,562965
0,37,-8,0.5,0.44263,180,0,0,562985
0,39,-8,0.5,0.447895,180,0,0,563005
0,37,-7,0.5,0.45289,180,0,0,563017
0,40,-6,0.5,0.45829,180,0,0,563030
0,37,-6,0.5,0.463285,180,0,0,563047
0,37,-5,0.5,0.46828,180,0,0,563064
0,37,-5,0.5,0.473275,180,0,0,563082
0,35,-5,0.5,0.478,180,0,0,563098
0,33,-5,0.5,0.482455,180,0,0,563115
0,28,-5,0.5,0.486235,180,0,0,563131
0,27,-8,0.5,0.48988,180,0,0,563149
0,23,-9,0.5,0.492985,180,0,0,563166
0,39,-9,0.5,0.49825,180,0,0,563182
0,17,-14,0.5,0.500545,180,0,0,563200
0,16,-8,0.5,0.502705,180,0,0,563216
0,0,-12,0.5,0.502705,180,0,0,563233
0,34,-19,0.5,0.507295,180,0,0,563254
0,0,-7,0.5,0.507295,180,0,0,563264
0,35,-26,0.5,0.51202,180,0,0,563294
0,17,-12,0.5,0.514315,180,0,0,563303
0,14,-12,0.5,0.516205,180,0,0,563316
0,11,-11,0.5,0.51769,180,0,0,563331
0,8,-10,0.5,0.51877,180,0,0,563351
0,7,-11,0.5,0.519715,180,0,0,563365
0,6,-10,0.5,0.520525,180,0,0,563381
0,5,-9,0.5,0.5212,180,0,0,563399
0,3,-9,0.5,0.521605,180,0,0,563416
0,4,-8,0.5,0.522145,180,0,0,563433
0,3,-8,0.5,0.52255,180,0,0,563447
0,2,-7,0.5,0.52282,180,0,0,563465
0,4,-7,0.5,0.52336,180,0,0,563482
0,9,-7,0.5,0.524575,180,0,0,563503
0,0,-4,0.5,0.524575,180,0,0,563513
0,4,-5,0.5,0.525115,180,0,0,563529
0,5,-5,0.5,0.52579,180,0,0,563548
0,2,-5,0.5,0.52606,180,0,0,563563
0,2,-5,0.5,0.52633,180,0,0,563580
0,4,-9,0.5,0.52687,180,0,0,563604
0,5,-6,0.5,0.527545,180,0,0,563613
0,7,-6,0.5,0.52849,180,0,0,563630
0,0,0,0.5,0.52849,180,0,0,563646
0,19,-13,0.5,0.531055,180,0,0,563665
0,12,-6,0.5,0.532675,180,0,0,563682
0,13,-6,0.5,0.53443,180,0,0,563697
0,12,-6,0.5,0.53605,180,0,0,563717
0,11,-7,0.5,0.537535,180,0,0,563732
0,7,-6,0.5,0.53848,180,0,0,563750
0,2,-7,0.5,0.53875,180,0,0,563764
0,-2,-7,0.5,0.53848,180,0,0,563782
0,-7,-7,0.5,0.537535,180,0,0,563800
0,-11,-8,0.5,0.53605,180,0,0,563814
0,-16,-6,0.5,0.53389,180,0,0,563831
0,-19,-6,0.5,0.531325,180,0,0,563850
0,-19,-5,0.5,0.52876,180,0,0,563867
0,-19,-5,0.5,0.526195,180,0,0,563880
0,-21,-5,0.5,0.52336,180,0,0,563897
0,-20,-4,0.5,0.52066,180,0,0,563913
0,-19,-4,0.5,0.518095,180,0,0,563930
0,-17,-3,0.5,0.5158,180,0,0,563949
0,-13,-3,0.5,0.514045,180,0,0,563963
0,-11,-3,0.5,0.51256,180,0,0,563980
0,-11,-8,0.5,0.511075,180,0,0,563998
0,-1,-4,0.5,0.51094,180,0,0,564013
0,0,0,0.5,0.51094,180,0,0,564029
0,4,-6,0.5,0.51148,180,0,0,564047
0,5,-2,0.5,0.512155,180,0,0,564064
0,6,-3,0.5,0.512965,180,0,0,564082
0,7,-3,0.5,0.51391,180,0,0,564099
0,8,-4,0.5,0.51499,180,0,0,564114
0,8,-4,0.5,0.51607,180,0,0,564131
0,14,-4,0.5,0.51796,180,0,0,564147
0,15,-5,0.5,0.519985,180,0,0,564163
0,15,-4,0.5,0.52201,180,0,0,564180
0,18,-5,0.5,0.52444,180,0,0,564200
0,19,-5,0.5,0.527005,180,0,0,564213
0,20,-5,0.5,0.529705,180,0,0,564230
0,17,-6,0.5,0.532,180,0,0,564248
0,17,-6,0.5,0.534295,180,0,0,564263
0,16,-6,0.5,0.536455,180,0,0,564280
0,15,-5,0.5,0.53848,180,0,0,564298
0,14,-6,0.5,0.54037,180,0,0,564314
0,17,-6,0.5,0.542665,180,0,0,564330
0,18,-5,0.5,0.545095,180,0,0,564347
0,20,-5,0.5,0.547795,180,0,0,564363
0,22,-5,0.5,0.550765,180,0,0,564380
0,51,-7,0.5,0.55765,180,0,0,564397
0,24,-7,0.5,0.56089,180,0,0,564419
0,25,-5,0.5,0.564265,180,0,0,564434
0,26,-5,0.5,0.567775,180,0,0,564450
0,27,-5,0.5,0.57142,180,0,0,564464
0,29,-6,0.5,0.575335,180,0,0,564480
0,31,-7,0.5,0.57952,180,0,0,564498
0,33,-7,0.5,0.583975,180,0,0,564514
0,33,-9,0.5,0.58843,180,0,0,564531
0,33,-10,0.5,0.592885,180,0,0,564548
0,29,-11,0.5,0.5968,180,0,0,564565
0,27,-13,0.5,0.600445,180,0,0,564585
0,23,-14,0.5,0.60355,180,0,0,564600
0,19,-15,0.5,0.606115,180,0,0,564617
0,17,-15,0.5,0.60841,180,0,0,564632
0,17,-14,0.5,0.610705,180,0,0,564649
0,15,-14,0.5,0.61273,180,0,0,564666
0,16,-14,0.5,0.61489,180,0,0,564687
0,17,-13,0.5,0.617185,180,0,0,564702
0,16,-12,0.5,0.619345,180,0,0,564718
0,17,-11,0.5,0.62164,180,0,0,564734
0,15,-10,0.5,0.623665,180,0,0,564747
0,9,-9,0.5,0.62488,180,0,0,564766
0,-1,-8,0.5,0.624745,180,0,0,564781
0,-21,-14,0.5,0.62191,180,0,0,564803
0,-14,-8,0.5,0.62002,180,0,0,564816
0,-13,-7,0.5,0.618265,180,0,0,564830
0,-15,-6,0.5,0.61624,180,0,0,564851
0,-11,-4,0.5,0.614755,180,0,0,564865
0,-12,-3,0.5,0.613135,180,0,0,564882
0,-12,-3,0.5,0.611515,180,0,0,564899
0,-12,-2,0.5,0.609895,180,0,0,564913
0,-13,-2,0.5,0.60814,180,0,0,564929
0,-15,-2,0.5,0.606115,180,0,0,564946
0,-15,-2,0.5,0.60409,180,0,0,564964
0,-20,-1,0.5,0.60139,180,0,0,564980
0,-22,0,0.5,0.59842,180,0,0,564996
0,-22,0,0.5,0.59545,180,0,0,565012
0,-23,2,0.5,0.592345,180,0,0,565031
0,-20,1,0.5,0.589645,180,0,0,565045
0,-18,1,0.5,0.587215,180,0,0,565065
0,-15,1,0.5,0.58519,180,0,0,565080
0,-13,1,0.5,0.583435,180,0,0,565098
0,-13,2,0.5,0.58168,180,0,0,565112
0,-13,3,0.5,0.579925,180,0,0,565129
0,-16,2,0.5,0.577765,180,0,0,565146
0,-14,2,0.5,0.575875,180,0,0,565164
0,-12,1,0.5,0.574255,180,0,0,565184
0,-11,1,0.5,0.57277,180,0,0,565200
0,-1,0,0.5,0.572635,180,0,0,565212
0,1,-1,0.5,0.57277,180,0,0,565229
0,4,0,0.5,0.57331,180,0,0,565247
0,3,-1,0.5,0.573715,180,0,0,565266
0,1,-1,0.5,0.57385,180,0,0,565280
0,0,-2,0.5,0.57385,180,0,0,565296
0,-1,-1,0.5,0.573715,180,0,0,565312
0,-2,-2,0.5,0.573445,180,0,0,565329
0,-1,-2,0.5,0.57331,180,0,0,565347
0,0,-2,0.5,0.57331,180,0,0,565363
0,4,-2,0.5,0.57385,180,0,0,565379
0,8,-3,0.5,0.57493,180,0,0,565398
0,8,-3,0.5,0.57601,180,0,0,565413
0,10,-5,0.5,0.57736,180,0,0,565430
0,11,-6,0.5,0.578845,180,0,0,565455
0,6,-6,0.5,0.579655,180,0,0,565470
0,1,-6,0.5,0.57979,180,0,0,565481
0,-2,-5,0.5,0.57952,180,0,0,565497
0,-3,-5,0.5,0.579115,180,0,0,565517
0,-3,-4,0.5,0.57871,180,0,0,565531
0,-2,-4,0.5,0.57844,180,0,0,565546
0,-1,-3,0.5,0.578305,180,0,0,565563
0,9,-6,0.5,0.57952,180,0,0,565582
0,0,0,0.5,0.57952,180,0,0,565596
0,30,-5,0.5,0.58357,180,0,0,565614
0,15,-4,0.5,0.585595,180,0,0,565633
0,9,-4,0.5,0.58681,180,0,0,565650
0,1,-4,0.5,0.586945,180,0,0,565663
0,-7,-2,0.5,0.586,180,0,0,565679
0,-12,-1,0.5,0.58438,180,0,0,565696
0,-15,0,0.5,0.582355,180,0,0,565712
0,-17,1,0.5,0.58006,180,0,0,565732
0,-19,2,0.5,0.577495,180,0,0,565747
0,-20,3,0.5,0.574795,180,0,0,565763
0,-19,2,0.5,0.57223,180,0,0,565779
0,-14,2,0.5,0.57034,180,0,0,565798
0,-11,2,0.5,0.568855,180,0,0,565814
0,-9,2,0.5,0.56764,180,0,0,565829
0,-8,2,0.5,0.56656,180,0,0,565846
0,-7,2,0.5,0.565615,180,0,0,565862
0,-4,2,0.5,0.565075,180,0,0,565881
0,-2,0,0.5,0.564805,180,0,0,565896
0,0,1,0.5,0.564805,180,0,0,565915
0,6,0,0.5,0.565615,180,0,0,565929
0,4,0,0.5,0.566155,180,0,0,565945
0,2,0,0.5,0.566425,180,0,0,565964
0,1,0,0.5,0.56656,180,0,0,565979
0,-1,1,0.5,0.566425,180,0,0,565996
0,-10,2,0.5,0.565075,180,0,0,566013
0,-9,2,0.5,0.56386,180,0,0,566030
0,-9,2,0.5,0.562645,180,0,0,566046
0,-7,2,0.5,0.5617,180,0,0,566063
0,-6,1,0.5,0.56089,180,0,0,566081
0,-1,0,0.5,0.560755,180,0,0,566098
0,0,0,0.5,0.560755,180,0,0,566112
0,0,0,0.5,0.560755,180,0,0,566129
0,0,0,0.5,0.560755,180,0,0,566146
0,0,-1,0.5,0.560755,180,0,0,566162
0,-1,-2,0.5,0.56062,180,0,0,566180
0,-1,-1,0.5,0.560485,180,0,0,566196
0,-2,-1,0.5,0.560215,180,0,0,566212
0,-2,0,0.5,0.559945,180,0,0,566228
0,-2,0,0.5,0.559675,180,0,31,566249
0,-1,3,0.5,0.55954,180,0,31,566264
0,1,3,0.5,0.559675,180,0,31,566280
0,0,4,0.5,0.559675,180,0,31,566297
0,-2,3,0.5,0.559405,180,0,31,566313
0,-4,3,0.5,0.558865,180,0,31,566329
0,-7,2,0.5,0.55792,180,0,0,566346
0,-8,0,0.5,0.55684,180,0,0,566362
0,-7,0,0.5,0.555895,180,0,0,566379
0,-6,-2,0.5,0.555085,180,0,0,566396
0,-4,-9,0.5,0.554545,180,0,0,566417
0,3,-5,0.5,0.55495,180,0,0,566432
0,4,-5,0.5,0.55549,180,0,31,566447
0,4,-4,0.5,0.55603,180,0,31,566464
0,4,-3,0.5,0.55657,180,0,31,566480
0,1,-2,0.5,0.556705,180,0,31,566497
0,-1,-1,0.5,0.55657,180,0,31,566512
0,-2,-1,0.5,0.5563,180,0,31,566529
0,-1,-2,0.5,0.556165,180,0,31,566547
0,0,-2,0.5,0.556165,180,0,31,566562
0,3,-2,0.5,0.55657,180,0,31,566579
0,4,-3,0.5,0.55711,180,0,31,566596
0,3,-1,0.5,0.557515,180,0,0,566613
0,3,0,0.5,0.55792,180,0,0,566631
0,3,0,0.5,0.558325,180,0,0,566645
0,4,0,0.5,0.558865,180,0,0,566662
0,6,0,0.5,0.559675,180,0,0,566679
0,9,-1,0.5,0.56089,180,0,0,566695
0,12,-1,0.5,0.56251,180,0,0,566714
0,14,-1,0.5,0.5644,180,0,0,566730
0,13,-1,0.5,0.566155,180,0,0,566745
0,7,-3,0.5,0.5671,180,0,0,566765
0,1,-2,0.5,0.567235,180,0,0,566780
0,-1,-2,0.5,0.5671,180,0,0,566796
0,-2,-1,0.5,0.56683,180,0,0,566812
0,3,0,0.5,0.567235,180,0,0,566830
0,4,0,0.5,0.567775,180,0,0,566846
0,1,0,0.5,0.56791,180,0,0,566862
0,-4,0,0.5,0.56737,180,0,0,566879
0,-7,0,0.5,0.566425,180,0,0,566895
0,-10,0,0.5,0.565075,180,0,0,566912
0,-11,0,0.5,0.56359,180,0,0,566930
0,-11,0,0.5,0.562105,180,0,0,566945
0,-12,-1,0.5,0.560485,180,0,0,566963
0,-12,-2,0.5,0.558865,180,0,0,566979
0,-8,-2,0.5,0.557785,180,0,0,566996
0,-6,-2,0.5,0.556975,180,0,0,567013
0,-3,-1,0.5,0.55657,180,0,0,567029
0,0,-1,0.5,0.55657,180,0,0,567045
0,1,-1,0.5,0.556705,180,0,0,567062
0,2,-1,0.5,0.556975,180,0,0,567083
0,5,0,0.5,0.55765,180,0,0,567098
0,6,0,0.5,0.55846,180,0,0,567113
0,8,1,0.5,0.55954,180,0,0,567131
0,12,1,0.5,0.56116,180,0,0,567146
0,16,2,0.5,0.56332,180,0,0,567163
0,19,1,0.5,0.565885,180,0,0,567180
0,23,1,0.5,0.56899,180,0,0,567198
0,54,0,0.5,0.57628,180,0,0,567213
0,26,0,0.5,0.57979,180,0,0,567229
0,25,-2,0.5,0.583165,180,0,0,567246
0,20,-3,0.5,0.585865,180,0,0,567265
0,15,-4,0.5,0.58789,180,0,0,567281
0,11,-4,0.5,0.589375,180,0,0,567297
0,6,-3,0.5,0.590185,180,0,0,567314
0,4,-2,0.5,0.590725,180,0,0,567329
0,0,-2,0.5,0.590725,180,0,0,567348
0,-3,-2,0.5,0.59032,180,0,0,567364
0,-7,-1,0.5,0.589375,180,0,0,567379
0,-7,-1,0.5,0.58843,180,0,0,567397
0,-6,-1,0.5,0.58762,180,0,0,567412
0,-5,-2,0.5,0.586945,180,0,0,567431
0,-5,-1,0.5,0.58627,180,0,0,567447
0,-5,-1,0.5,0.585595,180,0,0,567462
0,-4,-2,0.5,0.585055,180,0,0,567485
0,-3,-1,0.5,0.58465,180,0,0,567496
0,-3,-1,0.5,0.584245,180,0,0,567513
0,-5,0,0.5,0.58357,180,0,0,567530
0,-5,1,0.5,0.582895,180,0,0,567550
0,-6,1,0.5,0.582085,180,0,0,567567
0,-4,2,0.5,0.581545,180,0,0,567579
0,-1,3,0.5,0.58141,180,0,0,567604
0,4,1,0.5,0.58195,180,0,0,567612
0,4,1,0.5,0.58249,180,0,0,567633
0,3,0,0.5,0.582895,180,0,0,567651
0,3,-1,0.5,0.5833,180,0,0,567662
0,7,-5,0.5,0.584245,180,0,0,567680
0,8,-6,0.5,0.585325,180,0,0,567698
0,9,-7,0.5,0.58654,180,0,0,567715
0,9,-7,0.5,0.587755,180,0,0,567734
0,12,-8,0.5,0.589375,180,0,0,567749
0,17,-10,0.5,0.59167,180,0,0,567767
0,20,-10,0.5,0.59437,180,0,0,567785
0,24,-11,0.5,0.59761,180,0,0,567800
0,28,-12,0.5,0.60139,180,0,0,567816
0,30,-11,0.5,0.60544,180,0,0,567832
0,32,-11,0.5,0.60976,180,0,0,567850
0,34,-11,0.5,0.61435,180,0,0,567865
0,35,-10,0.5,0.619075,180,0,0,567885
0,35,-10,0.5,0.6238,180,0,0,567901
0,30,-8,0.5,0.62785,180,0,0,567915
0,23,-8,0.5,0.630955,180,0,0,567931
0,18,-8,0.5,0.633385,180,0,0,567952
0,14,-8,0.5,0.635275,180,0,0,567967
0,17,-17,0.5,0.63757,180,0,0,567985
0,0,0,0.5,0.63757,180,0,0,567995
0,2,-9,0.5,0.63784,180,0,0,568017
0,0,-20,0.5,0.63784,180,0,0,568033
0,0,-10,0.5,0.63784,180,0,0,568047
0,2,-11,0.5,0.63811,180,0,0,568069
0,2,-12,0.5,0.63838,180,0,0,568084
0,7,-13,0.5,0.639325,180,0,0,568100
0,8,-14,0.5,0.640405,180,0,0,568118
0,7,-15,0.5,0.64135,180,0,0,568137
0,3,-13,0.5,0.641755,180,0,0,568151
0,-4,-13,0.5,0.641215,180,0,0,568167
0,-10,-10,0.5,0.639865,180,0,0,568182
0,-16,-9,0.5,0.637705,180,0,0,568198
0,-21,-7,0.5,0.63487,180,0,0,568216
0,-26,-7,0.5,0.63136,180,0,0,568232
0,-28,-7,0.5,0.62758,180,0,0,568249
0,-27,-5,0.5,0.623935,180,0,0,568264
0,-30,-5,0.5,0.619885,180,0,0,568284
0,-29,-4,0.5,0.61597,180,0,0,568297
0,-30,-3,0.5,0.61192,180,0,0,568313
0,-27,-2,0.5,0.608275,180,0,0,568330
0,-24,0,0.5,0.605035,180,0,0,568346
0,-35,0,0.5,0.60031,180,0,0,568365
0,0,0,0.5,0.60031,180,0,0,568378
0,-17,2,0.5,0.598015,180,0,0,568397
0,-4,2,0.5,0.597475,180,0,0,568414
0,-2,2,0.5,0.597205,180,0,0,568429
0,-1,1,0.5,0.59707,180,0,31,568450
0,-1,0,0.5,0.596935,180,0,31,568463
0,-1,0,0.5,0.5968,180,0,31,568478
0,-3,-2,0.5,0.596395,180,0,31,568496
0,-4,-2,0.5,0.595855,180,0,31,568513
0,-6,-2,0.5,0.595045,180,0,31,568533
0,-7,-2,0.5,0.5941,180,0,31,568550
0,-8,-3,0.5,0.59302,180,0,31,568564
0,-7,-3,0.5,0.592075,180,0,31,568579
0,-4,-3,0.5,0.591535,180,0,31,568596
0,-3,-3,0.5,0.59113,180,0,31,568620
0,-2,-2,0.5,0.59086,180,0,31,568634
0,-2,-2,0.5,0.59059,180,0,31,568646
0,-2,-1,0.5,0.59032,180,0,0,568663
0,-2,-1,0.5,0.59005,180,0,0,568679
0,-3,0,0.5,0.589645,180,0,0,568696
0,-4,-1,0.5,0.589105,180,0,0,568712
0,-3,0,0.5,0.5887,180,0,0,568729
0,-2,0,0.5,0.58843,180,0,0,568746
0,-1,0,0.5,0.588295,180,0,0,568762
0,-1,1,0.5,0.58816,180,0,0,568779
0,0,0,0.5,0.58816,180,0,0,568795
0,5,-2,0.5,0.588835,180,0,0,568813
0,4,-2,0.5,0.589375,180,0,0,568833
0,3,-3,0.5,0.58978,180,0,0,568849
0,2,-3,0.5,0.59005,180,0,0,568864
0,3,-3,0.5,0.590455,180,0,0,568881
0,2,-3,0.5,0.590725,180,0,0,568896
0,2,-2,0.5,0.590995,180,0,0,568915
0,1,-2,0.5,0.59113,180,0,0,568929
0,0,-2,0.5,0.59113,180,0,0,568946
0,-1,0,0.5,0.590995,180,0,0,568962
0,-3,0,0.5,0.59059,180,0,0,568978
0,-1,0,0.5,0.590455,180,0,0,568999
0,-2,0,0.5,0.590185,180,0,0,569013
0,-2,1,0.5,0.589915,180,0,0,569028
0,-2,0,0.5,0.589645,180,0,0,569047
0,-1,0,0.5,0.58951,180,0,0,569062
0,0,0,0.5,0.58951,180,0,0,569079
0,1,0,0.5,0.589645,180,0,31,569100
0,3,0,0.5,0.59005,180,0,31,569113
0,2,0,0.5,0.59032,180,0,31,569128
0,0,0,0.5,0.59032,180,0,31,569147
0,2,-1,0.5,0.59059,180,0,31,569168
0,0,0,0.5,0.59059,180,0,31,569180
0,5,-1,0.5,0.591265,180,0,31,569199
0,3,-2,0.5,0.59167,180,0,31,569213
0,0,0,0.5,0.59167,180,0,31,569228
0,3,0,0.5,0.592075,180,0,31,569247
0,0,0,0.5,0.592075,180,0,31,569263
0,1,1,0.5,0.59221,180,0,31,569281
0,5,1,0.5,0.592885,180,0,31,569297
0,8,0,0.5,0.593965,180,0,31,569312
0,9,-1,0.5,0.59518,180,0,31,569332
0,6,-1,0.5,0.59599,180,0,31,569347
0,1,-2,0.5,0.596125,180,0,31,569363
0,-2,-2,0.5,0.595855,180,0,31,569379
0,-6,-2,0.5,0.595045,180,0,31,569396
0,-8,-2,0.5,0.593965,180,0,31,569414
0,-9,0,0.5,0.59275,180,0,31,569429
0,-8,-1,0.5,0.59167,180,0,0,569446
0,-9,0,0.5,0.590455,180,0,0,569463
0,-7,1,0.5,0.58951,180,0,0,569486
0,-6,2,0.5,0.5887,180,0,0,569503
0,-4,3,0.5,0.58816,180,0,0,569513
0,-2,4,0.5,0.58789,180,0,0,569530
0,-2,3,0.5,0.58762,180,0,0,569548
0,-4,10,0.5,0.58708,180,0,0,569571
0,0,0,0.5,0.58708,180,0,0,569581
0,-4,5,0.5,0.58654,180,0,0,569598
0,-2,12,0.5,0.58627,180,0,0,569618
0,1,4,0.5,0.586405,180,0,0,569631
0,0,2,0.5,0.586405,180,0,0,569651
0,0,0,0.5,0.586405,180,0,0,569668
0,-2,-2,0.5,0.586135,180,0,0,569681
0,-2,-4,0.5,0.585865,180,0,0,569697
0,-2,-4,0.5,0.585595,180,0,0,569718
0,-1,-5,0.5,0.58546,180,0,0,569733
0,2,-4,0.5,0.58573,180,0,0,569748
0,6,-4,0.5,0.58654,180,0,0,569764
0,10,-5,0.5,0.58789,180,0,0,569785
0,15,-5,0.5,0.589915,180,0,0,569800
0,17,-6,0.5,0.59221,180,0,0,569816
0,22,-6,0.5,0.59518,180,0,0,569832
0,25,-6,0.5,0.598555,180,0,0,569850
0,30,-6,0.5,0.602605,180,0,0,569868
0,34,-6,0.5,0.607195,180,0,0,569882
0,34,-5,0.5,0.611785,180,0,0,569899
0,35,-6,0.5,0.61651,180,0,0,569915
0,63,-6,0.5,0.625015,180,0,0,569935
0,28,-7,0.5,0.628795,180,0,0,569951
0,0,-6,0.5,0.628795,180,0,0,569968
0,57,-6,0.5,0.63649,180,0,0,569983
0,27,-9,0.5,0.640135,180,0,0,570004
0,26,-4,0.5,0.643645,180,0,0,570019
0,23,-4,0.5,0.64675,180,0,0,570034
0,22,-6,0.5,0.64972,180,0,0,570049
0,19,-7,0.5,0.652285,180,0,0,570067
0,16,-9,0.5,0.654445,180,0,0,570083
0,12,-9,0.5,0.656065,180,0,0,570101
0,10,-10,0.5,0.657415,180,0,0,570116
0,8,-9,0.5,0.658495,180,0,0,570138
0,8,-9,0.5,0.659575,180,0,0,570154
0,7,-8,0.5,0.66052,180,0,0,570167
0,7,-7,0.5,0.661465,180,0,0,570190
0,9,-7,0.5,0.66268,180,0,0,570202
0,8,-5,0.5,0.66376,180,0,0,570217
0,10,-6,0.5,0.66511,180,0,0,570233
0,11,-5,0.5,0.666595,180,0,0,570252
0,12,-4,0.5,0.668215,180,0,0,570265
0,10,-3,0.5,0.669565,180,0,0,570281
0,7,-1,0.5,0.67051,180,0,0,570298
0,0,0,0.5,0.67051,180,0,0,570314
0,-16,1,0.5,0.66835,180,0,0,570333
0,0,0,0.5,0.66835,180,0,0,570348
0,-36,3,0.5,0.66349,180,0,0,570365
0,-22,9,0.5,0.66052,180,0,0,570383
0,-26,9,0.5,0.65701,180,0,0,570403
0,-21,8,0.5,0.654175,180,0,0,570419
0,-18,7,0.5,0.651745,180,0,0,570434
0,-12,6,0.5,0.650125,180,0,0,570452
0,-7,4,0.5,0.64918,180,0,0,570468
0,-3,1,0.5,0.648775,180,0,0,570482
0,0,0,0.5,0.648775,180,0,0,570498
0,1,-1,0.5,0.64891,180,0,0,570515
0,3,-3,0.5,0.649315,180,0,0,570537
0,1,-5,0.5,0.64945,180,0,0,570552
0,-1,-6,0.5,0.649315,180,0,0,570567
0,0,-6,0.5,0.649315,180,0,0,570585
0,-1,-5,0.5,0.64918,180,0,0,570600
0,-3,-5,0.5,0.648775,180,0,0,570617
0,-4,-4,0.5,0.648235,180,0,0,570638
0,-3,-2,0.5,0.64783,180,0,0,570649
0,-4,-1,0.5,0.64729,180,0,0,570665
0,-4,0,0.5,0.64675,180,0,0,570684
0,-3,0,0.5,0.646345,180,0,0,570699
0,-4,0,0.5,0.645805,180,0,0,570715
0,-5,0,0.5,0.64513,180,0,31,570736
0,0,0,0.5,0.64513,180,0,31,570747
0,-1,1,0.5,0.644995,180,0,31,570765
0,3,2,0.5,0.6454,180,0,31,570784
0,2,1,0.5,0.64567,180,0,31,570800
0,3,1,0.5,0.646075,180,0,31,570818
0,0,0,0.5,0.646075,180,0,31,570832
0,-1,0,0.5,0.64594,180,0,31,570849
0,-2,0,0.5,0.64567,180,0,31,570866
0,-3,-1,0.5,0.645265,180,0,31,570882
0,-4,-2,0.5,0.644725,180,0,31,570902
0,-2,-3,0.5,0.644455,180,0,0,570923
0,-2,-3,0.5,0.644185,180,0,0,570935
0,-2,-2,0.5,0.643915,180,0,0,570950
0,-2,-2,0.5,0.643645,180,0,0,570967
0,-3,-1,0.5,0.64324,180,0,0,570987
0,-2,1,0.5,0.64297,180,0,0,571000
0,0,2,0.5,0.64297,180,0,0,571018
0,0,2,0.5,0.64297,180,0,0,571033
0,0,1,0.5,0.64297,180,0,0,571053
0,0,0,0.5,0.64297,180,0,0,571066
0,-3,0,0.5,0.642565,180,0,0,571082
0,-4,-1,0.5,0.642025,180,0,31,571100
0,-3,-1,0.5,0.64162,180,0,31,571117
0,-5,-6,0.5,0.640945,180,0,31,571137
0,-1,-3,0.5,0.64081,180,0,31,571154
0,0,-3,0.5,0.64081,180,0,31,571168
0,-1,-1,0.5,0.640675,180,0,31,571184
0,0,0,0.5,0.640675,180,0,31,571199
0,-1,0,0.5,0.64054,180,0,31,571219
0,-2,0,0.5,0.64027,180,0,0,571234
0,-1,1,0.5,0.640135,180,0,0,571249
0,-2,1,0.5,0.639865,180,0,0,571268
0,-2,1,0.5,0.639595,180,0,0,571287
0,-2,1,0.5,0.639325,180,0,0,571303
0,-2,0,0.5,0.639055,180,0,0,571316
0,-2,0,0.5,0.638785,180,0,0,571334
0,-2,-1,0.5,0.638515,180,0,0,571352
0,0,0,0.5,0.638515,180,0,0,571366
0,0,-1,0.5,0.638515,180,0,0,571383
0,0,0,0.5,0.638515,180,0,0,571399
0,1,1,0.5,0.63865,180,0,31,571418
0,3,2,0.5,0.639055,180,0,31,571436
0,2,2,0.5,0.639325,180,0,31,571451
0,2,1,0.5,0.639595,180,0,31,571467
0,2,1,0.5,0.639865,180,0,31,571484
0,5,0,0.5,0.64054,180,0,31,571501
0,8,0,0.5,0.64162,180,0,31,571522
0,2,-1,0.5,0.64189,180,0,31,571534
0,1,-1,0.5,0.642025,180,0,31,571549
0,0,-1,0.5,0.642025,180,0,31,571567
0,1,-1,0.5,0.64216,180,0,31,571583
0,2,-1,0.5,0.64243,180,0,31,571603
0,4,0,0.5,0.64297,180,0,31,571617
0,8,0,0.5,0.64405,180,0,31,571633
0,11,0,0.5,0.645535,180,0,31,571651
0,13,0,0.5,0.64729,180,0,31,571669
0,13,0,0.5,0.649045,180,0,31,571684
0,13,0,0.5,0.6508,180,0,31,571703
0,16,0,0.5,0.65296,180,0,31,571716
0,17,0,0.5,0.655255,180,0,0,571735
0,19,1,0.5,0.65782,180,0,0,571751
0,19,1,0.5,0.660385,180,0,0,571768
0,19,2,0.5,0.66295,180,0,0,571787
0,14,1,0.5,0.66484,180,0,0,571802
0,12,1,0.5,0.66646,180,0,0,571817
0,10,0,0.5,0.66781,180,0,0,571834
0,5,0,0.5,0.668485,180,0,0,571850
0,1,0,0.5,0.66862,180,0,0,571867
0,-6,0,0.5,0.66781,180,0,0,571886
0,-6,0,0.5,0.667,180,0,0,571906
0,-9,1,0.5,0.665785,180,0,0,571918
0,-13,2,0.5,0.66403,180,0,0,571937
0,-18,1,0.5,0.6616,180,0,0,571951
0,-20,2,0.5,0.6589,180,0,0,571970
0,-22,2,0.5,0.65593,180,0,0,571986
0,-24,4,0.5,0.65269,180,0,0,572004
0,-23,3,0.5,0.649585,180,0,0,572024
0,-22,4,0.5,0.646615,180,0,0,572038
0,-18,3,0.5,0.644185,180,0,0,572055
0,-13,3,0.5,0.64243,180,0,0,572070
0,-8,3,0.5,0.64135,180,0,0,572085
0,-4,1,0.5,0.64081,180,0,0,572104
0,-1,1,0.5,0.640675,180,0,0,572120
0,4,0,0.5,0.641215,180,0,0,572134
0,6,-1,0.5,0.642025,180,0,0,572155
0,7,-1,0.5,0.64297,180,0,0,572169
0,5,-2,0.5,0.643645,180,0,0,572186
0,4,-3,0.5,0.644185,180,0,0,572203
0,1,-2,0.5,0.64432,180,0,0,572219
0,-1,-4,0.5,0.644185,180,0,31,572239
0,-2,-1,0.5,0.643915,180,0,31,572255
0,-2,0,0.5,0.643645,180,0,31,572269
0,-1,-2,0.5,0.64351,180,0,31,572291
0,0,0,0.5,0.64351,180,0,31,572303
0,-1,0,0.5,0.643375,180,0,31,572318
0,-3,0,0.5,0.64297,180,0,31,572335
0,-2,0,0.5,0.6427,180,0,31,572356
0,-1,0,0.5,0.642565,180,0,31,572369
0,-1,0,0.5,0.64243,180,0,31,572386
0,0,0,0.5,0.64243,180,0,31,572401
0,1,2,0.5,0.642565,180,0,31,572424
0,2,1,0.5,0.642835,180,0,31,572439
0,5,2,0.5,0.64351,180,0,31,572455
0,3,1,0.5,0.643915,180,0,31,572472
0,8,3,0.5,0.644995,180,0,31,572489
0,8,3,0.5,0.646075,180,0,31,572503
0,7,3,0.5,0.64702,180,0,31,572520
0,5,1,0.5,0.647695,180,0,31,572535
0,2,1,0.5,0.647965,180,0,31,572553
0,4,1,0.5,0.648505,180,0,31,572570
0,6,1,0.5,0.649315,180,0,31,572587
0,16,4,0.5,0.651475,180,0,31,572611
0,10,3,0.5,0.652825,180,0,31,572626
0,0,0,0.5,0.652825,180,0,0,572637
0,27,5,0.5,0.65647,180,0,0,572655
0,12,2,0.5,0.65809,180,0,0,572671
0,3,1,0.5,0.658495,180,0,0,572687
0,-4,0,0.5,0.657955,180,0,0,572707
0,-7,0,0.5,0.65701,180,0,0,572721
0,-10,0,0.5,0.65566,180,0,0,572737
0,-13,0,0.5,0.653905,180,0,0,572753
0,-16,0,0.5,0.651745,180,0,0,572771
0,-17,0,0.5,0.64945,180,0,0,572787
0,-18,0,0.5,0.64702,180,0,0,572804
0,-19,0,0.5,0.644455,180,0,0,572823
0,-16,0,0.5,0.642295,180,0,0,572836
0,-15,0,0.5,0.64027,180,0,0,572854
0,-12,0,0.5,0.63865,180,0,0,572871
0,-8,0,0.5,0.63757,180,0,0,572889
0,-4,0,0.5,0.63703,180,0,0,572907
0,-1,0,0.5,0.636895,180,0,0,572920
0,3,0,0.5,0.6373,180,0,0,572936
0,5,0,0.5,0.637975,180,0,31,572952
0,7,0,0.5,0.63892,180,0,31,572970
0,9,2,0.5,0.640135,180,0,31,572989
0,7,2,0.5,0.64108,180,0,31,573009
0,8,3,0.5,0.64216,180,0,31,573026
0,0,1,0.5,0.64216,180,0,31,573039
0,-7,1,0.5,0.641215,180,0,31,573055
0,-7,0,0.5,0.64027,180,0,31,573070
0,-5,0,0.5,0.639595,180,0,31,573086
0,-4,0,0.5,0.639055,180,0,31,573106
0,-1,0,0.5,0.63892,180,0,31,573120
0,1,0,0.5,0.639055,180,0,31,573137
0,6,1,0.5,0.639865,180,0,31,573154
0,5,1,0.5,0.64054,180,0,0,573172
0,5,1,0.5,0.641215,180,0,0,573188
0,4,2,0.5,0.641755,180,0,0,573204
0,3,1,0.5,0.64216,180,0,0,573223
0,1,0,0.5,0.642295,180,0,0,573237
0,1,1,0.5,0.64243,180,0,0,573254
0,-3,1,0.5,0.642025,180,0,0,573270
0,-5,3,0.5,0.64135,180,0,0,573289
0,-9,3,0.5,0.640135,180,0,0,573304
0,-10,2,0.5,0.638785,180,0,0,573321
0,-13,2,0.5,0.63703,180,0,0,573337
0,-12,1,0.5,0.63541,180,0,0,573357
0,-10,0,0.5,0.63406,180,0,0,573370
0,-10,0,0.5,0.63271,180,0,0,573387
0,-5,0,0.5,0.632035,180,0,0,573405
0,-3,0,0.5,0.63163,180,0,0,573421
0,-1,0,0.5,0.631495,180,0,0,573439
0,3,0,0.5,0.6319,180,0,0,573454
0,2,0,0.5,0.63217,180,0,0,573472
0,2,0,0.5,0.63244,180,0,0,573487
0,1,0,0.5,0.632575,180,0,31,573505
0,2,0,0.5,0.632845,180,0,31,573520
0,3,0,0.5,0.63325,180,0,31,573538
0,3,0,0.5,0.633655,180,0,31,573554
0,3,0,0.5,0.63406,180,0,31,573570
0,1,1,0.5,0.634195,180,0,31,573587
0,0,0,0.5,0.634195,180,0,31,573605
0,0,0,0.5,0.634195,180,0,31,573621
0,-1,-1,0.5,0.63406,180,0,31,573638
0,-1,-2,0.5,0.633925,180,0,31,573659
0,7,-7,0.5,0.63487,180,0,31,573685
0,0,0,0.5,0.63487,180,0,31,573689
0,5,-3,0.5,0.635545,180,0,31,573707
0,5,-3,0.5,0.63622,180,0,31,573723
0,4,-1,0.5,0.63676,180,0,31,573738
0,1,0,0.5,0.636895,180,0,31,573755
0,2,2,0.5,0.637165,180,0,31,573773
0,1,3,0.5,0.6373,180,0,31,573790
0,-1,6,0.5,0.637165,180,0,31,573809
0,2,2,0.5,0.637435,180,0,31,573823
0,7,1,0.5,0.63838,180,0,0,573838
0,10,1,0.5,0.63973,180,0,0,573856
0,10,0,0.5,0.64108,180,0,0,573871
0,7,0,0.5,0.642025,180,0,0,573891
0,0,0,0.5,0.642025,180,0,0,573906
0,-5,-2,0.5,0.64135,180,0,0,573922
0,-8,-1,0.5,0.64027,180,0,0,573939
0,-12,-2,0.5,0.63865,180,0,0,573955
0,-13,-2,0.5,0.636895,180,0,0,573975
0,-13,-2,0.5,0.63514,180,0,0,573989
0,-11,-2,0.5,0.633655,180,0,0,574006
0,-8,-3,0.5,0.632575,180,0,0,574024
0,-2,-2,0.5,0.632305,180,0,0,574038
0,2,-2,0.5,0.632575,180,0,0,574057
0,11,-1,0.5,0.63406,180,0,0,574074
0,12,0,0.5,0.63568,180,0,0,574088
0,14,0,0.5,0.63757,180,0,0,574104
0,16,0,0.5,0.63973,180,0,0,574123
0,20,0,0.5,0.64243,180,0,0,574138
0,20,0,0.5,0.64513,180,0,0,574156
0,42,-3,0.5,0.6508,180,0,0,574174
0,20,-2,0.5,0.6535,180,0,0,574194
0,0,0,0.5,0.6535,180,0,0,574205
0,45,-5,0.5,0.659575,180,0,0,574230
0,22,-3,0.5,0.662545,180,0,0,574241
0,25,-5,0.5,0.66592,180,0,0,574256
0,26,-5,0.5,0.66943,180,0,0,574274
0,27,-5,0.5,0.673075,180,0,0,574290
0,25,-5,0.5,0.67645,180,0,0,574307
0,22,-4,0.5,0.67942,180,0,0,574327
0,19,-3,0.5,0.681985,180,0,0,574341
0,19,-4,0.5,0.68455,180,0,0,574359
0,20,-6,0.5,0.68725,180,0,0,574376
0,19,-7,0.5,0.689815,180,0,0,574395
0,16,-8,0.5,0.691975,180,0,0,574408
0,15,-9,0.5,0.694,180,0,0,574425
0,10,-8,0.5,0.69535,180,0,0,574444
0,7,-9,0.5,0.696295,180,0,0,574461
0,5,-9,0.5,0.69697,180,0,0,574479
0,2,-9,0.5,0.69724,180,0,0,574494
0,4,-9,0.5,0.69778,180,0,0,574510
0,4,-7,0.5,0.69832,180,0,0,574528
0,7,-8,0.5,0.699265,180,0,0,574544
0,25,-16,0.5,0.70264,180,0,0,574564
0,14,-7,0.5,0.70453,180,0,0,574582
0,16,-7,0.5,0.70669,180,0,0,574596
0,17,-7,0.5,0.708985,180,0,0,574609
0,17,-6,0.5,0.71,180,0,0,574628
