0,13,75,0.5,-0.708245,180,0,0,261597
0,0,14,0.5,-0.708245,180,0,0,261614
0,0,15,0.5,-0.708245,180,0,0,261623
0,0,0,0.5,-0.708245,180,0,0,261629
0,2,18,0.5,-0.707975,180,0,0,261650
0,17,37,0.5,-0.70568,180,0,0,261677
0,15,18,0.5,-0.703655,180,0,0,261688
0,17,19,0.5,-0.70136,180,0,0,261704
0,20,18,0.5,-0.69866,180,0,0,261724
0,23,18,0.5,-0.695555,180,0,0,261741
0,23,17,0.5,-0.69245,180,0,0,261758
0,51,34,0.5,-0.685565,180,0,0,261783
0,25,16,0.5,-0.68219,180,0,0,261795
0,24,15,0.5,-0.67895,180,0,0,261810
0,0,0,0.5,-0.67895,180,0,0,261817
0,24,14,0.5,-0.67571,180,0,0,261832
0,19,12,0.5,-0.673145,180,0,0,261847
0,19,11,0.5,-0.67058,180,0,0,261862
0,16,10,0.5,-0.66842,180,0,0,261878
0,15,10,0.5,-0.666395,180,0,0,261896
0,12,10,0.5,-0.664775,180,0,0,261911
0,12,10,0.5,-0.663155,180,0,0,261928
0,9,10,0.5,-0.66194,180,0,0,261945
0,6,9,0.5,-0.66113,180,0,0,261961
0,5,9,0.5,-0.660455,180,0,0,261980
0,4,9,0.5,-0.659915,180,0,0,261999
0,4,8,0.5,-0.659375,180,0,0,262014
0,4,8,0.5,-0.658835,180,0,0,262028
0,4,8,0.5,-0.658295,180,0,0,262046
0,10,14,0.5,-0.656945,180,0,0,262063
0,4,7,0.5,-0.656405,180,0,0,262080
0,5,6,0.5,-0.65573,180,0,0,262095
0,3,6,0.5,-0.655325,180,0,0,262110
0,4,5,0.5,-0.654785,180,0,0,262126
0,4,5,0.5,-0.654245,180,0,0,262146
0,5,5,0.5,-0.65357,180,0,0,262162
0,4,5,0.5,-0.65303,180,0,0,262179
0,4,5,0.5,-0.65249,180,0,0,262193
0,5,6,0.5,-0.651815,180,0,0,262211
0,4,5,0.5,-0.651275,180,0,0,262228
0,5,6,0.5,-0.6506,180,0,0,262244
0,5,5,0.5,-0.649925,180,0,0,262262
0,7,6,0.5,-0.64898,180,0,0,262277
0,7,5,0.5,-0.648035,180,0,0,262295
0,9,4,0.5,-0.64682,180,0,0,262311
0,11,4,0.5,-0.645335,180,0,0,262331
0,12,3,0.5,-0.643715,180,0,0,262346
0,11,3,0.5,-0.64223,180,0,0,262361
0,11,1,0.5,-0.640745,180,0,0,262376
0,11,2,0.5,-0.63926,180,0,0,262393
0,9,3,0.5,-0.638045,180,0,0,262409
0,10,3,0.5,-0.636695,180,0,0,262426
0,31,3,0.5,-0.63251,180,0,0,262444
0,20,6,0.5,-0.62981,180,0,0,262463
0,22,3,0.5,-0.62684,180,0,0,262479
0,22,3,0.5,-0.62387,180,0,0,262493
0,25,2,0.5,-0.620495,180,0,0,262510
0,25,2,0.5,-0.61712,180,0,0,262526
0,26,2,0.5,-0.61361,180,0,0,262543
0,26,1,0.5,-0.6101,180,0,0,262559
0,26,2,0.5,-0.60659,180,0,0,262581
0,26,2,0.5,-0.60308,180,0,0,262594
0,24,3,0.5,-0.59984,180,0,0,262609
0,22,3,0.5,-0.59687,180,0,0,262626
0,22,3,0.5,-0.5939,180,0,0,262643
0,19,2,0.5,-0.591335,180,0,0,262660
0,18,1,0.5,-0.588905,180,0,0,262675
0,12,0,0.5,-0.587285,180,0,0,262692
0,8,0,0.5,-0.586205,180,0,0,262708
0,3,1,0.5,-0.5858,180,0,0,262726
0,1,2,0.5,-0.585665,180,0,0,262744
0,1,3,0.5,-0.58553,180,0,0,262759
0,1,4,0.5,-0.585395,180,0,0,262777
0,0,5,0.5,-0.585395,180,0,0,262793
0,3,4,0.5,-0.58499,180,0,0,262810
0,6,3,0.5,-0.58418,180,0,0,262827
0,8,3,0.5,-0.5831,180,0,0,262843
0,29,3,0.5,-0.579185,180,0,0,262859
0,19,1,0.5,-0.57662,180,0,0,262876
0,20,1,0.5,-0.57392,180,0,0,262892
0,21,1,0.5,-0.571085,180,0,0,262910
0,20,1,0.5,-0.568385,180,0,0,262927
0,18,2,0.5,-0.565955,180,0,0,262947
0,15,1,0.5,-0.56393,180,0,0,262959
0,13,1,0.5,-0.562175,180,0,0,262977
0,9,0,0.5,-0.56096,180,0,0,262993
0,8,-1,0.5,-0.55988,180,0,0,263010
0,4,-2,0.5,-0.55934,180,0,0,263026
0,3,-4,0.5,-0.558935,180,0,0,263044
0,-1,-5,0.5,-0.55907,180,0,0,263060
0,-1,-6,0.5,-0.559205,180,0,0,263077
0,-2,-6,0.5,-0.559475,180,0,0,263093
0,-1,-7,0.5,-0.55961,180,0,0,263110
0,0,-7,0.5,-0.55961,180,0,0,263128
0,-2,-7,0.5,-0.55988,180,0,0,263149
0,-3,-6,0.5,-0.560285,180,0,0,263166
0,-2,-5,0.5,-0.560555,180,0,0,263180
0,0,-4,0.5,-0.560555,180,0,0,263194
0,4,-4,0.5,-0.560015,180,0,0,263209
0,8,-4,0.5,-0.558935,180,0,0,263228
0,18,-9,0.5,-0.556505,180,0,0,263247
0,10,-4,0.5,-0.555155,180,0,0,263262
0,11,-5,0.5,-0.55367,180,0,0,263276
0,11,-5,0.5,-0.552185,180,0,0,263294
0,10,-5,0.5,-0.550835,180,0,0,263311
0,8,-5,0.5,-0.549755,180,0,0,263329
0,7,-5,0.5,-0.54881,180,0,0,263344
0,6,-6,0.5,-0.548,180,0,0,263360
0,4,-6,0.5,-0.54746,180,0,0,263377
0,5,-7,0.5,-0.546785,180,0,0,263395
0,7,-7,0.5,-0.54584,180,0,0,263412
0,9,-8,0.5,-0.544625,180,0,0,263429
0,8,-8,0.5,-0.543545,180,0,0,263443
0,6,-8,0.5,-0.542735,180,0,0,263460
0,5,-9,0.5,-0.54206,180,0,0,263479
0,8,-9,0.5,-0.54098,180,0,0,263493
0,7,-9,0.5,-0.540035,180,0,0,263518
0,2,-18,0.5,-0.539765,180,0,0,263544
0,-3,-8,0.5,-0.54017,180,0,0,263558
0,-2,-8,0.5,-0.54044,180,0,0,263575
0,0,-7,0.5,-0.54044,180,0,0,263586
0,0,-7,0.5,-0.54044,180,0,0,263598
0,0,0,0.5,-0.54044,180,0,0,263609
0,-1,-8,0.5,-0.540575,180,0,0,263630
0,-4,-9,0.5,-0.541115,180,0,0,263644
0,-1,-14,0.5,-0.54125,180,0,0,263664
0,1,-7,0.5,-0.541115,180,0,0,263678
0,4,-7,0.5,-0.540575,180,0,0,263698
0,4,-7,0.5,-0.540035,180,0,0,263712
0,3,-6,0.5,-0.53963,180,0,0,263728
0,-1,-7,0.5,-0.539765,180,0,0,263744
0,-5,-7,0.5,-0.54044,180,0,0,263760
0,-8,-9,0.5,-0.54152,180,0,0,263778
0,-9,-10,0.5,-0.542735,180,0,0,263798
0,-9,-11,0.5,-0.54395,180,0,0,263814
0,-9,-12,0.5,-0.545165,180,0,0,263831
0,-6,-12,0.5,-0.545975,180,0,0,263846
0,-5,-11,0.5,-0.54665,180,0,0,263864
0,-4,-11,0.5,-0.54719,180,0,0,263885
0,-3,-10,0.5,-0.547595,180,0,0,263895
0,0,-10,0.5,-0.547595,180,0,0,263911
0,1,-10,0.5,-0.54746,180,0,0,263931
0,0,-18,0.5,-0.54746,180,0,0,263952
0,0,0,0.5,-0.54746,180,0,0,263958
0,2,-9,0.5,-0.54719,180,0,0,263978
0,2,-19,0.5,-0.54692,180,0,0,264000
0,-1,-11,0.5,-0.547055,180,0,0,264011
0,0,-12,0.5,-0.547055,180,0,0,264029
0,0,-13,0.5,-0.547055,180,0,0,264049
0,0,0,0.5,-0.547055,180,0,0,264060
0,1,-24,0.5,-0.54692,180,0,0,264095
0,1,-12,0.5,-0.546785,180,0,0,264109
0,3,-11,0.5,-0.54638,180,0,0,264119
0,4,-11,0.5,-0.54584,180,0,0,264132
0,3,-12,0.5,-0.545435,180,0,0,264150
0,2,-12,0.5,-0.545165,180,0,0,264164
0,0,-14,0.5,-0.545165,180,0,0,264185
0,0,-15,0.5,-0.545165,180,0,0,264205
0,0,-15,0.5,-0.545165,180,0,0,264225
0,0,-33,0.5,-0.545165,180,0,0,264253
0,6,-31,0.5,-0.544355,180,0,0,264276
0,10,-14,0.5,-0.543005,180,0,0,264293
0,11,-14,0.5,-0.54152,180,0,0,264305
0,12,-14,0.5,-0.5399,180,0,0,264322
0,10,-14,0.5,-0.53855,180,0,0,264337
0,11,-14,0.5,-0.537065,180,0,0,264353
0,8,-14,0.5,-0.535985,180,0,0,264368
0,5,-14,0.5,-0.53531,180,0,0,264382
0,1,-14,0.5,-0.535175,180,0,0,264397
0,0,0,0.5,-0.535175,180,0,0,264404
0,-1,-13,0.5,-0.53531,180,0,0,264424
0,0,-13,0.5,-0.53531,180,0,0,264442
0,-4,-13,0.5,-0.53585,180,0,0,264459
0,-7,-12,0.5,-0.536795,180,0,0,264473
0,-8,-13,0.5,-0.537875,180,0,0,264489
0,-7,-14,0.5,-0.53882,180,0,0,264511
0,-9,-18,0.5,-0.540035,180,0,0,264526
0,-2,-28,0.5,-0.540305,180,0,0,264551
0,0,-17,0.5,-0.540305,180,0,0,264569
0,0,-18,0.5,-0.540305,180,0,0,264587
0,0,-18,0.5,-0.540305,180,0,0,264605
0,0,-17,0.5,-0.540305,180,0,0,264621
0,-2,-17,0.5,-0.540575,180,0,0,264632
0,1,-17,0.5,-0.54044,180,0,0,264648
0,2,-17,0.5,-0.54017,180,0,0,264663
0,6,-17,0.5,-0.53936,180,0,0,264679
0,6,-17,0.5,-0.53855,180,0,0,264693
0,7,-17,0.5,-0.537605,180,0,0,264710
0,9,-17,0.5,-0.53639,180,0,0,264723
0,10,-12,0.5,-0.53504,180,0,0,264740
0,12,-21,0.5,-0.53342,180,0,0,264764
0,13,-15,0.5,-0.531665,180,0,0,264776
0,11,-14,0.5,-0.53018,180,0,0,264790
0,8,-14,0.5,-0.5291,180,0,0,264809
0,5,-11,0.5,-0.528425,180,0,0,264825
0,1,-11,0.5,-0.52829,180,0,0,264838
0,-5,-9,0.5,-0.528965,180,0,0,264855
0,-7,-9,0.5,-0.52991,180,0,0,264877
0,-18,-19,0.5,-0.53234,180,0,0,264900
0,-7,-11,0.5,-0.533285,180,0,0,264915
0,-5,-12,0.5,-0.53396,180,0,0,264930
0,0,0,0.5,-0.53396,180,0,0,264936
0,-8,-14,0.5,-0.53504,180,0,0,264958
0,-2,-26,0.5,-0.53531,180,0,0,264980
0,1,-15,0.5,-0.535175,180,0,0,264996
0,0,-17,0.5,-0.535175,180,0,0,265010
0,0,-17,0.5,-0.535175,180,0,0,265026
0,0,-18,0.5,-0.535175,180,0,0,265044
0,0,-17,0.5,-0.535175,180,0,0,265060
0,0,-17,0.5,-0.535175,180,0,0,265075
0,0,-17,0.5,-0.535175,180,0,0,265091
0,3,-17,0.5,-0.53477,180,0,0,265107
0,5,-17,0.5,-0.534095,180,0,0,265122
0,9,-17,0.5,-0.53288,180,0,0,265143
0,8,-17,0.5,-0.5318,180,0,0,265165
0,9,-16,0.5,-0.530585,180,0,0,265182
0,8,-16,0.5,-0.529505,180,0,0,265192
0,5,-14,0.5,-0.52883,180,0,0,265211
0,6,-15,0.5,-0.52802,180,0,0,265224
0,8,-15,0.5,-0.52694,180,0,0,265242
0,8,-16,0.5,-0.52586,180,0,0,265263
0,11,-16,0.5,-0.524375,180,0,0,265279
0,13,-15,0.5,-0.52262,180,0,0,265293
0,12,-14,0.5,-0.521,180,0,0,265309
0,19,-25,0.5,-0.518435,180,0,0,265329
0,4,-13,0.5,-0.517895,180,0,0,265344
0,1,0,0.5,-0.51776,180,0,0,265352
0,0,-25,0.5,-0.51776,180,0,0,265386
0,0,-14,0.5,-0.51776,180,0,0,265401
0,2,-15,0.5,-0.51749,180,0,0,265412
0,5,-16,0.5,-0.516815,180,0,0,265429
0,6,-14,0.5,-0.516005,180,0,0,265444
0,7,-17,0.5,-0.51506,180,0,0,265458
0,6,-17,0.5,-0.51425,180,0,0,265473
0,8,-18,0.5,-0.51317,180,0,0,265492
0,8,-20,0.5,-0.51209,180,0,0,265511
0,6,-19,0.5,-0.51128,180,0,0,265525
0,5,-21,0.5,-0.510605,180,0,0,265545
0,6,-20,0.5,-0.509795,180,0,0,265566
0,8,-20,0.5,-0.508715,180,0,0,265580
0,10,-19,0.5,-0.507365,180,0,0,265596
0,13,-18,0.5,-0.50561,180,0,0,265612
0,17,-18,0.5,-0.503315,180,0,0,265628
0,17,-17,0.5,-0.50102,180,0,0,265646
0,20,-17,0.5,-0.49832,180,0,0,265659
0,19,-15,0.5,-0.495755,180,0,0,265674
0,19,-15,0.5,-0.49319,180,0,0,265692
0,15,-14,0.5,-0.491165,180,0,0,265711
0,13,-13,0.5,-0.48941,180,0,0,265723
0,10,-14,0.5,-0.48806,180,0,0,265740
0,13,-20,0.5,-0.486305,180,0,0,265760
0,4,-25,0.5,-0.485765,180,0,0,265778
0,5,-15,0.5,-0.48509,180,0,0,265794
0,6,-3,0.5,-0.48428,180,0,0,265807
0,8,-26,0.5,-0.4832,180,0,0,265826
0,10,-14,0.5,-0.48185,180,0,0,265842
0,12,-14,0.5,-0.48023,180,0,0,265856
0,12,-14,0.5,-0.47861,180,0,0,265873
0,14,-14,0.5,-0.47672,180,0,0,265891
0,16,-14,0.5,-0.47456,180,0,0,265907
0,17,-15,0.5,-0.472265,180,0,0,265922
0,18,-16,0.5,-0.469835,180,0,0,265948
0,18,-15,0.5,-0.467405,180,0,0,265961
0,18,-16,0.5,-0.464975,180,0,0,265976
0,18,-16,0.5,-0.462545,180,0,0,265990
0,18,-16,0.5,-0.460115,180,0,0,266009
0,17,-15,0.5,-0.45782,180,0,0,266022
0,15,-14,0.5,-0.455795,180,0,0,266038
0,12,-13,0.5,-0.454175,180,0,0,266056
0,9,-12,0.5,-0.45296,180,0,0,266074
0,7,-12,0.5,-0.452015,180,0,0,266089
0,6,-13,0.5,-0.451205,180,0,0,266109
0,4,-13,0.5,-0.450665,180,0,0,266127
0,10,-29,0.5,-0.449315,180,0,0,266146
0,6,-16,0.5,-0.448505,180,0,0,266165
0,8,-17,0.5,-0.447425,180,0,0,266180
0,8,-17,0.5,-0.446345,180,0,0,266196
0,9,-18,0.5,-0.44513,180,0,0,266208
0,10,-18,0.5,-0.44378,180,0,0,266226
0,11,-17,0.5,-0.442295,180,0,0,266239
0,10,-18,0.5,-0.440945,180,0,0,266256
0,11,-18,0.5,-0.43946,180,0,0,266275
0,10,-17,0.5,-0.43811,180,0,0,266291
0,9,-17,0.5,-0.436895,180,0,0,266309
0,10,-15,0.5,-0.435545,180,0,0,266323
0,8,-14,0.5,-0.434465,180,0,0,266339
0,7,-14,0.5,-0.43352,180,0,0,266357
0,4,-13,0.5,-0.43298,180,0,0,266374
0,4,-13,0.5,-0.43244,180,0,0,266389
0,6,-14,0.5,-0.43163,180,0,0,266412
0,9,-15,0.5,-0.430415,180,0,0,266429
0,8,-16,0.5,-0.429335,180,0,0,266441
0,8,-15,0.5,-0.428255,180,0,0,266458
0,7,-16,0.5,-0.42731,180,0,0,266478
0,5,-17,0.5,-0.426635,180,0,0,266496
0,18,-33,0.5,-0.424205,180,0,0,266518
0,10,-17,0.5,-0.422855,180,0,0,266535
0,10,-18,0.5,-0.421505,180,0,0,266550
0,10,-19,0.5,-0.420155,180,0,0,266564
0,9,-17,0.5,-0.41894,180,0,0,266580
0,11,-18,0.5,-0.417455,180,0,0,266596
0,11,-17,0.5,-0.41597,180,0,0,266612
0,14,-17,0.5,-0.41408,180,0,0,266624
0,15,-16,0.5,-0.412055,180,0,0,266640
0,16,-15,0.5,-0.409895,180,0,0,266657
0,15,-14,0.5,-0.40787,180,0,0,266676
0,14,-14,0.5,-0.40598,180,0,0,266693
0,12,-13,0.5,-0.40436,180,0,0,266705
0,11,-13,0.5,-0.402875,180,0,0,266724
0,10,-13,0.5,-0.401525,180,0,0,266741
0,7,-14,0.5,-0.40058,180,0,0,266760
0,9,-15,0.5,-0.399365,180,0,0,266780
0,8,-15,0.5,-0.398285,180,0,0,266795
0,10,-15,0.5,-0.396935,180,0,0,266809
0,11,-16,0.5,-0.39545,180,0,0,266830
0,8,-15,0.5,-0.39437,180,0,0,266841
0,10,-16,0.5,-0.39302,180,0,0,266859
0,10,-16,0.5,-0.39167,180,0,0,266875
0,14,-17,0.5,-0.38978,180,0,0,266892
0,13,-17,0.5,-0.388025,180,0,0,266913
0,31,-34,0.5,-0.38384,180,0,0,266938
0,18,-15,0.5,-0.38141,180,0,0,266957
0,19,-15,0.5,-0.378845,180,0,0,266971
0,19,-13,0.5,-0.37628,180,0,0,266985
0,18,-13,0.5,-0.37385,180,0,0,267000
0,15,-13,0.5,-0.371825,180,0,0,267013
0,12,-13,0.5,-0.370205,180,0,0,267025
0,10,-13,0.5,-0.368855,180,0,0,267041
0,6,-13,0.5,-0.368045,180,0,0,267057
0,5,-13,0.5,-0.36737,180,0,0,267074
0,3,-14,0.5,-0.366965,180,0,0,267091
0,5,-16,0.5,-0.36629,180,0,0,267108
0,7,-17,0.5,-0.365345,180,0,0,267127
0,7,-16,0.5,-0.3644,180,0,0,267139
0,7,-18,0.5,-0.363455,180,0,0,267158
0,5,-19,0.5,-0.36278,180,0,0,267178
0,6,-19,0.5,-0.36197,180,0,0,267194
0,4,-18,0.5,-0.36143,180,0,0,267208
0,4,-17,0.5,-0.36089,180,0,0,267222
0,6,-16,0.5,-0.36008,180,0,0,267243
0,6,-15,0.5,-0.35927,180,0,0,267261
0,5,-14,0.5,-0.358595,180,0,0,267277
0,6,-12,0.5,-0.357785,180,0,0,267290
0,6,-11,0.5,-0.356975,180,0,0,267306
0,5,-9,0.5,-0.3563,180,0,0,267324
0,5,-6,0.5,-0.355625,180,0,0,267344
0,3,-4,0.5,-0.35522,180,0,0,267357
0,-4,-2,0.5,-0.35576,180,0,0,267376
0,-6,2,0.5,-0.35657,180,0,0,267390
0,-8,2,0.5,-0.35765,180,0,0,267404
0,-12,1,0.5,-0.35927,180,0,0,267420
0,-14,0,0.5,-0.36116,180,0,0,267436
0,-13,-2,0.5,-0.362915,180,0,0,267454
0,-12,-4,0.5,-0.364535,180,0,0,267471
0,-8,-6,0.5,-0.365615,180,0,0,267488
0,-2,-7,0.5,-0.365885,180,0,0,267507
0,5,-7,0.5,-0.36521,180,0,0,267521
0,8,-7,0.5,-0.36413,180,0,0,267538
0,14,-7,0.5,-0.36224,180,0,0,267554
0,15,-6,0.5,-0.360215,180,0,0,267570
0,17,-4,0.5,-0.35792,180,0,0,267589
0,16,-3,0.5,-0.35576,180,0,0,267605
0,16,-1,0.5,-0.3536,180,0,0,267619
0,17,1,0.5,-0.351305,180,0,0,267636
0,18,2,0.5,-0.348875,180,0,0,267653
0,19,2,0.5,-0.34631,180,0,0,267669
0,20,3,0.5,-0.34361,180,0,0,267688
0,19,2,0.5,-0.341045,180,0,0,267703
0,17,3,0.5,-0.33875,180,0,0,267720
0,15,3,0.5,-0.336725,180,0,0,267737
0,13,3,0.5,-0.33497,180,0,0,267755
0,18,2,0.5,-0.33254,180,0,0,267770
0,9,0,0.5,-0.331325,180,0,0,267786
0,5,-2,0.5,-0.33065,180,0,0,267804
0,6,-4,0.5,-0.32984,180,0,0,267824
0,11,-5,0.5,-0.328355,180,0,0,267839
0,14,-5,0.5,-0.326465,180,0,0,267854
0,18,-6,0.5,-0.324035,180,0,0,267871
0,21,-7,0.5,-0.3212,180,0,0,267889
0,22,-7,0.5,-0.31823,180,0,0,267905
0,25,-8,0.5,-0.314855,180,0,0,267926
0,25,-8,0.5,-0.31148,180,0,0,267939
0,25,-9,0.5,-0.308105,180,0,0,267954
0,24,-10,0.5,-0.304865,180,0,0,267973
0,24,-10,0.5,-0.301625,180,0,0,267990
0,25,-12,0.5,-0.29825,180,0,0,268010
0,25,-10,0.5,-0.294875,180,0,0,268023
0,23,-9,0.5,-0.29177,180,0,0,268039
0,25,-9,0.5,-0.288395,180,0,0,268056
0,21,-7,0.5,-0.28556,180,0,0,268073
0,21,-7,0.5,-0.282725,180,0,0,268089
0,18,-6,0.5,-0.280295,180,0,0,268105
0,15,-5,0.5,-0.27827,180,0,0,268120
0,11,-5,0.5,-0.276785,180,0,0,268138
0,14,-14,0.5,-0.274895,180,0,0,268159
0,7,-11,0.5,-0.27395,180,0,0,268173
0,8,-12,0.5,-0.27287,180,0,0,268188
0,6,-13,0.5,-0.27206,180,0,0,268206
0,5,-15,0.5,-0.271385,180,0,0,268224
0,6,-16,0.5,-0.270575,180,0,0,268243
0,5,-17,0.5,-0.2699,180,0,0,268258
0,4,-16,0.5,-0.26936,180,0,0,268272
0,1,-17,0.5,-0.269225,180,0,0,268290
0,0,-16,0.5,-0.269225,180,0,0,268309
0,0,-15,0.5,-0.269225,180,0,0,268328
0,0,-14,0.5,-0.269225,180,0,0,268344
0,-2,-28,0.5,-0.269495,180,0,0,268378
0,1,-14,0.5,-0.26936,180,0,0,268395
0,5,-13,0.5,-0.268685,180,0,0,268409
0,7,-14,0.5,-0.26774,180,0,0,268419
0,6,-13,0.5,-0.26693,180,0,0,268435
0,5,-12,0.5,-0.266255,180,0,0,268446
0,0,0,0.5,-0.266255,180,0,0,268455
0,4,-13,0.5,-0.265715,180,0,0,268477
0,11,-24,0.5,-0.26423,180,0,0,268500
0,9,-11,0.5,-0.263015,180,0,0,268511
0,10,-10,0.5,-0.261665,180,0,0,268525
0,12,-9,0.5,-0.260045,180,0,0,268543
0,14,-8,0.5,-0.258155,180,0,0,268559
0,15,-7,0.5,-0.25613,180,0,0,268575
0,17,-5,0.5,-0.253835,180,0,0,268590
0,17,-4,0.5,-0.25154,180,0,0,268607
0,14,-2,0.5,-0.24965,180,0,0,268623
0,12,-1,0.5,-0.24803,180,0,0,268639
0,11,0,0.5,-0.246545,180,0,0,268655
0,9,0,0.5,-0.24533,180,0,0,268673
0,9,0,0.5,-0.244115,180,0,0,268689
0,8,0,0.5,-0.243035,180,0,0,268705
0,7,0,0.5,-0.24209,180,0,0,268722
0,6,1,0.5,-0.24128,180,0,0,268740
0,5,1,0.5,-0.240605,180,0,0,268757
0,5,0,0.5,-0.23993,180,0,0,268774
0,6,0,0.5,-0.23912,180,0,0,268789
0,11,-1,0.5,-0.237635,180,0,0,268807
0,13,-3,0.5,-0.23588,180,0,0,268823
0,16,-5,0.5,-0.23372,180,0,0,268840
0,17,-6,0.5,-0.231425,180,0,0,268859
0,19,-9,0.5,-0.22886,180,0,0,268880
0,41,-17,0.5,-0.223325,180,0,0,268895
0,22,-9,0.5,-0.220355,180,0,0,268911
0,23,-9,0.5,-0.21725,180,0,0,268929
0,23,-10,0.5,-0.214145,180,0,0,268944
0,25,-10,0.5,-0.21077,180,0,0,268959
0,26,-11,0.5,-0.20726,180,0,0,268975
0,28,-10,0.5,-0.20348,180,0,0,268992
0,32,-9,0.5,-0.19916,180,0,0,269010
0,32,-8,0.5,-0.19484,180,0,0,269025
0,29,-6,0.5,-0.190925,180,0,0,269041
0,28,-4,0.5,-0.187145,180,0,0,269057
0,24,-3,0.5,-0.183905,180,0,0,269074
0,20,-3,0.5,-0.181205,180,0,0,269090
0,15,-3,0.5,-0.17918,180,0,0,269108
0,12,-2,0.5,-0.17756,180,0,0,269123
0,9,-2,0.5,-0.176345,180,0,0,269141
0,10,-2,0.5,-0.174995,180,0,0,269158
0,11,-3,0.5,-0.17351,180,0,0,269177
0,17,-3,0.5,-0.171215,180,0,0,269191
0,23,-3,0.5,-0.16811,180,0,0,269208
0,26,-3,0.5,-0.1646,180,0,0,269223
0,30,-3,0.5,-0.16055,180,0,0,269240
0,29,-2,0.5,-0.156635,180,0,0,269256
0,30,-2,0.5,-0.152585,180,0,0,269273
0,59,-2,0.5,-0.14462,180,0,0,269297
0,31,-4,0.5,-0.140435,180,0,0,269310
0,27,-2,0.5,-0.13679,180,0,0,269324
0,25,-3,0.5,-0.133415,180,0,0,269340
0,20,-2,0.5,-0.130715,180,0,0,269356
0,17,0,0.5,-0.12842,180,0,0,269372
0,16,0,0.5,-0.12626,180,0,0,269389
0,13,0,0.5,-0.124505,180,0,0,269407
0,11,0,0.5,-0.12302,180,0,0,269422
0,7,0,0.5,-0.122075,180,0,0,269440
0,3,0,0.5,-0.12167,180,0,0,269456
0,3,-1,0.5,-0.121265,180,0,0,269473
0,1,-1,0.5,-0.12113,180,0,0,269491
0,5,-2,0.5,-0.120455,180,0,0,269507
0,10,-3,0.5,-0.119105,180,0,0,269523
0,12,-2,0.5,-0.117485,180,0,0,269540
0,16,-2,0.5,-0.115325,180,0,0,269556
0,20,-2,0.5,-0.112625,180,0,0,269573
0,22,0,0.5,-0.109655,180,0,0,269590
0,26,0,0.5,-0.106145,180,0,0,269606
0,29,1,0.5,-0.10223,180,0,0,269624
0,28,2,0.5,-0.09845,180,0,0,269640
0,28,2,0.5,-0.09467,180,0,0,269657
0,50,4,0.5,-0.08792,180,0,0,269678
0,25,2,0.5,-0.084545,180,0,0,269692
0,26,3,0.5,-0.081035,180,0,0,269707
0,26,3,0.5,-0.077525,180,0,0,269723
0,23,3,0.5,-0.07442,180,0,0,269740
0,19,3,0.5,-0.071855,180,0,0,269756
0,15,3,0.5,-0.06983,180,0,0,269774
0,11,1,0.5,-0.068345,180,0,0,269789
0,8,0,0.5,-0.067265,180,0,0,269807
0,3,0,0.5,-0.06686,180,0,0,269822
0,1,-1,0.5,-0.066725,180,0,0,269841
0,0,-2,0.5,-0.066725,180,0,0,269858
0,0,-2,0.5,-0.066725,180,0,0,269874
0,5,-2,0.5,-0.06605,180,0,0,269890
0,9,-2,0.5,-0.064835,180,0,0,269908
0,13,-2,0.5,-0.06308,180,0,0,269923
0,17,-1,0.5,-0.060785,180,0,0,269940
0,19,0,0.5,-0.05822,180,0,0,269956
0,21,0,0.5,-0.055385,180,0,0,269975
0,25,1,0.5,-0.05201,180,0,0,269990
0,26,2,0.5,-0.0485,180,0,0,270006
0,27,3,0.5,-0.044855,180,0,0,270023
0,27,4,0.5,-0.04121,180,0,0,270046
0,27,4,0.5,-0.037565,180,0,0,270057
0,58,5,0.5,-0.029735,180,0,0,270075
0,27,5,0.5,-0.02609,180,0,0,270091
0,23,4,0.5,-0.022985,180,0,0,270109
0,23,4,0.5,-0.01988,180,0,0,270126
0,15,3,0.5,-0.017855,180,0,0,270141
0,13,2,0.5,-0.0161,180,0,0,270156
0,9,1,0.5,-0.014885,180,0,0,270173
0,5,0,0.5,-0.01421,180,0,0,270189
0,3,-2,0.5,-0.013805,180,0,0,270207
0,0,-3,0.5,-0.013805,180,0,0,270225
0,3,-5,0.5,-0.0134,180,0,0,270246
0,5,-5,0.5,-0.012725,180,0,0,270258
0,8,-5,0.5,-0.011645,180,0,0,270276
0,10,-5,0.5,-0.010295,180,0,0,270294
0,12,-4,0.5,-0.008675,180,0,0,270308
0,15,-3,0.5,-0.00665,180,0,0,270323
0,14,-2,0.5,-0.00476,180,0,0,270340
0,17,-2,0.5,-0.002465,180,0,31,270357
0,17,-1,0.5,-0.00017,180,0,31,270373
0,18,0,0.5,0.00226,180,0,31,270390
0,18,0,0.5,0.00469,180,0,0,270406
0,37,0,0.5,0.009685,180,0,0,270426
0,0,0,0.5,0.009685,180,0,0,270438
0,20,0,0.5,0.012385,180,0,0,270456
0,22,0,0.5,0.015355,180,0,0,270472
0,24,0,0.5,0.018595,180,0,0,270490
0,45,2,0.5,0.02467,180,0,0,270508
0,16,2,0.5,0.02683,180,0,0,270524
0,9,1,0.5,0.028045,180,0,0,270539
0,5,0,0.5,0.02872,180,0,0,270557
0,1,0,0.5,0.028855,180,0,0,270575
0,0,0,0.5,0.028855,180,0,0,270589
0,0,0,0.5,0.028855,180,0,0,270605
0,2,-1,0.5,0.029125,180,0,0,270625
0,8,-1,0.5,0.030205,180,0,0,270640
0,12,-1,0.5,0.031825,180,0,0,270656
0,17,0,0.5,0.03412,180,0,0,270673
0,20,0,0.5,0.03682,180,0,0,270689
0,23,0,0.5,0.039925,180,0,0,270705
0,25,2,0.5,0.0433,180,0,0,270723
0,29,2,0.5,0.047215,180,0,0,270741
0,31,3,0.5,0.0514,180,0,0,270760
0,32,3,0.5,0.05572,180,0,0,270776
0,33,3,0.5,0.060175,180,0,0,270789
0,31,2,0.5,0.06436,180,0,0,270806
0,28,1,0.5,0.06814,180,0,0,270823
0,25,0,0.5,0.071515,180,0,0,270839
0,18,0,0.5,0.073945,180,0,0,270857
0,15,0,0.5,0.07597,180,0,0,270873
0,13,0,0.5,0.077725,180,0,0,270889
0,22,1,0.5,0.080695,180,0,0,270907
0,8,1,0.5,0.081775,180,0,0,270923
0,8,1,0.5,0.082855,180,0,0,270939
0,9,0,0.5,0.08407,180,0,0,270958
0,11,0,0.5,0.085555,180,0,0,270977
0,16,-1,0.5,0.087715,180,0,0,270989
0,21,-1,0.5,0.09055,180,0,0,271006
0,23,0,0.5,0.093655,180,0,0,271023
0,25,0,0.5,0.09703,180,0,0,271039
0,27,0,0.5,0.100675,180,0,0,271058
0,24,0,0.5,0.103915,180,0,0,271072
0,23,0,0.5,0.10702,180,0,0,271089
0,24,-2,0.5,0.11026,180,0,0,271108
0,23,-2,0.5,0.113365,180,0,0,271126
0,26,-3,0.5,0.116875,180,0,0,271142
0,26,-3,0.5,0.120385,180,0,0,271156
0,27,-2,0.5,0.12403,180,0,0,271174
0,26,-2,0.5,0.12754,180,0,0,271190
0,23,0,0.5,0.130645,180,0,0,271206
0,23,0,0.5,0.13375,180,0,0,271222
0,20,0,0.5,0.13645,180,0,0,271242
0,17,0,0.5,0.138745,180,0,0,271258
0,19,0,0.5,0.14131,180,0,0,271274
0,0,0,0.5,0.14131,180,0,0,271288
0,6,0,0.5,0.14212,180,0,0,271305
0,0,-1,0.5,0.14212,180,0,0,271324
0,2,-3,0.5,0.14239,180,0,31,271343
0,0,-4,0.5,0.14239,180,0,31,271358
0,-1,-3,0.5,0.142255,180,0,31,271373
0,-2,-3,0.5,0.141985,180,0,31,271391
0,-2,-3,0.5,0.141715,180,0,0,271406
0,-1,-2,0.5,0.14158,180,0,0,271423
0,-1,-1,0.5,0.141445,180,0,0,271439
0,1,-1,0.5,0.14158,180,0,0,271460
0,3,0,0.5,0.141985,180,0,0,271472
0,6,-1,0.5,0.142795,180,0,0,271489
0,7,0,0.5,0.14374,180,0,0,271506
0,9,0,0.5,0.144955,180,0,0,271523
0,12,0,0.5,0.146575,180,0,0,271539
0,16,0,0.5,0.148735,180,0,0,271556
0,19,0,0.5,0.1513,180,0,0,271573
0,21,0,0.5,0.154135,180,0,0,271589
0,21,0,0.5,0.15697,180,0,0,271606
0,20,0,0.5,0.15967,180,0,0,271622
0,19,0,0.5,0.162235,180,0,0,271640
0,19,-2,0.5,0.1648,180,0,0,271658
0,43,-4,0.5,0.170605,180,0,0,271675
0,0,0,0.5,0.170605,180,0,0,271688
0,39,-5,0.5,0.17587,180,0,0,271707
0,14,-3,0.5,0.17776,180,0,0,271724
0,5,-4,0.5,0.178435,180,0,0,271744
0,0,-3,0.5,0.178435,180,0,0,271761
0,-4,-2,0.5,0.177895,180,0,0,271773
0,-7,-2,0.5,0.17695,180,0,0,271789
0,-11,-2,0.5,0.175465,180,0,0,271806
0,-13,-2,0.5,0.17371,180,0,0,271824
0,-16,-3,0.5,0.17155,180,0,0,271842
0,-17,-4,0.5,0.169255,180,0,0,271861
0,-16,-4,0.5,0.167095,180,0,0,271875
0,-15,-5,0.5,0.16507,180,0,0,271892
0,-13,-5,0.5,0.163315,180,0,0,271909
0,-11,-4,0.5,0.16183,180,0,0,271928
0,-9,-4,0.5,0.160615,180,0,0,271945
0,-6,-3,0.5,0.159805,180,0,0,271957
0,-3,-3,0.5,0.1594,180,0,0,271973
0,0,-3,0.5,0.1594,180,0,0,271992
0,1,-2,0.5,0.159535,180,0,0,272006
0,1,-1,0.5,0.15967,180,0,0,272024
0,1,-1,0.5,0.159805,180,0,0,272039
0,1,0,0.5,0.15994,180,0,0,272055
0,2,0,0.5,0.16021,180,0,0,272072
0,2,1,0.5,0.16048,180,0,0,272090
0,4,4,0.5,0.16102,180,0,0,272108
0,6,3,0.5,0.16183,180,0,0,272128
0,9,3,0.5,0.163045,180,0,0,272141
0,11,3,0.5,0.16453,180,0,0,272156
0,14,3,0.5,0.16642,180,0,0,272174
0,14,4,0.5,0.16831,180,0,0,272192
0,15,3,0.5,0.170335,180,0,0,272208
0,14,3,0.5,0.172225,180,0,0,272228
0,17,3,0.5,0.17452,180,0,0,272241
0,17,3,0.5,0.176815,180,0,0,272258
0,20,2,0.5,0.179515,180,0,0,272273
0,21,3,0.5,0.18235,180,0,0,272298
0,22,3,0.5,0.18532,180,0,0,272308
0,24,3,0.5,0.18856,180,0,0,272323
0,25,3,0.5,0.191935,180,0,0,272346
0,25,3,0.5,0.19531,180,0,0,272359
0,22,2,0.5,0.19828,180,0,0,272377
0,11,0,0.5,0.199765,180,0,0,272392
0,7,0,0.5,0.20071,180,0,0,272405
0,2,0,0.5,0.20098,180,0,0,272423
0,-3,0,0.5,0.200575,180,0,0,272439
0,-20,0,0.5,0.197875,180,0,0,272457
0,-15,-2,0.5,0.19585,180,0,0,272475
0,-16,-5,0.5,0.19369,180,0,0,272495
0,-17,-6,0.5,0.191395,180,0,0,272514
0,-16,-6,0.5,0.189235,180,0,0,272525
0,-17,-6,0.5,0.18694,180,0,0,272544
0,-14,-4,0.5,0.18505,180,0,0,272557
0,-10,-3,0.5,0.1837,180,0,0,272577
0,-6,-1,0.5,0.18289,180,0,0,272591
0,-3,0,0.5,0.182485,180,0,0,272607
0,-1,1,0.5,0.18235,180,0,0,272623
0,2,2,0.5,0.18262,180,0,0,272641
0,2,2,0.5,0.18289,180,0,31,272661
0,6,2,0.5,0.1837,180,0,31,272675
0,5,0,0.5,0.184375,180,0,31,272690
0,7,0,0.5,0.18532,180,0,31,272706
0,6,0,0.5,0.18613,180,0,31,272723
0,6,0,0.5,0.18694,180,0,31,272741
0,4,0,0.5,0.18748,180,0,31,272759
0,5,0,0.5,0.188155,180,0,0,272775
0,4,0,0.5,0.188695,180,0,0,272789
0,6,0,0.5,0.189505,180,0,0,272806
0,7,1,0.5,0.19045,180,0,0,272823
0,9,1,0.5,0.191665,180,0,0,272842
0,22,4,0.5,0.194635,180,0,0,272860
0,13,2,0.5,0.19639,180,0,0,272881
0,15,3,0.5,0.198415,180,0,0,272893
0,17,3,0.5,0.20071,180,0,0,272908
0,19,3,0.5,0.203275,180,0,0,272925
0,20,3,0.5,0.205975,180,0,0,272942
0,22,3,0.5,0.208945,180,0,0,272964
0,24,4,0.5,0.212185,180,0,0,272981
0,27,4,0.5,0.21583,180,0,0,272991
0,27,5,0.5,0.219475,180,0,0,273008
0,32,5,0.5,0.223795,180,0,0,273026
0,34,5,0.5,0.228385,180,0,0,273045
0,36,5,0.5,0.233245,180,0,0,273059
0,37,5,0.5,0.23824,180,0,0,273076
0,34,4,0.5,0.24283,180,0,0,273093
0,29,4,0.5,0.246745,180,0,0,273109
0,26,4,0.5,0.250255,180,0,0,273127
0,22,3,0.5,0.253225,180,0,0,273142
0,15,1,0.5,0.25525,180,0,0,273161
0,12,0,0.5,0.25687,180,0,0,273178
0,9,-2,0.5,0.258085,180,0,0,273191
0,9,-2,0.5,0.2593,180,0,0,273209
0,10,-2,0.5,0.26065,180,0,0,273224
0,14,-1,0.5,0.26254,180,0,0,273241
0,35,0,0.5,0.267265,180,0,0,273259
0,20,0,0.5,0.269965,180,0,0,273276
0,19,1,0.5,0.27253,180,0,0,273296
0,16,2,0.5,0.27469,180,0,0,273308
0,12,2,0.5,0.27631,180,0,0,273325
0,8,2,0.5,0.27739,180,0,0,273341
0,6,2,0.5,0.2782,180,1,31,273361
0,8,2,0.5,0.27928,180,1,31,273378
0,13,2,0.5,0.281035,180,1,0,273398
0,17,4,0.5,0.28333,180,0,0,273408
0,20,3,0.5,0.28603,180,0,0,273431
0,20,3,0.5,0.28873,180,0,0,273444
0,19,2,0.5,0.291295,180,0,0,273458
0,17,3,0.5,0.29359,180,0,0,273483
0,18,2,0.5,0.29602,180,0,31,273496
0,15,2,0.5,0.298045,180,0,31,273510
0,11,1,0.5,0.29953,180,0,31,273526
0,4,1,0.5,0.30007,180,0,31,273546
0,-1,1,0.5,0.299935,180,0,31,273560
0,-6,1,0.5,0.299125,180,0,31,273578
0,-14,0,0.5,0.297235,180,0,31,273599
0,0,0,0.5,0.297235,180,0,31,273609
0,-7,-2,0.5,0.29629,180,0,31,273626
0,-8,-2,0.5,0.29521,180,0,31,273643
0,-3,0,0.5,0.294805,180,0,31,273658
0,-1,0,0.5,0.29467,180,0,31,273674
0,-1,1,0.5,0.294535,180,0,0,273692
0,-1,1,0.5,0.2944,180,0,0,273710
0,-1,2,0.5,0.294265,180,0,0,273727
0,0,1,0.5,0.294265,180,0,0,273743
0,0,1,0.5,0.294265,180,0,31,273761
0,1,1,0.5,0.2944,180,0,31,273775
0,0,1,0.5,0.2944,180,0,0,273794
0,0,1,0.5,0.2944,180,0,0,273808
0,-1,1,0.5,0.294265,180,0,0,273825
0,0,1,0.5,0.294265,180,0,0,273846
0,-1,1,0.5,0.29413,180,0,31,273860
0,0,1,0.5,0.29413,180,0,31,273876
0,0,1,0.5,0.29413,180,0,31,273894
0,0,1,0.5,0.29413,180,0,0,273909
0,-1,0,0.5,0.293995,180,0,0,273927
0,0,1,0.5,0.293995,180,0,0,273942
0,0,1,0.5,0.293995,180,0,0,273959
0,0,1,0.5,0.293995,180,0,31,273982
0,0,1,0.5,0.293995,180,0,31,273995
0,0,0,0.5,0.293995,180,0,0,274009
0,0,1,0.5,0.293995,180,0,0,274025
0,0,0,0.5,0.293995,180,0,0,274045
0,0,1,0.5,0.293995,180,0,0,274060
0,0,1,0.5,0.293995,180,0,31,274077
0,1,1,0.5,0.29413,180,0,31,274093
0,0,1,0.5,0.29413,180,0,31,274109
0,0,1,0.5,0.29413,180,0,0,274128
0,0,1,0.5,0.29413,180,0,0,274148
0,-1,1,0.5,0.293995,180,0,0,274165
0,0,1,0.5,0.293995,180,0,0,274177
0,0,1,0.5,0.293995,180,0,0,274193
0,1,0,0.5,0.29413,180,0,31,274210
0,1,1,0.5,0.294265,180,0,31,274233
0,0,1,0.5,0.294265,180,0,31,274244
0,0,1,0.5,0.294265,180,0,0,274260
0,0,1,0.5,0.294265,180,0,0,274276
0,0,0,0.5,0.294265,180,0,0,274293
0,0,0,0.5,0.294265,180,0,0,274309
0,0,0,0.5,0.294265,180,0,0,274326
0,0,0,0.5,0.294265,180,0,31,274345
0,1,1,0.5,0.2944,180,0,31,274364
0,0,1,0.5,0.2944,180,0,0,274378
0,-3,1,0.5,0.293995,180,0,0,274394
0,0,0,0.5,0.293995,180,0,0,274410
0,0,0,0.5,0.293995,180,0,0,274426
0,0,0,0.5,0.293995,180,0,0,274443
0,0,0,0.5,0.293995,180,0,31,274462
0,1,0,0.5,0.29413,180,0,31,274477
0,1,0,0.5,0.294265,180,0,31,274495
0,-1,1,0.5,0.29413,180,0,0,274510
0,0,0,0.5,0.29413,180,0,0,274526
0,0,0,0.5,0.29413,180,0,0,274543
0,0,0,0.5,0.29413,180,0,0,274562
0,0,0,0.5,0.29413,180,0,31,274577
0,1,0,0.5,0.294265,180,0,31,274594
0,0,0,0.5,0.294265,180,0,31,274610
0,1,1,0.5,0.2944,180,0,31,274626
0,0,0,0.5,0.2944,180,0,0,274645
0,-1,0,0.5,0.294265,180,0,0,274660
0,-1,0,0.5,0.29413,180,0,0,274676
0,0,0,0.5,0.29413,180,0,0,274693
0,0,0,0.5,0.29413,180,0,31,274710
0,0,0,0.5,0.29413,180,0,31,274727
0,0,0,0.5,0.29413,180,0,31,274746
0,0,0,0.5,0.29413,180,0,0,274761
0,1,0,0.5,0.294265,180,0,0,274781
0,-1,0,0.5,0.29413,180,0,0,274794
0,0,0,0.5,0.29413,180,0,0,274810
0,0,0,0.5,0.29413,180,0,31,274827
0,0,0,0.5,0.29413,180,0,31,274845
0,2,0,0.5,0.2944,180,0,31,274860
0,0,0,0.5,0.2944,180,0,31,274876
0,0,0,0.5,0.2944,180,0,0,274896
0,0,0,0.5,0.2944,180,0,0,274910
0,0,0,0.5,0.2944,180,0,0,274927
0,0,0,0.5,0.2944,180,0,0,274944
0,0,0,0.5,0.2944,180,0,31,274962
0,0,0,0.5,0.2944,180,0,31,274977
0,0,0,0.5,0.2944,180,0,31,274993
0,0,0,0.5,0.2944,180,0,0,275010
0,0,0,0.5,0.2944,180,0,0,275028
0,0,0,0.5,0.2944,180,0,0,275044
0,0,0,0.5,0.2944,180,0,0,275061
0,0,0,0.5,0.2944,180,0,0,275077
0,0,0,0.5,0.2944,180,0,0,275094
0,0,0,0.5,0.2944,180,0,31,275111
0,0,-1,0.5,0.2944,180,0,31,275127
0,-1,0,0.5,0.294265,180,0,31,275146
0,0,0,0.5,0.294265,180,0,0,275162
0,-2,0,0.5,0.293995,180,0,0,275179
0,0,0,0.5,0.293995,180,0,0,275194
0,1,-1,0.5,0.29413,180,0,0,275211
0,4,-1,0.5,0.29467,180,0,31,275233
0,3,0,0.5,0.295075,180,0,31,275247
0,3,0,0.5,0.29548,180,0,31,275262
0,1,0,0.5,0.295615,180,0,31,275278
0,0,0,0.5,0.295615,180,0,0,275296
0,-2,0,0.5,0.295345,180,0,0,275315
0,-2,0,0.5,0.295075,180,0,0,275329
0,-1,0,0.5,0.29494,180,0,0,275347
0,-1,0,0.5,0.294805,180,0,31,275361
0,0,0,0.5,0.294805,180,0,31,275378
0,0,0,0.5,0.294805,180,0,31,275396
0,0,-1,0.5,0.294805,180,0,31,275412
0,0,0,0.5,0.294805,180,0,31,275428
0,0,-1,0.5,0.294805,180,0,0,275449
0,-1,0,0.5,0.29467,180,0,0,275463
0,0,0,0.5,0.29467,180,0,0,275478
0,1,-1,0.5,0.294805,180,0,0,275497
0,6,-1,0.5,0.295615,180,0,31,275515
0,3,-1,0.5,0.29602,180,0,31,275535
0,0,0,0.5,0.29602,180,0,31,275546
0,0,0,0.5,0.29602,180,0,31,275566
0,-2,0,0.5,0.29575,180,0,0,275584
0,-3,0,0.5,0.295345,180,0,0,275598
0,-3,0,0.5,0.29494,180,0,0,275611
0,-4,0,0.5,0.2944,180,0,0,275628
0,-3,0,0.5,0.293995,180,0,0,275649
0,-1,-1,0.5,0.29386,180,0,0,275663
0,-1,-1,0.5,0.293725,180,0,0,275681
0,0,-2,0.5,0.293725,180,0,0,275697
0,2,-2,0.5,0.293995,180,0,31,275716
0,2,-1,0.5,0.294265,180,0,31,275729
0,1,-1,0.5,0.2944,180,0,31,275746
0,-1,-1,0.5,0.294265,180,0,0,275765
0,0,0,0.5,0.294265,180,0,0,275783
0,0,-1,0.5,0.294265,180,0,0,275799
0,0,-1,0.5,0.294265,180,0,0,275812
0,9,-2,0.5,0.29548,180,0,0,275835
0,0,0,0.5,0.29548,180,0,31,275846
0,3,-1,0.5,0.295885,180,0,31,275863
0,1,-1,0.5,0.29602,180,0,31,275886
0,-4,0,0.5,0.29548,180,0,31,275900
0,-6,-1,0.5,0.29467,180,0,31,275917
0,-6,0,0.5,0.29386,180,0,0,275933
0,0,0,0.5,0.29386,180,0,0,275946
0,-11,0,0.5,0.292375,180,0,0,275963
0,-4,-1,0.5,0.291835,180,0,0,275980
0,-1,-1,0.5,0.2917,180,0,0,275997
0,-1,-1,0.5,0.291565,180,0,0,276014
0,0,-1,0.5,0.291565,180,0,0,276030
0,1,-1,0.5,0.2917,180,0,0,276049
0,2,-1,0.5,0.29197,180,0,0,276065
0,2,-1,0.5,0.29224,180,0,0,276080
0,4,-1,0.5,0.29278,180,0,0,276098
0,3,-1,0.5,0.293185,180,0,31,276114
0,1,-1,0.5,0.29332,180,0,31,276131
0,-1,-1,0.5,0.293185,180,0,0,276147
0,-4,-1,0.5,0.292645,180,0,0,276164
0,-6,0,0.5,0.291835,180,0,0,276180
0,-8,0,0.5,0.290755,180,0,0,276198
0,-8,0,0.5,0.289675,180,0,0,276218
0,-10,-1,0.5,0.288325,180,0,0,276231
0,-8,0,0.5,0.287245,180,0,0,276248
0,-9,0,0.5,0.28603,180,0,0,276263
0,-8,-1,0.5,0.28495,180,0,0,276282
0,-7,-2,0.5,0.284005,180,0,0,276299
0,-1,-1,0.5,0.28387,180,0,0,276316
0,1,-1,0.5,0.284005,180,0,0,276333
0,6,-1,0.5,0.284815,180,0,0,276348
0,5,-1,0.5,0.28549,180,0,31,276367
0,5,-1,0.5,0.286165,180,0,31,276381
0,5,-1,0.5,0.28684,180,0,31,276398
0,3,-1,0.5,0.287245,180,0,0,276414
0,3,-1,0.5,0.28765,180,0,0,276433
0,1,-1,0.5,0.287785,180,0,0,276449
0,1,-1,0.5,0.28792,180,0,0,276467
0,1,-1,0.5,0.288055,180,0,0,276482
0,0,0,0.5,0.288055,180,0,31,276497
0,1,-1,0.5,0.28819,180,0,31,276515
0,-1,-1,0.5,0.288055,180,0,31,276533
0,-2,-1,0.5,0.287785,180,0,31,276550
0,-1,0,0.5,0.28765,180,0,0,276567
0,-3,0,0.5,0.287245,180,0,0,276582
0,-3,0,0.5,0.28684,180,0,0,276600
0,-2,0,0.5,0.28657,180,0,0,276618
0,-2,0,0.5,0.2863,180,0,0,276634
0,-2,0,0.5,0.28603,180,0,0,276647
0,-2,0,0.5,0.28576,180,0,0,276665
0,-1,0,0.5,0.285625,180,0,0,276687
0,0,0,0.5,0.285625,180,0,0,276698
0,0,0,0.5,0.285625,180,0,0,276714
0,3,0,0.5,0.28603,180,0,0,276731
0,1,0,0.5,0.286165,180,0,0,276747
0,0,0,0.5,0.286165,180,0,0,276765
0,0,0,0.5,0.286165,180,0,0,276780
0,0,0,0.5,0.286165,180,0,0,276797
0,-1,-1,0.5,0.28603,180,0,0,276814
0,0,0,0.5,0.28603,180,0,0,276831
0,-1,0,0.5,0.285895,180,0,0,276848
0,-1,0,0.5,0.28576,180,0,0,276866
0,-1,0,0.5,0.285625,180,0,0,276883
0,0,0,0.5,0.285625,180,0,0,276897
0,-1,0,0.5,0.28549,180,0,0,276915
0,0,0,0.5,0.28549,180,0,0,276933
0,0,0,0.5,0.28549,180,0,0,276947
0,0,0,0.5,0.28549,180,0,0,276965
0,0,0,0.5,0.28549,180,0,0,276981
0,0,0,0.5,0.28549,180,0,0,276998
0,0,0,0.5,0.28549,180,0,0,277014
0,-1,0,0.5,0.285355,180,0,0,277032
0,0,0,0.5,0.285355,180,0,0,277047
0,0,0,0.5,0.285355,180,0,0,277065
0,0,0,0.5,0.285355,180,0,0,277082
0,0,0,0.5,0.285355,180,0,0,277097
0,-1,0,0.5,0.28522,180,0,0,277115
0,0,0,0.5,0.28522,180,0,0,277131
0,-1,0,0.5,0.285085,180,0,0,277148
0,0,0,0.5,0.285085,180,0,0,277166
0,0,0,0.5,0.285085,180,0,0,277183
0,0,0,0.5,0.285085,180,0,0,277198
0,0,0,0.5,0.285085,180,0,0,277215
0,1,0,0.5,0.28522,180,0,0,277232
0,0,0,0.5,0.28522,180,0,0,277248
0,0,0,0.5,0.28522,180,0,0,277266
0,0,0,0.5,0.28522,180,0,0,277281
0,1,0,0.5,0.285355,180,0,0,277298
0,0,0,0.5,0.285355,180,0,0,277315
0,1,0,0.5,0.28549,180,0,0,277332
0,0,0,0.5,0.28549,180,0,0,277348
0,0,0,0.5,0.28549,180,0,0,277366
0,0,0,0.5,0.28549,180,0,0,277382
0,-1,0,0.5,0.285355,180,0,0,277398
0,0,0,0.5,0.285355,180,0,0,277415
0,0,0,0.5,0.285355,180,0,0,277432
0,0,0,0.5,0.285355,180,0,0,277448
0,0,1,0.5,0.285355,180,0,0,277468
0,0,0,0.5,0.285355,180,0,0,277483
0,0,0,0.5,0.285355,180,0,0,277500
0,0,0,0.5,0.285355,180,0,0,277515
0,0,0,0.5,0.285355,180,0,0,277532
0,0,0,0.5,0.285355,180,0,0,277549
0,0,0,0.5,0.285355,180,0,0,277566
0,1,0,0.5,0.28549,180,0,0,277582
0,0,0,0.5,0.28549,180,0,0,277601
0,0,0,0.5,0.28549,180,0,0,277616
0,0,0,0.5,0.28549,180,0,0,277633
0,0,0,0.5,0.28549,180,0,0,277649
0,0,0,0.5,0.28549,180,0,0,277666
0,-1,0,0.5,0.285355,180,0,0,277683
0,-1,0,0.5,0.28522,180,0,0,277700
0,0,0,0.5,0.28522,180,0,0,277716
0,1,0,0.5,0.285355,180,0,0,277734
0,0,0,0.5,0.285355,180,0,0,277752
0,0,0,0.5,0.285355,180,0,0,277767
0,0,0,0.5,0.285355,180,0,0,277783
0,0,0,0.5,0.285355,180,0,0,277799
0,0,0,0.5,0.285355,180,0,0,277817
0,0,0,0.5,0.285355,180,0,0,277833
0,0,0,0.5,0.285355,180,0,0,277849
0,0,0,0.5,0.285355,180,0,0,277865
0,0,0,0.5,0.285355,180,0,0,277883
0,0,0,0.5,0.285355,180,0,0,277899
0,0,0,0.5,0.285355,180,0,0,277916
0,-1,0,0.5,0.28522,180,0,0,277933
0,0,0,0.5,0.28522,180,0,0,277950
0,0,0,0.5,0.28522,180,0,0,277966
0,-1,0,0.5,0.285085,180,0,0,277983
0,0,0,0.5,0.285085,180,0,0,278000
0,0,0,0.5,0.285085,180,0,0,278016
0,0,0,0.5,0.285085,180,0,0,278033
0,0,0,0.5,0.285085,180,0,0,278050
0,0,0,0.5,0.285085,180,0,0,278066
0,0,0,0.5,0.285085,180,0,0,278083
0,0,0,0.5,0.285085,180,0,0,278099
0,0,0,0.5,0.285085,180,0,0,278116
0,0,0,0.5,0.285085,180,0,0,278133
0,-5,0,0.5,0.28441,180,0,0,278150
0,-6,-1,0.5,0.2836,180,0,0,278168
0,-8,-2,0.5,0.28252,180,0,0,278184
0,-7,-2,0.5,0.281575,180,0,0,278203
0,-10,-2,0.5,0.280225,180,0,0,278219
0,-16,-5,0.5,0.278065,180,0,0,278235
0,-5,-1,0.5,0.27739,180,0,0,278251
0,-5,-3,0.5,0.276715,180,0,0,278271
0,-6,-3,0.5,0.275905,180,0,0,278285
0,-11,-3,0.5,0.27442,180,0,0,278303
0,-10,-2,0.5,0.27307,180,0,0,278319
0,-11,-1,0.5,0.271585,180,0,0,278338
0,-8,-1,0.5,0.270505,180,0,0,278352
0,-6,0,0.5,0.269695,180,0,0,278372
0,-3,0,0.5,0.26929,180,0,0,278385
0,0,0,0.5,0.26929,180,0,0,278400
0,0,0,0.5,0.26929,180,0,0,278418
0,6,0,0.5,0.2701,180,0,0,278436
0,7,0,0.5,0.271045,180,0,0,278452
0,7,0,0.5,0.27199,180,0,0,278468
0,7,0,0.5,0.272935,180,0,0,278485
0,6,0,0.5,0.273745,180,0,0,278503
0,6,0,0.5,0.274555,180,0,0,278519
0,3,0,0.5,0.27496,180,0,0,278536
0,2,0,0.5,0.27523,180,0,0,278551
0,1,0,0.5,0.275365,180,0,0,278570
0,0,0,0.5,0.275365,180,0,0,278584
0,-6,1,0.5,0.274555,180,0,0,278604
0,0,0,0.5,0.274555,180,0,0,278618
0,-5,2,0.5,0.27388,180,0,0,278639
0,-2,0,0.5,0.27361,180,0,0,278653
0,-1,1,0.5,0.273475,180,0,0,278669
0,0,0,0.5,0.273475,180,0,0,278684
0,1,1,0.5,0.27361,180,0,0,278701
0,1,0,0.5,0.273745,180,0,0,278724
0,1,0,0.5,0.27388,180,0,0,278736
0,1,1,0.5,0.274015,180,0,0,278754
0,1,1,0.5,0.27415,180,0,0,278769
0,-1,0,0.5,0.274015,180,0,0,278785
0,-1,0,0.5,0.27388,180,0,0,278801
0,-2,0,0.5,0.27361,180,0,0,278821
0,-1,0,0.5,0.273475,180,0,0,278835
0,-1,0,0.5,0.27334,180,0,0,278852
0,0,0,0.5,0.27334,180,0,0,278870
0,0,0,0.5,0.27334,180,0,0,278885
0,0,0,0.5,0.27334,180,0,0,278903
0,3,0,0.5,0.273745,180,0,0,278921
0,0,0,0.5,0.273745,180,0,0,278934
0,1,0,0.5,0.27388,180,0,0,278952
0,0,0,0.5,0.27388,180,0,0,278967
0,0,0,0.5,0.27388,180,0,0,278985
0,0,0,0.5,0.27388,180,0,0,279001
0,1,0,0.5,0.274015,180,0,0,279020
0,0,0,0.5,0.274015,180,0,0,279035
0,0,0,0.5,0.274015,180,0,0,279051
0,1,0,0.5,0.27415,180,0,0,279068
0,0,0,0.5,0.27415,180,0,0,279085
0,1,0,0.5,0.274285,180,0,0,279102
0,0,0,0.5,0.274285,180,0,0,279118
0,0,0,0.5,0.274285,180,0,0,279135
0,0,0,0.5,0.274285,180,0,0,279152
0,0,0,0.5,0.274285,180,0,0,279170
0,0,0,0.5,0.274285,180,0,0,279185
0,0,0,0.5,0.274285,180,0,0,279202
0,0,0,0.5,0.274285,180,0,0,279219
0,0,0,0.5,0.274285,180,0,0,279235
0,0,0,0.5,0.274285,180,0,0,279252
0,0,0,0.5,0.274285,180,0,0,279270
0,0,0,0.5,0.274285,180,0,0,279288
0,0,0,0.5,0.274285,180,0,0,279304
0,0,0,0.5,0.274285,180,0,0,279320
0,0,0,0.5,0.274285,180,0,0,279336
0,1,0,0.5,0.27442,180,0,0,279354
0,1,0,0.5,0.274555,180,0,0,279372
0,0,0,0.5,0.274555,180,0,0,279385
0,0,0,0.5,0.274555,180,0,0,279402
0,0,0,0.5,0.274555,180,0,0,279419
0,0,0,0.5,0.274555,180,0,0,279436
0,-3,0,0.5,0.27415,180,0,0,279454
0,0,0,0.5,0.27415,180,0,0,279470
0,0,0,0.5,0.27415,180,0,0,279485
0,0,0,0.5,0.27415,180,0,0,279504
0,0,0,0.5,0.27415,180,0,0,279519
0,0,0,0.5,0.27415,180,0,0,279536
0,0,0,0.5,0.27415,180,0,0,279553
0,0,0,0.5,0.27415,180,0,0,279570
0,0,0,0.5,0.27415,180,0,0,279587
0,0,0,0.5,0.27415,180,0,0,279602
0,0,0,0.5,0.27415,180,0,0,279619
0,0,0,0.5,0.27415,180,0,0,279636
0,0,0,0.5,0.27415,180,0,0,279653
0,2,0,0.5,0.27442,180,0,0,279670
0,1,0,0.5,0.274555,180,0,0,279687
0,0,0,0.5,0.274555,180,0,0,279702
0,0,0,0.5,0.274555,180,0,0,279719
0,0,0,0.5,0.274555,180,0,0,279736
0,-3,0,0.5,0.27415,180,0,0,279753
0,0,0,0.5,0.27415,180,0,0,279770
0,0,0,0.5,0.27415,180,0,0,279787
0,0,0,0.5,0.27415,180,0,0,279803
0,0,0,0.5,0.27415,180,0,0,279820
0,0,0,0.5,0.27415,180,0,0,279836
0,0,0,0.5,0.27415,180,0,0,279853
0,2,0,0.5,0.27442,180,0,0,279870
0,0,0,0.5,0.27442,180,0,0,279886
0,0,0,0.5,0.27442,180,0,0,279904
0,0,0,0.5,0.27442,180,0,0,279919
0,0,0,0.5,0.27442,180,0,0,279936
0,0,0,0.5,0.27442,180,0,0,279953
0,0,0,0.5,0.27442,180,0,0,279970
0,-2,-1,0.5,0.27415,180,0,0,279987
0,0,0,0.5,0.27415,180,0,0,280003
0,0,0,0.5,0.27415,180,0,0,280020
0,0,0,0.5,0.27415,180,0,0,280039
0,0,0,0.5,0.27415,180,0,0,280057
0,0,0,0.5,0.27415,180,0,0,280070
0,0,0,0.5,0.27415,180,0,0,280093
0,0,0,0.5,0.27415,180,0,0,280105
0,0,0,0.5,0.27415,180,0,0,280121
0,0,0,0.5,0.27415,180,0,0,280138
0,0,0,0.5,0.27415,180,0,0,280155
0,2,0,0.5,0.27442,180,0,0,280172
0,2,0,0.5,0.27469,180,0,0,280188
0,3,0,0.5,0.275095,180,0,0,280206
0,4,0,0.5,0.275635,180,0,0,280222
0,3,0,0.5,0.27604,180,0,0,280239
0,5,0,0.5,0.276715,180,0,0,280255
0,4,0,0.5,0.277255,180,0,31,280272
0,4,0,0.5,0.277795,180,0,31,280288
0,1,0,0.5,0.27793,180,0,31,280305
0,1,0,0.5,0.278065,180,0,0,280322
0,0,0,0.5,0.278065,180,0,0,280338
0,-1,0,0.5,0.27793,180,0,0,280355
0,-1,0,0.5,0.277795,180,0,0,280372
0,0,-1,0.5,0.277795,180,0,0,280389
0,3,0,0.5,0.2782,180,0,0,280406
0,4,0,0.5,0.27874,180,0,0,280423
0,5,0,0.5,0.279415,180,0,0,280438
0,7,0,0.5,0.28036,180,0,0,280455
0,8,0,0.5,0.28144,180,0,0,280472
0,10,0,0.5,0.28279,180,0,0,280491
0,23,0,0.5,0.285895,180,0,0,280510
0,14,0,0.5,0.287785,180,0,0,280526
0,16,1,0.5,0.289945,180,0,0,280543
0,16,2,0.5,0.292105,180,0,0,280556
0,17,2,0.5,0.2944,180,0,0,280573
0,18,2,0.5,0.29683,180,0,0,280593
0,19,2,0.5,0.299395,180,0,0,280609
0,20,2,0.5,0.302095,180,0,0,280624
0,21,2,0.5,0.30493,180,0,0,280641
0,24,1,0.5,0.30817,180,0,0,280657
0,23,0,0.5,0.311275,180,0,0,280674
0,25,1,0.5,0.31465,180,0,0,280689
0,25,0,0.5,0.318025,180,0,0,280705
0,26,0,0.5,0.321535,180,0,0,280722
0,27,2,0.5,0.32518,180,0,0,280742
0,26,2,0.5,0.32869,180,0,0,280757
0,22,2,0.5,0.33166,180,0,0,280777
0,19,2,0.5,0.334225,180,0,0,280791
0,15,2,0.5,0.33625,180,0,0,280808
0,11,2,0.5,0.337735,180,0,0,280822
0,9,2,0.5,0.33895,180,0,0,280841
0,7,3,0.5,0.339895,180,0,0,280859
0,5,2,0.5,0.34057,180,0,0,280873
0,5,5,0.5,0.341245,180,0,0,280894
0,11,11,0.5,0.34273,180,0,0,280911
0,6,6,0.5,0.34354,180,0,0,280928
0,5,7,0.5,0.344215,180,0,0,280943
0,5,8,0.5,0.34489,180,0,0,280960
0,3,8,0.5,0.345295,180,0,0,280980
0,1,9,0.5,0.34543,180,0,0,280993
0,1,10,0.5,0.345565,180,0,0,281010
0,0,9,0.5,0.345565,180,0,0,281030
0,0,9,0.5,0.345565,180,0,0,281048
0,1,9,0.5,0.3457,180,0,0,281063
0,3,9,0.5,0.346105,180,0,0,281077
0,5,9,0.5,0.34678,180,0,0,281095
0,8,11,0.5,0.34786,180,0,0,281113
0,9,10,0.5,0.349075,180,0,0,281129
0,12,11,0.5,0.350695,180,0,0,281147
0,13,10,0.5,0.35245,180,0,0,281159
0,14,9,0.5,0.35434,180,0,0,281175
0,13,8,0.5,0.356095,180,0,0,281192
0,12,8,0.5,0.357715,180,0,0,281208
0,9,7,0.5,0.35893,180,0,0,281230
0,16,18,0.5,0.36109,180,0,0,281257
0,8,10,0.5,0.36217,180,0,0,281270
0,6,10,0.5,0.36298,180,0,0,281284
0,4,10,0.5,0.36352,180,0,0,281295
0,0,10,0.5,0.36352,180,0,0,281314
0,0,10,0.5,0.36352,180,0,0,281328
0,0,9,0.5,0.36352,180,0,0,281347
0,3,9,0.5,0.363925,180,0,0,281359
0,4,9,0.5,0.364465,180,0,0,281378
0,5,9,0.5,0.36514,180,0,0,281396
0,8,9,0.5,0.36622,180,0,0,281412
0,10,10,0.5,0.36757,180,0,0,281428
0,12,10,0.5,0.36919,180,0,0,281446
0,13,10,0.5,0.370945,180,0,0,281464
0,15,10,0.5,0.37297,180,0,0,281479
0,16,11,0.5,0.37513,180,0,0,281495
0,18,11,0.5,0.37756,180,0,0,281510
0,18,10,0.5,0.37999,180,0,0,281538
0,17,11,0.5,0.382285,180,0,0,281547
0,15,12,0.5,0.38431,180,0,0,281568
0,24,24,0.5,0.38755,180,0,0,281587
0,9,4,0.5,0.388765,180,0,0,281595
0,0,8,0.5,0.388765,180,0,0,281610
0,6,11,0.5,0.389575,180,0,0,281626
0,4,11,0.5,0.390115,180,0,0,281644
0,2,10,0.5,0.390385,180,0,0,281660
0,3,21,0.5,0.39079,180,0,0,281681
0,7,11,0.5,0.391735,180,0,0,281694
0,10,10,0.5,0.393085,180,0,0,281712
0,11,9,0.5,0.39457,180,0,0,281730
0,10,8,0.5,0.39592,180,0,0,281752
0,9,7,0.5,0.397135,180,0,31,281761
0,7,6,0.5,0.39808,180,0,31,281777
0,6,4,0.5,0.39889,180,0,31,281792
0,6,4,0.5,0.3997,180,0,0,281814
0,7,4,0.5,0.400645,180,0,0,281826
0,9,5,0.5,0.40186,180,0,0,281842
0,10,5,0.5,0.40321,180,0,0,281859
0,12,6,0.5,0.40483,180,0,0,281880
0,14,7,0.5,0.40672,180,0,0,281895
0,14,7,0.5,0.40861,180,0,0,281910
0,18,8,0.5,0.41104,180,0,0,281934
0,20,8,0.5,0.41374,180,0,0,281948
0,25,8,0.5,0.417115,180,0,0,281961
0,25,9,0.5,0.42049,180,0,0,281979
0,26,9,0.5,0.424,180,0,0,281998
0,22,9,0.5,0.42697,180,0,0,282013
0,21,10,0.5,0.429805,180,0,0,282029
0,31,18,0.5,0.43399,180,0,0,282052
0,12,7,0.5,0.43561,180,0,0,282064
0,13,5,0.5,0.437365,180,0,0,282080
0,14,3,0.5,0.439255,180,0,0,282097
0,16,2,0.5,0.441415,180,0,0,282109
0,15,1,0.5,0.44344,180,0,0,282127
0,15,2,0.5,0.445465,180,0,0,282146
0,15,2,0.5,0.44749,180,0,0,282160
0,17,3,0.5,0.449785,180,0,0,282179
0,18,3,0.5,0.452215,180,0,0,282192
0,21,4,0.5,0.45505,180,0,0,282209
0,26,5,0.5,0.45856,180,0,0,282226
0,28,6,0.5,0.46234,180,0,0,282246
0,32,7,0.5,0.46666,180,0,0,282260
0,33,7,0.5,0.471115,180,0,0,282282
0,31,8,0.5,0.4753,180,0,0,282295
0,30,9,0.5,0.47935,180,0,0,282312
0,27,7,0.5,0.482995,180,0,0,282328
0,45,11,0.5,0.48907,180,0,0,282350
0,18,2,0.5,0.4915,180,0,0,282365
0,0,0,0.5,0.4915,180,0,0,282375
0,14,1,0.5,0.49339,180,0,0,282392
0,12,1,0.5,0.49501,180,0,0,282409
0,10,1,0.5,0.49636,180,0,0,282429
0,13,3,0.5,0.498115,180,0,0,282447
0,0,0,0.5,0.498115,180,0,0,282459
0,18,4,0.5,0.500545,180,0,0,282478
0,15,3,0.5,0.50257,180,0,0,282495
0,19,4,0.5,0.505135,180,0,0,282512
0,23,5,0.5,0.50824,180,0,0,282529
0,26,6,0.5,0.51175,180,0,0,282547
0,26,7,0.5,0.51526,180,0,0,282563
0,25,8,0.5,0.518635,180,0,0,282579
0,23,9,0.5,0.52174,180,0,0,282595
0,21,9,0.5,0.524575,180,0,0,282615
0,19,9,0.5,0.52714,180,0,0,282633
0,16,7,0.5,0.5293,180,0,0,282645
0,15,5,0.5,0.531325,180,0,0,282661
0,15,4,0.5,0.53335,180,0,0,282684
0,13,2,0.5,0.535105,180,0,0,282694
0,10,2,0.5,0.536455,180,0,0,282712
0,9,1,0.5,0.53767,180,0,0,282731
0,9,2,0.5,0.538885,180,0,0,282743
0,11,3,0.5,0.54037,180,0,0,282760
0,30,9,0.5,0.54442,180,0,31,282783
0,18,5,0.5,0.54685,180,0,31,282797
0,0,0,0.5,0.54685,180,0,31,282809
0,20,5,0.5,0.54955,180,0,0,282831
0,46,11,0.5,0.55576,180,0,0,282849
0,28,5,0.5,0.55954,180,0,0,282863
0,30,6,0.5,0.56359,180,0,0,282882
0,33,6,0.5,0.568045,180,0,0,282898
0,29,6,0.5,0.57196,180,0,0,282917
0,27,6,0.5,0.575605,180,0,0,282933
0,20,5,0.5,0.578305,180,0,0,282946
0,13,3,0.5,0.58006,180,0,0,282960
0,7,1,0.5,0.581005,180,0,0,282980
0,3,0,0.5,0.58141,180,0,0,282994
0,2,0,0.5,0.58168,180,0,0,283013
0,2,1,0.5,0.58195,180,0,0,283032
0,4,2,0.5,0.58249,180,0,0,283044
0,3,1,0.5,0.582895,180,0,31,283061
0,3,2,0.5,0.5833,180,0,31,283077
0,4,1,0.5,0.58384,180,0,31,283096
0,5,1,0.5,0.584515,180,0,0,283113
0,5,2,0.5,0.58519,180,0,0,283126
0,8,2,0.5,0.58627,180,0,0,283146
0,7,2,0.5,0.587215,180,0,0,283161
0,9,2,0.5,0.58843,180,0,0,283178
0,21,6,0.5,0.591265,180,0,0,283203
0,13,3,0.5,0.59302,180,0,0,283213
0,16,1,0.5,0.59518,180,0,31,283229
0,19,7,0.5,0.597745,180,0,31,283246
0,19,4,0.5,0.60031,180,0,31,283263
0,20,4,0.5,0.60301,180,0,31,283280
0,21,4,0.5,0.605845,180,0,0,283297
0,22,4,0.5,0.608815,180,0,0,283312
0,20,4,0.5,0.611515,180,0,0,283330
0,21,3,0.5,0.61435,180,0,0,283346
0,20,3,0.5,0.61705,180,0,0,283363
0,20,2,0.5,0.61975,180,0,0,283379
0,18,1,0.5,0.62218,180,0,0,283396
0,17,0,0.5,0.624475,180,0,0,283411
0,16,0,0.5,0.626635,180,0,0,283428
0,15,0,0.5,0.62866,180,0,0,283445
0,12,1,0.5,0.63028,180,0,0,283462
0,12,3,0.5,0.6319,180,0,0,283479
0,13,4,0.5,0.633655,180,0,0,283496
0,14,5,0.5,0.635545,180,0,0,283512
0,15,6,0.5,0.63757,180,0,0,283530
0,29,10,0.5,0.641485,180,0,0,283553
0,0,0,0.5,0.641485,180,0,0,283561
0,13,4,0.5,0.64324,180,0,31,283579
0,13,4,0.5,0.644995,180,0,31,283597
0,32,7,0.5,0.649315,180,0,31,283617
0,18,4,0.5,0.651745,180,0,0,283633
0,19,3,0.5,0.65431,180,0,0,283649
0,20,3,0.5,0.65701,180,0,0,283663
0,22,3,0.5,0.65998,180,0,0,283679
0,23,3,0.5,0.663085,180,0,0,283695
0,25,2,0.5,0.66646,180,0,0,283713
0,25,0,0.5,0.669835,180,0,0,283729
0,25,0,0.5,0.67321,180,0,0,283746
0,27,0,0.5,0.676855,180,0,0,283762
0,23,0,0.5,0.67996,180,0,0,283779
0,21,0,0.5,0.682795,180,0,0,283794
0,19,0,0.5,0.68536,180,0,0,283815
0,15,2,0.5,0.687385,180,0,0,283831
0,10,3,0.5,0.688735,180,0,0,283846
0,3,3,0.5,0.68914,180,0,0,283872
0,-5,5,0.5,0.688465,180,0,0,283884
0,0,0,0.5,0.688465,180,0,0,283897
0,-22,2,0.5,0.685495,180,0,0,283914
0,0,0,0.5,0.685495,180,0,0,283931
0,-14,0,0.5,0.683605,180,0,0,283945
0,-15,-1,0.5,0.68158,180,0,0,283962
0,-29,-2,0.5,0.677665,180,0,0,283980
0,0,0,0.5,0.677665,180,0,0,283995
0,-22,0,0.5,0.674695,180,0,0,284015
0,-7,0,0.5,0.67375,180,0,0,284029
0,-2,0,0.5,0.67348,180,0,0,284045
0,-1,1,0.5,0.673345,180,0,0,284062
0,2,1,0.5,0.673615,180,0,0,284080
0,6,2,0.5,0.674425,180,0,0,284096
0,5,1,0.5,0.6751,180,0,0,284116
0,6,1,0.5,0.67591,180,0,0,284129
0,7,1,0.5,0.676855,180,0,0,284145
0,7,0,0.5,0.6778,180,0,0,284166
0,8,0,0.5,0.67888,180,0,0,284180
0,5,0,0.5,0.679555,180,0,0,284195
0,4,1,0.5,0.680095,180,0,0,284215
0,2,1,0.5,0.680365,180,0,0,284233
0,4,1,0.5,0.680905,180,0,0,284246
0,6,1,0.5,0.681715,180,0,0,284266
0,8,1,0.5,0.682795,180,0,0,284281
0,10,2,0.5,0.684145,180,0,0,284296
0,27,2,0.5,0.68779,180,0,0,284313
0,17,5,0.5,0.690085,180,0,0,284331
0,19,3,0.5,0.69265,180,0,31,284347
0,19,3,0.5,0.695215,180,0,31,284365
0,17,3,0.5,0.69751,180,0,31,284382
0,11,2,0.5,0.698995,180,0,0,284397
0,5,1,0.5,0.69967,180,0,0,284414
0,0,1,0.5,0.69967,180,0,0,284429
0,-6,0,0.5,0.69886,180,0,0,284447
0,-11,0,0.5,0.697375,180,0,0,284466
0,-15,0,0.5,0.69535,180,0,0,284479
0,-17,0,0.5,0.693055,180,0,0,284500
0,-17,-1,0.5,0.69076,180,0,0,284516
0,-21,-2,0.5,0.687925,180,0,0,284531
0,-22,-2,0.5,0.684955,180,0,0,284547
0,-22,-2,0.5,0.681985,180,0,0,284569
0,-21,-1,0.5,0.67915,180,0,0,284582
0,-19,-1,0.5,0.676585,180,0,0,284598
0,-14,0,0.5,0.674695,180,0,0,284615
0,-9,0,0.5,0.67348,180,0,0,284631
0,-4,1,0.5,0.67294,180,0,0,284647
0,-1,1,0.5,0.672805,180,0,0,284664
0,8,2,0.5,0.673885,180,0,0,284685
0,7,2,0.5,0.67483,180,0,0,284699
0,7,2,0.5,0.675775,180,0,0,284715
0,8,2,0.5,0.676855,180,0,0,284734
0,8,2,0.5,0.677935,180,0,0,284752
0,8,1,0.5,0.679015,180,0,0,284764
0,6,1,0.5,0.679825,180,0,0,284781
0,2,0,0.5,0.680095,180,0,0,284799
0,0,0,0.5,0.680095,180,0,0,284813
0,-4,-1,0.5,0.679555,180,0,0,284835
0,-7,-1,0.5,0.67861,180,0,0,284847
0,-9,-1,0.5,0.677395,180,0,0,284866
0,-9,-1,0.5,0.67618,180,0,0,284884
0,-9,-1,0.5,0.674965,180,0,0,284897
0,-6,-1,0.5,0.674155,180,0,0,284914
0,-3,-1,0.5,0.67375,180,0,0,284933
0,0,0,0.5,0.67375,180,0,0,284947
0,1,-1,0.5,0.673885,180,0,0,284964
0,2,-1,0.5,0.674155,180,0,0,284980
0,2,-1,0.5,0.674425,180,0,0,284997
0,1,0,0.5,0.67456,180,0,31,285022
0,0,0,0.5,0.67456,180,0,31,285030
0,1,2,0.5,0.674695,180,0,31,285048
0,-1,3,0.5,0.67456,180,0,31,285068
0,0,4,0.5,0.67456,180,0,31,285084
0,-1,2,0.5,0.674425,180,0,31,285103
0,-2,1,0.5,0.674155,180,0,31,285115
0,-2,1,0.5,0.673885,180,0,31,285131
0,-2,0,0.5,0.673615,180,0,0,285148
0,-3,0,0.5,0.67321,180,0,0,285165
0,-3,-1,0.5,0.672805,180,0,0,285185
0,-2,0,0.5,0.672535,180,0,0,285197
0,-1,-2,0.5,0.6724,180,0,31,285220
0,0,-1,0.5,0.6724,180,0,31,285235
0,1,0,0.5,0.672535,180,0,31,285248
0,5,0,0.5,0.67321,180,0,31,285265
0,2,0,0.5,0.67348,180,0,31,285285
0,2,0,0.5,0.67375,180,0,31,285299
0,1,0,0.5,0.673885,180,0,31,285316
0,2,1,0.5,0.674155,180,0,31,285331
0,3,1,0.5,0.67456,180,0,31,285348
0,4,2,0.5,0.6751,180,0,0,285371
0,6,2,0.5,0.67591,180,0,0,285383
0,6,2,0.5,0.67672,180,0,31,285398
0,4,2,0.5,0.67726,180,0,0,285419
0,-2,4,0.5,0.67699,180,0,0,285436
0,0,0,0.5,0.67699,180,0,0,285448
0,-7,0,0.5,0.676045,180,0,0,285465
0,-17,0,0.5,0.67375,180,0,0,285481
0,-9,-1,0.5,0.672535,180,0,0,285498
0,-9,0,0.5,0.67132,180,0,0,285515
0,-8,0,0.5,0.67024,180,0,0,285532
0,-8,0,0.5,0.66916,180,0,0,285549
0,-5,0,0.5,0.668485,180,0,0,285567
0,-3,0,0.5,0.66808,180,0,0,285582
0,-1,0,0.5,0.667945,180,0,31,285599
0,0,0,0.5,0.667945,180,0,31,285615
0,5,0,0.5,0.66862,180,0,31,285632
0,3,0,0.5,0.669025,180,0,31,285648
0,2,0,0.5,0.669295,180,0,31,285665
0,1,0,0.5,0.66943,180,0,31,285681
0,0,0,0.5,0.66943,180,0,31,285699
0,0,0,0.5,0.66943,180,0,31,285715
0,-3,0,0.5,0.669025,180,0,31,285731
0,0,0,0.5,0.669025,180,0,31,285749
0,-1,0,0.5,0.66889,180,0,31,285765
0,1,0,0.5,0.669025,180,0,31,285783
0,2,1,0.5,0.669295,180,0,31,285801
0,2,1,0.5,0.669565,180,0,31,285815
0,6,1,0.5,0.670375,180,0,31,285833
0,6,1,0.5,0.671185,180,0,31,285849
0,8,2,0.5,0.672265,180,0,31,285874
0,2,1,0.5,0.672535,180,0,31,285884
0,0,0,0.5,0.672535,180,0,0,285900
0,0,0,0.5,0.672535,180,0,0,285915
0,-3,0,0.5,0.67213,180,0,0,285933
0,0,0,0.5,0.67213,180,0,0,285949
0,4,0,0.5,0.67267,180,0,0,285966
0,8,0,0.5,0.67375,180,0,0,285982
0,10,0,0.5,0.6751,180,0,0,285998
0,11,1,0.5,0.676585,180,0,0,286018
0,14,1,0.5,0.678475,180,0,0,286034
0,14,1,0.5,0.680365,180,0,31,286051
0,14,2,0.5,0.682255,180,0,31,286066
0,14,1,0.5,0.684145,180,0,0,286083
0,13,2,0.5,0.6859,180,0,0,286099
0,13,1,0.5,0.687655,180,0,0,286124
0,13,1,0.5,0.68941,180,0,0,286134
0,12,1,0.5,0.69103,180,0,0,286150
0,9,1,0.5,0.692245,180,0,0,286165
0,8,0,0.5,0.693325,180,0,0,286187
0,0,0,0.5,0.693325,180,0,0,286202
0,2,-1,0.5,0.693595,180,0,0,286217
0,2,-1,0.5,0.693865,180,0,0,286233
0,12,-2,0.5,0.695485,180,0,0,286256
0,8,0,0.5,0.696565,180,0,0,286270
0,11,0,0.5,0.69805,180,0,0,286283
0,12,0,0.5,0.69967,180,0,0,286304
0,15,0,0.5,0.701695,180,0,0,286318
0,16,0,0.5,0.703855,180,0,0,286333
0,18,0,0.5,0.706285,180,0,0,286353
0,22,0,0.5,0.709255,180,0,0,286372
0,24,1,0.5,0.71,180,0,0,286384
