0,35,26,0.5,-0.705275,180,0,0,788873
0,8,9,0.5,-0.704195,180,0,0,788882
0,0,0,0.5,-0.704195,180,0,0,788887
0,9,10,0.5,-0.70298,180,0,0,788904
0,10,10,0.5,-0.70163,180,0,0,788917
0,12,9,0.5,-0.70001,180,0,0,788940
0,14,8,0.5,-0.69812,180,0,0,788952
0,14,6,0.5,-0.69623,180,0,0,788970
0,17,6,0.5,-0.693935,180,0,0,788984
0,19,6,0.5,-0.69137,180,0,0,788999
0,22,6,0.5,-0.6884,180,0,0,789017
0,22,5,0.5,-0.68543,180,0,0,789036
0,25,6,0.5,-0.682055,180,0,0,789048
0,26,7,0.5,-0.678545,180,0,0,789065
0,26,7,0.5,-0.675035,180,0,0,789087
0,43,11,0.5,-0.66923,180,0,0,789104
0,0,0,0.5,-0.66923,180,0,0,789114
0,32,8,0.5,-0.66491,180,0,0,789133
0,13,9,0.5,-0.663155,180,0,0,789151
0,12,8,0.5,-0.661535,180,0,0,789167
0,10,9,0.5,-0.660185,180,0,0,789184
0,10,11,0.5,-0.658835,180,0,0,789201
0,9,11,0.5,-0.65762,180,0,0,789217
0,11,11,0.5,-0.656135,180,0,0,789237
0,15,10,0.5,-0.65411,180,0,0,789250
0,17,9,0.5,-0.651815,180,0,0,789267
0,21,7,0.5,-0.64898,180,0,0,789287
0,23,6,0.5,-0.645875,180,0,0,789306
0,24,6,0.5,-0.642635,180,0,0,789316
0,26,5,0.5,-0.639125,180,0,0,789332
0,28,7,0.5,-0.635345,180,0,0,789349
0,29,7,0.5,-0.63143,180,0,0,789365
0,28,8,0.5,-0.62765,180,0,0,789383
0,30,8,0.5,-0.6236,180,0,0,789399
0,28,7,0.5,-0.61982,180,0,0,789415
0,22,5,0.5,-0.61685,180,0,0,789432
0,19,6,0.5,-0.614285,180,0,0,789449
0,17,6,0.5,-0.61199,180,0,0,789466
0,15,8,0.5,-0.609965,180,0,0,789483
0,16,8,0.5,-0.607805,180,0,0,789500
0,17,10,0.5,-0.60551,180,0,0,789519
0,38,18,0.5,-0.60038,180,0,0,789537
0,25,9,0.5,-0.597005,180,0,0,789552
0,0,0,0.5,-0.597005,180,0,0,789563
0,53,13,0.5,-0.58985,180,0,0,789587
0,30,5,0.5,-0.5858,180,0,0,789599
0,29,4,0.5,-0.581885,180,0,0,789614
0,32,5,0.5,-0.577565,180,0,0,789633
0,32,6,0.5,-0.573245,180,0,0,789650
0,34,7,0.5,-0.568655,180,0,0,789667
0,34,8,0.5,-0.564065,180,0,0,789683
0,31,7,0.5,-0.55988,180,0,0,789699
0,27,6,0.5,-0.556235,180,0,0,789715
0,21,6,0.5,-0.5534,180,0,0,789732
0,17,5,0.5,-0.551105,180,0,0,789749
0,16,6,0.5,-0.548945,180,0,0,789765
0,16,6,0.5,-0.546785,180,0,0,789783
0,18,7,0.5,-0.544355,180,0,0,789799
0,19,8,0.5,-0.54179,180,0,0,789816
0,22,8,0.5,-0.53882,180,0,0,789841
0,57,13,0.5,-0.531125,180,0,0,789860
0,32,5,0.5,-0.526805,180,0,0,789870
0,0,0,0.5,-0.526805,180,0,0,789880
0,32,3,0.5,-0.522485,180,0,0,789898
0,32,2,0.5,-0.518165,180,0,0,789917
0,30,1,0.5,-0.514115,180,0,0,789932
0,56,5,0.5,-0.506555,180,0,0,789948
0,26,5,0.5,-0.503045,180,0,0,789965
0,28,6,0.5,-0.499265,180,0,0,789982
0,29,7,0.5,-0.49535,180,0,0,789999
0,29,7,0.5,-0.491435,180,0,0,790018
0,0,0,0.5,-0.491435,180,0,0,790031
0,52,12,0.5,-0.484415,180,0,0,790051
0,20,7,0.5,-0.481715,180,0,0,790066
0,17,8,0.5,-0.47942,180,0,0,790086
0,16,10,0.5,-0.47726,180,0,0,790102
0,16,12,0.5,-0.4751,180,0,0,790120
0,17,13,0.5,-0.472805,180,0,0,790138
0,23,13,0.5,-0.4697,180,0,0,790155
0,24,10,0.5,-0.46646,180,0,0,790169
0,30,9,0.5,-0.46241,180,0,0,790183
0,31,7,0.5,-0.458225,180,0,0,790200
0,32,5,0.5,-0.453905,180,0,0,790214
0,33,5,0.5,-0.44945,180,0,0,790231
0,32,4,0.5,-0.44513,180,0,0,790249
0,32,5,0.5,-0.44081,180,0,0,790265
0,34,6,0.5,-0.43622,180,0,0,790287
0,32,7,0.5,-0.4319,180,0,0,790306
0,64,13,0.5,-0.42326,180,0,0,790334
0,27,5,0.5,-0.419615,180,0,0,790345
0,22,5,0.5,-0.416645,180,0,0,790356
0,21,5,0.5,-0.41381,180,0,0,790368
0,21,6,0.5,-0.410975,180,0,0,790382
0,22,6,0.5,-0.408005,180,0,0,790398
0,23,6,0.5,-0.4049,180,0,0,790416
0,25,6,0.5,-0.401525,180,0,0,790434
0,30,6,0.5,-0.397475,180,0,0,790456
0,30,5,0.5,-0.393425,180,0,0,790467
0,33,5,0.5,-0.38897,180,0,0,790482
0,34,4,0.5,-0.38438,180,0,0,790499
0,35,3,0.5,-0.379655,180,0,0,790517
0,34,3,0.5,-0.375065,180,0,0,790531
0,34,4,0.5,-0.370475,180,0,0,790548
0,33,5,0.5,-0.36602,180,0,0,790567
0,34,7,0.5,-0.36143,180,0,0,790584
0,33,7,0.5,-0.356975,180,0,0,790601
0,32,6,0.5,-0.352655,180,0,0,790616
0,26,5,0.5,-0.349145,180,0,0,790632
0,21,6,0.5,-0.34631,180,0,0,790649
0,20,6,0.5,-0.34361,180,0,0,790666
0,19,8,0.5,-0.341045,180,0,0,790683
0,18,9,0.5,-0.338615,180,0,0,790699
0,20,10,0.5,-0.335915,180,0,0,790720
0,51,20,0.5,-0.32903,180,0,0,790740
0,29,7,0.5,-0.325115,180,0,0,790754
0,32,6,0.5,-0.320795,180,0,0,790768
0,34,3,0.5,-0.316205,180,0,0,790780
0,32,2,0.5,-0.311885,180,0,0,790799
0,30,1,0.5,-0.307835,180,0,0,790816
0,26,1,0.5,-0.304325,180,0,0,790830
0,25,1,0.5,-0.30095,180,0,0,790847
0,24,1,0.5,-0.29771,180,0,0,790864
0,24,1,0.5,-0.29447,180,0,0,790883
0,25,2,0.5,-0.291095,180,0,0,790900
0,26,2,0.5,-0.287585,180,0,0,790918
0,30,3,0.5,-0.283535,180,0,0,790931
0,29,4,0.5,-0.27962,180,0,0,790949
0,28,5,0.5,-0.27584,180,0,0,790965
0,28,6,0.5,-0.27206,180,0,0,790982
0,27,6,0.5,-0.268415,180,0,0,790999
0,27,6,0.5,-0.26477,180,0,0,791015
0,29,4,0.5,-0.260855,180,0,0,791034
0,31,4,0.5,-0.25667,180,0,0,791048
0,32,4,0.5,-0.25235,180,0,0,791064
0,33,3,0.5,-0.247895,180,0,0,791083
0,60,6,0.5,-0.239795,180,0,0,791102
0,0,0,0.5,-0.239795,180,0,0,791114
0,30,1,0.5,-0.235745,180,0,0,791132
0,56,0,0.5,-0.228185,180,0,0,791151
0,28,1,0.5,-0.224405,180,0,0,791164
0,29,3,0.5,-0.22049,180,0,0,791181
0,30,3,0.5,-0.21644,180,0,0,791198
0,27,2,0.5,-0.212795,180,0,0,791215
0,24,2,0.5,-0.209555,180,0,0,791231
0,22,2,0.5,-0.206585,180,0,0,791247
0,20,3,0.5,-0.203885,180,0,0,791264
0,19,4,0.5,-0.20132,180,0,0,791281
0,19,4,0.5,-0.198755,180,0,0,791298
0,21,4,0.5,-0.19592,180,0,0,791318
0,23,4,0.5,-0.192815,180,0,0,791332
0,26,4,0.5,-0.189305,180,0,0,791348
0,30,4,0.5,-0.185255,180,0,0,791364
0,30,3,0.5,-0.181205,180,0,0,791382
0,35,2,0.5,-0.17648,180,0,0,791399
0,34,0,0.5,-0.17189,180,0,0,791413
0,34,0,0.5,-0.1673,180,0,0,791430
0,31,0,0.5,-0.163115,180,0,0,791448
0,29,0,0.5,-0.1592,180,0,0,791464
0,29,0,0.5,-0.155285,180,0,0,791481
0,29,0,0.5,-0.15137,180,0,0,791498
0,30,2,0.5,-0.14732,180,0,0,791514
0,30,2,0.5,-0.14327,180,0,0,791531
0,55,4,0.5,-0.135845,180,0,0,791547
0,26,4,0.5,-0.132335,180,0,0,791570
0,25,4,0.5,-0.12896,180,0,0,791581
0,26,5,0.5,-0.12545,180,0,0,791599
0,29,5,0.5,-0.121535,180,0,0,791617
0,31,4,0.5,-0.11735,180,0,0,791633
0,34,4,0.5,-0.11276,180,0,0,791650
0,34,4,0.5,-0.10817,180,0,0,791670
0,33,4,0.5,-0.103715,180,0,0,791688
0,33,3,0.5,-0.09926,180,0,0,791697
0,32,0,0.5,-0.09494,180,0,0,791713
0,28,0,0.5,-0.09116,180,0,0,791730
0,25,0,0.5,-0.087785,180,0,0,791750
0,25,0,0.5,-0.08441,180,0,0,791763
0,24,0,0.5,-0.08117,180,0,0,791780
0,25,1,0.5,-0.077795,180,0,0,791799
0,25,2,0.5,-0.07442,180,0,0,791817
0,24,1,0.5,-0.07118,180,0,0,791831
0,24,0,0.5,-0.06794,180,0,0,791847
0,22,2,0.5,-0.06497,180,0,0,791864
0,20,3,0.5,-0.06227,180,0,0,791881
0,18,4,0.5,-0.05984,180,0,0,791902
0,36,9,0.5,-0.05498,180,0,0,791918
0,0,0,0.5,-0.05498,180,0,0,791930
0,38,10,0.5,-0.04985,180,0,0,791951
0,21,5,0.5,-0.047015,180,0,0,791964
0,26,4,0.5,-0.043505,180,0,0,791982
0,28,3,0.5,-0.039725,180,0,0,791998
0,31,1,0.5,-0.03554,180,0,0,792018
0,30,0,0.5,-0.03149,180,0,0,792030
0,30,0,0.5,-0.02744,180,0,0,792047
0,25,-1,0.5,-0.024065,180,0,0,792064
0,21,-2,0.5,-0.02123,180,0,0,792080
0,18,-2,0.5,-0.0188,180,0,0,792099
0,17,-2,0.5,-0.016505,180,0,0,792115
0,18,-3,0.5,-0.014075,180,0,0,792134
0,17,-3,0.5,-0.01178,180,0,0,792150
0,19,-2,0.5,-0.009215,180,0,0,792165
0,21,-1,0.5,-0.00638,180,0,0,792181
0,22,0,0.5,-0.00341,180,0,0,792197
0,23,0,0.5,-0.000305,180,0,0,792214
0,22,2,0.5,0.002665,180,0,0,792236
0,22,3,0.5,0.005635,180,0,0,792250
0,23,3,0.5,0.00874,180,0,0,792264
0,24,3,0.5,0.01198,180,0,0,792282
0,24,3,0.5,0.01522,180,0,0,792300
0,25,3,0.5,0.018595,180,0,0,792316
0,54,4,0.5,0.025885,180,0,0,792332
0,0,2,0.5,0.025885,180,0,0,792348
0,53,3,0.5,0.03304,180,0,0,792365
0,26,0,0.5,0.03655,180,0,0,792380
0,25,0,0.5,0.039925,180,0,0,792401
0,24,-1,0.5,0.043165,180,0,0,792418
0,23,-1,0.5,0.04627,180,0,0,792432
0,21,-1,0.5,0.049105,180,0,0,792447
0,21,0,0.5,0.05194,180,0,0,792464
0,21,0,0.5,0.054775,180,0,0,792481
0,19,0,0.5,0.05734,180,0,0,792498
0,18,-1,0.5,0.05977,180,0,0,792513
0,17,0,0.5,0.062065,180,0,0,792531
0,15,2,0.5,0.06409,180,0,0,792548
0,13,3,0.5,0.065845,180,0,0,792564
0,10,5,0.5,0.067195,180,0,0,792590
0,9,4,0.5,0.06841,180,0,0,792601
0,10,3,0.5,0.06976,180,0,0,792615
0,14,2,0.5,0.07165,180,0,0,792630
0,18,1,0.5,0.07408,180,0,0,792647
0,22,0,0.5,0.07705,180,0,0,792663
0,25,0,0.5,0.080425,180,0,0,792681
0,29,-1,0.5,0.08434,180,0,0,792697
0,29,-2,0.5,0.088255,180,0,0,792714
0,27,-1,0.5,0.0919,180,0,0,792730
0,25,0,0.5,0.095275,180,0,0,792747
0,42,0,0.5,0.100945,180,0,0,792766
0,19,0,0.5,0.10351,180,0,0,792782
0,16,-2,0.5,0.10567,180,0,0,792799
0,14,-2,0.5,0.10756,180,0,0,792814
0,15,-4,0.5,0.109585,180,0,0,792832
0,11,-3,0.5,0.11107,180,0,0,792850
0,10,-3,0.5,0.11242,180,0,0,792867
0,11,-4,0.5,0.113905,180,0,0,792885
0,13,-3,0.5,0.11566,180,0,0,792898
0,17,-2,0.5,0.117955,180,0,0,792914
0,21,0,0.5,0.12079,180,0,0,792930
0,23,0,0.5,0.123895,180,0,0,792947
0,26,0,0.5,0.127405,180,0,0,792967
0,26,2,0.5,0.130915,180,0,0,792984
0,23,3,0.5,0.13402,180,0,0,792999
0,20,3,0.5,0.13672,180,0,0,793015
0,17,4,0.5,0.139015,180,0,0,793032
0,17,6,0.5,0.14131,180,0,0,793049
0,35,10,0.5,0.146035,180,0,0,793071
0,0,0,0.5,0.146035,180,0,0,793082
0,19,3,0.5,0.1486,180,0,0,793099
0,21,1,0.5,0.151435,180,0,0,793114
0,39,0,0.5,0.1567,180,0,0,793131
0,0,-1,0.5,0.1567,180,0,0,793150
0,37,-4,0.5,0.161695,180,0,0,793166
0,19,-2,0.5,0.16426,180,0,0,793181
0,22,-1,0.5,0.16723,180,0,0,793200
0,23,0,0.5,0.170335,180,0,0,793218
0,24,0,0.5,0.173575,180,0,0,793233
0,24,0,0.5,0.176815,180,0,0,793248
0,24,0,0.5,0.180055,180,0,0,793264
0,20,1,0.5,0.182755,180,0,0,793282
0,13,2,0.5,0.18451,180,0,0,793299
0,9,3,0.5,0.185725,180,0,0,793316
0,6,3,0.5,0.186535,180,0,31,793334
0,2,3,0.5,0.186805,180,0,31,793348
0,0,1,0.5,0.186805,180,0,31,793365
0,0,0,0.5,0.186805,180,0,31,793381
0,-3,0,0.5,0.1864,180,0,0,793399
0,0,0,0.5,0.1864,180,0,0,793417
0,5,-1,0.5,0.187075,180,0,0,793436
0,10,0,0.5,0.188425,180,0,0,793447
0,14,0,0.5,0.190315,180,0,0,793468
0,18,1,0.5,0.192745,180,0,0,793481
0,38,2,0.5,0.197875,180,0,0,793500
0,0,0,0.5,0.197875,180,0,0,793514
0,51,0,0.5,0.20476,180,0,0,793532
0,31,0,0.5,0.208945,180,0,0,793551
0,33,0,0.5,0.2134,180,0,0,793565
0,35,0,0.5,0.218125,180,0,0,793581
0,34,0,0.5,0.222715,180,0,0,793598
0,31,0,0.5,0.2269,180,0,0,793615
0,27,0,0.5,0.230545,180,0,0,793633
0,23,1,0.5,0.23365,180,0,0,793648
0,15,0,0.5,0.235675,180,0,0,793664
0,10,0,0.5,0.237025,180,0,0,793685
0,9,-1,0.5,0.23824,180,0,0,793699
0,8,-1,0.5,0.23932,180,0,0,793715
0,8,-1,0.5,0.2404,180,0,0,793733
0,10,0,0.5,0.24175,180,0,0,793752
0,11,0,0.5,0.243235,180,0,31,793765
0,12,0,0.5,0.244855,180,0,31,793781
0,13,0,0.5,0.24661,180,0,31,793799
0,12,1,0.5,0.24823,180,0,0,793818
0,12,1,0.5,0.24985,180,0,0,793833
0,12,1,0.5,0.25147,180,0,0,793849
0,11,2,0.5,0.252955,180,0,0,793865
0,11,2,0.5,0.25444,180,0,0,793882
0,20,4,0.5,0.25714,180,0,0,793901
0,9,2,0.5,0.258355,180,1,31,793919
0,10,3,0.5,0.259705,180,1,31,793939
0,10,1,0.5,0.261055,180,1,31,793953
0,13,2,0.5,0.26281,180,0,31,793970
0,16,1,0.5,0.26497,180,0,0,793983
0,18,1,0.5,0.2674,180,0,0,794001
0,23,1,0.5,0.270505,180,0,0,794017
0,23,0,0.5,0.27361,180,0,0,794035
0,20,0,0.5,0.27631,180,0,0,794049
0,18,0,0.5,0.27874,180,0,0,794067
0,13,0,0.5,0.280495,180,0,0,794083
0,9,0,0.5,0.28171,180,0,0,794100
0,3,2,0.5,0.282115,180,0,0,794121
0,-1,3,0.5,0.28198,180,0,0,794134
0,-4,3,0.5,0.28144,180,0,0,794150
0,-4,2,0.5,0.2809,180,0,31,794167
0,-7,2,0.5,0.279955,180,0,0,794184
0,-4,1,0.5,0.279415,180,0,0,794207
0,-4,1,0.5,0.278875,180,0,0,794217
0,-2,0,0.5,0.278605,180,0,0,794233
0,-1,0,0.5,0.27847,180,0,31,794250
0,0,0,0.5,0.27847,180,0,31,794268
0,4,2,0.5,0.27901,180,0,31,794288
0,4,1,0.5,0.27955,180,0,0,794301
0,4,0,0.5,0.28009,180,0,0,794317
0,5,1,0.5,0.280765,180,0,0,794332
0,4,1,0.5,0.281305,180,0,31,794350
0,5,1,0.5,0.28198,180,0,31,794371
0,5,1,0.5,0.282655,180,0,31,794383
0,6,1,0.5,0.283465,180,0,31,794400
0,5,1,0.5,0.28414,180,0,0,794419
0,7,1,0.5,0.285085,180,0,0,794437
0,7,0,0.5,0.28603,180,0,0,794452
0,7,1,0.5,0.286975,180,0,0,794468
0,6,0,0.5,0.287785,180,0,0,794484
0,8,1,0.5,0.288865,180,0,31,794502
0,10,0,0.5,0.290215,180,0,31,794518
0,13,0,0.5,0.29197,180,0,31,794534
0,15,0,0.5,0.293995,180,0,31,794550
0,39,0,0.5,0.29926,180,0,0,794574
0,0,0,0.5,0.29926,180,0,0,794584
0,21,0,0.5,0.302095,180,0,0,794600
0,44,1,0.5,0.308035,180,0,0,794623
0,0,0,0.5,0.308035,180,0,0,794635
0,40,2,0.5,0.313435,180,0,0,794651
0,0,2,0.5,0.313435,180,0,0,794668
0,41,6,0.5,0.31897,180,0,0,794692
0,21,3,0.5,0.321805,180,0,0,794703
0,18,2,0.5,0.324235,180,0,0,794718
0,17,1,0.5,0.32653,180,0,0,794733
0,15,0,0.5,0.328555,180,0,0,794752
0,15,-2,0.5,0.33058,180,0,0,794773
0,13,-2,0.5,0.332335,180,0,0,794790
0,13,-3,0.5,0.33409,180,0,0,794803
0,14,-3,0.5,0.33598,180,0,0,794819
0,17,-2,0.5,0.338275,180,0,0,794835
0,19,-1,0.5,0.34084,180,0,0,794854
0,19,-1,0.5,0.343405,180,0,0,794871
0,19,0,0.5,0.34597,180,0,0,794887
0,18,-1,0.5,0.3484,180,0,0,794901
0,18,-2,0.5,0.35083,180,0,0,794918
0,18,-2,0.5,0.35326,180,0,0,794937
0,17,-2,0.5,0.355555,180,0,0,794952
0,19,-1,0.5,0.35812,180,0,0,794970
0,18,0,0.5,0.36055,180,0,0,794987
0,20,1,0.5,0.36325,180,0,0,795001
0,18,3,0.5,0.36568,180,0,0,795020
0,33,8,0.5,0.370135,180,0,0,795038
0,15,3,0.5,0.37216,180,0,0,795053
0,14,1,0.5,0.37405,180,0,0,795071
0,16,0,0.5,0.37621,180,0,0,795091
0,17,-1,0.5,0.378505,180,0,0,795103
0,20,-1,0.5,0.381205,180,0,0,795119
0,22,-2,0.5,0.384175,180,0,0,795136
0,25,-2,0.5,0.38755,180,0,0,795153
0,26,-2,0.5,0.39106,180,0,0,795171
0,28,-1,0.5,0.39484,180,0,0,795191
0,27,0,0.5,0.398485,180,0,0,795202
0,24,0,0.5,0.401725,180,0,0,795218
0,20,0,0.5,0.404425,180,0,0,795234
0,19,0,0.5,0.40699,180,0,0,795251
0,18,0,0.5,0.40942,180,0,0,795273
0,17,0,0.5,0.411715,180,0,0,795291
0,15,0,0.5,0.41374,180,0,0,795304
0,13,1,0.5,0.415495,180,0,0,795318
0,11,3,0.5,0.41698,180,0,0,795338
0,9,4,0.5,0.418195,180,0,0,795352
0,8,4,0.5,0.419275,180,0,0,795369
0,8,4,0.5,0.420355,180,0,0,795389
0,16,4,0.5,0.422515,180,0,0,795410
0,8,1,0.5,0.423595,180,0,0,795421
0,0,0,0.5,0.423595,180,0,0,795434
0,19,1,0.5,0.42616,180,0,0,795457
0,9,1,0.5,0.427375,180,0,0,795471
0,9,1,0.5,0.42859,180,0,0,795485
0,9,1,0.5,0.429805,180,0,0,795503
0,10,1,0.5,0.431155,180,0,0,795523
0,11,1,0.5,0.43264,180,0,0,795536
0,13,1,0.5,0.434395,180,0,0,795553
0,12,2,0.5,0.436015,180,0,0,795570
0,12,3,0.5,0.437635,180,0,0,795590
0,12,4,0.5,0.439255,180,0,0,795607
0,14,4,0.5,0.441145,180,0,0,795622
0,16,4,0.5,0.443305,180,0,0,795636
0,18,4,0.5,0.445735,180,0,0,795655
0,17,3,0.5,0.44803,180,0,0,795670
0,18,2,0.5,0.45046,180,0,0,795687
0,18,2,0.5,0.45289,180,0,0,795705
0,19,1,0.5,0.455455,180,0,0,795719
0,20,1,0.5,0.458155,180,0,0,795735
0,18,0,0.5,0.460585,180,0,0,795753
0,29,2,0.5,0.4645,180,0,0,795772
0,0,0,0.5,0.4645,180,0,0,795787
0,9,2,0.5,0.465715,180,0,0,795803
0,12,9,0.5,0.467335,180,0,0,795823
0,3,4,0.5,0.46774,180,0,0,795838
0,2,6,0.5,0.46801,180,0,0,795855
0,1,5,0.5,0.468145,180,0,0,795873
0,2,5,0.5,0.468415,180,0,0,795890
0,3,5,0.5,0.46882,180,0,0,795904
0,6,4,0.5,0.46963,180,0,0,795922
0,7,4,0.5,0.470575,180,0,0,795938
0,9,4,0.5,0.47179,180,0,0,795953
0,11,3,0.5,0.473275,180,0,0,795972
0,13,3,0.5,0.47503,180,0,0,795989
0,15,3,0.5,0.477055,180,0,0,796003
0,15,3,0.5,0.47908,180,0,0,796020
0,15,3,0.5,0.481105,180,0,0,796037
0,38,8,0.5,0.486235,180,0,0,796061
0,0,0,0.5,0.486235,180,0,0,796069
0,20,3,0.5,0.488935,180,0,0,796087
0,21,3,0.5,0.49177,180,0,0,796104
0,44,6,0.5,0.49771,180,0,0,796126
0,25,4,0.5,0.501085,180,0,0,796143
0,0,0,0.5,0.501085,180,0,0,796154
0,24,3,0.5,0.504325,180,0,0,796173
0,25,3,0.5,0.5077,180,0,0,796189
0,42,3,0.5,0.51337,180,0,0,796210
0,17,2,0.5,0.515665,180,0,0,796220
0,15,2,0.5,0.51769,180,0,0,796238
0,13,4,0.5,0.519445,180,0,0,796254
0,10,5,0.5,0.520795,180,0,0,796276
0,9,5,0.5,0.52201,180,0,0,796289
0,7,6,0.5,0.522955,180,0,0,796305
0,7,6,0.5,0.5239,180,0,0,796322
0,5,7,0.5,0.524575,180,0,0,796339
0,6,7,0.5,0.525385,180,0,0,796361
0,9,6,0.5,0.5266,180,0,0,796375
0,13,6,0.5,0.528355,180,0,0,796390
0,16,4,0.5,0.530515,180,0,0,796406
0,19,3,0.5,0.53308,180,0,0,796424
0,22,3,0.5,0.53605,180,0,0,796445
0,21,2,0.5,0.538885,180,0,0,796455
0,21,2,0.5,0.54172,180,0,0,796471
0,20,1,0.5,0.54442,180,0,0,796489
0,19,1,0.5,0.546985,180,0,0,796506
0,16,1,0.5,0.549145,180,0,0,796524
0,15,3,0.5,0.55117,180,0,0,796539
0,16,3,0.5,0.55333,180,0,0,796555
0,34,6,0.5,0.55792,180,0,0,796576
0,0,0,0.5,0.55792,180,0,0,796588
0,38,8,0.5,0.56305,180,0,0,796609
0,21,3,0.5,0.565885,180,0,0,796622
0,19,3,0.5,0.56845,180,0,0,796639
0,19,3,0.5,0.571015,180,0,0,796656
0,16,4,0.5,0.573175,180,0,0,796671
0,14,4,0.5,0.575065,180,0,0,796691
0,12,6,0.5,0.576685,180,0,0,796706
0,9,7,0.5,0.5779,180,0,0,796725
0,8,8,0.5,0.57898,180,0,0,796747
0,5,8,0.5,0.579655,180,0,0,796758
0,6,9,0.5,0.580465,180,0,0,796773
0,6,10,0.5,0.581275,180,0,0,796791
0,9,8,0.5,0.58249,180,0,0,796810
0,11,7,0.5,0.583975,180,0,0,796825
0,13,6,0.5,0.58573,180,0,0,796839
0,15,5,0.5,0.587755,180,0,0,796856
0,15,4,0.5,0.58978,180,0,0,796872
0,18,4,0.5,0.59221,180,0,0,796890
0,18,4,0.5,0.59464,180,0,0,796906
0,41,7,0.5,0.600175,180,0,0,796927
0,0,0,0.5,0.600175,180,0,0,796938
0,42,5,0.5,0.605845,180,0,0,796961
0,21,11,0.5,0.60868,180,0,0,796976
0,20,6,0.5,0.61138,180,0,0,796991
0,16,4,0.5,0.61354,180,0,0,797007
0,15,4,0.5,0.615565,180,0,0,797028
0,12,3,0.5,0.617185,180,0,0,797040
0,10,4,0.5,0.618535,180,0,0,797056
0,7,5,0.5,0.61948,180,0,0,797074
0,5,7,0.5,0.620155,180,0,0,797093
0,2,7,0.5,0.620425,180,0,0,797110
0,-1,8,0.5,0.62029,180,0,0,797129
0,-2,8,0.5,0.62002,180,0,0,797142
0,-4,8,0.5,0.61948,180,0,0,797162
0,-3,8,0.5,0.619075,180,0,0,797174
0,0,7,0.5,0.619075,180,0,0,797192
0,5,6,0.5,0.61975,180,0,0,797210
0,7,5,0.5,0.620695,180,0,0,797228
0,10,5,0.5,0.622045,180,0,0,797242
0,13,6,0.5,0.6238,180,0,0,797261
0,15,5,0.5,0.625825,180,0,0,797274
0,16,5,0.5,0.627985,180,0,0,797293
0,33,12,0.5,0.63244,180,0,0,797316
0,18,6,0.5,0.63487,180,0,0,797330
0,18,6,0.5,0.6373,180,0,0,797343
0,17,6,0.5,0.639595,180,0,0,797360
0,17,5,0.5,0.64189,180,0,0,797374
0,14,5,0.5,0.64378,180,0,0,797394
0,12,5,0.5,0.6454,180,0,0,797412
0,10,6,0.5,0.64675,180,0,0,797424
0,5,7,0.5,0.647425,180,0,0,797444
0,2,8,0.5,0.647695,180,0,0,797461
0,-1,8,0.5,0.64756,180,0,0,797476
0,-3,9,0.5,0.647155,180,0,0,797493
0,-2,9,0.5,0.646885,180,0,0,797510
0,0,9,0.5,0.646885,180,0,0,797528
0,0,9,0.5,0.646885,180,0,0,797542
0,5,9,0.5,0.64756,180,0,0,797565
0,7,8,0.5,0.648505,180,0,0,797579
0,8,7,0.5,0.649585,180,0,0,797593
0,9,6,0.5,0.6508,180,0,0,797609
0,10,6,0.5,0.65215,180,0,0,797624
0,8,5,0.5,0.65323,180,0,0,797641
0,6,4,0.5,0.65404,180,0,0,797658
0,5,4,0.5,0.654715,180,0,0,797679
0,-4,1,0.5,0.654175,180,0,0,797697
0,-7,0,0.5,0.65323,180,0,0,797710
0,0,0,0.5,0.65323,180,0,0,797723
0,-20,0,0.5,0.65053,180,0,0,797740
0,-9,0,0.5,0.649315,180,0,0,797758
0,-9,1,0.5,0.6481,180,0,0,797773
0,-7,3,0.5,0.647155,180,0,0,797797
0,-3,3,0.5,0.64675,180,0,0,797812
0,-1,4,0.5,0.646615,180,0,0,797825
0,1,5,0.5,0.64675,180,0,0,797842
0,4,4,0.5,0.64729,180,0,0,797859
0,6,5,0.5,0.6481,180,0,0,797879
0,8,6,0.5,0.64918,180,0,0,797895
0,5,7,0.5,0.649855,180,0,0,797909
0,4,9,0.5,0.650395,180,0,0,797930
0,1,9,0.5,0.65053,180,0,0,797943
0,-1,9,0.5,0.650395,180,0,0,797961
0,0,9,0.5,0.650395,180,0,0,797979
0,0,8,0.5,0.650395,180,0,0,797999
0,2,7,0.5,0.650665,180,0,0,798014
0,3,5,0.5,0.65107,180,0,0,798027
0,4,5,0.5,0.65161,180,0,0,798041
0,6,3,0.5,0.65242,180,0,0,798063
0,14,3,0.5,0.65431,180,0,0,798081
0,0,0,0.5,0.65431,180,0,0,798092
0,20,0,0.5,0.65701,180,0,0,798110
0,13,0,0.5,0.658765,180,0,0,798123
0,17,0,0.5,0.66106,180,0,0,798143
0,19,0,0.5,0.663625,180,0,0,798158
0,19,0,0.5,0.66619,180,0,0,798173
0,20,0,0.5,0.66889,180,0,0,798191
0,17,0,0.5,0.671185,180,0,0,798208
0,13,0,0.5,0.67294,180,0,0,798223
0,12,0,0.5,0.67456,180,0,0,798240
0,10,1,0.5,0.67591,180,0,0,798258
0,10,3,0.5,0.67726,180,0,0,798275
0,9,4,0.5,0.678475,180,0,0,798293
0,10,5,0.5,0.679825,180,0,0,798315
0,11,7,0.5,0.68131,180,0,0,798330
0,11,7,0.5,0.682795,180,0,0,798343
0,13,8,0.5,0.68455,180,0,0,798360
0,12,8,0.5,0.68617,180,0,0,798377
0,13,8,0.5,0.687925,180,0,0,798394
0,13,6,0.5,0.68968,180,0,0,798415
0,15,7,0.5,0.691705,180,0,0,798433
0,16,5,0.5,0.693865,180,0,0,798444
0,35,9,0.5,0.69859,180,0,0,798463
0,0,0,0.5,0.69859,180,0,0,798474
0,35,8,0.5,0.703315,180,0,0,798497
0,15,4,0.5,0.70534,180,0,0,798513
0,15,3,0.5,0.707365,180,0,0,798527
0,14,4,0.5,0.709255,180,0,0,798542
0,14,6,0.5,0.71,180,0,0,798563
