0,0,0,0.5,-0.71,180,0,0,16147
-17,-1,0,0.5,-0.71,180,0,0,17867
0,0,0,0.5,-0.71,180,0,0,17873
0,0,0,0.5,-0.71,180,0,0,17883
0,0,0,0.5,-0.71,180,0,0,17899
0,0,0,0.5,-0.71,180,0,0,17916
0,0,0,0.5,-0.71,180,0,0,17933
0,0,0,0.5,-0.71,180,0,0,17949
0,0,0,0.5,-0.71,180,0,0,17967
0,0,0,0.5,-0.71,180,0,0,17983
0,0,0,0.5,-0.71,180,0,0,17999
0,0,0,0.5,-0.71,180,0,0,18017
0,0,0,0.5,-0.71,180,0,0,18033
0,0,0,0.5,-0.71,180,0,0,18049
0,0,0,0.5,-0.71,180,0,0,18066
0,0,0,0.5,-0.71,180,0,0,18082
0,0,0,0.5,-0.71,180,0,0,18099
0,0,0,0.5,-0.71,180,0,0,18116
0,0,0,0.5,-0.71,180,0,0,18132
0,0,0,0.5,-0.71,180,0,0,18149
0,0,0,0.5,-0.71,180,0,0,18166
0,0,0,0.5,-0.71,180,0,0,18183
0,0,0,0.5,-0.71,180,0,0,18199
0,0,0,0.5,-0.71,180,0,0,18216
0,0,0,0.5,-0.71,180,0,0,18232
0,0,0,0.5,-0.71,180,0,0,18249
0,0,0,0.5,-0.71,180,0,0,18266
0,0,0,0.5,-0.71,180,0,0,18282
0,0,0,0.5,-0.71,180,0,0,18299
0,0,0,0.5,-0.71,180,0,0,18316
0,0,0,0.5,-0.71,180,0,0,18333
0,0,0,0.5,-0.71,180,0,0,18349
0,0,0,0.5,-0.71,180,0,0,18366
0,0,0,0.5,-0.71,180,0,0,18382
0,0,0,0.5,-0.71,180,0,0,18399
0,0,0,0.5,-0.71,180,0,0,18416
0,0,0,0.5,-0.71,180,0,0,18433
0,0,0,0.5,-0.71,180,0,0,18449
0,0,0,0.5,-0.71,180,0,0,18466
0,0,0,0.5,-0.71,180,0,0,18482
0,0,0,0.5,-0.71,180,0,0,18499
0,0,0,0.5,-0.71,180,0,0,18516
0,0,0,0.5,-0.71,180,0,0,18533
0,0,0,0.5,-0.71,180,0,0,18549
0,0,0,0.5,-0.71,180,0,0,18566
0,0,0,0.5,-0.71,180,0,0,18583
0,0,0,0.5,-0.71,180,0,0,18599
0,0,0,0.5,-0.71,180,0,0,18616
0,0,0,0.5,-0.71,180,0,0,18633
0,0,0,0.5,-0.71,180,0,0,18649
0,0,0,0.5,-0.71,180,0,0,18666
0,0,0,0.5,-0.71,180,0,0,18683
0,0,0,0.5,-0.71,180,0,0,18700
0,0,0,0.5,-0.71,180,0,0,18716
0,0,0,0.5,-0.71,180,0,0,18733
0,0,0,0.5,-0.71,180,0,0,18750
0,0,0,0.5,-0.71,180,0,0,18766
0,0,0,0.5,-0.71,180,0,0,18783
0,0,0,0.5,-0.71,180,0,0,18800
0,0,0,0.5,-0.71,180,0,0,18816
0,0,0,0.5,-0.71,180,0,0,18833
0,0,0,0.5,-0.71,180,0,0,18849
0,0,0,0.5,-0.71,180,0,0,18866
0,0,0,0.5,-0.71,180,0,0,18883
0,0,0,0.5,-0.71,180,0,0,18899
0,0,0,0.5,-0.71,180,0,0,18916
0,0,0,0.5,-0.71,180,0,0,18933
0,0,0,0.5,-0.71,180,0,0,18949
0,0,0,0.5,-0.71,180,0,0,18967
0,0,0,0.5,-0.71,180,0,0,18982
0,0,0,0.5,-0.71,180,0,0,18999
0,0,0,0.5,-0.71,180,0,0,19016
0,0,0,0.5,-0.71,180,0,0,19032
0,0,0,0.5,-0.71,180,0,0,19049
0,0,0,0.5,-0.71,180,0,0,19066
0,0,0,0.5,-0.71,180,0,0,19082
0,0,0,0.5,-0.71,180,0,0,19099
0,0,0,0.5,-0.71,180,0,0,19116
0,0,0,0.5,-0.71,180,0,0,19133
0,0,0,0.5,-0.71,180,0,0,19149
0,0,0,0.5,-0.71,180,0,0,19166
0,0,0,0.5,-0.71,180,0,0,19182
0,0,0,0.5,-0.71,180,0,0,19200
0,0,0,0.5,-0.71,180,0,0,19216
0,0,0,0.5,-0.71,180,0,0,19232
0,0,0,0.5,-0.71,180,0,0,19249
0,0,0,0.5,-0.71,180,0,0,19266
0,0,0,0.5,-0.71,180,0,0,19282
0,0,0,0.5,-0.71,180,0,0,19299
0,0,0,0.5,-0.71,180,0,0,19316
0,0,0,0.5,-0.71,180,0,0,19332
0,0,0,0.5,-0.71,180,0,0,19349
0,0,0,0.5,-0.71,180,0,0,19366
0,0,0,0.5,-0.71,180,0,0,19383
0,0,0,0.5,-0.71,180,0,0,19399
0,0,0,0.5,-0.71,180,0,0,19416
0,0,0,0.5,-0.71,180,0,0,19432
0,0,0,0.5,-0.71,180,0,0,19449
0,0,0,0.5,-0.71,180,0,0,19466
0,0,0,0.5,-0.71,180,0,0,19482
0,0,0,0.5,-0.71,180,0,0,19499
0,0,0,0.5,-0.71,180,0,0,19516
0,0,0,0.5,-0.71,180,0,0,19533
0,0,0,0.5,-0.71,180,0,0,19550
0,0,0,0.5,-0.71,180,0,0,19566
0,0,0,0.5,-0.71,180,0,0,19583
0,0,0,0.5,-0.71,180,0,0,19599
0,0,0,0.5,-0.71,180,0,0,19708
0,0,0,0.5,-0.71,180,0,0,19712
0,0,0,0.5,-0.71,180,0,0,19724
0,0,0,0.5,-0.71,180,0,0,19742
0,0,0,0.5,-0.71,180,0,0,19758
0,0,0,0.5,-0.71,180,0,0,19775
0,0,0,0.5,-0.71,180,0,0,19791
0,0,0,0.5,-0.71,180,0,0,19808
0,0,0,0.5,-0.71,180,0,0,19825
0,0,0,0.5,-0.71,180,0,0,19841
0,0,0,0.5,-0.71,180,0,0,19858
0,0,0,0.5,-0.71,180,0,0,19875
0,0,0,0.5,-0.71,180,0,0,19892
0,0,0,0.5,-0.71,180,0,0,19908
0,0,0,0.5,-0.71,180,0,0,19925
0,0,0,0.5,-0.71,180,0,0,19941
0,0,0,0.5,-0.71,180,0,0,19958
0,0,0,0.5,-0.71,180,0,0,19975
0,0,0,0.5,-0.71,180,0,0,19991
0,0,0,0.5,-0.71,180,0,0,20008
0,0,0,0.5,-0.71,180,0,0,20025
0,0,0,0.5,-0.71,180,0,0,20041
0,0,0,0.5,-0.71,180,0,0,20058
0,0,0,0.5,-0.71,180,0,0,20075
0,0,0,0.5,-0.71,180,0,0,20091
0,0,0,0.5,-0.71,180,0,0,20108
0,0,0,0.5,-0.71,180,0,0,20125
0,0,0,0.5,-0.71,180,0,0,20141
0,0,0,0.5,-0.71,180,0,0,20158
0,0,0,0.5,-0.71,180,0,0,20175
0,0,0,0.5,-0.71,180,0,0,20191
0,0,0,0.5,-0.71,180,0,0,20208
0,0,0,0.5,-0.71,180,0,0,20225
0,0,0,0.5,-0.71,180,0,0,20241
0,0,0,0.5,-0.71,180,0,0,20258
0,0,0,0.5,-0.71,180,0,0,20275
0,0,0,0.5,-0.71,180,0,0,20291
0,0,0,0.5,-0.71,180,0,0,20308
0,0,0,0.5,-0.71,180,0,0,20325
0,0,0,0.5,-0.71,180,0,0,20341
0,0,0,0.5,-0.71,180,0,0,20358
0,0,0,0.5,-0.71,180,0,0,20375
0,0,0,0.5,-0.71,180,0,0,20391
0,0,0,0.5,-0.71,180,0,0,20409
0,0,0,0.5,-0.71,180,0,0,20425
0,0,0,0.5,-0.71,180,0,0,20443
0,0,0,0.5,-0.71,180,0,0,20458
0,0,0,0.5,-0.71,180,0,0,20475
0,0,0,0.5,-0.71,180,0,0,20491
0,0,0,0.5,-0.71,180,0,0,20508
0,0,0,0.5,-0.71,180,0,0,20525
0,0,0,0.5,-0.71,180,0,0,20541
0,0,0,0.5,-0.71,180,0,0,20558
0,0,0,0.5,-0.71,180,0,0,20575
0,0,0,0.5,-0.71,180,0,0,20591
0,0,0,0.5,-0.71,180,0,0,20608
0,0,0,0.5,-0.71,180,0,0,20641
0,0,0,0.5,-0.71,180,0,0,20645
0,0,0,0.5,-0.71,180,0,0,20860
0,11,-6,0.5,-0.708515,180,0,0,20868
0,0,0,0.5,-0.708515,180,0,0,20875
0,12,-7,0.5,-0.706895,180,0,0,20894
0,14,-7,0.5,-0.705005,180,0,0,20911
0,15,-7,0.5,-0.70298,180,0,0,20928
0,14,-6,0.5,-0.70109,180,0,0,20944
0,13,-5,0.5,-0.699335,180,0,0,20961
0,10,-3,0.5,-0.697985,180,0,0,20977
0,13,-4,0.5,-0.69623,180,0,0,20994
0,6,-3,0.5,-0.69542,180,0,0,21011
0,7,-3,0.5,-0.694475,180,0,0,21027
0,10,-4,0.5,-0.693125,180,0,0,21043
0,12,-4,0.5,-0.691505,180,0,0,21060
0,15,-5,0.5,-0.68948,180,0,0,21078
0,17,-5,0.5,-0.687185,180,0,0,21094
0,19,-5,0.5,-0.68462,180,0,0,21112
0,22,-4,0.5,-0.68165,180,0,0,21128
0,25,-4,0.5,-0.678275,180,0,0,21145
0,26,-4,0.5,-0.674765,180,0,0,21162
0,27,-3,0.5,-0.67112,180,0,0,21177
0,25,-4,0.5,-0.667745,180,0,0,21196
0,22,-4,0.5,-0.664775,180,0,0,21211
0,18,-4,0.5,-0.662345,180,0,0,21228
0,12,-3,0.5,-0.660725,180,0,0,21243
0,9,-3,0.5,-0.65951,180,0,0,21263
0,3,-1,0.5,-0.659105,180,0,0,21276
0,3,0,0.5,-0.6587,180,0,0,21292
0,5,-1,0.5,-0.658025,180,0,0,21309
0,6,-1,0.5,-0.657215,180,0,0,21326
0,9,-3,0.5,-0.656,180,0,0,21343
0,11,-5,0.5,-0.654515,180,0,0,21361
0,11,-5,0.5,-0.65303,180,0,0,21377
0,26,-15,0.5,-0.64952,180,0,0,21400
0,13,-9,0.5,-0.647765,180,0,0,21411
0,14,-10,0.5,-0.645875,180,0,0,21429
0,14,-10,0.5,-0.643985,180,0,0,21449
0,14,-11,0.5,-0.642095,180,0,0,21463
0,13,-11,0.5,-0.64034,180,0,0,21478
0,14,-10,0.5,-0.63845,180,0,0,21495
0,14,-10,0.5,-0.63656,180,0,0,21511
0,14,-9,0.5,-0.63467,180,0,0,21528
0,16,-8,0.5,-0.63251,180,0,0,21545
0,16,-6,0.5,-0.63035,180,0,0,21561
0,16,-6,0.5,-0.62819,180,0,0,21577
0,14,-5,0.5,-0.6263,180,0,0,21595
0,15,-5,0.5,-0.624275,180,0,0,21611
0,13,-5,0.5,-0.62252,180,0,0,21631
0,15,-5,0.5,-0.620495,180,0,0,21644
0,15,-5,0.5,-0.61847,180,0,0,21662
0,10,-4,0.5,-0.61712,180,0,0,21682
0,4,-3,0.5,-0.61658,180,0,0,21693
0,2,-1,0.5,-0.61631,180,0,0,21710
0,1,-1,0.5,-0.616175,180,0,0,21727
0,-3,0,0.5,-0.61658,180,0,0,21744
0,-4,-1,0.5,-0.61712,180,0,0,21762
0,-6,-1,0.5,-0.61793,180,0,0,21777
0,-10,-2,0.5,-0.61928,180,0,0,21793
0,-24,-1,0.5,-0.62252,180,0,0,21810
0,-13,0,0.5,-0.624275,180,0,0,21826
0,-13,0,0.5,-0.62603,180,0,0,21843
0,-12,1,0.5,-0.62765,180,0,0,21862
0,-10,2,0.5,-0.629,180,0,0,21879
0,-6,3,0.5,-0.62981,180,0,0,21894
0,-1,3,0.5,-0.629945,180,0,0,21911
0,4,2,0.5,-0.629405,180,0,0,21929
0,11,1,0.5,-0.62792,180,0,0,21944
0,15,0,0.5,-0.625895,180,0,0,21960
0,22,0,0.5,-0.622925,180,0,0,21976
0,25,-3,0.5,-0.61955,180,0,0,21994
0,29,-5,0.5,-0.615635,180,0,0,22010
0,30,-6,0.5,-0.611585,180,0,0,22028
0,29,-6,0.5,-0.60767,180,0,0,22046
0,24,-6,0.5,-0.60443,180,0,0,22063
0,18,-5,0.5,-0.602,180,0,0,22077
0,12,-5,0.5,-0.60038,180,0,0,22094
0,8,-5,0.5,-0.5993,180,0,0,22110
0,6,-4,0.5,-0.59849,180,0,0,22129
0,8,-4,0.5,-0.59741,180,0,0,22145
0,8,-2,0.5,-0.59633,180,0,0,22163
0,9,-2,0.5,-0.595115,180,0,0,22177
0,14,-2,0.5,-0.593225,180,0,0,22195
0,10,-1,0.5,-0.591875,180,0,0,22210
0,11,-1,0.5,-0.59039,180,0,0,22231
0,12,-2,0.5,-0.58877,180,0,0,22246
0,12,-2,0.5,-0.58715,180,0,0,22261
0,12,-3,0.5,-0.58553,180,0,0,22279
0,11,-4,0.5,-0.584045,180,0,0,22294
0,11,-5,0.5,-0.58256,180,0,0,22312
0,9,-5,0.5,-0.581345,180,0,0,22328
0,9,-7,0.5,-0.58013,180,0,0,22348
0,8,-6,0.5,-0.57905,180,0,0,22361
0,7,-6,0.5,-0.578105,180,0,0,22379
0,8,-6,0.5,-0.577025,180,0,0,22394
0,7,-5,0.5,-0.57608,180,0,0,22413
0,9,-4,0.5,-0.574865,180,0,0,22427
0,10,-2,0.5,-0.573515,180,0,0,22445
0,10,-1,0.5,-0.572165,180,0,0,22462
0,8,-1,0.5,-0.571085,180,0,0,22476
0,4,-1,0.5,-0.570545,180,0,0,22493
0,2,-2,0.5,-0.570275,180,0,0,22510
0,0,-3,0.5,-0.570275,180,0,0,22528
0,0,-3,0.5,-0.570275,180,0,0,22546
0,0,-4,0.5,-0.570275,180,0,0,22563
0,0,-4,0.5,-0.570275,180,0,0,22578
0,-1,-5,0.5,-0.57041,180,0,0,22595
0,-1,-4,0.5,-0.570545,180,0,0,22611
0,-6,-8,0.5,-0.571355,180,0,0,22628
0,-5,-4,0.5,-0.57203,180,0,0,22644
0,-8,-4,0.5,-0.57311,180,0,0,22660
0,-7,-3,0.5,-0.574055,180,0,0,22677
0,-12,-2,0.5,-0.575675,180,0,0,22693
0,-14,-2,0.5,-0.577565,180,0,0,22710
0,-16,0,0.5,-0.579725,180,0,0,22726
0,-20,0,0.5,-0.582425,180,0,0,22743
0,-19,1,0.5,-0.58499,180,0,0,22761
0,-15,1,0.5,-0.587015,180,0,0,22778
0,-13,2,0.5,-0.58877,180,0,0,22796
0,-9,1,0.5,-0.589985,180,0,0,22815
0,-6,1,0.5,-0.590795,180,0,0,22826
0,-4,0,0.5,-0.591335,180,0,0,22842
0,-1,0,0.5,-0.59147,180,0,0,22861
0,0,0,0.5,-0.59147,180,0,0,22877
0,0,0,0.5,-0.59147,180,0,0,22893
0,0,-2,0.5,-0.59147,180,0,0,22910
0,0,-2,0.5,-0.59147,180,0,0,22926
0,0,-2,0.5,-0.59147,180,0,0,22943
0,0,-2,0.5,-0.59147,180,0,0,22960
0,1,-2,0.5,-0.591335,180,0,0,22977
0,1,-2,0.5,-0.5912,180,0,0,22993
0,5,-3,0.5,-0.590525,180,0,0,23010
0,0,-2,0.5,-0.590525,180,0,0,23027
0,6,-4,0.5,-0.589715,180,0,0,23045
0,3,-2,0.5,-0.58931,180,0,0,23063
0,3,-2,0.5,-0.588905,180,0,0,23077
0,3,-3,0.5,-0.5885,180,0,0,23094
0,4,-3,0.5,-0.58796,180,0,0,23111
0,4,-2,0.5,-0.58742,180,0,0,23127
0,4,-2,0.5,-0.58688,180,0,0,23144
0,5,-2,0.5,-0.586205,180,0,0,23160
0,5,-2,0.5,-0.58553,180,0,0,23176
0,5,-2,0.5,-0.584855,180,0,0,23193
0,8,-2,0.5,-0.583775,180,0,0,23213
0,8,-1,0.5,-0.582695,180,0,0,23231
0,9,-1,0.5,-0.58148,180,0,0,23243
0,6,0,0.5,-0.58067,180,0,0,23259
0,4,0,0.5,-0.58013,180,0,0,23278
0,4,0,0.5,-0.57959,180,0,0,23294
0,4,0,0.5,-0.57905,180,0,0,23309
0,6,-1,0.5,-0.57824,180,0,0,23327
0,7,0,0.5,-0.577295,180,0,0,23343
0,10,-1,0.5,-0.575945,180,0,0,23360
0,20,-1,0.5,-0.573245,180,0,0,23379
0,0,0,0.5,-0.573245,180,0,0,23392
0,14,-2,0.5,-0.571355,180,0,0,23412
0,1,-1,0.5,-0.57122,180,0,0,23426
0,-1,-1,0.5,-0.571355,180,0,0,23449
0,-6,-1,0.5,-0.572165,180,0,0,23462
0,-10,-1,0.5,-0.573515,180,0,0,23476
0,-12,-1,0.5,-0.575135,180,0,0,23496
0,-14,-1,0.5,-0.577025,180,0,0,23511
0,-16,0,0.5,-0.579185,180,0,0,23527
0,-18,0,0.5,-0.581615,180,0,0,23543
0,-18,0,0.5,-0.584045,180,0,0,23560
0,-15,0,0.5,-0.58607,180,0,0,23576
0,-12,1,0.5,-0.58769,180,0,0,23594
0,-9,2,0.5,-0.588905,180,0,0,23611
0,-4,3,0.5,-0.589445,180,0,0,23627
0,-2,3,0.5,-0.589715,180,0,0,23646
0,1,3,0.5,-0.58958,180,0,0,23661
0,2,3,0.5,-0.58931,180,0,0,23679
0,3,1,0.5,-0.588905,180,0,31,23694
0,6,1,0.5,-0.588095,180,0,31,23711
0,5,1,0.5,-0.58742,180,0,31,23727
0,7,0,0.5,-0.586475,180,0,0,23743
0,8,0,0.5,-0.585395,180,0,0,23760
0,9,0,0.5,-0.58418,180,0,0,23779
0,10,1,0.5,-0.58283,180,0,0,23793
0,19,0,0.5,-0.580265,180,0,0,23811
0,6,0,0.5,-0.579455,180,0,0,23827
0,3,0,0.5,-0.57905,180,0,0,23843
0,0,0,0.5,-0.57905,180,0,0,23860
0,0,-1,0.5,-0.57905,180,0,0,23878
0,-1,0,0.5,-0.579185,180,0,0,23894
0,0,0,0.5,-0.579185,180,0,0,23910
0,2,2,0.5,-0.578915,180,0,0,23927
0,3,2,0.5,-0.57851,180,0,0,23944
0,1,2,0.5,-0.578375,180,0,0,23960
0,-1,2,0.5,-0.57851,180,0,0,23977
0,-2,1,0.5,-0.57878,180,0,0,23992
0,-2,1,0.5,-0.57905,180,0,0,24011
0,-1,1,0.5,-0.579185,180,0,0,24026
0,0,0,0.5,-0.579185,180,0,0,24042
0,-1,0,0.5,-0.57932,180,0,0,24059
0,3,0,0.5,-0.578915,180,0,0,24078
0,3,0,0.5,-0.57851,180,0,0,24098
0,4,-1,0.5,-0.57797,180,0,0,24111
0,3,-3,0.5,-0.577565,180,0,0,24127
0,1,-4,0.5,-0.57743,180,0,0,24143
0,0,-6,0.5,-0.57743,180,0,0,24161
0,-2,-7,0.5,-0.5777,180,0,0,24184
0,-3,-6,0.5,-0.578105,180,0,0,24195
0,5,-12,0.5,-0.57743,180,0,0,24213
0,6,-5,0.5,-0.57662,180,0,0,24227
0,7,-4,0.5,-0.575675,180,0,0,24245
0,5,-3,0.5,-0.575,180,0,0,24260
0,2,-2,0.5,-0.57473,180,0,0,24279
0,0,-2,0.5,-0.57473,180,0,0,24293
0,-2,-2,0.5,-0.575,180,0,0,24314
0,-2,-1,0.5,-0.57527,180,0,0,24328
0,-1,-2,0.5,-0.575405,180,0,0,24343
0,0,-2,0.5,-0.575405,180,0,0,24361
0,1,-3,0.5,-0.57527,180,0,0,24377
0,1,-3,0.5,-0.575135,180,0,0,24395
0,2,-4,0.5,-0.574865,180,0,0,24411
0,3,-4,0.5,-0.57446,180,0,0,24434
0,2,-5,0.5,-0.57419,180,0,0,24448
0,2,-5,0.5,-0.57392,180,0,0,24463
0,0,-4,0.5,-0.57392,180,0,0,24480
0,-2,-5,0.5,-0.57419,180,0,0,24499
0,0,-4,0.5,-0.57419,180,0,0,24512
0,-1,-3,0.5,-0.574325,180,0,0,24528
0,1,-3,0.5,-0.57419,180,0,0,24543
0,1,-2,0.5,-0.574055,180,0,0,24561
0,0,-1,0.5,-0.574055,180,0,0,24576
0,-1,-1,0.5,-0.57419,180,0,0,24593
0,0,0,0.5,-0.57419,180,0,0,24610
0,-6,-1,0.5,-0.575,180,0,0,24628
0,-4,0,0.5,-0.57554,180,0,0,24642
0,-5,1,0.5,-0.576215,180,0,0,24660
0,-5,2,0.5,-0.57689,180,0,0,24677
0,-7,3,0.5,-0.577835,180,0,0,24694
0,-6,4,0.5,-0.578645,180,0,0,24711
0,-5,3,0.5,-0.57932,180,0,0,24728
0,-3,2,0.5,-0.579725,180,0,0,24743
0,-5,1,0.5,-0.5804,180,0,0,24760
0,-4,0,0.5,-0.58094,180,0,0,24777
0,-7,-1,0.5,-0.581885,180,0,0,24793
0,-8,-2,0.5,-0.582965,180,0,0,24810
0,-8,-3,0.5,-0.584045,180,0,0,24831
0,-7,-3,0.5,-0.58499,180,0,0,24846
0,-7,-5,0.5,-0.585935,180,0,0,24860
0,-6,-4,0.5,-0.586745,180,0,0,24877
0,-5,-5,0.5,-0.58742,180,0,0,24898
0,-4,-5,0.5,-0.58796,180,0,0,24911
0,-2,-4,0.5,-0.58823,180,0,0,24928
0,-2,-3,0.5,-0.5885,180,0,0,24944
0,-2,-4,0.5,-0.58877,180,0,0,24963
0,-3,-2,0.5,-0.589175,180,0,0,24977
0,-5,-2,0.5,-0.58985,180,0,0,24993
0,-9,-1,0.5,-0.591065,180,0,0,25009
0,0,0,0.5,-0.591065,180,0,0,25025
0,-25,-4,0.5,-0.59444,180,0,0,25045
0,-14,-2,0.5,-0.59633,180,0,0,25060
0,-13,-1,0.5,-0.598085,180,0,31,25081
0,-9,-1,0.5,-0.5993,180,0,31,25096
0,-4,0,0.5,-0.59984,180,0,31,25111
0,-1,0,0.5,-0.599975,180,0,31,25126
0,3,0,0.5,-0.59957,180,0,31,25143
0,7,-1,0.5,-0.598625,180,0,31,25159
0,9,-2,0.5,-0.59741,180,0,31,25176
0,10,-3,0.5,-0.59606,180,0,31,25193
0,9,-4,0.5,-0.594845,180,0,31,25216
0,10,-4,0.5,-0.593495,180,0,31,25233
0,9,-4,0.5,-0.59228,180,0,31,25250
0,6,-3,0.5,-0.59147,180,0,31,25260
0,6,-3,0.5,-0.59066,180,0,31,25277
0,5,-1,0.5,-0.589985,180,0,31,25292
0,6,-1,0.5,-0.589175,180,0,0,25311
0,7,-1,0.5,-0.58823,180,0,0,25335
0,11,-3,0.5,-0.586745,180,0,0,25348
0,2,-2,0.5,-0.586475,180,0,0,25360
0,0,0,0.5,-0.586475,180,0,0,25376
0,-3,-4,0.5,-0.58688,180,0,0,25399
0,-3,0,0.5,-0.587285,180,0,0,25410
0,-3,0,0.5,-0.58769,180,0,0,25426
0,0,1,0.5,-0.58769,180,0,0,25443
0,5,1,0.5,-0.587015,180,0,0,25459
0,9,0,0.5,-0.5858,180,0,0,25477
0,12,-1,0.5,-0.58418,180,0,0,25493
0,14,-1,0.5,-0.58229,180,0,0,25509
0,15,-2,0.5,-0.580265,180,0,0,25526
0,13,-3,0.5,-0.57851,180,0,0,25544
0,12,-3,0.5,-0.57689,180,0,0,25561
0,10,-3,0.5,-0.57554,180,0,0,25578
0,8,-3,0.5,-0.57446,180,0,0,25597
0,5,-4,0.5,-0.573785,180,0,0,25610
0,4,-4,0.5,-0.573245,180,0,0,25627
0,4,-4,0.5,-0.572705,180,0,0,25645
0,5,-4,0.5,-0.57203,180,0,0,25660
0,5,-4,0.5,-0.571355,180,0,0,25679
0,6,-4,0.5,-0.570545,180,0,0,25693
0,6,-4,0.5,-0.569735,180,0,0,25710
0,7,-4,0.5,-0.56879,180,0,0,25727
0,8,-5,0.5,-0.56771,180,0,0,25743
0,7,-5,0.5,-0.566765,180,0,0,25760
0,26,-10,0.5,-0.563255,180,0,0,25781
0,18,-8,0.5,-0.560825,180,0,0,25796
0,18,-4,0.5,-0.558395,180,0,0,25813
0,17,-3,0.5,-0.5561,180,0,0,25827
0,16,-2,0.5,-0.55394,180,0,0,25845
0,12,-1,0.5,-0.55232,180,0,0,25861
0,10,1,0.5,-0.55097,180,0,0,25877
0,6,1,0.5,-0.55016,180,0,0,25893
0,5,1,0.5,-0.549485,180,0,0,25910
0,7,1,0.5,-0.54854,180,0,0,25926
0,11,0,0.5,-0.547055,180,0,0,25942
0,13,0,0.5,-0.5453,180,0,0,25960
0,15,-2,0.5,-0.543275,180,0,0,25977
0,15,-4,0.5,-0.54125,180,0,0,25994
0,16,-6,0.5,-0.53909,180,0,0,26011
0,15,-8,0.5,-0.537065,180,0,0,26029
0,13,-8,0.5,-0.53531,180,0,0,26045
0,12,-7,0.5,-0.53369,180,0,0,26063
0,10,-5,0.5,-0.53234,180,0,0,26077
0,9,-4,0.5,-0.531125,180,0,0,26095
0,8,-3,0.5,-0.530045,180,0,0,26117
0,8,-4,0.5,-0.528965,180,0,0,26128
0,5,-5,0.5,-0.52829,180,0,0,26144
0,5,-7,0.5,-0.527615,180,0,0,26163
0,13,-16,0.5,-0.52586,180,0,0,26186
0,11,-8,0.5,-0.524375,180,0,0,26203
0,10,-9,0.5,-0.523025,180,0,0,26219
0,10,-8,0.5,-0.521675,180,0,0,26232
0,10,-9,0.5,-0.520325,180,0,0,26252
0,10,-8,0.5,-0.518975,180,0,0,26266
0,12,-7,0.5,-0.517355,180,0,0,26280
0,12,-7,0.5,-0.515735,180,0,0,26295
0,12,-6,0.5,-0.514115,180,0,0,26310
0,10,-7,0.5,-0.512765,180,0,0,26334
0,13,-8,0.5,-0.51101,180,0,0,26355
0,11,-8,0.5,-0.509525,180,0,0,26363
0,11,-9,0.5,-0.50804,180,0,0,26379
0,8,-9,0.5,-0.50696,180,0,0,26397
0,7,-9,0.5,-0.506015,180,0,0,26413
0,7,-8,0.5,-0.50507,180,0,0,26428
0,7,-7,0.5,-0.504125,180,0,0,26445
0,6,-6,0.5,-0.503315,180,0,0,26460
0,4,-7,0.5,-0.502775,180,0,0,26483
0,4,-6,0.5,-0.502235,180,0,0,26494
0,3,-7,0.5,-0.50183,180,0,0,26512
0,5,-8,0.5,-0.501155,180,0,0,26530
0,7,-8,0.5,-0.50021,180,0,0,26545
0,10,-6,0.5,-0.49886,180,0,0,26569
0,23,-5,0.5,-0.495755,180,0,0,26580
0,13,0,0.5,-0.494,180,0,0,26595
0,15,0,0.5,-0.491975,180,0,0,26610
0,17,-1,0.5,-0.48968,180,0,0,26627
0,19,-3,0.5,-0.487115,180,0,0,26644
0,22,-4,0.5,-0.484145,180,0,0,26661
0,20,-5,0.5,-0.481445,180,0,0,26679
0,20,-5,0.5,-0.478745,180,0,0,26696
0,21,-6,0.5,-0.47591,180,0,0,26713
0,19,-6,0.5,-0.473345,180,0,0,26731
0,20,-6,0.5,-0.470645,180,0,0,26755
0,17,-6,0.5,-0.46835,180,0,0,26764
0,16,-7,0.5,-0.46619,180,0,0,26783
0,13,-6,0.5,-0.464435,180,0,0,26795
0,11,-5,0.5,-0.46295,180,0,0,26814
0,6,-3,0.5,-0.46214,180,0,0,26827
0,2,-2,0.5,-0.46187,180,0,0,26844
0,0,-1,0.5,-0.46187,180,0,0,26860
0,-3,0,0.5,-0.462275,180,0,0,26877
0,-5,0,0.5,-0.46295,180,0,0,26893
0,-5,0,0.5,-0.463625,180,0,0,26909
0,-5,0,0.5,-0.4643,180,0,0,26926
0,-4,0,0.5,-0.46484,180,0,0,26942
0,-5,0,0.5,-0.465515,180,0,0,26960
0,-6,0,0.5,-0.466325,180,0,0,26976
0,-2,0,0.5,-0.466595,180,0,0,26992
0,0,0,0.5,-0.466595,180,0,0,27008
0,0,0,0.5,-0.466595,180,0,0,27026
0,3,0,0.5,-0.46619,180,0,0,27043
0,0,0,0.5,-0.46619,180,0,0,27059
0,2,-2,0.5,-0.46592,180,0,0,27076
0,1,-1,0.5,-0.465785,180,0,0,27093
0,2,-2,0.5,-0.465515,180,0,0,27110
0,1,-2,0.5,-0.46538,180,0,0,27127
0,1,-2,0.5,-0.465245,180,0,0,27143
0,0,-2,0.5,-0.465245,180,0,0,27160
0,-3,-3,0.5,-0.46565,180,0,0,27179
0,-4,-4,0.5,-0.46619,180,0,0,27194
0,-4,-3,0.5,-0.46673,180,0,0,27210
0,-4,-4,0.5,-0.46727,180,0,0,27227
0,-2,-3,0.5,-0.46754,180,0,0,27243
0,-1,-3,0.5,-0.467675,180,0,0,27260
0,1,-3,0.5,-0.46754,180,0,0,27280
0,3,-2,0.5,-0.467135,180,0,0,27293
0,2,-2,0.5,-0.466865,180,0,0,27312
0,2,-4,0.5,-0.466595,180,0,0,27327
0,1,-5,0.5,-0.46646,180,0,0,27344
0,2,-5,0.5,-0.46619,180,0,0,27361
0,3,-10,0.5,-0.465785,180,0,0,27383
0,1,-5,0.5,-0.46565,180,0,0,27397
0,2,-4,0.5,-0.46538,180,0,0,27412
0,1,-5,0.5,-0.465245,180,0,0,27427
0,1,-4,0.5,-0.46511,180,0,0,27444
0,1,-4,0.5,-0.464975,180,0,0,27462
0,0,-3,0.5,-0.464975,180,0,0,27478
0,1,-4,0.5,-0.46484,180,0,0,27497
0,-1,-3,0.5,-0.464975,180,0,0,27513
0,-2,-3,0.5,-0.465245,180,0,0,27526
0,-4,-2,0.5,-0.465785,180,0,0,27543
0,-9,-1,0.5,-0.467,180,0,0,27562
0,-11,-1,0.5,-0.468485,180,0,0,27576
0,-14,-1,0.5,-0.470375,180,0,0,27593
0,-16,0,0.5,-0.472535,180,0,0,27609
0,-18,-1,0.5,-0.474965,180,0,0,27626
0,-17,-1,0.5,-0.47726,180,0,0,27644
0,-15,-2,0.5,-0.479285,180,0,0,27661
0,-13,-2,0.5,-0.48104,180,0,0,27679
0,-10,-3,0.5,-0.48239,180,0,0,27693
0,-10,-3,0.5,-0.48374,180,0,0,27711
0,-13,-3,0.5,-0.485495,180,0,0,27727
0,-17,-5,0.5,-0.48779,180,0,0,27744
0,-16,-5,0.5,-0.48995,180,0,0,27762
0,-23,-10,0.5,-0.493055,180,0,0,27778
0,0,0,0.5,-0.493055,180,0,0,27793
0,-4,-10,0.5,-0.493595,180,0,0,27813
0,6,-4,0.5,-0.492785,180,0,0,27827
0,8,-3,0.5,-0.491705,180,0,0,27844
0,11,-3,0.5,-0.49022,180,0,0,27865
0,8,-2,0.5,-0.48914,180,0,0,27881
0,6,0,0.5,-0.48833,180,0,0,27893
0,2,2,0.5,-0.48806,180,0,0,27912
0,0,4,0.5,-0.48806,180,0,0,27927
0,-5,7,0.5,-0.488735,180,0,0,27953
0,-4,7,0.5,-0.489275,180,0,0,27962
0,-2,8,0.5,-0.489545,180,0,0,27979
0,4,7,0.5,-0.489005,180,0,0,27996
0,7,5,0.5,-0.48806,180,0,0,28013
0,8,4,0.5,-0.48698,180,0,0,28030
0,8,3,0.5,-0.4859,180,0,0,28043
0,7,2,0.5,-0.484955,180,0,0,28059
0,4,2,0.5,-0.484415,180,0,0,28077
0,3,2,0.5,-0.48401,180,0,0,28093
0,2,2,0.5,-0.48374,180,0,0,28111
0,2,4,0.5,-0.48347,180,0,0,28130
0,0,4,0.5,-0.48347,180,0,0,28143
0,-5,9,0.5,-0.484145,180,0,0,28164
0,0,0,0.5,-0.484145,180,0,0,28175
0,-15,4,0.5,-0.48617,180,0,0,28194
0,-8,0,0.5,-0.48725,180,0,0,28210
0,-10,-1,0.5,-0.4886,180,0,0,28226
0,-9,-2,0.5,-0.489815,180,0,0,28244
0,-5,-1,0.5,-0.49049,180,0,0,28260
0,-1,0,0.5,-0.490625,180,0,0,28277
0,2,1,0.5,-0.490355,180,0,0,28293
0,9,3,0.5,-0.48914,180,0,0,28310
0,12,4,0.5,-0.48752,180,0,0,28329
0,16,5,0.5,-0.48536,180,0,0,28345
0,14,5,0.5,-0.48347,180,0,0,28361
0,14,5,0.5,-0.48158,180,0,0,28381
0,10,4,0.5,-0.48023,180,0,0,28396
0,5,4,0.5,-0.479555,180,0,0,28410
0,0,4,0.5,-0.479555,180,0,0,28427
0,0,4,0.5,-0.479555,180,0,0,28443
0,1,5,0.5,-0.47942,180,0,0,28461
0,1,6,0.5,-0.479285,180,0,0,28482
0,0,6,0.5,-0.479285,180,0,0,28498
0,-1,6,0.5,-0.47942,180,0,0,28512
0,-2,6,0.5,-0.47969,180,0,0,28528
0,-4,5,0.5,-0.48023,180,0,0,28544
0,-3,3,0.5,-0.480635,180,0,0,28562
0,-1,0,0.5,-0.48077,180,0,0,28576
0,12,-9,0.5,-0.47915,180,0,0,28610
0,14,-2,0.5,-0.47726,180,0,0,28622
0,15,-1,0.5,-0.475235,180,0,0,28628
0,14,1,0.5,-0.473345,180,0,0,28643
0,15,1,0.5,-0.47132,180,0,0,28660
0,16,2,0.5,-0.46916,180,0,0,28677
0,18,2,0.5,-0.46673,180,0,0,28693
0,18,3,0.5,-0.4643,180,0,0,28716
0,16,5,0.5,-0.46214,180,0,0,28730
0,13,7,0.5,-0.460385,180,0,0,28745
0,6,9,0.5,-0.459575,180,0,0,28763
0,1,12,0.5,-0.45944,180,0,0,28780
0,-5,14,0.5,-0.460115,180,0,0,28803
0,-11,17,0.5,-0.4616,180,0,0,28816
0,-17,18,0.5,-0.463895,180,0,0,28839
0,-23,19,0.5,-0.467,180,0,0,28864
0,-52,36,0.5,-0.47402,180,0,0,28881
0,-26,16,0.5,-0.47753,180,0,0,28894
0,-22,14,0.5,-0.4805,180,0,0,28903
0,-19,0,0.5,-0.483065,180,0,0,28912
0,-14,24,0.5,-0.484955,180,0,0,28936
0,0,0,0.5,-0.484955,180,0,0,28942
0,-10,10,0.5,-0.486305,180,0,0,28962
0,-3,14,0.5,-0.48671,180,0,0,28981
0,4,10,0.5,-0.48617,180,0,0,28996
0,4,7,0.5,-0.48563,180,0,0,29012
0,5,8,0.5,-0.484955,180,0,0,29034
0,3,7,0.5,-0.48455,180,0,0,29046
0,6,7,0.5,-0.48374,180,0,0,29062
0,7,7,0.5,-0.482795,180,0,0,29079
0,7,6,0.5,-0.48185,180,0,0,29097
0,8,5,0.5,-0.48077,180,0,0,29117
0,8,6,0.5,-0.47969,180,0,0,29127
0,7,6,0.5,-0.478745,180,0,0,29144
0,6,6,0.5,-0.477935,180,0,0,29160
0,3,6,0.5,-0.47753,180,0,0,29177
0,-1,7,0.5,-0.477665,180,0,0,29198
0,-5,7,0.5,-0.47834,180,0,0,29214
0,-8,7,0.5,-0.47942,180,0,0,29227
0,-9,8,0.5,-0.480635,180,0,0,29244
0,-8,8,0.5,-0.481715,180,0,0,29262
0,-3,8,0.5,-0.48212,180,0,0,29278
0,2,6,0.5,-0.48185,180,0,0,29303
0,15,9,0.5,-0.479825,180,0,0,29323
0,11,4,0.5,-0.47834,180,0,0,29339
0,11,3,0.5,-0.476855,180,0,0,29348
0,0,0,0.5,-0.476855,180,0,0,29360
0,13,3,0.5,-0.4751,180,0,0,29376
0,29,7,0.5,-0.471185,180,0,0,29395
0,16,4,0.5,-0.469025,180,0,0,29410
0,21,5,0.5,-0.46619,180,0,0,29431
0,24,5,0.5,-0.46295,180,0,0,29445
0,25,5,0.5,-0.459575,180,0,0,29466
0,28,5,0.5,-0.455795,180,0,0,29477
0,29,3,0.5,-0.45188,180,0,0,29493
0,27,9,0.5,-0.448235,180,0,0,29513
0,26,5,0.5,-0.444725,180,0,0,29527
0,26,5,0.5,-0.441215,180,0,0,29544
0,25,6,0.5,-0.43784,180,0,0,29561
0,24,6,0.5,-0.4346,180,0,0,29577
0,21,7,0.5,-0.431765,180,0,0,29594
0,17,9,0.5,-0.42947,180,0,0,29611
0,13,10,0.5,-0.427715,180,0,0,29627
0,9,9,0.5,-0.4265,180,0,0,29645
0,7,9,0.5,-0.425555,180,0,0,29664
0,6,8,0.5,-0.424745,180,0,0,29680
0,7,8,0.5,-0.4238,180,0,0,29694
0,7,8,0.5,-0.422855,180,0,0,29710
0,9,7,0.5,-0.42164,180,0,0,29731
0,12,8,0.5,-0.42002,180,0,0,29746
0,23,15,0.5,-0.416915,180,0,0,29766
0,0,0,0.5,-0.416915,180,0,0,29778
0,22,16,0.5,-0.413945,180,0,0,29803
0,12,8,0.5,-0.412325,180,0,0,29818
0,12,8,0.5,-0.410705,180,0,0,29831
0,15,8,0.5,-0.40868,180,0,0,29847
0,15,7,0.5,-0.406655,180,0,0,29861
0,14,7,0.5,-0.404765,180,0,0,29877
0,16,5,0.5,-0.402605,180,0,0,29897
0,19,3,0.5,-0.40004,180,0,0,29912
0,24,1,0.5,-0.3968,180,0,0,29926
0,27,0,0.5,-0.393155,180,0,0,29942
0,35,0,0.5,-0.38843,180,0,0,29960
0,37,3,0.5,-0.383435,180,0,0,29977
0,38,5,0.5,-0.378305,180,0,0,29994
0,37,6,0.5,-0.37331,180,0,0,30012
0,35,6,0.5,-0.368585,180,0,0,30030
0,34,7,0.5,-0.363995,180,0,0,30045
0,33,7,0.5,-0.35954,180,0,0,30061
0,29,8,0.5,-0.355625,180,0,0,30080
0,27,9,0.5,-0.35198,180,0,0,30094
0,25,9,0.5,-0.348605,180,0,0,30116
0,38,14,0.5,-0.343475,180,0,0,30133
0,0,5,0.5,-0.343475,180,0,0,30144
0,16,8,0.5,-0.341315,180,0,0,30161
0,17,7,0.5,-0.33902,180,0,0,30180
0,35,6,0.5,-0.334295,180,0,0,30199
0,22,6,0.5,-0.331325,180,0,0,30213
0,23,6,0.5,-0.32822,180,0,0,30228
0,22,1,0.5,-0.32525,180,0,0,30242
0,23,0,0.5,-0.322145,180,0,0,30260
0,21,0,0.5,-0.31931,180,0,0,30276
0,20,0,0.5,-0.31661,180,0,0,30293
0,20,0,0.5,-0.31391,180,0,0,30309
0,18,1,0.5,-0.31148,180,0,0,30328
0,17,2,0.5,-0.309185,180,0,0,30342
0,14,3,0.5,-0.307295,180,0,0,30361
0,10,4,0.5,-0.305945,180,0,0,30378
0,8,4,0.5,-0.304865,180,0,0,30393
0,5,5,0.5,-0.30419,180,0,0,30412
0,2,5,0.5,-0.30392,180,0,0,30430
0,-1,6,0.5,-0.304055,180,0,0,30444
0,-9,7,0.5,-0.30527,180,0,0,30460
0,-13,7,0.5,-0.307025,180,0,0,30481
0,-14,5,0.5,-0.308915,180,0,0,30498
0,-15,2,0.5,-0.31094,180,0,0,30511
0,-15,-1,0.5,-0.312965,180,0,0,30526
0,-10,-3,0.5,-0.314315,180,0,0,30543
0,-8,-5,0.5,-0.315395,180,0,0,30561
0,-3,-4,0.5,-0.3158,180,0,0,30577
0,0,-8,0.5,-0.3158,180,0,0,30601
0,2,-4,0.5,-0.31553,180,0,0,30613
0,4,-5,0.5,-0.31499,180,0,0,30627
0,3,-7,0.5,-0.314585,180,0,0,30644
0,5,-9,0.5,-0.31391,180,0,0,30666
0,7,-9,0.5,-0.312965,180,0,0,30678
0,7,-7,0.5,-0.31202,180,0,0,30694
0,6,-2,0.5,-0.31121,180,0,0,30710
0,3,3,0.5,-0.310805,180,0,0,30727
0,0,6,0.5,-0.310805,180,0,0,30744
0,0,8,0.5,-0.310805,180,0,0,30761
0,1,6,0.5,-0.31067,180,0,0,30779
0,3,4,0.5,-0.310265,180,0,0,30795
0,8,0,0.5,-0.309185,180,0,0,30809
0,13,-2,0.5,-0.30743,180,0,0,30829
0,14,-2,0.5,-0.30554,180,0,0,30845
0,11,-3,0.5,-0.304055,180,0,0,30862
0,6,-2,0.5,-0.303245,180,0,0,30876
0,4,-2,0.5,-0.302705,180,0,0,30893
0,0,-3,0.5,-0.302705,180,0,0,30910
0,-4,-3,0.5,-0.303245,180,0,0,30926
0,-6,-4,0.5,-0.304055,180,0,0,30944
0,-10,-7,0.5,-0.305405,180,0,0,30961
0,-13,-15,0.5,-0.30716,180,0,0,30983
0,3,-4,0.5,-0.306755,180,0,0,31001
0,7,-2,0.5,-0.30581,180,0,0,31013
0,9,0,0.5,-0.304595,180,0,0,31027
0,4,3,0.5,-0.304055,180,0,0,31044
0,-6,4,0.5,-0.304865,180,0,0,31060
0,-17,3,0.5,-0.30716,180,0,0,31076
0,-20,1,0.5,-0.30986,180,0,0,31092
0,-20,0,0.5,-0.31256,180,0,0,31111
0,-22,-1,0.5,-0.31553,180,0,0,31129
0,-21,-3,0.5,-0.318365,180,0,0,31144
0,-20,-4,0.5,-0.321065,180,0,0,31160
0,-16,-4,0.5,-0.323225,180,0,0,31179
0,-13,-5,0.5,-0.32498,180,0,0,31197
0,-7,-4,0.5,-0.325925,180,0,0,31213
0,0,-3,0.5,-0.325925,180,0,0,31226
0,8,-2,0.5,-0.324845,180,0,0,31242
0,12,-2,0.5,-0.323225,180,0,0,31260
0,14,-1,0.5,-0.321335,180,0,0,31278
0,15,-1,0.5,-0.31931,180,0,0,31294
0,16,-2,0.5,-0.31715,180,0,0,31311
0,17,-2,0.5,-0.314855,180,0,0,31326
0,19,-4,0.5,-0.31229,180,0,0,31345
0,21,-4,0.5,-0.309455,180,0,0,31363
0,22,-5,0.5,-0.306485,180,0,0,31381
0,50,-12,0.5,-0.299735,180,0,0,31395
0,28,-8,0.5,-0.295955,180,0,0,31430
0,27,-8,0.5,-0.29231,180,0,0,31442
0,24,-8,0.5,-0.28907,180,0,0,31451
0,24,-8,0.5,-0.28583,180,0,0,31466
0,20,-8,0.5,-0.28313,180,0,0,31483
0,18,-7,0.5,-0.2807,180,0,0,31496
0,14,-6,0.5,-0.27881,180,0,0,31513
0,11,-5,0.5,-0.277325,180,0,0,31527
0,9,-4,0.5,-0.27611,180,0,0,31545
0,9,-5,0.5,-0.274895,180,0,0,31563
0,8,-5,0.5,-0.273815,180,0,0,31581
0,8,-6,0.5,-0.272735,180,0,0,31594
0,8,-8,0.5,-0.271655,180,0,0,31611
0,8,-10,0.5,-0.270575,180,0,0,31633
0,7,-12,0.5,-0.26963,180,0,0,31648
0,2,-12,0.5,-0.26936,180,0,0,31663
0,-1,-14,0.5,-0.269495,180,0,0,31681
0,-5,-13,0.5,-0.27017,180,0,0,31698
0,-5,-13,0.5,-0.270845,180,0,0,31716
0,-3,-12,0.5,-0.27125,180,0,0,31729
0,0,-11,0.5,-0.27125,180,0,0,31745
0,10,-19,0.5,-0.2699,180,0,0,31768
0,6,-11,0.5,-0.26909,180,0,0,31783
0,3,-11,0.5,-0.268685,180,0,0,31800
0,-1,-14,0.5,-0.26882,180,0,0,31822
0,-2,-15,0.5,-0.26909,180,0,0,31836
0,-6,-16,0.5,-0.2699,180,0,0,31856
0,-17,-28,0.5,-0.272195,180,0,0,31885
0,-7,-11,0.5,-0.27314,180,0,0,31905
0,-3,-9,0.5,-0.273545,180,0,0,31913
0,0,-8,0.5,-0.273545,180,0,0,31928
0,5,-9,0.5,-0.27287,180,0,0,31941
0,0,0,0.5,-0.27287,180,0,0,31950
0,4,-9,0.5,-0.27233,180,0,0,31969
0,5,-10,0.5,-0.271655,180,0,0,31986
0,12,-20,0.5,-0.270035,180,0,0,32011
0,9,-9,0.5,-0.26882,180,0,0,32020
0,14,-8,0.5,-0.26693,180,0,0,32035
0,17,-9,0.5,-0.264635,180,0,0,32053
0,17,-10,0.5,-0.26234,180,0,0,32077
0,19,-11,0.5,-0.259775,180,0,0,32092
0,20,-12,0.5,-0.257075,180,0,0,32106
0,17,-12,0.5,-0.25478,180,0,0,32124
0,18,-13,0.5,-0.25235,180,0,0,32137
0,14,-13,0.5,-0.25046,180,0,0,32154
0,14,-13,0.5,-0.24857,180,1,0,32171
0,12,-14,0.5,-0.24695,180,1,0,32189
0,11,-13,0.5,-0.245465,180,1,0,32207
0,10,-14,0.5,-0.244115,180,0,0,32222
0,9,-14,0.5,-0.2429,180,0,0,32238
0,9,-14,0.5,-0.241685,180,0,0,32254
0,9,-12,0.5,-0.24047,180,0,0,32270
0,10,-11,0.5,-0.23912,180,0,0,32290
0,8,-8,0.5,-0.23804,180,0,0,32307
0,9,-5,0.5,-0.236825,180,0,0,32318
0,7,-2,0.5,-0.23588,180,0,0,32335
0,7,-1,0.5,-0.234935,180,0,0,32350
0,9,-1,0.5,-0.23372,180,0,0,32371
0,9,-1,0.5,-0.232505,180,0,0,32386
0,18,-5,0.5,-0.230075,180,0,0,32402
0,9,-6,0.5,-0.22886,180,0,0,32419
0,7,-6,0.5,-0.227915,180,0,0,32435
0,9,-8,0.5,-0.2267,180,0,0,32452
0,9,-8,0.5,-0.225485,180,0,31,32471
0,12,-9,0.5,-0.223865,180,0,31,32489
0,12,-9,0.5,-0.222245,180,0,31,32502
0,15,-10,0.5,-0.22022,180,0,0,32522
0,17,-11,0.5,-0.217925,180,0,0,32537
0,18,-10,0.5,-0.215495,180,0,0,32555
0,18,-10,0.5,-0.213065,180,0,0,32572
0,20,-10,0.5,-0.210365,180,0,31,32589
0,20,-10,0.5,-0.207665,180,0,31,32602
0,19,-9,0.5,-0.2051,180,0,31,32620
0,19,-9,0.5,-0.202535,180,0,0,32638
0,18,-9,0.5,-0.200105,180,0,0,32655
0,17,-9,0.5,-0.19781,180,0,0,32672
0,15,-8,0.5,-0.195785,180,0,0,32685
0,12,-7,0.5,-0.194165,180,0,0,32703
0,9,-7,0.5,-0.19295,180,0,31,32720
0,8,-6,0.5,-0.19187,180,0,31,32735
0,7,-6,0.5,-0.190925,180,0,31,32755
0,6,-5,0.5,-0.190115,180,0,0,32768
0,7,-5,0.5,-0.18917,180,0,0,32785
0,8,-5,0.5,-0.18809,180,0,0,32802
0,15,-8,0.5,-0.186065,180,0,0,32820
0,7,-2,0.5,-0.18512,180,0,0,32837
0,7,-2,0.5,-0.184175,180,0,31,32855
0,4,-1,0.5,-0.183635,180,0,31,32867
0,1,0,0.5,-0.1835,180,0,31,32884
0,-3,0,0.5,-0.183905,180,0,0,32900
0,-7,0,0.5,-0.18485,180,0,0,32917
0,-7,0,0.5,-0.185795,180,0,0,32936
0,-6,0,0.5,-0.186605,180,0,0,32950
0,-1,0,0.5,-0.18674,180,0,0,32969
0,5,-1,0.5,-0.186065,180,0,0,32985
0,11,-3,0.5,-0.18458,180,0,31,33002
0,14,-3,0.5,-0.18269,180,0,31,33018
0,19,-4,0.5,-0.180125,180,0,31,33035
0,19,-5,0.5,-0.17756,180,0,0,33053
0,22,-6,0.5,-0.17459,180,0,0,33069
0,24,-6,0.5,-0.17135,180,0,0,33087
0,25,-8,0.5,-0.167975,180,0,0,33104
0,27,-9,0.5,-0.16433,180,0,0,33121
0,26,-9,0.5,-0.16082,180,0,31,33138
0,25,-9,0.5,-0.157445,180,0,31,33156
0,23,-9,0.5,-0.15434,180,0,0,33172
0,24,-9,0.5,-0.1511,180,0,0,33186
0,45,-15,0.5,-0.145025,180,0,0,33213
0,20,-5,0.5,-0.142325,180,0,0,33232
0,17,-4,0.5,-0.14003,180,0,0,33243
0,15,-2,0.5,-0.138005,180,0,0,33252
0,11,-1,0.5,-0.13652,180,0,0,33267
0,9,0,0.5,-0.135305,180,0,31,33283
0,6,0,0.5,-0.134495,180,0,31,33301
0,5,-1,0.5,-0.13382,180,0,0,33319
0,5,-2,0.5,-0.133145,180,0,0,33334
0,7,-3,0.5,-0.1322,180,0,0,33351
0,7,-4,0.5,-0.131255,180,0,0,33372
0,7,-4,0.5,-0.13031,180,0,0,33385
0,8,-5,0.5,-0.12923,180,0,0,33403
0,10,-6,0.5,-0.12788,180,0,0,33421
0,9,-7,0.5,-0.126665,180,0,0,33436
0,10,-7,0.5,-0.125315,180,0,0,33453
0,8,-8,0.5,-0.124235,180,0,0,33471
0,9,-9,0.5,-0.12302,180,0,0,33487
0,8,-9,0.5,-0.12194,180,0,0,33508
0,16,-12,0.5,-0.11978,180,0,0,33530
0,8,-16,0.5,-0.1187,180,0,0,33545
0,10,-10,0.5,-0.11735,180,0,0,33557
0,0,0,0.5,-0.11735,180,0,0,33568
0,11,-8,0.5,-0.115865,180,0,0,33589
0,24,-14,0.5,-0.112625,180,0,0,33609
0,13,-6,0.5,-0.11087,180,0,0,33622
0,12,-5,0.5,-0.10925,180,0,0,33635
0,13,-5,0.5,-0.107495,180,0,0,33652
0,13,-5,0.5,-0.10574,180,0,0,33673
0,14,-5,0.5,-0.10385,180,0,0,33692
0,15,-6,0.5,-0.101825,180,0,0,33702
0,17,-7,0.5,-0.09953,180,0,0,33724
0,17,-7,0.5,-0.097235,180,0,0,33738
0,19,-8,0.5,-0.09467,180,0,0,33753
0,19,-9,0.5,-0.092105,180,0,0,33769
0,17,-9,0.5,-0.08981,180,0,0,33790
0,15,-10,0.5,-0.087785,180,0,0,33804
0,13,-10,0.5,-0.08603,180,0,0,33822
0,12,-9,0.5,-0.08441,180,0,0,33839
0,12,-9,0.5,-0.08279,180,0,0,33853
0,16,-9,0.5,-0.08063,180,0,0,33869
0,16,-9,0.5,-0.07847,180,0,0,33886
0,18,-9,0.5,-0.07604,180,0,0,33907
0,34,-14,0.5,-0.07145,180,0,0,33927
0,0,0,0.5,-0.07145,180,0,0,33935
0,13,-4,0.5,-0.069695,180,0,0,33951
0,10,-3,0.5,-0.068345,180,0,0,33970
0,8,-2,0.5,-0.067265,180,0,0,33985
0,15,-4,0.5,-0.06524,180,0,0,34009
0,0,0,0.5,-0.06524,180,0,0,34018
0,20,-7,0.5,-0.06254,180,0,0,34036
0,12,-5,0.5,-0.06092,180,0,0,34051
0,15,-4,0.5,-0.058895,180,0,0,34068
0,16,-5,0.5,-0.056735,180,0,0,34087
0,19,-5,0.5,-0.05417,180,0,0,34104
0,21,-5,0.5,-0.051335,180,0,0,34119
0,21,-6,0.5,-0.0485,180,0,0,34135
0,23,-6,0.5,-0.045395,180,0,0,34152
0,24,-7,0.5,-0.042155,180,0,0,34169
0,24,-7,0.5,-0.038915,180,0,0,34186
0,26,-8,0.5,-0.035405,180,0,0,34201
0,25,-7,0.5,-0.03203,180,0,0,34222
0,25,-7,0.5,-0.028655,180,0,0,34235
0,22,-5,0.5,-0.025685,180,0,0,34251
0,20,-4,0.5,-0.022985,180,0,0,34268
0,17,-3,0.5,-0.02069,180,0,0,34287
0,15,-2,0.5,-0.018665,180,0,0,34305
0,13,-1,0.5,-0.01691,180,0,0,34319
0,12,-2,0.5,-0.01529,180,0,0,34334
0,13,-3,0.5,-0.013535,180,0,0,34351
0,14,-4,0.5,-0.011645,180,0,0,34369
0,16,-5,0.5,-0.009485,180,0,0,34385
0,42,-12,0.5,-0.003815,180,0,0,34409
0,25,-7,0.5,-0.00044,180,0,0,34426
0,28,-7,0.5,0.00334,180,0,0,34437
0,30,-8,0.5,0.00739,180,0,0,34453
0,28,-9,0.5,0.01117,180,0,0,34469
0,29,-10,0.5,0.015085,180,0,0,34486
0,27,-10,0.5,0.01873,180,0,0,34508
0,27,-10,0.5,0.022375,180,0,0,34520
0,25,-8,0.5,0.02575,180,0,0,34536
0,24,-6,0.5,0.02899,180,0,0,34552
0,21,-5,0.5,0.031825,180,0,0,34570
0,20,-4,0.5,0.034525,180,0,0,34586
0,17,-3,0.5,0.03682,180,0,0,34601
0,15,-3,0.5,0.038845,180,0,0,34619
0,15,-3,0.5,0.04087,180,0,0,34635
0,14,-3,0.5,0.04276,180,0,0,34652
0,15,-4,0.5,0.044785,180,0,0,34670
0,17,-5,0.5,0.04708,180,0,0,34690
0,17,-6,0.5,0.049375,180,0,0,34702
0,21,-7,0.5,0.05221,180,0,0,34718
0,21,-8,0.5,0.055045,180,0,0,34737
0,20,-9,0.5,0.057745,180,0,0,34753
0,40,-10,0.5,0.063145,180,0,0,34771
0,0,-10,0.5,0.063145,180,0,0,34788
0,39,-15,0.5,0.06841,180,0,0,34809
0,21,-10,0.5,0.071245,180,0,0,34822
0,22,-13,0.5,0.074215,180,0,0,34839
0,23,-13,0.5,0.07732,180,0,0,34854
0,19,-7,0.5,0.079885,180,0,0,34872
0,17,-1,0.5,0.08218,180,0,0,34886
0,13,-10,0.5,0.083935,180,0,0,34904
0,14,-6,0.5,0.085825,180,0,0,34918
0,13,-6,0.5,0.08758,180,0,0,34936
0,16,-7,0.5,0.08974,180,0,0,34951
0,16,-8,0.5,0.0919,180,0,0,34971
0,19,-9,0.5,0.094465,180,0,0,34987
0,22,-10,0.5,0.097435,180,0,0,35004
0,24,-11,0.5,0.100675,180,0,0,35022
0,23,-10,0.5,0.10378,180,0,0,35041
0,23,-10,0.5,0.106885,180,0,0,35057
0,20,-10,0.5,0.109585,180,0,0,35073
0,17,-10,0.5,0.11188,180,0,0,35087
0,16,-11,0.5,0.11404,180,0,0,35104
0,17,-10,0.5,0.116335,180,0,0,35120
0,18,-9,0.5,0.118765,180,0,0,35136
0,17,-8,0.5,0.12106,180,0,0,35152
0,32,-10,0.5,0.12538,180,0,0,35174
0,12,-5,0.5,0.127,180,0,0,35190
0,0,-3,0.5,0.127,180,0,0,35201
0,19,-10,0.5,0.129565,180,0,0,35219
0,10,-5,0.5,0.130915,180,0,0,35235
0,13,-5,0.5,0.13267,180,0,0,35257
0,14,-5,0.5,0.13456,180,0,0,35269
0,16,-6,0.5,0.13672,180,0,0,35285
0,19,-6,0.5,0.139285,180,0,0,35306
0,20,-5,0.5,0.141985,180,0,0,35323
0,23,-5,0.5,0.14509,180,0,0,35336
0,26,-6,0.5,0.1486,180,0,0,35352
0,25,-6,0.5,0.151975,180,0,0,35369
0,25,-7,0.5,0.15535,180,0,0,35387
0,25,-7,0.5,0.158725,180,0,0,35407
0,24,-6,0.5,0.161965,180,0,0,35420
0,25,-5,0.5,0.16534,180,0,0,35434
0,26,-4,0.5,0.16885,180,0,0,35453
0,20,-2,0.5,0.17155,180,0,0,35468
0,17,-1,0.5,0.173845,180,0,0,35484
0,15,0,0.5,0.17587,180,0,0,35501
0,12,0,0.5,0.17749,180,0,0,35516
0,13,0,0.5,0.179245,180,0,0,35533
0,12,0,0.5,0.180865,180,0,0,35550
0,15,-1,0.5,0.18289,180,0,0,35567
0,15,-1,0.5,0.184915,180,0,0,35584
0,27,-1,0.5,0.18856,180,0,0,35605
0,15,0,0.5,0.190585,180,0,0,35618
0,17,0,0.5,0.19288,180,0,0,35634
0,20,0,0.5,0.19558,180,0,0,35651
0,22,0,0.5,0.19855,180,0,0,35674
0,23,0,0.5,0.201655,180,0,0,35685
0,26,-2,0.5,0.205165,180,0,0,35702
0,25,-3,0.5,0.20854,180,0,0,35720
0,28,-3,0.5,0.21232,180,0,0,35734
0,28,-2,0.5,0.2161,180,0,0,35751
0,28,-1,0.5,0.21988,180,0,0,35774
0,25,0,0.5,0.223255,180,0,0,35786
0,19,0,0.5,0.22582,180,0,0,35801
0,13,0,0.5,0.227575,180,0,0,35819
0,9,0,0.5,0.22879,180,0,0,35834
0,6,0,0.5,0.2296,180,0,0,35852
0,4,-2,0.5,0.23014,180,0,0,35870
0,3,-3,0.5,0.230545,180,0,0,35890
0,-1,-3,0.5,0.23041,180,0,0,35903
0,-2,-2,0.5,0.23014,180,0,0,35918
0,-7,-1,0.5,0.229195,180,0,0,35939
0,-12,0,0.5,0.227575,180,0,0,35956
0,-6,0,0.5,0.226765,180,0,0,35971
0,0,0,0.5,0.226765,180,0,0,35984
0,-8,0,0.5,0.225685,180,0,0,36001
0,0,0,0.5,0.225685,180,0,0,36021
0,9,3,0.5,0.2269,180,0,0,36037
0,14,3,0.5,0.22879,180,0,0,36055
0,17,2,0.5,0.231085,180,0,0,36068
0,21,2,0.5,0.23392,180,0,0,36086
0,22,0,0.5,0.23689,180,0,0,36101
0,21,-1,0.5,0.239725,180,0,0,36119
0,23,-2,0.5,0.24283,180,0,0,36135
0,23,-4,0.5,0.245935,180,0,0,36152
0,25,-5,0.5,0.24931,180,0,0,36172
0,23,-6,0.5,0.252415,180,0,0,36187
0,22,-6,0.5,0.255385,180,0,0,36211
0,19,-7,0.5,0.25795,180,0,0,36225
0,19,-7,0.5,0.260515,180,0,0,36239
0,17,-6,0.5,0.26281,180,0,0,36259
0,16,-5,0.5,0.26497,180,0,0,36271
0,14,-5,0.5,0.26686,180,0,0,36286
0,11,-4,0.5,0.268345,180,0,0,36303
0,17,-6,0.5,0.27064,180,0,0,36326
0,6,-2,0.5,0.27145,180,0,0,36339
0,0,0,0.5,0.27145,180,0,0,36353
0,4,-1,0.5,0.27199,180,0,0,36369
0,4,-2,0.5,0.27253,180,0,0,36385
0,4,0,0.5,0.27307,180,0,0,36404
0,8,0,0.5,0.27415,180,0,0,36420
0,11,0,0.5,0.275635,180,0,0,36438
0,13,0,0.5,0.27739,180,0,0,36452
0,15,0,0.5,0.279415,180,0,0,36469
0,18,-2,0.5,0.281845,180,0,0,36487
0,20,-3,0.5,0.284545,180,0,0,36504
0,22,-2,0.5,0.287515,180,0,0,36519
0,25,-2,0.5,0.29089,180,0,0,36536
0,28,-2,0.5,0.29467,180,0,0,36560
0,32,-2,0.5,0.29899,180,0,0,36572
0,33,-2,0.5,0.303445,180,0,0,36591
0,34,-2,0.5,0.308035,180,0,0,36602
0,32,-2,0.5,0.312355,180,0,0,36625
0,28,-1,0.5,0.316135,180,0,0,36639
0,22,0,0.5,0.319105,180,0,0,36654
0,18,0,0.5,0.321535,180,0,0,36669
0,16,0,0.5,0.323695,180,0,0,36686
0,14,0,0.5,0.325585,180,0,0,36702
0,23,2,0.5,0.32869,180,0,0,36724
0,0,0,0.5,0.32869,180,0,0,36736
0,12,1,0.5,0.33031,180,0,0,36753
0,23,1,0.5,0.333415,180,0,0,36771
0,10,2,0.5,0.334765,180,0,0,36787
0,11,2,0.5,0.33625,180,0,0,36807
0,11,3,0.5,0.337735,180,0,0,36821
0,15,4,0.5,0.33976,180,0,0,36838
0,17,4,0.5,0.342055,180,0,0,36854
0,21,4,0.5,0.34489,180,0,0,36872
0,26,3,0.5,0.3484,180,0,0,36890
0,25,3,0.5,0.351775,180,0,0,36904
0,27,2,0.5,0.35542,180,0,0,36924
0,26,1,0.5,0.35893,180,0,0,36937
0,27,2,0.5,0.362575,180,0,0,36955
0,26,2,0.5,0.366085,180,0,0,36972
0,22,2,0.5,0.369055,180,0,0,36991
0,18,3,0.5,0.371485,180,0,0,37005
0,12,3,0.5,0.373105,180,0,0,37028
0,8,2,0.5,0.374185,180,0,0,37039
0,6,1,0.5,0.374995,180,0,0,37056
0,2,-1,0.5,0.375265,180,0,0,37074
0,0,0,0.5,0.375265,180,0,0,37088
0,-2,-2,0.5,0.374995,180,0,0,37105
0,-4,-2,0.5,0.374455,180,0,0,37121
0,-15,-2,0.5,0.37243,180,0,0,37139
0,-6,-4,0.5,0.37162,180,0,0,37157
0,-2,-1,0.5,0.37135,180,0,0,37171
0,3,0,0.5,0.371755,180,0,0,37188
0,9,2,0.5,0.37297,180,0,0,37204
0,13,3,0.5,0.374725,180,0,0,37221
0,17,3,0.5,0.37702,180,0,0,37238
0,20,3,0.5,0.37972,180,0,0,37259
0,21,3,0.5,0.382555,180,0,0,37275
0,21,2,0.5,0.38539,180,0,0,37292
0,20,2,0.5,0.38809,180,0,0,37304
0,17,1,0.5,0.390385,180,0,0,37321
0,13,0,0.5,0.39214,180,0,0,37338
0,9,0,0.5,0.393355,180,0,0,37353
0,8,-1,0.5,0.394435,180,0,0,37371
0,5,0,0.5,0.39511,180,0,0,37391
0,4,0,0.5,0.39565,180,0,0,37404
0,4,1,0.5,0.39619,180,0,0,37421
0,4,1,0.5,0.39673,180,0,0,37438
0,5,2,0.5,0.397405,180,0,0,37454
0,7,3,0.5,0.39835,180,0,0,37477
0,25,9,0.5,0.401725,180,0,0,37495
0,0,0,0.5,0.401725,180,0,0,37504
0,19,4,0.5,0.40429,180,0,0,37522
0,45,8,0.5,0.410365,180,0,0,37539
0,22,3,0.5,0.413335,180,0,0,37556
0,16,3,0.5,0.415495,180,0,0,37576
0,10,2,0.5,0.416845,180,0,0,37589
0,4,0,0.5,0.417385,180,0,0,37604
0,4,0,0.5,0.417925,180,0,0,37623
0,6,0,0.5,0.418735,180,0,0,37640
0,8,0,0.5,0.419815,180,0,0,37658
0,12,0,0.5,0.421435,180,0,0,37674
0,11,0,0.5,0.42292,180,0,0,37688
0,7,0,0.5,0.423865,180,0,0,37704
0,1,0,0.5,0.424,180,0,0,37721
0,0,0,0.5,0.424,180,0,0,37737
0,-1,1,0.5,0.423865,180,0,0,37755
0,2,2,0.5,0.424135,180,0,0,37774
0,5,2,0.5,0.42481,180,0,0,37788
0,5,1,0.5,0.425485,180,0,0,37804
0,7,2,0.5,0.42643,180,0,0,37821
0,5,2,0.5,0.427105,180,0,0,37839
0,6,3,0.5,0.427915,180,0,0,37856
0,8,2,0.5,0.428995,180,0,0,37872
0,9,3,0.5,0.43021,180,0,0,37890
0,16,6,0.5,0.43237,180,0,0,37908
0,5,3,0.5,0.433045,180,0,0,37923
0,3,3,0.5,0.43345,180,0,0,37941
0,1,3,0.5,0.433585,180,0,0,37960
0,-1,4,0.5,0.43345,180,0,0,37977
0,1,5,0.5,0.433585,180,0,0,37991
0,0,5,0.5,0.433585,180,0,0,38006
0,3,6,0.5,0.43399,180,0,0,38023
0,4,7,0.5,0.43453,180,0,0,38043
0,4,8,0.5,0.43507,180,0,0,38060
0,4,8,0.5,0.43561,180,0,0,38074
0,2,9,0.5,0.43588,180,0,0,38091
0,3,9,0.5,0.436285,180,0,0,38111
0,4,10,0.5,0.436825,180,0,0,38126
0,7,10,0.5,0.43777,180,0,0,38146
0,8,9,0.5,0.43885,180,0,0,38164
0,10,9,0.5,0.4402,180,0,0,38175
0,12,8,0.5,0.44182,180,0,0,38192
0,14,9,0.5,0.44371,180,0,0,38212
0,16,8,0.5,0.44587,180,0,0,38224
0,18,7,0.5,0.4483,180,0,0,38245
0,18,7,0.5,0.45073,180,0,0,38261
0,29,12,0.5,0.454645,180,0,0,38278
0,10,5,0.5,0.455995,180,0,0,38294
0,9,3,0.5,0.45721,180,0,0,38309
0,6,3,0.5,0.45802,180,0,0,38325
0,4,2,0.5,0.45856,180,0,0,38342
0,5,4,0.5,0.459235,180,0,0,38358
0,5,5,0.5,0.45991,180,0,0,38375
0,6,6,0.5,0.46072,180,0,0,38395
0,6,7,0.5,0.46153,180,0,0,38410
0,7,8,0.5,0.462475,180,0,0,38429
0,7,9,0.5,0.46342,180,0,0,38444
0,9,10,0.5,0.464635,180,0,0,38461
0,10,11,0.5,0.465985,180,0,0,38476
0,10,11,0.5,0.467335,180,0,0,38496
0,9,11,0.5,0.46855,180,0,0,38510
0,9,11,0.5,0.469765,180,0,0,38527
0,9,11,0.5,0.47098,180,0,0,38543
0,9,11,0.5,0.472195,180,0,0,38560
0,9,12,0.5,0.47341,180,0,0,38576
0,9,11,0.5,0.474625,180,0,0,38595
0,10,11,0.5,0.475975,180,0,0,38611
0,13,12,0.5,0.47773,180,0,0,38627
0,14,11,0.5,0.47962,180,0,0,38643
0,16,12,0.5,0.48178,180,0,0,38661
0,38,20,0.5,0.48691,180,0,0,38681
0,17,8,0.5,0.489205,180,0,0,38692
0,15,7,0.5,0.49123,180,0,0,38711
0,13,6,0.5,0.492985,180,0,0,38725
0,11,5,0.5,0.49447,180,0,0,38750
0,9,4,0.5,0.495685,180,0,0,38760
0,8,4,0.5,0.496765,180,0,0,38777
0,8,4,0.5,0.497845,180,0,0,38791
0,10,5,0.5,0.499195,180,0,0,38810
0,11,5,0.5,0.50068,180,0,0,38829
0,13,4,0.5,0.502435,180,0,0,38842
0,15,4,0.5,0.50446,180,0,0,38859
0,17,3,0.5,0.506755,180,0,0,38878
0,19,2,0.5,0.50932,180,0,0,38894
0,24,0,0.5,0.51256,180,0,0,38906
0,26,0,0.5,0.51607,180,0,0,38923
0,28,0,0.5,0.51985,180,0,0,38941
0,27,0,0.5,0.523495,180,0,0,38957
0,22,0,0.5,0.526465,180,0,0,38974
0,18,0,0.5,0.528895,180,0,0,38990
0,14,-1,0.5,0.530785,180,0,0,39010
0,10,-1,0.5,0.532135,180,0,0,39025
0,14,-3,0.5,0.534025,180,0,0,39044
0,0,0,0.5,0.534025,180,0,0,39057
0,20,-2,0.5,0.536725,180,0,0,39079
0,14,-1,0.5,0.538615,180,0,0,39095
0,15,-1,0.5,0.54064,180,0,0,39108
0,17,-1,0.5,0.542935,180,0,0,39125
0,21,0,0.5,0.54577,180,0,0,39141
0,23,0,0.5,0.548875,180,0,0,39157
0,25,0,0.5,0.55225,180,0,0,39175
0,28,0,0.5,0.55603,180,0,0,39191
0,29,0,0.5,0.559945,180,0,0,39208
0,29,0,0.5,0.56386,180,0,0,39224
0,26,0,0.5,0.56737,180,0,0,39243
0,24,-1,0.5,0.57061,180,0,0,39260
0,19,-2,0.5,0.573175,180,0,0,39274
0,16,-2,0.5,0.575335,180,0,0,39293
0,13,-3,0.5,0.57709,180,0,0,39311
0,11,-2,0.5,0.578575,180,0,0,39327
0,9,-1,0.5,0.57979,180,0,0,39343
0,5,1,0.5,0.580465,180,0,0,39359
0,3,3,0.5,0.58087,180,0,0,39378
0,1,4,0.5,0.581005,180,0,0,39394
0,0,5,0.5,0.581005,180,0,0,39410
0,2,5,0.5,0.581275,180,0,0,39426
0,7,8,0.5,0.58222,180,0,0,39444
0,5,4,0.5,0.582895,180,0,0,39464
0,7,3,0.5,0.58384,180,0,0,39476
0,10,4,0.5,0.58519,180,0,0,39492
0,12,4,0.5,0.58681,180,0,0,39511
0,13,5,0.5,0.588565,180,0,0,39528
0,12,5,0.5,0.590185,180,0,0,39549
0,10,6,0.5,0.591535,180,0,0,39561
0,8,7,0.5,0.592615,180,0,0,39584
0,7,7,0.5,0.59356,180,0,0,39592
0,4,7,0.5,0.5941,180,0,0,39613
0,3,9,0.5,0.594505,180,0,0,39628
0,2,9,0.5,0.594775,180,0,0,39647
0,0,9,0.5,0.594775,180,0,0,39663
0,-2,10,0.5,0.594505,180,0,0,39677
0,-3,10,0.5,0.5941,180,0,0,39696
0,-3,11,0.5,0.593695,180,0,0,39712
0,-3,20,0.5,0.59329,180,0,0,39742
0,0,9,0.5,0.59329,180,0,0,39752
0,0,0,0.5,0.59329,180,0,0,39759
0,0,8,0.5,0.59329,180,0,0,39776
0,0,13,0.5,0.59329,180,0,0,39798
0,-1,7,0.5,0.593155,180,0,0,39814
0,0,8,0.5,0.593155,180,0,0,39828
0,2,9,0.5,0.593425,180,0,0,39845
0,4,8,0.5,0.593965,180,0,0,39863
0,6,9,0.5,0.594775,180,0,0,39878
0,4,8,0.5,0.595315,180,0,0,39895
0,4,9,0.5,0.595855,180,0,0,39914
0,4,8,0.5,0.596395,180,0,0,39932
0,2,9,0.5,0.596665,180,0,0,39945
0,-1,8,0.5,0.59653,180,0,0,39962
0,0,8,0.5,0.59653,180,0,0,39978
0,0,8,0.5,0.59653,180,0,0,39994
0,1,8,0.5,0.596665,180,0,0,40013
0,4,7,0.5,0.597205,180,0,0,40036
0,8,7,0.5,0.598285,180,0,0,40046
0,11,7,0.5,0.59977,180,0,0,40066
0,13,7,0.5,0.601525,180,0,0,40080
0,13,6,0.5,0.60328,180,0,0,40099
0,10,6,0.5,0.60463,180,0,0,40116
0,7,6,0.5,0.605575,180,0,0,40127
0,6,11,0.5,0.606385,180,0,0,40152
0,3,5,0.5,0.60679,180,0,0,40165
0,0,0,0.5,0.60679,180,0,0,40176
0,4,5,0.5,0.60733,180,0,0,40196
0,10,8,0.5,0.60868,180,0,0,40213
0,5,3,0.5,0.609355,180,0,0,40227
0,7,2,0.5,0.6103,180,0,0,40244
0,6,2,0.5,0.61111,180,0,0,40260
0,5,1,0.5,0.611785,180,0,0,40278
0,5,0,0.5,0.61246,180,0,0,40297
0,5,-1,0.5,0.613135,180,0,0,40310
0,4,-1,0.5,0.613675,180,0,0,40332
0,2,-1,0.5,0.613945,180,0,0,40345
0,0,-2,0.5,0.613945,180,0,0,40361
0,-2,-1,0.5,0.613675,180,0,0,40377
0,-9,0,0.5,0.61246,180,0,0,40393
0,-8,2,0.5,0.61138,180,0,0,40410
0,-7,2,0.5,0.610435,180,0,0,40430
0,-4,1,0.5,0.609895,180,0,0,40443
0,-1,2,0.5,0.60976,180,0,0,40460
0,3,2,0.5,0.610165,180,0,0,40481
0,6,2,0.5,0.610975,180,0,0,40494
0,8,3,0.5,0.612055,180,0,0,40511
0,9,4,0.5,0.61327,180,0,0,40527
0,9,4,0.5,0.614485,180,0,0,40551
0,18,12,0.5,0.616915,180,0,0,40565
0,0,0,0.5,0.616915,180,0,0,40578
0,11,7,0.5,0.6184,180,0,0,40595
0,21,16,0.5,0.621235,180,0,0,40623
0,12,9,0.5,0.622855,180,0,0,40634
0,15,8,0.5,0.62488,180,0,0,40649
0,18,7,0.5,0.62731,180,0,0,40663
0,22,7,0.5,0.63028,180,0,0,40685
0,24,6,0.5,0.63352,180,0,0,40706
0,24,5,0.5,0.63676,180,0,0,40713
0,28,6,0.5,0.64054,180,0,0,40730
0,29,6,0.5,0.644455,180,0,0,40754
0,27,5,0.5,0.6481,180,0,0,40765
0,27,5,0.5,0.651745,180,0,0,40780
0,24,5,0.5,0.654985,180,0,0,40798
0,22,4,0.5,0.657955,180,0,0,40814
0,19,4,0.5,0.66052,180,0,0,40832
0,16,4,0.5,0.66268,180,0,0,40848
0,14,3,0.5,0.66457,180,0,0,40862
0,11,3,0.5,0.666055,180,0,0,40879
0,9,3,0.5,0.66727,180,0,0,40896
0,7,3,0.5,0.668215,180,0,0,40911
0,14,9,0.5,0.670105,180,0,0,40936
0,0,0,0.5,0.670105,180,0,0,40943
0,14,13,0.5,0.671995,180,0,0,40970
0,8,8,0.5,0.673075,180,0,0,40985
0,8,9,0.5,0.674155,180,0,0,41000
0,7,10,0.5,0.6751,180,0,0,41020
0,7,12,0.5,0.676045,180,0,0,41039
0,5,12,0.5,0.67672,180,0,0,41056
0,4,12,0.5,0.67726,180,0,0,41074
0,4,12,0.5,0.6778,180,0,0,41083
0,3,12,0.5,0.678205,180,0,0,41103
0,-1,11,0.5,0.67807,180,0,0,41119
0,0,10,0.5,0.67807,180,0,0,41134
0,0,10,0.5,0.67807,180,0,0,41151
0,2,11,0.5,0.67834,180,0,0,41165
0,4,11,0.5,0.67888,180,0,0,41183
0,6,11,0.5,0.67969,180,0,0,41199
0,7,10,0.5,0.680635,180,0,0,41216
0,9,10,0.5,0.68185,180,0,0,41235
0,10,9,0.5,0.6832,180,0,0,41249
0,12,9,0.5,0.68482,180,0,0,41267
0,13,7,0.5,0.686575,180,0,0,41280
0,16,7,0.5,0.688735,180,0,0,41297
0,36,11,0.5,0.693595,180,0,0,41318
0,0,0,0.5,0.693595,180,0,0,41328
0,33,7,0.5,0.69805,180,0,0,41350
0,15,3,0.5,0.700075,180,0,0,41362
0,13,3,0.5,0.70183,180,0,0,41381
0,12,2,0.5,0.70345,180,0,0,41400
0,11,4,0.5,0.704935,180,0,0,41414
0,15,4,0.5,0.70696,180,0,0,41430
0,15,4,0.5,0.708985,180,0,0,41446
0,18,4,0.5,0.71,180,0,0,41463
