0,0,0,0.5,-0.71,180,0,0,8552
0,1,0,0.5,-0.709865,180,0,0,10203
0,0,0,0.5,-0.709865,180,0,0,10209
0,0,0,0.5,-0.709865,180,0,0,10219
0,0,0,0.5,-0.709865,180,0,0,10235
0,0,0,0.5,-0.709865,180,0,0,10252
0,0,0,0.5,-0.709865,180,0,0,10269
0,0,0,0.5,-0.709865,180,0,0,10286
0,0,0,0.5,-0.709865,180,0,0,10302
0,0,0,0.5,-0.709865,180,0,0,10319
0,0,0,0.5,-0.709865,180,0,0,10336
0,0,0,0.5,-0.709865,180,0,0,10352
0,0,0,0.5,-0.709865,180,0,0,10369
0,0,0,0.5,-0.709865,180,0,0,10386
0,0,0,0.5,-0.709865,180,0,0,10403
0,0,0,0.5,-0.709865,180,0,0,10419
0,0,0,0.5,-0.709865,180,0,0,10436
0,0,0,0.5,-0.709865,180,0,0,10452
0,0,0,0.5,-0.709865,180,0,0,10469
0,0,0,0.5,-0.709865,180,0,0,10485
0,0,0,0.5,-0.709865,180,0,0,10502
0,0,0,0.5,-0.709865,180,0,0,10519
0,0,0,0.5,-0.709865,180,0,0,10535
0,0,0,0.5,-0.709865,180,0,0,10552
0,0,0,0.5,-0.709865,180,0,0,10569
0,0,0,0.5,-0.709865,180,0,0,10586
0,0,0,0.5,-0.709865,180,0,0,10603
0,0,0,0.5,-0.709865,180,0,0,10619
0,0,0,0.5,-0.709865,180,0,0,10635
0,0,0,0.5,-0.709865,180,0,0,10652
0,0,0,0.5,-0.709865,180,0,0,10669
0,0,0,0.5,-0.709865,180,0,0,10686
0,0,0,0.5,-0.709865,180,0,0,10702
0,0,0,0.5,-0.709865,180,0,0,10719
0,0,0,0.5,-0.709865,180,0,0,10735
0,0,0,0.5,-0.709865,180,0,0,10752
0,0,0,0.5,-0.709865,180,0,0,10769
0,0,0,0.5,-0.709865,180,0,0,10785
0,0,0,0.5,-0.709865,180,0,0,10802
0,0,0,0.5,-0.709865,180,0,0,10819
0,0,0,0.5,-0.709865,180,0,0,10836
0,0,0,0.5,-0.709865,180,0,0,10852
0,0,0,0.5,-0.709865,180,0,0,10869
0,0,0,0.5,-0.709865,180,0,0,10886
0,0,0,0.5,-0.709865,180,0,0,10902
0,0,0,0.5,-0.709865,180,0,0,10919
0,0,0,0.5,-0.709865,180,0,0,10936
0,0,0,0.5,-0.709865,180,0,0,10952
0,0,0,0.5,-0.709865,180,0,0,10969
0,0,0,0.5,-0.709865,180,0,0,10986
0,0,0,0.5,-0.709865,180,0,0,11002
0,0,0,0.5,-0.709865,180,0,0,11019
0,0,0,0.5,-0.709865,180,0,0,11035
0,0,0,0.5,-0.709865,180,0,0,11052
0,0,0,0.5,-0.709865,180,0,0,11069
0,0,0,0.5,-0.709865,180,0,0,11085
0,0,0,0.5,-0.709865,180,0,0,11102
0,0,0,0.5,-0.709865,180,0,0,11119
0,0,0,0.5,-0.709865,180,0,0,11136
0,0,0,0.5,-0.709865,180,0,0,11153
0,0,0,0.5,-0.709865,180,0,0,11169
0,0,0,0.5,-0.709865,180,0,0,11185
0,0,0,0.5,-0.709865,180,0,0,11202
0,0,0,0.5,-0.709865,180,0,0,11220
0,0,0,0.5,-0.709865,180,0,0,11236
0,0,0,0.5,-0.709865,180,0,0,11253
0,0,0,0.5,-0.709865,180,0,0,11269
0,0,0,0.5,-0.709865,180,0,0,11285
0,0,0,0.5,-0.709865,180,0,0,11302
0,0,0,0.5,-0.709865,180,0,0,11319
0,0,0,0.5,-0.709865,180,0,0,11336
0,0,0,0.5,-0.709865,180,0,0,11352
0,0,0,0.5,-0.709865,180,0,0,11369
0,0,0,0.5,-0.709865,180,0,0,11386
0,0,0,0.5,-0.709865,180,0,0,11404
0,0,0,0.5,-0.709865,180,0,0,11419
0,0,0,0.5,-0.709865,180,0,0,11436
0,0,0,0.5,-0.709865,180,0,0,11452
0,0,0,0.5,-0.709865,180,0,0,11469
0,0,0,0.5,-0.709865,180,0,0,11486
0,0,0,0.5,-0.709865,180,0,0,11503
0,0,0,0.5,-0.709865,180,0,0,11519
0,0,0,0.5,-0.709865,180,0,0,11536
0,0,0,0.5,-0.709865,180,0,0,11552
0,0,0,0.5,-0.709865,180,0,0,11569
0,0,0,0.5,-0.709865,180,0,0,11586
0,0,0,0.5,-0.709865,180,0,0,11602
0,0,0,0.5,-0.709865,180,0,0,11619
0,0,0,0.5,-0.709865,180,0,0,11636
0,0,0,0.5,-0.709865,180,0,0,11652
0,0,0,0.5,-0.709865,180,0,0,11669
0,0,0,0.5,-0.709865,180,0,0,11686
0,0,0,0.5,-0.709865,180,0,0,11702
0,0,0,0.5,-0.709865,180,0,0,11719
0,0,0,0.5,-0.709865,180,0,0,11736
0,0,0,0.5,-0.709865,180,0,0,11752
0,0,0,0.5,-0.709865,180,0,0,11769
0,0,0,0.5,-0.709865,180,0,0,11786
0,0,0,0.5,-0.709865,180,0,0,11803
0,0,0,0.5,-0.709865,180,0,0,11819
0,0,0,0.5,-0.709865,180,0,0,11836
0,0,0,0.5,-0.709865,180,0,0,11852
0,0,0,0.5,-0.709865,180,0,0,11869
0,0,0,0.5,-0.709865,180,0,0,11886
0,0,0,0.5,-0.709865,180,0,0,11902
0,0,0,0.5,-0.709865,180,0,0,11919
0,0,0,0.5,-0.709865,180,0,0,11935
0,0,0,0.5,-0.709865,180,0,0,11952
0,0,0,0.5,-0.709865,180,0,0,11969
0,0,0,0.5,-0.709865,180,0,0,11986
0,0,0,0.5,-0.709865,180,0,0,12003
0,0,0,0.5,-0.709865,180,0,0,12019
0,0,0,0.5,-0.709865,180,0,0,12036
0,0,0,0.5,-0.709865,180,0,0,12052
0,0,0,0.5,-0.709865,180,0,0,12069
0,0,0,0.5,-0.709865,180,0,0,12085
0,0,0,0.5,-0.709865,180,0,0,12102
0,0,0,0.5,-0.709865,180,0,0,12119
0,0,0,0.5,-0.709865,180,0,0,12255
0,0,0,0.5,-0.709865,180,0,0,12259
0,0,0,0.5,-0.709865,180,0,0,12273
0,0,0,0.5,-0.709865,180,0,0,12290
0,0,0,0.5,-0.709865,180,0,0,12305
0,0,0,0.5,-0.709865,180,0,0,12322
0,0,0,0.5,-0.709865,180,0,0,12338
0,0,0,0.5,-0.709865,180,0,0,12355
0,0,0,0.5,-0.709865,180,0,0,12372
0,0,0,0.5,-0.709865,180,0,0,12388
0,0,0,0.5,-0.709865,180,0,0,12405
0,0,0,0.5,-0.709865,180,0,0,12423
0,0,0,0.5,-0.709865,180,0,0,12438
0,0,0,0.5,-0.709865,180,0,0,12455
0,0,0,0.5,-0.709865,180,0,0,12472
0,0,0,0.5,-0.709865,180,0,0,12489
0,0,0,0.5,-0.709865,180,0,0,12505
0,0,0,0.5,-0.709865,180,0,0,12522
0,0,0,0.5,-0.709865,180,0,0,12538
0,0,0,0.5,-0.709865,180,0,0,12555
0,0,0,0.5,-0.709865,180,0,0,12572
0,0,0,0.5,-0.709865,180,0,0,12588
0,0,0,0.5,-0.709865,180,0,0,12605
0,0,0,0.5,-0.709865,180,0,0,12622
0,0,0,0.5,-0.709865,180,0,0,12638
0,0,0,0.5,-0.709865,180,0,0,12655
0,0,0,0.5,-0.709865,180,0,0,12672
0,0,0,0.5,-0.709865,180,0,0,12689
0,0,0,0.5,-0.709865,180,0,0,12705
0,0,0,0.5,-0.709865,180,0,0,12722
0,0,0,0.5,-0.709865,180,0,0,12739
0,0,0,0.5,-0.709865,180,0,0,12755
0,0,0,0.5,-0.709865,180,0,0,12772
0,0,0,0.5,-0.709865,180,0,0,12788
0,0,0,0.5,-0.709865,180,0,0,12808
0,0,0,0.5,-0.709865,180,0,0,12822
0,0,0,0.5,-0.709865,180,0,0,12838
0,0,0,0.5,-0.709865,180,0,0,12855
0,0,0,0.5,-0.709865,180,0,0,12872
0,0,0,0.5,-0.709865,180,0,0,12889
0,0,0,0.5,-0.709865,180,0,31,12905
0,0,0,0.5,-0.709865,180,0,31,12922
0,0,0,0.5,-0.709865,180,0,31,12939
0,0,0,0.5,-0.709865,180,0,31,12967
0,0,0,0.5,-0.709865,180,0,31,12981
0,0,0,0.5,-0.709865,180,0,31,12989
0,0,0,0.5,-0.709865,180,0,31,13006
0,0,0,0.5,-0.709865,180,0,31,13023
0,0,0,0.5,-0.709865,180,0,31,13038
0,0,0,0.5,-0.709865,180,0,31,13055
0,0,0,0.5,-0.709865,180,0,0,13072
0,0,0,0.5,-0.709865,180,0,0,13088
0,0,0,0.5,-0.709865,180,0,0,13105
0,0,0,0.5,-0.709865,180,0,0,13122
0,0,0,0.5,-0.709865,180,0,0,13138
0,0,0,0.5,-0.709865,180,0,0,13155
0,0,0,0.5,-0.709865,180,0,0,13172
0,0,0,0.5,-0.709865,180,0,0,13189
0,0,0,0.5,-0.709865,180,0,0,13205
0,0,0,0.5,-0.709865,180,0,0,13222
0,0,0,0.5,-0.709865,180,0,0,13238
0,0,0,0.5,-0.709865,180,0,0,13255
0,0,0,0.5,-0.709865,180,0,0,13273
0,0,0,0.5,-0.709865,180,0,0,13288
0,0,0,0.5,-0.709865,180,0,0,13305
0,0,0,0.5,-0.709865,180,0,0,13322
0,0,0,0.5,-0.709865,180,0,0,13339
0,0,0,0.5,-0.709865,180,0,0,13355
0,0,0,0.5,-0.709865,180,0,0,13372
0,0,0,0.5,-0.709865,180,0,0,13389
0,0,0,0.5,-0.709865,180,0,0,13405
0,0,0,0.5,-0.709865,180,0,0,13422
0,0,0,0.5,-0.709865,180,0,0,13438
0,-8,3,0.5,-0.71,180,0,0,13786
0,-8,4,0.5,-0.71,180,0,0,13800
0,-8,5,0.5,-0.71,180,0,0,13811
0,-9,6,0.5,-0.71,180,0,0,13825
0,-9,5,0.5,-0.71,180,0,0,13838
0,-8,4,0.5,-0.71,180,0,0,13853
0,-7,5,0.5,-0.71,180,0,0,13874
0,-4,5,0.5,-0.71,180,0,0,13885
0,0,0,0.5,-0.71,180,0,0,13897
0,-2,13,0.5,-0.71,180,0,0,13918
0,2,5,0.5,-0.70973,180,0,0,13934
0,5,4,0.5,-0.709055,180,0,0,13949
0,4,3,0.5,-0.708515,180,0,0,13965
0,6,2,0.5,-0.707705,180,0,0,13984
0,3,0,0.5,-0.7073,180,0,0,13998
0,1,0,0.5,-0.707165,180,0,0,14014
0,1,0,0.5,-0.70703,180,0,0,14031
0,0,0,0.5,-0.70703,180,0,0,14047
0,-5,-1,0.5,-0.707705,180,0,0,14064
0,-5,-1,0.5,-0.70838,180,0,0,14081
0,-5,0,0.5,-0.709055,180,0,0,14098
0,-4,0,0.5,-0.709595,180,0,0,14114
0,-2,0,0.5,-0.709865,180,0,0,14131
0,1,0,0.5,-0.70973,180,0,0,14148
0,3,1,0.5,-0.709325,180,0,0,14165
0,10,2,0.5,-0.707975,180,0,0,14182
0,12,2,0.5,-0.706355,180,0,0,14198
0,16,3,0.5,-0.704195,180,0,0,14217
0,19,4,0.5,-0.70163,180,0,0,14232
0,24,4,0.5,-0.69839,180,0,0,14248
0,28,5,0.5,-0.69461,180,0,0,14266
0,27,4,0.5,-0.690965,180,0,0,14282
0,53,11,0.5,-0.68381,180,0,0,14304
0,24,6,0.5,-0.68057,180,0,0,14316
0,23,7,0.5,-0.677465,180,0,0,14333
0,21,7,0.5,-0.67463,180,0,0,14350
0,22,8,0.5,-0.67166,180,0,0,14369
0,24,9,0.5,-0.66842,180,0,0,14388
0,25,9,0.5,-0.665045,180,0,0,14401
0,26,10,0.5,-0.661535,180,0,0,14419
0,28,10,0.5,-0.657755,180,0,0,14437
0,27,9,0.5,-0.65411,180,0,0,14450
0,28,8,0.5,-0.65033,180,0,0,14467
0,29,8,0.5,-0.646415,180,0,0,14483
0,29,8,0.5,-0.6425,180,0,0,14502
0,28,10,0.5,-0.63872,180,0,0,14518
0,21,11,0.5,-0.635885,180,0,0,14534
0,15,12,0.5,-0.63386,180,0,0,14551
0,11,13,0.5,-0.632375,180,0,0,14567
0,11,13,0.5,-0.63089,180,0,0,14585
0,14,13,0.5,-0.629,180,0,0,14608
0,40,22,0.5,-0.6236,180,0,0,14628
0,26,10,0.5,-0.62009,180,0,0,14645
0,29,6,0.5,-0.616175,180,0,0,14655
0,32,13,0.5,-0.611855,180,0,0,14676
0,33,10,0.5,-0.6074,180,0,0,14701
0,33,10,0.5,-0.602945,180,0,0,14710
0,33,10,0.5,-0.59849,180,0,0,14722
0,32,9,0.5,-0.59417,180,0,0,14741
0,30,8,0.5,-0.59012,180,0,0,14754
0,26,10,0.5,-0.58661,180,0,0,14770
0,21,11,0.5,-0.583775,180,0,0,14789
0,17,13,0.5,-0.58148,180,0,0,14803
0,12,13,0.5,-0.57986,180,0,0,14821
0,7,12,0.5,-0.578915,180,0,0,14839
0,2,12,0.5,-0.578645,180,0,0,14855
0,0,11,0.5,-0.578645,180,0,0,14867
0,-4,8,0.5,-0.579185,180,0,0,14884
0,-6,6,0.5,-0.579995,180,0,0,14899
0,-7,4,0.5,-0.58094,180,0,0,14916
0,-8,5,0.5,-0.58202,180,0,0,14933
0,-7,6,0.5,-0.582965,180,0,0,14950
0,-6,6,0.5,-0.583775,180,0,0,14968
0,-5,5,0.5,-0.58445,180,0,0,14983
0,-3,5,0.5,-0.584855,180,0,0,14999
0,-1,4,0.5,-0.58499,180,0,0,15017
0,0,3,0.5,-0.58499,180,0,0,15035
0,2,2,0.5,-0.58472,180,0,0,15048
0,7,2,0.5,-0.583775,180,0,0,15068
0,5,2,0.5,-0.5831,180,0,0,15085
0,0,0,0.5,-0.5831,180,0,0,15097
0,8,5,0.5,-0.58202,180,0,0,15117
0,0,0,0.5,-0.58202,180,0,0,15131
0,4,4,0.5,-0.58148,180,0,0,15150
0,0,1,0.5,-0.58148,180,0,31,15164
0,2,1,0.5,-0.58121,180,0,31,15184
0,2,2,0.5,-0.58094,180,0,31,15199
0,5,2,0.5,-0.580265,180,0,31,15216
0,7,2,0.5,-0.57932,180,0,31,15233
0,9,2,0.5,-0.578105,180,0,31,15248
0,11,3,0.5,-0.57662,180,0,31,15265
0,13,3,0.5,-0.574865,180,0,31,15282
0,16,4,0.5,-0.572705,180,0,31,15303
0,19,4,0.5,-0.57014,180,0,31,15317
0,19,4,0.5,-0.567575,180,0,31,15332
0,19,5,0.5,-0.56501,180,0,31,15351
0,16,4,0.5,-0.56285,180,0,31,15367
0,12,4,0.5,-0.56123,180,0,31,15382
0,11,5,0.5,-0.559745,180,0,0,15401
0,10,4,0.5,-0.558395,180,0,0,15415
0,11,4,0.5,-0.55691,180,0,0,15432
0,10,4,0.5,-0.55556,180,0,0,15449
0,22,6,0.5,-0.55259,180,0,0,15470
0,13,2,0.5,-0.550835,180,0,0,15483
0,15,2,0.5,-0.54881,180,0,0,15499
0,18,2,0.5,-0.54638,180,0,0,15515
0,19,1,0.5,-0.543815,180,0,0,15533
0,18,1,0.5,-0.541385,180,0,0,15548
0,18,1,0.5,-0.538955,180,0,0,15564
0,16,1,0.5,-0.536795,180,0,0,15582
0,15,2,0.5,-0.53477,180,0,0,15603
0,13,3,0.5,-0.533015,180,0,0,15615
0,10,2,0.5,-0.531665,180,0,0,15632
0,9,3,0.5,-0.53045,180,0,0,15650
0,5,4,0.5,-0.529775,180,0,0,15665
0,0,6,0.5,-0.529775,180,0,0,15687
0,-4,7,0.5,-0.530315,180,0,0,15701
0,-10,9,0.5,-0.531665,180,0,0,15716
0,-11,9,0.5,-0.53315,180,0,0,15734
0,-12,8,0.5,-0.53477,180,0,0,15749
0,-13,7,0.5,-0.536525,180,0,0,15768
0,-11,6,0.5,-0.53801,180,0,0,15783
0,-9,5,0.5,-0.539225,180,0,0,15799
0,-9,3,0.5,-0.54044,180,0,0,15815
0,-5,2,0.5,-0.541115,180,0,0,15835
0,-2,0,0.5,-0.541385,180,0,0,15848
0,0,0,0.5,-0.541385,180,0,0,15865
0,13,-4,0.5,-0.53963,180,0,31,15882
0,9,-3,0.5,-0.538415,180,0,31,15898
0,9,-2,0.5,-0.5372,180,0,31,15916
0,11,-1,0.5,-0.535715,180,0,31,15932
0,12,-1,0.5,-0.534095,180,0,31,15948
0,11,0,0.5,-0.53261,180,0,31,15965
0,11,0,0.5,-0.531125,180,0,31,15982
0,11,0,0.5,-0.52964,180,0,31,15998
0,13,0,0.5,-0.527885,180,0,31,16015
0,15,0,0.5,-0.52586,180,0,0,16031
0,19,0,0.5,-0.523295,180,0,0,16053
0,23,0,0.5,-0.52019,180,0,0,16064
0,23,0,0.5,-0.517085,180,0,0,16081
0,23,0,0.5,-0.51398,180,0,0,16099
0,20,1,0.5,-0.51128,180,0,0,16114
0,17,2,0.5,-0.508985,180,0,0,16133
0,16,2,0.5,-0.506825,180,0,0,16149
0,18,3,0.5,-0.504395,180,0,0,16165
0,17,2,0.5,-0.5021,180,0,0,16182
0,15,1,0.5,-0.500075,180,0,0,16198
0,13,1,0.5,-0.49832,180,0,0,16215
0,10,1,0.5,-0.49697,180,0,0,16231
0,10,2,0.5,-0.49562,180,0,0,16257
0,0,0,0.5,-0.49562,180,0,0,16264
0,-1,3,0.5,-0.495755,180,0,0,16282
0,-4,4,0.5,-0.496295,180,0,0,16298
0,-8,6,0.5,-0.497375,180,0,0,16316
0,-10,7,0.5,-0.498725,180,0,0,16336
0,-13,7,0.5,-0.50048,180,0,0,16350
0,-11,6,0.5,-0.501965,180,0,0,16366
0,-12,6,0.5,-0.503585,180,0,0,16383
0,-12,5,0.5,-0.505205,180,0,0,16399
0,-12,4,0.5,-0.506825,180,0,0,16415
0,-7,2,0.5,-0.50777,180,0,0,16435
0,-6,2,0.5,-0.50858,180,0,0,16450
0,-2,0,0.5,-0.50885,180,0,0,16464
0,0,0,0.5,-0.50885,180,0,0,16481
0,2,-3,0.5,-0.50858,180,0,0,16499
0,4,-3,0.5,-0.50804,180,0,31,16516
0,4,-3,0.5,-0.5075,180,0,31,16532
0,4,-3,0.5,-0.50696,180,0,31,16548
0,3,-2,0.5,-0.506555,180,0,31,16566
0,3,-2,0.5,-0.50615,180,0,31,16583
0,2,-1,0.5,-0.50588,180,0,31,16598
0,1,-1,0.5,-0.505745,180,0,31,16615
0,1,-1,0.5,-0.50561,180,0,31,16634
0,3,-1,0.5,-0.505205,180,0,31,16650
0,5,-1,0.5,-0.50453,180,0,31,16665
0,21,-5,0.5,-0.501695,180,0,31,16683
0,12,-2,0.5,-0.500075,180,0,31,16698
0,13,-3,0.5,-0.49832,180,0,0,16717
0,11,-3,0.5,-0.496835,180,0,0,16732
0,12,-3,0.5,-0.495215,180,0,0,16748
0,11,-3,0.5,-0.49373,180,0,0,16766
0,9,-2,0.5,-0.492515,180,0,0,16781
0,5,-2,0.5,-0.49184,180,0,0,16800
0,2,-1,0.5,-0.49157,180,0,0,16816
0,-1,0,0.5,-0.491705,180,0,0,16831
0,-8,0,0.5,-0.492785,180,0,0,16848
0,-11,0,0.5,-0.49427,180,0,0,16866
0,-14,1,0.5,-0.49616,180,0,0,16882
0,-18,1,0.5,-0.49859,180,0,0,16899
0,-22,1,0.5,-0.50156,180,0,0,16915
0,-23,2,0.5,-0.504665,180,0,0,16933
0,-22,2,0.5,-0.507635,180,0,0,16948
0,-17,2,0.5,-0.50993,180,0,0,16965
0,-10,1,0.5,-0.51128,180,0,0,16982
0,-2,0,0.5,-0.51155,180,0,0,16998
0,5,-1,0.5,-0.510875,180,0,31,17019
0,9,-2,0.5,-0.50966,180,0,31,17033
0,11,-2,0.5,-0.508175,180,0,31,17048
0,10,-2,0.5,-0.506825,180,0,31,17065
0,9,-4,0.5,-0.50561,180,0,31,17083
0,1,-1,0.5,-0.505475,180,0,0,17101
0,-1,-1,0.5,-0.50561,180,0,0,17115
0,-5,0,0.5,-0.506285,180,0,0,17131
0,-4,0,0.5,-0.506825,180,0,0,17148
0,-3,0,0.5,-0.50723,180,0,0,17164
0,-2,0,0.5,-0.5075,180,0,0,17181
0,0,0,0.5,-0.5075,180,0,0,17198
0,0,-1,0.5,-0.5075,180,0,0,17220
0,7,-2,0.5,-0.506555,180,0,0,17232
0,9,-2,0.5,-0.50534,180,0,0,17248
0,13,-3,0.5,-0.503585,180,0,0,17265
0,12,-3,0.5,-0.501965,180,0,0,17284
0,12,-4,0.5,-0.500345,180,0,0,17299
0,10,-4,0.5,-0.498995,180,0,0,17316
0,11,-3,0.5,-0.49751,180,0,0,17333
0,12,-4,0.5,-0.49589,180,0,0,17349
0,16,-4,0.5,-0.49373,180,0,0,17365
0,19,-4,0.5,-0.491165,180,0,0,17386
0,19,-5,0.5,-0.4886,180,0,0,17399
0,23,-6,0.5,-0.485495,180,0,0,17418
0,24,-6,0.5,-0.482255,180,0,0,17434
0,24,-7,0.5,-0.479015,180,0,0,17449
0,26,-5,0.5,-0.475505,180,0,0,17468
0,45,-9,0.5,-0.46943,180,0,0,17486
0,20,-3,0.5,-0.46673,180,0,0,17507
0,20,-3,0.5,-0.46403,180,0,0,17524
0,20,-3,0.5,-0.46133,180,0,0,17537
0,17,-3,0.5,-0.459035,180,0,0,17554
0,20,-4,0.5,-0.456335,180,0,0,17569
0,24,-5,0.5,-0.453095,180,0,0,17589
0,24,-5,0.5,-0.449855,180,0,0,17607
0,25,-6,0.5,-0.44648,180,0,0,17623
0,24,-7,0.5,-0.44324,180,0,0,17638
0,24,-8,0.5,-0.44,180,0,0,17655
0,24,-8,0.5,-0.43676,180,0,0,17668
0,24,-8,0.5,-0.43352,180,0,0,17688
0,25,-8,0.5,-0.430145,180,0,0,17704
0,24,-8,0.5,-0.426905,180,0,0,17716
0,23,-6,0.5,-0.4238,180,0,0,17734
0,22,-5,0.5,-0.42083,180,0,0,17751
0,23,-3,0.5,-0.417725,180,0,0,17768
0,23,-1,0.5,-0.41462,180,0,0,17784
0,22,0,0.5,-0.41165,180,0,0,17798
0,25,0,0.5,-0.408275,180,0,0,17815
0,27,0,0.5,-0.40463,180,0,0,17831
0,27,0,0.5,-0.400985,180,0,0,17848
0,28,1,0.5,-0.397205,180,0,0,17866
0,59,1,0.5,-0.38924,180,0,0,17885
0,24,0,0.5,-0.386,180,0,0,17898
0,14,-1,0.5,-0.38411,180,0,0,17915
0,5,-1,0.5,-0.383435,180,0,0,17933
0,1,0,0.5,-0.3833,180,0,0,17947
0,-3,0,0.5,-0.383705,180,0,0,17965
0,-7,1,0.5,-0.38465,180,0,0,17982
0,-10,4,0.5,-0.386,180,0,0,17999
0,-13,5,0.5,-0.387755,180,0,0,18017
0,-13,6,0.5,-0.38951,180,0,0,18036
0,-12,7,0.5,-0.39113,180,0,0,18051
0,-9,7,0.5,-0.392345,180,0,0,18069
0,-8,6,0.5,-0.393425,180,0,0,18083
0,-6,7,0.5,-0.394235,180,0,0,18101
0,-3,7,0.5,-0.39464,180,0,0,18116
0,-4,8,0.5,-0.39518,180,0,0,18133
0,-3,8,0.5,-0.395585,180,0,0,18149
0,-2,7,0.5,-0.395855,180,0,0,18170
0,0,6,0.5,-0.395855,180,0,0,18182
0,1,5,0.5,-0.39572,180,0,0,18199
0,3,3,0.5,-0.395315,180,0,0,18217
0,4,2,0.5,-0.394775,180,0,0,18233
0,8,3,0.5,-0.393695,180,0,0,18249
0,12,3,0.5,-0.392075,180,0,0,18266
0,44,8,0.5,-0.386135,180,0,0,18284
0,29,5,0.5,-0.38222,180,0,0,18300
0,32,6,0.5,-0.3779,180,0,0,18324
0,32,8,0.5,-0.37358,180,0,0,18336
0,28,8,0.5,-0.3698,180,0,0,18349
0,18,6,0.5,-0.36737,180,0,0,18366
0,14,6,0.5,-0.36548,180,0,0,18384
0,11,5,0.5,-0.363995,180,0,0,18401
0,13,5,0.5,-0.36224,180,0,0,18416
0,16,5,0.5,-0.36008,180,0,0,18433
0,20,6,0.5,-0.35738,180,0,0,18449
0,22,6,0.5,-0.35441,180,0,0,18467
0,24,7,0.5,-0.35117,180,0,0,18486
0,27,8,0.5,-0.347525,180,0,0,18500
0,29,9,0.5,-0.34361,180,0,0,18516
0,29,10,0.5,-0.339695,180,0,0,18535
0,29,9,0.5,-0.33578,180,0,0,18551
0,28,8,0.5,-0.332,180,0,0,18568
0,24,7,0.5,-0.32876,180,0,0,18585
0,17,7,0.5,-0.326465,180,0,0,18600
0,12,5,0.5,-0.324845,180,0,0,18618
0,6,5,0.5,-0.324035,180,0,0,18635
0,3,5,0.5,-0.32363,180,0,0,18650
0,-1,5,0.5,-0.323765,180,0,0,18666
0,-2,6,0.5,-0.324035,180,0,0,18683
0,-11,8,0.5,-0.32552,180,0,0,18702
0,-9,1,0.5,-0.326735,180,0,0,18715
0,-9,1,0.5,-0.32795,180,0,0,18731
0,-11,3,0.5,-0.329435,180,0,0,18748
0,-9,3,0.5,-0.33065,180,0,0,18766
0,-8,5,0.5,-0.33173,180,0,0,18785
0,-6,5,0.5,-0.33254,180,0,0,18800
0,-7,5,0.5,-0.333485,180,0,0,18815
0,-7,3,0.5,-0.33443,180,0,0,18832
0,-8,2,0.5,-0.33551,180,0,0,18849
0,-8,0,0.5,-0.33659,180,0,0,18864
0,-6,0,0.5,-0.3374,180,0,0,18881
0,-4,-1,0.5,-0.33794,180,0,31,18898
0,-1,-2,0.5,-0.338075,180,0,31,18916
0,2,-1,0.5,-0.337805,180,0,31,18933
0,5,-1,0.5,-0.33713,180,0,31,18950
0,7,-2,0.5,-0.336185,180,0,31,18964
0,8,-1,0.5,-0.335105,180,0,31,18985
0,9,-1,0.5,-0.33389,180,0,31,18997
0,8,-1,0.5,-0.33281,180,0,31,19015
0,8,0,0.5,-0.33173,180,0,31,19031
0,11,2,0.5,-0.330245,180,0,31,19052
0,14,3,0.5,-0.328355,180,0,31,19066
0,40,12,0.5,-0.322955,180,0,0,19085
0,22,6,0.5,-0.319985,180,0,0,19101
0,17,5,0.5,-0.31769,180,0,0,19116
0,13,5,0.5,-0.315935,180,0,0,19134
0,11,3,0.5,-0.31445,180,0,0,19148
0,13,4,0.5,-0.312695,180,0,0,19167
0,11,3,0.5,-0.31121,180,0,0,19185
0,8,2,0.5,-0.31013,180,0,0,19199
0,2,2,0.5,-0.30986,180,0,0,19216
0,-1,1,0.5,-0.309995,180,0,0,19232
0,-9,1,0.5,-0.31121,180,0,0,19248
0,-14,2,0.5,-0.3131,180,0,0,19265
0,-17,4,0.5,-0.315395,180,0,0,19283
0,-16,5,0.5,-0.317555,180,0,0,19298
0,-17,5,0.5,-0.31985,180,0,0,19316
0,-15,4,0.5,-0.321875,180,0,0,19333
0,-13,4,0.5,-0.32363,180,0,0,19349
0,-9,2,0.5,-0.324845,180,0,0,19369
0,-6,2,0.5,-0.325655,180,0,0,19381
0,-1,0,0.5,-0.32579,180,0,0,19399
0,3,0,0.5,-0.325385,180,0,0,19418
0,7,-1,0.5,-0.32444,180,0,0,19431
0,7,-2,0.5,-0.323495,180,0,0,19448
0,6,-1,0.5,-0.322685,180,0,31,19469
0,4,0,0.5,-0.322145,180,0,31,19482
0,2,3,0.5,-0.321875,180,0,31,19498
0,-1,3,0.5,-0.32201,180,0,31,19521
0,-1,4,0.5,-0.322145,180,0,31,19533
0,-2,4,0.5,-0.322415,180,0,31,19550
0,1,4,0.5,-0.32228,180,0,31,19568
0,2,4,0.5,-0.32201,180,0,31,19584
0,4,3,0.5,-0.32147,180,0,31,19599
0,4,2,0.5,-0.32093,180,0,31,19614
0,4,1,0.5,-0.32039,180,0,31,19632
0,3,1,0.5,-0.319985,180,0,31,19648
0,3,2,0.5,-0.31958,180,0,31,19666
0,2,2,0.5,-0.31931,180,0,31,19685
0,1,1,0.5,-0.319175,180,0,0,19699
0,0,1,0.5,-0.319175,180,0,0,19714
0,0,0,0.5,-0.319175,180,0,0,19731
0,-3,0,0.5,-0.31958,180,0,0,19748
0,-5,0,0.5,-0.320255,180,0,0,19769
0,-6,-1,0.5,-0.321065,180,0,0,19782
0,-7,-1,0.5,-0.32201,180,0,0,19797
0,-6,-3,0.5,-0.32282,180,0,0,19815
0,-6,-5,0.5,-0.32363,180,0,0,19835
0,-6,-5,0.5,-0.32444,180,0,0,19850
0,-4,-5,0.5,-0.32498,180,0,0,19867
0,-3,-6,0.5,-0.325385,180,0,0,19883
0,0,-6,0.5,-0.325385,180,0,0,19901
0,4,0,0.5,-0.324845,180,0,31,19915
0,5,1,0.5,-0.32417,180,0,31,19938
0,8,3,0.5,-0.32309,180,0,31,19963
0,8,3,0.5,-0.32201,180,0,31,19970
0,6,3,0.5,-0.3212,180,0,31,19981
0,4,4,0.5,-0.32066,180,0,31,19998
0,3,3,0.5,-0.320255,180,0,31,20015
0,1,3,0.5,-0.32012,180,0,31,20032
0,0,1,0.5,-0.32012,180,0,31,20048
0,0,0,0.5,-0.32012,180,0,31,20064
0,2,0,0.5,-0.31985,180,0,31,20081
0,3,0,0.5,-0.319445,180,0,31,20098
0,6,-1,0.5,-0.318635,180,0,31,20115
0,8,0,0.5,-0.317555,180,0,31,20131
0,10,0,0.5,-0.316205,180,0,31,20148
0,11,0,0.5,-0.31472,180,0,31,20165
0,12,0,0.5,-0.3131,180,0,31,20181
0,11,0,0.5,-0.311615,180,0,31,20198
0,8,1,0.5,-0.310535,180,0,0,20216
0,5,1,0.5,-0.30986,180,0,0,20231
0,1,3,0.5,-0.309725,180,0,0,20248
0,-1,2,0.5,-0.30986,180,0,0,20266
0,-10,6,0.5,-0.31121,180,0,0,20288
0,-7,2,0.5,-0.312155,180,0,0,20300
0,-9,2,0.5,-0.31337,180,0,0,20316
0,-10,1,0.5,-0.31472,180,0,0,20331
0,-10,0,0.5,-0.31607,180,0,0,20347
0,-12,-2,0.5,-0.31769,180,0,0,20365
0,-8,-3,0.5,-0.31877,180,0,0,20383
0,-5,-4,0.5,-0.319445,180,0,0,20398
0,-1,-4,0.5,-0.31958,180,0,31,20415
0,3,-4,0.5,-0.319175,180,0,31,20434
0,5,-4,0.5,-0.3185,180,0,31,20449
0,5,-2,0.5,-0.317825,180,0,31,20465
0,6,0,0.5,-0.317015,180,0,31,20483
0,2,0,0.5,-0.316745,180,0,31,20498
0,1,1,0.5,-0.31661,180,0,31,20517
0,-1,2,0.5,-0.316745,180,0,31,20532
0,-2,3,0.5,-0.317015,180,0,31,20548
0,0,1,0.5,-0.317015,180,0,31,20565
0,0,2,0.5,-0.317015,180,0,31,20582
0,1,2,0.5,-0.31688,180,0,31,20598
0,0,1,0.5,-0.31688,180,0,0,20614
0,0,1,0.5,-0.31688,180,0,0,20632
0,0,0,0.5,-0.31688,180,0,0,20647
0,-13,-3,0.5,-0.318635,180,0,0,20667
0,0,0,0.5,-0.318635,180,0,0,20680
0,-10,-2,0.5,-0.319985,180,0,0,20698
0,-17,-6,0.5,-0.32228,180,0,0,20717
0,-4,-3,0.5,-0.32282,180,0,31,20732
0,0,-4,0.5,-0.32282,180,0,31,20750
0,5,-3,0.5,-0.322145,180,0,31,20765
0,8,-2,0.5,-0.321065,180,0,31,20782
0,4,-1,0.5,-0.320525,180,0,31,20798
0,2,0,0.5,-0.320255,180,0,31,20814
0,0,0,0.5,-0.320255,180,0,31,20833
0,0,1,0.5,-0.320255,180,0,31,20849
0,-2,2,0.5,-0.320525,180,0,31,20867
0,-3,2,0.5,-0.32093,180,0,31,20882
0,-2,2,0.5,-0.3212,180,0,31,20900
0,-1,1,0.5,-0.321335,180,0,31,20915
0,0,0,0.5,-0.321335,180,0,31,20931
0,1,0,0.5,-0.3212,180,0,0,20948
0,1,-2,0.5,-0.321065,180,0,0,20966
0,-1,0,0.5,-0.3212,180,0,0,20981
0,-9,-1,0.5,-0.322415,180,0,0,20999
0,-10,-1,0.5,-0.323765,180,0,0,21017
0,-9,-1,0.5,-0.32498,180,0,31,21031
0,-8,-2,0.5,-0.32606,180,0,31,21050
0,-3,-2,0.5,-0.326465,180,0,31,21069
0,0,-1,0.5,-0.326465,180,0,31,21084
0,0,0,0.5,-0.326465,180,0,31,21097
0,-1,2,0.5,-0.3266,180,0,31,21119
0,-4,2,0.5,-0.32714,180,0,0,21133
0,-3,2,0.5,-0.327545,180,0,0,21148
0,-2,1,0.5,-0.327815,180,0,0,21164
0,-1,0,0.5,-0.32795,180,0,0,21183
0,0,-1,0.5,-0.32795,180,0,0,21197
0,0,-1,0.5,-0.32795,180,0,0,21214
0,-4,-2,0.5,-0.32849,180,0,0,21231
0,-6,-2,0.5,-0.3293,180,0,0,21248
0,-6,-3,0.5,-0.33011,180,0,0,21267
0,-6,-4,0.5,-0.33092,180,0,31,21282
0,-2,-5,0.5,-0.33119,180,0,31,21303
0,1,-5,0.5,-0.331055,180,0,31,21318
0,3,-4,0.5,-0.33065,180,0,31,21334
0,6,-4,0.5,-0.32984,180,0,31,21351
0,4,-2,0.5,-0.3293,180,0,31,21365
0,5,-1,0.5,-0.328625,180,0,31,21381
0,3,0,0.5,-0.32822,180,0,31,21399
0,4,-1,0.5,-0.32768,180,0,31,21416
0,3,0,0.5,-0.327275,180,0,31,21432
0,2,0,0.5,-0.327005,180,0,31,21449
0,2,2,0.5,-0.326735,180,0,31,21466
0,9,3,0.5,-0.32552,180,0,31,21482
0,4,0,0.5,-0.32498,180,0,31,21497
0,5,-1,0.5,-0.324305,180,0,0,21514
0,2,-1,0.5,-0.324035,180,0,0,21531
0,3,-1,0.5,-0.32363,180,0,0,21550
0,2,-3,0.5,-0.32336,180,0,0,21566
0,0,-2,0.5,-0.32336,180,0,0,21581
0,3,-3,0.5,-0.322955,180,0,0,21601
0,6,-4,0.5,-0.322145,180,0,0,21620
0,10,-5,0.5,-0.320795,180,0,0,21636
0,12,-5,0.5,-0.319175,180,0,0,21649
0,15,-5,0.5,-0.31715,180,0,0,21665
0,18,-6,0.5,-0.31472,180,0,0,21684
0,20,-6,0.5,-0.31202,180,0,0,21699
0,24,-7,0.5,-0.30878,180,0,0,21716
0,28,-6,0.5,-0.305,180,0,0,21734
0,29,-6,0.5,-0.301085,180,0,0,21752
0,31,-5,0.5,-0.2969,180,0,0,21766
0,29,-4,0.5,-0.292985,180,0,0,21782
0,29,-4,0.5,-0.28907,180,0,0,21800
0,24,-3,0.5,-0.28583,180,0,0,21816
0,22,-1,0.5,-0.28286,180,0,0,21833
0,19,-1,0.5,-0.280295,180,0,0,21849
0,17,-1,0.5,-0.278,180,0,0,21864
0,15,-1,0.5,-0.275975,180,0,0,21881
0,23,-1,0.5,-0.27287,180,0,0,21898
0,12,-4,0.5,-0.27125,180,0,0,21916
0,11,-2,0.5,-0.269765,180,0,0,21935
0,11,-4,0.5,-0.26828,180,0,0,21950
0,8,-4,0.5,-0.2672,180,0,0,21965
0,6,-5,0.5,-0.26639,180,0,0,21982
0,2,-4,0.5,-0.26612,180,0,0,22000
0,-3,-3,0.5,-0.266525,180,0,0,22017
0,-6,-2,0.5,-0.267335,180,0,0,22033
0,-10,0,0.5,-0.268685,180,0,0,22047
0,-12,2,0.5,-0.270305,180,0,0,22064
0,-14,4,0.5,-0.272195,180,0,0,22081
0,-15,5,0.5,-0.27422,180,0,0,22100
0,-16,6,0.5,-0.27638,180,0,0,22117
0,-15,6,0.5,-0.278405,180,0,0,22137
0,-16,6,0.5,-0.280565,180,0,0,22148
0,-14,6,0.5,-0.282455,180,0,0,22168
0,-13,7,0.5,-0.28421,180,0,0,22186
0,-8,6,0.5,-0.28529,180,0,0,22199
0,-5,5,0.5,-0.285965,180,0,0,22215
0,1,3,0.5,-0.28583,180,0,0,22236
0,12,4,0.5,-0.28421,180,0,31,22252
0,7,0,0.5,-0.283265,180,0,31,22267
0,0,0,0.5,-0.283265,180,0,31,22280
0,17,-4,0.5,-0.28097,180,0,31,22299
0,7,-3,0.5,-0.280025,180,0,31,22322
0,6,-4,0.5,-0.279215,180,0,31,22335
0,3,-3,0.5,-0.27881,180,0,31,22353
0,2,-2,0.5,-0.27854,180,0,31,22364
0,3,0,0.5,-0.278135,180,0,31,22385
0,6,2,0.5,-0.277325,180,0,31,22401
0,7,4,0.5,-0.27638,180,0,0,22419
0,8,6,0.5,-0.2753,180,0,0,22435
0,9,6,0.5,-0.274085,180,0,0,22451
0,12,6,0.5,-0.272465,180,0,0,22467
0,12,5,0.5,-0.270845,180,0,0,22483
0,13,5,0.5,-0.26909,180,0,0,22501
0,27,9,0.5,-0.265445,180,0,0,22525
0,0,0,0.5,-0.265445,180,0,0,22531
0,16,7,0.5,-0.263285,180,0,0,22550
0,20,8,0.5,-0.260585,180,0,0,22569
0,25,9,0.5,-0.25721,180,0,0,22589
0,26,9,0.5,-0.2537,180,0,0,22604
0,27,8,0.5,-0.250055,180,0,0,22617
0,29,8,0.5,-0.24614,180,0,0,22635
0,48,14,0.5,-0.23966,180,0,0,22656
0,15,7,0.5,-0.237635,180,0,0,22668
0,8,7,0.5,-0.236555,180,0,0,22692
0,3,6,0.5,-0.23615,180,0,0,22705
0,0,6,0.5,-0.23615,180,0,0,22719
0,-1,6,0.5,-0.236285,180,0,0,22736
0,0,5,0.5,-0.236285,180,0,0,22753
0,1,5,0.5,-0.23615,180,0,0,22769
0,6,5,0.5,-0.23534,180,0,0,22783
0,10,6,0.5,-0.23399,180,0,0,22800
0,13,7,0.5,-0.232235,180,0,0,22817
0,18,8,0.5,-0.229805,180,0,0,22836
0,20,7,0.5,-0.227105,180,0,0,22850
0,18,7,0.5,-0.224675,180,0,0,22867
0,13,6,0.5,-0.22292,180,0,0,22885
0,8,6,0.5,-0.22184,180,0,0,22903
0,3,6,0.5,-0.221435,180,0,0,22918
0,-1,7,0.5,-0.22157,180,0,0,22936
0,-6,8,0.5,-0.22238,180,0,0,22954
0,-10,9,0.5,-0.22373,180,0,0,22969
0,-13,10,0.5,-0.225485,180,0,0,22987
0,-11,8,0.5,-0.22697,180,0,0,23002
0,-11,7,0.5,-0.228455,180,0,0,23020
0,-12,7,0.5,-0.230075,180,0,0,23038
0,-18,11,0.5,-0.232505,180,0,0,23059
0,-4,5,0.5,-0.233045,180,0,0,23071
0,-2,4,0.5,-0.233315,180,0,0,23085
0,4,4,0.5,-0.232775,180,0,0,23101
0,6,2,0.5,-0.231965,180,0,0,23116
0,6,1,0.5,-0.231155,180,0,0,23137
0,5,1,0.5,-0.23048,180,0,0,23153
0,5,0,0.5,-0.229805,180,0,0,23168
0,5,-1,0.5,-0.22913,180,0,0,23183
0,3,-2,0.5,-0.228725,180,0,0,23202
0,-1,-3,0.5,-0.22886,180,0,0,23217
0,-3,-2,0.5,-0.229265,180,0,0,23234
0,-10,-1,0.5,-0.230615,180,0,0,23249
0,-9,1,0.5,-0.23183,180,0,0,23266
0,-9,2,0.5,-0.233045,180,0,0,23286
0,-7,4,0.5,-0.23399,180,0,0,23302
0,-5,4,0.5,-0.234665,180,0,0,23318
0,-1,4,0.5,-0.2348,180,0,0,23334
0,1,4,0.5,-0.234665,180,0,31,23354
0,0,3,0.5,-0.234665,180,0,31,23368
0,1,3,0.5,-0.23453,180,0,31,23384
0,2,3,0.5,-0.23426,180,0,31,23400
0,1,1,0.5,-0.234125,180,0,31,23416
0,4,0,0.5,-0.233585,180,0,31,23434
0,1,0,0.5,-0.23345,180,0,31,23452
0,0,0,0.5,-0.23345,180,0,31,23467
0,1,-1,0.5,-0.233315,180,0,31,23485
0,2,0,0.5,-0.233045,180,0,31,23504
0,3,0,0.5,-0.23264,180,0,31,23519
0,6,1,0.5,-0.23183,180,0,31,23535
0,7,2,0.5,-0.230885,180,0,31,23553
0,7,3,0.5,-0.22994,180,0,31,23569
0,8,3,0.5,-0.22886,180,0,31,23586
0,7,3,0.5,-0.227915,180,0,31,23600
0,8,3,0.5,-0.226835,180,0,31,23619
0,7,2,0.5,-0.22589,180,0,0,23636
0,9,2,0.5,-0.224675,180,0,0,23652
0,10,1,0.5,-0.223325,180,0,0,23667
0,7,1,0.5,-0.22238,180,0,0,23684
0,5,1,0.5,-0.221705,180,0,0,23706
0,2,1,0.5,-0.221435,180,0,0,23719
0,5,1,0.5,-0.22076,180,0,0,23735
0,6,2,0.5,-0.21995,180,0,0,23750
0,2,0,0.5,-0.21968,180,0,0,23768
0,-2,3,0.5,-0.21995,180,0,0,23786
0,-8,3,0.5,-0.22103,180,0,0,23803
0,-21,6,0.5,-0.223865,180,0,0,23824
0,-10,3,0.5,-0.225215,180,0,0,23836
0,-8,2,0.5,-0.226295,180,0,0,23852
0,-7,1,0.5,-0.22724,180,0,0,23868
0,-4,1,0.5,-0.22778,180,0,0,23886
0,-2,0,0.5,-0.22805,180,0,31,23900
0,0,0,0.5,-0.22805,180,0,31,23918
0,8,-3,0.5,-0.22697,180,0,31,23935
0,7,-2,0.5,-0.226025,180,0,31,23952
0,7,-1,0.5,-0.22508,180,0,31,23968
0,4,0,0.5,-0.22454,180,0,31,23986
0,2,0,0.5,-0.22427,180,0,31,24002
0,0,0,0.5,-0.22427,180,0,31,24020
0,0,0,0.5,-0.22427,180,0,31,24034
0,-1,1,0.5,-0.224405,180,0,31,24052
0,0,1,0.5,-0.224405,180,0,31,24068
0,2,0,0.5,-0.224135,180,0,31,24086
0,5,0,0.5,-0.22346,180,0,31,24102
0,8,0,0.5,-0.22238,180,0,31,24118
0,12,-1,0.5,-0.22076,180,0,31,24137
0,14,-2,0.5,-0.21887,180,0,31,24154
0,12,-1,0.5,-0.21725,180,0,31,24169
0,10,-2,0.5,-0.2159,180,0,31,24186
0,16,-3,0.5,-0.21374,180,0,31,24206
0,8,-1,0.5,-0.21266,180,0,31,24221
0,9,-1,0.5,-0.211445,180,0,31,24236
0,6,0,0.5,-0.210635,180,0,31,24251
0,5,0,0.5,-0.20996,180,0,31,24271
0,3,0,0.5,-0.209555,180,0,31,24286
0,5,1,0.5,-0.20888,180,0,0,24302
0,6,1,0.5,-0.20807,180,0,0,24324
0,7,2,0.5,-0.207125,180,0,0,24337
0,7,2,0.5,-0.20618,180,0,0,24354
0,6,2,0.5,-0.20537,180,0,0,24369
0,5,1,0.5,-0.204695,180,0,0,24386
0,8,1,0.5,-0.203615,180,0,0,24401
0,10,0,0.5,-0.202265,180,0,0,24420
0,12,0,0.5,-0.200645,180,0,0,24436
0,15,0,0.5,-0.19862,180,0,0,24453
0,16,0,0.5,-0.19646,180,0,0,24468
0,20,-1,0.5,-0.19376,180,0,0,24487
0,19,-1,0.5,-0.191195,180,0,0,24503
0,20,-2,0.5,-0.188495,180,0,0,24519
0,21,-2,0.5,-0.18566,180,0,0,24536
0,18,-3,0.5,-0.18323,180,0,0,24553
0,32,-6,0.5,-0.17891,180,0,0,24576
0,0,0,0.5,-0.17891,180,0,0,24586
0,25,-7,0.5,-0.175535,180,0,0,24604
0,6,-2,0.5,-0.174725,180,0,0,24620
0,3,-3,0.5,-0.17432,180,0,0,24637
0,-1,-2,0.5,-0.174455,180,0,0,24653
0,-2,-1,0.5,-0.174725,180,0,0,24670
0,-8,-1,0.5,-0.175805,180,0,0,24685
0,-9,0,0.5,-0.17702,180,0,0,24705
0,-10,2,0.5,-0.17837,180,0,0,24721
0,-11,2,0.5,-0.179855,180,0,0,24737
0,-13,2,0.5,-0.18161,180,0,0,24758
0,-14,2,0.5,-0.1835,180,0,0,24770
0,-18,1,0.5,-0.18593,180,0,0,24786
0,-21,1,0.5,-0.188765,180,0,0,24803
0,-22,2,0.5,-0.191735,180,0,0,24821
0,-21,1,0.5,-0.19457,180,0,0,24838
0,-18,1,0.5,-0.197,180,0,0,24854
0,-14,0,0.5,-0.19889,180,0,0,24869
0,-9,0,0.5,-0.200105,180,0,0,24886
0,-6,0,0.5,-0.200915,180,0,0,24902
0,-3,-1,0.5,-0.20132,180,0,0,24922
0,-2,-2,0.5,-0.20159,180,0,0,24939
0,0,-2,0.5,-0.20159,180,0,31,24954
0,-1,-3,0.5,-0.201725,180,0,31,24971
0,1,-3,0.5,-0.20159,180,0,31,24988
0,2,-5,0.5,-0.20132,180,0,31,25009
0,0,-1,0.5,-0.20132,180,0,31,25022
0,-2,-1,0.5,-0.20159,180,0,31,25036
0,-3,-1,0.5,-0.201995,180,0,31,25054
0,-3,-1,0.5,-0.2024,180,0,31,25071
0,-3,-1,0.5,-0.202805,180,0,31,25090
0,-2,-1,0.5,-0.203075,180,0,31,25103
0,1,-1,0.5,-0.20294,180,0,31,25125
0,6,-1,0.5,-0.20213,180,0,31,25137
0,9,-1,0.5,-0.200915,180,0,31,25154
0,11,-1,0.5,-0.19943,180,0,31,25170
0,10,-1,0.5,-0.19808,180,0,31,25187
0,10,-2,0.5,-0.19673,180,0,31,25205
0,11,-2,0.5,-0.195245,180,0,31,25222
0,11,-3,0.5,-0.19376,180,0,0,25241
0,9,-3,0.5,-0.192545,180,0,0,25254
0,3,-2,0.5,-0.19214,180,0,0,25271
0,-2,-2,0.5,-0.19241,180,0,0,25287
0,-8,-2,0.5,-0.19349,180,0,0,25304
0,-11,-1,0.5,-0.194975,180,0,0,25324
0,-15,-1,0.5,-0.197,180,0,0,25338
0,-35,0,0.5,-0.201725,180,0,0,25354
0,-19,0,0.5,-0.20429,180,0,0,25370
0,0,0,0.5,-0.20429,180,0,0,25386
0,-27,0,0.5,-0.207935,180,0,0,25403
0,-9,0,0.5,-0.20915,180,0,0,25422
0,-4,0,0.5,-0.20969,180,0,31,25441
0,0,0,0.5,-0.20969,180,0,31,25454
0,5,0,0.5,-0.209015,180,0,31,25472
0,7,0,0.5,-0.20807,180,0,31,25487
0,4,0,0.5,-0.20753,180,0,31,25507
0,3,-1,0.5,-0.207125,180,0,31,25522
0,-1,-1,0.5,-0.20726,180,0,31,25537
0,-4,0,0.5,-0.2078,180,0,31,25555
0,-5,-1,0.5,-0.208475,180,0,31,25570
0,-6,-1,0.5,-0.209285,180,0,0,25588
0,-2,-1,0.5,-0.209555,180,0,0,25605
0,-1,0,0.5,-0.20969,180,0,0,25623
0,3,0,0.5,-0.209285,180,0,0,25638
0,6,0,0.5,-0.208475,180,0,0,25655
0,6,0,0.5,-0.207665,180,0,0,25671
0,7,0,0.5,-0.20672,180,0,0,25687
0,12,-2,0.5,-0.2051,180,0,0,25709
0,1,-2,0.5,-0.204965,180,0,0,25723
0,0,0,0.5,-0.204965,180,0,0,25736
0,-4,-3,0.5,-0.205505,180,0,0,25757
0,-25,-6,0.5,-0.20888,180,0,0,25777
0,-17,-2,0.5,-0.211175,180,0,0,25792
0,-19,-2,0.5,-0.21374,180,0,0,25808
0,-20,-1,0.5,-0.21644,180,0,0,25821
0,-19,0,0.5,-0.219005,180,0,0,25841
0,-16,0,0.5,-0.221165,180,0,0,25856
0,-11,-1,0.5,-0.22265,180,0,0,25873
0,-5,-1,0.5,-0.223325,180,0,0,25893
0,0,-1,0.5,-0.223325,180,0,0,25904
0,1,-1,0.5,-0.22319,180,0,31,25923
0,7,-1,0.5,-0.222245,180,0,31,25940
0,5,0,0.5,-0.22157,180,0,31,25957
0,3,-1,0.5,-0.221165,180,0,31,25975
0,2,0,0.5,-0.220895,180,0,31,25987
0,0,0,0.5,-0.220895,180,0,31,26004
0,0,0,0.5,-0.220895,180,0,31,26020
0,-2,-1,0.5,-0.221165,180,0,31,26038
0,-1,0,0.5,-0.2213,180,0,31,26057
0,0,-1,0.5,-0.2213,180,0,31,26081
0,0,0,0.5,-0.2213,180,0,31,26088
0,9,0,0.5,-0.220085,180,0,31,26110
0,7,0,0.5,-0.21914,180,0,31,26124
0,8,0,0.5,-0.21806,180,0,31,26138
0,8,-1,0.5,-0.21698,180,0,31,26156
0,6,-2,0.5,-0.21617,180,0,31,26176
0,7,-2,0.5,-0.215225,180,0,0,26189
0,5,-2,0.5,-0.21455,180,0,0,26207
0,7,-3,0.5,-0.213605,180,0,0,26224
0,9,-2,0.5,-0.21239,180,0,0,26243
0,11,-2,0.5,-0.210905,180,0,0,26257
0,15,-2,0.5,-0.20888,180,0,0,26273
0,16,-3,0.5,-0.20672,180,0,0,26290
0,13,-4,0.5,-0.204965,180,0,0,26318
0,10,-4,0.5,-0.203615,180,0,0,26328
0,4,-4,0.5,-0.203075,180,0,0,26340
0,-1,-3,0.5,-0.20321,180,0,0,26357
0,-8,-2,0.5,-0.20429,180,0,0,26374
0,-14,-1,0.5,-0.20618,180,0,0,26389
0,-17,0,0.5,-0.208475,180,0,0,26407
0,-22,0,0.5,-0.211445,180,0,0,26422
0,-23,0,0.5,-0.21455,180,0,0,26439
0,-24,2,0.5,-0.21779,180,0,0,26457
0,-45,6,0.5,-0.223865,180,0,0,26476
0,0,0,0.5,-0.223865,180,0,0,26489
0,-18,3,0.5,-0.226295,180,0,0,26512
0,-20,3,0.5,-0.228995,180,0,0,26527
0,-3,1,0.5,-0.2294,180,0,0,26540
0,0,0,0.5,-0.2294,180,0,0,26558
0,0,0,0.5,-0.2294,180,0,0,26572
0,0,-1,0.5,-0.2294,180,0,0,26590
0,-3,-2,0.5,-0.229805,180,0,0,26607
0,-4,-2,0.5,-0.230345,180,0,31,26625
0,-2,-2,0.5,-0.230615,180,0,31,26640
0,-1,0,0.5,-0.23075,180,0,31,26656
0,0,0,0.5,-0.23075,180,0,31,26673
0,0,0,0.5,-0.23075,180,0,31,26689
0,-2,0,0.5,-0.23102,180,0,0,26706
0,-3,0,0.5,-0.231425,180,0,0,26724
0,-3,0,0.5,-0.23183,180,0,0,26741
0,-1,0,0.5,-0.231965,180,0,0,26756
0,-1,0,0.5,-0.2321,180,0,0,26778
0,0,0,0.5,-0.2321,180,0,0,26791
0,2,-2,0.5,-0.23183,180,0,0,26808
0,2,-2,0.5,-0.23156,180,0,0,26823
0,2,-3,0.5,-0.23129,180,0,0,26845
0,-1,-2,0.5,-0.231425,180,0,0,26858
0,-17,-5,0.5,-0.23372,180,0,0,26876
0,-12,-2,0.5,-0.23534,180,0,0,26890
0,-15,-3,0.5,-0.237365,180,0,0,26907
0,-15,-2,0.5,-0.23939,180,0,0,26927
0,-13,-2,0.5,-0.241145,180,0,0,26940
0,-9,-2,0.5,-0.24236,180,0,0,26956
0,-3,-2,0.5,-0.242765,180,0,0,26975
0,1,-1,0.5,-0.24263,180,0,0,26990
0,5,0,0.5,-0.241955,180,0,31,27011
0,4,0,0.5,-0.241415,180,0,31,27028
0,1,0,0.5,-0.24128,180,0,31,27040
0,0,1,0.5,-0.24128,180,0,0,27058
0,-4,0,0.5,-0.24182,180,0,0,27073
0,-5,0,0.5,-0.242495,180,0,0,27090
0,-4,0,0.5,-0.243035,180,0,0,27107
0,-3,0,0.5,-0.24344,180,0,0,27124
0,-3,1,0.5,-0.243845,180,0,0,27142
0,-2,1,0.5,-0.244115,180,0,0,27162
0,0,0,0.5,-0.244115,180,0,0,27174
0,3,0,0.5,-0.24371,180,0,0,27190
0,5,-2,0.5,-0.243035,180,0,0,27209
0,9,-5,0.5,-0.24182,180,0,0,27227
0,23,-8,0.5,-0.238715,180,0,0,27245
0,12,-5,0.5,-0.237095,180,0,0,27259
0,11,-5,0.5,-0.23561,180,0,0,27280
0,9,-5,0.5,-0.234395,180,0,0,27294
0,7,-5,0.5,-0.23345,180,0,0,27311
0,5,-5,0.5,-0.232775,180,0,0,27330
0,2,-6,0.5,-0.232505,180,0,0,27344
0,0,-6,0.5,-0.232505,180,0,0,27364
0,0,-5,0.5,-0.232505,180,0,0,27377
0,0,-5,0.5,-0.232505,180,0,0,27394
0,-2,-5,0.5,-0.232775,180,0,0,27413
0,-3,-3,0.5,-0.23318,180,0,0,27427
0,-6,-3,0.5,-0.23399,180,0,0,27442
0,-3,-3,0.5,-0.234395,180,0,0,27458
0,-4,-4,0.5,-0.234935,180,0,0,27476
0,-4,-3,0.5,-0.235475,180,0,0,27494
0,-5,-3,0.5,-0.23615,180,0,0,27509
0,-4,-3,0.5,-0.23669,180,0,0,27524
0,-3,-4,0.5,-0.237095,180,0,0,27544
0,0,-4,0.5,-0.237095,180,0,0,27559
0,5,-4,0.5,-0.23642,180,0,0,27576
0,9,-4,0.5,-0.235205,180,0,0,27594
0,13,-3,0.5,-0.23345,180,0,0,27611
0,16,-2,0.5,-0.23129,180,0,0,27625
0,39,-1,0.5,-0.226025,180,0,0,27644
0,23,0,0.5,-0.22292,180,0,0,27658
0,25,0,0.5,-0.219545,180,0,0,27678
0,30,0,0.5,-0.215495,180,0,0,27695
0,31,0,0.5,-0.21131,180,0,0,27713
0,33,0,0.5,-0.206855,180,0,0,27725
0,33,0,0.5,-0.2024,180,0,0,27741
0,29,0,0.5,-0.198485,180,0,0,27761
0,22,0,0.5,-0.195515,180,0,0,27777
0,13,0,0.5,-0.19376,180,0,0,27792
0,12,1,0.5,-0.19214,180,0,0,27812
0,9,2,0.5,-0.190925,180,0,0,27825
0,8,3,0.5,-0.189845,180,0,0,27842
0,6,2,0.5,-0.189035,180,0,0,27858
0,6,2,0.5,-0.188225,180,0,0,27878
0,8,1,0.5,-0.187145,180,0,0,27894
0,12,-1,0.5,-0.185525,180,0,0,27908
0,13,-2,0.5,-0.18377,180,0,0,27925
0,17,-4,0.5,-0.181475,180,0,0,27945
0,18,-5,0.5,-0.179045,180,0,0,27964
0,32,-11,0.5,-0.174725,180,0,0,27987
0,14,-7,0.5,-0.172835,180,0,0,28000
0,0,0,0.5,-0.172835,180,0,0,28008
0,24,-12,0.5,-0.169595,180,0,0,28030
0,11,-12,0.5,-0.16811,180,0,0,28047
0,10,-9,0.5,-0.16676,180,0,0,28063
0,6,-10,0.5,-0.16595,180,0,0,28082
0,3,-9,0.5,-0.165545,180,0,0,28098
0,-1,-7,0.5,-0.16568,180,0,0,28112
0,-2,-6,0.5,-0.16595,180,0,0,28130
0,-5,-5,0.5,-0.166625,180,0,0,28145
0,-6,-6,0.5,-0.167435,180,0,0,28161
0,-9,-6,0.5,-0.16865,180,0,0,28181
0,-11,-6,0.5,-0.170135,180,0,0,28195
0,-13,-5,0.5,-0.17189,180,0,0,28211
0,-13,-4,0.5,-0.173645,180,0,0,28228
0,-14,-3,0.5,-0.175535,180,0,0,28245
0,-14,-1,0.5,-0.177425,180,0,0,28260
0,-11,0,0.5,-0.17891,180,0,0,28280
0,-11,0,0.5,-0.180395,180,0,0,28293
0,-9,0,0.5,-0.18161,180,0,0,28309
0,-8,0,0.5,-0.18269,180,0,0,28326
0,-8,-2,0.5,-0.18377,180,0,0,28344
0,-7,-3,0.5,-0.184715,180,0,0,28365
0,-7,-2,0.5,-0.18566,180,0,0,28381
0,-9,-2,0.5,-0.186875,180,0,0,28395
0,-16,-6,0.5,-0.189035,180,0,0,28414
0,-5,-3,0.5,-0.18971,180,0,0,28429
0,-4,-5,0.5,-0.19025,180,0,0,28448
0,-1,-5,0.5,-0.190385,180,0,0,28465
0,2,-6,0.5,-0.190115,180,0,0,28478
0,7,-7,0.5,-0.18917,180,0,0,28495
0,12,-7,0.5,-0.18755,180,0,0,28512
0,14,-7,0.5,-0.18566,180,0,0,28529
0,18,-6,0.5,-0.18323,180,0,0,28548
0,21,-4,0.5,-0.180395,180,0,0,28561
0,20,-1,0.5,-0.177695,180,0,0,28577
0,19,0,0.5,-0.17513,180,0,0,28595
0,15,1,0.5,-0.173105,180,0,0,28611
0,14,1,0.5,-0.171215,180,0,0,28627
0,10,1,0.5,-0.169865,180,0,0,28645
0,8,1,0.5,-0.168785,180,0,0,28664
0,10,1,0.5,-0.167435,180,0,0,28679
0,9,0,0.5,-0.16622,180,0,0,28694
0,10,0,0.5,-0.16487,180,0,0,28710
0,12,-2,0.5,-0.16325,180,0,0,28727
0,30,-9,0.5,-0.1592,180,0,0,28751
0,0,0,0.5,-0.1592,180,0,0,28761
0,18,-5,0.5,-0.15677,180,0,0,28779
0,47,-12,0.5,-0.150425,180,0,0,28798
0,25,-6,0.5,-0.14705,180,0,0,28813
0,22,-6,0.5,-0.14408,180,0,0,28836
0,18,-6,0.5,-0.14165,180,0,0,28851
0,15,-7,0.5,-0.139625,180,0,0,28865
0,13,-7,0.5,-0.13787,180,0,0,28881
0,12,-7,0.5,-0.13625,180,0,0,28897
0,12,-8,0.5,-0.13463,180,0,0,28916
0,12,-8,0.5,-0.13301,180,0,0,28932
0,11,-8,0.5,-0.131525,180,0,0,28949
0,9,-7,0.5,-0.13031,180,0,0,28962
0,4,-5,0.5,-0.12977,180,0,0,28979
0,3,-5,0.5,-0.129365,180,0,0,28996
0,1,-3,0.5,-0.12923,180,0,0,29011
0,3,-4,0.5,-0.128825,180,0,0,29032
0,2,-3,0.5,-0.128555,180,0,0,29050
0,6,-4,0.5,-0.127745,180,0,0,29062
0,7,-4,0.5,-0.1268,180,0,0,29078
0,11,-6,0.5,-0.125315,180,0,0,29097
0,29,-14,0.5,-0.1214,180,0,0,29120
0,0,0,0.5,-0.1214,180,0,0,29129
0,21,-8,0.5,-0.118565,180,0,0,29149
0,52,-17,0.5,-0.111545,180,0,0,29169
0,0,-1,0.5,-0.111545,180,0,0,29180
0,52,-18,0.5,-0.104525,180,0,0,29203
0,23,-9,0.5,-0.10142,180,0,0,29215
0,20,-10,0.5,-0.09872,180,0,0,29231
0,18,-10,0.5,-0.09629,180,0,0,29254
0,14,-10,0.5,-0.0944,180,0,0,29265
0,11,-8,0.5,-0.092915,180,0,0,29284
0,10,-7,0.5,-0.091565,180,0,0,29296
0,8,-5,0.5,-0.090485,180,0,0,29316
0,6,-4,0.5,-0.089675,180,0,0,29330
0,3,-3,0.5,-0.08927,180,0,0,29346
0,3,-3,0.5,-0.088865,180,0,0,29368
0,4,-2,0.5,-0.088325,180,0,0,29379
0,3,-2,0.5,-0.08792,180,0,0,29398
0,6,-3,0.5,-0.08711,180,0,0,29412
0,10,-4,0.5,-0.08576,180,0,0,29429
0,13,-5,0.5,-0.084005,180,0,0,29447
0,38,-15,0.5,-0.078875,180,0,0,29471
0,0,0,0.5,-0.078875,180,0,0,29481
0,23,-9,0.5,-0.07577,180,0,0,29496
0,28,-9,0.5,-0.07199,180,0,0,29517
0,63,-19,0.5,-0.063485,180,0,0,29539
0,33,-10,0.5,-0.05903,180,0,0,29551
0,29,-10,0.5,-0.055115,180,0,0,29567
0,27,-7,0.5,-0.05147,180,0,0,29580
0,23,-13,0.5,-0.048365,180,0,0,29600
0,20,-9,0.5,-0.045665,180,0,0,29618
0,14,-8,0.5,-0.043775,180,0,0,29638
0,10,-5,0.5,-0.042425,180,0,0,29647
0,6,-4,0.5,-0.041615,180,0,0,29663
0,5,-3,0.5,-0.04094,180,0,0,29680
0,3,-2,0.5,-0.040535,180,0,0,29698
0,2,-1,0.5,-0.040265,180,0,0,29713
0,5,-2,0.5,-0.03959,180,0,0,29731
0,18,-8,0.5,-0.03716,180,0,0,29758
0,0,0,0.5,-0.03716,180,0,0,29769
0,13,-5,0.5,-0.035405,180,0,0,29781
0,18,-7,0.5,-0.032975,180,0,0,29798
0,22,-8,0.5,-0.030005,180,0,0,29816
0,29,-8,0.5,-0.02609,180,0,0,29832
0,34,-8,0.5,-0.0215,180,0,0,29848
0,39,-9,0.5,-0.016235,180,0,0,29870
0,43,-9,0.5,-0.01043,180,0,0,29889
0,86,-18,0.5,0.00118,180,0,0,29904
0,0,0,0.5,0.00118,180,0,0,29912
0,65,-14,0.5,0.009955,180,0,0,29937
0,0,0,0.5,0.009955,180,0,0,29947
0,34,-8,0.5,0.014545,180,0,0,29966
0,4,-5,0.5,0.015085,180,0,0,29980
0,1,-2,0.5,0.01522,180,0,0,30000
0,-1,-1,0.5,0.015085,180,0,0,30013
0,-1,0,0.5,0.01495,180,0,0,30029
0,0,-1,0.5,0.01495,180,0,0,30047
0,4,-2,0.5,0.01549,180,0,0,30066
0,6,-3,0.5,0.0163,180,0,0,30082
0,9,-4,0.5,0.017515,180,0,0,30097
0,12,-5,0.5,0.019135,180,0,0,30114
0,15,-6,0.5,0.02116,180,0,31,30134
0,16,-7,0.5,0.02332,180,0,31,30150
0,17,-7,0.5,0.025615,180,0,0,30167
0,16,-7,0.5,0.027775,180,0,0,30188
0,19,-8,0.5,0.03034,180,0,0,30198
0,21,-7,0.5,0.033175,180,0,0,30217
0,26,-7,0.5,0.036685,180,0,0,30234
0,29,-6,0.5,0.0406,180,0,0,30250
0,61,-8,0.5,0.048835,180,0,0,30270
0,0,-5,0.5,0.048835,180,0,0,30284
0,28,-5,0.5,0.052615,180,0,0,30300
0,38,-4,0.5,0.057745,180,0,0,30319
0,0,0,0.5,0.057745,180,0,0,30329
0,12,0,0.5,0.059365,180,0,0,30347
0,16,1,0.5,0.061525,180,0,0,30366
0,4,-1,0.5,0.062065,180,0,0,30381
0,3,-2,0.5,0.06247,180,0,0,30396
0,2,-4,0.5,0.06274,180,0,31,30417
0,2,-4,0.5,0.06301,180,0,31,30436
0,3,-4,0.5,0.063415,180,0,0,30448
0,3,-4,0.5,0.06382,180,0,0,30464
0,4,-4,0.5,0.06436,180,0,0,30484
0,6,-4,0.5,0.06517,180,0,0,30500
0,7,-4,0.5,0.066115,180,0,0,30516
0,5,-3,0.5,0.06679,180,0,0,30531
0,3,-2,0.5,0.067195,180,0,0,30551
0,-1,-1,0.5,0.06706,180,0,0,30567
0,-8,0,0.5,0.06598,180,0,0,30581
0,-10,1,0.5,0.06463,180,0,0,30597
0,-13,1,0.5,0.062875,180,0,0,30617
0,-15,1,0.5,0.06085,180,0,0,30632
0,-33,2,0.5,0.056395,180,0,0,30653
0,0,0,0.5,0.056395,180,0,0,30665
0,-18,1,0.5,0.053965,180,0,0,30684
0,-30,2,0.5,0.049915,180,0,0,30701
0,-14,2,0.5,0.048025,180,0,0,30716
0,-11,1,0.5,0.04654,180,0,0,30734
0,-8,1,0.5,0.04546,180,0,0,30754
0,-5,0,0.5,0.044785,180,0,0,30764
0,-3,0,0.5,0.04438,180,0,0,30781
0,0,-2,0.5,0.04438,180,0,0,30798
0,2,-3,0.5,0.04465,180,0,0,30816
0,2,-3,0.5,0.04492,180,0,0,30832
0,2,-4,0.5,0.04519,180,0,31,30855
0,0,-4,0.5,0.04519,180,0,31,30866
0,1,-3,0.5,0.045325,180,0,31,30883
0,1,-3,0.5,0.04546,180,0,31,30898
0,0,-2,0.5,0.04546,180,0,31,30918
0,0,-2,0.5,0.04546,180,0,31,30935
0,0,-1,0.5,0.04546,180,0,31,30948
0,-1,0,0.5,0.045325,180,0,31,30967
0,-1,0,0.5,0.04519,180,0,31,30983
0,0,0,0.5,0.04519,180,0,31,30998
0,0,0,0.5,0.04519,180,0,31,31015
0,0,0,0.5,0.04519,180,0,31,31030
0,6,0,0.5,0.046,180,0,31,31048
0,7,0,0.5,0.046945,180,0,31,31065
0,8,0,0.5,0.048025,180,0,31,31081
0,9,0,0.5,0.04924,180,0,31,31099
0,12,0,0.5,0.05086,180,0,31,31115
0,28,0,0.5,0.05464,180,0,0,31131
0,16,0,0.5,0.0568,180,0,0,31149
0,14,0,0.5,0.05869,180,0,0,31164
0,15,0,0.5,0.060715,180,0,0,31181
0,11,0,0.5,0.0622,180,0,0,31200
0,9,0,0.5,0.063415,180,0,0,31217
0,7,1,0.5,0.06436,180,0,0,31231
0,4,1,0.5,0.0649,180,0,0,31249
0,1,2,0.5,0.065035,180,0,0,31266
0,-3,1,0.5,0.06463,180,0,0,31281
0,-11,2,0.5,0.063145,180,0,0,31301
0,-13,2,0.5,0.06139,180,0,0,31318
0,-15,2,0.5,0.059365,180,0,0,31335
0,-19,2,0.5,0.0568,180,0,0,31350
0,-20,1,0.5,0.0541,180,0,0,31367
0,-24,1,0.5,0.05086,180,0,0,31386
0,-24,1,0.5,0.04762,180,0,0,31400
0,-24,0,0.5,0.04438,180,0,0,31416
0,-20,0,0.5,0.04168,180,0,0,31432
0,-13,0,0.5,0.039925,180,0,0,31448
0,-3,0,0.5,0.03952,180,0,0,31465
0,2,-1,0.5,0.03979,180,0,31,31486
0,16,-1,0.5,0.04195,180,0,31,31503
0,9,0,0.5,0.043165,180,0,31,31521
0,5,0,0.5,0.04384,180,0,31,31531
0,2,1,0.5,0.04411,180,0,31,31548
0,0,2,0.5,0.04411,180,0,31,31570
0,-3,2,0.5,0.043705,180,0,31,31584
0,-5,3,0.5,0.04303,180,0,31,31601
0,-5,4,0.5,0.042355,180,0,31,31617
0,-4,3,0.5,0.041815,180,0,31,31635
0,-2,2,0.5,0.041545,180,0,31,31652
0,-1,2,0.5,0.04141,180,0,31,31669
0,1,0,0.5,0.041545,180,0,31,31684
0,2,0,0.5,0.041815,180,0,31,31700
0,2,-2,0.5,0.042085,180,0,31,31718
0,2,-2,0.5,0.042355,180,0,0,31733
0,2,-1,0.5,0.042625,180,0,0,31751
0,0,0,0.5,0.042625,180,0,0,31766
0,-3,0,0.5,0.04222,180,0,0,31782
0,-7,0,0.5,0.041275,180,0,0,31801
0,-5,0,0.5,0.0406,180,0,0,31816
0,-2,0,0.5,0.04033,180,0,0,31833
0,1,0,0.5,0.040465,180,0,0,31849
0,4,-1,0.5,0.041005,180,0,0,31868
0,-3,-1,0.5,0.0406,180,0,0,31886
0,-1,0,0.5,0.040465,180,0,0,31899
0,0,0,0.5,0.040465,180,0,0,31917
0,0,0,0.5,0.040465,180,0,0,31933
0,0,2,0.5,0.040465,180,0,0,31952
0,-3,1,0.5,0.04006,180,0,31,31970
0,-7,0,0.5,0.039115,180,0,31,31987
0,-7,0,0.5,0.03817,180,0,0,32000
0,-8,-1,0.5,0.03709,180,0,0,32016
0,-8,-2,0.5,0.03601,180,0,0,32034
0,-8,-3,0.5,0.03493,180,0,0,32056
0,-6,-2,0.5,0.03412,180,0,0,32070
0,-3,-1,0.5,0.033715,180,0,31,32087
0,1,-1,0.5,0.03385,180,0,31,32100
0,5,0,0.5,0.034525,180,0,31,32119
0,6,1,0.5,0.035335,180,0,31,32135
0,4,2,0.5,0.035875,180,0,31,32150
0,0,1,0.5,0.035875,180,0,0,32167
0,0,1,0.5,0.035875,180,0,0,32186
0,-1,0,0.5,0.03574,180,0,0,32200
0,0,0,0.5,0.03574,180,0,0,32216
0,2,0,0.5,0.03601,180,0,0,32236
0,0,0,0.5,0.03601,180,0,0,32250
0,9,0,0.5,0.037225,180,0,0,32267
0,3,0,0.5,0.03763,180,0,0,32284
0,1,-1,0.5,0.037765,180,0,0,32301
0,0,-2,0.5,0.037765,180,0,0,32317
0,-1,-1,0.5,0.03763,180,0,0,32334
0,-2,-1,0.5,0.03736,180,0,0,32354
0,-7,1,0.5,0.036415,180,0,0,32370
0,-8,2,0.5,0.035335,180,0,0,32385
0,-10,2,0.5,0.033985,180,0,0,32405
0,-12,3,0.5,0.032365,180,0,0,32421
0,-12,3,0.5,0.030745,180,0,0,32438
0,-14,3,0.5,0.028855,180,0,0,32454
0,-14,2,0.5,0.026965,180,0,0,32473
0,-14,2,0.5,0.025075,180,0,0,32484
0,-11,0,0.5,0.02359,180,0,0,32503
0,-8,0,0.5,0.02251,180,0,0,32520
0,-2,0,0.5,0.02224,180,0,0,32534
0,0,0,0.5,0.02224,180,0,31,32550
0,5,0,0.5,0.022915,180,0,31,32568
0,8,0,0.5,0.023995,180,0,31,32586
0,4,0,0.5,0.024535,180,0,31,32601
0,3,1,0.5,0.02494,180,0,31,32618
0,0,1,0.5,0.02494,180,0,31,32634
0,1,0,0.5,0.025075,180,0,31,32655
0,-1,-1,0.5,0.02494,180,0,31,32670
0,-2,-2,0.5,0.02467,180,0,31,32686
0,-1,-2,0.5,0.024535,180,0,0,32701
0,1,-2,0.5,0.02467,180,0,0,32723
0,2,-2,0.5,0.02494,180,0,0,32738
0,3,-1,0.5,0.025345,180,0,0,32755
0,2,0,0.5,0.025615,180,0,0,32768
0,1,-1,0.5,0.02575,180,0,0,32787
0,-1,-2,0.5,0.025615,180,0,0,32801
0,-1,-1,0.5,0.02548,180,0,0,32821
0,-2,-1,0.5,0.02521,180,0,0,32837
0,-6,0,0.5,0.0244,180,0,0,32856
0,-8,0,0.5,0.02332,180,0,0,32867
0,-9,0,0.5,0.022105,180,0,0,32885
0,-10,0,0.5,0.020755,180,0,0,32902
0,-8,0,0.5,0.019675,180,0,0,32918
0,-9,0,0.5,0.01846,180,0,0,32938
0,-6,0,0.5,0.01765,180,0,31,32956
0,-5,0,0.5,0.016975,180,0,31,32969
0,-1,1,0.5,0.01684,180,0,31,32985
0,0,3,0.5,0.01684,180,0,31,33002
0,-2,5,0.5,0.01657,180,0,31,33021
0,-3,2,0.5,0.016165,180,0,0,33040
0,-3,2,0.5,0.01576,180,0,0,33054
0,-2,0,0.5,0.01549,180,0,0,33070
0,-4,-1,0.5,0.01495,180,0,0,33085
0,-6,-6,0.5,0.01414,180,0,0,33106
0,-7,-5,0.5,0.013195,180,0,0,33121
0,-7,-4,0.5,0.01225,180,0,0,33138
0,-11,-3,0.5,0.010765,180,0,0,33154
0,-14,-2,0.5,0.008875,180,0,0,33171
0,-15,-1,0.5,0.00685,180,0,0,33191
0,-14,0,0.5,0.00496,180,0,0,33205
0,-12,1,0.5,0.00334,180,0,0,33223
0,-10,2,0.5,0.00199,180,0,0,33237
0,-5,1,0.5,0.001315,180,0,0,33253
0,-3,1,0.5,0.00091,180,0,0,33271
0,-3,1,0.5,0.000505,180,0,0,33288
0,-2,2,0.5,0.000235,180,0,0,33305
0,-4,0,0.5,-0.000305,180,0,0,33322
0,-5,-1,0.5,-0.00098,180,0,0,33336
0,-5,-4,0.5,-0.001655,180,0,0,33354
0,-3,-4,0.5,-0.00206,180,0,0,33370
0,-4,-4,0.5,-0.0026,180,0,0,33388
0,-15,-6,0.5,-0.004625,180,0,0,33406
0,-8,-3,0.5,-0.005705,180,0,31,33425
0,-7,-3,0.5,-0.00665,180,0,31,33438
0,-3,-3,0.5,-0.007055,180,0,31,33454
0,-1,-2,0.5,-0.00719,180,0,31,33470
0,0,-2,0.5,-0.00719,180,0,31,33486
0,0,-1,0.5,-0.00719,180,0,31,33505
0,-2,0,0.5,-0.00746,180,0,31,33523
0,-2,0,0.5,-0.00773,180,0,31,33536
0,-2,0,0.5,-0.008,180,0,31,33554
0,-3,0,0.5,-0.008405,180,0,31,33569
0,-1,-1,0.5,-0.00854,180,0,31,33587
0,-1,-1,0.5,-0.008675,180,0,31,33605
0,1,-2,0.5,-0.00854,180,0,31,33620
0,3,-2,0.5,-0.008135,180,0,31,33637
0,6,-3,0.5,-0.007325,180,0,31,33654
0,6,-3,0.5,-0.006515,180,0,31,33672
0,7,-3,0.5,-0.00557,180,0,31,33689
0,3,-3,0.5,-0.005165,180,0,31,33706
0,4,-3,0.5,-0.004625,180,0,31,33722
0,1,-3,0.5,-0.00449,180,0,0,33737
0,-2,-3,0.5,-0.00476,180,0,0,33757
0,-5,-6,0.5,-0.005435,180,0,0,33773
0,-2,-4,0.5,-0.005705,180,0,0,33789
0,-2,-4,0.5,-0.005975,180,0,0,33806
0,-1,-3,0.5,-0.00611,180,0,0,33825
0,-1,-4,0.5,-0.006245,180,0,0,33840
0,0,-4,0.5,-0.006245,180,0,0,33857
0,0,-4,0.5,-0.006245,180,0,0,33873
0,2,-4,0.5,-0.005975,180,0,0,33889
0,6,-5,0.5,-0.005165,180,0,0,33907
0,10,-6,0.5,-0.003815,180,0,0,33921
0,15,-7,0.5,-0.00179,180,0,0,33941
0,18,-7,0.5,0.00064,180,0,0,33960
0,19,-7,0.5,0.003205,180,0,0,33976
0,21,-7,0.5,0.00604,180,0,0,33989
0,21,-6,0.5,0.008875,180,0,0,34012
0,23,-6,0.5,0.01198,180,0,0,34028
0,23,-5,0.5,0.015085,180,0,0,34044
0,21,-5,0.5,0.01792,180,0,0,34059
0,23,-4,0.5,0.021025,180,0,0,34071
0,23,-4,0.5,0.02413,180,0,0,34095
0,22,-4,0.5,0.0271,180,0,0,34110
0,19,-2,0.5,0.029665,180,0,0,34121
0,17,-1,0.5,0.03196,180,0,0,34140
0,26,-1,0.5,0.03547,180,0,0,34158
0,10,0,0.5,0.03682,180,0,0,34171
0,7,-1,0.5,0.037765,180,0,0,34188
0,9,-3,0.5,0.03898,180,0,0,34211
0,8,-4,0.5,0.04006,180,0,0,34224
0,10,-6,0.5,0.04141,180,0,0,34241
0,9,-6,0.5,0.042625,180,0,0,34256
0,11,-7,0.5,0.04411,180,0,0,34276
0,10,-6,0.5,0.04546,180,0,0,34293
0,13,-7,0.5,0.047215,180,0,0,34307
0,14,-7,0.5,0.049105,180,0,0,34324
0,16,-8,0.5,0.051265,180,0,0,34340
0,17,-8,0.5,0.05356,180,0,0,34358
0,20,-8,0.5,0.05626,180,0,0,34376
0,23,-8,0.5,0.059365,180,0,0,34390
0,25,-9,0.5,0.06274,180,0,0,34407
0,25,-8,0.5,0.066115,180,0,0,34426
0,24,-7,0.5,0.069355,180,0,0,34441
0,21,-6,0.5,0.07219,180,0,0,34461
0,17,-5,0.5,0.074485,180,0,0,34475
0,14,-4,0.5,0.076375,180,0,0,34489
0,22,-5,0.5,0.079345,180,0,0,34506
0,0,0,0.5,0.079345,180,0,0,34521
0,11,-3,0.5,0.08083,180,0,0,34538
0,33,-6,0.5,0.085285,180,0,0,34559
0,0,0,0.5,0.085285,180,0,0,34574
0,44,-10,0.5,0.091225,180,0,0,34593
0,23,-6,0.5,0.09433,180,0,0,34607
0,23,-6,0.5,0.097435,180,0,0,34624
0,21,-6,0.5,0.10027,180,0,0,34644
0,22,-7,0.5,0.10324,180,0,0,34660
0,22,-7,0.5,0.10621,180,0,0,34675
0,24,-8,0.5,0.10945,180,0,0,34693
0,22,-7,0.5,0.11242,180,0,0,34710
0,21,-7,0.5,0.115255,180,0,0,34726
0,19,-7,0.5,0.11782,180,0,0,34743
0,14,-5,0.5,0.11971,180,0,0,34758
0,12,-5,0.5,0.12133,180,0,0,34775
0,8,-4,0.5,0.12241,180,0,0,34790
0,6,-4,0.5,0.12322,180,0,0,34809
0,6,-3,0.5,0.12403,180,0,0,34825
0,6,-3,0.5,0.12484,180,0,0,34841
0,8,-4,0.5,0.12592,180,0,0,34857
0,22,-4,0.5,0.12889,180,0,0,34875
0,14,-11,0.5,0.13078,180,0,0,34893
0,0,0,0.5,0.13078,180,0,0,34907
0,37,-12,0.5,0.135775,180,0,0,34930
0,21,-10,0.5,0.13861,180,0,0,34946
0,21,-9,0.5,0.141445,180,0,0,34960
0,20,-9,0.5,0.144145,180,0,0,34975
0,19,-9,0.5,0.14671,180,0,0,34992
0,19,-9,0.5,0.149275,180,0,0,35010
0,19,-7,0.5,0.15184,180,0,0,35024
0,19,-7,0.5,0.154405,180,0,0,35045
0,16,-6,0.5,0.156565,180,0,0,35061
0,15,-6,0.5,0.15859,180,0,0,35078
0,14,-5,0.5,0.16048,180,0,0,35097
0,12,-4,0.5,0.1621,180,0,0,35110
0,12,-4,0.5,0.16372,180,0,0,35125
0,10,-3,0.5,0.16507,180,0,0,35143
0,10,-3,0.5,0.16642,180,0,0,35157
0,11,-4,0.5,0.167905,180,0,0,35174
0,12,-4,0.5,0.169525,180,0,0,35194
0,16,-5,0.5,0.171685,180,0,0,35213
0,19,-5,0.5,0.17425,180,0,0,35225
0,19,-4,0.5,0.176815,180,0,0,35240
0,45,-10,0.5,0.18289,180,0,0,35271
0,24,-3,0.5,0.18613,180,0,0,35278
0,0,-2,0.5,0.18613,180,0,0,35289
0,50,-8,0.5,0.19288,180,0,0,35315
0,26,-9,0.5,0.19639,180,0,0,35330
0,24,-7,0.5,0.19963,180,0,0,35342
0,23,-6,0.5,0.202735,180,0,0,35364
0,20,-5,0.5,0.205435,180,0,0,35378
0,18,-4,0.5,0.207865,180,0,0,35396
0,12,-3,0.5,0.209485,180,0,0,35411
0,9,-2,0.5,0.2107,180,0,0,35431
0,5,-2,0.5,0.211375,180,0,0,35443
0,0,-3,0.5,0.211375,180,0,0,35457
0,0,-3,0.5,0.211375,180,0,0,35475
0,1,-4,0.5,0.21151,180,0,0,35490
0,2,-6,0.5,0.21178,180,0,0,35509
0,5,-7,0.5,0.212455,180,0,0,35526
0,9,-8,0.5,0.21367,180,0,0,35545
0,10,-8,0.5,0.21502,180,0,0,35559
0,11,-8,0.5,0.216505,180,0,0,35577
0,13,-8,0.5,0.21826,180,0,0,35596
0,15,-8,0.5,0.220285,180,0,0,35609
0,19,-8,0.5,0.22285,180,0,0,35627
0,21,-8,0.5,0.225685,180,0,0,35642
0,46,-15,0.5,0.231895,180,0,0,35665
0,23,-6,0.5,0.235,180,0,0,35676
0,23,-5,0.5,0.238105,180,0,0,35697
0,0,0,0.5,0.238105,180,0,0,35706
0,39,-8,0.5,0.24337,180,0,0,35729
0,12,-3,0.5,0.24499,180,0,0,35742
0,9,-3,0.5,0.246205,180,0,0,35766
0,3,-2,0.5,0.24661,180,0,0,35776
0,1,-2,0.5,0.246745,180,0,0,35792
0,0,-1,0.5,0.246745,180,0,0,35807
0,0,-1,0.5,0.246745,180,0,0,35824
0,3,-1,0.5,0.24715,180,0,0,35841
0,5,-2,0.5,0.247825,180,0,0,35858
0,8,-4,0.5,0.248905,180,0,0,35876
0,11,-5,0.5,0.25039,180,1,0,35891
0,12,-5,0.5,0.25201,180,1,0,35911
0,15,-7,0.5,0.254035,180,1,0,35928
0,16,-6,0.5,0.256195,180,0,0,35943
0,17,-7,0.5,0.25849,180,0,0,35962
0,43,-14,0.5,0.264295,180,0,0,35982
0,25,-7,0.5,0.26767,180,0,0,35999
0,0,0,0.5,0.26767,180,0,0,36007
0,27,-7,0.5,0.271315,180,0,0,36026
0,27,-7,0.5,0.27496,180,0,0,36043
0,50,-12,0.5,0.28171,180,0,0,36061
0,0,0,0.5,0.28171,180,0,0,36075
0,38,-10,0.5,0.28684,180,0,0,36094
0,8,-3,0.5,0.28792,180,0,0,36108
0,2,0,0.5,0.28819,180,0,0,36125
0,-1,0,0.5,0.288055,180,0,31,36141
0,-5,0,0.5,0.28738,180,0,31,36158
0,-5,0,0.5,0.286705,180,0,31,36178
0,-4,-1,0.5,0.286165,180,0,0,36195
0,-4,-2,0.5,0.285625,180,0,0,36210
0,-4,-2,0.5,0.285085,180,0,0,36227
0,-5,-3,0.5,0.28441,180,0,0,36242
0,-3,-2,0.5,0.284005,180,0,0,36258
0,-2,-2,0.5,0.283735,180,0,0,36279
0,-1,-1,0.5,0.2836,180,0,0,36295
0,-2,0,0.5,0.28333,180,0,0,36308
0,-1,0,0.5,0.283195,180,0,31,36327
0,0,0,0.5,0.283195,180,0,31,36343
0,0,0,0.5,0.283195,180,0,31,36359
0,0,0,0.5,0.283195,180,0,0,36377
0,-1,0,0.5,0.28306,180,0,0,36391
0,-3,0,0.5,0.282655,180,0,0,36408
0,-6,-1,0.5,0.281845,180,0,0,36426
0,-2,-1,0.5,0.281575,180,0,31,36444
0,-1,-1,0.5,0.28144,180,0,31,36462
0,-2,-1,0.5,0.28117,180,0,0,36476
0,-1,-1,0.5,0.281035,180,0,0,36491
0,-1,-1,0.5,0.2809,180,0,0,36513
0,-1,-1,0.5,0.280765,180,0,0,36525
0,1,-1,0.5,0.2809,180,0,31,36545
0,1,0,0.5,0.281035,180,0,31,36559
0,2,-1,0.5,0.281305,180,0,31,36577
0,1,-1,0.5,0.28144,180,0,0,36594
0,-2,-1,0.5,0.28117,180,0,0,36611
0,-2,-1,0.5,0.2809,180,0,0,36628
0,-2,0,0.5,0.28063,180,0,0,36641
0,0,0,0.5,0.28063,180,0,31,36660
0,0,0,0.5,0.28063,180,0,31,36680
0,0,0,0.5,0.28063,180,0,31,36693
0,0,0,0.5,0.28063,180,0,0,36709
0,-2,-1,0.5,0.28036,180,0,0,36726
0,0,-1,0.5,0.28036,180,0,0,36742
0,-1,0,0.5,0.280225,180,0,0,36759
0,0,0,0.5,0.280225,180,0,31,36776
0,0,0,0.5,0.280225,180,0,31,36793
0,1,0,0.5,0.28036,180,0,31,36815
0,-1,0,0.5,0.280225,180,0,0,36830
0,-1,0,0.5,0.28009,180,0,0,36842
0,-2,0,0.5,0.27982,180,0,0,36859
0,-1,0,0.5,0.279685,180,0,0,36877
0,-1,0,0.5,0.27955,180,0,31,36894
0,0,0,0.5,0.27955,180,0,31,36908
0,0,0,0.5,0.27955,180,0,31,36926
0,0,0,0.5,0.27955,180,0,0,36942
0,-1,0,0.5,0.279415,180,0,0,36959
0,-1,0,0.5,0.27928,180,0,0,36977
0,0,0,0.5,0.27928,180,0,0,36992
0,0,0,0.5,0.27928,180,0,0,37009
0,0,0,0.5,0.27928,180,0,0,37027
0,3,0,0.5,0.279685,180,0,31,37043
0,1,0,0.5,0.27982,180,0,31,37059
0,1,0,0.5,0.279955,180,0,0,37078
0,0,0,0.5,0.279955,180,0,0,37092
0,0,0,0.5,0.279955,180,0,0,37109
0,-1,0,0.5,0.27982,180,0,0,37126
0,-1,0,0.5,0.279685,180,0,0,37145
0,0,0,0.5,0.279685,180,0,31,37159
0,-1,0,0.5,0.27955,180,0,31,37176
0,0,0,0.5,0.27955,180,0,31,37193
0,0,0,0.5,0.27955,180,0,0,37210
0,-3,0,0.5,0.279145,180,0,0,37226
0,0,0,0.5,0.279145,180,0,0,37242
0,0,0,0.5,0.279145,180,0,0,37259
0,0,0,0.5,0.279145,180,0,0,37277
0,0,0,0.5,0.279145,180,0,31,37297
0,0,1,0.5,0.279145,180,0,31,37310
0,0,0,0.5,0.279145,180,0,31,37327
0,-1,0,0.5,0.27901,180,0,31,37344
0,-2,0,0.5,0.27874,180,0,0,37363
0,0,0,0.5,0.27874,180,0,0,37378
0,-1,0,0.5,0.278605,180,0,0,37393
0,0,0,0.5,0.278605,180,0,0,37411
0,-1,-1,0.5,0.27847,180,0,0,37427
0,-1,0,0.5,0.278335,180,0,31,37445
0,0,0,0.5,0.278335,180,0,31,37461
0,-1,0,0.5,0.2782,180,0,31,37478
0,-2,0,0.5,0.27793,180,0,0,37495
0,-3,0,0.5,0.277525,180,0,0,37509
0,-4,-1,0.5,0.276985,180,0,0,37527
0,-9,-2,0.5,0.27577,180,0,0,37549
0,-5,-1,0.5,0.275095,180,0,0,37565
0,-6,-1,0.5,0.274285,180,0,31,37580
0,-9,-1,0.5,0.27307,180,0,31,37595
0,-10,-1,0.5,0.27172,180,0,31,37611
0,-15,-2,0.5,0.269695,180,0,31,37629
0,-17,-1,0.5,0.2674,180,0,0,37645
0,-17,-1,0.5,0.265105,180,0,0,37666
0,-17,0,0.5,0.26281,180,0,0,37678
0,-15,0,0.5,0.260785,180,0,0,37694
0,-13,1,0.5,0.25903,180,0,0,37711
0,-11,1,0.5,0.257545,180,0,0,37727
0,-9,2,0.5,0.25633,180,0,31,37747
0,-7,2,0.5,0.255385,180,0,31,37762
0,-4,2,0.5,0.254845,180,0,0,37780
0,-1,2,0.5,0.25471,180,0,0,37795
0,0,2,0.5,0.25471,180,0,0,37812
0,0,1,0.5,0.25471,180,0,0,37829
0,-1,1,0.5,0.254575,180,0,0,37845
0,-1,0,0.5,0.25444,180,0,31,37862
0,0,0,0.5,0.25444,180,0,31,37879
0,3,0,0.5,0.254845,180,0,31,37895
0,5,0,0.5,0.25552,180,0,0,37911
0,3,0,0.5,0.255925,180,0,0,37928
0,1,-1,0.5,0.25606,180,0,0,37944
0,0,-4,0.5,0.25606,180,0,0,37963
-1,1,-2,0.5,0.256195,180,0,0,37989
0,0,-2,0.5,0.256195,180,0,0,37995
0,0,-2,0.5,0.256195,180,0,31,38012
0,1,-2,0.5,0.25633,180,0,31,38029
0,2,-2,0.5,0.2566,180,0,31,38045
0,0,-2,0.5,0.2566,180,0,0,38064
0,-3,-1,0.5,0.256195,180,0,0,38081
0,-7,-1,0.5,0.25525,180,0,0,38095
0,-7,0,0.5,0.254305,180,0,0,38111
0,-6,1,0.5,0.253495,180,0,0,38133
0,-4,1,0.5,0.252955,180,0,0,38148
0,-1,0,0.5,0.25282,180,0,0,38162
0,0,1,0.5,0.25282,180,0,31,38178
0,0,0,0.5,0.25282,180,0,31,38194
0,1,1,0.5,0.252955,180,0,31,38215
0,-2,1,0.5,0.252685,180,0,0,38229
0,-5,2,0.5,0.25201,180,0,0,38246
0,-6,3,0.5,0.2512,180,0,0,38267
0,-8,4,0.5,0.25012,180,0,0,38286
0,-10,5,0.5,0.24877,180,0,0,38299
0,-8,5,0.5,0.24769,180,0,0,38314
0,-15,5,0.5,0.245665,180,0,0,38334
0,-6,2,0.5,0.244855,180,0,0,38349
0,-8,3,0.5,0.243775,180,0,0,38364
0,-10,3,0.5,0.242425,180,0,31,38380
0,-9,3,0.5,0.24121,180,0,31,38396
0,-6,2,0.5,0.2404,180,0,31,38416
0,-2,2,0.5,0.24013,180,0,31,38432
0,0,2,0.5,0.24013,180,0,31,38447
0,2,2,0.5,0.2404,180,0,31,38464
0,0,1,0.5,0.2404,180,0,0,38479
0,-2,1,0.5,0.24013,180,0,0,38497
0,-6,1,0.5,0.23932,180,0,0,38514
0,-7,1,0.5,0.238375,180,0,0,38529
0,-9,2,0.5,0.23716,180,0,0,38548
0,-9,3,0.5,0.235945,180,0,0,38565
0,-7,3,0.5,0.235,180,0,0,38580
0,-7,3,0.5,0.234055,180,0,0,38598
0,-6,2,0.5,0.233245,180,0,0,38613
0,-9,1,0.5,0.23203,180,0,0,38631
0,-11,2,0.5,0.230545,180,0,0,38646
0,-9,2,0.5,0.22933,180,0,0,38664
0,-12,2,0.5,0.22771,180,0,0,38683
0,-12,2,0.5,0.22609,180,0,0,38697
0,-14,3,0.5,0.2242,180,0,0,38714
0,-30,8,0.5,0.22015,180,0,0,38732
0,-14,4,0.5,0.21826,180,0,0,38752
0,-10,3,0.5,0.21691,180,0,31,38768
0,-7,1,0.5,0.215965,180,0,31,38782
0,-3,0,0.5,0.21556,180,0,31,38796
0,-2,0,0.5,0.21529,180,0,31,38814
0,-1,1,0.5,0.215155,180,0,31,38831
0,-5,2,0.5,0.21448,180,0,31,38847
0,-9,2,0.5,0.213265,180,0,31,38867
0,-14,1,0.5,0.211375,180,0,31,38884
0,-15,2,0.5,0.20935,180,0,0,38896
0,-16,2,0.5,0.20719,180,0,0,38915
0,-19,3,0.5,0.204625,180,0,0,38931
0,-18,3,0.5,0.202195,180,0,0,38950
0,-15,3,0.5,0.20017,180,0,0,38965
0,-9,3,0.5,0.198955,180,0,31,38986
0,-1,2,0.5,0.19882,180,0,31,38999
0,2,2,0.5,0.19909,180,0,31,39016
0,7,2,0.5,0.200035,180,0,31,39033
0,6,2,0.5,0.200845,180,0,31,39047
0,2,1,0.5,0.201115,180,0,31,39067
0,-7,0,0.5,0.20017,180,0,0,39086
0,0,0,0.5,0.20017,180,0,0,39097
0,-27,2,0.5,0.196525,180,0,0,39115
0,0,0,0.5,0.196525,180,0,0,39129
0,-38,4,0.5,0.191395,180,0,0,39152
0,-17,2,0.5,0.1891,180,0,31,39168
0,-13,1,0.5,0.187345,180,0,31,39180
0,-6,1,0.5,0.186535,180,0,31,39199
0,-1,0,0.5,0.1864,180,0,0,39220
0,2,-2,0.5,0.18667,180,0,0,39235
0,5,-1,0.5,0.187345,180,0,0,39249
0,6,-1,0.5,0.188155,180,0,31,39264
0,7,-2,0.5,0.1891,180,0,31,39281
0,9,-2,0.5,0.190315,180,0,31,39300
0,5,-2,0.5,0.19099,180,0,31,39317
0,0,-1,0.5,0.19099,180,0,0,39334
0,-5,0,0.5,0.190315,180,0,0,39347
0,-11,0,0.5,0.18883,180,0,0,39365
0,-15,0,0.5,0.186805,180,0,0,39383
0,-15,0,0.5,0.18478,180,0,0,39399
0,-12,0,0.5,0.18316,180,0,0,39414
0,-7,0,0.5,0.182215,180,0,0,39432
0,-2,0,0.5,0.181945,180,0,0,39448
0,0,0,0.5,0.181945,180,0,31,39465
0,3,0,0.5,0.18235,180,0,31,39481
0,9,2,0.5,0.183565,180,0,31,39500
0,4,1,0.5,0.184105,180,0,31,39517
0,2,0,0.5,0.184375,180,0,31,39532
0,-1,2,0.5,0.18424,180,0,0,39548
0,-6,1,0.5,0.18343,180,0,0,39565
0,-12,1,0.5,0.18181,180,0,0,39581
0,-15,1,0.5,0.179785,180,0,0,39601
0,-17,1,0.5,0.17749,180,0,0,39620
0,-14,0,0.5,0.1756,180,0,0,39632
0,-8,-1,0.5,0.17452,180,0,0,39648
0,-1,-1,0.5,0.174385,180,0,0,39667
0,3,-2,0.5,0.17479,180,0,0,39685
0,6,-2,0.5,0.1756,180,0,31,39701
0,6,-3,0.5,0.17641,180,0,31,39715
0,4,-2,0.5,0.17695,180,0,31,39733
0,2,-1,0.5,0.17722,180,0,31,39749
0,-1,-1,0.5,0.177085,180,0,31,39766
0,-4,-1,0.5,0.176545,180,0,0,39785
0,-18,-1,0.5,0.174115,180,0,0,39805
0,0,0,0.5,0.174115,180,0,0,39815
0,-11,0,0.5,0.17263,180,0,0,39831
0,-11,0,0.5,0.171145,180,0,0,39849
0,-9,1,0.5,0.16993,180,0,0,39866
0,-14,2,0.5,0.16804,180,0,0,39884
0,-7,0,0.5,0.167095,180,0,0,39898
0,-7,0,0.5,0.16615,180,0,0,39915
0,-8,0,0.5,0.16507,180,0,0,39933
0,-12,0,0.5,0.16345,180,0,0,39949
0,-13,1,0.5,0.161695,180,0,0,39966
0,-13,2,0.5,0.15994,180,0,0,39982
0,-13,2,0.5,0.158185,180,0,0,40003
0,-10,2,0.5,0.156835,180,0,0,40020
0,-8,1,0.5,0.155755,180,0,0,40032
0,-3,0,0.5,0.15535,180,0,0,40051
0,-1,0,0.5,0.155215,180,0,0,40067
0,2,-1,0.5,0.155485,180,0,0,40083
0,1,-1,0.5,0.15562,180,0,0,40100
0,0,-2,0.5,0.15562,180,0,0,40120
0,-2,-1,0.5,0.15535,180,0,0,40133
0,-2,-1,0.5,0.15508,180,0,0,40149
0,-1,-2,0.5,0.154945,180,0,0,40167
0,2,-2,0.5,0.155215,180,0,0,40183
0,2,-1,0.5,0.155485,180,0,0,40201
0,7,-3,0.5,0.15643,180,0,0,40222
0,2,-1,0.5,0.1567,180,0,0,40238
0,0,0,0.5,0.1567,180,0,0,40250
0,-9,-1,0.5,0.155485,180,0,0,40270
0,-8,-2,0.5,0.154405,180,0,0,40287
0,-7,-1,0.5,0.15346,180,0,0,40300
0,-4,-1,0.5,0.15292,180,0,0,40316
0,-1,-1,0.5,0.152785,180,0,0,40336
0,0,0,0.5,0.152785,180,0,0,40358
0,3,0,0.5,0.15319,180,0,0,40373
0,2,0,0.5,0.15346,180,0,0,40384
0,0,0,0.5,0.15346,180,0,31,40399
0,0,0,0.5,0.15346,180,0,31,40416
0,-1,0,0.5,0.153325,180,0,31,40432
0,-1,0,0.5,0.15319,180,0,31,40453
0,0,0,0.5,0.15319,180,0,31,40466
0,1,0,0.5,0.153325,180,0,31,40487
0,5,0,0.5,0.154,180,0,31,40500
0,5,0,0.5,0.154675,180,0,0,40518
0,6,0,0.5,0.155485,180,0,0,40534
0,5,0,0.5,0.15616,180,0,0,40549
0,3,-1,0.5,0.156565,180,0,0,40566
0,1,-1,0.5,0.1567,180,0,0,40585
0,0,0,0.5,0.1567,180,0,0,40600
0,-6,0,0.5,0.15589,180,0,0,40617
0,-16,-1,0.5,0.15373,180,0,0,40637
0,-6,-1,0.5,0.15292,180,0,0,40654
0,-5,-1,0.5,0.152245,180,0,0,40667
0,0,0,0.5,0.152245,180,0,0,40684
0,-1,-2,0.5,0.15211,180,0,0,40700
0,3,0,0.5,0.152515,180,0,31,40718
0,4,0,0.5,0.153055,180,0,31,40736
0,2,0,0.5,0.153325,180,0,31,40749
0,0,0,0.5,0.153325,180,0,31,40766
0,0,0,0.5,0.153325,180,0,31,40784
0,0,0,0.5,0.153325,180,0,31,40800
0,-3,0,0.5,0.15292,180,0,31,40817
0,0,-1,0.5,0.15292,180,0,31,40836
0,1,-2,0.5,0.153055,180,0,31,40850
0,1,-1,0.5,0.15319,180,0,31,40867
0,2,-1,0.5,0.15346,180,0,31,40883
0,3,0,0.5,0.153865,180,0,31,40902
0,3,0,0.5,0.15427,180,0,31,40922
0,3,0,0.5,0.154675,180,0,0,40935
0,3,1,0.5,0.15508,180,0,0,40953
0,5,0,0.5,0.155755,180,0,0,40970
0,0,1,0.5,0.155755,180,0,0,40985
0,0,1,0.5,0.155755,180,0,0,41001
0,0,1,0.5,0.155755,180,0,0,41017
0,-7,0,0.5,0.15481,180,0,0,41035
0,-2,0,0.5,0.15454,180,0,0,41056
0,-3,-1,0.5,0.154135,180,0,0,41068
0,-3,-1,0.5,0.15373,180,0,0,41084
0,-5,-1,0.5,0.153055,180,0,0,41101
0,-6,0,0.5,0.152245,180,0,0,41117
0,-7,0,0.5,0.1513,180,0,0,41134
0,-7,0,0.5,0.150355,180,0,0,41152
0,-4,0,0.5,0.149815,180,0,0,41167
0,-2,0,0.5,0.149545,180,0,0,41193
0,0,0,0.5,0.149545,180,0,0,41202
0,0,0,0.5,0.149545,180,0,31,41220
0,0,0,0.5,0.149545,180,0,31,41235
0,0,0,0.5,0.149545,180,0,31,41251
0,0,-1,0.5,0.149545,180,0,31,41267
0,2,-1,0.5,0.149815,180,0,31,41285
0,2,-1,0.5,0.150085,180,0,0,41301
0,2,-2,0.5,0.150355,180,0,31,41318
0,2,-2,0.5,0.150625,180,0,0,41338
0,0,-2,0.5,0.150625,180,0,0,41356
0,0,-1,0.5,0.150625,180,0,0,41370
0,-3,-1,0.5,0.15022,180,0,0,41385
0,-4,0,0.5,0.14968,180,0,0,41401
0,-3,1,0.5,0.149275,180,0,0,41419
0,-4,3,0.5,0.148735,180,0,0,41438
0,-3,0,0.5,0.14833,180,0,0,41452
0,-3,0,0.5,0.147925,180,0,0,41468
0,-3,0,0.5,0.14752,180,0,31,41488
0,-1,0,0.5,0.147385,180,0,31,41503
0,0,-1,0.5,0.147385,180,0,31,41521
0,0,0,0.5,0.147385,180,0,31,41535
0,2,-1,0.5,0.147655,180,0,31,41552
0,1,0,0.5,0.14779,180,0,31,41568
0,0,0,0.5,0.14779,180,0,31,41586
0,0,0,0.5,0.14779,180,0,31,41601
0,0,0,0.5,0.14779,180,0,31,41621
0,0,0,0.5,0.14779,180,0,31,41635
0,-1,0,0.5,0.147655,180,0,31,41651
0,0,0,0.5,0.147655,180,0,31,41668
0,0,0,0.5,0.147655,180,0,31,41685
0,0,0,0.5,0.147655,180,0,31,41701
0,3,0,0.5,0.14806,180,0,31,41718
0,2,0,0.5,0.14833,180,0,31,41734
0,2,0,0.5,0.1486,180,0,31,41754
0,2,0,0.5,0.14887,180,0,31,41768
0,3,0,0.5,0.149275,180,0,31,41786
0,3,0,0.5,0.14968,180,0,0,41803
0,7,-2,0.5,0.150625,180,0,0,41823
0,4,-1,0.5,0.151165,180,0,0,41836
0,1,-1,0.5,0.1513,180,0,0,41852
0,1,-1,0.5,0.151435,180,0,0,41870
0,-1,-1,0.5,0.1513,180,0,0,41888
0,-5,0,0.5,0.150625,180,0,0,41902
0,-8,0,0.5,0.149545,180,0,0,41918
0,-10,0,0.5,0.148195,180,0,0,41935
0,-10,0,0.5,0.146845,180,0,0,41952
0,-7,0,0.5,0.1459,180,0,0,41969
0,-5,0,0.5,0.145225,180,0,0,41988
0,-1,0,0.5,0.14509,180,0,0,42002
0,0,0,0.5,0.14509,180,0,0,42019
0,2,-1,0.5,0.14536,180,0,31,42037
0,2,-2,0.5,0.14563,180,0,31,42055
0,2,-2,0.5,0.1459,180,0,31,42074
0,4,-3,0.5,0.14644,180,0,31,42086
0,4,-3,0.5,0.14698,180,0,31,42104
0,4,-3,0.5,0.14752,180,0,31,42120
0,3,-4,0.5,0.147925,180,0,31,42142
0,0,0,0.5,0.147925,180,0,31,42153
0,-5,-3,0.5,0.14725,180,0,0,42176
0,0,0,0.5,0.14725,180,0,0,42185
0,-15,-2,0.5,0.145225,180,0,0,42207
0,-10,0,0.5,0.143875,180,0,0,42220
0,-10,0,0.5,0.142525,180,0,0,42236
0,-10,0,0.5,0.141175,180,0,0,42254
0,-9,1,0.5,0.13996,180,0,0,42273
0,-8,1,0.5,0.13888,180,0,0,42287
0,-5,1,0.5,0.138205,180,0,0,42303
0,-3,3,0.5,0.1378,180,0,0,42320
0,0,3,0.5,0.1378,180,0,0,42338
0,2,2,0.5,0.13807,180,0,0,42355
0,2,2,0.5,0.13834,180,0,0,42370
0,1,1,0.5,0.138475,180,0,0,42389
0,1,0,0.5,0.13861,180,0,0,42405
0,0,0,0.5,0.13861,180,0,0,42420
0,0,0,0.5,0.13861,180,0,31,42436
0,0,-1,0.5,0.13861,180,0,31,42453
0,0,-2,0.5,0.13861,180,0,31,42471
0,-1,-2,0.5,0.138475,180,0,31,42487
0,-2,-3,0.5,0.138205,180,0,31,42506
0,-1,-2,0.5,0.13807,180,0,31,42523
0,-2,-2,0.5,0.1378,180,0,31,42537
0,-1,-2,0.5,0.137665,180,0,31,42556
0,0,-1,0.5,0.137665,180,0,31,42573
0,3,0,0.5,0.13807,180,0,0,42588
0,4,0,0.5,0.13861,180,0,0,42607
0,3,0,0.5,0.139015,180,0,0,42624
0,3,0,0.5,0.13942,180,0,0,42641
0,1,0,0.5,0.139555,180,0,0,42654
0,2,0,0.5,0.139825,180,0,0,42671
0,3,0,0.5,0.14023,180,0,0,42688
0,2,-1,0.5,0.1405,180,0,0,42705
0,2,0,0.5,0.14077,180,0,0,42722
0,0,-1,0.5,0.14077,180,0,0,42739
0,-1,-1,0.5,0.140635,180,0,0,42755
0,-2,-2,0.5,0.140365,180,0,0,42771
0,-4,-2,0.5,0.139825,180,0,0,42787
0,-5,-2,0.5,0.13915,180,0,0,42810
0,-3,-2,0.5,0.138745,180,0,0,42822
0,-4,-2,0.5,0.138205,180,0,0,42839
0,-2,-1,0.5,0.137935,180,0,0,42854
0,-6,-1,0.5,0.137125,180,0,0,42877
0,-4,-2,0.5,0.136585,180,0,0,42890
0,-4,-4,0.5,0.136045,180,0,0,42909
0,-2,-2,0.5,0.135775,180,0,0,42924
0,0,0,0.5,0.135775,180,0,0,42937
0,-2,-4,0.5,0.135505,180,0,0,42956
0,-1,-2,0.5,0.13537,180,0,0,42974
0,0,-2,0.5,0.13537,180,0,0,42989
0,3,-3,0.5,0.135775,180,0,31,43006
0,3,-2,0.5,0.13618,180,0,31,43022
0,5,-3,0.5,0.136855,180,0,31,43041
0,3,-2,0.5,0.13726,180,0,0,43058
0,4,-2,0.5,0.1378,180,0,0,43072
0,3,-1,0.5,0.138205,180,0,0,43091
0,2,-1,0.5,0.138475,180,0,0,43106
0,0,-1,0.5,0.138475,180,0,0,43122
0,1,-1,0.5,0.13861,180,0,0,43139
0,-3,-1,0.5,0.138205,180,0,0,43159
0,-4,-1,0.5,0.137665,180,0,0,43172
0,-4,0,0.5,0.137125,180,0,0,43189
0,-3,0,0.5,0.13672,180,0,0,43205
0,-3,0,0.5,0.136315,180,0,0,43221
0,-1,-1,0.5,0.13618,180,0,0,43240
0,1,-1,0.5,0.136315,180,0,0,43256
0,1,-1,0.5,0.13645,180,0,0,43271
0,2,-2,0.5,0.13672,180,0,0,43289
0,1,-2,0.5,0.136855,180,0,0,43305
0,0,-2,0.5,0.136855,180,0,0,43326
0,-2,-3,0.5,0.136585,180,0,0,43340
0,-1,-1,0.5,0.13645,180,0,0,43358
0,-1,-1,0.5,0.136315,180,0,0,43375
0,0,-2,0.5,0.136315,180,0,0,43388
0,0,-2,0.5,0.136315,180,0,0,43407
0,0,-2,0.5,0.136315,180,0,0,43425
0,0,-1,0.5,0.136315,180,0,0,43439
0,0,-1,0.5,0.136315,180,0,0,43455
0,-2,-1,0.5,0.136045,180,0,0,43475
0,-2,0,0.5,0.135775,180,0,0,43488
0,-2,0,0.5,0.135505,180,0,0,43506
0,-2,0,0.5,0.135235,180,0,0,43522
0,-2,0,0.5,0.134965,180,0,0,43538
0,-1,0,0.5,0.13483,180,0,0,43556
0,-1,0,0.5,0.134695,180,0,0,43571
0,0,0,0.5,0.134695,180,0,0,43588
0,0,-1,0.5,0.134695,180,0,0,43611
0,-1,0,0.5,0.13456,180,0,0,43626
0,-1,0,0.5,0.134425,180,0,0,43639
0,-2,0,0.5,0.134155,180,0,0,43657
0,-1,0,0.5,0.13402,180,0,0,43675
0,0,0,0.5,0.13402,180,0,0,43688
0,0,0,0.5,0.13402,180,0,0,43705
0,0,-1,0.5,0.13402,180,0,0,43722
0,2,-2,0.5,0.13429,180,0,0,43743
0,1,-1,0.5,0.134425,180,0,0,43758
0,-1,-1,0.5,0.13429,180,0,0,43776
0,-2,0,0.5,0.13402,180,0,0,43790
0,-3,0,0.5,0.133615,180,0,0,43812
0,-2,0,0.5,0.133345,180,0,0,43825
0,-2,0,0.5,0.133075,180,0,0,43839
0,-2,0,0.5,0.132805,180,0,0,43857
0,0,0,0.5,0.132805,180,0,0,43872
0,0,0,0.5,0.132805,180,0,0,43889
0,0,0,0.5,0.132805,180,0,0,43906
0,1,0,0.5,0.13294,180,0,0,43923
0,1,0,0.5,0.133075,180,0,0,43939
0,0,0,0.5,0.133075,180,0,0,43955
0,0,0,0.5,0.133075,180,0,0,43974
0,-2,0,0.5,0.132805,180,0,0,43989
0,-2,0,0.5,0.132535,180,0,0,44008
0,-1,0,0.5,0.1324,180,0,0,44023
0,-2,0,0.5,0.13213,180,0,0,44039
0,0,0,0.5,0.13213,180,0,0,44057
0,0,0,0.5,0.13213,180,0,0,44073
0,0,0,0.5,0.13213,180,0,0,44089
0,0,0,0.5,0.13213,180,0,0,44106
0,0,0,0.5,0.13213,180,0,0,44123
0,-1,0,0.5,0.131995,180,0,0,44139
0,0,0,0.5,0.131995,180,0,0,44156
0,0,0,0.5,0.131995,180,0,0,44173
0,0,0,0.5,0.131995,180,0,0,44189
0,1,0,0.5,0.13213,180,0,0,44208
0,0,0,0.5,0.13213,180,0,0,44223
0,0,0,0.5,0.13213,180,0,0,44239
0,0,0,0.5,0.13213,180,0,0,44256
0,0,0,0.5,0.13213,180,0,0,44273
0,-2,0,0.5,0.13186,180,0,0,44291
0,-4,0,0.5,0.13132,180,0,0,44307
0,-4,0,0.5,0.13078,180,0,0,44323
0,-3,0,0.5,0.130375,180,0,0,44340
0,-1,0,0.5,0.13024,180,0,0,44356
0,0,0,0.5,0.13024,180,0,0,44374
0,2,-1,0.5,0.13051,180,0,0,44390
0,2,-1,0.5,0.13078,180,0,0,44409
0,2,-1,0.5,0.13105,180,0,0,44427
0,3,-2,0.5,0.131455,180,0,0,44443
0,2,-1,0.5,0.131725,180,0,0,44459
0,10,-5,0.5,0.133075,180,0,0,44478
0,6,-3,0.5,0.133885,180,0,0,44496
0,7,-3,0.5,0.13483,180,0,0,44510
0,8,-4,0.5,0.13591,180,0,0,44527
0,9,-4,0.5,0.137125,180,0,0,44542
0,7,-4,0.5,0.13807,180,0,0,44564
0,6,-4,0.5,0.13888,180,0,0,44576
0,4,-4,0.5,0.13942,180,0,0,44592
0,2,-3,0.5,0.13969,180,0,0,44610
0,-1,-2,0.5,0.139555,180,0,0,44627
0,-3,-2,0.5,0.13915,180,0,0,44642
0,-6,0,0.5,0.13834,180,0,0,44659
0,-8,0,0.5,0.13726,180,0,0,44678
0,-9,1,0.5,0.136045,180,0,0,44691
0,-11,2,0.5,0.13456,180,0,0,44710
0,-9,2,0.5,0.133345,180,0,0,44727
0,-11,3,0.5,0.13186,180,0,0,44743
0,-22,5,0.5,0.12889,180,0,0,44765
0,0,0,0.5,0.12889,180,0,0,44774
0,-11,2,0.5,0.127405,180,0,0,44793
0,-9,1,0.5,0.12619,180,0,0,44809
0,-8,2,0.5,0.12511,180,0,0,44826
0,-15,4,0.5,0.123085,180,0,0,44852
0,-7,2,0.5,0.12214,180,0,0,44861
0,-8,2,0.5,0.12106,180,0,0,44875
0,-6,0,0.5,0.12025,180,0,0,44894
0,-3,0,0.5,0.119845,180,0,0,44908
0,-2,-1,0.5,0.119575,180,0,0,44926
0,-1,-2,0.5,0.11944,180,0,0,44943
0,4,-3,0.5,0.11998,180,0,0,44961
0,6,-3,0.5,0.12079,180,0,0,44977
0,9,-4,0.5,0.122005,180,0,0,44993
0,12,-5,0.5,0.123625,180,0,0,45009
0,13,-6,0.5,0.12538,180,0,0,45031
0,15,-7,0.5,0.127405,180,0,0,45045
0,16,-8,0.5,0.129565,180,0,0,45061
0,20,-9,0.5,0.132265,180,0,0,45079
0,20,-9,0.5,0.134965,180,0,0,45099
0,21,-9,0.5,0.1378,180,0,0,45115
0,18,-9,0.5,0.14023,180,0,0,45130
0,15,-8,0.5,0.142255,180,0,0,45145
0,11,-6,0.5,0.14374,180,0,0,45160
0,9,-4,0.5,0.144955,180,0,0,45176
0,7,-2,0.5,0.1459,180,0,0,45194
0,7,-2,0.5,0.146845,180,0,0,45213
0,8,-2,0.5,0.147925,180,0,0,45226
0,8,-3,0.5,0.149005,180,0,0,45243
0,8,-4,0.5,0.150085,180,0,0,45260
0,20,-11,0.5,0.152785,180,0,0,45281
0,10,-6,0.5,0.154135,180,0,0,45296
0,10,-8,0.5,0.155485,180,0,0,45317
0,8,-8,0.5,0.156565,180,0,0,45334
0,8,-9,0.5,0.157645,180,0,0,45348
0,9,-10,0.5,0.15886,180,0,0,45363
0,8,-9,0.5,0.15994,180,0,0,45380
0,11,-9,0.5,0.161425,180,0,0,45398
0,13,-10,0.5,0.16318,180,0,0,45417
0,18,-10,0.5,0.16561,180,0,0,45430
0,21,-10,0.5,0.168445,180,0,0,45445
0,22,-9,0.5,0.171415,180,0,0,45466
0,21,-8,0.5,0.17425,180,0,0,45480
0,21,-7,0.5,0.177085,180,0,0,45496
0,20,-5,0.5,0.179785,180,0,0,45517
0,18,-4,0.5,0.182215,180,0,0,45528
0,19,-3,0.5,0.18478,180,0,0,45549
0,19,-3,0.5,0.187345,180,0,0,45561
0,20,-3,0.5,0.190045,180,0,0,45576
0,21,-4,0.5,0.19288,180,0,0,45597
0,18,-6,0.5,0.19531,180,0,0,45615
0,27,-14,0.5,0.198955,180,0,0,45632
0,9,-8,0.5,0.20017,180,0,0,45646
0,7,-7,0.5,0.201115,180,0,31,45662
0,5,-7,0.5,0.20179,180,0,31,45683
0,7,-7,0.5,0.202735,180,0,0,45705
0,10,-8,0.5,0.204085,180,0,0,45713
0,13,-8,0.5,0.20584,180,0,0,45731
0,18,-9,0.5,0.20827,180,0,0,45746
0,20,-8,0.5,0.21097,180,0,0,45763
0,23,-9,0.5,0.214075,180,0,0,45782
0,22,-7,0.5,0.217045,180,0,0,45797
0,22,-6,0.5,0.220015,180,0,0,45812
0,20,-5,0.5,0.222715,180,0,0,45831
0,20,-5,0.5,0.225415,180,0,0,45848
0,21,-4,0.5,0.22825,180,0,0,45861
0,22,-3,0.5,0.23122,180,0,0,45878
0,21,-3,0.5,0.234055,180,0,0,45896
0,24,-4,0.5,0.237295,180,0,0,45912
0,23,-5,0.5,0.2404,180,0,0,45929
0,19,-6,0.5,0.242965,180,0,0,45947
0,16,-7,0.5,0.245125,180,0,0,45964
0,11,-7,0.5,0.24661,180,0,0,45980
0,7,-13,0.5,0.247555,180,0,0,46000
0,-3,-4,0.5,0.24715,180,0,0,46015
0,-5,-2,0.5,0.246475,180,0,0,46028
0,-7,0,0.5,0.24553,180,0,0,46045
0,-8,1,0.5,0.24445,180,0,0,46061
0,-10,1,0.5,0.2431,180,0,0,46081
0,-10,1,0.5,0.24175,180,0,0,46096
0,-10,1,0.5,0.2404,180,0,0,46110
0,-11,1,0.5,0.238915,180,0,0,46127
0,-10,0,0.5,0.237565,180,0,0,46146
0,-9,0,0.5,0.23635,180,0,0,46160
0,-8,1,0.5,0.23527,180,0,0,46177
0,-4,0,0.5,0.23473,180,0,0,46196
0,-1,0,0.5,0.234595,180,0,0,46211
0,0,0,0.5,0.234595,180,0,0,46227
0,1,-1,0.5,0.23473,180,0,0,46244
0,0,-2,0.5,0.23473,180,0,0,46262
0,0,-3,0.5,0.23473,180,0,0,46280
0,-2,-4,0.5,0.23446,180,0,0,46297
0,-3,-4,0.5,0.234055,180,0,0,46312
0,-4,-4,0.5,0.233515,180,0,31,46331
0,-3,-3,0.5,0.23311,180,0,31,46347
0,0,-2,0.5,0.23311,180,0,31,46364
0,0,-1,0.5,0.23311,180,0,31,46378
0,9,0,0.5,0.234325,180,0,31,46394
0,0,0,0.5,0.234325,180,0,31,46416
0,15,7,0.5,0.23635,180,0,31,46430
0,9,4,0.5,0.237565,180,0,0,46447
0,10,6,0.5,0.238915,180,0,0,46465
0,11,6,0.5,0.2404,180,0,0,46483
0,11,6,0.5,0.241885,180,0,0,46499
0,13,6,0.5,0.24364,180,0,0,46513
0,14,5,0.5,0.24553,180,0,0,46530
0,18,6,0.5,0.24796,180,0,0,46551
0,17,5,0.5,0.250255,180,0,0,46568
0,18,5,0.5,0.252685,180,0,0,46583
0,18,5,0.5,0.255115,180,0,0,46609
0,36,9,0.5,0.259975,180,0,0,46632
0,16,3,0.5,0.262135,180,0,0,46639
0,0,0,0.5,0.262135,180,0,0,46649
0,16,2,0.5,0.264295,180,0,0,46662
0,17,1,0.5,0.26659,180,0,0,46679
0,15,2,0.5,0.268615,180,0,0,46696
0,8,2,0.5,0.269695,180,0,0,46715
0,3,3,0.5,0.2701,180,0,0,46729
0,-3,3,0.5,0.269695,180,0,0,46748
0,0,6,0.5,0.269695,180,0,0,46765
0,3,2,0.5,0.2701,180,0,0,46781
0,8,3,0.5,0.27118,180,0,0,46798
0,12,3,0.5,0.2728,180,0,0,46813
0,18,4,0.5,0.27523,180,0,0,46835
0,22,3,0.5,0.2782,180,0,0,46847
0,25,4,0.5,0.281575,180,0,0,46866
0,27,4,0.5,0.28522,180,0,0,46881
0,28,6,0.5,0.289,180,0,0,46899
0,26,6,0.5,0.29251,180,0,0,46918
0,22,6,0.5,0.29548,180,0,0,46931
0,21,5,0.5,0.298315,180,0,0,46953
0,17,4,0.5,0.30061,180,0,0,46967
0,16,5,0.5,0.30277,180,0,0,46983
0,11,6,0.5,0.304255,180,0,0,47004
0,7,8,0.5,0.3052,180,0,0,47019
0,3,8,0.5,0.305605,180,0,0,47032
0,0,9,0.5,0.305605,180,0,0,47048
0,-2,10,0.5,0.305335,180,0,0,47069
0,-4,9,0.5,0.304795,180,0,0,47085
0,-1,8,0.5,0.30466,180,0,0,47099
0,5,7,0.5,0.305335,180,0,0,47118
0,0,7,0.5,0.305335,180,0,0,47133
0,1,5,0.5,0.30547,180,0,0,47148
0,-9,7,0.5,0.304255,180,0,0,47168
0,-9,1,0.5,0.30304,180,0,0,47182
0,-8,0,0.5,0.30196,180,0,0,47196
0,-10,0,0.5,0.30061,180,0,0,47213
0,-11,0,0.5,0.299125,180,0,0,47229
0,-13,3,0.5,0.29737,180,0,0,47249
0,-14,4,0.5,0.29548,180,0,0,47266
0,-14,4,0.5,0.29359,180,0,0,47283
0,-11,4,0.5,0.292105,180,0,0,47297
0,-11,4,0.5,0.29062,180,0,0,47317
0,-7,4,0.5,0.289675,180,0,0,47331
0,-5,5,0.5,0.289,180,0,0,47349
0,-2,5,0.5,0.28873,180,0,0,47365
0,1,6,0.5,0.288865,180,0,0,47385
0,3,6,0.5,0.28927,180,0,0,47400
0,3,5,0.5,0.289675,180,0,0,47417
0,3,5,0.5,0.29008,180,0,0,47433
0,2,4,0.5,0.29035,180,0,0,47448
0,2,4,0.5,0.29062,180,0,31,47465
0,3,4,0.5,0.291025,180,0,31,47481
0,3,4,0.5,0.29143,180,0,31,47499
0,5,4,0.5,0.292105,180,0,31,47518
0,4,7,0.5,0.292645,180,0,31,47534
0,4,5,0.5,0.293185,180,0,0,47556
0,7,0,0.5,0.29413,180,0,0,47566
0,7,8,0.5,0.295075,180,0,0,47582
0,12,4,0.5,0.296695,180,0,0,47603
0,10,4,0.5,0.298045,180,0,0,47620
0,9,4,0.5,0.29926,180,0,0,47634
0,5,4,0.5,0.299935,180,0,0,47649
0,1,4,0.5,0.30007,180,0,0,47665
0,-6,4,0.5,0.29926,180,0,0,47681
0,-11,3,0.5,0.297775,180,0,0,47704
0,-12,3,0.5,0.296155,180,0,0,47719
0,-12,3,0.5,0.294535,180,0,0,47731
0,-11,3,0.5,0.29305,180,0,0,47748
0,-10,3,0.5,0.2917,180,0,0,47765
0,-7,2,0.5,0.290755,180,0,0,47781
0,-4,2,0.5,0.290215,180,0,0,47802
0,-1,1,0.5,0.29008,180,0,0,47817
0,0,1,0.5,0.29008,180,0,0,47831
0,2,1,0.5,0.29035,180,0,0,47848
0,5,0,0.5,0.291025,180,0,0,47865
0,4,0,0.5,0.291565,180,0,0,47880
0,4,1,0.5,0.292105,180,0,0,47901
0,6,3,0.5,0.292915,180,0,0,47917
0,1,3,0.5,0.29305,180,0,0,47933
0,1,4,0.5,0.293185,180,0,31,47949
0,-1,5,0.5,0.29305,180,0,31,47967
0,0,4,0.5,0.29305,180,0,31,47983
0,0,4,0.5,0.29305,180,0,31,48003
0,0,4,0.5,0.29305,180,0,31,48018
0,0,3,0.5,0.29305,180,0,31,48032
0,0,2,0.5,0.29305,180,0,31,48048
0,0,2,0.5,0.29305,180,0,31,48065
0,-1,2,0.5,0.292915,180,0,31,48083
0,0,1,0.5,0.292915,180,0,31,48098
0,0,1,0.5,0.292915,180,0,31,48115
0,2,1,0.5,0.293185,180,0,31,48131
0,6,2,0.5,0.293995,180,0,0,48148
0,8,1,0.5,0.295075,180,0,0,48168
0,9,2,0.5,0.29629,180,0,0,48182
0,13,3,0.5,0.298045,180,0,0,48198
0,12,3,0.5,0.299665,180,0,0,48224
0,13,4,0.5,0.30142,180,0,0,48239
0,11,3,0.5,0.302905,180,0,0,48250
0,10,4,0.5,0.304255,180,0,0,48266
0,7,6,0.5,0.3052,180,0,0,48283
0,11,15,0.5,0.306685,180,0,0,48306
0,6,8,0.5,0.307495,180,0,0,48321
0,8,8,0.5,0.308575,180,0,0,48337
0,10,7,0.5,0.309925,180,0,0,48354
0,12,7,0.5,0.311545,180,0,0,48367
0,13,6,0.5,0.3133,180,0,0,48383
0,14,6,0.5,0.31519,180,0,0,48403
0,17,7,0.5,0.317485,180,0,0,48422
0,18,7,0.5,0.319915,180,0,0,48439
0,21,8,0.5,0.32275,180,0,0,48457
0,20,8,0.5,0.32545,180,0,0,48469
0,17,7,0.5,0.327745,180,0,0,48484
0,14,7,0.5,0.329635,180,0,0,48500
0,10,7,0.5,0.330985,180,0,0,48520
0,7,6,0.5,0.33193,180,0,0,48537
0,6,6,0.5,0.33274,180,0,0,48549
0,4,4,0.5,0.33328,180,0,0,48567
0,3,3,0.5,0.333685,180,0,0,48586
0,1,3,0.5,0.33382,180,0,0,48601
0,2,3,0.5,0.33409,180,0,0,48618
0,5,4,0.5,0.334765,180,0,0,48636
0,6,4,0.5,0.335575,180,0,0,48649
0,9,5,0.5,0.33679,180,0,0,48668
0,20,13,0.5,0.33949,180,0,0,48687
0,13,8,0.5,0.341245,180,0,0,48702
0,14,9,0.5,0.343135,180,0,0,48724
0,17,9,0.5,0.34543,180,0,0,48737
0,20,10,0.5,0.34813,180,0,0,48752
0,21,10,0.5,0.350965,180,0,0,48772
0,22,10,0.5,0.353935,180,0,0,48789
0,24,10,0.5,0.357175,180,0,0,48802
0,23,9,0.5,0.36028,180,0,0,48820
0,26,10,0.5,0.36379,180,0,0,48835
0,28,9,0.5,0.36757,180,0,0,48852
0,27,8,0.5,0.371215,180,0,0,48869
0,30,7,0.5,0.375265,180,0,0,48887
0,31,6,0.5,0.37945,180,0,0,48902
0,28,5,0.5,0.38323,180,0,0,48920
0,27,4,0.5,0.386875,180,0,0,48934
0,26,4,0.5,0.390385,180,0,0,48950
0,27,5,0.5,0.39403,180,0,0,48969
0,25,7,0.5,0.397405,180,0,0,48988
0,32,19,0.5,0.401725,180,0,0,49011
0,0,0,0.5,0.401725,180,0,0,49016
0,11,11,0.5,0.40321,180,0,0,49036
0,10,11,0.5,0.40456,180,0,0,49054
0,14,23,0.5,0.40645,180,0,0,49085
0,11,12,0.5,0.407935,180,0,0,49099
0,13,10,0.5,0.40969,180,0,0,49109
0,18,10,0.5,0.41212,180,0,0,49125
0,20,10,0.5,0.41482,180,0,0,49137
0,21,9,0.5,0.417655,180,0,0,49154
0,21,10,0.5,0.42049,180,0,0,49175
0,20,10,0.5,0.42319,180,0,0,49190
0,17,10,0.5,0.425485,180,0,0,49206
0,16,10,0.5,0.427645,180,0,0,49224
0,14,9,0.5,0.429535,180,0,0,49237
0,12,9,0.5,0.431155,180,0,0,49257
0,14,9,0.5,0.433045,180,0,0,49270
0,15,11,0.5,0.43507,180,0,0,49293
0,15,12,0.5,0.437095,180,0,0,49308
0,23,14,0.5,0.4402,180,0,0,49328
0,9,27,0.5,0.441415,180,0,0,49348
0,10,19,0.5,0.442765,180,0,0,49361
0,0,0,0.5,0.442765,180,0,0,49367
0,12,14,0.5,0.444385,180,0,0,49387
0,14,13,0.5,0.446275,180,0,0,49408
0,13,12,0.5,0.44803,180,0,0,49423
0,23,23,0.5,0.451135,180,0,0,49445
0,8,10,0.5,0.452215,180,0,0,49455
0,3,8,0.5,0.45262,180,0,0,49473
0,1,6,0.5,0.452755,180,0,0,49489
0,-1,7,0.5,0.45262,180,0,0,49504
0,-7,8,0.5,0.451675,180,0,0,49520
0,-11,10,0.5,0.45019,180,0,0,49539
0,-16,10,0.5,0.44803,180,0,0,49557
0,-18,10,0.5,0.4456,180,0,0,49570
0,-15,9,0.5,0.443575,180,0,0,49588
0,-11,8,0.5,0.44209,180,0,0,49608
0,-7,7,0.5,0.441145,180,0,0,49620
0,-1,5,0.5,0.44101,180,0,0,49636
0,2,3,0.5,0.44128,180,0,0,49652
0,5,2,0.5,0.441955,180,0,0,49667
0,6,2,0.5,0.442765,180,0,0,49689
0,6,1,0.5,0.443575,180,0,0,49701
0,7,1,0.5,0.44452,180,0,0,49718
0,6,1,0.5,0.44533,180,0,0,49735
0,7,2,0.5,0.446275,180,0,0,49751
0,6,3,0.5,0.447085,180,0,0,49771
0,18,9,0.5,0.449515,180,0,0,49790
0,0,0,0.5,0.449515,180,0,0,49801
0,11,6,0.5,0.451,180,0,0,49818
0,24,12,0.5,0.45424,180,0,0,49841
0,10,5,0.5,0.45559,180,0,0,49858
0,12,6,0.5,0.45721,180,0,0,49870
0,12,6,0.5,0.45883,180,0,0,49891
0,14,5,0.5,0.46072,180,0,0,49904
0,17,4,0.5,0.463015,180,0,0,49919
0,19,4,0.5,0.46558,180,0,0,49939
0,19,4,0.5,0.468145,180,0,0,49954
0,18,4,0.5,0.470575,180,0,0,49971
0,15,6,0.5,0.4726,180,0,0,49988
0,15,7,0.5,0.474625,180,0,0,50003
0,14,8,0.5,0.476515,180,0,0,50020
0,14,7,0.5,0.478405,180,0,0,50037
0,15,6,0.5,0.48043,180,0,0,50054
0,16,6,0.5,0.48259,180,0,0,50072
0,19,7,0.5,0.485155,180,0,0,50088
0,18,7,0.5,0.487585,180,0,0,50105
0,17,8,0.5,0.48988,180,0,0,50120
0,18,9,0.5,0.49231,180,0,0,50140
0,17,8,0.5,0.494605,180,0,0,50155
0,17,7,0.5,0.4969,180,0,0,50172
0,38,8,0.5,0.50203,180,0,0,50191
0,0,8,0.5,0.50203,180,0,0,50205
0,18,8,0.5,0.50446,180,0,0,50220
0,35,21,0.5,0.509185,180,0,0,50241
0,18,11,0.5,0.511615,180,0,0,50258
0,18,11,0.5,0.514045,180,0,0,50274
0,17,11,0.5,0.51634,180,0,0,50289
0,18,12,0.5,0.51877,180,0,0,50309
0,20,12,0.5,0.52147,180,0,0,50324
0,20,12,0.5,0.52417,180,0,0,50344
0,19,12,0.5,0.526735,180,0,0,50361
0,17,11,0.5,0.52903,180,0,0,50379
0,14,10,0.5,0.53092,180,0,0,50390
0,14,9,0.5,0.53281,180,0,0,50409
0,13,9,0.5,0.534565,180,0,0,50421
0,15,8,0.5,0.53659,180,0,0,50438
0,19,9,0.5,0.539155,180,0,0,50456
0,18,9,0.5,0.541585,180,0,0,50471
0,16,11,0.5,0.543745,180,0,0,50489
0,14,13,0.5,0.545635,180,0,0,50508
0,25,22,0.5,0.54901,180,0,0,50529
0,0,8,0.5,0.54901,180,0,0,50540
0,12,14,0.5,0.55063,180,0,0,50557
0,11,13,0.5,0.552115,180,0,0,50578
0,20,22,0.5,0.554815,180,0,0,50594
0,4,8,0.5,0.555355,180,0,0,50608
0,1,7,0.5,0.55549,180,0,0,50622
0,-2,6,0.5,0.55522,180,0,0,50639
0,-5,5,0.5,0.554545,180,0,0,50655
0,-8,5,0.5,0.553465,180,0,0,50671
0,-10,7,0.5,0.552115,180,0,0,50690
0,-10,7,0.5,0.550765,180,0,0,50708
0,-11,7,0.5,0.54928,180,0,0,50724
0,-11,8,0.5,0.547795,180,0,0,50738
0,-9,7,0.5,0.54658,180,0,0,50755
0,-6,7,0.5,0.54577,180,0,0,50773
0,-3,5,0.5,0.545365,180,0,0,50788
0,-1,5,0.5,0.54523,180,0,0,50807
0,1,4,0.5,0.545365,180,0,0,50828
0,2,3,0.5,0.545635,180,0,0,50838
0,5,3,0.5,0.54631,180,0,0,50857
0,7,3,0.5,0.547255,180,0,0,50871
0,9,3,0.5,0.54847,180,0,0,50887
0,8,3,0.5,0.54955,180,0,0,50906
0,10,2,0.5,0.5509,180,0,0,50921
0,10,2,0.5,0.55225,180,0,0,50939
0,12,2,0.5,0.55387,180,0,0,50954
0,13,2,0.5,0.555625,180,0,0,50971
0,27,7,0.5,0.55927,180,0,0,50990
0,15,4,0.5,0.561295,180,0,0,51009
0,16,5,0.5,0.563455,180,0,0,51024
0,17,5,0.5,0.56575,180,0,0,51039
0,17,5,0.5,0.568045,180,0,0,51056
0,20,5,0.5,0.570745,180,0,0,51071
0,20,5,0.5,0.573445,180,0,0,51093
0,21,5,0.5,0.57628,180,0,0,51110
0,21,7,0.5,0.579115,180,0,0,51128
0,19,7,0.5,0.58168,180,0,0,51139
0,19,9,0.5,0.584245,180,0,0,51157
0,18,9,0.5,0.586675,180,0,0,51173
0,16,9,0.5,0.588835,180,0,0,51194
0,13,10,0.5,0.59059,180,0,0,51211
0,18,18,0.5,0.59302,180,0,0,51235
0,0,0,0.5,0.59302,180,0,0,51240
0,6,9,0.5,0.59383,180,0,0,51255
0,8,9,0.5,0.59491,180,0,0,51276
0,7,9,0.5,0.595855,180,0,0,51293
0,17,23,0.5,0.59815,180,0,0,51317
0,0,0,0.5,0.59815,180,0,0,51324
0,10,14,0.5,0.5995,180,0,0,51340
0,17,24,0.5,0.601795,180,0,0,51365
0,13,11,0.5,0.60355,180,0,0,51376
0,15,11,0.5,0.605575,180,0,0,51396
0,16,12,0.5,0.607735,180,0,0,51412
0,15,12,0.5,0.60976,180,0,0,51428
0,14,12,0.5,0.61165,180,0,0,51445
0,14,11,0.5,0.61354,180,0,0,51466
0,15,12,0.5,0.615565,180,0,0,51479
0,13,10,0.5,0.61732,180,0,0,51493
0,13,10,0.5,0.619075,180,0,0,51514
0,11,9,0.5,0.62056,180,0,0,51529
0,11,9,0.5,0.622045,180,0,0,51541
0,12,7,0.5,0.623665,180,0,0,51557
0,13,7,0.5,0.62542,180,0,0,51575
0,15,8,0.5,0.627445,180,0,0,51592
0,15,9,0.5,0.62947,180,0,0,51611
0,13,11,0.5,0.631225,180,0,0,51626
0,13,13,0.5,0.63298,180,0,0,51641
0,12,13,0.5,0.6346,180,0,0,51660
0,12,13,0.5,0.63622,180,0,0,51677
0,17,12,0.5,0.638515,180,0,0,51694
0,20,11,0.5,0.641215,180,0,0,51710
0,22,11,0.5,0.644185,180,0,0,51725
0,24,11,0.5,0.647425,180,0,0,51742
0,46,19,0.5,0.653635,180,0,0,51760
0,23,8,0.5,0.65674,180,0,0,51779
0,23,7,0.5,0.659845,180,0,0,51796
0,24,7,0.5,0.663085,180,0,0,51806
0,25,7,0.5,0.66646,180,0,0,51826
0,24,7,0.5,0.6697,180,0,0,51840
0,27,8,0.5,0.673345,180,0,0,51860
0,23,11,0.5,0.67645,180,0,0,51880
0,18,12,0.5,0.67888,180,0,0,51895
0,15,13,0.5,0.680905,180,0,0,51911
0,12,14,0.5,0.682525,180,0,0,51926
0,10,15,0.5,0.683875,180,0,0,51946
0,10,15,0.5,0.685225,180,0,0,51962
0,8,13,0.5,0.686305,180,0,0,51977
0,10,11,0.5,0.687655,180,0,0,51994
0,14,10,0.5,0.689545,180,0,0,52010
0,16,10,0.5,0.691705,180,0,0,52028
0,20,8,0.5,0.694405,180,0,0,52046
0,21,7,0.5,0.69724,180,0,0,52059
0,20,6,0.5,0.69994,180,0,0,52077
0,20,5,0.5,0.70264,180,0,0,52091
0,18,4,0.5,0.70507,180,0,0,52107
0,36,8,0.5,0.70993,180,0,0,52129
0,18,4,0.5,0.71,180,0,0,52146
