0,63,20,0.5,-0.701495,180,0,0,990320
0,2,3,0.5,-0.701225,180,0,0,990333
0,2,3,0.5,-0.700955,180,0,0,990343
0,3,4,0.5,-0.70055,180,0,0,990353
0,0,0,0.5,-0.70055,180,0,0,990366
0,11,6,0.5,-0.699065,180,0,0,990382
0,10,3,0.5,-0.697715,180,0,0,990398
0,13,3,0.5,-0.69596,180,0,0,990413
0,15,3,0.5,-0.693935,180,0,0,990430
0,18,3,0.5,-0.691505,180,0,0,990447
0,21,3,0.5,-0.68867,180,0,0,990463
0,23,2,0.5,-0.685565,180,0,0,990481
0,24,3,0.5,-0.682325,180,0,0,990497
0,23,1,0.5,-0.67922,180,0,0,990513
0,22,2,0.5,-0.67625,180,0,0,990530
0,18,1,0.5,-0.67382,180,0,0,990546
0,14,0,0.5,-0.67193,180,0,0,990563
0,13,-1,0.5,-0.670175,180,0,31,990580
0,13,-2,0.5,-0.66842,180,0,0,990599
0,13,-2,0.5,-0.666665,180,0,0,990614
0,15,-1,0.5,-0.66464,180,0,0,990630
0,15,0,0.5,-0.662615,180,0,0,990647
0,14,1,0.5,-0.660725,180,0,0,990663
0,12,2,0.5,-0.659105,180,0,0,990679
0,10,2,0.5,-0.657755,180,0,31,990696
0,8,2,0.5,-0.656675,180,0,31,990713
0,7,2,0.5,-0.65573,180,0,31,990730
0,5,2,0.5,-0.655055,180,0,31,990747
0,8,3,0.5,-0.653975,180,0,31,990764
0,4,1,0.5,-0.653435,180,0,0,990781
0,5,0,0.5,-0.65276,180,0,0,990796
0,8,1,0.5,-0.65168,180,0,0,990816
0,9,0,0.5,-0.650465,180,0,0,990830
0,10,0,0.5,-0.649115,180,0,31,990846
0,10,0,0.5,-0.647765,180,0,31,990862
0,11,0,0.5,-0.64628,180,0,31,990887
0,13,0,0.5,-0.644525,180,0,31,990898
0,14,0,0.5,-0.642635,180,0,0,990913
0,16,0,0.5,-0.640475,180,0,0,990929
0,15,-1,0.5,-0.63845,180,0,0,990946
0,12,-2,0.5,-0.63683,180,0,0,990965
0,9,-3,0.5,-0.635615,180,0,0,990988
0,6,-3,0.5,-0.634805,180,0,0,990996
0,3,-3,0.5,-0.6344,180,0,0,991013
0,5,-2,0.5,-0.633725,180,0,31,991030
0,7,0,0.5,-0.63278,180,0,31,991045
0,12,0,0.5,-0.63116,180,0,31,991064
0,16,0,0.5,-0.629,180,0,31,991079
0,20,0,0.5,-0.6263,180,0,31,991095
0,21,0,0.5,-0.623465,180,0,31,991112
0,20,0,0.5,-0.620765,180,0,0,991130
0,38,0,0.5,-0.615635,180,0,0,991147
0,17,0,0.5,-0.61334,180,0,0,991163
0,17,0,0.5,-0.611045,180,0,0,991179
0,18,0,0.5,-0.608615,180,0,0,991196
0,18,0,0.5,-0.606185,180,0,0,991214
0,18,0,0.5,-0.603755,180,0,0,991229
0,18,1,0.5,-0.601325,180,0,0,991246
0,16,0,0.5,-0.599165,180,0,0,991262
0,15,-1,0.5,-0.59714,180,0,0,991280
0,10,-2,0.5,-0.59579,180,0,0,991297
0,7,-4,0.5,-0.594845,180,0,0,991316
0,6,-4,0.5,-0.594035,180,0,0,991334
0,6,-5,0.5,-0.593225,180,0,0,991347
0,8,-3,0.5,-0.592145,180,0,0,991363
0,11,-2,0.5,-0.59066,180,0,0,991380
0,16,-1,0.5,-0.5885,180,0,0,991396
0,21,-1,0.5,-0.585665,180,0,0,991412
0,25,0,0.5,-0.58229,180,0,0,991429
0,29,0,0.5,-0.578375,180,0,0,991446
0,34,0,0.5,-0.573785,180,0,0,991462
0,34,0,0.5,-0.569195,180,0,0,991479
0,32,0,0.5,-0.564875,180,0,0,991497
0,30,0,0.5,-0.560825,180,0,0,991512
0,21,1,0.5,-0.55799,180,0,0,991530
0,18,1,0.5,-0.55556,180,0,0,991546
0,19,-1,0.5,-0.552995,180,0,0,991562
0,3,-1,0.5,-0.55259,180,0,0,991580
0,4,-1,0.5,-0.55205,180,0,0,991597
0,5,-1,0.5,-0.551375,180,0,0,991613
0,3,0,0.5,-0.55097,180,0,0,991630
0,3,0,0.5,-0.550565,180,0,31,991645
0,1,0,0.5,-0.55043,180,0,31,991663
0,0,0,0.5,-0.55043,180,0,31,991678
0,0,0,0.5,-0.55043,180,0,31,991695
0,3,0,0.5,-0.550025,180,0,31,991720
0,2,0,0.5,-0.549755,180,0,31,991729
0,2,0,0.5,-0.549485,180,0,0,991745
0,2,0,0.5,-0.549215,180,0,0,991762
0,1,0,0.5,-0.54908,180,0,0,991779
0,2,0,0.5,-0.54881,180,0,0,991795
0,4,0,0.5,-0.54827,180,0,0,991812
0,3,0,0.5,-0.547865,180,0,31,991829
0,4,0,0.5,-0.547325,180,0,31,991845
0,3,0,0.5,-0.54692,180,0,31,991862
0,5,0,0.5,-0.546245,180,0,0,991879
0,8,1,0.5,-0.545165,180,0,0,991895
0,12,1,0.5,-0.543545,180,0,0,991912
0,16,2,0.5,-0.541385,180,0,0,991929
0,20,1,0.5,-0.538685,180,0,0,991946
0,53,1,0.5,-0.53153,180,0,0,991966
0,29,1,0.5,-0.527615,180,0,0,991982
0,30,0,0.5,-0.523565,180,0,0,991995
0,28,0,0.5,-0.519785,180,0,0,992013
0,25,-1,0.5,-0.51641,180,0,0,992035
0,23,-2,0.5,-0.513305,180,0,0,992050
0,21,-3,0.5,-0.51047,180,0,0,992064
0,17,-4,0.5,-0.508175,180,0,0,992081
0,14,-3,0.5,-0.506285,180,0,0,992099
0,10,-1,0.5,-0.504935,180,0,0,992114
0,9,0,0.5,-0.50372,180,0,0,992129
0,9,3,0.5,-0.502505,180,0,0,992147
0,7,3,0.5,-0.50156,180,0,0,992163
0,7,6,0.5,-0.500615,180,0,0,992180
0,7,4,0.5,-0.49967,180,0,0,992198
0,6,5,0.5,-0.49886,180,0,0,992219
0,8,4,0.5,-0.49778,180,0,0,992230
0,12,4,0.5,-0.49616,180,0,0,992246
0,16,3,0.5,-0.494,180,0,0,992263
0,19,3,0.5,-0.491435,180,0,0,992282
0,50,7,0.5,-0.484685,180,0,0,992302
0,0,0,0.5,-0.484685,180,0,0,992312
0,28,2,0.5,-0.480905,180,0,0,992330
0,21,0,0.5,-0.47807,180,0,0,992347
0,34,-2,0.5,-0.47348,180,0,0,992365
0,12,-2,0.5,-0.47186,180,0,0,992381
0,9,-2,0.5,-0.470645,180,0,0,992398
0,9,-2,0.5,-0.46943,180,0,0,992413
0,10,-2,0.5,-0.46808,180,0,0,992432
0,14,-1,0.5,-0.46619,180,0,0,992448
0,18,0,0.5,-0.46376,180,0,0,992464
0,23,0,0.5,-0.460655,180,0,0,992479
0,26,0,0.5,-0.457145,180,0,0,992498
0,27,1,0.5,-0.4535,180,0,0,992515
0,25,2,0.5,-0.450125,180,0,0,992532
0,20,3,0.5,-0.447425,180,0,0,992549
0,17,2,0.5,-0.44513,180,0,0,992563
0,14,2,0.5,-0.44324,180,0,0,992580
0,13,3,0.5,-0.441485,180,0,0,992599
0,11,2,0.5,-0.44,180,0,0,992613
0,8,1,0.5,-0.43892,180,0,0,992629
0,2,0,0.5,-0.43865,180,0,0,992647
0,0,-1,0.5,-0.43865,180,0,0,992662
0,-4,-2,0.5,-0.43919,180,0,0,992679
0,-9,-1,0.5,-0.440405,180,0,0,992697
0,-7,0,0.5,-0.44135,180,0,0,992713
0,-6,0,0.5,-0.44216,180,0,0,992729
0,-1,0,0.5,-0.442295,180,0,0,992747
0,3,0,0.5,-0.44189,180,0,0,992762
0,16,0,0.5,-0.43973,180,0,0,992779
0,11,0,0.5,-0.438245,180,0,0,992796
0,12,0,0.5,-0.436625,180,0,31,992812
0,14,0,0.5,-0.434735,180,0,31,992833
0,13,1,0.5,-0.43298,180,0,31,992846
0,13,0,0.5,-0.431225,180,0,0,992862
0,11,0,0.5,-0.42974,180,0,0,992879
0,7,0,0.5,-0.428795,180,0,0,992897
0,7,0,0.5,-0.42785,180,0,0,992913
0,6,0,0.5,-0.42704,180,0,0,992929
0,8,0,0.5,-0.42596,180,0,0,992945
0,9,0,0.5,-0.424745,180,0,0,992962
0,11,0,0.5,-0.42326,180,0,0,992979
0,15,0,0.5,-0.421235,180,0,0,992995
0,18,0,0.5,-0.418805,180,0,0,993012
0,22,0,0.5,-0.415835,180,0,0,993029
0,27,0,0.5,-0.41219,180,0,0,993045
0,31,1,0.5,-0.408005,180,0,0,993062
0,31,0,0.5,-0.40382,180,0,0,993079
0,30,0,0.5,-0.39977,180,0,0,993096
0,46,0,0.5,-0.39356,180,0,0,993113
0,14,0,0.5,-0.39167,180,0,0,993129
0,9,-1,0.5,-0.390455,180,0,0,993147
0,7,-2,0.5,-0.38951,180,0,0,993164
0,5,-2,0.5,-0.388835,180,0,0,993181
0,6,-2,0.5,-0.388025,180,0,0,993196
0,7,-2,0.5,-0.38708,180,0,0,993214
0,8,-2,0.5,-0.386,180,0,0,993230
0,10,-2,0.5,-0.38465,180,0,0,993246
0,11,-2,0.5,-0.383165,180,0,0,993263
0,14,-1,0.5,-0.381275,180,0,0,993282
0,17,0,0.5,-0.37898,180,0,0,993296
0,20,0,0.5,-0.37628,180,0,0,993314
0,24,0,0.5,-0.37304,180,0,0,993329
0,28,0,0.5,-0.36926,180,0,0,993345
0,29,0,0.5,-0.365345,180,0,0,993364
0,32,0,0.5,-0.361025,180,0,0,993381
0,29,0,0.5,-0.35711,180,0,0,993396
0,27,0,0.5,-0.353465,180,0,0,993412
0,25,1,0.5,-0.35009,180,0,0,993429
0,20,1,0.5,-0.34739,180,0,0,993447
0,17,0,0.5,-0.345095,180,0,0,993462
0,13,-2,0.5,-0.34334,180,0,0,993482
0,13,-4,0.5,-0.341585,180,0,0,993496
0,25,-10,0.5,-0.33821,180,0,0,993515
0,14,-5,0.5,-0.33632,180,0,0,993532
0,16,-4,0.5,-0.33416,180,0,0,993548
0,18,-3,0.5,-0.33173,180,0,0,993563
0,20,-2,0.5,-0.32903,180,0,0,993583
0,25,-2,0.5,-0.325655,180,0,0,993596
0,27,0,0.5,-0.32201,180,0,0,993612
0,27,0,0.5,-0.318365,180,0,0,993629
0,28,0,0.5,-0.314585,180,0,0,993646
0,26,0,0.5,-0.311075,180,0,0,993663
0,22,0,0.5,-0.308105,180,0,0,993679
0,21,0,0.5,-0.30527,180,0,0,993696
0,19,1,0.5,-0.302705,180,0,0,993713
0,16,1,0.5,-0.300545,180,0,0,993729
0,12,1,0.5,-0.298925,180,0,0,993746
0,10,0,0.5,-0.297575,180,0,31,993763
0,7,-1,0.5,-0.29663,180,0,31,993779
0,3,-4,0.5,-0.296225,180,0,31,993798
0,1,-4,0.5,-0.29609,180,0,31,993813
0,0,-5,0.5,-0.29609,180,0,0,993831
0,0,-4,0.5,-0.29609,180,0,0,993850
0,-1,-2,0.5,-0.296225,180,0,0,993863
0,0,-2,0.5,-0.296225,180,0,0,993879
0,3,-1,0.5,-0.29582,180,0,0,993896
0,11,-2,0.5,-0.294335,180,0,31,993917
0,7,-1,0.5,-0.29339,180,0,31,993929
0,0,0,0.5,-0.29339,180,0,31,993945
0,9,0,0.5,-0.292175,180,0,31,993963
0,16,-1,0.5,-0.290015,180,0,31,993981
0,11,0,0.5,-0.28853,180,0,0,993996
0,14,0,0.5,-0.28664,180,0,0,994012
0,17,0,0.5,-0.284345,180,0,0,994033
0,22,0,0.5,-0.281375,180,0,0,994046
0,24,1,0.5,-0.278135,180,0,0,994063
0,27,2,0.5,-0.27449,180,0,0,994079
0,31,1,0.5,-0.270305,180,0,0,994096
0,30,0,0.5,-0.266255,180,0,0,994113
0,29,0,0.5,-0.26234,180,0,0,994129
0,23,0,0.5,-0.259235,180,0,0,994147
0,18,-1,0.5,-0.256805,180,0,0,994163
0,14,-1,0.5,-0.254915,180,0,0,994182
0,10,-1,0.5,-0.253565,180,0,0,994195
0,9,-1,0.5,-0.25235,180,0,0,994218
0,7,-1,0.5,-0.251405,180,0,0,994232
0,6,-1,0.5,-0.250595,180,0,0,994246
0,8,-1,0.5,-0.249515,180,0,0,994264
0,9,-1,0.5,-0.2483,180,0,0,994283
0,28,-2,0.5,-0.24452,180,0,0,994299
0,17,0,0.5,-0.242225,180,0,31,994313
0,21,0,0.5,-0.23939,180,0,31,994329
0,0,0,0.5,-0.23939,180,0,31,994345
0,52,0,0.5,-0.23237,180,0,31,994363
0,31,0,0.5,-0.228185,180,0,0,994379
0,33,0,0.5,-0.22373,180,0,0,994395
0,33,0,0.5,-0.219275,180,0,0,994413
0,29,0,0.5,-0.21536,180,0,0,994432
0,24,0,0.5,-0.21212,180,0,0,994448
0,21,0,0.5,-0.209285,180,0,0,994462
0,17,0,0.5,-0.20699,180,0,0,994479
0,13,0,0.5,-0.205235,180,0,0,994495
0,6,0,0.5,-0.204425,180,0,31,994512
0,2,0,0.5,-0.204155,180,0,31,994528
0,0,0,0.5,-0.204155,180,0,31,994546
0,-3,0,0.5,-0.20456,180,0,31,994562
0,-1,-1,0.5,-0.204695,180,0,31,994580
0,2,-2,0.5,-0.204425,180,0,0,994596
0,7,-2,0.5,-0.20348,180,0,0,994613
0,8,-2,0.5,-0.2024,180,0,0,994630
0,11,-1,0.5,-0.200915,180,0,0,994645
0,14,-1,0.5,-0.199025,180,0,0,994663
0,15,-1,0.5,-0.197,180,0,31,994682
0,17,-1,0.5,-0.194705,180,0,31,994699
0,33,-1,0.5,-0.19025,180,0,31,994716
0,16,0,0.5,-0.18809,180,0,31,994732
0,0,0,0.5,-0.18809,180,0,31,994745
0,36,0,0.5,-0.18323,180,0,0,994767
0,19,0,0.5,-0.180665,180,0,0,994779
0,22,0,0.5,-0.177695,180,0,0,994795
0,24,0,0.5,-0.174455,180,0,0,994812
0,22,0,0.5,-0.171485,180,0,0,994830
0,22,0,0.5,-0.168515,180,0,0,994846
0,15,0,0.5,-0.16649,180,0,0,994862
0,14,0,0.5,-0.1646,180,0,0,994879
0,9,-1,0.5,-0.163385,180,0,0,994896
0,8,-2,0.5,-0.162305,180,0,0,994912
0,9,-1,0.5,-0.16109,180,0,0,994931
0,12,-1,0.5,-0.15947,180,0,0,994946
0,13,-1,0.5,-0.157715,180,0,0,994963
0,14,0,0.5,-0.155825,180,0,31,994980
0,12,0,0.5,-0.154205,180,0,31,994996
0,12,-1,0.5,-0.152585,180,0,31,995013
0,9,0,0.5,-0.15137,180,0,31,995030
0,9,0,0.5,-0.150155,180,0,0,995046
0,12,0,0.5,-0.148535,180,0,0,995062
0,13,0,0.5,-0.14678,180,0,0,995078
0,17,0,0.5,-0.144485,180,0,0,995096
0,50,0,0.5,-0.137735,180,0,0,995115
0,28,1,0.5,-0.133955,180,0,0,995133
0,29,0,0.5,-0.13004,180,0,0,995146
0,25,-1,0.5,-0.126665,180,0,0,995162
0,19,-2,0.5,-0.1241,180,0,0,995180
0,15,-1,0.5,-0.122075,180,0,0,995199
0,12,0,0.5,-0.120455,180,0,0,995216
0,9,0,0.5,-0.11924,180,0,0,995230
0,9,0,0.5,-0.118025,180,0,0,995246
0,12,0,0.5,-0.116405,180,0,0,995263
0,16,0,0.5,-0.114245,180,0,0,995278
0,20,0,0.5,-0.111545,180,0,0,995297
0,24,0,0.5,-0.108305,180,0,0,995316
0,26,0,0.5,-0.104795,180,0,0,995329
0,31,0,0.5,-0.10061,180,0,0,995346
0,34,0,0.5,-0.09602,180,0,0,995363
0,33,0,0.5,-0.091565,180,0,0,995379
0,31,0,0.5,-0.08738,180,0,0,995396
0,30,0,0.5,-0.08333,180,0,0,995412
0,22,-2,0.5,-0.08036,180,0,0,995430
0,20,-2,0.5,-0.07766,180,0,0,995449
0,16,-1,0.5,-0.0755,180,0,0,995464
0,20,0,0.5,-0.0728,180,0,0,995480
0,9,0,0.5,-0.071585,180,0,0,995497
0,0,0,0.5,-0.071585,180,0,0,995512
0,20,-1,0.5,-0.068885,180,0,0,995533
0,10,-2,0.5,-0.067535,180,0,0,995549
0,12,-2,0.5,-0.065915,180,0,31,995568
0,12,-2,0.5,-0.064295,180,0,31,995585
0,15,-2,0.5,-0.06227,180,0,31,995599
0,15,-1,0.5,-0.060245,180,0,31,995614
0,16,-1,0.5,-0.058085,180,0,0,995630
0,14,0,0.5,-0.056195,180,0,0,995646
0,12,-1,0.5,-0.054575,180,0,0,995671
0,9,0,0.5,-0.05336,180,0,0,995682
0,8,-1,0.5,-0.05228,180,0,31,995697
0,5,0,0.5,-0.051605,180,0,31,995715
0,2,-1,0.5,-0.051335,180,0,31,995730
0,1,-1,0.5,-0.0512,180,0,31,995751
0,-4,-3,0.5,-0.05174,180,0,0,995770
0,0,0,0.5,-0.05174,180,0,0,995781
0,-4,-2,0.5,-0.05228,180,0,0,995798
0,-4,-2,0.5,-0.05282,180,0,0,995815
0,-4,-2,0.5,-0.05336,180,0,0,995835
0,-4,-2,0.5,-0.0539,180,0,0,995848
0,-3,-2,0.5,-0.054305,180,0,0,995864
0,1,-1,0.5,-0.05417,180,0,31,995882
0,3,0,0.5,-0.053765,180,0,31,995898
0,4,0,0.5,-0.053225,180,0,31,995913
0,4,0,0.5,-0.052685,180,0,31,995932
0,4,-1,0.5,-0.052145,180,0,31,995949
0,6,-1,0.5,-0.051335,180,0,8,995968
0,9,-2,0.5,-0.05012,180,0,8,995981
0,12,-2,0.5,-0.0485,180,0,8,995999
0,16,-2,0.5,-0.04634,180,0,8,996015
0,17,-3,0.5,-0.044045,180,0,8,996032
0,18,-3,0.5,-0.041615,180,0,8,996050
0,18,-5,0.5,-0.039185,180,0,8,996066
0,16,-5,0.5,-0.037025,180,0,8,996083
0,17,-3,0.5,-0.03473,180,0,8,996100
0,18,-2,0.5,-0.0323,180,0,8,996116
0,16,-1,0.5,-0.03014,180,0,8,996131
0,14,0,0.5,-0.02825,180,0,8,996148
0,7,0,0.5,-0.027305,180,0,8,996166
0,5,0,0.5,-0.02663,180,0,8,996182
0,6,0,0.5,-0.02582,180,0,8,996202
0,0,0,0.5,-0.02582,180,0,8,996214
0,5,-1,0.5,-0.025145,180,0,31,996231
0,4,-1,0.5,-0.024605,180,0,31,996248
0,8,-2,0.5,-0.023525,180,0,31,996269
0,4,-1,0.5,-0.022985,180,0,31,996286
0,5,-1,0.5,-0.02231,180,0,0,996298
0,4,-2,0.5,-0.02177,180,0,0,996315
0,5,-2,0.5,-0.021095,180,0,0,996334
0,4,-4,0.5,-0.020555,180,0,0,996352
0,4,-5,0.5,-0.020015,180,0,0,996368
0,3,-5,0.5,-0.01961,180,0,0,996385
0,5,-5,0.5,-0.018935,180,0,0,996400
0,4,-5,0.5,-0.018395,180,0,0,996418
0,5,-5,0.5,-0.01772,180,0,0,996435
0,7,-4,0.5,-0.016775,180,0,0,996452
0,9,-3,0.5,-0.01556,180,0,0,996468
0,14,-3,0.5,-0.01367,180,0,0,996483
0,17,-3,0.5,-0.011375,180,0,0,996499
0,20,-2,0.5,-0.008675,180,0,0,996516
0,21,-1,0.5,-0.00584,180,0,0,996533
0,22,0,0.5,-0.00287,180,0,0,996548
0,20,0,0.5,-0.00017,180,0,0,996566
0,18,0,0.5,0.00226,180,0,0,996583
0,14,0,0.5,0.00415,180,0,0,996598
0,12,0,0.5,0.00577,180,0,0,996614
0,12,-1,0.5,0.00739,180,0,0,996634
0,19,-4,0.5,0.009955,180,0,0,996652
0,4,-5,0.5,0.010495,180,0,0,996670
0,-1,-5,0.5,0.01036,180,0,0,996686
0,-6,-5,0.5,0.00955,180,0,0,996700
0,-10,-6,0.5,0.0082,180,0,0,996719
0,-15,-5,0.5,0.006175,180,0,0,996736
0,-19,-4,0.5,0.00361,180,0,0,996751
0,-21,-4,0.5,0.000775,180,0,0,996769
0,-24,-3,0.5,-0.002465,180,0,0,996784
0,-24,-3,0.5,-0.005705,180,0,0,996802
0,-24,-3,0.5,-0.008945,180,0,0,996817
0,-23,-2,0.5,-0.01205,180,0,0,996833
0,-19,-1,0.5,-0.014615,180,0,0,996850
0,-18,-1,0.5,-0.017045,180,0,0,996869
0,-12,0,0.5,-0.018665,180,0,0,996885
0,-8,1,0.5,-0.019745,180,0,0,996902
0,-4,0,0.5,-0.020285,180,0,0,996917
0,-1,0,0.5,-0.02042,180,0,0,996933
0,0,1,0.5,-0.02042,180,0,0,996949
0,1,0,0.5,-0.020285,180,0,0,996966
0,2,0,0.5,-0.020015,180,0,0,996983
0,1,0,0.5,-0.01988,180,0,0,996999
0,2,0,0.5,-0.01961,180,0,0,997017
0,0,0,0.5,-0.01961,180,0,0,997033
0,2,1,0.5,-0.01934,180,0,0,997050
0,2,1,0.5,-0.01907,180,0,0,997069
0,3,1,0.5,-0.018665,180,0,0,997084
0,3,1,0.5,-0.01826,180,0,0,997102
0,2,1,0.5,-0.01799,180,0,0,997118
0,0,1,0.5,-0.01799,180,0,0,997135
0,-1,0,0.5,-0.018125,180,0,0,997149
0,-4,1,0.5,-0.018665,180,0,0,997166
0,-5,1,0.5,-0.01934,180,0,0,997183
0,-4,1,0.5,-0.01988,180,0,0,997199
0,-3,2,0.5,-0.020285,180,0,0,997219
0,0,3,0.5,-0.020285,180,0,0,997236
0,1,3,0.5,-0.02015,180,0,0,997254
0,2,3,0.5,-0.01988,180,0,0,997268
0,3,3,0.5,-0.019475,180,0,0,997286
0,3,4,0.5,-0.01907,180,0,0,997303
0,1,4,0.5,-0.018935,180,0,31,997319
0,0,4,0.5,-0.018935,180,0,31,997337
0,0,4,0.5,-0.018935,180,0,31,997350
0,0,4,0.5,-0.018935,180,0,31,997369
0,1,2,0.5,-0.0188,180,0,31,997384
0,6,4,0.5,-0.01799,180,0,31,997402
0,6,2,0.5,-0.01718,180,0,31,997419
0,6,1,0.5,-0.01637,180,0,0,997437
0,7,1,0.5,-0.015425,180,0,0,997452
0,6,0,0.5,-0.014615,180,0,0,997466
0,5,0,0.5,-0.01394,180,0,0,997483
0,3,-1,0.5,-0.013535,180,0,0,997501
0,4,-1,0.5,-0.012995,180,0,0,997517
0,4,-1,0.5,-0.012455,180,0,0,997533
0,1,-2,0.5,-0.01232,180,0,0,997551
0,-3,-3,0.5,-0.012725,180,0,0,997570
0,-6,-3,0.5,-0.013535,180,0,0,997588
0,-9,-3,0.5,-0.01475,180,0,0,997601
0,-11,-3,0.5,-0.016235,180,0,0,997622
0,-10,-3,0.5,-0.017585,180,0,0,997638
0,-11,-3,0.5,-0.01907,180,0,0,997652
0,-9,-2,0.5,-0.020285,180,0,0,997670
0,-6,-1,0.5,-0.021095,180,0,0,997689
0,-5,-1,0.5,-0.02177,180,0,0,997701
0,-4,0,0.5,-0.02231,180,0,0,997717
0,-1,0,0.5,-0.022445,180,0,0,997733
0,2,2,0.5,-0.022175,180,0,0,997755
0,3,7,0.5,-0.02177,180,0,31,997774
0,4,4,0.5,-0.02123,180,0,31,997787
0,0,0,0.5,-0.02123,180,0,31,997800
0,6,11,0.5,-0.02042,180,0,31,997823
0,3,6,0.5,-0.020015,180,0,31,997839
0,4,6,0.5,-0.019475,180,0,31,997858
0,3,6,0.5,-0.01907,180,0,31,997870
0,5,5,0.5,-0.018395,180,0,31,997887
0,5,5,0.5,-0.01772,180,0,0,997904
0,6,3,0.5,-0.01691,180,0,0,997918
0,5,2,0.5,-0.016235,180,0,0,997934
0,2,2,0.5,-0.015965,180,0,0,997952
0,-2,1,0.5,-0.016235,180,0,0,997968
0,-9,1,0.5,-0.01745,180,0,0,997987
0,-9,1,0.5,-0.018665,180,0,0,998003
0,-6,2,0.5,-0.019475,180,0,0,998018
0,-2,2,0.5,-0.019745,180,0,0,998036
0,4,2,0.5,-0.019205,180,0,0,998055
0,8,2,0.5,-0.018125,180,0,0,998068
0,11,2,0.5,-0.01664,180,0,0,998087
0,13,4,0.5,-0.014885,180,0,0,998103
0,24,7,0.5,-0.011645,180,0,0,998125
0,0,0,0.5,-0.011645,180,0,0,998135
0,12,4,0.5,-0.010025,180,0,0,998153
0,11,4,0.5,-0.00854,180,0,0,998170
0,21,8,0.5,-0.005705,180,0,0,998188
0,9,5,0.5,-0.00449,180,0,0,998203
0,10,5,0.5,-0.00314,180,0,0,998222
0,12,5,0.5,-0.00152,180,0,0,998237
0,13,5,0.5,0.000235,180,0,0,998261
0,14,5,0.5,0.002125,180,0,0,998269
0,14,4,0.5,0.004015,180,0,0,998287
0,13,4,0.5,0.00577,180,0,0,998305
0,13,3,0.5,0.007525,180,0,0,998319
0,10,2,0.5,0.008875,180,0,0,998337
0,8,3,0.5,0.009955,180,0,0,998353
0,4,3,0.5,0.010495,180,0,0,998370
0,-1,4,0.5,0.01036,180,0,0,998387
0,-6,5,0.5,0.00955,180,0,0,998404
0,-10,6,0.5,0.0082,180,0,0,998419
0,-11,6,0.5,0.006715,180,0,0,998438
0,-14,5,0.5,0.004825,180,0,0,998455
0,-14,5,0.5,0.002935,180,0,0,998470
0,-14,5,0.5,0.001045,180,0,0,998496
0,-13,6,0.5,-0.00071,180,0,0,998506
0,-18,7,0.5,-0.00314,180,0,0,998523
0,0,5,0.5,-0.00314,180,0,0,998538
0,-8,12,0.5,-0.00422,180,0,0,998558
0,-2,5,0.5,-0.00449,180,0,0,998572
0,-2,5,0.5,-0.00476,180,0,0,998588
0,-1,5,0.5,-0.004895,180,0,0,998604
0,2,3,0.5,-0.004625,180,0,0,998620
0,3,3,0.5,-0.00422,180,0,0,998640
0,3,2,0.5,-0.003815,180,0,0,998652
0,6,1,0.5,-0.003005,180,0,0,998669
0,5,1,0.5,-0.00233,180,0,0,998689
0,4,0,0.5,-0.00179,180,0,0,998703
0,5,0,0.5,-0.001115,180,0,0,998719
0,5,1,0.5,-0.00044,180,0,0,998737
0,4,0,0.5,0.0001,180,0,0,998753
0,3,1,0.5,0.000505,180,0,0,998778
0,1,2,0.5,0.00064,180,0,0,998789
0,-2,3,0.5,0.00037,180,0,0,998805
0,-5,2,0.5,-0.000305,180,0,0,998822
0,-10,2,0.5,-0.001655,180,0,0,998837
0,-10,2,0.5,-0.003005,180,0,0,998858
0,-9,2,0.5,-0.00422,180,0,0,998876
0,-11,3,0.5,-0.005705,180,0,0,998888
0,-11,3,0.5,-0.00719,180,0,0,998905
0,-22,8,0.5,-0.01016,180,0,0,998923
0,-9,3,0.5,-0.011375,180,0,0,998940
0,-7,3,0.5,-0.01232,180,0,0,998958
0,-5,2,0.5,-0.012995,180,0,0,998976
0,-1,3,0.5,-0.01313,180,0,0,998988
0,-1,2,0.5,-0.013265,180,0,0,999003
0,1,1,0.5,-0.01313,180,0,0,999023
0,1,1,0.5,-0.012995,180,0,0,999038
0,0,1,0.5,-0.012995,180,0,0,999054
0,0,0,0.5,-0.012995,180,0,0,999069
0,-1,0,0.5,-0.01313,180,0,31,999089
0,0,0,0.5,-0.01313,180,0,31,999105
0,-1,0,0.5,-0.013265,180,0,31,999120
0,-1,1,0.5,-0.0134,180,0,31,999136
0,0,1,0.5,-0.0134,180,0,31,999159
0,1,1,0.5,-0.013265,180,0,31,999170
0,1,1,0.5,-0.01313,180,0,31,999188
0,2,1,0.5,-0.01286,180,0,31,999204
0,2,1,0.5,-0.01259,180,0,31,999224
0,2,1,0.5,-0.01232,180,0,31,999240
0,3,2,0.5,-0.011915,180,0,31,999257
0,3,2,0.5,-0.01151,180,0,31,999273
0,2,1,0.5,-0.01124,180,0,31,999287
0,2,1,0.5,-0.01097,180,0,31,999306
0,8,1,0.5,-0.00989,180,0,31,999324
0,5,0,0.5,-0.009215,180,0,0,999338
0,4,0,0.5,-0.008675,180,0,0,999353
0,4,0,0.5,-0.008135,180,0,0,999372
0,4,0,0.5,-0.007595,180,0,0,999389
0,1,0,0.5,-0.00746,180,0,0,999407
0,0,0,0.5,-0.00746,180,0,0,999420
0,-6,0,0.5,-0.00827,180,0,0,999441
0,-7,-1,0.5,-0.009215,180,0,0,999457
0,-8,-1,0.5,-0.010295,180,0,0,999471
0,-6,-1,0.5,-0.011105,180,0,0,999491
0,-4,-1,0.5,-0.011645,180,0,0,999509
0,-3,-1,0.5,-0.01205,180,0,0,999522
0,0,-1,0.5,-0.01205,180,0,0,999539
0,0,-1,0.5,-0.01205,180,0,0,999554
0,3,-1,0.5,-0.011645,180,0,0,999571
0,6,-1,0.5,-0.010835,180,0,31,999593
0,5,0,0.5,-0.01016,180,0,31,999607
0,4,0,0.5,-0.00962,180,0,31,999621
0,2,0,0.5,-0.00935,180,0,31,999642
0,1,2,0.5,-0.009215,180,0,31,999657
0,-1,2,0.5,-0.00935,180,0,31,999672
0,-2,2,0.5,-0.00962,180,0,31,999688
0,-1,0,0.5,-0.009755,180,0,31,999705
0,0,0,0.5,-0.009755,180,0,31,999721
0,0,0,0.5,-0.009755,180,0,31,999738
0,0,0,0.5,-0.009755,180,0,0,999756
0,0,0,0.5,-0.009755,180,0,0,999772
0,0,-2,0.5,-0.009755,180,0,0,999789
0,-1,-1,0.5,-0.00989,180,0,0,999806
0,-2,-1,0.5,-0.01016,180,0,0,999821
0,-3,-1,0.5,-0.010565,180,0,0,999840
0,-4,-2,0.5,-0.011105,180,0,0,999856
0,-6,-2,0.5,-0.011915,180,0,0,999872
0,-6,-2,0.5,-0.012725,180,0,0,999889
0,-5,-2,0.5,-0.0134,180,0,0,999910
0,-4,-3,0.5,-0.01394,180,0,0,999922
0,-2,-3,0.5,-0.01421,180,0,0,999940
0,1,-2,0.5,-0.014075,180,0,0,999957
0,2,-2,0.5,-0.013805,180,0,31,999972
0,2,-1,0.5,-0.013535,180,0,31,999993
0,2,-1,0.5,-0.013265,180,0,31,1000009
0,0,0,0.5,-0.013265,180,0,31,1000022
0,-1,0,0.5,-0.0134,180,0,31,1000039
0,-3,0,0.5,-0.013805,180,0,31,1000057
0,-4,0,0.5,-0.014345,180,0,31,1000071
0,-6,-1,0.5,-0.015155,180,0,31,1000091
0,-1,0,0.5,-0.01529,180,0,31,1000106
0,0,-1,0.5,-0.01529,180,0,31,1000122
0,1,-1,0.5,-0.015155,180,0,0,1000139
0,2,-1,0.5,-0.014885,180,0,0,1000158
0,5,-1,0.5,-0.01421,180,0,0,1000173
0,7,0,0.5,-0.013265,180,0,0,1000194
0,8,0,0.5,-0.012185,180,0,0,1000206
0,9,0,0.5,-0.01097,180,0,0,1000223
0,11,0,0.5,-0.009485,180,0,0,1000238
0,11,0,0.5,-0.008,180,0,0,1000255
0,10,0,0.5,-0.00665,180,0,31,1000278
0,10,0,0.5,-0.0053,180,0,31,1000289
0,7,0,0.5,-0.004355,180,0,31,1000306
0,6,0,0.5,-0.003545,180,0,31,1000322
0,5,0,0.5,-0.00287,180,0,31,1000339
0,2,0,0.5,-0.0026,180,0,0,1000356
0,0,0,0.5,-0.0026,180,0,0,1000372
0,0,-1,0.5,-0.0026,180,0,0,1000389
0,-1,-2,0.5,-0.002735,180,0,0,1000409
0,-1,-2,0.5,-0.00287,180,0,0,1000423
0,1,-3,0.5,-0.002735,180,0,0,1000442
0,3,-3,0.5,-0.00233,180,0,0,1000458
0,9,-7,0.5,-0.001115,180,0,0,1000477
0,5,-4,0.5,-0.00044,180,0,0,1000491
0,4,-4,0.5,0.0001,180,0,0,1000512
0,5,-5,0.5,0.000775,180,0,0,1000529
0,4,-5,0.5,0.001315,180,0,0,1000543
0,5,-5,0.5,0.00199,180,0,0,1000558
0,5,-5,0.5,0.002665,180,0,0,1000574
0,8,-5,0.5,0.003745,180,0,0,1000590
0,9,-4,0.5,0.00496,180,0,0,1000608
0,11,-5,0.5,0.006445,180,0,0,1000624
0,13,-4,0.5,0.0082,180,0,0,1000646
0,13,-5,0.5,0.009955,180,0,0,1000661
0,14,-5,0.5,0.011845,180,0,0,1000676
0,14,-5,0.5,0.013735,180,0,0,1000693
0,14,-5,0.5,0.015625,180,0,31,1000711
0,14,-5,0.5,0.017515,180,0,31,1000731
0,14,-5,0.5,0.019405,180,0,31,1000742
0,12,-5,0.5,0.021025,180,0,31,1000759
0,13,-4,0.5,0.02278,180,0,0,1000774
0,12,-4,0.5,0.0244,180,0,0,1000793
0,11,-4,0.5,0.025885,180,0,0,1000808
0,11,-4,0.5,0.02737,180,0,0,1000826
0,26,-4,0.5,0.03088,180,0,0,1000850
0,16,-8,0.5,0.03304,180,0,0,1000860
0,20,-3,0.5,0.03574,180,0,0,1000878
0,21,-2,0.5,0.038575,180,0,31,1000895
0,20,-3,0.5,0.041275,180,0,31,1000909
0,16,-3,0.5,0.043435,180,0,31,1000926
0,12,-3,0.5,0.045055,180,0,31,1000943
0,7,-3,0.5,0.046,180,0,0,1000965
0,6,-2,0.5,0.04681,180,0,0,1000976
0,6,-3,0.5,0.04762,180,0,0,1000992
0,6,-3,0.5,0.04843,180,0,0,1001009
0,10,-4,0.5,0.04978,180,0,0,1001027
0,11,-4,0.5,0.051265,180,0,0,1001048
0,14,-5,0.5,0.053155,180,0,0,1001059
0,16,-5,0.5,0.055315,180,0,0,1001075
0,17,-4,0.5,0.05761,180,0,0,1001096
0,15,-3,0.5,0.059635,180,0,0,1001110
0,15,-3,0.5,0.06166,180,0,0,1001126
0,13,-2,0.5,0.063415,180,0,0,1001143
0,14,-4,0.5,0.065305,180,0,0,1001159
0,15,-4,0.5,0.06733,180,0,0,1001177
0,18,-5,0.5,0.06976,180,0,0,1001191
0,47,-9,0.5,0.076105,180,0,0,1001219
0,29,-3,0.5,0.08002,180,0,0,1001230
0,32,-3,0.5,0.08434,180,0,0,1001242
0,37,-2,0.5,0.089335,180,0,0,1001258
0,38,-3,0.5,0.094465,180,0,0,1001278
0,37,-2,0.5,0.09946,180,0,0,1001293
0,35,-3,0.5,0.104185,180,0,0,1001310
0,29,-3,0.5,0.1081,180,0,0,1001326
0,19,-2,0.5,0.110665,180,0,0,1001342
0,13,-1,0.5,0.11242,180,0,0,1001359
0,5,-2,0.5,0.113095,180,0,0,1001376
0,1,-2,0.5,0.11323,180,0,0,1001392
0,-2,-3,0.5,0.11296,180,0,0,1001408
0,0,-3,0.5,0.11296,180,0,0,1001428
0,5,-5,0.5,0.113635,180,0,0,1001443
0,8,-4,0.5,0.114715,180,0,0,1001459
0,11,-6,0.5,0.1162,180,0,0,1001480
0,13,-6,0.5,0.117955,180,0,0,1001493
0,14,-6,0.5,0.119845,180,0,0,1001510
0,16,-6,0.5,0.122005,180,0,0,1001528
0,19,-6,0.5,0.12457,180,0,0,1001545
0,21,-6,0.5,0.127405,180,0,0,1001561
0,27,-6,0.5,0.13105,180,0,0,1001579
0,29,-6,0.5,0.134965,180,0,0,1001593
0,67,-9,0.5,0.14401,180,0,0,1001616
0,33,-4,0.5,0.148465,180,0,0,1001629
0,0,0,0.5,0.148465,180,0,0,1001641
0,57,-2,0.5,0.15616,180,0,0,1001665
0,22,0,0.5,0.15913,180,0,0,1001675
0,18,0,0.5,0.16156,180,0,0,1001691
0,15,0,0.5,0.163585,180,0,0,1001708
0,12,-2,0.5,0.165205,180,0,0,1001725
0,10,-3,0.5,0.166555,180,0,0,1001743
0,10,-5,0.5,0.167905,180,0,0,1001765
0,11,-6,0.5,0.16939,180,0,0,1001779
0,13,-5,0.5,0.171145,180,0,0,1001796
0,15,-5,0.5,0.17317,180,0,0,1001812
0,17,-5,0.5,0.175465,180,0,0,1001828
0,21,-5,0.5,0.1783,180,0,0,1001845
0,25,-4,0.5,0.181675,180,0,0,1001862
0,28,-3,0.5,0.185455,180,0,0,1001877
0,33,-2,0.5,0.18991,180,0,0,1001893
0,32,0,0.5,0.19423,180,0,0,1001909
0,29,0,0.5,0.198145,180,0,0,1001927
0,24,1,0.5,0.201385,180,0,0,1001944
0,20,2,0.5,0.204085,180,0,0,1001959
0,17,2,0.5,0.20638,180,0,0,1001979
0,14,1,0.5,0.20827,180,0,0,1001993
0,23,-4,0.5,0.211375,180,0,0,1002011
0,0,0,0.5,0.211375,180,0,0,1002025
0,26,-9,0.5,0.214885,180,0,0,1002048
0,17,-5,0.5,0.21718,180,0,0,1002063
0,19,-4,0.5,0.219745,180,0,0,1002078
0,23,-3,0.5,0.22285,180,0,0,1002093
0,27,-3,0.5,0.226495,180,0,0,1002110
0,28,-2,0.5,0.230275,180,0,0,1002128
0,32,-1,0.5,0.234595,180,0,0,1002143
0,33,0,0.5,0.23905,180,0,0,1002159
0,32,0,0.5,0.24337,180,0,0,1002177
0,30,0,0.5,0.24742,180,0,0,1002196
0,24,3,0.5,0.25066,180,0,0,1002211
0,22,3,0.5,0.25363,180,0,0,1002230
0,18,3,0.5,0.25606,180,0,0,1002245
0,15,1,0.5,0.258085,180,0,0,1002260
0,13,0,0.5,0.25984,180,0,0,1002276
0,12,-3,0.5,0.26146,180,0,0,1002295
0,13,-4,0.5,0.263215,180,0,0,1002315
0,14,-4,0.5,0.265105,180,0,0,1002332
0,33,-7,0.5,0.26956,180,0,0,1002347
0,0,0,0.5,0.26956,180,0,0,1002359
0,20,-2,0.5,0.27226,180,1,31,1002377
0,38,-3,0.5,0.27739,180,1,31,1002395
0,20,-1,0.5,0.28009,180,1,31,1002413
0,16,0,0.5,0.28225,180,0,31,1002428
0,14,0,0.5,0.28414,180,0,31,1002445
0,10,-1,0.5,0.28549,180,0,0,1002460
0,6,-1,0.5,0.2863,180,0,0,1002478
0,3,-2,0.5,0.286705,180,0,0,1002500
0,0,-2,0.5,0.286705,180,0,31,1002513
0,-4,-3,0.5,0.286165,180,0,31,1002531
0,-4,-2,0.5,0.285625,180,0,31,1002543
0,-8,-2,0.5,0.284545,180,0,31,1002565
0,-6,-2,0.5,0.283735,180,0,31,1002580
0,-4,-1,0.5,0.283195,180,0,31,1002595
0,-5,-1,0.5,0.28252,180,0,31,1002611
0,-3,-1,0.5,0.282115,180,0,0,1002627
0,-3,0,0.5,0.28171,180,0,0,1002647
0,-2,-1,0.5,0.28144,180,0,0,1002664
0,-2,0,0.5,0.28117,180,0,0,1002678
0,0,0,0.5,0.28117,180,0,0,1002693
0,0,0,0.5,0.28117,180,0,0,1002712
0,1,0,0.5,0.281305,180,0,31,1002728
0,3,0,0.5,0.28171,180,0,31,1002744
0,1,0,0.5,0.281845,180,0,31,1002760
0,1,0,0.5,0.28198,180,0,0,1002780
0,0,0,0.5,0.28198,180,0,0,1002797
0,1,0,0.5,0.282115,180,0,0,1002811
0,1,0,0.5,0.28225,180,0,31,1002827
0,1,0,0.5,0.282385,180,0,31,1002846
0,1,0,0.5,0.28252,180,0,31,1002861
0,0,0,0.5,0.28252,180,0,31,1002876
0,0,0,0.5,0.28252,180,0,0,1002894
0,0,0,0.5,0.28252,180,0,0,1002910
0,1,0,0.5,0.282655,180,0,0,1002927
0,1,0,0.5,0.28279,180,0,31,1002946
0,0,0,0.5,0.28279,180,0,31,1002962
0,0,0,0.5,0.28279,180,0,31,1002977
0,0,1,0.5,0.28279,180,0,0,1002997
0,0,0,0.5,0.28279,180,0,0,1003011
0,-1,0,0.5,0.282655,180,0,0,1003027
0,0,0,0.5,0.282655,180,0,0,1003045
0,0,1,0.5,0.282655,180,0,31,1003061
0,0,1,0.5,0.282655,180,0,31,1003078
0,0,1,0.5,0.282655,180,0,31,1003094
0,0,1,0.5,0.282655,180,0,31,1003114
0,1,0,0.5,0.28279,180,0,0,1003134
0,0,0,0.5,0.28279,180,0,0,1003146
0,0,0,0.5,0.28279,180,0,0,1003161
0,1,1,0.5,0.282925,180,0,0,1003178
0,1,2,0.5,0.28306,180,0,31,1003197
0,1,1,0.5,0.283195,180,0,31,1003214
0,0,0,0.5,0.283195,180,0,31,1003231
0,1,0,0.5,0.28333,180,0,0,1003246
0,0,0,0.5,0.28333,180,0,0,1003262
0,0,0,0.5,0.28333,180,0,0,1003277
0,0,1,0.5,0.28333,180,0,0,1003295
0,1,1,0.5,0.283465,180,0,31,1003313
0,1,1,0.5,0.2836,180,0,31,1003329
0,1,1,0.5,0.283735,180,0,31,1003345
0,0,1,0.5,0.283735,180,0,0,1003364
0,0,1,0.5,0.283735,180,0,0,1003381
0,-1,1,0.5,0.2836,180,0,0,1003398
0,0,1,0.5,0.2836,180,0,0,1003413
0,1,1,0.5,0.283735,180,0,31,1003434
0,1,1,0.5,0.28387,180,0,31,1003448
0,1,1,0.5,0.284005,180,0,31,1003466
0,1,2,0.5,0.28414,180,0,31,1003481
0,1,1,0.5,0.284275,180,0,0,1003499
0,0,1,0.5,0.284275,180,0,0,1003514
0,-1,1,0.5,0.28414,180,0,0,1003529
0,-1,2,0.5,0.284005,180,0,0,1003552
0,1,1,0.5,0.28414,180,0,0,1003566
0,1,2,0.5,0.284275,180,0,0,1003579
0,1,1,0.5,0.28441,180,0,31,1003595
0,1,1,0.5,0.284545,180,0,31,1003614
0,1,2,0.5,0.28468,180,0,31,1003629
0,0,1,0.5,0.28468,180,0,31,1003647
0,0,2,0.5,0.28468,180,0,0,1003665
0,-1,1,0.5,0.284545,180,0,0,1003680
0,1,1,0.5,0.28468,180,0,0,1003697
0,0,1,0.5,0.28468,180,0,0,1003712
0,1,1,0.5,0.284815,180,0,31,1003734
0,2,1,0.5,0.285085,180,0,31,1003750
0,0,1,0.5,0.285085,180,0,31,1003765
0,1,1,0.5,0.28522,180,0,31,1003779
0,0,1,0.5,0.28522,180,0,0,1003798
0,-1,1,0.5,0.285085,180,0,0,1003812
0,-2,1,0.5,0.284815,180,0,0,1003831
0,0,1,0.5,0.284815,180,0,0,1003846
0,1,2,0.5,0.28495,180,0,31,1003868
0,0,0,0.5,0.28495,180,0,31,1003879
0,0,1,0.5,0.28495,180,0,31,1003895
0,1,3,0.5,0.285085,180,0,31,1003915
0,0,1,0.5,0.285085,180,0,0,1003933
0,0,0,0.5,0.285085,180,0,0,1003947
0,0,2,0.5,0.285085,180,0,0,1003963
0,1,1,0.5,0.28522,180,0,0,1003980
0,0,1,0.5,0.28522,180,0,31,1003998
0,1,1,0.5,0.285355,180,0,31,1004013
0,1,1,0.5,0.28549,180,0,31,1004030
0,0,1,0.5,0.28549,180,0,31,1004046
0,-1,0,0.5,0.285355,180,0,31,1004063
0,-1,0,0.5,0.28522,180,0,0,1004079
0,-1,0,0.5,0.285085,180,0,0,1004099
0,0,0,0.5,0.285085,180,0,0,1004116
0,0,0,0.5,0.285085,180,0,0,1004130
0,0,0,0.5,0.285085,180,0,31,1004147
0,1,-1,0.5,0.28522,180,0,31,1004163
0,0,0,0.5,0.28522,180,0,31,1004180
0,1,0,0.5,0.285355,180,0,0,1004200
0,0,0,0.5,0.285355,180,0,0,1004213
0,0,0,0.5,0.285355,180,0,0,1004230
0,-1,0,0.5,0.28522,180,0,0,1004247
0,0,0,0.5,0.28522,180,0,0,1004263
0,-1,0,0.5,0.285085,180,0,31,1004283
0,0,0,0.5,0.285085,180,0,31,1004297
0,0,0,0.5,0.285085,180,0,31,1004313
0,1,0,0.5,0.28522,180,0,0,1004330
0,0,0,0.5,0.28522,180,0,0,1004348
0,0,0,0.5,0.28522,180,0,0,1004362
0,-3,0,0.5,0.284815,180,0,0,1004380
0,-1,0,0.5,0.28468,180,0,0,1004397
0,-1,0,0.5,0.284545,180,0,0,1004413
0,0,0,0.5,0.284545,180,0,31,1004431
0,0,-1,0.5,0.284545,180,0,31,1004447
0,0,0,0.5,0.284545,180,0,31,1004463
0,-1,-1,0.5,0.28441,180,0,31,1004482
0,-1,0,0.5,0.284275,180,0,0,1004502
0,-2,0,0.5,0.284005,180,0,0,1004514
0,-4,0,0.5,0.283465,180,0,0,1004530
0,-4,0,0.5,0.282925,180,0,0,1004548
0,-4,0,0.5,0.282385,180,0,0,1004568
0,-4,0,0.5,0.281845,180,0,0,1004584
0,-3,0,0.5,0.28144,180,0,0,1004600
0,-3,-1,0.5,0.281035,180,0,0,1004614
0,-2,-1,0.5,0.280765,180,0,0,1004631
0,0,-2,0.5,0.280765,180,0,0,1004651
0,1,-1,0.5,0.2809,180,0,0,1004668
0,5,-1,0.5,0.281575,180,0,0,1004686
0,6,-1,0.5,0.282385,180,0,0,1004701
0,7,-1,0.5,0.28333,180,0,0,1004715
0,7,-1,0.5,0.284275,180,0,0,1004731
0,9,-1,0.5,0.28549,180,0,0,1004749
0,10,-1,0.5,0.28684,180,0,0,1004769
0,10,-1,0.5,0.28819,180,0,0,1004785
0,11,-1,0.5,0.289675,180,0,0,1004798
0,11,-2,0.5,0.29116,180,0,0,1004817
0,12,-2,0.5,0.29278,180,0,0,1004832
0,10,-2,0.5,0.29413,180,0,0,1004848
0,10,-2,0.5,0.29548,180,0,0,1004867
0,7,-2,0.5,0.296425,180,0,0,1004886
0,6,-1,0.5,0.297235,180,0,0,1004900
0,4,-1,0.5,0.297775,180,0,0,1004917
0,3,-1,0.5,0.29818,180,0,0,1004933
0,1,-1,0.5,0.298315,180,0,0,1004951
0,1,-1,0.5,0.29845,180,0,0,1004968
0,-1,-2,0.5,0.298315,180,0,0,1004983
0,-3,-3,0.5,0.29791,180,0,0,1005001
0,-5,-3,0.5,0.297235,180,0,0,1005018
0,-4,-3,0.5,0.296695,180,0,0,1005033
0,-6,-4,0.5,0.295885,180,0,0,1005050
0,-8,-6,0.5,0.294805,180,0,0,1005069
0,-4,-2,0.5,0.294265,180,0,0,1005087
0,-3,-2,0.5,0.29386,180,0,0,1005101
0,-3,-2,0.5,0.293455,180,0,0,1005117
0,-3,-2,0.5,0.29305,180,0,0,1005132
0,-3,-2,0.5,0.292645,180,0,0,1005149
0,-3,-2,0.5,0.29224,180,0,0,1005165
0,-4,-2,0.5,0.2917,180,0,0,1005187
0,-4,-2,0.5,0.29116,180,0,0,1005202
0,-3,-2,0.5,0.290755,180,0,0,1005216
0,-4,-2,0.5,0.290215,180,0,0,1005233
0,-4,-2,0.5,0.289675,180,0,0,1005250
0,-5,-2,0.5,0.289,180,0,0,1005272
0,-8,-2,0.5,0.28792,180,0,0,1005285
0,-7,-2,0.5,0.286975,180,0,0,1005299
0,-7,-2,0.5,0.28603,180,0,0,1005317
0,-8,-2,0.5,0.28495,180,0,0,1005333
0,-6,-3,0.5,0.28414,180,0,0,1005350
0,-5,-2,0.5,0.283465,180,0,0,1005367
0,-5,-2,0.5,0.28279,180,0,0,1005384
0,-4,-2,0.5,0.28225,180,0,0,1005400
0,-4,-2,0.5,0.28171,180,0,0,1005416
0,-4,-2,0.5,0.28117,180,0,0,1005434
0,-6,-3,0.5,0.28036,180,0,0,1005452
0,-2,-2,0.5,0.28009,180,0,0,1005470
0,-1,-1,0.5,0.279955,180,0,0,1005486
0,-1,-2,0.5,0.27982,180,0,0,1005500
0,-2,-2,0.5,0.27955,180,0,0,1005517
0,-2,-1,0.5,0.27928,180,0,0,1005532
0,-2,-1,0.5,0.27901,180,0,0,1005550
0,-4,-1,0.5,0.27847,180,0,0,1005568
0,-4,-1,0.5,0.27793,180,0,0,1005585
0,-3,0,0.5,0.277525,180,0,0,1005599
0,-2,0,0.5,0.277255,180,0,0,1005616
0,0,0,0.5,0.277255,180,0,0,1005635
0,3,0,0.5,0.27766,180,0,0,1005650
0,4,0,0.5,0.2782,180,0,0,1005667
0,7,0,0.5,0.279145,180,0,0,1005685
0,6,0,0.5,0.279955,180,0,0,1005701
0,7,0,0.5,0.2809,180,0,0,1005719
0,6,0,0.5,0.28171,180,0,0,1005733
0,6,0,0.5,0.28252,180,0,0,1005749
0,4,-1,0.5,0.28306,180,0,0,1005769
0,2,-1,0.5,0.28333,180,0,0,1005783
0,2,-2,0.5,0.2836,180,0,0,1005801
0,0,-2,0.5,0.2836,180,0,0,1005817
0,-4,-3,0.5,0.28306,180,0,0,1005836
0,-2,-4,0.5,0.28279,180,0,0,1005853
0,-3,-2,0.5,0.282385,180,0,0,1005867
0,-2,-2,0.5,0.282115,180,0,0,1005884
0,-2,-1,0.5,0.281845,180,0,0,1005904
0,-1,-1,0.5,0.28171,180,0,0,1005918
0,-1,-1,0.5,0.281575,180,0,0,1005935
0,1,-1,0.5,0.28171,180,0,0,1005950
0,1,0,0.5,0.281845,180,0,0,1005971
0,2,0,0.5,0.282115,180,0,0,1005988
0,2,0,0.5,0.282385,180,0,0,1006000
0,2,0,0.5,0.282655,180,0,0,1006018
0,2,0,0.5,0.282925,180,0,0,1006036
0,0,0,0.5,0.282925,180,0,0,1006052
0,0,0,0.5,0.282925,180,0,0,1006067
0,-1,-1,0.5,0.28279,180,0,0,1006084
0,-1,-1,0.5,0.282655,180,0,0,1006101
0,-3,-1,0.5,0.28225,180,0,0,1006117
0,-2,-1,0.5,0.28198,180,0,0,1006136
0,-1,-1,0.5,0.281845,180,0,0,1006150
0,-1,-1,0.5,0.28171,180,0,0,1006167
0,-1,-1,0.5,0.281575,180,0,0,1006186
0,0,0,0.5,0.281575,180,0,0,1006200
0,0,0,0.5,0.281575,180,0,0,1006220
0,1,0,0.5,0.28171,180,0,0,1006233
0,2,0,0.5,0.28198,180,0,0,1006255
0,0,0,0.5,0.28198,180,0,0,1006268
0,0,0,0.5,0.28198,180,0,0,1006284
0,-1,0,0.5,0.281845,180,0,0,1006300
0,-1,0,0.5,0.28171,180,0,0,1006320
0,-1,-1,0.5,0.281575,180,0,0,1006334
0,0,0,0.5,0.281575,180,0,0,1006350
0,0,0,0.5,0.281575,180,0,0,1006368
0,1,0,0.5,0.28171,180,0,0,1006389
0,2,0,0.5,0.28198,180,0,0,1006403
0,2,0,0.5,0.28225,180,0,0,1006420
0,4,-1,0.5,0.28279,180,0,0,1006434
0,4,0,0.5,0.28333,180,0,0,1006452
0,5,-1,0.5,0.284005,180,0,0,1006468
0,5,-1,0.5,0.28468,180,0,0,1006485
0,5,-1,0.5,0.285355,180,0,0,1006502
0,5,-1,0.5,0.28603,180,0,0,1006518
0,14,-1,0.5,0.28792,180,0,0,1006540
0,0,0,0.5,0.28792,180,0,0,1006551
0,9,-1,0.5,0.289135,180,0,0,1006568
0,23,-4,0.5,0.29224,180,0,0,1006592
0,0,0,0.5,0.29224,180,0,0,1006602
0,21,-4,0.5,0.295075,180,0,0,1006620
0,10,-3,0.5,0.296425,180,0,0,1006636
0,11,-2,0.5,0.29791,180,0,0,1006654
0,11,-1,0.5,0.299395,180,0,0,1006669
0,15,-1,0.5,0.30142,180,0,0,1006685
0,14,-2,0.5,0.30331,180,0,0,1006704
0,15,-1,0.5,0.305335,180,0,0,1006718
0,13,-1,0.5,0.30709,180,0,0,1006735
0,13,-1,0.5,0.308845,180,0,0,1006752
0,12,0,0.5,0.310465,180,0,0,1006771
0,11,0,0.5,0.31195,180,0,0,1006786
0,10,0,0.5,0.3133,180,0,0,1006805
0,9,0,0.5,0.314515,180,0,0,1006818
0,6,0,0.5,0.315325,180,0,0,1006835
0,4,-1,0.5,0.315865,180,0,0,1006852
0,3,-1,0.5,0.31627,180,0,0,1006870
0,2,-2,0.5,0.31654,180,0,0,1006886
0,2,-3,0.5,0.31681,180,0,0,1006902
0,0,-4,0.5,0.31681,180,0,0,1006920
0,0,-4,0.5,0.31681,180,0,0,1006937
0,-4,-4,0.5,0.31627,180,0,0,1006952
0,-15,-7,0.5,0.314245,180,0,0,1006976
0,-10,-3,0.5,0.312895,180,0,0,1006993
0,0,0,0.5,0.312895,180,0,0,1007001
0,-18,-5,0.5,0.310465,180,0,0,1007022
0,-7,-2,0.5,0.30952,180,0,0,1007040
0,-6,-1,0.5,0.30871,180,0,0,1007056
0,-5,-1,0.5,0.308035,180,0,0,1007069
0,-3,0,0.5,0.30763,180,0,0,1007089
0,-1,0,0.5,0.307495,180,0,0,1007104
0,0,0,0.5,0.307495,180,0,0,1007119
0,0,0,0.5,0.307495,180,0,0,1007137
0,-1,0,0.5,0.30736,180,0,0,1007152
0,-2,0,0.5,0.30709,180,0,0,1007169
0,-3,0,0.5,0.306685,180,0,0,1007186
0,-3,0,0.5,0.30628,180,0,0,1007202
0,-3,0,0.5,0.305875,180,0,0,1007218
0,-4,0,0.5,0.305335,180,0,0,1007238
0,-4,0,0.5,0.304795,180,0,0,1007252
0,-4,-1,0.5,0.304255,180,0,0,1007269
0,-4,-2,0.5,0.303715,180,0,0,1007288
0,-3,-3,0.5,0.30331,180,0,0,1007303
0,-5,-5,0.5,0.302635,180,0,0,1007321
0,-5,-5,0.5,0.30196,180,0,0,1007339
0,-9,-6,0.5,0.300745,180,0,0,1007357
0,-19,-10,0.5,0.29818,180,0,0,1007376
0,-8,-5,0.5,0.2971,180,0,0,1007394
0,-6,-4,0.5,0.29629,180,0,0,1007405
0,-3,-3,0.5,0.295885,180,0,0,1007421
0,-1,-2,0.5,0.29575,180,0,0,1007437
0,1,-1,0.5,0.295885,180,0,0,1007455
0,6,0,0.5,0.296695,180,0,0,1007473
0,6,0,0.5,0.297505,180,0,0,1007486
0,6,1,0.5,0.298315,180,0,0,1007502
0,7,2,0.5,0.29926,180,0,0,1007520
0,7,0,0.5,0.300205,180,0,0,1007539
0,7,1,0.5,0.30115,180,0,0,1007557
0,6,0,0.5,0.30196,180,0,0,1007570
0,5,-2,0.5,0.302635,180,0,0,1007589
0,1,-3,0.5,0.30277,180,0,0,1007605
0,0,-2,0.5,0.30277,180,0,0,1007623
0,-2,-2,0.5,0.3025,180,0,0,1007637
0,-6,-2,0.5,0.30169,180,0,0,1007659
0,-7,-2,0.5,0.300745,180,0,0,1007671
0,-7,-2,0.5,0.2998,180,0,0,1007688
0,-5,-3,0.5,0.299125,180,0,0,1007704
0,-1,-1,0.5,0.29899,180,0,0,1007721
0,1,-1,0.5,0.299125,180,0,0,1007738
0,6,-2,0.5,0.299935,180,0,0,1007754
0,6,-3,0.5,0.300745,180,0,0,1007775
0,1,-2,0.5,0.30088,180,0,0,1007789
0,-3,-3,0.5,0.300475,180,0,0,1007807
0,-3,-3,0.5,0.30007,180,0,0,1007823
0,-4,-3,0.5,0.29953,180,0,0,1007838
0,-2,-2,0.5,0.29926,180,0,0,1007856
0,-1,-2,0.5,0.299125,180,0,0,1007872
0,0,-2,0.5,0.299125,180,0,0,1007888
0,3,-1,0.5,0.29953,180,0,0,1007909
0,5,-1,0.5,0.300205,180,0,0,1007921
0,5,-1,0.5,0.30088,180,0,0,1007937
0,4,-2,0.5,0.30142,180,0,0,1007955
0,3,-3,0.5,0.301825,180,0,0,1007972
0,1,-3,0.5,0.30196,180,0,0,1007990
0,0,-1,0.5,0.30196,180,0,0,1008006
0,-1,-2,0.5,0.301825,180,0,0,1008020
0,-3,-1,0.5,0.30142,180,0,0,1008039
0,-8,-1,0.5,0.30034,180,0,0,1008054
0,-6,-1,0.5,0.29953,180,0,0,1008071
0,-4,0,0.5,0.29899,180,0,0,1008087
0,-3,0,0.5,0.298585,180,0,0,1008107
0,-3,0,0.5,0.29818,180,0,0,1008122
0,-6,-1,0.5,0.29737,180,0,0,1008138
0,-2,-2,0.5,0.2971,180,0,0,1008158
0,0,-2,0.5,0.2971,180,0,0,1008175
0,0,-2,0.5,0.2971,180,0,0,1008192
0,1,-3,0.5,0.297235,180,0,0,1008205
0,0,-3,0.5,0.297235,180,0,0,1008222
0,0,-3,0.5,0.297235,180,0,0,1008238
0,-1,-4,0.5,0.2971,180,0,0,1008259
0,-1,-3,0.5,0.296965,180,0,0,1008272
0,-2,-3,0.5,0.296695,180,0,0,1008290
0,-2,-4,0.5,0.296425,180,0,0,1008306
0,-2,-3,0.5,0.296155,180,0,0,1008322
0,-3,-3,0.5,0.29575,180,0,0,1008339
0,-2,-2,0.5,0.29548,180,0,0,1008358
0,-3,-1,0.5,0.295075,180,0,0,1008373
0,-2,-1,0.5,0.294805,180,0,0,1008390
0,-3,0,0.5,0.2944,180,0,0,1008405
0,-3,0,0.5,0.293995,180,0,0,1008422
0,-2,0,0.5,0.293725,180,0,0,1008440
0,-1,1,0.5,0.29359,180,0,0,1008456
0,-3,4,0.5,0.293185,180,0,0,1008478
0,0,0,0.5,0.293185,180,0,0,1008488
0,-1,1,0.5,0.29305,180,0,0,1008506
0,-1,1,0.5,0.292915,180,0,0,1008523
0,-3,1,0.5,0.29251,180,0,0,1008540
0,-1,0,0.5,0.292375,180,0,0,1008558
0,-2,-1,0.5,0.292105,180,0,0,1008572
0,-2,-2,0.5,0.291835,180,0,0,1008591
0,-4,-4,0.5,0.291295,180,0,0,1008611
0,-2,-3,0.5,0.291025,180,0,0,1008623
0,-1,-3,0.5,0.29089,180,0,0,1008643
0,1,-3,0.5,0.291025,180,0,0,1008659
0,2,-2,0.5,0.291295,180,0,0,1008677
0,2,-2,0.5,0.291565,180,0,0,1008690
0,0,-1,0.5,0.291565,180,0,0,1008706
0,-1,-1,0.5,0.29143,180,0,0,1008724
0,-4,0,0.5,0.29089,180,0,0,1008741
0,-3,0,0.5,0.290485,180,0,0,1008757
0,-4,0,0.5,0.289945,180,0,0,1008774
0,-5,1,0.5,0.28927,180,0,0,1008792
0,-4,2,0.5,0.28873,180,0,0,1008811
0,-2,3,0.5,0.28846,180,0,0,1008824
0,-2,3,0.5,0.28819,180,0,0,1008841
0,-1,2,0.5,0.288055,180,0,0,1008856
0,-1,3,0.5,0.28792,180,0,0,1008874
0,-3,3,0.5,0.287515,180,0,0,1008895
0,-1,0,0.5,0.28738,180,0,0,1008907
0,-2,0,0.5,0.28711,180,0,0,1008923
0,-1,0,0.5,0.286975,180,0,0,1008941
0,-2,0,0.5,0.286705,180,0,0,1008957
0,-1,0,0.5,0.28657,180,0,0,1008973
0,-1,0,0.5,0.286435,180,0,0,1008992
0,-1,0,0.5,0.2863,180,0,0,1009006
0,0,-1,0.5,0.2863,180,0,0,1009023
0,0,-1,0.5,0.2863,180,0,0,1009041
0,0,-1,0.5,0.2863,180,0,0,1009057
0,0,-1,0.5,0.2863,180,0,0,1009074
0,0,-1,0.5,0.2863,180,0,0,1009093
0,0,-1,0.5,0.2863,180,0,0,1009107
0,0,0,0.5,0.2863,180,0,0,1009123
0,0,0,0.5,0.2863,180,0,0,1009140
0,0,0,0.5,0.2863,180,0,0,1009156
0,1,1,0.5,0.286435,180,0,0,1009174
0,5,1,0.5,0.28711,180,0,0,1009190
0,9,2,0.5,0.288325,180,0,0,1009212
0,0,0,0.5,0.288325,180,0,0,1009224
0,3,1,0.5,0.28873,180,0,0,1009240
0,1,1,0.5,0.288865,180,0,0,1009262
0,-5,2,0.5,0.28819,180,0,0,1009278
0,-5,1,0.5,0.287515,180,0,0,1009292
0,-5,1,0.5,0.28684,180,0,0,1009308
0,-5,1,0.5,0.286165,180,0,0,1009331
0,-5,0,0.5,0.28549,180,0,0,1009343
0,-2,0,0.5,0.28522,180,0,0,1009360
0,-2,1,0.5,0.28495,180,0,0,1009378
0,-1,1,0.5,0.284815,180,0,0,1009393
0,0,2,0.5,0.284815,180,0,0,1009409
0,2,2,0.5,0.285085,180,0,31,1009428
0,2,1,0.5,0.285355,180,0,31,1009441
0,6,2,0.5,0.286165,180,0,31,1009458
0,6,2,0.5,0.286975,180,0,31,1009473
0,6,2,0.5,0.287785,180,0,31,1009493
0,4,2,0.5,0.288325,180,0,31,1009509
0,2,3,0.5,0.288595,180,0,31,1009529
0,1,4,0.5,0.28873,180,0,31,1009544
0,1,4,0.5,0.288865,180,0,31,1009558
0,0,5,0.5,0.288865,180,0,0,1009575
0,0,6,0.5,0.288865,180,0,0,1009595
0,0,6,0.5,0.288865,180,0,0,1009614
0,7,9,0.5,0.28981,180,0,0,1009629
0,0,0,0.5,0.28981,180,0,0,1009641
0,4,3,0.5,0.29035,180,0,0,1009663
0,2,2,0.5,0.29062,180,0,0,1009677
0,-3,1,0.5,0.290215,180,0,0,1009692
0,-7,-1,0.5,0.28927,180,0,0,1009708
0,-7,-2,0.5,0.288325,180,0,0,1009725
0,-10,-2,0.5,0.286975,180,0,0,1009743
0,-11,-3,0.5,0.28549,180,0,0,1009759
0,-11,-2,0.5,0.284005,180,0,0,1009775
0,-9,-2,0.5,0.28279,180,0,0,1009791
0,-8,-1,0.5,0.28171,180,0,0,1009812
0,-8,0,0.5,0.28063,180,0,0,1009826
0,-4,1,0.5,0.28009,180,0,0,1009840
0,-2,3,0.5,0.27982,180,0,0,1009860
0,0,3,0.5,0.27982,180,0,0,1009879
0,1,4,0.5,0.279955,180,0,0,1009893
0,2,4,0.5,0.280225,180,0,0,1009909
0,1,4,0.5,0.28036,180,0,0,1009926
0,1,4,0.5,0.280495,180,0,0,1009947
0,0,4,0.5,0.280495,180,0,0,1009963
0,0,4,0.5,0.280495,180,0,0,1009976
0,0,3,0.5,0.280495,180,0,31,1009992
0,0,7,0.5,0.280495,180,0,31,1010014
0,0,3,0.5,0.280495,180,0,31,1010028
0,0,0,0.5,0.280495,180,0,31,1010041
0,1,3,0.5,0.28063,180,0,31,1010059
0,6,6,0.5,0.28144,180,0,31,1010078
0,4,2,0.5,0.28198,180,0,31,1010094
0,2,2,0.5,0.28225,180,0,31,1010109
0,3,2,0.5,0.282655,180,0,0,1010126
0,3,2,0.5,0.28306,180,0,0,1010143
0,2,1,0.5,0.28333,180,0,0,1010161
0,2,1,0.5,0.2836,180,0,0,1010179
0,-1,0,0.5,0.283465,180,0,0,1010193
0,-4,0,0.5,0.282925,180,0,0,1010209
0,-5,-2,0.5,0.28225,180,0,0,1010228
0,-8,-1,0.5,0.28117,180,0,0,1010246
0,-4,-1,0.5,0.28063,180,0,0,1010261
0,-4,-2,0.5,0.28009,180,0,0,1010277
0,-1,-3,0.5,0.279955,180,0,0,1010293
0,0,-3,0.5,0.279955,180,0,0,1010309
0,3,-3,0.5,0.28036,180,0,0,1010329
0,6,-4,0.5,0.28117,180,0,0,1010345
0,6,-3,0.5,0.28198,180,0,31,1010363
0,4,-3,0.5,0.28252,180,0,31,1010376
0,1,-2,0.5,0.282655,180,0,31,1010395
0,-3,-3,0.5,0.28225,180,0,31,1010412
0,-3,-1,0.5,0.281845,180,0,31,1010426
0,-7,0,0.5,0.2809,180,0,31,1010449
0,0,0,0.5,0.2809,180,0,31,1010460
0,4,1,0.5,0.28144,180,0,31,1010475
0,6,0,0.5,0.28225,180,0,31,1010492
0,7,2,0.5,0.283195,180,0,31,1010512
0,6,2,0.5,0.284005,180,0,31,1010528
0,5,2,0.5,0.28468,180,0,31,1010542
0,4,2,0.5,0.28522,180,0,0,1010559
0,5,2,0.5,0.285895,180,0,0,1010579
0,6,2,0.5,0.286705,180,0,0,1010594
0,6,2,0.5,0.287515,180,0,0,1010613
0,4,1,0.5,0.288055,180,0,0,1010626
0,4,2,0.5,0.288595,180,0,0,1010643
0,1,1,0.5,0.28873,180,0,0,1010660
0,2,1,0.5,0.289,180,0,0,1010677
0,1,1,0.5,0.289135,180,0,0,1010698
0,1,1,0.5,0.28927,180,0,0,1010710
0,2,0,0.5,0.28954,180,0,0,1010728
0,4,0,0.5,0.29008,180,0,0,1010743
0,7,0,0.5,0.291025,180,0,0,1010762
0,9,-1,0.5,0.29224,180,0,0,1010780
0,10,-2,0.5,0.29359,180,0,0,1010795
0,8,-3,0.5,0.29467,180,0,0,1010811
0,5,-4,0.5,0.295345,180,0,0,1010827
0,3,-5,0.5,0.29575,180,0,0,1010849
0,0,0,0.5,0.29575,180,0,0,1010859
0,-1,0,0.5,0.295615,180,0,0,1010877
0,-3,0,0.5,0.29521,180,0,0,1010896
0,-2,0,0.5,0.29494,180,0,0,1010909
0,-2,2,0.5,0.29467,180,0,0,1010927
0,-1,2,0.5,0.294535,180,0,0,1010943
0,-2,2,0.5,0.294265,180,0,0,1010963
0,1,2,0.5,0.2944,180,0,0,1010977
0,3,2,0.5,0.294805,180,0,0,1010993
0,7,2,0.5,0.29575,180,0,0,1011011
0,9,2,0.5,0.296965,180,0,0,1011033
0,9,2,0.5,0.29818,180,0,0,1011043
0,9,1,0.5,0.299395,180,0,0,1011063
0,9,1,0.5,0.30061,180,0,0,1011077
0,10,1,0.5,0.30196,180,0,0,1011096
0,10,0,0.5,0.30331,180,0,0,1011113
0,13,0,0.5,0.305065,180,0,0,1011127
0,14,0,0.5,0.306955,180,0,0,1011143
0,17,0,0.5,0.30925,180,0,0,1011160
0,19,-1,0.5,0.311815,180,0,0,1011177
0,20,-1,0.5,0.314515,180,0,0,1011193
0,46,-4,0.5,0.320725,180,0,0,1011213
0,24,-1,0.5,0.323965,180,0,0,1011233
0,23,-1,0.5,0.32707,180,0,0,1011253
0,23,0,0.5,0.330175,180,0,0,1011265
0,21,-1,0.5,0.33301,180,0,0,1011278
0,19,0,0.5,0.335575,180,0,0,1011294
0,17,0,0.5,0.33787,180,0,0,1011311
0,14,0,0.5,0.33976,180,0,0,1011330
0,15,0,0.5,0.341785,180,0,0,1011345
0,13,0,0.5,0.34354,180,0,0,1011360
0,13,0,0.5,0.345295,180,0,0,1011379
0,12,-1,0.5,0.346915,180,0,0,1011395
0,9,-1,0.5,0.34813,180,0,0,1011411
0,10,0,0.5,0.34948,180,0,0,1011428
0,9,0,0.5,0.350695,180,0,0,1011445
0,8,0,0.5,0.351775,180,0,0,1011460
0,5,1,0.5,0.35245,180,0,0,1011478
0,2,1,0.5,0.35272,180,0,0,1011494
0,0,0,0.5,0.35272,180,0,0,1011513
0,-6,0,0.5,0.35191,180,0,0,1011528
0,-8,0,0.5,0.35083,180,0,0,1011546
0,-12,-1,0.5,0.34921,180,0,0,1011561
0,-15,-2,0.5,0.347185,180,0,0,1011580
0,-34,-4,0.5,0.342595,180,0,0,1011597
0,-19,-2,0.5,0.34003,180,0,0,1011612
0,-17,-2,0.5,0.337735,180,0,0,1011639
0,0,0,0.5,0.337735,180,0,0,1011645
0,-28,-4,0.5,0.333955,180,0,0,1011663
0,-12,-2,0.5,0.332335,180,0,0,1011679
0,-7,-2,0.5,0.33139,180,0,0,1011696
0,-4,-1,0.5,0.33085,180,0,0,1011714
0,-1,0,0.5,0.330715,180,0,0,1011731
0,0,-1,0.5,0.330715,180,0,0,1011745
0,4,0,0.5,0.331255,180,0,0,1011761
0,3,0,0.5,0.33166,180,0,0,1011779
0,1,0,0.5,0.331795,180,0,0,1011798
0,0,2,0.5,0.331795,180,0,0,1011814
0,0,1,0.5,0.331795,180,0,0,1011828
0,-1,0,0.5,0.33166,180,0,0,1011849
0,-4,0,0.5,0.33112,180,0,0,1011861
0,-2,0,0.5,0.33085,180,0,31,1011878
0,-2,0,0.5,0.33058,180,0,31,1011896
0,0,0,0.5,0.33058,180,0,0,1011912
0,4,-1,0.5,0.33112,180,0,0,1011932
0,0,0,0.5,0.33112,180,0,0,1011947
0,5,-2,0.5,0.331795,180,0,0,1011969
0,1,-1,0.5,0.33193,180,0,0,1011980
0,1,-2,0.5,0.332065,180,0,0,1011998
0,3,-2,0.5,0.33247,180,0,0,1012013
0,4,-2,0.5,0.33301,180,0,0,1012029
0,7,-2,0.5,0.333955,180,0,0,1012052
0,8,-2,0.5,0.335035,180,0,0,1012063
0,8,-2,0.5,0.336115,180,0,0,1012080
0,7,-1,0.5,0.33706,180,0,0,1012097
0,5,-1,0.5,0.337735,180,0,0,1012112
0,3,-1,0.5,0.33814,180,0,0,1012129
0,2,-1,0.5,0.33841,180,0,0,1012148
0,0,-1,0.5,0.33841,180,0,0,1012162
0,-1,-2,0.5,0.338275,180,0,0,1012179
0,0,-2,0.5,0.338275,180,0,0,1012196
0,-1,-3,0.5,0.33814,180,0,0,1012215
0,0,-3,0.5,0.33814,180,0,0,1012232
0,0,-3,0.5,0.33814,180,0,0,1012251
0,2,-4,0.5,0.33841,180,0,0,1012265
0,5,-4,0.5,0.339085,180,0,0,1012285
0,7,-4,0.5,0.34003,180,0,0,1012296
0,10,-5,0.5,0.34138,180,0,0,1012314
0,25,-8,0.5,0.344755,180,0,0,1012333
0,0,0,0.5,0.344755,180,0,0,1012346
0,30,-8,0.5,0.348805,180,0,0,1012367
0,16,-4,0.5,0.350965,180,0,0,1012381
0,16,-4,0.5,0.353125,180,0,0,1012398
0,15,-3,0.5,0.35515,180,0,0,1012414
0,15,-3,0.5,0.357175,180,0,0,1012432
0,15,-2,0.5,0.3592,180,0,0,1012448
0,14,-2,0.5,0.36109,180,0,0,1012465
0,12,-2,0.5,0.36271,180,0,0,1012482
0,11,-2,0.5,0.364195,180,0,0,1012498
0,11,-3,0.5,0.36568,180,0,0,1012516
0,10,-3,0.5,0.36703,180,0,0,1012532
0,11,-3,0.5,0.368515,180,0,0,1012549
0,12,-3,0.5,0.370135,180,0,0,1012564
0,13,-4,0.5,0.37189,180,0,0,1012582
0,14,-4,0.5,0.37378,180,0,0,1012601
0,14,-4,0.5,0.37567,180,0,0,1012617
0,15,-5,0.5,0.377695,180,0,0,1012634
0,17,-5,0.5,0.37999,180,0,0,1012649
0,18,-6,0.5,0.38242,180,0,0,1012668
0,19,-7,0.5,0.384985,180,0,0,1012685
0,18,-7,0.5,0.387415,180,0,0,1012701
0,26,-15,0.5,0.390925,180,0,0,1012721
0,7,-8,0.5,0.39187,180,0,0,1012734
0,4,-9,0.5,0.39241,180,0,0,1012751
0,5,-8,0.5,0.393085,180,0,0,1012771
0,7,-7,0.5,0.39403,180,0,0,1012786
0,9,-7,0.5,0.395245,180,0,0,1012802
0,11,-6,0.5,0.39673,180,0,0,1012818
0,15,-5,0.5,0.398755,180,0,0,1012835
0,15,-4,0.5,0.40078,180,0,0,1012848
0,18,-3,0.5,0.40321,180,0,0,1012864
0,19,-2,0.5,0.405775,180,0,0,1012882
0,19,-1,0.5,0.40834,180,0,0,1012901
0,19,0,0.5,0.410905,180,0,0,1012914
0,17,0,0.5,0.4132,180,0,0,1012930
0,14,0,0.5,0.41509,180,0,0,1012948
0,14,1,0.5,0.41698,180,0,0,1012965
0,13,0,0.5,0.418735,180,0,0,1012982
0,13,-1,0.5,0.42049,180,0,0,1012999
0,15,-2,0.5,0.422515,180,0,0,1013015
0,17,-5,0.5,0.42481,180,0,0,1013032
0,15,-6,0.5,0.426835,180,0,0,1013049
0,27,-7,0.5,0.43048,180,0,0,1013068
0,0,-8,0.5,0.43048,180,0,0,1013086
0,22,-18,0.5,0.43345,180,0,0,1013104
0,0,0,0.5,0.43345,180,0,0,1013113
0,26,-8,0.5,0.43696,180,0,0,1013137
0,17,-14,0.5,0.439255,180,0,0,1013151
0,20,-6,0.5,0.441955,180,0,0,1013166
0,24,-5,0.5,0.445195,180,0,0,1013182
0,25,-5,0.5,0.44857,180,0,0,1013205
0,26,-3,0.5,0.45208,180,0,0,1013218
0,22,-2,0.5,0.45505,180,0,0,1013235
0,20,-1,0.5,0.45775,180,0,0,1013251
0,18,-1,0.5,0.46018,180,0,0,1013264
0,17,-1,0.5,0.462475,180,0,0,1013281
0,14,-1,0.5,0.464365,180,0,0,1013298
0,14,-1,0.5,0.466255,180,0,0,1013315
0,16,-2,0.5,0.468415,180,0,0,1013335
0,19,-2,0.5,0.47098,180,0,0,1013350
0,22,-4,0.5,0.47395,180,0,0,1013365
0,22,-4,0.5,0.47692,180,0,0,1013383
0,22,-6,0.5,0.47989,180,0,0,1013402
0,20,-6,0.5,0.48259,180,0,0,1013420
0,17,-8,0.5,0.484885,180,0,0,1013438
0,15,-9,0.5,0.48691,180,0,0,1013455
0,30,-17,0.5,0.49096,180,0,0,1013475
0,20,-9,0.5,0.49366,180,0,0,1013487
0,23,-6,0.5,0.496765,180,0,0,1013501
0,26,-4,0.5,0.500275,180,0,0,1013516
0,28,-2,0.5,0.504055,180,0,0,1013537
0,26,-1,0.5,0.507565,180,0,0,1013553
0,23,0,0.5,0.51067,180,0,0,1013565
0,23,0,0.5,0.513775,180,0,0,1013582
0,21,0,0.5,0.51661,180,0,0,1013599
0,20,0,0.5,0.51931,180,0,0,1013615
0,18,0,0.5,0.52174,180,0,0,1013637
0,20,-2,0.5,0.52444,180,0,0,1013650
0,20,-2,0.5,0.52714,180,0,0,1013666
0,18,-3,0.5,0.52957,180,0,0,1013682
0,15,-4,0.5,0.531595,180,0,0,1013705
0,11,-4,0.5,0.53308,180,0,0,1013722
0,7,-4,0.5,0.534025,180,0,0,1013734
0,3,-4,0.5,0.53443,180,0,31,1013756
0,1,-4,0.5,0.534565,180,0,31,1013769
0,1,-3,0.5,0.5347,180,0,31,1013786
0,2,-2,0.5,0.53497,180,0,0,1013802
0,2,-2,0.5,0.53524,180,0,0,1013816
0,4,-1,0.5,0.53578,180,0,0,1013834
0,13,-2,0.5,0.537535,180,0,0,1013851
0,9,-1,0.5,0.53875,180,0,31,1013867
0,11,-1,0.5,0.540235,180,0,31,1013884
0,10,-1,0.5,0.541585,180,0,31,1013902
0,0,0,0.5,0.541585,180,0,31,1013915
0,23,-2,0.5,0.54469,180,0,31,1013933
0,13,-1,0.5,0.546445,180,0,0,1013950
0,13,-1,0.5,0.5482,180,0,0,1013967
0,14,-1,0.5,0.55009,180,0,0,1013987
0,13,0,0.5,0.551845,180,0,0,1014004
0,9,0,0.5,0.55306,180,0,0,1014015
0,7,0,0.5,0.554005,180,0,0,1014032
0,5,0,0.5,0.55468,180,0,0,1014049
0,5,0,0.5,0.555355,180,0,31,1014068
0,6,-2,0.5,0.556165,180,0,31,1014084
0,9,-3,0.5,0.55738,180,0,31,1014100
0,8,-4,0.5,0.55846,180,0,31,1014116
0,9,-4,0.5,0.559675,180,0,31,1014134
0,8,-5,0.5,0.560755,180,0,0,1014152
0,9,-5,0.5,0.56197,180,0,0,1014172
0,9,-4,0.5,0.563185,180,0,0,1014183
0,12,-4,0.5,0.564805,180,0,0,1014202
0,29,-6,0.5,0.56872,180,0,0,1014219
0,0,0,0.5,0.56872,180,0,0,1014233
0,15,-3,0.5,0.570745,180,0,0,1014251
0,13,-5,0.5,0.5725,180,0,0,1014271
0,26,-10,0.5,0.57601,180,0,0,1014292
0,16,-5,0.5,0.57817,180,0,0,1014302
0,19,-3,0.5,0.580735,180,0,0,1014318
0,21,-3,0.5,0.58357,180,0,0,1014334
0,21,-1,0.5,0.586405,180,0,0,1014350
0,23,0,0.5,0.58951,180,0,0,1014367
0,20,0,0.5,0.59221,180,0,0,1014383
0,21,0,0.5,0.595045,180,0,0,1014399
0,19,0,0.5,0.59761,180,0,0,1014417
0,19,0,0.5,0.600175,180,0,0,1014437
0,17,1,0.5,0.60247,180,0,0,1014450
0,17,0,0.5,0.604765,180,0,0,1014466
0,18,0,0.5,0.607195,180,0,0,1014485
0,19,-1,0.5,0.60976,180,0,0,1014501
0,22,-2,0.5,0.61273,180,0,0,1014519
0,21,-4,0.5,0.615565,180,0,0,1014536
0,22,-5,0.5,0.618535,180,0,0,1014555
0,20,-6,0.5,0.621235,180,0,0,1014568
0,17,-7,0.5,0.62353,180,0,0,1014590
0,35,-14,0.5,0.628255,180,0,0,1014611
0,0,0,0.5,0.628255,180,0,0,1014618
0,44,-6,0.5,0.634195,180,0,0,1014635
0,28,-8,0.5,0.637975,180,0,0,1014653
0,28,-3,0.5,0.641755,180,0,0,1014674
0,27,-1,0.5,0.6454,180,0,0,1014688
0,26,0,0.5,0.64891,180,0,0,1014700
0,22,0,0.5,0.65188,180,0,0,1014717
0,20,0,0.5,0.65458,180,0,0,1014737
0,17,0,0.5,0.656875,180,0,0,1014751
0,16,0,0.5,0.659035,180,0,0,1014772
0,14,1,0.5,0.660925,180,0,0,1014791
0,13,0,0.5,0.66268,180,0,0,1014800
0,14,0,0.5,0.66457,180,0,0,1014817
0,14,-1,0.5,0.66646,180,0,0,1014835
0,16,-4,0.5,0.66862,180,0,0,1014853
0,16,-5,0.5,0.67078,180,0,0,1014871
0,16,-6,0.5,0.67294,180,0,0,1014889
0,18,-7,0.5,0.67537,180,0,0,1014903
0,19,-6,0.5,0.677935,180,0,0,1014920
0,21,-4,0.5,0.68077,180,0,0,1014938
0,53,-5,0.5,0.687925,180,0,0,1014958
0,31,0,0.5,0.69211,180,0,0,1014972
0,0,0,0.5,0.69211,180,0,0,1014987
0,31,0,0.5,0.696295,180,0,0,1015000
0,55,1,0.5,0.70372,180,0,0,1015020
0,24,2,0.5,0.70696,180,0,0,1015037
0,22,2,0.5,0.70993,180,0,0,1015056
0,19,2,0.5,0.71,180,0,0,1015068
