0,55,-7,0.5,-0.702575,180,0,0,795952
0,29,-4,0.5,-0.69866,180,0,0,795962
0,28,-4,0.5,-0.69488,180,0,0,795973
0,0,0,0.5,-0.69488,180,0,0,795981
0,28,-5,0.5,-0.6911,180,0,0,796001
0,27,-4,0.5,-0.687455,180,0,0,796020
0,62,-4,0.5,-0.679085,180,0,0,796034
0,32,-2,0.5,-0.674765,180,0,0,796050
0,31,-2,0.5,-0.67058,180,0,0,796067
0,30,0,0.5,-0.66653,180,0,0,796081
0,28,0,0.5,-0.66275,180,0,0,796098
0,27,0,0.5,-0.659105,180,0,0,796117
0,26,0,0.5,-0.655595,180,0,0,796132
0,23,0,0.5,-0.65249,180,0,0,796148
0,22,0,0.5,-0.64952,180,0,0,796165
0,22,-1,0.5,-0.64655,180,0,0,796183
0,21,-3,0.5,-0.643715,180,0,0,796201
0,22,-4,0.5,-0.640745,180,0,0,796216
0,22,-5,0.5,-0.637775,180,0,0,796234
0,20,-6,0.5,-0.635075,180,0,0,796250
0,22,-6,0.5,-0.632105,180,0,0,796267
0,23,-6,0.5,-0.629,180,0,0,796285
0,24,-5,0.5,-0.62576,180,0,0,796301
0,26,-4,0.5,-0.62225,180,0,0,796316
0,28,-2,0.5,-0.61847,180,0,0,796334
0,29,-1,0.5,-0.614555,180,0,0,796348
0,29,0,0.5,-0.61064,180,0,0,796369
0,28,0,0.5,-0.60686,180,0,0,796381
0,29,0,0.5,-0.602945,180,0,0,796398
0,28,0,0.5,-0.599165,180,0,0,796415
0,27,0,0.5,-0.59552,180,0,0,796433
0,24,0,0.5,-0.59228,180,0,0,796450
0,45,-2,0.5,-0.586205,180,0,0,796466
0,20,-3,0.5,-0.583505,180,0,0,796482
0,22,-5,0.5,-0.580535,180,0,0,796502
0,22,-6,0.5,-0.577565,180,0,0,796518
0,20,-6,0.5,-0.574865,180,0,0,796534
0,19,-7,0.5,-0.5723,180,0,0,796555
0,18,-7,0.5,-0.56987,180,0,0,796570
0,21,-6,0.5,-0.567035,180,0,0,796583
0,25,-5,0.5,-0.56366,180,0,0,796600
0,28,-4,0.5,-0.55988,180,0,0,796616
0,31,-3,0.5,-0.555695,180,0,0,796633
0,29,-1,0.5,-0.55178,180,0,0,796651
0,30,-1,0.5,-0.54773,180,0,0,796665
0,28,0,0.5,-0.54395,180,0,0,796682
0,28,-1,0.5,-0.54017,180,0,0,796700
0,28,-2,0.5,-0.53639,180,0,0,796715
0,24,-2,0.5,-0.53315,180,0,0,796733
0,22,-2,0.5,-0.53018,180,0,0,796755
0,20,-3,0.5,-0.52748,180,0,0,796766
0,20,-4,0.5,-0.52478,180,0,0,796783
0,21,-6,0.5,-0.521945,180,0,0,796802
0,20,-7,0.5,-0.519245,180,0,0,796818
0,18,-7,0.5,-0.516815,180,0,0,796838
0,36,-15,0.5,-0.511955,180,0,0,796854
0,19,-8,0.5,-0.50939,180,0,0,796867
0,22,-6,0.5,-0.50642,180,0,0,796883
0,25,-4,0.5,-0.503045,180,0,0,796899
0,27,-3,0.5,-0.4994,180,0,0,796917
0,27,-2,0.5,-0.495755,180,0,0,796933
0,28,-1,0.5,-0.491975,180,0,0,796949
0,28,-1,0.5,-0.488195,180,0,0,796966
0,26,-1,0.5,-0.484685,180,0,0,796982
0,25,-1,0.5,-0.48131,180,0,0,796999
0,23,-2,0.5,-0.478205,180,0,0,797021
0,20,-2,0.5,-0.475505,180,0,0,797032
0,21,-4,0.5,-0.47267,180,0,0,797051
0,22,-4,0.5,-0.4697,180,0,0,797067
0,23,-6,0.5,-0.466595,180,0,0,797084
0,21,-7,0.5,-0.46376,180,0,0,797101
0,19,-8,0.5,-0.461195,180,0,0,797117
0,18,-8,0.5,-0.458765,180,0,0,797134
0,13,-9,0.5,-0.45701,180,0,0,797153
0,14,-9,0.5,-0.45512,180,0,0,797167
0,12,-8,0.5,-0.4535,180,0,0,797185
0,14,-7,0.5,-0.45161,180,0,0,797200
0,17,-5,0.5,-0.449315,180,0,0,797218
0,21,-4,0.5,-0.44648,180,0,0,797234
0,48,-5,0.5,-0.44,180,0,0,797252
0,25,-1,0.5,-0.436625,180,0,0,797265
0,26,-2,0.5,-0.433115,180,0,0,797282
0,26,-1,0.5,-0.429605,180,0,0,797300
0,25,-2,0.5,-0.42623,180,0,0,797316
0,23,-1,0.5,-0.423125,180,0,0,797332
0,22,-2,0.5,-0.420155,180,0,0,797350
0,22,-3,0.5,-0.417185,180,0,0,797367
0,23,-5,0.5,-0.41408,180,0,0,797384
0,24,-6,0.5,-0.41084,180,0,0,797401
0,23,-7,0.5,-0.407735,180,0,0,797417
0,21,-7,0.5,-0.4049,180,0,0,797433
0,20,-8,0.5,-0.4022,180,0,0,797452
0,17,-8,0.5,-0.399905,180,0,0,797467
0,13,-8,0.5,-0.39815,180,0,0,797483
0,9,-6,0.5,-0.396935,180,0,0,797500
0,7,-5,0.5,-0.39599,180,0,0,797516
0,7,-3,0.5,-0.395045,180,0,0,797535
0,6,-1,0.5,-0.394235,180,0,0,797549
0,6,0,0.5,-0.393425,180,0,0,797565
0,4,0,0.5,-0.392885,180,0,0,797582
0,1,0,0.5,-0.39275,180,0,0,797599
0,-3,0,0.5,-0.393155,180,0,0,797616
0,-8,0,0.5,-0.394235,180,0,0,797632
0,-26,0,0.5,-0.397745,180,0,0,797649
0,-19,-2,0.5,-0.40031,180,0,0,797666
0,-21,-1,0.5,-0.403145,180,0,0,797682
0,-19,0,0.5,-0.40571,180,0,0,797700
0,-18,-1,0.5,-0.40814,180,0,0,797720
0,-12,-1,0.5,-0.40976,180,0,0,797733
0,-7,-2,0.5,-0.410705,180,0,0,797749
0,-6,-3,0.5,-0.411515,180,0,0,797766
0,-4,-2,0.5,-0.412055,180,0,0,797782
0,-2,-3,0.5,-0.412325,180,0,0,797799
0,-1,-3,0.5,-0.41246,180,0,0,797818
0,1,-3,0.5,-0.412325,180,0,0,797833
0,4,-3,0.5,-0.411785,180,0,0,797849
0,6,-4,0.5,-0.410975,180,0,0,797867
0,8,-4,0.5,-0.409895,180,0,0,797887
0,8,-4,0.5,-0.408815,180,0,0,797900
0,10,-4,0.5,-0.407465,180,0,0,797916
0,8,-4,0.5,-0.406385,180,0,0,797932
0,7,-4,0.5,-0.40544,180,0,0,797953
0,4,-4,0.5,-0.4049,180,0,0,797969
0,4,-3,0.5,-0.40436,180,0,0,797983
0,1,-2,0.5,-0.404225,180,0,0,797999
0,2,-1,0.5,-0.403955,180,0,0,798015
0,0,0,0.5,-0.403955,180,0,0,798031
0,0,2,0.5,-0.403955,180,0,0,798051
0,-6,0,0.5,-0.404765,180,0,0,798065
0,-7,0,0.5,-0.40571,180,0,0,798081
0,-8,0,0.5,-0.40679,180,0,0,798100
0,-9,0,0.5,-0.408005,180,0,0,798116
0,-8,0,0.5,-0.409085,180,0,0,798132
0,-7,1,0.5,-0.41003,180,0,0,798149
0,-5,1,0.5,-0.410705,180,0,0,798166
0,-3,2,0.5,-0.41111,180,0,0,798182
0,0,3,0.5,-0.41111,180,0,0,798200
0,2,4,0.5,-0.41084,180,0,0,798216
0,4,4,0.5,-0.4103,180,0,0,798232
0,4,4,0.5,-0.40976,180,0,0,798249
0,5,4,0.5,-0.409085,180,0,0,798266
0,5,4,0.5,-0.40841,180,0,0,798283
0,5,4,0.5,-0.407735,180,0,0,798301
0,6,4,0.5,-0.406925,180,0,0,798316
0,4,5,0.5,-0.406385,180,0,0,798340
0,4,5,0.5,-0.405845,180,0,0,798353
0,7,6,0.5,-0.4049,180,0,0,798366
0,9,6,0.5,-0.403685,180,0,0,798387
0,15,6,0.5,-0.40166,180,0,0,798403
0,18,6,0.5,-0.39923,180,0,0,798420
0,22,7,0.5,-0.39626,180,0,0,798436
0,49,8,0.5,-0.389645,180,0,0,798454
0,26,15,0.5,-0.386135,180,0,0,798469
0,25,8,0.5,-0.38276,180,0,0,798483
0,23,7,0.5,-0.379655,180,0,0,798501
0,18,6,0.5,-0.377225,180,0,0,798516
0,15,5,0.5,-0.3752,180,0,0,798535
0,11,4,0.5,-0.373715,180,0,0,798550
0,9,3,0.5,-0.3725,180,0,0,798566
0,5,2,0.5,-0.371825,180,0,0,798582
0,1,1,0.5,-0.37169,180,0,0,798599
0,0,0,0.5,-0.37169,180,0,0,798615
0,-6,-1,0.5,-0.3725,180,0,0,798640
0,-6,-2,0.5,-0.37331,180,0,0,798650
0,-7,-3,0.5,-0.374255,180,0,0,798665
0,-7,-3,0.5,-0.3752,180,0,0,798684
0,-7,-3,0.5,-0.376145,180,0,0,798701
0,-5,-1,0.5,-0.37682,180,0,0,798716
0,-3,0,0.5,-0.377225,180,0,0,798731
0,-1,2,0.5,-0.37736,180,0,0,798749
0,1,7,0.5,-0.377225,180,0,0,798772
0,2,4,0.5,-0.376955,180,0,0,798786
0,0,0,0.5,-0.376955,180,0,0,798798
0,3,5,0.5,-0.37655,180,0,0,798824
0,2,6,0.5,-0.37628,180,0,0,798836
0,7,11,0.5,-0.375335,180,0,0,798854
0,2,5,0.5,-0.375065,180,0,31,798871
0,2,5,0.5,-0.374795,180,0,31,798890
0,2,5,0.5,-0.374525,180,0,31,798901
0,3,4,0.5,-0.37412,180,0,31,798918
0,2,4,0.5,-0.37385,180,0,31,798935
0,5,3,0.5,-0.373175,180,0,31,798950
0,6,2,0.5,-0.372365,180,0,0,798965
0,8,2,0.5,-0.371285,180,0,0,798983
0,10,2,0.5,-0.369935,180,0,0,798999
0,12,2,0.5,-0.368315,180,0,0,799016
0,11,2,0.5,-0.36683,180,0,0,799032
0,11,2,0.5,-0.365345,180,0,0,799050
0,14,3,0.5,-0.363455,180,0,0,799065
0,17,3,0.5,-0.36116,180,0,0,799084
0,21,3,0.5,-0.358325,180,0,0,799102
0,22,4,0.5,-0.355355,180,0,0,799116
0,26,5,0.5,-0.351845,180,0,0,799134
0,26,7,0.5,-0.348335,180,0,0,799150
0,59,7,0.5,-0.34037,180,0,0,799174
0,0,9,0.5,-0.34037,180,0,0,799186
0,32,8,0.5,-0.33605,180,0,0,799203
0,35,8,0.5,-0.331325,180,0,0,799219
0,65,14,0.5,-0.32255,180,0,0,799236
0,28,7,0.5,-0.31877,180,0,0,799251
0,22,6,0.5,-0.3158,180,0,0,799272
0,19,7,0.5,-0.313235,180,0,0,799286
0,15,5,0.5,-0.31121,180,0,0,799303
0,12,5,0.5,-0.30959,180,0,0,799322
0,8,4,0.5,-0.30851,180,0,0,799334
0,4,3,0.5,-0.30797,180,0,0,799354
0,1,1,0.5,-0.307835,180,0,0,799365
0,0,0,0.5,-0.307835,180,0,0,799383
0,-4,-1,0.5,-0.308375,180,0,0,799399
0,-7,-1,0.5,-0.30932,180,0,0,799415
0,-10,-1,0.5,-0.31067,180,0,0,799432
0,-11,0,0.5,-0.312155,180,0,0,799451
0,-11,0,0.5,-0.31364,180,0,0,799465
0,-11,0,0.5,-0.315125,180,0,0,799481
0,-9,0,0.5,-0.31634,180,0,0,799500
0,-6,0,0.5,-0.31715,180,0,0,799515
0,-3,-1,0.5,-0.317555,180,0,0,799534
0,-1,0,0.5,-0.31769,180,0,0,799551
0,-1,-2,0.5,-0.317825,180,0,0,799566
0,0,0,0.5,-0.317825,180,0,0,799583
0,0,0,0.5,-0.317825,180,0,0,799599
0,1,1,0.5,-0.31769,180,0,0,799616
0,9,5,0.5,-0.316475,180,0,0,799634
0,5,3,0.5,-0.3158,180,0,0,799651
0,4,4,0.5,-0.31526,180,0,0,799667
0,4,4,0.5,-0.31472,180,0,0,799684
0,4,5,0.5,-0.31418,180,0,0,799700
0,3,6,0.5,-0.313775,180,0,0,799723
0,3,6,0.5,-0.31337,180,0,0,799739
0,1,5,0.5,-0.313235,180,0,0,799753
0,1,4,0.5,-0.3131,180,0,0,799771
0,1,3,0.5,-0.312965,180,0,0,799785
0,-1,2,0.5,-0.3131,180,0,0,799803
0,1,1,0.5,-0.312965,180,0,0,799819
0,1,1,0.5,-0.31283,180,0,31,799835
0,1,0,0.5,-0.312695,180,0,31,799849
0,4,0,0.5,-0.312155,180,0,31,799868
0,3,0,0.5,-0.31175,180,0,0,799887
0,2,0,0.5,-0.31148,180,0,0,799902
0,2,0,0.5,-0.31121,180,0,0,799916
0,3,1,0.5,-0.310805,180,0,0,799932
0,2,1,0.5,-0.310535,180,0,0,799951
0,1,1,0.5,-0.3104,180,0,0,799966
0,0,1,0.5,-0.3104,180,0,0,799983
0,-3,1,0.5,-0.310805,180,0,0,800002
0,-5,4,0.5,-0.31148,180,0,0,800018
0,-1,4,0.5,-0.311615,180,0,0,800037
0,0,4,0.5,-0.311615,180,0,0,800052
0,1,4,0.5,-0.31148,180,0,0,800067
0,3,5,0.5,-0.311075,180,0,0,800085
0,4,4,0.5,-0.310535,180,0,0,800102
0,7,4,0.5,-0.30959,180,0,0,800120
0,8,5,0.5,-0.30851,180,0,0,800134
0,9,5,0.5,-0.307295,180,0,0,800154
0,12,5,0.5,-0.305675,180,0,0,800169
0,11,5,0.5,-0.30419,180,0,0,800184
0,11,4,0.5,-0.302705,180,0,0,800201
0,11,3,0.5,-0.30122,180,0,0,800220
0,10,2,0.5,-0.29987,180,0,0,800234
0,10,2,0.5,-0.29852,180,0,0,800252
0,10,2,0.5,-0.29717,180,0,0,800269
0,8,2,0.5,-0.29609,180,0,0,800289
0,8,2,0.5,-0.29501,180,0,0,800301
0,7,1,0.5,-0.294065,180,0,0,800317
0,7,2,0.5,-0.29312,180,0,0,800335
0,3,3,0.5,-0.292715,180,0,0,800351
0,1,5,0.5,-0.29258,180,0,0,800370
0,-11,14,0.5,-0.294065,180,0,0,800391
0,-10,9,0.5,-0.295415,180,0,0,800408
0,-9,9,0.5,-0.29663,180,0,0,800422
0,-7,9,0.5,-0.297575,180,0,0,800438
0,-4,8,0.5,-0.298115,180,0,0,800455
0,0,7,0.5,-0.298115,180,0,0,800472
0,5,8,0.5,-0.29744,180,0,0,800491
0,7,7,0.5,-0.296495,180,0,0,800511
0,11,7,0.5,-0.29501,180,0,0,800523
0,12,7,0.5,-0.29339,180,0,0,800538
0,15,7,0.5,-0.291365,180,0,0,800553
0,15,6,0.5,-0.28934,180,0,0,800571
0,16,7,0.5,-0.28718,180,0,0,800588
0,15,6,0.5,-0.285155,180,0,0,800604
0,16,7,0.5,-0.282995,180,0,0,800619
0,15,7,0.5,-0.28097,180,0,0,800644
0,32,15,0.5,-0.27665,180,0,0,800671
0,16,9,0.5,-0.27449,180,0,0,800682
0,0,0,0.5,-0.27449,180,0,0,800687
0,19,10,0.5,-0.271925,180,0,0,800708
0,21,11,0.5,-0.26909,180,0,0,800722
0,23,12,0.5,-0.265985,180,0,0,800738
0,51,19,0.5,-0.2591,180,0,0,800760
0,0,4,0.5,-0.2591,180,0,0,800771
0,42,16,0.5,-0.25343,180,0,0,800790
0,15,15,0.5,-0.251405,180,0,0,800806
0,14,11,0.5,-0.249515,180,0,0,800822
0,9,11,0.5,-0.2483,180,0,0,800838
0,7,11,0.5,-0.247355,180,0,0,800855
0,5,10,0.5,-0.24668,180,0,0,800870
0,8,9,0.5,-0.2456,180,0,0,800892
0,9,7,0.5,-0.244385,180,0,0,800905
0,14,7,0.5,-0.242495,180,0,0,800922
0,18,7,0.5,-0.240065,180,0,0,800938
0,22,7,0.5,-0.237095,180,0,0,800961
0,25,6,0.5,-0.23372,180,0,0,800972
0,28,7,0.5,-0.22994,180,0,0,800988
0,30,6,0.5,-0.22589,180,0,0,801004
0,31,6,0.5,-0.221705,180,0,0,801022
0,33,7,0.5,-0.21725,180,0,0,801036
0,31,6,0.5,-0.213065,180,0,0,801057
0,61,14,0.5,-0.20483,180,0,0,801078
0,0,0,0.5,-0.20483,180,0,0,801087
0,27,8,0.5,-0.201185,180,0,0,801107
0,41,19,0.5,-0.19565,180,0,0,801133
0,13,11,0.5,-0.193895,180,0,0,801146
0,10,11,0.5,-0.192545,180,0,0,801163
0,9,10,0.5,-0.19133,180,0,0,801172
0,10,13,0.5,-0.18998,180,0,0,801192
0,12,10,0.5,-0.18836,180,0,0,801206
0,16,10,0.5,-0.1862,180,0,0,801224
0,20,9,0.5,-0.1835,180,0,0,801239
0,20,7,0.5,-0.1808,180,0,0,801259
0,22,7,0.5,-0.17783,180,0,0,801274
0,24,6,0.5,-0.17459,180,0,0,801286
0,22,5,0.5,-0.17162,180,0,0,801304
0,22,4,0.5,-0.16865,180,0,0,801321
0,19,3,0.5,-0.166085,180,0,0,801338
0,18,3,0.5,-0.163655,180,0,0,801355
0,16,3,0.5,-0.161495,180,0,0,801374
0,15,3,0.5,-0.15947,180,0,0,801387
0,16,4,0.5,-0.15731,180,0,0,801404
0,18,3,0.5,-0.15488,180,0,0,801424
0,20,3,0.5,-0.15218,180,0,0,801440
0,20,3,0.5,-0.14948,180,0,0,801456
0,22,3,0.5,-0.14651,180,0,0,801470
0,23,4,0.5,-0.143405,180,0,0,801487
0,25,4,0.5,-0.14003,180,0,0,801504
0,51,8,0.5,-0.133145,180,0,0,801524
0,27,3,0.5,-0.1295,180,0,0,801540
0,26,1,0.5,-0.12599,180,0,0,801557
0,25,0,0.5,-0.122615,180,0,0,801571
0,24,0,0.5,-0.119375,180,0,0,801586
0,23,-1,0.5,-0.11627,180,0,0,801603
0,19,-1,0.5,-0.113705,180,0,0,801619
0,15,-1,0.5,-0.11168,180,0,0,801639
0,15,-1,0.5,-0.109655,180,0,0,801653
0,13,0,0.5,-0.1079,180,0,0,801671
0,15,1,0.5,-0.105875,180,0,0,801686
0,19,2,0.5,-0.10331,180,0,0,801703
0,22,3,0.5,-0.10034,180,0,0,801727
0,26,3,0.5,-0.09683,180,0,0,801738
0,29,3,0.5,-0.092915,180,0,0,801761
0,32,4,0.5,-0.088595,180,0,0,801775
0,31,4,0.5,-0.08441,180,0,0,801789
0,30,3,0.5,-0.08036,180,0,0,801806
0,30,3,0.5,-0.07631,180,0,0,801823
0,29,2,0.5,-0.072395,180,0,0,801839
0,28,2,0.5,-0.068615,180,0,0,801854
0,24,1,0.5,-0.065375,180,0,0,801871
0,24,0,0.5,-0.062135,180,0,0,801886
0,42,-3,0.5,-0.056465,180,0,0,801906
0,20,-2,0.5,-0.053765,180,0,0,801921
0,0,0,0.5,-0.053765,180,0,0,801935
0,33,-6,0.5,-0.04931,180,0,0,801955
0,17,-2,0.5,-0.047015,180,0,0,801971
0,16,-1,0.5,-0.044855,180,0,0,801986
0,20,-1,0.5,-0.042155,180,0,0,802003
0,25,0,0.5,-0.03878,180,0,0,802021
0,29,0,0.5,-0.034865,180,0,0,802037
0,30,1,0.5,-0.030815,180,0,0,802054
0,31,1,0.5,-0.02663,180,0,0,802071
0,32,2,0.5,-0.02231,180,0,0,802087
0,31,2,0.5,-0.018125,180,0,0,802104
0,30,2,0.5,-0.014075,180,0,0,802122
0,27,2,0.5,-0.01043,180,0,0,802145
0,25,1,0.5,-0.007055,180,0,0,802159
0,22,0,0.5,-0.004085,180,0,0,802171
0,21,-1,0.5,-0.00125,180,0,0,802187
0,19,-2,0.5,0.001315,180,0,0,802203
0,18,-3,0.5,0.003745,180,0,0,802222
0,27,-7,0.5,0.00739,180,0,0,802247
0,0,0,0.5,0.00739,180,0,0,802254
0,8,-3,0.5,0.00847,180,0,0,802272
0,21,-3,0.5,0.011305,180,0,0,802292
0,0,0,0.5,0.011305,180,0,0,802304
0,18,0,0.5,0.013735,180,0,0,802320
0,48,0,0.5,0.020215,180,0,0,802337
0,28,0,0.5,0.023995,180,0,0,802359
0,30,0,0.5,0.028045,180,0,0,802371
0,32,0,0.5,0.032365,180,0,0,802387
0,34,0,0.5,0.036955,180,0,0,802403
0,34,0,0.5,0.041545,180,0,0,802422
0,33,-1,0.5,0.046,180,0,0,802439
0,30,-2,0.5,0.05005,180,0,0,802455
0,28,-2,0.5,0.05383,180,0,0,802474
0,24,-4,0.5,0.05707,180,0,0,802492
0,20,-4,0.5,0.05977,180,0,0,802511
0,18,-6,0.5,0.0622,180,0,0,802526
0,12,-5,0.5,0.06382,180,0,0,802545
0,9,-6,0.5,0.065035,180,0,0,802557
0,9,-5,0.5,0.06625,180,0,0,802574
0,10,-4,0.5,0.0676,180,0,0,802589
0,14,-3,0.5,0.06949,180,0,0,802608
0,18,-2,0.5,0.07192,180,0,0,802625
0,22,-1,0.5,0.07489,180,0,0,802638
0,24,0,0.5,0.07813,180,0,0,802654
0,25,0,0.5,0.081505,180,0,0,802673
0,27,0,0.5,0.08515,180,0,0,802688
0,28,0,0.5,0.08893,180,0,0,802704
0,57,-2,0.5,0.096625,180,0,0,802726
0,28,-1,0.5,0.100405,180,0,0,802739
0,26,-1,0.5,0.103915,180,0,0,802756
0,23,-2,0.5,0.10702,180,0,0,802772
0,19,-4,0.5,0.109585,180,0,0,802790
0,19,-5,0.5,0.11215,180,0,0,802807
0,16,-6,0.5,0.11431,180,0,0,802829
0,12,-5,0.5,0.11593,180,0,0,802844
0,11,-5,0.5,0.117415,180,0,0,802856
0,11,-4,0.5,0.1189,180,0,0,802872
0,15,-2,0.5,0.120925,180,0,0,802892
0,19,-2,0.5,0.12349,180,0,0,802907
0,24,-2,0.5,0.12673,180,0,0,802925
0,28,-2,0.5,0.13051,180,0,0,802939
0,30,-2,0.5,0.13456,180,0,0,802958
0,30,0,0.5,0.13861,180,0,0,802972
0,27,0,0.5,0.142255,180,0,0,802989
0,43,-1,0.5,0.14806,180,0,0,803010
0,0,0,0.5,0.14806,180,0,0,803022
0,17,-1,0.5,0.150355,180,0,0,803039
0,18,-1,0.5,0.152785,180,0,0,803055
0,31,-7,0.5,0.15697,180,0,31,803078
0,14,-5,0.5,0.15886,180,0,31,803093
0,12,-5,0.5,0.16048,180,0,31,803109
0,12,-5,0.5,0.1621,180,0,31,803128
0,12,-4,0.5,0.16372,180,0,0,803142
0,14,-2,0.5,0.16561,180,0,0,803156
0,16,-1,0.5,0.16777,180,0,0,803175
0,19,-1,0.5,0.170335,180,0,0,803190
0,22,-1,0.5,0.173305,180,0,0,803207
0,23,-1,0.5,0.17641,180,0,0,803223
0,26,-2,0.5,0.17992,180,0,0,803241
0,27,-3,0.5,0.183565,180,0,0,803256
0,27,-3,0.5,0.18721,180,0,0,803275
0,28,-4,0.5,0.19099,180,0,0,803291
0,23,-3,0.5,0.194095,180,0,0,803309
0,21,-3,0.5,0.19693,180,0,0,803325
0,21,-3,0.5,0.199765,180,0,0,803342
0,20,-4,0.5,0.202465,180,0,0,803358
0,20,-5,0.5,0.205165,180,0,0,803378
0,20,-7,0.5,0.207865,180,0,0,803396
0,17,-7,0.5,0.21016,180,0,0,803410
0,17,-8,0.5,0.212455,180,0,0,803426
0,15,-7,0.5,0.21448,180,0,0,803442
0,37,-12,0.5,0.219475,180,0,0,803464
0,25,-5,0.5,0.22285,180,0,0,803475
0,28,-5,0.5,0.22663,180,0,0,803492
0,31,-4,0.5,0.230815,180,0,0,803509
0,33,-4,0.5,0.23527,180,0,0,803525
0,33,-4,0.5,0.239725,180,0,0,803543
0,32,-3,0.5,0.244045,180,0,0,803564
0,30,-3,0.5,0.248095,180,0,0,803573
0,25,-3,0.5,0.25147,180,0,0,803598
0,24,-4,0.5,0.25471,180,0,0,803608
0,20,-5,0.5,0.25741,180,0,0,803625
0,18,-7,0.5,0.25984,180,0,0,803646
0,18,-8,0.5,0.26227,180,0,0,803664
0,16,-8,0.5,0.26443,180,0,0,803676
0,17,-7,0.5,0.266725,180,0,0,803693
0,18,-7,0.5,0.269155,180,0,0,803714
0,22,-5,0.5,0.272125,180,0,0,803726
0,25,-4,0.5,0.2755,180,0,0,803744
0,28,-4,0.5,0.27928,180,0,0,803759
0,31,-3,0.5,0.283465,180,0,0,803782
0,30,-3,0.5,0.287515,180,0,0,803792
0,29,-2,0.5,0.29143,180,0,0,803808
0,26,-1,0.5,0.29494,180,0,0,803824
0,24,0,0.5,0.29818,180,0,0,803841
0,39,-1,0.5,0.303445,180,0,0,803862
0,18,-3,0.5,0.305875,180,0,0,803874
0,16,-5,0.5,0.308035,180,0,0,803898
0,16,-7,0.5,0.310195,180,1,31,803912
0,15,-7,0.5,0.31222,180,1,31,803931
0,13,-7,0.5,0.313975,180,1,31,803942
0,14,-6,0.5,0.315865,180,0,31,803959
0,12,-4,0.5,0.317485,180,0,31,803975
0,11,-4,0.5,0.31897,180,0,31,803994
0,8,-4,0.5,0.32005,180,0,0,804011
0,4,-4,0.5,0.32059,180,0,0,804026
0,1,-4,0.5,0.320725,180,0,0,804049
0,1,-3,0.5,0.32086,180,0,31,804059
0,-1,-2,0.5,0.320725,180,0,31,804077
0,-3,-1,0.5,0.32032,180,0,31,804091
0,-8,0,0.5,0.31924,180,0,31,804110
0,-7,0,0.5,0.318295,180,0,31,804126
0,-7,0,0.5,0.31735,180,0,31,804143
0,-6,0,0.5,0.31654,180,0,0,804158
0,-4,0,0.5,0.316,180,0,0,804174
0,-3,0,0.5,0.315595,180,0,0,804191
0,-1,0,0.5,0.31546,180,0,31,804207
0,-2,-2,0.5,0.31519,180,0,0,804228
0,0,0,0.5,0.31519,180,0,0,804240
0,0,-2,0.5,0.31519,180,0,0,804258
0,2,-1,0.5,0.31546,180,0,0,804276
0,2,-1,0.5,0.31573,180,0,31,804292
0,2,-1,0.5,0.316,180,0,31,804309
0,2,-2,0.5,0.31627,180,0,31,804324
0,1,-1,0.5,0.316405,180,0,0,804342
0,1,-2,0.5,0.31654,180,0,0,804360
0,1,-1,0.5,0.316675,180,0,0,804377
0,1,-1,0.5,0.31681,180,0,31,804393
0,2,-1,0.5,0.31708,180,0,31,804408
0,2,-1,0.5,0.31735,180,0,31,804428
0,1,-1,0.5,0.317485,180,0,31,804444
0,0,-1,0.5,0.317485,180,0,0,804460
0,1,-1,0.5,0.31762,180,0,0,804475
0,1,-1,0.5,0.317755,180,0,0,804492
0,1,0,0.5,0.31789,180,0,0,804509
0,2,0,0.5,0.31816,180,0,31,804531
0,0,0,0.5,0.31816,180,0,31,804542
0,0,0,0.5,0.31816,180,0,31,804557
0,0,0,0.5,0.31816,180,0,0,804575
0,0,0,0.5,0.31816,180,0,0,804591
0,0,0,0.5,0.31816,180,0,0,804609
0,-3,0,0.5,0.317755,180,0,0,804625
0,-1,1,0.5,0.31762,180,0,0,804642
0,0,0,0.5,0.31762,180,0,31,804659
0,0,0,0.5,0.31762,180,0,31,804676
0,0,0,0.5,0.31762,180,0,0,804693
0,0,0,0.5,0.31762,180,0,0,804708
0,0,0,0.5,0.31762,180,0,0,804728
0,0,0,0.5,0.31762,180,0,0,804743
0,2,0,0.5,0.31789,180,0,31,804760
0,2,0,0.5,0.31816,180,0,31,804775
0,2,0,0.5,0.31843,180,0,31,804791
0,2,0,0.5,0.3187,180,0,31,804809
0,1,0,0.5,0.318835,180,0,0,804827
0,0,0,0.5,0.318835,180,0,0,804842
0,0,0,0.5,0.318835,180,0,0,804859
0,-1,0,0.5,0.3187,180,0,0,804877
0,0,1,0.5,0.3187,180,0,31,804894
0,1,1,0.5,0.318835,180,0,31,804909
0,0,0,0.5,0.318835,180,0,31,804925
0,0,0,0.5,0.318835,180,0,0,804946
0,0,0,0.5,0.318835,180,0,0,804959
0,-1,0,0.5,0.3187,180,0,0,804977
0,0,0,0.5,0.3187,180,0,0,804992
0,0,2,0.5,0.3187,180,0,0,805012
0,2,1,0.5,0.31897,180,0,0,805027
0,1,1,0.5,0.319105,180,0,31,805043
0,1,1,0.5,0.31924,180,0,31,805066
0,0,0,0.5,0.31924,180,0,31,805079
0,0,0,0.5,0.31924,180,0,0,805095
0,0,0,0.5,0.31924,180,0,0,805110
0,0,0,0.5,0.31924,180,0,0,805126
0,1,1,0.5,0.319375,180,0,0,805142
0,2,1,0.5,0.319645,180,0,31,805162
0,2,1,0.5,0.319915,180,0,31,805176
0,2,1,0.5,0.320185,180,0,31,805193
0,1,1,0.5,0.32032,180,0,0,805211
0,0,0,0.5,0.32032,180,0,0,805225
0,1,0,0.5,0.320455,180,0,0,805243
0,1,0,0.5,0.32059,180,0,0,805260
0,1,0,0.5,0.320725,180,0,0,805277
0,1,0,0.5,0.32086,180,0,31,805295
0,1,0,0.5,0.320995,180,0,31,805310
0,0,0,0.5,0.320995,180,0,31,805326
0,-1,0,0.5,0.32086,180,0,31,805343
0,0,0,0.5,0.32086,180,0,0,805360
0,-1,1,0.5,0.320725,180,0,0,805381
0,0,0,0.5,0.320725,180,0,0,805395
0,-1,1,0.5,0.32059,180,0,0,805410
0,0,1,0.5,0.32059,180,0,0,805427
0,1,1,0.5,0.320725,180,0,31,805444
0,2,1,0.5,0.320995,180,0,31,805460
0,2,1,0.5,0.321265,180,0,31,805484
0,1,1,0.5,0.3214,180,0,31,805495
0,1,1,0.5,0.321535,180,0,0,805512
0,0,1,0.5,0.321535,180,0,0,805527
0,0,0,0.5,0.321535,180,0,0,805543
0,-1,1,0.5,0.3214,180,0,0,805563
0,-1,0,0.5,0.321265,180,0,0,805577
0,0,1,0.5,0.321265,180,0,0,805594
0,2,1,0.5,0.321535,180,0,31,805615
0,3,1,0.5,0.32194,180,0,31,805633
0,1,1,0.5,0.322075,180,0,31,805646
0,1,0,0.5,0.32221,180,0,0,805662
0,0,1,0.5,0.32221,180,0,0,805677
0,-1,1,0.5,0.322075,180,0,0,805693
0,0,0,0.5,0.322075,180,0,0,805711
0,-1,1,0.5,0.32194,180,0,0,805729
0,2,0,0.5,0.32221,180,0,31,805745
0,1,0,0.5,0.322345,180,0,31,805768
0,0,0,0.5,0.322345,180,0,31,805776
0,1,1,0.5,0.32248,180,0,0,805797
0,0,0,0.5,0.32248,180,0,0,805810
0,0,0,0.5,0.32248,180,0,0,805826
0,0,0,0.5,0.32248,180,0,0,805843
0,-1,0,0.5,0.322345,180,0,31,805868
0,0,0,0.5,0.322345,180,0,31,805880
0,0,0,0.5,0.322345,180,0,31,805893
0,1,0,0.5,0.32248,180,0,31,805911
0,1,1,0.5,0.322615,180,0,31,805927
0,0,0,0.5,0.322615,180,0,0,805946
0,1,0,0.5,0.32275,180,0,0,805961
0,0,0,0.5,0.32275,180,0,0,805977
0,0,0,0.5,0.32275,180,0,0,805994
0,-1,0,0.5,0.322615,180,0,0,806015
0,0,0,0.5,0.322615,180,0,0,806027
0,0,0,0.5,0.322615,180,0,0,806044
0,0,0,0.5,0.322615,180,0,0,806062
0,-1,0,0.5,0.32248,180,0,0,806077
0,-1,0,0.5,0.322345,180,0,0,806095
0,0,0,0.5,0.322345,180,0,0,806110
0,-1,0,0.5,0.32221,180,0,0,806127
0,1,0,0.5,0.322345,180,0,0,806144
0,1,0,0.5,0.32248,180,0,0,806161
0,0,0,0.5,0.32248,180,0,0,806177
0,0,0,0.5,0.32248,180,0,0,806194
0,0,0,0.5,0.32248,180,0,0,806212
0,0,0,0.5,0.32248,180,0,0,806227
0,0,0,0.5,0.32248,180,0,0,806244
0,0,0,0.5,0.32248,180,0,0,806260
0,0,0,0.5,0.32248,180,0,0,806277
0,0,0,0.5,0.32248,180,0,0,806294
0,0,0,0.5,0.32248,180,0,0,806311
0,0,0,0.5,0.32248,180,0,0,806329
0,0,0,0.5,0.32248,180,0,0,806345
0,0,0,0.5,0.32248,180,0,0,806361
0,0,0,0.5,0.32248,180,0,0,806378
0,0,0,0.5,0.32248,180,0,0,806395
0,1,0,0.5,0.322615,180,0,0,806411
0,0,0,0.5,0.322615,180,0,0,806428
0,0,0,0.5,0.322615,180,0,0,806445
0,0,0,0.5,0.322615,180,0,0,806461
0,0,0,0.5,0.322615,180,0,0,806479
0,0,0,0.5,0.322615,180,0,0,806495
0,0,0,0.5,0.322615,180,0,0,806512
0,0,0,0.5,0.322615,180,0,0,806528
0,0,0,0.5,0.322615,180,0,0,806545
0,0,0,0.5,0.322615,180,0,0,806563
0,0,0,0.5,0.322615,180,0,0,806579
0,0,0,0.5,0.322615,180,0,0,806595
0,0,0,0.5,0.322615,180,0,0,806612
0,0,0,0.5,0.322615,180,0,0,806630
0,-2,0,0.5,0.322345,180,0,0,806645
0,-1,0,0.5,0.32221,180,0,0,806662
0,0,0,0.5,0.32221,180,0,0,806679
0,0,0,0.5,0.32221,180,0,0,806696
0,0,0,0.5,0.32221,180,0,0,806716
0,0,0,0.5,0.32221,180,0,0,806732
0,0,0,0.5,0.32221,180,0,0,806745
0,0,0,0.5,0.32221,180,0,0,806762
0,0,-1,0.5,0.32221,180,0,0,806778
0,1,0,0.5,0.322345,180,0,0,806795
0,0,0,0.5,0.322345,180,0,0,806813
0,0,0,0.5,0.322345,180,0,0,806828
0,0,0,0.5,0.322345,180,0,0,806848
0,-1,0,0.5,0.32221,180,0,0,806867
0,0,0,0.5,0.32221,180,0,0,806881
0,0,0,0.5,0.32221,180,0,0,806896
0,0,0,0.5,0.32221,180,0,0,806912
0,0,0,0.5,0.32221,180,0,0,806928
0,0,0,0.5,0.32221,180,0,0,806946
0,0,0,0.5,0.32221,180,0,0,806962
0,0,0,0.5,0.32221,180,0,0,806978
0,0,0,0.5,0.32221,180,0,0,806995
0,0,0,0.5,0.32221,180,0,0,807012
0,-1,0,0.5,0.322075,180,0,0,807029
0,0,0,0.5,0.322075,180,0,0,807045
0,0,0,0.5,0.322075,180,0,0,807063
0,0,0,0.5,0.322075,180,0,0,807079
0,0,0,0.5,0.322075,180,0,0,807096
0,-1,0,0.5,0.32194,180,0,0,807113
0,0,0,0.5,0.32194,180,0,0,807129
0,0,0,0.5,0.32194,180,0,0,807146
0,0,0,0.5,0.32194,180,0,0,807163
0,0,0,0.5,0.32194,180,0,0,807180
0,0,0,0.5,0.32194,180,0,0,807195
0,0,0,0.5,0.32194,180,0,0,807213
0,0,0,0.5,0.32194,180,0,0,807229
0,-1,0,0.5,0.321805,180,0,0,807246
0,0,0,0.5,0.321805,180,0,0,807263
0,-1,0,0.5,0.32167,180,0,0,807280
0,0,0,0.5,0.32167,180,0,0,807296
0,0,0,0.5,0.32167,180,0,0,807313
0,1,0,0.5,0.321805,180,0,0,807330
0,0,0,0.5,0.321805,180,0,0,807346
0,-1,0,0.5,0.32167,180,0,0,807365
0,0,0,0.5,0.32167,180,0,0,807380
0,-1,0,0.5,0.321535,180,0,0,807397
0,0,0,0.5,0.321535,180,0,0,807413
0,0,0,0.5,0.321535,180,0,0,807430
0,0,0,0.5,0.321535,180,0,0,807447
0,0,0,0.5,0.321535,180,0,0,807464
0,0,0,0.5,0.321535,180,0,0,807481
0,0,0,0.5,0.321535,180,0,0,807497
0,0,0,0.5,0.321535,180,0,0,807513
0,0,0,0.5,0.321535,180,0,0,807530
0,0,0,0.5,0.321535,180,0,0,807547
0,0,0,0.5,0.321535,180,0,0,807564
0,-1,0,0.5,0.3214,180,0,0,807582
0,0,0,0.5,0.3214,180,0,0,807597
0,0,0,0.5,0.3214,180,0,0,807614
0,0,0,0.5,0.3214,180,0,0,807632
0,0,0,0.5,0.3214,180,0,0,807651
0,0,0,0.5,0.3214,180,0,0,807666
0,-1,0,0.5,0.321265,180,0,0,807684
0,0,0,0.5,0.321265,180,0,0,807698
0,0,0,0.5,0.321265,180,0,0,807714
0,0,0,0.5,0.321265,180,0,0,807732
0,0,0,0.5,0.321265,180,0,0,807753
0,0,0,0.5,0.321265,180,0,0,807763
0,0,0,0.5,0.321265,180,0,0,807781
0,-1,0,0.5,0.32113,180,0,0,807797
0,0,0,0.5,0.32113,180,0,0,807814
0,0,0,0.5,0.32113,180,0,0,807831
0,0,0,0.5,0.32113,180,0,0,807847
0,0,0,0.5,0.32113,180,0,0,807864
0,0,0,0.5,0.32113,180,0,0,807881
0,0,0,0.5,0.32113,180,0,0,807897
0,0,0,0.5,0.32113,180,0,0,807914
0,0,0,0.5,0.32113,180,0,0,807932
0,0,0,0.5,0.32113,180,0,0,807947
0,0,0,0.5,0.32113,180,0,0,807964
0,0,0,0.5,0.32113,180,0,0,807981
0,0,0,0.5,0.32113,180,0,0,807998
0,0,0,0.5,0.32113,180,0,0,808014
0,0,0,0.5,0.32113,180,0,0,808031
0,0,0,0.5,0.32113,180,0,0,808048
0,-1,0,0.5,0.320995,180,0,0,808064
0,0,0,0.5,0.320995,180,0,0,808081
0,0,0,0.5,0.320995,180,0,0,808098
0,0,0,0.5,0.320995,180,0,0,808114
0,0,0,0.5,0.320995,180,0,0,808131
0,0,0,0.5,0.320995,180,0,0,808149
0,0,0,0.5,0.320995,180,0,0,808164
0,0,0,0.5,0.320995,180,0,0,808181
0,0,0,0.5,0.320995,180,0,0,808198
0,0,0,0.5,0.320995,180,0,0,808215
0,0,0,0.5,0.320995,180,0,0,808231
0,0,0,0.5,0.320995,180,0,0,808248
0,0,0,0.5,0.320995,180,0,0,808265
0,0,0,0.5,0.320995,180,0,0,808281
0,0,0,0.5,0.320995,180,0,0,808298
0,0,0,0.5,0.320995,180,0,0,808315
0,0,0,0.5,0.320995,180,0,0,808331
0,0,0,0.5,0.320995,180,0,0,808348
0,0,0,0.5,0.320995,180,0,0,808366
0,-1,0,0.5,0.32086,180,0,0,808381
0,0,0,0.5,0.32086,180,0,0,808398
0,0,0,0.5,0.32086,180,0,0,808415
0,0,0,0.5,0.32086,180,0,0,808432
0,0,0,0.5,0.32086,180,0,0,808451
0,0,0,0.5,0.32086,180,0,0,808466
0,0,0,0.5,0.32086,180,0,0,808482
0,0,0,0.5,0.32086,180,0,0,808499
0,0,0,0.5,0.32086,180,0,0,808516
0,0,0,0.5,0.32086,180,0,0,808533
0,0,0,0.5,0.32086,180,0,0,808550
0,0,0,0.5,0.32086,180,0,0,808566
0,0,0,0.5,0.32086,180,0,0,808583
0,0,0,0.5,0.32086,180,0,0,808599
0,0,0,0.5,0.32086,180,0,0,808618
0,0,0,0.5,0.32086,180,0,0,808634
0,0,0,0.5,0.32086,180,0,0,808650
0,0,0,0.5,0.32086,180,0,0,808666
0,0,0,0.5,0.32086,180,0,0,808682
0,0,0,0.5,0.32086,180,0,0,808699
0,0,0,0.5,0.32086,180,0,0,808716
0,0,0,0.5,0.32086,180,0,0,808733
0,0,0,0.5,0.32086,180,0,0,808750
0,0,0,0.5,0.32086,180,0,0,808765
0,0,0,0.5,0.32086,180,0,0,808782
0,0,0,0.5,0.32086,180,0,0,808800
0,0,0,0.5,0.32086,180,0,0,808815
0,0,0,0.5,0.32086,180,0,0,808832
0,0,0,0.5,0.32086,180,0,0,808849
0,0,0,0.5,0.32086,180,0,0,808866
0,0,0,0.5,0.32086,180,0,0,808882
0,0,0,0.5,0.32086,180,0,0,808901
0,0,0,0.5,0.32086,180,0,0,808915
0,0,0,0.5,0.32086,180,0,0,808932
0,0,0,0.5,0.32086,180,0,0,808950
0,0,0,0.5,0.32086,180,0,0,808966
0,0,0,0.5,0.32086,180,0,0,808982
0,0,1,0.5,0.32086,180,0,0,809001
0,0,0,0.5,0.32086,180,0,0,809017
0,0,0,0.5,0.32086,180,0,0,809032
0,0,0,0.5,0.32086,180,0,0,809049
0,1,0,0.5,0.320995,180,0,0,809067
0,0,0,0.5,0.320995,180,0,0,809083
0,0,0,0.5,0.320995,180,0,0,809101
0,0,0,0.5,0.320995,180,0,0,809117
0,0,0,0.5,0.320995,180,0,0,809135
0,0,0,0.5,0.320995,180,0,0,809150
0,0,0,0.5,0.320995,180,0,0,809166
0,0,0,0.5,0.320995,180,0,0,809183
0,0,0,0.5,0.320995,180,0,0,809200
0,0,0,0.5,0.320995,180,0,0,809217
0,0,0,0.5,0.320995,180,0,0,809233
0,0,0,0.5,0.320995,180,0,0,809250
0,0,0,0.5,0.320995,180,0,0,809266
0,0,0,0.5,0.320995,180,0,0,809283
0,0,0,0.5,0.320995,180,0,0,809300
0,0,0,0.5,0.320995,180,0,0,809316
0,0,0,0.5,0.320995,180,0,0,809334
0,0,0,0.5,0.320995,180,0,0,809350
0,0,0,0.5,0.320995,180,0,0,809366
0,0,0,0.5,0.320995,180,0,0,809384
0,0,0,0.5,0.320995,180,0,0,809400
0,0,0,0.5,0.320995,180,0,0,809417
0,0,0,0.5,0.320995,180,0,0,809435
0,0,0,0.5,0.320995,180,0,0,809453
0,0,0,0.5,0.320995,180,0,0,809471
0,0,0,0.5,0.320995,180,0,0,809486
0,0,0,0.5,0.320995,180,0,0,809504
0,0,0,0.5,0.320995,180,0,0,809518
0,0,0,0.5,0.320995,180,0,0,809535
0,0,0,0.5,0.320995,180,0,0,809550
0,0,0,0.5,0.320995,180,0,0,809567
0,0,0,0.5,0.320995,180,0,0,809583
0,0,0,0.5,0.320995,180,0,0,809601
0,0,0,0.5,0.320995,180,0,0,809617
0,0,0,0.5,0.320995,180,0,0,809634
0,0,0,0.5,0.320995,180,0,0,809652
0,0,0,0.5,0.320995,180,0,0,809667
0,0,0,0.5,0.320995,180,0,0,809684
0,0,0,0.5,0.320995,180,0,0,809702
0,0,0,0.5,0.320995,180,0,0,809718
0,0,0,0.5,0.320995,180,0,0,809734
0,0,0,0.5,0.320995,180,0,0,809751
0,0,0,0.5,0.320995,180,0,0,809768
0,0,0,0.5,0.320995,180,0,0,809784
0,0,0,0.5,0.320995,180,0,0,809800
0,0,0,0.5,0.320995,180,0,0,809818
0,0,0,0.5,0.320995,180,0,0,809834
0,0,0,0.5,0.320995,180,0,0,809851
0,0,0,0.5,0.320995,180,0,0,809869
0,0,0,0.5,0.320995,180,0,0,809884
0,0,0,0.5,0.320995,180,0,0,809901
0,0,0,0.5,0.320995,180,0,0,809918
0,0,0,0.5,0.320995,180,0,0,809934
0,0,0,0.5,0.320995,180,0,0,809951
0,0,0,0.5,0.320995,180,0,0,809968
0,0,0,0.5,0.320995,180,0,0,809985
0,0,0,0.5,0.320995,180,0,0,810001
0,0,0,0.5,0.320995,180,0,0,810018
0,0,0,0.5,0.320995,180,0,0,810035
0,0,0,0.5,0.320995,180,0,0,810051
0,0,0,0.5,0.320995,180,0,0,810068
0,0,0,0.5,0.320995,180,0,0,810086
0,0,0,0.5,0.320995,180,0,0,810101
0,0,0,0.5,0.320995,180,0,0,810118
0,0,0,0.5,0.320995,180,0,0,810135
0,0,0,0.5,0.320995,180,0,0,810152
0,0,0,0.5,0.320995,180,0,0,810168
0,0,0,0.5,0.320995,180,0,0,810187
0,0,0,0.5,0.320995,180,0,0,810202
0,0,0,0.5,0.320995,180,0,0,810219
0,0,0,0.5,0.320995,180,0,0,810235
0,0,0,0.5,0.320995,180,0,0,810252
0,0,0,0.5,0.320995,180,0,0,810269
0,0,0,0.5,0.320995,180,0,0,810285
0,0,0,0.5,0.320995,180,0,0,810302
0,0,0,0.5,0.320995,180,0,0,810320
0,0,0,0.5,0.320995,180,0,0,810336
0,0,0,0.5,0.320995,180,0,0,810352
0,0,0,0.5,0.320995,180,0,0,810371
0,0,0,0.5,0.320995,180,0,0,810386
0,0,0,0.5,0.320995,180,0,0,810402
0,0,0,0.5,0.320995,180,0,0,810419
0,0,0,0.5,0.320995,180,0,0,810438
0,0,0,0.5,0.320995,180,0,0,810453
0,0,0,0.5,0.320995,180,0,0,810470
0,-3,-1,0.5,0.32059,180,0,0,810487
0,-7,0,0.5,0.319645,180,0,0,810503
0,-8,-1,0.5,0.318565,180,0,0,810521
0,-8,0,0.5,0.317485,180,0,0,810538
0,-10,-1,0.5,0.316135,180,0,0,810553
0,-12,-1,0.5,0.314515,180,0,0,810576
0,-16,-1,0.5,0.312355,180,0,0,810591
0,-17,-2,0.5,0.31006,180,0,0,810605
0,-16,-1,0.5,0.3079,180,0,0,810621
0,-16,-1,0.5,0.30574,180,0,0,810636
0,-14,-1,0.5,0.30385,180,0,0,810655
0,-12,0,0.5,0.30223,180,0,0,810672
0,-10,0,0.5,0.30088,180,0,0,810690
0,-9,0,0.5,0.299665,180,0,0,810703
0,-13,0,0.5,0.29791,180,0,0,810721
0,-7,0,0.5,0.296965,180,0,0,810736
0,-6,0,0.5,0.296155,180,0,0,810755
0,0,0,0.5,0.296155,180,0,0,810770
0,-9,0,0.5,0.29494,180,0,0,810788
0,-5,0,0.5,0.294265,180,0,0,810803
0,-3,0,0.5,0.29386,180,0,0,810820
0,-4,0,0.5,0.29332,180,0,0,810837
0,-2,0,0.5,0.29305,180,0,0,810853
0,-2,0,0.5,0.29278,180,0,0,810872
0,-2,0,0.5,0.29251,180,0,0,810889
0,-2,0,0.5,0.29224,180,0,0,810903
0,-3,0,0.5,0.291835,180,0,0,810921
0,-3,0,0.5,0.29143,180,0,0,810937
0,-4,-1,0.5,0.29089,180,0,0,810953
0,-6,-1,0.5,0.29008,180,0,0,810971
0,-6,-1,0.5,0.28927,180,0,0,810990
0,-6,-1,0.5,0.28846,180,0,0,811004
0,-7,-1,0.5,0.287515,180,0,0,811021
0,-7,-1,0.5,0.28657,180,0,0,811038
0,-7,0,0.5,0.285625,180,0,0,811054
0,-6,0,0.5,0.284815,180,0,0,811072
0,-8,0,0.5,0.283735,180,0,0,811091
0,-2,1,0.5,0.283465,180,0,0,811106
0,-1,1,0.5,0.28333,180,0,0,811122
0,0,1,0.5,0.28333,180,0,0,811137
0,0,1,0.5,0.28333,180,0,31,811156
0,0,1,0.5,0.28333,180,0,31,811176
0,0,2,0.5,0.28333,180,0,31,811188
0,-1,2,0.5,0.283195,180,0,31,811205
0,-1,2,0.5,0.28306,180,0,31,811221
0,-2,2,0.5,0.28279,180,0,31,811240
0,0,1,0.5,0.28279,180,0,31,811254
0,0,0,0.5,0.28279,180,0,31,811271
0,0,0,0.5,0.28279,180,0,31,811287
0,0,0,0.5,0.28279,180,0,31,811306
0,1,0,0.5,0.282925,180,0,31,811323
0,1,0,0.5,0.28306,180,0,31,811338
0,2,2,0.5,0.28333,180,0,31,811355
0,2,2,0.5,0.2836,180,0,31,811372
0,4,4,0.5,0.28414,180,0,31,811392
0,11,8,0.5,0.285625,180,0,31,811414
0,0,0,0.5,0.285625,180,0,31,811421
0,4,3,0.5,0.286165,180,0,0,811442
0,3,3,0.5,0.28657,180,0,0,811456
0,2,3,0.5,0.28684,180,0,0,811472
0,0,2,0.5,0.28684,180,0,0,811488
0,-8,4,0.5,0.28576,180,0,0,811513
0,-4,2,0.5,0.28522,180,0,0,811524
0,-2,2,0.5,0.28495,180,0,0,811544
0,0,2,0.5,0.28495,180,0,0,811555
0,4,2,0.5,0.28549,180,0,0,811573
0,8,3,0.5,0.28657,180,0,0,811590
0,11,4,0.5,0.288055,180,0,0,811606
0,13,4,0.5,0.28981,180,0,0,811626
0,16,5,0.5,0.29197,180,0,0,811641
0,17,5,0.5,0.294265,180,0,0,811657
0,18,5,0.5,0.296695,180,0,0,811675
0,19,4,0.5,0.29926,180,0,0,811694
0,21,5,0.5,0.302095,180,0,0,811709
0,21,4,0.5,0.30493,180,0,0,811723
0,22,4,0.5,0.3079,180,0,0,811739
0,24,4,0.5,0.31114,180,0,0,811756
0,24,5,0.5,0.31438,180,0,0,811778
0,24,4,0.5,0.31762,180,0,0,811794
0,21,3,0.5,0.320455,180,0,0,811809
0,20,3,0.5,0.323155,180,0,0,811825
0,33,2,0.5,0.32761,180,0,0,811841
0,0,2,0.5,0.32761,180,0,0,811863
0,23,3,0.5,0.330715,180,0,0,811877
0,0,0,0.5,0.330715,180,0,0,811890
0,5,0,0.5,0.33139,180,0,0,811911
0,-5,0,0.5,0.330715,180,0,0,811923
0,-9,0,0.5,0.3295,180,0,0,811941
0,-11,1,0.5,0.328015,180,0,0,811958
0,-13,0,0.5,0.32626,180,0,0,811972
0,-16,0,0.5,0.3241,180,0,0,811989
0,-15,0,0.5,0.322075,180,0,0,812005
0,-16,0,0.5,0.319915,180,0,0,812024
0,-16,0,0.5,0.317755,180,0,0,812043
0,-15,0,0.5,0.31573,180,0,0,812056
0,-14,0,0.5,0.31384,180,0,0,812073
0,-11,0,0.5,0.312355,180,0,0,812089
0,-11,0,0.5,0.31087,180,0,0,812107
0,-9,0,0.5,0.309655,180,0,0,812123
0,-10,0,0.5,0.308305,180,0,0,812140
0,-7,3,0.5,0.30736,180,0,0,812158
0,-7,4,0.5,0.306415,180,0,0,812173
0,-5,5,0.5,0.30574,180,0,0,812193
0,-4,5,0.5,0.3052,180,0,0,812207
0,-2,6,0.5,0.30493,180,0,0,812227
0,-6,14,0.5,0.30412,180,0,0,812253
0,-2,7,0.5,0.30385,180,0,0,812267
0,-3,6,0.5,0.303445,180,0,0,812275
0,-4,7,0.5,0.302905,180,0,0,812293
0,-2,6,0.5,0.302635,180,0,31,812313
0,0,4,0.5,0.302635,180,0,31,812329
0,0,3,0.5,0.302635,180,0,31,812345
0,1,2,0.5,0.30277,180,0,31,812358
0,1,1,0.5,0.302905,180,0,31,812374
0,1,0,0.5,0.30304,180,0,31,812392
0,4,0,0.5,0.30358,180,0,31,812407
0,3,0,0.5,0.303985,180,0,0,812423
0,5,0,0.5,0.30466,180,0,0,812440
0,4,0,0.5,0.3052,180,0,0,812456
0,3,0,0.5,0.305605,180,0,0,812473
0,0,-1,0.5,0.305605,180,0,0,812493
0,-2,-1,0.5,0.305335,180,0,0,812507
0,-7,-1,0.5,0.30439,180,0,0,812528
0,-9,-2,0.5,0.303175,180,0,0,812542
0,-10,-2,0.5,0.301825,180,0,0,812557
0,-11,-2,0.5,0.30034,180,0,0,812576
0,-10,-2,0.5,0.29899,180,0,0,812591
0,-6,-1,0.5,0.29818,180,0,31,812607
0,-1,0,0.5,0.298045,180,0,31,812624
0,9,0,0.5,0.29926,180,0,31,812643
0,8,1,0.5,0.30034,180,0,31,812660
0,8,2,0.5,0.30142,180,0,31,812676
0,5,2,0.5,0.302095,180,0,31,812694
0,5,2,0.5,0.30277,180,0,31,812711
0,3,2,0.5,0.303175,180,0,31,812725
0,3,1,0.5,0.30358,180,0,31,812741
0,4,1,0.5,0.30412,180,0,31,812759
0,3,0,0.5,0.304525,180,0,0,812774
0,3,0,0.5,0.30493,180,0,0,812792
0,4,0,0.5,0.30547,180,0,0,812812
0,5,0,0.5,0.306145,180,0,0,812824
0,7,0,0.5,0.30709,180,0,0,812841
0,7,0,0.5,0.308035,180,0,0,812860
0,8,0,0.5,0.309115,180,0,0,812876
0,6,0,0.5,0.309925,180,0,0,812893
0,5,-1,0.5,0.3106,180,0,0,812910
0,5,-1,0.5,0.311275,180,0,0,812924
0,5,-1,0.5,0.31195,180,0,0,812942
0,5,-1,0.5,0.312625,180,0,0,812961
0,6,-2,0.5,0.313435,180,0,0,812978
0,16,-5,0.5,0.315595,180,0,0,812996
0,8,0,0.5,0.316675,180,0,0,813008
0,0,-2,0.5,0.316675,180,0,0,813024
0,18,-4,0.5,0.319105,180,0,0,813046
0,10,-1,0.5,0.320455,180,0,0,813059
0,11,-1,0.5,0.32194,180,0,0,813075
0,13,-1,0.5,0.323695,180,0,0,813093
0,14,-2,0.5,0.325585,180,0,0,813109
0,15,-2,0.5,0.32761,180,0,0,813127
0,17,-3,0.5,0.329905,180,0,0,813143
0,20,-4,0.5,0.332605,180,0,0,813162
0,22,-5,0.5,0.335575,180,0,0,813176
0,25,-5,0.5,0.33895,180,0,0,813195
0,30,-6,0.5,0.343,180,0,0,813212
0,30,-7,0.5,0.34705,180,0,0,813227
0,32,-6,0.5,0.35137,180,0,0,813246
0,31,-6,0.5,0.355555,180,0,0,813266
0,30,-6,0.5,0.359605,180,0,0,813276
0,26,-6,0.5,0.363115,180,0,0,813293
0,20,-7,0.5,0.365815,180,0,0,813312
0,12,-7,0.5,0.367435,180,0,0,813329
0,9,-8,0.5,0.36865,180,0,0,813349
0,6,-9,0.5,0.36946,180,0,0,813366
0,13,-9,0.5,0.371215,180,0,0,813380
0,11,-14,0.5,0.3727,180,0,0,813396
0,17,-6,0.5,0.374995,180,0,0,813416
0,20,-6,0.5,0.377695,180,0,0,813433
0,25,-6,0.5,0.38107,180,0,0,813451
0,28,-5,0.5,0.38485,180,0,0,813461
0,29,-5,0.5,0.388765,180,0,0,813477
0,30,-4,0.5,0.392815,180,0,0,813495
0,32,-4,0.5,0.397135,180,0,0,813514
0,30,-3,0.5,0.401185,180,0,0,813529
0,29,-3,0.5,0.4051,180,0,0,813544
0,25,-4,0.5,0.408475,180,0,0,813560
0,19,-4,0.5,0.41104,180,0,0,813577
0,18,-6,0.5,0.41347,180,0,0,813597
0,16,-7,0.5,0.41563,180,0,0,813614
0,14,-8,0.5,0.41752,180,0,0,813633
0,12,-9,0.5,0.41914,180,0,0,813648
0,12,-10,0.5,0.42076,180,0,0,813663
0,13,-8,0.5,0.422515,180,0,0,813677
0,16,-7,0.5,0.424675,180,0,0,813694
0,19,-6,0.5,0.42724,180,0,0,813713
0,44,-8,0.5,0.43318,180,0,0,813735
0,0,0,0.5,0.43318,180,0,0,813742
0,27,-4,0.5,0.436825,180,0,0,813762
0,58,-9,0.5,0.444655,180,0,0,813783
0,30,-4,0.5,0.448705,180,0,0,813796
0,27,-3,0.5,0.45235,180,0,0,813813
0,24,-3,0.5,0.45559,180,0,0,813829
0,15,-4,0.5,0.457615,180,0,0,813848
0,12,-6,0.5,0.459235,180,0,0,813862
0,8,-6,0.5,0.460315,180,0,0,813880
0,5,-7,0.5,0.46099,180,0,0,813897
0,1,-7,0.5,0.461125,180,0,0,813915
0,-2,-6,0.5,0.460855,180,0,0,813929
0,-6,-4,0.5,0.460045,180,0,0,813951
0,-9,-3,0.5,0.45883,180,0,0,813964
0,-9,-2,0.5,0.457615,180,0,0,813980
0,-10,-1,0.5,0.456265,180,0,0,813996
0,-9,-2,0.5,0.45505,180,0,0,814012
0,-6,-1,0.5,0.45424,180,0,0,814030
0,-4,-2,0.5,0.4537,180,0,0,814044
0,-2,-2,0.5,0.45343,180,0,0,814061
0,-1,-2,0.5,0.453295,180,0,0,814078
0,-1,-2,0.5,0.45316,180,0,0,814098
0,0,-2,0.5,0.45316,180,0,0,814113
0,1,-2,0.5,0.453295,180,0,0,814127
0,1,-2,0.5,0.45343,180,0,0,814144
0,1,-1,0.5,0.453565,180,0,31,814161
0,0,0,0.5,0.453565,180,0,31,814182
0,0,0,0.5,0.453565,180,0,31,814194
0,0,0,0.5,0.453565,180,0,0,814210
0,0,0,0.5,0.453565,180,0,0,814231
0,0,0,0.5,0.453565,180,0,0,814244
0,0,0,0.5,0.453565,180,0,0,814260
0,1,0,0.5,0.4537,180,0,0,814277
0,-1,0,0.5,0.453565,180,0,0,814293
0,3,-1,0.5,0.45397,180,0,0,814311
0,0,1,0.5,0.45397,180,0,0,814327
0,1,2,0.5,0.454105,180,0,0,814347
0,2,2,0.5,0.454375,180,0,0,814363
0,2,3,0.5,0.454645,180,0,0,814379
0,3,4,0.5,0.45505,180,0,0,814395
0,6,4,0.5,0.45586,180,0,0,814418
0,17,5,0.5,0.458155,180,0,0,814435
0,0,0,0.5,0.458155,180,0,0,814444
0,8,2,0.5,0.459235,180,0,0,814461
0,6,1,0.5,0.460045,180,0,0,814478
0,8,1,0.5,0.461125,180,0,0,814494
0,10,2,0.5,0.462475,180,0,0,814515
0,0,0,0.5,0.462475,180,0,0,814527
0,1,1,0.5,0.46261,180,0,0,814546
0,0,0,0.5,0.46261,180,0,0,814562
0,-14,-1,0.5,0.46072,180,0,0,814578
0,-7,-1,0.5,0.459775,180,0,0,814594
0,-6,0,0.5,0.458965,180,0,0,814611
0,-4,0,0.5,0.458425,180,0,0,814628
0,-4,2,0.5,0.457885,180,0,0,814645
0,-4,2,0.5,0.457345,180,0,0,814671
0,-3,3,0.5,0.45694,180,0,0,814680
0,-2,4,0.5,0.45667,180,0,0,814696
0,-1,4,0.5,0.456535,180,0,0,814712
0,0,5,0.5,0.456535,180,0,0,814733
0,1,5,0.5,0.45667,180,0,0,814748
0,4,6,0.5,0.45721,180,0,0,814765
0,5,6,0.5,0.457885,180,0,0,814783
0,7,5,0.5,0.45883,180,0,31,814797
0,6,4,0.5,0.45964,180,0,31,814817
0,6,4,0.5,0.46045,180,0,31,814829
0,4,3,0.5,0.46099,180,0,31,814847
0,3,3,0.5,0.461395,180,0,31,814869
0,1,2,0.5,0.46153,180,0,31,814881
0,0,2,0.5,0.46153,180,0,31,814895
0,1,1,0.5,0.461665,180,0,31,814914
0,12,2,0.5,0.463285,180,0,31,814935
0,0,0,0.5,0.463285,180,0,31,814946
0,9,1,0.5,0.4645,180,0,31,814962
0,26,1,0.5,0.46801,180,0,0,814980
0,13,2,0.5,0.469765,180,0,0,814997
0,12,3,0.5,0.471385,180,0,0,815014
0,13,5,0.5,0.47314,180,0,0,815032
0,12,7,0.5,0.47476,180,0,0,815049
0,13,10,0.5,0.476515,180,0,0,815065
0,13,11,0.5,0.47827,180,0,0,815084
0,13,11,0.5,0.480025,180,0,0,815100
0,14,11,0.5,0.481915,180,0,0,815118
0,13,11,0.5,0.48367,180,0,0,815133
0,9,10,0.5,0.484885,180,0,0,815149
0,6,9,0.5,0.485695,180,0,0,815165
0,5,9,0.5,0.48637,180,0,0,815181
0,6,7,0.5,0.48718,180,0,0,815200
0,8,6,0.5,0.48826,180,0,0,815216
0,10,4,0.5,0.48961,180,0,0,815231
0,12,4,0.5,0.49123,180,0,0,815247
0,13,5,0.5,0.492985,180,0,0,815264
0,12,5,0.5,0.494605,180,0,0,815284
0,27,11,0.5,0.49825,180,0,0,815305
0,14,5,0.5,0.50014,180,0,0,815315
0,14,6,0.5,0.50203,180,0,0,815332
0,8,6,0.5,0.50311,180,0,0,815352
0,2,7,0.5,0.50338,180,0,0,815367
0,-2,6,0.5,0.50311,180,0,0,815382
0,-7,5,0.5,0.502165,180,0,0,815400
0,-9,2,0.5,0.50095,180,0,0,815414
0,-10,1,0.5,0.4996,180,0,0,815430
0,-9,0,0.5,0.498385,180,0,0,815446
0,-8,0,0.5,0.497305,180,0,0,815467
0,-5,0,0.5,0.49663,180,0,0,815479
0,-3,1,0.5,0.496225,180,0,0,815496
0,-2,2,0.5,0.495955,180,0,0,815514
0,-1,2,0.5,0.49582,180,0,0,815530
0,0,3,0.5,0.49582,180,0,0,815547
0,0,4,0.5,0.49582,180,0,0,815566
0,2,4,0.5,0.49609,180,0,0,815582
0,4,5,0.5,0.49663,180,0,0,815597
0,5,5,0.5,0.497305,180,0,0,815615
0,6,6,0.5,0.498115,180,0,0,815632
0,7,6,0.5,0.49906,180,0,0,815652
0,6,6,0.5,0.49987,180,0,0,815666
0,4,8,0.5,0.50041,180,0,0,815683
0,2,8,0.5,0.50068,180,0,31,815699
0,0,19,0.5,0.50068,180,0,31,815717
0,3,10,0.5,0.501085,180,0,0,815734
0,6,9,0.5,0.501895,180,0,0,815749
0,7,10,0.5,0.50284,180,0,0,815766
0,9,9,0.5,0.504055,180,0,0,815784
0,10,10,0.5,0.505405,180,0,0,815802
0,11,9,0.5,0.50689,180,0,0,815816
0,12,9,0.5,0.50851,180,0,0,815837
0,12,9,0.5,0.51013,180,0,0,815857
0,13,8,0.5,0.511885,180,0,0,815867
0,12,8,0.5,0.513505,180,0,0,815886
0,12,8,0.5,0.515125,180,0,0,815904
0,12,8,0.5,0.516745,180,0,0,815916
0,11,8,0.5,0.51823,180,0,0,815932
0,9,7,0.5,0.519445,180,0,0,815948
0,7,7,0.5,0.52039,180,0,0,815966
0,4,7,0.5,0.52093,180,0,0,815986
0,1,7,0.5,0.521065,180,0,0,816003
0,-2,6,0.5,0.520795,180,0,0,816018
0,-4,5,0.5,0.520255,180,0,0,816033
0,-5,5,0.5,0.51958,180,0,0,816048
0,-4,10,0.5,0.51904,180,0,0,816070
0,0,5,0.5,0.51904,180,0,0,816087
0,2,5,0.5,0.51931,180,0,0,816101
0,1,5,0.5,0.519445,180,0,0,816121
0,0,5,0.5,0.519445,180,0,0,816135
0,0,5,0.5,0.519445,180,0,0,816151
0,-2,5,0.5,0.519175,180,0,0,816165
0,-3,6,0.5,0.51877,180,0,0,816191
0,-3,5,0.5,0.518365,180,0,0,816200
0,-4,6,0.5,0.517825,180,0,0,816215
0,-3,5,0.5,0.51742,180,0,0,816232
0,-3,5,0.5,0.517015,180,0,0,816251
0,0,3,0.5,0.517015,180,0,0,816266
0,0,2,0.5,0.517015,180,0,0,816283
0,1,2,0.5,0.51715,180,0,0,816299
0,2,1,0.5,0.51742,180,0,0,816315
0,2,1,0.5,0.51769,180,0,0,816334
0,1,2,0.5,0.517825,180,0,0,816350
0,3,3,0.5,0.51823,180,0,0,816366
0,2,3,0.5,0.5185,180,0,31,816383
0,3,4,0.5,0.518905,180,0,31,816400
0,3,5,0.5,0.51931,180,0,31,816421
0,4,5,0.5,0.51985,180,0,31,816435
0,5,6,0.5,0.520525,180,0,31,816452
0,16,13,0.5,0.522685,180,0,31,816472
0,10,7,0.5,0.524035,180,0,31,816485
0,12,8,0.5,0.525655,180,0,31,816501
0,14,8,0.5,0.527545,180,0,31,816518
0,15,8,0.5,0.52957,180,0,0,816538
0,18,8,0.5,0.532,180,0,0,816551
0,18,8,0.5,0.53443,180,0,0,816573
0,18,8,0.5,0.53686,180,0,0,816588
0,18,9,0.5,0.53929,180,0,0,816602
0,18,9,0.5,0.54172,180,0,0,816619
0,19,10,0.5,0.544285,180,0,0,816637
0,20,9,0.5,0.546985,180,0,0,816654
0,21,10,0.5,0.54982,180,0,0,816668
0,22,9,0.5,0.55279,180,0,0,816688
0,22,10,0.5,0.55576,180,0,0,816702
0,26,11,0.5,0.55927,180,0,0,816719
0,26,11,0.5,0.56278,180,0,0,816737
0,28,10,0.5,0.56656,180,0,0,816753
0,27,10,0.5,0.570205,180,0,0,816770
0,25,9,0.5,0.57358,180,0,0,816786
0,21,8,0.5,0.576415,180,0,0,816803
0,15,9,0.5,0.57844,180,0,0,816820
0,20,17,0.5,0.58114,180,0,0,816841
0,6,5,0.5,0.58195,180,0,0,816851
0,5,13,0.5,0.582625,180,0,0,816869
0,1,9,0.5,0.58276,180,0,0,816884
0,-1,7,0.5,0.582625,180,0,0,816901
0,1,6,0.5,0.58276,180,0,0,816925
0,0,5,0.5,0.58276,180,0,0,816934
0,0,4,0.5,0.58276,180,0,0,816951
0,0,3,0.5,0.58276,180,0,0,816967
0,0,3,0.5,0.58276,180,0,0,816983
0,0,3,0.5,0.58276,180,0,0,817004
0,4,4,0.5,0.5833,180,0,0,817017
0,6,5,0.5,0.58411,180,0,0,817035
0,10,5,0.5,0.58546,180,0,0,817052
0,12,5,0.5,0.58708,180,0,0,817066
0,15,6,0.5,0.589105,180,0,0,817089
0,16,6,0.5,0.591265,180,0,0,817103
0,14,6,0.5,0.593155,180,0,0,817118
0,15,6,0.5,0.59518,180,0,0,817135
0,14,6,0.5,0.59707,180,0,0,817152
0,13,7,0.5,0.598825,180,0,0,817170
0,20,8,0.5,0.601525,180,0,0,817186
0,0,3,0.5,0.601525,180,0,0,817200
0,5,4,0.5,0.6022,180,0,0,817218
0,3,8,0.5,0.602605,180,0,0,817235
0,-3,6,0.5,0.6022,180,0,0,817254
0,-5,7,0.5,0.601525,180,0,0,817272
0,-7,6,0.5,0.60058,180,0,0,817285
0,-6,6,0.5,0.59977,180,0,0,817303
0,-6,7,0.5,0.59896,180,0,0,817321
0,-5,7,0.5,0.598285,180,0,0,817337
0,-3,7,0.5,0.59788,180,0,0,817352
0,-2,7,0.5,0.59761,180,0,0,817372
0,0,6,0.5,0.59761,180,0,0,817388
0,0,6,0.5,0.59761,180,0,0,817403
0,3,5,0.5,0.598015,180,0,0,817418
0,5,3,0.5,0.59869,180,0,0,817435
0,6,3,0.5,0.5995,180,0,0,817453
0,8,3,0.5,0.60058,180,0,0,817467
0,11,3,0.5,0.602065,180,0,0,817484
0,13,3,0.5,0.60382,180,0,0,817506
0,17,3,0.5,0.606115,180,0,0,817524
0,19,3,0.5,0.60868,180,0,0,817540
0,22,4,0.5,0.61165,180,0,0,817552
0,23,5,0.5,0.614755,180,0,0,817567
0,49,12,0.5,0.62137,180,0,0,817591
0,0,0,0.5,0.62137,180,0,0,817602
0,46,10,0.5,0.62758,180,0,0,817620
0,22,12,0.5,0.63055,180,0,0,817638
0,20,8,0.5,0.63325,180,0,0,817656
0,20,9,0.5,0.63595,180,0,0,817673
0,20,9,0.5,0.63865,180,0,0,817686
0,21,9,0.5,0.641485,180,0,0,817706
0,22,10,0.5,0.644455,180,0,0,817723
0,23,9,0.5,0.64756,180,0,0,817737
0,22,8,0.5,0.65053,180,0,0,817754
0,20,9,0.5,0.65323,180,0,0,817771
0,17,9,0.5,0.655525,180,0,0,817790
0,15,10,0.5,0.65755,180,0,0,817804
0,10,9,0.5,0.6589,180,0,0,817822
0,8,10,0.5,0.65998,180,0,0,817837
0,4,8,0.5,0.66052,180,0,0,817854
0,2,6,0.5,0.66079,180,0,0,817873
0,1,4,0.5,0.660925,180,0,0,817885
0,0,4,0.5,0.660925,180,0,0,817903
0,0,3,0.5,0.660925,180,0,0,817920
0,2,3,0.5,0.661195,180,0,0,817936
0,0,5,0.5,0.661195,180,0,0,817953
0,-1,5,0.5,0.66106,180,0,0,817974
0,-6,15,0.5,0.66025,180,0,0,817994
0,-4,7,0.5,0.65971,180,0,0,818009
0,-4,6,0.5,0.65917,180,0,0,818025
0,-2,6,0.5,0.6589,180,0,0,818041
0,1,6,0.5,0.659035,180,0,0,818056
0,2,6,0.5,0.659305,180,0,0,818071
0,4,5,0.5,0.659845,180,0,0,818093
0,2,4,0.5,0.660115,180,0,0,818103
0,2,3,0.5,0.660385,180,0,0,818118
0,0,2,0.5,0.660385,180,0,0,818135
0,-1,1,0.5,0.66025,180,0,0,818153
0,-6,3,0.5,0.65944,180,0,0,818171
0,-6,4,0.5,0.65863,180,0,0,818189
0,-4,4,0.5,0.65809,180,0,0,818202
0,-2,4,0.5,0.65782,180,0,0,818224
0,-1,4,0.5,0.657685,180,0,0,818240
0,1,4,0.5,0.65782,180,0,0,818255
0,2,3,0.5,0.65809,180,0,0,818269
0,3,3,0.5,0.658495,180,0,0,818290
0,4,3,0.5,0.659035,180,0,0,818304
0,6,2,0.5,0.659845,180,0,0,818319
0,7,2,0.5,0.66079,180,0,0,818338
0,9,2,0.5,0.662005,180,0,0,818353
0,20,7,0.5,0.664705,180,0,0,818374
0,9,4,0.5,0.66592,180,0,0,818393
0,9,5,0.5,0.667135,180,0,0,818406
0,9,5,0.5,0.66835,180,0,0,818423
0,9,5,0.5,0.669565,180,0,0,818439
0,10,5,0.5,0.670915,180,0,0,818462
0,11,4,0.5,0.6724,180,0,0,818478
0,12,4,0.5,0.67402,180,0,0,818491
0,14,3,0.5,0.67591,180,0,0,818504
0,16,3,0.5,0.67807,180,0,0,818519
0,17,3,0.5,0.680365,180,0,0,818538
0,21,3,0.5,0.6832,180,0,0,818554
0,20,3,0.5,0.6859,180,0,0,818573
0,18,3,0.5,0.68833,180,0,0,818587
0,16,3,0.5,0.69049,180,0,0,818604
0,11,2,0.5,0.691975,180,0,0,818621
0,6,2,0.5,0.692785,180,0,0,818638
0,3,1,0.5,0.69319,180,0,0,818657
0,0,1,0.5,0.69319,180,0,0,818672
0,-4,2,0.5,0.69265,180,0,0,818686
0,-9,3,0.5,0.691435,180,0,0,818703
0,-12,5,0.5,0.689815,180,0,0,818721
0,-16,5,0.5,0.687655,180,0,0,818736
0,-34,10,0.5,0.683065,180,0,0,818759
0,-14,5,0.5,0.681175,180,0,0,818773
0,-9,5,0.5,0.67996,180,0,0,818788
0,-5,4,0.5,0.679285,180,0,0,818803
0,-1,5,0.5,0.67915,180,0,0,818821
0,3,5,0.5,0.679555,180,0,0,818838
0,5,5,0.5,0.68023,180,0,0,818857
0,6,4,0.5,0.68104,180,0,0,818871
0,8,4,0.5,0.68212,180,0,0,818887
0,9,3,0.5,0.683335,180,0,0,818903
0,8,2,0.5,0.684415,180,0,0,818923
0,11,3,0.5,0.6859,180,0,0,818937
0,13,2,0.5,0.687655,180,0,0,818954
0,14,3,0.5,0.689545,180,0,0,818973
0,16,3,0.5,0.691705,180,0,0,818989
0,13,3,0.5,0.69346,180,0,0,819005
0,12,3,0.5,0.69508,180,0,0,819022
0,11,2,0.5,0.696565,180,0,0,819042
0,23,4,0.5,0.69967,180,0,0,819060
0,0,0,0.5,0.69967,180,0,0,819070
0,10,3,0.5,0.70102,180,0,0,819087
0,5,3,0.5,0.701695,180,0,0,819106
0,0,4,0.5,0.701695,180,0,0,819124
0,-12,8,0.5,0.700075,180,0,0,819141
0,-13,5,0.5,0.69832,180,0,0,819156
0,-13,4,0.5,0.696565,180,0,0,819173
0,-13,4,0.5,0.69481,180,0,0,819190
0,-10,3,0.5,0.69346,180,0,0,819207
0,-8,3,0.5,0.69238,180,0,0,819228
0,-6,2,0.5,0.69157,180,0,0,819241
0,-3,1,0.5,0.691165,180,0,0,819254
0,-2,1,0.5,0.690895,180,0,0,819271
0,-2,0,0.5,0.690625,180,0,0,819291
0,-1,0,0.5,0.69049,180,0,0,819305
0,-1,0,0.5,0.690355,180,0,0,819321
0,0,0,0.5,0.690355,180,0,0,819337
0,7,-1,0.5,0.6913,180,0,0,819353
0,4,0,0.5,0.69184,180,0,31,819371
0,5,2,0.5,0.692515,180,0,31,819392
0,4,1,0.5,0.693055,180,0,31,819404
0,5,2,0.5,0.69373,180,0,31,819424
0,2,2,0.5,0.694,180,0,0,819439
0,2,2,0.5,0.69427,180,0,0,819456
0,2,2,0.5,0.69454,180,0,0,819473
0,1,2,0.5,0.694675,180,0,0,819488
0,0,3,0.5,0.694675,180,0,0,819504
0,-3,6,0.5,0.69427,180,0,0,819525
0,-1,4,0.5,0.694135,180,0,0,819541
0,-1,3,0.5,0.694,180,0,0,819559
0,0,3,0.5,0.694,180,0,31,819576
0,1,2,0.5,0.694135,180,0,31,819587
0,3,1,0.5,0.69454,180,0,31,819605
0,5,1,0.5,0.695215,180,0,31,819622
0,4,1,0.5,0.695755,180,0,31,819638
0,4,0,0.5,0.696295,180,0,0,819658
0,4,1,0.5,0.696835,180,0,0,819671
0,5,0,0.5,0.69751,180,0,0,819688
0,6,1,0.5,0.69832,180,0,0,819709
0,4,1,0.5,0.69886,180,0,0,819723
0,2,0,0.5,0.69913,180,0,0,819737
0,4,0,0.5,0.69967,180,0,0,819756
0,7,-1,0.5,0.700615,180,0,0,819773
0,9,0,0.5,0.70183,180,0,0,819788
0,12,0,0.5,0.70345,180,0,0,819805
0,14,0,0.5,0.70534,180,0,0,819825
0,16,0,0.5,0.7075,180,0,0,819841
0,17,2,0.5,0.709795,180,0,0,819855
0,17,2,0.5,0.71,180,0,0,819873
