0,79,19,0.5,-0.699335,180,0,0,858444
0,20,7,0.5,-0.696635,180,0,0,858455
0,17,0,0.5,-0.69434,180,0,0,858467
0,0,7,0.5,-0.69434,180,0,0,858479
0,14,7,0.5,-0.69245,180,0,0,858492
0,10,7,0.5,-0.6911,180,0,0,858508
0,9,7,0.5,-0.689885,180,0,0,858531
0,9,6,0.5,-0.68867,180,0,0,858538
0,12,6,0.5,-0.68705,180,0,0,858558
0,13,3,0.5,-0.685295,180,0,0,858572
0,17,2,0.5,-0.683,180,0,0,858588
0,20,2,0.5,-0.6803,180,0,0,858604
0,21,1,0.5,-0.677465,180,0,0,858623
0,23,1,0.5,-0.67436,180,0,0,858637
0,22,1,0.5,-0.67139,180,0,0,858654
0,22,2,0.5,-0.66842,180,0,0,858671
0,19,2,0.5,-0.665855,180,0,0,858690
0,12,2,0.5,-0.664235,180,0,0,858705
0,6,1,0.5,-0.663425,180,0,0,858721
0,2,1,0.5,-0.663155,180,0,0,858739
0,0,0,0.5,-0.663155,180,0,0,858753
0,-7,1,0.5,-0.6641,180,0,0,858773
0,-18,1,0.5,-0.66653,180,0,0,858788
0,-10,-1,0.5,-0.66788,180,0,0,858804
0,-10,-3,0.5,-0.66923,180,0,0,858822
0,-10,-4,0.5,-0.67058,180,0,0,858842
0,-8,-3,0.5,-0.67166,180,0,0,858860
0,-6,-4,0.5,-0.67247,180,0,0,858877
0,-2,-4,0.5,-0.67274,180,0,0,858895
0,1,-4,0.5,-0.672605,180,0,0,858906
0,3,-2,0.5,-0.6722,180,0,0,858924
0,3,-1,0.5,-0.671795,180,0,0,858938
0,4,0,0.5,-0.671255,180,0,0,858954
0,1,0,0.5,-0.67112,180,0,0,858971
0,0,0,0.5,-0.67112,180,0,0,858986
0,-6,0,0.5,-0.67193,180,0,0,859003
0,-6,0,0.5,-0.67274,180,0,0,859020
0,-4,0,0.5,-0.67328,180,0,0,859037
0,-4,1,0.5,-0.67382,180,0,0,859054
0,-2,2,0.5,-0.67409,180,0,0,859072
0,0,2,0.5,-0.67409,180,0,0,859088
0,1,2,0.5,-0.673955,180,0,0,859106
0,3,1,0.5,-0.67355,180,0,0,859121
0,10,2,0.5,-0.6722,180,0,0,859137
0,10,2,0.5,-0.67085,180,0,0,859154
0,8,1,0.5,-0.66977,180,0,0,859171
0,6,2,0.5,-0.66896,180,0,0,859187
0,13,3,0.5,-0.667205,180,0,0,859204
0,7,2,0.5,-0.66626,180,0,0,859223
0,6,2,0.5,-0.66545,180,0,0,859237
0,3,2,0.5,-0.665045,180,0,0,859255
0,1,2,0.5,-0.66491,180,0,0,859274
0,0,0,0.5,-0.66491,180,0,0,859287
0,-6,0,0.5,-0.66572,180,0,0,859307
0,-9,-1,0.5,-0.666935,180,0,0,859320
0,-13,-3,0.5,-0.66869,180,0,0,859339
0,-12,-2,0.5,-0.67031,180,0,0,859354
0,-14,-2,0.5,-0.6722,180,0,0,859371
0,-12,-1,0.5,-0.67382,180,0,0,859387
0,-8,0,0.5,-0.6749,180,0,0,859404
0,-5,1,0.5,-0.675575,180,0,0,859423
0,-2,2,0.5,-0.675845,180,0,0,859437
0,2,3,0.5,-0.675575,180,0,0,859454
0,5,4,0.5,-0.6749,180,0,0,859472
0,7,5,0.5,-0.673955,180,0,0,859489
0,8,5,0.5,-0.672875,180,0,0,859506
0,9,5,0.5,-0.67166,180,0,0,859524
0,9,4,0.5,-0.670445,180,0,0,859544
0,9,3,0.5,-0.66923,180,0,0,859555
0,8,2,0.5,-0.66815,180,0,0,859571
0,6,0,0.5,-0.66734,180,0,0,859587
0,5,0,0.5,-0.666665,180,0,0,859604
0,0,0,0.5,-0.666665,180,0,0,859621
0,-12,-3,0.5,-0.668285,180,0,0,859638
0,-5,-1,0.5,-0.66896,180,0,0,859656
0,-6,-1,0.5,-0.66977,180,0,0,859672
0,-5,0,0.5,-0.670445,180,0,0,859687
0,-4,0,0.5,-0.670985,180,0,0,859705
0,-4,0,0.5,-0.671525,180,0,0,859720
0,-3,0,0.5,-0.67193,180,0,0,859737
0,-2,0,0.5,-0.6722,180,0,0,859754
0,0,0,0.5,-0.6722,180,0,0,859771
0,0,0,0.5,-0.6722,180,0,0,859788
0,3,0,0.5,-0.671795,180,0,0,859804
0,4,2,0.5,-0.671255,180,0,0,859822
0,4,2,0.5,-0.670715,180,0,0,859837
0,5,2,0.5,-0.67004,180,0,0,859854
0,3,3,0.5,-0.669635,180,0,0,859871
0,3,2,0.5,-0.66923,180,0,0,859888
0,2,2,0.5,-0.66896,180,0,0,859905
0,0,2,0.5,-0.66896,180,0,0,859924
0,2,3,0.5,-0.66869,180,0,0,859943
0,4,2,0.5,-0.66815,180,0,0,859955
0,8,3,0.5,-0.66707,180,0,0,859973
0,15,3,0.5,-0.665045,180,0,0,859989
0,0,0,0.5,-0.665045,180,0,0,860004
0,6,3,0.5,-0.664235,180,0,0,860022
0,1,1,0.5,-0.6641,180,0,0,860037
0,-2,1,0.5,-0.66437,180,0,0,860055
0,-4,2,0.5,-0.66491,180,0,0,860078
0,-8,2,0.5,-0.66599,180,0,0,860090
0,-7,1,0.5,-0.666935,180,0,0,860106
0,-6,2,0.5,-0.667745,180,0,0,860121
0,-3,1,0.5,-0.66815,180,0,0,860139
0,-1,1,0.5,-0.668285,180,0,0,860153
0,0,0,0.5,-0.668285,180,0,0,860170
0,2,1,0.5,-0.668015,180,0,0,860187
0,3,0,0.5,-0.66761,180,0,0,860203
0,5,1,0.5,-0.666935,180,0,0,860222
0,6,2,0.5,-0.666125,180,0,0,860239
0,9,4,0.5,-0.66491,180,0,0,860255
0,12,6,0.5,-0.66329,180,0,0,860276
0,14,7,0.5,-0.6614,180,0,0,860288
0,14,7,0.5,-0.65951,180,0,0,860305
0,12,7,0.5,-0.65789,180,0,0,860323
0,12,6,0.5,-0.65627,180,0,0,860338
0,11,6,0.5,-0.654785,180,0,0,860355
0,12,5,0.5,-0.653165,180,0,0,860374
0,26,12,0.5,-0.649655,180,0,0,860394
0,13,6,0.5,-0.6479,180,0,0,860408
0,15,5,0.5,-0.645875,180,0,0,860423
0,16,5,0.5,-0.643715,180,0,0,860438
0,16,6,0.5,-0.641555,180,0,0,860464
0,14,5,0.5,-0.639665,180,0,0,860479
0,14,5,0.5,-0.637775,180,0,0,860489
0,15,6,0.5,-0.63575,180,0,0,860505
0,13,7,0.5,-0.633995,180,0,0,860521
0,13,7,0.5,-0.63224,180,0,0,860543
0,10,7,0.5,-0.63089,180,0,0,860555
0,6,8,0.5,-0.63008,180,0,0,860572
0,4,8,0.5,-0.62954,180,0,0,860589
0,0,8,0.5,-0.62954,180,0,0,860608
0,-5,8,0.5,-0.630215,180,0,0,860625
0,-7,7,0.5,-0.63116,180,0,0,860639
0,-3,5,0.5,-0.631565,180,0,0,860655
0,-3,6,0.5,-0.63197,180,0,0,860672
0,3,6,0.5,-0.631565,180,0,0,860692
0,8,7,0.5,-0.630485,180,0,0,860709
0,12,8,0.5,-0.628865,180,0,0,860726
0,18,8,0.5,-0.626435,180,0,0,860743
0,21,8,0.5,-0.6236,180,0,0,860755
0,26,8,0.5,-0.62009,180,0,0,860774
0,28,8,0.5,-0.61631,180,0,0,860790
0,61,18,0.5,-0.608075,180,0,0,860810
0,29,8,0.5,-0.60416,180,0,0,860824
0,29,8,0.5,-0.600245,180,0,0,860840
0,24,8,0.5,-0.597005,180,0,0,860857
0,20,9,0.5,-0.594305,180,0,0,860874
0,15,9,0.5,-0.59228,180,0,0,860891
0,11,10,0.5,-0.590795,180,0,0,860906
0,8,9,0.5,-0.589715,180,0,0,860925
0,7,11,0.5,-0.58877,180,0,0,860940
0,7,10,0.5,-0.587825,180,0,0,860958
0,11,9,0.5,-0.58634,180,0,0,860977
0,14,7,0.5,-0.58445,180,0,0,860993
0,17,7,0.5,-0.582155,180,0,0,861010
0,22,6,0.5,-0.579185,180,0,0,861023
0,23,6,0.5,-0.57608,180,0,0,861041
0,25,6,0.5,-0.572705,180,0,0,861057
0,27,6,0.5,-0.56906,180,0,0,861073
0,29,7,0.5,-0.565145,180,0,0,861091
0,33,7,0.5,-0.56069,180,0,0,861106
0,33,7,0.5,-0.556235,180,0,0,861122
0,29,6,0.5,-0.55232,180,0,0,861138
0,27,5,0.5,-0.548675,180,0,0,861156
0,32,5,0.5,-0.544355,180,0,0,861177
0,0,5,0.5,-0.544355,180,0,0,861189
0,13,10,0.5,-0.5426,180,0,0,861215
0,2,4,0.5,-0.54233,180,0,0,861224
0,1,5,0.5,-0.542195,180,0,0,861239
0,0,6,0.5,-0.542195,180,0,0,861257
0,5,6,0.5,-0.54152,180,0,0,861273
0,11,6,0.5,-0.540035,180,0,0,861296
0,15,6,0.5,-0.53801,180,0,0,861307
0,21,6,0.5,-0.535175,180,0,0,861322
0,25,6,0.5,-0.5318,180,0,0,861338
0,28,5,0.5,-0.52802,180,0,0,861355
0,30,4,0.5,-0.52397,180,0,0,861372
0,32,3,0.5,-0.51965,180,0,0,861388
0,35,3,0.5,-0.514925,180,0,0,861404
0,36,4,0.5,-0.510065,180,0,0,861422
0,39,3,0.5,-0.5048,180,0,0,861438
0,38,4,0.5,-0.49967,180,0,0,861460
0,36,4,0.5,-0.49481,180,0,0,861473
0,35,4,0.5,-0.490085,180,0,0,861488
0,33,5,0.5,-0.48563,180,0,0,861507
0,30,6,0.5,-0.48158,180,0,0,861523
0,53,9,0.5,-0.474425,180,0,0,861543
0,0,3,0.5,-0.474425,180,0,0,861556
0,20,6,0.5,-0.471725,180,0,0,861574
0,15,5,0.5,-0.4697,180,0,0,861593
0,16,6,0.5,-0.46754,180,0,0,861608
0,3,2,0.5,-0.467135,180,0,0,861624
0,2,2,0.5,-0.466865,180,0,0,861642
0,0,4,0.5,-0.466865,180,0,0,861656
0,-2,4,0.5,-0.467135,180,0,0,861674
0,-3,5,0.5,-0.46754,180,0,0,861693
0,-3,5,0.5,-0.467945,180,0,0,861707
0,-3,5,0.5,-0.46835,180,0,0,861722
0,-1,4,0.5,-0.468485,180,0,0,861738
0,0,3,0.5,-0.468485,180,0,0,861756
0,0,2,0.5,-0.468485,180,0,0,861772
0,0,1,0.5,-0.468485,180,0,0,861787
0,1,0,0.5,-0.46835,180,0,0,861805
0,-1,0,0.5,-0.468485,180,0,0,861821
0,-1,0,0.5,-0.46862,180,0,0,861837
0,-2,1,0.5,-0.46889,180,0,0,861853
0,-2,2,0.5,-0.46916,180,0,0,861874
0,-2,3,0.5,-0.46943,180,0,0,861891
0,-1,3,0.5,-0.469565,180,0,0,861908
0,-1,5,0.5,-0.4697,180,0,0,861925
0,0,3,0.5,-0.4697,180,0,0,861941
0,1,4,0.5,-0.469565,180,0,0,861955
0,0,4,0.5,-0.469565,180,0,0,861971
0,0,5,0.5,-0.469565,180,0,0,861988
0,0,5,0.5,-0.469565,180,0,0,862009
0,0,11,0.5,-0.469565,180,0,0,862026
0,3,6,0.5,-0.46916,180,0,0,862042
0,4,6,0.5,-0.46862,180,0,0,862057
0,6,6,0.5,-0.46781,180,0,0,862073
0,8,6,0.5,-0.46673,180,0,0,862092
0,7,5,0.5,-0.465785,180,0,0,862106
0,6,3,0.5,-0.464975,180,0,0,862127
0,7,2,0.5,-0.46403,180,0,0,862140
0,5,1,0.5,-0.463355,180,0,0,862155
0,5,2,0.5,-0.46268,180,0,0,862173
0,4,3,0.5,-0.46214,180,0,0,862189
0,6,4,0.5,-0.46133,180,0,0,862206
0,5,5,0.5,-0.460655,180,0,0,862224
0,5,4,0.5,-0.45998,180,0,0,862246
0,4,5,0.5,-0.45944,180,0,0,862259
0,3,5,0.5,-0.459035,180,0,0,862273
0,0,6,0.5,-0.459035,180,0,0,862288
0,-4,7,0.5,-0.459575,180,0,0,862305
0,-9,9,0.5,-0.46079,180,0,0,862324
0,-17,22,0.5,-0.463085,180,0,0,862346
0,-1,10,0.5,-0.46322,180,0,0,862359
0,3,7,0.5,-0.462815,180,0,0,862374
0,8,9,0.5,-0.461735,180,0,0,862391
0,11,7,0.5,-0.46025,180,0,0,862407
0,15,7,0.5,-0.458225,180,0,0,862423
0,16,8,0.5,-0.456065,180,0,0,862439
0,18,8,0.5,-0.453635,180,0,0,862460
0,20,8,0.5,-0.450935,180,0,0,862473
0,21,8,0.5,-0.4481,180,0,0,862495
0,24,9,0.5,-0.44486,180,0,0,862514
0,25,8,0.5,-0.441485,180,0,0,862527
0,26,8,0.5,-0.437975,180,0,0,862540
0,25,8,0.5,-0.4346,180,0,0,862559
0,25,7,0.5,-0.431225,180,0,0,862574
0,20,7,0.5,-0.428525,180,0,0,862592
0,16,8,0.5,-0.426365,180,0,0,862610
0,12,8,0.5,-0.424745,180,0,0,862629
0,8,9,0.5,-0.423665,180,0,0,862642
0,2,9,0.5,-0.423395,180,0,0,862658
0,-3,9,0.5,-0.4238,180,0,0,862676
0,-7,8,0.5,-0.424745,180,0,0,862691
0,-20,12,0.5,-0.427445,180,0,0,862716
0,-11,4,0.5,-0.42893,180,0,0,862733
0,-10,4,0.5,-0.43028,180,0,0,862744
0,0,0,0.5,-0.43028,180,0,0,862755
0,-12,5,0.5,-0.4319,180,0,0,862775
0,-3,12,0.5,-0.432305,180,0,0,862796
0,1,7,0.5,-0.43217,180,0,0,862814
0,2,7,0.5,-0.4319,180,0,0,862824
0,5,7,0.5,-0.431225,180,0,0,862842
0,7,7,0.5,-0.43028,180,0,0,862858
0,11,8,0.5,-0.428795,180,0,0,862875
0,12,7,0.5,-0.427175,180,0,0,862895
0,17,8,0.5,-0.42488,180,0,0,862908
0,18,8,0.5,-0.42245,180,0,0,862931
0,19,8,0.5,-0.419885,180,0,0,862941
0,19,8,0.5,-0.41732,180,0,0,862960
0,20,9,0.5,-0.41462,180,0,0,862974
0,22,8,0.5,-0.41165,180,0,0,862995
0,25,9,0.5,-0.408275,180,0,0,863008
0,26,9,0.5,-0.404765,180,0,0,863028
0,27,10,0.5,-0.40112,180,0,0,863044
0,31,11,0.5,-0.396935,180,0,0,863062
0,29,11,0.5,-0.39302,180,0,0,863077
0,27,10,0.5,-0.389375,180,0,0,863092
0,27,10,0.5,-0.38573,180,0,0,863110
0,23,9,0.5,-0.382625,180,0,0,863127
0,39,19,0.5,-0.37736,180,0,0,863148
0,0,0,0.5,-0.37736,180,0,0,863155
0,26,20,0.5,-0.37385,180,0,0,863180
0,8,9,0.5,-0.37277,180,0,0,863194
0,3,9,0.5,-0.372365,180,0,0,863210
0,2,8,0.5,-0.372095,180,0,0,863227
0,2,6,0.5,-0.371825,180,0,0,863248
0,3,4,0.5,-0.37142,180,0,0,863259
0,3,4,0.5,-0.371015,180,0,0,863275
0,1,2,0.5,-0.37088,180,0,0,863289
0,-1,2,0.5,-0.371015,180,0,0,863306
0,-4,2,0.5,-0.371555,180,0,0,863328
0,-9,3,0.5,-0.37277,180,0,0,863340
0,-9,2,0.5,-0.373985,180,0,0,863356
0,-10,2,0.5,-0.375335,180,0,0,863374
0,-6,1,0.5,-0.376145,180,0,0,863391
0,-5,1,0.5,-0.37682,180,0,0,863410
0,-1,1,0.5,-0.376955,180,0,0,863424
0,2,1,0.5,-0.376685,180,0,0,863441
0,4,0,0.5,-0.376145,180,0,0,863456
0,5,0,0.5,-0.37547,180,0,0,863472
0,5,1,0.5,-0.374795,180,0,0,863489
0,5,2,0.5,-0.37412,180,0,0,863508
0,10,7,0.5,-0.37277,180,0,0,863532
0,6,5,0.5,-0.37196,180,0,0,863546
0,5,5,0.5,-0.371285,180,0,0,863558
0,7,6,0.5,-0.37034,180,0,0,863575
0,7,6,0.5,-0.369395,180,0,0,863595
0,7,6,0.5,-0.36845,180,0,0,863610
0,7,6,0.5,-0.367505,180,0,0,863628
0,8,6,0.5,-0.366425,180,0,0,863644
0,7,6,0.5,-0.36548,180,0,0,863660
0,5,5,0.5,-0.364805,180,0,0,863676
0,6,6,0.5,-0.363995,180,0,0,863692
0,6,6,0.5,-0.363185,180,0,0,863711
0,7,6,0.5,-0.36224,180,0,0,863727
0,8,6,0.5,-0.36116,180,0,0,863742
0,9,5,0.5,-0.359945,180,0,0,863758
0,10,4,0.5,-0.358595,180,0,0,863777
0,8,2,0.5,-0.357515,180,0,0,863794
0,9,2,0.5,-0.3563,180,0,0,863812
0,7,2,0.5,-0.355355,180,0,0,863825
0,9,3,0.5,-0.35414,180,0,0,863841
0,9,4,0.5,-0.352925,180,0,0,863860
0,9,5,0.5,-0.35171,180,0,0,863877
0,15,13,0.5,-0.349685,180,0,0,863898
0,3,9,0.5,-0.34928,180,0,0,863915
0,0,11,0.5,-0.34928,180,0,0,863927
0,-3,12,0.5,-0.349685,180,0,0,863945
0,-3,11,0.5,-0.35009,180,0,0,863976
0,0,11,0.5,-0.35009,180,0,0,863984
0,3,10,0.5,-0.349685,180,0,0,863995
0,9,10,0.5,-0.34847,180,0,0,864010
0,12,9,0.5,-0.34685,180,0,0,864033
0,15,9,0.5,-0.344825,180,0,0,864046
0,18,8,0.5,-0.342395,180,0,0,864061
0,22,9,0.5,-0.339425,180,0,0,864082
0,26,9,0.5,-0.335915,180,0,0,864102
0,29,8,0.5,-0.332,180,0,0,864112
0,30,8,0.5,-0.32795,180,0,0,864127
0,31,8,0.5,-0.323765,180,0,0,864146
0,31,7,0.5,-0.31958,180,0,0,864163
0,31,7,0.5,-0.315395,180,0,0,864177
0,31,7,0.5,-0.31121,180,0,0,864193
0,32,7,0.5,-0.30689,180,0,0,864210
0,32,7,0.5,-0.30257,180,0,0,864234
0,29,6,0.5,-0.298655,180,0,0,864244
0,47,12,0.5,-0.29231,180,0,0,864266
0,19,7,0.5,-0.289745,180,0,0,864285
0,18,7,0.5,-0.287315,180,0,0,864296
0,17,8,0.5,-0.28502,180,0,0,864313
0,17,8,0.5,-0.282725,180,0,0,864328
0,18,7,0.5,-0.280295,180,0,0,864347
0,19,8,0.5,-0.27773,180,0,0,864364
0,20,6,0.5,-0.27503,180,0,0,864378
0,21,4,0.5,-0.272195,180,0,0,864395
0,20,3,0.5,-0.269495,180,0,0,864409
0,23,1,0.5,-0.26639,180,0,0,864428
0,23,0,0.5,-0.263285,180,0,0,864444
0,24,0,0.5,-0.260045,180,0,0,864458
0,25,0,0.5,-0.25667,180,0,0,864474
0,26,0,0.5,-0.25316,180,0,0,864493
0,28,0,0.5,-0.24938,180,0,0,864510
0,31,0,0.5,-0.245195,180,0,0,864527
0,33,1,0.5,-0.24074,180,0,0,864541
0,32,1,0.5,-0.23642,180,0,0,864558
0,30,0,0.5,-0.23237,180,0,0,864574
0,27,0,0.5,-0.228725,180,0,0,864593
0,24,0,0.5,-0.225485,180,0,0,864608
0,25,0,0.5,-0.22211,180,0,0,864627
0,48,5,0.5,-0.21563,180,0,0,864650
0,0,0,0.5,-0.21563,180,0,0,864659
0,25,3,0.5,-0.212255,180,0,0,864676
0,27,2,0.5,-0.20861,180,0,0,864692
0,58,3,0.5,-0.20078,180,0,0,864710
0,33,0,0.5,-0.196325,180,0,0,864727
0,33,0,0.5,-0.19187,180,0,0,864743
0,31,0,0.5,-0.187685,180,0,0,864758
0,30,0,0.5,-0.183635,180,0,0,864775
0,27,-2,0.5,-0.17999,180,0,0,864794
0,26,-2,0.5,-0.17648,180,0,0,864809
0,24,-2,0.5,-0.17324,180,0,0,864830
0,25,-2,0.5,-0.169865,180,0,0,864843
0,22,-2,0.5,-0.166895,180,0,0,864859
0,18,-1,0.5,-0.164465,180,0,0,864875
0,13,0,0.5,-0.16271,180,0,0,864894
0,6,2,0.5,-0.1619,180,0,0,864911
0,0,3,0.5,-0.1619,180,0,0,864926
0,-5,3,0.5,-0.162575,180,0,0,864945
0,-10,4,0.5,-0.163925,180,0,0,864960
0,-12,4,0.5,-0.165545,180,0,0,864978
0,-11,4,0.5,-0.16703,180,0,0,864997
0,-8,5,0.5,-0.16811,180,0,0,865017
0,-4,4,0.5,-0.16865,180,0,0,865027
0,0,4,0.5,-0.16865,180,0,0,865044
0,5,5,0.5,-0.167975,180,0,0,865062
0,13,10,0.5,-0.16622,180,0,0,865081
0,10,6,0.5,-0.16487,180,0,0,865096
0,8,4,0.5,-0.16379,180,0,0,865114
0,11,4,0.5,-0.162305,180,0,0,865127
0,11,3,0.5,-0.16082,180,0,0,865147
0,12,3,0.5,-0.1592,180,0,0,865161
0,14,2,0.5,-0.15731,180,0,0,865177
0,16,2,0.5,-0.15515,180,0,0,865193
0,18,2,0.5,-0.15272,180,0,0,865215
0,21,2,0.5,-0.149885,180,0,0,865227
0,23,2,0.5,-0.14678,180,0,0,865245
0,26,3,0.5,-0.14327,180,0,0,865260
0,27,3,0.5,-0.139625,180,0,0,865279
0,29,2,0.5,-0.13571,180,0,0,865294
0,28,2,0.5,-0.13193,180,0,0,865317
0,28,1,0.5,-0.12815,180,0,0,865332
0,27,0,0.5,-0.124505,180,0,0,865343
0,24,0,0.5,-0.121265,180,0,0,865359
0,22,0,0.5,-0.118295,180,0,0,865376
0,18,0,0.5,-0.115865,180,0,0,865394
0,13,0,0.5,-0.11411,180,0,0,865410
0,7,0,0.5,-0.113165,180,0,0,865426
0,2,1,0.5,-0.112895,180,0,0,865445
0,-11,4,0.5,-0.11438,180,0,0,865463
0,-11,2,0.5,-0.115865,180,0,0,865478
0,-15,1,0.5,-0.11789,180,0,0,865494
0,-17,2,0.5,-0.120185,180,0,0,865513
0,-15,2,0.5,-0.12221,180,0,0,865530
0,-11,2,0.5,-0.123695,180,0,0,865546
0,-8,3,0.5,-0.124775,180,0,0,865562
0,-3,3,0.5,-0.12518,180,0,0,865583
0,0,3,0.5,-0.12518,180,0,0,865597
0,3,5,0.5,-0.124775,180,0,0,865612
0,5,4,0.5,-0.1241,180,0,0,865629
0,5,4,0.5,-0.123425,180,0,31,865645
0,5,3,0.5,-0.12275,180,0,31,865663
0,5,3,0.5,-0.122075,180,0,31,865677
0,4,2,0.5,-0.121535,180,0,0,865697
0,4,2,0.5,-0.120995,180,0,0,865715
0,5,1,0.5,-0.12032,180,0,0,865730
0,6,1,0.5,-0.11951,180,0,0,865745
0,6,0,0.5,-0.1187,180,0,0,865762
0,6,0,0.5,-0.11789,180,0,0,865779
0,11,0,0.5,-0.116405,180,0,0,865797
0,4,0,0.5,-0.115865,180,0,0,865814
0,0,0,0.5,-0.115865,180,0,0,865828
0,5,-2,0.5,-0.11519,180,0,0,865847
0,2,-2,0.5,-0.11492,180,0,0,865863
0,3,0,0.5,-0.114515,180,0,0,865878
0,6,0,0.5,-0.113705,180,0,0,865894
0,8,1,0.5,-0.112625,180,0,0,865915
0,10,1,0.5,-0.111275,180,0,0,865928
0,11,0,0.5,-0.10979,180,0,0,865945
0,10,0,0.5,-0.10844,180,0,0,865962
0,8,-1,0.5,-0.10736,180,0,0,865977
0,7,-1,0.5,-0.106415,180,0,0,866000
0,5,0,0.5,-0.10574,180,0,0,866014
0,3,0,0.5,-0.105335,180,0,0,866027
0,2,0,0.5,-0.105065,180,0,0,866044
0,2,1,0.5,-0.104795,180,0,0,866065
0,2,2,0.5,-0.104525,180,0,0,866081
0,2,3,0.5,-0.104255,180,0,0,866095
0,2,4,0.5,-0.103985,180,0,0,866119
0,2,5,0.5,-0.103715,180,0,0,866129
0,4,5,0.5,-0.103175,180,0,0,866146
0,7,6,0.5,-0.10223,180,0,0,866164
0,8,6,0.5,-0.10115,180,0,0,866182
0,11,5,0.5,-0.099665,180,0,0,866200
0,23,13,0.5,-0.09656,180,0,0,866217
0,12,8,0.5,-0.09494,180,0,0,866231
0,13,8,0.5,-0.093185,180,0,0,866250
0,15,8,0.5,-0.09116,180,0,0,866267
0,15,7,0.5,-0.089135,180,0,0,866283
0,18,8,0.5,-0.086705,180,0,0,866300
0,22,7,0.5,-0.083735,180,0,0,866313
0,22,7,0.5,-0.080765,180,0,0,866334
0,26,7,0.5,-0.077255,180,0,0,866348
0,25,6,0.5,-0.07388,180,0,0,866367
0,27,4,0.5,-0.070235,180,0,0,866381
0,24,3,0.5,-0.066995,180,0,0,866396
0,23,2,0.5,-0.06389,180,0,0,866415
0,24,2,0.5,-0.06065,180,0,0,866429
0,24,1,0.5,-0.05741,180,0,0,866449
0,27,0,0.5,-0.053765,180,0,0,866464
0,27,1,0.5,-0.05012,180,0,0,866479
0,29,2,0.5,-0.046205,180,0,0,866500
0,27,3,0.5,-0.04256,180,0,0,866512
0,24,3,0.5,-0.03932,180,0,0,866530
0,44,7,0.5,-0.03338,180,0,0,866551
0,19,3,0.5,-0.030815,180,0,0,866565
0,0,0,0.5,-0.030815,180,0,0,866580
0,20,4,0.5,-0.028115,180,0,0,866598
0,33,5,0.5,-0.02366,180,0,0,866615
0,11,1,0.5,-0.022175,180,0,0,866632
0,7,0,0.5,-0.02123,180,0,0,866648
0,3,-1,0.5,-0.020825,180,0,0,866666
0,-2,-2,0.5,-0.021095,180,0,0,866680
0,-8,-2,0.5,-0.022175,180,0,0,866697
0,-15,-1,0.5,-0.0242,180,0,0,866712
0,-19,-1,0.5,-0.026765,180,0,0,866730
0,-20,0,0.5,-0.029465,180,0,0,866745
0,-21,0,0.5,-0.0323,180,0,0,866764
0,-18,0,0.5,-0.03473,180,0,0,866783
0,-15,0,0.5,-0.036755,180,0,0,866796
0,-11,0,0.5,-0.03824,180,0,0,866815
0,-7,0,0.5,-0.039185,180,0,0,866829
0,-3,0,0.5,-0.03959,180,0,0,866848
0,0,1,0.5,-0.03959,180,0,0,866866
0,2,0,0.5,-0.03932,180,0,0,866880
0,4,1,0.5,-0.03878,180,0,0,866896
0,6,1,0.5,-0.03797,180,0,0,866913
0,6,1,0.5,-0.03716,180,0,0,866930
0,7,2,0.5,-0.036215,180,0,0,866946
0,21,4,0.5,-0.03338,180,0,0,866971
0,14,0,0.5,-0.03149,180,0,0,866981
0,15,5,0.5,-0.029465,180,0,0,866997
0,16,2,0.5,-0.027305,180,0,0,867019
0,20,2,0.5,-0.024605,180,0,0,867034
0,20,0,0.5,-0.021905,180,0,0,867047
0,20,0,0.5,-0.019205,180,0,0,867068
0,21,0,0.5,-0.01637,180,0,0,867082
0,18,-1,0.5,-0.01394,180,0,0,867097
0,16,-3,0.5,-0.01178,180,0,0,867114
0,13,-3,0.5,-0.010025,180,0,0,867135
0,10,-4,0.5,-0.008675,180,0,0,867151
0,6,-5,0.5,-0.007865,180,0,0,867164
0,6,-4,0.5,-0.007055,180,0,0,867185
0,6,-5,0.5,-0.006245,180,0,0,867198
0,4,-4,0.5,-0.005705,180,0,0,867217
0,3,-4,0.5,-0.0053,180,0,0,867234
0,3,-4,0.5,-0.004895,180,0,0,867249
0,2,-3,0.5,-0.004625,180,0,0,867266
0,5,-3,0.5,-0.00395,180,0,0,867283
0,6,-3,0.5,-0.00314,180,0,0,867303
0,16,-6,0.5,-0.00098,180,0,0,867321
0,0,0,0.5,-0.00098,180,0,0,867330
0,9,-3,0.5,0.000235,180,0,0,867347
0,22,-8,0.5,0.003205,180,0,0,867368
0,10,-5,0.5,0.004555,180,0,0,867384
0,8,-6,0.5,0.005635,180,0,0,867404
0,7,-6,0.5,0.00658,180,0,0,867419
0,3,-6,0.5,0.006985,180,0,0,867433
0,0,-5,0.5,0.006985,180,0,0,867450
0,-2,-5,0.5,0.006715,180,0,0,867466
0,-3,-6,0.5,0.00631,180,0,0,867489
0,-2,-6,0.5,0.00604,180,0,0,867506
0,-1,-6,0.5,0.005905,180,0,0,867517
0,-1,-7,0.5,0.00577,180,0,31,867534
0,3,-6,0.5,0.006175,180,0,31,867550
0,4,-6,0.5,0.006715,180,0,31,867567
0,7,-5,0.5,0.00766,180,0,31,867585
0,9,-4,0.5,0.008875,180,0,31,867601
0,11,-4,0.5,0.01036,180,0,0,867615
0,11,-4,0.5,0.011845,180,0,0,867634
0,21,-7,0.5,0.01468,180,0,0,867655
0,0,0,0.5,0.01468,180,0,0,867666
0,10,-3,0.5,0.01603,180,0,31,867682
0,11,-3,0.5,0.017515,180,0,31,867701
0,12,-3,0.5,0.019135,180,0,31,867717
0,14,-4,0.5,0.021025,180,0,31,867733
0,30,-8,0.5,0.025075,180,0,0,867756
0,17,-6,0.5,0.02737,180,0,0,867767
0,18,-7,0.5,0.0298,180,0,0,867785
0,18,-8,0.5,0.03223,180,0,0,867800
0,19,-8,0.5,0.034795,180,0,0,867818
0,20,-8,0.5,0.037495,180,0,0,867835
0,20,-8,0.5,0.040195,180,0,0,867853
0,19,-9,0.5,0.04276,180,0,0,867868
0,16,-8,0.5,0.04492,180,0,0,867885
0,13,-10,0.5,0.046675,180,0,0,867902
0,9,-10,0.5,0.04789,180,0,0,867920
0,10,-10,0.5,0.04924,180,0,0,867937
0,8,-10,0.5,0.05032,180,0,0,867955
0,9,-9,0.5,0.051535,180,0,0,867974
0,11,-9,0.5,0.05302,180,0,0,867988
0,14,-9,0.5,0.05491,180,0,0,868001
0,17,-9,0.5,0.057205,180,0,0,868018
0,18,-10,0.5,0.059635,180,0,0,868040
0,38,-25,0.5,0.064765,180,0,0,868070
0,20,-13,0.5,0.067465,180,0,0,868085
0,20,-12,0.5,0.070165,180,0,0,868101
0,21,-11,0.5,0.073,180,0,0,868119
0,20,-11,0.5,0.0757,180,0,0,868134
0,22,-11,0.5,0.07867,180,0,0,868147
0,22,-10,0.5,0.08164,180,0,0,868161
0,22,-10,0.5,0.08461,180,0,0,868177
0,19,-9,0.5,0.087175,180,0,0,868189
0,15,-8,0.5,0.0892,180,0,0,868201
0,11,-9,0.5,0.090685,180,0,0,868223
0,9,-9,0.5,0.0919,180,0,0,868239
0,7,-10,0.5,0.092845,180,0,0,868255
0,7,-10,0.5,0.09379,180,0,0,868270
0,10,-10,0.5,0.09514,180,0,0,868294
0,11,-9,0.5,0.096625,180,0,0,868305
0,14,-9,0.5,0.098515,180,0,0,868325
0,14,-10,0.5,0.100405,180,0,0,868338
0,15,-11,0.5,0.10243,180,0,0,868357
0,16,-11,0.5,0.10459,180,0,0,868368
0,16,-10,0.5,0.10675,180,0,0,868388
0,18,-9,0.5,0.10918,180,0,0,868405
0,19,-8,0.5,0.111745,180,0,0,868418
0,18,-8,0.5,0.114175,180,0,0,868435
0,17,-7,0.5,0.11647,180,0,31,868451
0,13,-7,0.5,0.118225,180,0,31,868467
0,7,-6,0.5,0.11917,180,0,31,868486
0,1,-9,0.5,0.119305,180,0,31,868505
0,0,0,0.5,0.119305,180,0,31,868516
0,-9,-10,0.5,0.11809,180,0,31,868536
0,-1,-6,0.5,0.117955,180,0,0,868554
0,0,-7,0.5,0.117955,180,0,0,868571
0,3,-7,0.5,0.11836,180,0,0,868587
0,7,-7,0.5,0.119305,180,0,0,868614
0,11,-7,0.5,0.12079,180,0,0,868623
0,14,-6,0.5,0.12268,180,0,0,868638
0,15,-5,0.5,0.124705,180,0,31,868655
0,17,-6,0.5,0.127,180,0,31,868669
0,16,-7,0.5,0.12916,180,0,31,868686
0,17,-7,0.5,0.131455,180,0,31,868703
0,19,-8,0.5,0.13402,180,0,31,868722
0,21,-7,0.5,0.136855,180,0,0,868737
0,26,-7,0.5,0.140365,180,0,0,868753
0,29,-6,0.5,0.14428,180,0,0,868769
0,30,-5,0.5,0.14833,180,0,0,868785
0,27,-4,0.5,0.151975,180,0,0,868806
0,26,-3,0.5,0.155485,180,0,0,868821
0,22,-3,0.5,0.158455,180,0,0,868835
0,22,-3,0.5,0.161425,180,0,0,868852
0,17,-3,0.5,0.16372,180,0,0,868868
0,33,-9,0.5,0.168175,180,0,0,868888
0,0,0,0.5,0.168175,180,0,0,868900
0,39,-15,0.5,0.17344,180,0,0,868920
0,21,-9,0.5,0.176275,180,0,0,868940
0,21,-10,0.5,0.17911,180,0,0,868954
0,19,-10,0.5,0.181675,180,0,0,868972
0,20,-12,0.5,0.184375,180,0,0,868988
0,23,-12,0.5,0.18748,180,0,0,869007
0,25,-11,0.5,0.190855,180,0,0,869023
0,30,-11,0.5,0.194905,180,0,0,869037
0,32,-9,0.5,0.199225,180,0,0,869056
0,32,-7,0.5,0.203545,180,0,0,869070
0,31,-5,0.5,0.20773,180,0,0,869097
0,30,-4,0.5,0.21178,180,0,0,869106
0,28,-4,0.5,0.21556,180,0,0,869118
0,26,-4,0.5,0.21907,180,0,0,869139
0,26,-5,0.5,0.22258,180,0,0,869153
0,25,-5,0.5,0.225955,180,0,0,869168
0,27,-6,0.5,0.2296,180,0,0,869191
0,27,-7,0.5,0.233245,180,0,0,869205
0,24,-6,0.5,0.236485,180,0,0,869222
0,25,-7,0.5,0.23986,180,0,0,869238
0,45,-15,0.5,0.245935,180,0,0,869263
0,27,-7,0.5,0.24958,180,0,0,869278
0,28,-6,0.5,0.25336,180,0,0,869292
0,28,-4,0.5,0.25714,180,0,0,869303
0,29,-3,0.5,0.261055,180,0,0,869318
0,27,-2,0.5,0.2647,180,0,0,869336
0,24,-1,0.5,0.26794,180,0,0,869354
0,21,-1,0.5,0.270775,180,0,0,869368
0,20,-1,0.5,0.273475,180,0,0,869385
0,19,-1,0.5,0.27604,180,0,0,869401
0,21,-2,0.5,0.278875,180,0,0,869419
0,23,-3,0.5,0.28198,180,0,0,869434
0,24,-4,0.5,0.28522,180,0,0,869454
0,24,-5,0.5,0.28846,180,0,0,869477
0,23,-6,0.5,0.291565,180,0,0,869490
0,20,-5,0.5,0.294265,180,0,0,869504
0,19,-6,0.5,0.29683,180,0,0,869520
0,20,-4,0.5,0.29953,180,0,0,869537
0,20,-4,0.5,0.30223,180,0,0,869555
0,22,-3,0.5,0.3052,180,0,0,869569
0,25,-2,0.5,0.308575,180,0,0,869585
0,23,-1,0.5,0.31168,180,0,0,869601
0,22,0,0.5,0.31465,180,0,0,869619
0,19,0,0.5,0.317215,180,0,0,869636
0,27,0,0.5,0.32086,180,0,0,869653
0,0,0,0.5,0.32086,180,0,0,869667
0,16,0,0.5,0.32302,180,0,0,869687
0,9,-2,0.5,0.324235,180,1,31,869703
0,7,-3,0.5,0.32518,180,1,31,869719
0,8,-4,0.5,0.32626,180,1,31,869738
0,9,-4,0.5,0.327475,180,0,31,869755
0,7,-4,0.5,0.32842,180,0,0,869773
0,6,-5,0.5,0.32923,180,0,0,869787
0,5,-5,0.5,0.329905,180,0,0,869803
0,5,-5,0.5,0.33058,180,0,31,869824
0,3,-6,0.5,0.330985,180,0,31,869841
0,2,-5,0.5,0.331255,180,0,31,869857
0,0,-5,0.5,0.331255,180,0,31,869870
0,-2,-5,0.5,0.330985,180,0,31,869889
0,-5,-5,0.5,0.33031,180,0,31,869905
0,-5,-5,0.5,0.329635,180,0,31,869921
0,-6,-5,0.5,0.328825,180,0,31,869938
0,-6,-3,0.5,0.328015,180,0,31,869953
0,-4,-2,0.5,0.327475,180,0,31,869974
0,-3,-1,0.5,0.32707,180,0,31,869988
0,-7,0,0.5,0.326125,180,0,0,870004
0,0,0,0.5,0.326125,180,0,0,870018
0,-2,1,0.5,0.325855,180,0,0,870036
0,-3,2,0.5,0.32545,180,0,31,870053
0,0,0,0.5,0.32545,180,0,31,870069
0,0,1,0.5,0.32545,180,0,31,870085
0,3,0,0.5,0.325855,180,0,0,870104
0,2,-1,0.5,0.326125,180,0,0,870120
0,1,-2,0.5,0.32626,180,0,0,870138
0,2,-2,0.5,0.32653,180,0,0,870157
0,0,-1,0.5,0.32653,180,0,31,870173
0,0,-2,0.5,0.32653,180,0,31,870187
0,0,-1,0.5,0.32653,180,0,0,870204
0,0,-1,0.5,0.32653,180,0,0,870219
0,0,-1,0.5,0.32653,180,0,0,870237
0,0,0,0.5,0.32653,180,0,0,870253
0,0,0,0.5,0.32653,180,0,0,870269
0,0,0,0.5,0.32653,180,0,31,870285
0,0,1,0.5,0.32653,180,0,31,870304
0,0,0,0.5,0.32653,180,0,31,870319
0,0,0,0.5,0.32653,180,0,0,870336
0,0,0,0.5,0.32653,180,0,0,870352
0,0,0,0.5,0.32653,180,0,0,870370
0,0,0,0.5,0.32653,180,0,0,870387
0,0,0,0.5,0.32653,180,0,31,870402
0,0,1,0.5,0.32653,180,0,31,870421
0,1,1,0.5,0.326665,180,0,31,870437
0,0,0,0.5,0.326665,180,0,0,870453
0,0,0,0.5,0.326665,180,0,0,870471
0,0,0,0.5,0.326665,180,0,0,870486
0,1,1,0.5,0.3268,180,0,0,870503
0,1,0,0.5,0.326935,180,0,31,870521
0,3,1,0.5,0.32734,180,0,31,870538
0,3,1,0.5,0.327745,180,0,31,870554
0,2,0,0.5,0.328015,180,0,31,870570
0,2,0,0.5,0.328285,180,0,0,870588
0,1,0,0.5,0.32842,180,0,0,870604
0,1,1,0.5,0.328555,180,0,0,870620
0,0,1,0.5,0.328555,180,0,0,870637
0,0,1,0.5,0.328555,180,0,31,870655
0,0,1,0.5,0.328555,180,0,31,870674
0,1,1,0.5,0.32869,180,0,31,870690
0,1,2,0.5,0.328825,180,0,0,870704
0,0,1,0.5,0.328825,180,0,0,870721
0,0,1,0.5,0.328825,180,0,0,870738
0,-1,2,0.5,0.32869,180,0,0,870756
0,0,1,0.5,0.32869,180,0,0,870771
0,1,2,0.5,0.328825,180,0,31,870792
0,2,4,0.5,0.329095,180,0,31,870807
0,-1,1,0.5,0.32896,180,0,0,870825
0,0,0,0.5,0.32896,180,0,0,870837
0,-2,2,0.5,0.32869,180,0,0,870855
0,-1,1,0.5,0.328555,180,0,0,870870
0,0,2,0.5,0.328555,180,0,0,870889
0,0,2,0.5,0.328555,180,0,31,870910
0,1,1,0.5,0.32869,180,0,31,870921
0,0,1,0.5,0.32869,180,0,31,870938
0,1,2,0.5,0.328825,180,0,0,870954
0,0,1,0.5,0.328825,180,0,0,870973
0,-1,2,0.5,0.32869,180,0,0,870988
0,1,1,0.5,0.328825,180,0,0,871006
0,1,2,0.5,0.32896,180,0,31,871023
0,1,2,0.5,0.329095,180,0,31,871039
0,1,2,0.5,0.32923,180,0,31,871055
0,0,2,0.5,0.32923,180,0,0,871073
0,0,2,0.5,0.32923,180,0,0,871090
0,-1,2,0.5,0.329095,180,0,0,871106
0,-1,2,0.5,0.32896,180,0,0,871123
0,0,2,0.5,0.32896,180,0,0,871139
0,2,2,0.5,0.32923,180,0,31,871155
0,2,2,0.5,0.3295,180,0,31,871172
0,4,4,0.5,0.33004,180,0,31,871194
0,1,2,0.5,0.330175,180,0,0,871206
0,1,1,0.5,0.33031,180,0,0,871223
0,2,2,0.5,0.33058,180,0,0,871240
0,1,1,0.5,0.330715,180,0,0,871256
0,1,1,0.5,0.33085,180,0,31,871273
0,1,2,0.5,0.330985,180,0,31,871292
0,1,1,0.5,0.33112,180,0,31,871307
0,0,2,0.5,0.33112,180,0,0,871322
0,0,1,0.5,0.33112,180,0,0,871341
0,-1,2,0.5,0.330985,180,0,0,871358
0,0,1,0.5,0.330985,180,0,0,871372
0,0,1,0.5,0.330985,180,0,31,871388
0,1,1,0.5,0.33112,180,0,31,871405
0,2,1,0.5,0.33139,180,0,31,871426
0,1,1,0.5,0.331525,180,0,0,871439
0,2,1,0.5,0.331795,180,0,0,871454
0,1,1,0.5,0.33193,180,0,0,871474
0,2,1,0.5,0.3322,180,0,0,871492
0,1,1,0.5,0.332335,180,0,31,871506
0,1,1,0.5,0.33247,180,0,31,871522
0,2,1,0.5,0.33274,180,0,31,871538
0,0,1,0.5,0.33274,180,0,31,871556
0,0,2,0.5,0.33274,180,0,0,871575
0,0,1,0.5,0.33274,180,0,0,871592
0,0,0,0.5,0.33274,180,0,0,871605
0,-1,1,0.5,0.332605,180,0,0,871624
0,1,0,0.5,0.33274,180,0,31,871645
0,0,0,0.5,0.33274,180,0,31,871656
0,1,1,0.5,0.332875,180,0,31,871673
0,0,1,0.5,0.332875,180,0,31,871690
0,0,1,0.5,0.332875,180,0,0,871706
0,-2,1,0.5,0.332605,180,0,0,871726
0,0,0,0.5,0.332605,180,0,0,871741
0,0,0,0.5,0.332605,180,0,0,871755
0,1,0,0.5,0.33274,180,0,31,871771
0,1,0,0.5,0.332875,180,0,31,871794
0,1,0,0.5,0.33301,180,0,31,871808
0,0,0,0.5,0.33301,180,0,0,871825
0,0,0,0.5,0.33301,180,0,0,871839
0,0,1,0.5,0.33301,180,0,0,871856
0,-1,0,0.5,0.332875,180,0,0,871876
0,0,0,0.5,0.332875,180,0,0,871889
0,0,0,0.5,0.332875,180,0,31,871906
0,0,0,0.5,0.332875,180,0,31,871922
0,0,0,0.5,0.332875,180,0,31,871939
0,0,0,0.5,0.332875,180,0,31,871957
0,0,0,0.5,0.332875,180,0,0,871973
0,-1,0,0.5,0.33274,180,0,0,871989
0,0,0,0.5,0.33274,180,0,0,872007
0,0,0,0.5,0.33274,180,0,0,872022
0,0,0,0.5,0.33274,180,0,0,872039
0,0,0,0.5,0.33274,180,0,31,872056
0,1,0,0.5,0.332875,180,0,31,872072
0,0,0,0.5,0.332875,180,0,31,872089
0,0,0,0.5,0.332875,180,0,0,872107
0,0,0,0.5,0.332875,180,0,0,872123
0,0,0,0.5,0.332875,180,0,0,872140
0,0,0,0.5,0.332875,180,0,0,872155
0,0,0,0.5,0.332875,180,0,0,872173
0,0,0,0.5,0.332875,180,0,31,872189
0,0,0,0.5,0.332875,180,0,31,872205
0,0,-1,0.5,0.332875,180,0,31,872223
0,0,0,0.5,0.332875,180,0,31,872239
0,0,0,0.5,0.332875,180,0,0,872256
0,0,0,0.5,0.332875,180,0,0,872273
0,0,0,0.5,0.332875,180,0,0,872289
0,-1,0,0.5,0.33274,180,0,0,872308
0,-1,-1,0.5,0.332605,180,0,31,872328
0,0,0,0.5,0.332605,180,0,31,872339
0,0,-1,0.5,0.332605,180,0,31,872357
0,0,0,0.5,0.332605,180,0,31,872373
0,0,0,0.5,0.332605,180,0,31,872389
0,0,0,0.5,0.332605,180,0,0,872409
0,-1,0,0.5,0.33247,180,0,0,872425
0,0,0,0.5,0.33247,180,0,0,872439
0,-1,0,0.5,0.332335,180,0,0,872456
0,0,-1,0.5,0.332335,180,0,0,872474
0,0,-1,0.5,0.332335,180,0,31,872490
0,0,-1,0.5,0.332335,180,0,31,872508
0,0,-1,0.5,0.332335,180,0,31,872531
0,0,0,0.5,0.332335,180,0,0,872541
0,0,0,0.5,0.332335,180,0,0,872558
0,-1,0,0.5,0.3322,180,0,0,872575
0,-1,0,0.5,0.332065,180,0,0,872592
0,-1,0,0.5,0.33193,180,0,0,872608
0,-1,-1,0.5,0.331795,180,0,31,872629
0,0,-1,0.5,0.331795,180,0,31,872642
0,0,-1,0.5,0.331795,180,0,31,872659
0,1,-1,0.5,0.33193,180,0,31,872678
0,0,0,0.5,0.33193,180,0,0,872692
0,-1,0,0.5,0.331795,180,0,0,872709
0,-1,0,0.5,0.33166,180,0,0,872725
0,-1,0,0.5,0.331525,180,0,0,872746
0,0,0,0.5,0.331525,180,0,0,872757
0,0,-1,0.5,0.331525,180,0,31,872775
0,1,-1,0.5,0.33166,180,0,31,872793
0,0,-1,0.5,0.33166,180,0,31,872812
0,0,-1,0.5,0.33166,180,0,31,872825
0,0,0,0.5,0.33166,180,0,0,872846
0,-1,0,0.5,0.331525,180,0,0,872858
0,-1,-1,0.5,0.33139,180,0,0,872875
0,0,-1,0.5,0.33139,180,0,0,872891
0,0,0,0.5,0.33139,180,0,31,872907
0,0,0,0.5,0.33139,180,0,31,872925
0,2,-1,0.5,0.33166,180,0,31,872952
0,0,0,0.5,0.33166,180,0,31,872958
0,0,0,0.5,0.33166,180,0,31,872975
0,0,0,0.5,0.33166,180,0,0,872990
0,-1,0,0.5,0.331525,180,0,0,873007
0,-1,0,0.5,0.33139,180,0,0,873024
0,-1,0,0.5,0.331255,180,0,0,873042
0,0,0,0.5,0.331255,180,0,31,873058
0,0,-1,0.5,0.331255,180,0,31,873075
0,2,-1,0.5,0.331525,180,0,31,873092
0,1,-1,0.5,0.33166,180,0,31,873110
0,0,-1,0.5,0.33166,180,0,0,873125
0,0,0,0.5,0.33166,180,0,0,873141
0,0,0,0.5,0.33166,180,0,0,873157
0,-1,-1,0.5,0.331525,180,0,0,873181
0,0,0,0.5,0.331525,180,0,0,873196
0,0,0,0.5,0.331525,180,0,31,873209
0,0,0,0.5,0.331525,180,0,31,873225
0,0,-1,0.5,0.331525,180,0,31,873245
0,0,0,0.5,0.331525,180,0,31,873260
0,0,0,0.5,0.331525,180,0,0,873278
0,-1,0,0.5,0.33139,180,0,0,873293
0,0,0,0.5,0.33139,180,0,0,873308
0,0,0,0.5,0.33139,180,0,0,873326
0,-1,0,0.5,0.331255,180,0,31,873342
0,0,0,0.5,0.331255,180,0,31,873360
0,0,0,0.5,0.331255,180,0,31,873374
0,0,0,0.5,0.331255,180,0,31,873391
0,0,0,0.5,0.331255,180,0,0,873409
0,0,0,0.5,0.331255,180,0,0,873424
0,0,0,0.5,0.331255,180,0,0,873441
0,-1,0,0.5,0.33112,180,0,0,873459
0,0,0,0.5,0.33112,180,0,0,873475
0,1,0,0.5,0.331255,180,0,31,873493
0,0,0,0.5,0.331255,180,0,31,873508
0,1,0,0.5,0.33139,180,0,31,873527
0,0,0,0.5,0.33139,180,0,0,873541
0,0,0,0.5,0.33139,180,0,0,873558
0,-1,0,0.5,0.331255,180,0,0,873575
0,-1,0,0.5,0.33112,180,0,0,873592
0,0,0,0.5,0.33112,180,0,0,873608
0,0,0,0.5,0.33112,180,0,31,873626
0,1,0,0.5,0.331255,180,0,31,873643
0,1,0,0.5,0.33139,180,0,31,873659
0,1,0,0.5,0.331525,180,0,31,873675
0,0,0,0.5,0.331525,180,0,0,873695
0,0,0,0.5,0.331525,180,0,0,873709
0,0,0,0.5,0.331525,180,0,0,873725
0,-1,0,0.5,0.33139,180,0,0,873743
0,0,0,0.5,0.33139,180,0,0,873760
0,0,0,0.5,0.33139,180,0,0,873775
0,0,0,0.5,0.33139,180,0,31,873792
0,0,0,0.5,0.33139,180,0,31,873809
0,0,0,0.5,0.33139,180,0,31,873825
0,0,0,0.5,0.33139,180,0,31,873842
0,0,0,0.5,0.33139,180,0,0,873859
0,0,1,0.5,0.33139,180,0,0,873876
0,0,0,0.5,0.33139,180,0,0,873893
0,-1,0,0.5,0.331255,180,0,0,873911
0,0,0,0.5,0.331255,180,0,31,873929
0,2,0,0.5,0.331525,180,0,31,873943
0,1,0,0.5,0.33166,180,0,31,873961
0,0,0,0.5,0.33166,180,0,31,873977
0,0,0,0.5,0.33166,180,0,31,873992
0,0,0,0.5,0.33166,180,0,0,874010
0,0,0,0.5,0.33166,180,0,0,874026
0,-1,0,0.5,0.331525,180,0,0,874043
0,-3,0,0.5,0.33112,180,0,0,874061
0,0,0,0.5,0.33112,180,0,0,874076
0,-1,0,0.5,0.330985,180,0,0,874093
0,0,0,0.5,0.330985,180,0,0,874110
0,1,0,0.5,0.33112,180,0,0,874127
0,0,0,0.5,0.33112,180,0,31,874143
0,1,0,0.5,0.331255,180,0,31,874160
0,0,0,0.5,0.331255,180,0,31,874176
0,0,0,0.5,0.331255,180,0,0,874193
0,0,0,0.5,0.331255,180,0,0,874211
0,0,0,0.5,0.331255,180,0,0,874227
0,1,0,0.5,0.33139,180,0,0,874244
0,0,0,0.5,0.33139,180,0,0,874260
0,0,0,0.5,0.33139,180,0,0,874277
0,0,0,0.5,0.33139,180,0,0,874294
0,0,0,0.5,0.33139,180,0,31,874313
0,0,0,0.5,0.33139,180,0,31,874326
0,0,0,0.5,0.33139,180,0,31,874343
0,0,0,0.5,0.33139,180,0,0,874361
0,0,0,0.5,0.33139,180,0,0,874377
0,0,0,0.5,0.33139,180,0,0,874393
0,0,0,0.5,0.33139,180,0,0,874410
0,0,0,0.5,0.33139,180,0,0,874427
0,0,0,0.5,0.33139,180,0,0,874443
0,0,0,0.5,0.33139,180,0,0,874461
0,0,0,0.5,0.33139,180,0,0,874477
0,1,0,0.5,0.331525,180,0,0,874493
0,0,0,0.5,0.331525,180,0,0,874510
0,0,0,0.5,0.331525,180,0,0,874527
0,-1,0,0.5,0.33139,180,0,0,874544
0,0,0,0.5,0.33139,180,0,0,874560
0,0,0,0.5,0.33139,180,0,0,874577
0,0,0,0.5,0.33139,180,0,0,874593
0,0,0,0.5,0.33139,180,0,0,874610
0,-1,0,0.5,0.331255,180,0,0,874628
0,-1,0,0.5,0.33112,180,0,0,874644
0,-1,0,0.5,0.330985,180,0,0,874660
0,-1,0,0.5,0.33085,180,0,0,874677
0,-1,0,0.5,0.330715,180,0,0,874696
0,0,0,0.5,0.330715,180,0,0,874710
0,0,0,0.5,0.330715,180,0,0,874727
0,0,0,0.5,0.330715,180,0,0,874746
0,1,0,0.5,0.33085,180,0,0,874762
0,0,0,0.5,0.33085,180,0,0,874777
0,2,0,0.5,0.33112,180,0,0,874795
0,1,0,0.5,0.331255,180,0,0,874811
0,0,0,0.5,0.331255,180,0,0,874827
0,0,0,0.5,0.331255,180,0,0,874845
0,0,0,0.5,0.331255,180,0,0,874861
0,-1,0,0.5,0.33112,180,0,0,874878
0,0,0,0.5,0.33112,180,0,0,874895
0,0,0,0.5,0.33112,180,0,0,874912
0,0,0,0.5,0.33112,180,0,0,874927
0,0,0,0.5,0.33112,180,0,0,874945
0,0,0,0.5,0.33112,180,0,0,874961
0,0,0,0.5,0.33112,180,0,0,874977
0,0,0,0.5,0.33112,180,0,0,874994
0,0,0,0.5,0.33112,180,0,0,875012
0,0,0,0.5,0.33112,180,0,0,875028
0,1,0,0.5,0.331255,180,0,0,875046
0,0,0,0.5,0.331255,180,0,0,875064
0,0,0,0.5,0.331255,180,0,0,875079
0,0,0,0.5,0.331255,180,0,0,875095
0,0,0,0.5,0.331255,180,0,0,875117
0,0,0,0.5,0.331255,180,0,0,875131
0,0,0,0.5,0.331255,180,0,0,875145
0,0,0,0.5,0.331255,180,0,0,875163
0,0,0,0.5,0.331255,180,0,0,875178
0,0,0,0.5,0.331255,180,0,0,875195
0,0,0,0.5,0.331255,180,0,0,875212
0,0,0,0.5,0.331255,180,0,0,875228
0,0,0,0.5,0.331255,180,0,0,875245
0,0,0,0.5,0.331255,180,0,0,875261
0,0,0,0.5,0.331255,180,0,0,875279
0,0,0,0.5,0.331255,180,0,0,875295
0,0,0,0.5,0.331255,180,0,0,875312
0,0,0,0.5,0.331255,180,0,0,875328
0,0,0,0.5,0.331255,180,0,0,875345
0,0,0,0.5,0.331255,180,0,0,875362
0,0,0,0.5,0.331255,180,0,0,875378
0,0,0,0.5,0.331255,180,0,0,875395
0,0,0,0.5,0.331255,180,0,0,875411
0,0,0,0.5,0.331255,180,0,0,875428
0,0,0,0.5,0.331255,180,0,0,875445
0,0,-1,0.5,0.331255,180,0,0,875462
0,0,0,0.5,0.331255,180,0,0,875479
0,0,0,0.5,0.331255,180,0,0,875496
0,-1,0,0.5,0.33112,180,0,0,875516
0,0,0,0.5,0.33112,180,0,0,875530
0,0,0,0.5,0.33112,180,0,0,875546
0,0,0,0.5,0.33112,180,0,0,875563
0,0,0,0.5,0.33112,180,0,0,875579
0,0,0,0.5,0.33112,180,0,0,875596
0,0,0,0.5,0.33112,180,0,0,875613
0,0,0,0.5,0.33112,180,0,0,875628
0,-1,0,0.5,0.330985,180,0,0,875645
0,0,0,0.5,0.330985,180,0,0,875662
0,0,0,0.5,0.330985,180,0,0,875679
0,0,0,0.5,0.330985,180,0,0,875696
0,0,0,0.5,0.330985,180,0,0,875714
0,0,0,0.5,0.330985,180,0,0,875729
0,0,0,0.5,0.330985,180,0,0,875745
0,0,0,0.5,0.330985,180,0,0,875764
0,0,0,0.5,0.330985,180,0,0,875779
0,0,0,0.5,0.330985,180,0,0,875796
0,0,0,0.5,0.330985,180,0,0,875812
0,0,0,0.5,0.330985,180,0,0,875830
0,0,0,0.5,0.330985,180,0,0,875846
0,0,0,0.5,0.330985,180,0,0,875863
0,0,0,0.5,0.330985,180,0,0,875880
0,0,0,0.5,0.330985,180,0,0,875897
0,-1,0,0.5,0.33085,180,0,0,875914
0,-1,0,0.5,0.330715,180,0,0,875931
0,0,0,0.5,0.330715,180,0,0,875947
0,0,0,0.5,0.330715,180,0,0,875963
0,0,0,0.5,0.330715,180,0,0,875980
0,0,0,0.5,0.330715,180,0,0,875996
0,0,0,0.5,0.330715,180,0,0,876014
0,0,0,0.5,0.330715,180,0,0,876031
0,0,0,0.5,0.330715,180,0,0,876047
0,0,0,0.5,0.330715,180,0,0,876065
0,0,0,0.5,0.330715,180,0,0,876080
0,0,0,0.5,0.330715,180,0,0,876097
0,0,0,0.5,0.330715,180,0,0,876114
0,0,0,0.5,0.330715,180,0,0,876131
0,0,0,0.5,0.330715,180,0,0,876146
0,-1,0,0.5,0.33058,180,0,0,876165
0,0,0,0.5,0.33058,180,0,0,876180
0,0,0,0.5,0.33058,180,0,0,876196
0,0,0,0.5,0.33058,180,0,0,876214
0,0,0,0.5,0.33058,180,0,0,876230
0,0,0,0.5,0.33058,180,0,0,876246
0,0,0,0.5,0.33058,180,0,0,876263
0,0,0,0.5,0.33058,180,0,0,876280
0,0,0,0.5,0.33058,180,0,0,876297
0,0,0,0.5,0.33058,180,0,0,876313
0,0,0,0.5,0.33058,180,0,0,876331
0,0,0,0.5,0.33058,180,0,0,876347
0,0,0,0.5,0.33058,180,0,0,876363
0,0,0,0.5,0.33058,180,0,0,876381
0,0,0,0.5,0.33058,180,0,0,876397
0,0,0,0.5,0.33058,180,0,0,876414
0,0,0,0.5,0.33058,180,0,0,876432
0,0,0,0.5,0.33058,180,0,0,876447
0,-1,0,0.5,0.330445,180,0,0,876464
0,0,0,0.5,0.330445,180,0,0,876481
0,0,0,0.5,0.330445,180,0,0,876499
0,0,0,0.5,0.330445,180,0,0,876514
0,0,0,0.5,0.330445,180,0,0,876531
0,0,0,0.5,0.330445,180,0,0,876548
0,0,0,0.5,0.330445,180,0,0,876564
0,0,0,0.5,0.330445,180,0,0,876581
0,0,0,0.5,0.330445,180,0,0,876597
0,0,0,0.5,0.330445,180,0,0,876614
0,0,0,0.5,0.330445,180,0,0,876631
0,0,0,0.5,0.330445,180,0,0,876647
0,0,0,0.5,0.330445,180,0,0,876665
0,0,0,0.5,0.330445,180,0,0,876681
0,0,0,0.5,0.330445,180,0,0,876697
0,0,0,0.5,0.330445,180,0,0,876714
0,0,0,0.5,0.330445,180,0,0,876731
0,0,0,0.5,0.330445,180,0,0,876747
0,0,0,0.5,0.330445,180,0,0,876764
0,0,0,0.5,0.330445,180,0,0,876782
0,0,0,0.5,0.330445,180,0,0,876798
0,0,0,0.5,0.330445,180,0,0,876814
0,0,0,0.5,0.330445,180,0,0,876831
0,0,0,0.5,0.330445,180,0,0,876848
0,0,0,0.5,0.330445,180,0,0,876865
0,0,0,0.5,0.330445,180,0,0,876882
0,0,0,0.5,0.330445,180,0,0,876899
0,0,0,0.5,0.330445,180,0,0,876915
0,0,0,0.5,0.330445,180,0,0,876932
0,0,0,0.5,0.330445,180,0,0,876949
0,0,0,0.5,0.330445,180,0,0,876965
0,0,0,0.5,0.330445,180,0,0,876982
0,0,0,0.5,0.330445,180,0,0,876998
0,0,0,0.5,0.330445,180,0,0,877015
0,0,0,0.5,0.330445,180,0,0,877034
0,0,0,0.5,0.330445,180,0,0,877051
0,0,0,0.5,0.330445,180,0,0,877066
0,0,0,0.5,0.330445,180,0,0,877083
0,0,0,0.5,0.330445,180,0,0,877099
0,0,0,0.5,0.330445,180,0,0,877115
0,0,0,0.5,0.330445,180,0,0,877133
0,0,0,0.5,0.330445,180,0,0,877149
0,0,0,0.5,0.330445,180,0,0,877166
0,0,0,0.5,0.330445,180,0,0,877182
0,0,0,0.5,0.330445,180,0,0,877198
0,0,0,0.5,0.330445,180,0,0,877215
0,0,0,0.5,0.330445,180,0,0,877233
0,0,0,0.5,0.330445,180,0,0,877248
0,0,0,0.5,0.330445,180,0,0,877265
0,0,0,0.5,0.330445,180,0,0,877282
0,0,0,0.5,0.330445,180,0,0,877299
0,0,0,0.5,0.330445,180,0,0,877315
0,0,0,0.5,0.330445,180,0,0,877332
0,0,0,0.5,0.330445,180,0,0,877350
0,0,0,0.5,0.330445,180,0,0,877365
0,0,0,0.5,0.330445,180,0,0,877382
0,0,0,0.5,0.330445,180,0,0,877399
0,0,0,0.5,0.330445,180,0,0,877416
0,0,1,0.5,0.330445,180,0,0,877432
0,0,0,0.5,0.330445,180,0,0,877451
0,0,0,0.5,0.330445,180,0,0,877468
0,0,0,0.5,0.330445,180,0,0,877483
0,0,0,0.5,0.330445,180,0,0,877499
0,0,0,0.5,0.330445,180,0,0,877517
0,0,0,0.5,0.330445,180,0,0,877533
0,0,0,0.5,0.330445,180,0,0,877549
0,0,0,0.5,0.330445,180,0,0,877568
0,0,0,0.5,0.330445,180,0,0,877583
0,0,0,0.5,0.330445,180,0,0,877599
0,-1,0,0.5,0.33031,180,0,0,877616
0,0,0,0.5,0.33031,180,0,0,877633
0,0,0,0.5,0.33031,180,0,0,877650
0,0,0,0.5,0.33031,180,0,0,877666
0,0,0,0.5,0.33031,180,0,0,877686
0,0,0,0.5,0.33031,180,0,0,877700
0,1,0,0.5,0.330445,180,0,0,877716
0,0,0,0.5,0.330445,180,0,0,877733
0,0,0,0.5,0.330445,180,0,0,877750
0,0,0,0.5,0.330445,180,0,0,877767
0,0,0,0.5,0.330445,180,0,0,877783
0,0,0,0.5,0.330445,180,0,0,877802
0,0,0,0.5,0.330445,180,0,0,877817
0,0,0,0.5,0.330445,180,0,0,877833
0,0,0,0.5,0.330445,180,0,0,877850
0,0,0,0.5,0.330445,180,0,0,877868
0,0,0,0.5,0.330445,180,0,0,877884
0,0,0,0.5,0.330445,180,0,0,877901
0,0,0,0.5,0.330445,180,0,0,877917
0,0,0,0.5,0.330445,180,0,0,877934
0,0,0,0.5,0.330445,180,0,0,877952
0,0,0,0.5,0.330445,180,0,0,877967
0,0,0,0.5,0.330445,180,0,0,877984
0,0,0,0.5,0.330445,180,0,0,878001
0,0,0,0.5,0.330445,180,0,0,878017
0,0,0,0.5,0.330445,180,0,0,878034
0,0,0,0.5,0.330445,180,0,0,878051
0,0,0,0.5,0.330445,180,0,0,878068
0,0,0,0.5,0.330445,180,0,0,878085
0,0,0,0.5,0.330445,180,0,0,878104
0,0,0,0.5,0.330445,180,0,0,878118
0,0,0,0.5,0.330445,180,0,0,878134
0,0,0,0.5,0.330445,180,0,0,878151
0,0,0,0.5,0.330445,180,0,0,878167
0,0,0,0.5,0.330445,180,0,0,878185
0,0,0,0.5,0.330445,180,0,0,878201
0,0,0,0.5,0.330445,180,0,0,878217
0,0,0,0.5,0.330445,180,0,0,878234
0,0,0,0.5,0.330445,180,0,0,878251
0,0,0,0.5,0.330445,180,0,0,878267
0,0,0,0.5,0.330445,180,0,0,878284
0,0,0,0.5,0.330445,180,0,0,878300
0,0,0,0.5,0.330445,180,0,0,878317
0,0,0,0.5,0.330445,180,0,0,878334
0,0,0,0.5,0.330445,180,0,0,878351
0,0,0,0.5,0.330445,180,0,0,878368
0,0,0,0.5,0.330445,180,0,0,878384
0,0,0,0.5,0.330445,180,0,0,878401
0,0,0,0.5,0.330445,180,0,0,878418
0,0,0,0.5,0.330445,180,0,0,878435
0,0,0,0.5,0.330445,180,0,0,878451
0,0,0,0.5,0.330445,180,0,0,878467
0,0,0,0.5,0.330445,180,0,0,878484
0,0,0,0.5,0.330445,180,0,0,878501
0,0,0,0.5,0.330445,180,0,0,878518
0,0,0,0.5,0.330445,180,0,0,878534
0,0,0,0.5,0.330445,180,0,0,878552
0,0,0,0.5,0.330445,180,0,0,878568
0,0,0,0.5,0.330445,180,0,0,878584
0,0,0,0.5,0.330445,180,0,0,878601
0,0,0,0.5,0.330445,180,0,0,878618
0,0,0,0.5,0.330445,180,0,0,878635
0,0,0,0.5,0.330445,180,0,0,878651
0,0,0,0.5,0.330445,180,0,0,878668
0,0,0,0.5,0.330445,180,0,0,878686
0,0,0,0.5,0.330445,180,0,0,878701
0,0,0,0.5,0.330445,180,0,0,878718
0,0,0,0.5,0.330445,180,0,0,878735
0,0,0,0.5,0.330445,180,0,0,878752
0,0,0,0.5,0.330445,180,0,0,878768
0,0,0,0.5,0.330445,180,0,0,878785
0,0,0,0.5,0.330445,180,0,0,878804
0,0,0,0.5,0.330445,180,0,0,878818
0,0,0,0.5,0.330445,180,0,0,878835
0,0,0,0.5,0.330445,180,0,0,878853
0,0,0,0.5,0.330445,180,0,0,878871
0,0,0,0.5,0.330445,180,0,0,878887
0,0,0,0.5,0.330445,180,0,0,878903
0,0,0,0.5,0.330445,180,0,0,878920
0,0,0,0.5,0.330445,180,0,0,878936
0,0,0,0.5,0.330445,180,0,0,878953
0,0,0,0.5,0.330445,180,0,0,878970
0,0,0,0.5,0.330445,180,0,0,878987
0,0,0,0.5,0.330445,180,0,0,879003
0,0,0,0.5,0.330445,180,0,0,879020
0,0,0,0.5,0.330445,180,0,0,879036
0,0,0,0.5,0.330445,180,0,0,879053
0,0,0,0.5,0.330445,180,0,0,879070
0,0,0,0.5,0.330445,180,0,0,879087
0,0,0,0.5,0.330445,180,0,0,879104
0,0,0,0.5,0.330445,180,0,0,879121
0,0,0,0.5,0.330445,180,0,0,879137
0,0,0,0.5,0.330445,180,0,0,879154
0,0,0,0.5,0.330445,180,0,0,879170
0,0,0,0.5,0.330445,180,0,0,879187
0,0,0,0.5,0.330445,180,0,0,879202
0,0,0,0.5,0.330445,180,0,0,879219
0,0,0,0.5,0.330445,180,0,0,879236
0,0,0,0.5,0.330445,180,0,0,879253
0,0,0,0.5,0.330445,180,0,0,879269
0,0,0,0.5,0.330445,180,0,0,879286
0,0,0,0.5,0.330445,180,0,0,879304
0,0,0,0.5,0.330445,180,0,0,879319
0,0,0,0.5,0.330445,180,0,0,879336
0,0,0,0.5,0.330445,180,0,0,879353
0,0,0,0.5,0.330445,180,0,0,879370
0,0,0,0.5,0.330445,180,0,0,879386
0,0,0,0.5,0.330445,180,0,0,879403
0,0,0,0.5,0.330445,180,0,0,879423
0,0,0,0.5,0.330445,180,0,0,879438
0,0,0,0.5,0.330445,180,0,0,879453
0,0,0,0.5,0.330445,180,0,0,879470
0,0,0,0.5,0.330445,180,0,0,879487
0,0,0,0.5,0.330445,180,0,0,879503
0,0,0,0.5,0.330445,180,0,0,879520
0,0,0,0.5,0.330445,180,0,0,879536
0,0,0,0.5,0.330445,180,0,0,879553
0,0,0,0.5,0.330445,180,0,0,879570
0,0,0,0.5,0.330445,180,0,0,879587
0,0,0,0.5,0.330445,180,0,0,879603
0,0,0,0.5,0.330445,180,0,0,879620
0,0,0,0.5,0.330445,180,0,0,879637
0,0,0,0.5,0.330445,180,0,0,879653
0,0,0,0.5,0.330445,180,0,0,879673
0,0,0,0.5,0.330445,180,0,0,879688
0,0,0,0.5,0.330445,180,0,0,879703
0,0,0,0.5,0.330445,180,0,0,879720
0,0,0,0.5,0.330445,180,0,0,879737
0,0,0,0.5,0.330445,180,0,0,879754
0,0,0,0.5,0.330445,180,0,0,879770
0,0,0,0.5,0.330445,180,0,0,879787
0,0,0,0.5,0.330445,180,0,0,879805
0,0,0,0.5,0.330445,180,0,0,879820
0,0,0,0.5,0.330445,180,0,0,879837
0,0,0,0.5,0.330445,180,0,0,879853
0,0,0,0.5,0.330445,180,0,0,879872
0,0,0,0.5,0.330445,180,0,0,879888
0,0,0,0.5,0.330445,180,0,0,879905
0,0,0,0.5,0.330445,180,0,0,879922
0,0,0,0.5,0.330445,180,0,0,879938
0,0,0,0.5,0.330445,180,0,0,879955
0,0,0,0.5,0.330445,180,0,0,879972
0,0,0,0.5,0.330445,180,0,0,879987
0,0,0,0.5,0.330445,180,0,0,880006
0,0,0,0.5,0.330445,180,0,0,880021
0,0,0,0.5,0.330445,180,0,0,880038
0,0,0,0.5,0.330445,180,0,0,880055
0,0,0,0.5,0.330445,180,0,0,880072
0,0,0,0.5,0.330445,180,0,0,880088
0,0,0,0.5,0.330445,180,0,0,880104
0,0,0,0.5,0.330445,180,0,0,880123
0,0,0,0.5,0.330445,180,0,0,880139
0,0,0,0.5,0.330445,180,0,0,880156
0,0,0,0.5,0.330445,180,0,0,880171
0,0,0,0.5,0.330445,180,0,0,880188
0,0,0,0.5,0.330445,180,0,0,880204
0,0,0,0.5,0.330445,180,0,0,880221
0,0,0,0.5,0.330445,180,0,0,880238
0,0,0,0.5,0.330445,180,0,0,880255
0,0,0,0.5,0.330445,180,0,0,880271
0,0,0,0.5,0.330445,180,0,0,880288
0,0,0,0.5,0.330445,180,0,0,880306
0,0,0,0.5,0.330445,180,0,0,880321
0,0,0,0.5,0.330445,180,0,0,880338
0,0,0,0.5,0.330445,180,0,0,880354
0,0,0,0.5,0.330445,180,0,0,880372
0,0,0,0.5,0.330445,180,0,0,880388
0,0,0,0.5,0.330445,180,0,0,880405
0,0,0,0.5,0.330445,180,0,0,880422
0,0,0,0.5,0.330445,180,0,0,880439
0,0,0,0.5,0.330445,180,0,0,880455
0,0,0,0.5,0.330445,180,0,0,880471
0,0,0,0.5,0.330445,180,0,0,880488
0,0,0,0.5,0.330445,180,0,0,880505
0,0,0,0.5,0.330445,180,0,0,880522
0,0,0,0.5,0.330445,180,0,0,880539
0,0,0,0.5,0.330445,180,0,0,880556
0,0,0,0.5,0.330445,180,0,0,880572
0,0,0,0.5,0.330445,180,0,0,880588
0,0,0,0.5,0.330445,180,0,0,880605
0,0,0,0.5,0.330445,180,0,0,880623
0,0,0,0.5,0.330445,180,0,0,880639
0,0,0,0.5,0.330445,180,0,0,880655
0,0,0,0.5,0.330445,180,0,0,880673
0,0,0,0.5,0.330445,180,0,0,880690
0,0,0,0.5,0.330445,180,0,0,880705
0,0,0,0.5,0.330445,180,0,0,880722
0,0,0,0.5,0.330445,180,0,0,880739
0,0,0,0.5,0.330445,180,0,0,880756
0,0,0,0.5,0.330445,180,0,0,880773
0,0,0,0.5,0.330445,180,0,0,880789
0,0,0,0.5,0.330445,180,0,0,880806
0,0,0,0.5,0.330445,180,0,0,880823
0,0,0,0.5,0.330445,180,0,0,880839
0,0,0,0.5,0.330445,180,0,0,880855
0,0,0,0.5,0.330445,180,0,0,880873
0,0,0,0.5,0.330445,180,0,0,880890
0,0,0,0.5,0.330445,180,0,0,880907
0,0,0,0.5,0.330445,180,0,0,880924
0,0,0,0.5,0.330445,180,0,0,880940
0,0,0,0.5,0.330445,180,0,0,880957
0,0,0,0.5,0.330445,180,0,0,880974
0,0,0,0.5,0.330445,180,0,0,880991
0,0,0,0.5,0.330445,180,0,0,881007
0,0,0,0.5,0.330445,180,0,0,881024
0,0,0,0.5,0.330445,180,0,0,881040
0,0,0,0.5,0.330445,180,0,0,881057
0,0,0,0.5,0.330445,180,0,0,881074
0,0,0,0.5,0.330445,180,0,0,881090
0,0,0,0.5,0.330445,180,0,0,881107
0,0,0,0.5,0.330445,180,0,0,881127
0,0,0,0.5,0.330445,180,0,0,881141
0,0,0,0.5,0.330445,180,0,0,881158
0,0,0,0.5,0.330445,180,0,0,881174
0,0,0,0.5,0.330445,180,0,0,881192
0,0,0,0.5,0.330445,180,0,0,881206
0,0,0,0.5,0.330445,180,0,0,881223
0,0,0,0.5,0.330445,180,0,0,881240
0,0,0,0.5,0.330445,180,0,0,881256
0,0,0,0.5,0.330445,180,0,0,881273
0,0,0,0.5,0.330445,180,0,0,881290
0,0,0,0.5,0.330445,180,0,0,881307
0,0,0,0.5,0.330445,180,0,0,881323
0,0,0,0.5,0.330445,180,0,0,881340
0,0,0,0.5,0.330445,180,0,0,881356
0,0,0,0.5,0.330445,180,0,0,881373
0,0,0,0.5,0.330445,180,0,0,881391
0,0,0,0.5,0.330445,180,0,0,881407
0,0,0,0.5,0.330445,180,0,0,881423
0,0,0,0.5,0.330445,180,0,0,881441
0,0,0,0.5,0.330445,180,0,0,881457
0,0,0,0.5,0.330445,180,0,0,881473
0,0,0,0.5,0.330445,180,0,0,881490
0,0,0,0.5,0.330445,180,0,0,881507
0,0,0,0.5,0.330445,180,0,0,881524
0,0,0,0.5,0.330445,180,0,0,881540
0,0,0,0.5,0.330445,180,0,0,881558
0,0,0,0.5,0.330445,180,0,0,881574
0,0,0,0.5,0.330445,180,0,0,881590
0,0,0,0.5,0.330445,180,0,0,881607
0,0,0,0.5,0.330445,180,0,0,881624
0,0,0,0.5,0.330445,180,0,0,881641
0,0,0,0.5,0.330445,180,0,0,881657
0,0,0,0.5,0.330445,180,0,0,881674
0,0,0,0.5,0.330445,180,0,0,881692
0,0,0,0.5,0.330445,180,0,0,881707
0,0,0,0.5,0.330445,180,0,0,881724
0,0,0,0.5,0.330445,180,0,0,881741
0,0,0,0.5,0.330445,180,0,0,881758
0,0,0,0.5,0.330445,180,0,0,881774
0,0,0,0.5,0.330445,180,0,0,881791
0,0,0,0.5,0.330445,180,0,0,881809
0,0,0,0.5,0.330445,180,0,0,881825
0,0,0,0.5,0.330445,180,0,0,881841
0,0,0,0.5,0.330445,180,0,0,881857
0,0,0,0.5,0.330445,180,0,0,881875
0,0,0,0.5,0.330445,180,0,0,881892
0,0,0,0.5,0.330445,180,0,0,881909
0,0,0,0.5,0.330445,180,0,0,881925
0,0,0,0.5,0.330445,180,0,0,881942
0,0,0,0.5,0.330445,180,0,0,881958
0,0,0,0.5,0.330445,180,0,0,881975
0,0,0,0.5,0.330445,180,0,0,881992
0,0,0,0.5,0.330445,180,0,0,882009
0,0,0,0.5,0.330445,180,0,0,882025
0,0,0,0.5,0.330445,180,0,0,882042
0,0,0,0.5,0.330445,180,0,0,882059
0,0,0,0.5,0.330445,180,0,0,882076
0,0,0,0.5,0.330445,180,0,0,882093
0,0,0,0.5,0.330445,180,0,0,882110
0,0,0,0.5,0.330445,180,0,0,882125
0,0,0,0.5,0.330445,180,0,0,882142
0,0,0,0.5,0.330445,180,0,0,882161
0,0,0,0.5,0.330445,180,0,0,882175
0,0,0,0.5,0.330445,180,0,0,882192
0,0,0,0.5,0.330445,180,0,0,882208
0,0,0,0.5,0.330445,180,0,0,882225
0,0,0,0.5,0.330445,180,0,0,882242
0,0,0,0.5,0.330445,180,0,0,882258
0,0,0,0.5,0.330445,180,0,0,882275
0,0,0,0.5,0.330445,180,0,0,882292
0,0,0,0.5,0.330445,180,0,0,882308
0,0,0,0.5,0.330445,180,0,0,882325
0,0,0,0.5,0.330445,180,0,0,882342
0,0,0,0.5,0.330445,180,0,0,882358
0,0,0,0.5,0.330445,180,0,0,882375
0,0,0,0.5,0.330445,180,0,0,882393
0,0,0,0.5,0.330445,180,0,0,882408
0,0,0,0.5,0.330445,180,0,0,882426
0,0,0,0.5,0.330445,180,0,0,882444
0,0,0,0.5,0.330445,180,0,0,882459
0,0,0,0.5,0.330445,180,0,0,882475
0,0,0,0.5,0.330445,180,0,0,882492
0,0,0,0.5,0.330445,180,0,0,882509
0,0,0,0.5,0.330445,180,0,0,882526
0,0,0,0.5,0.330445,180,0,0,882542
0,0,0,0.5,0.330445,180,0,0,882560
0,0,0,0.5,0.330445,180,0,0,882576
0,0,0,0.5,0.330445,180,0,0,882592
0,0,0,0.5,0.330445,180,0,0,882609
0,0,0,0.5,0.330445,180,0,0,882627
0,0,0,0.5,0.330445,180,0,0,882645
0,0,0,0.5,0.330445,180,0,0,882660
0,0,0,0.5,0.330445,180,0,0,882676
0,0,0,0.5,0.330445,180,0,0,882694
0,0,0,0.5,0.330445,180,0,0,882709
0,0,0,0.5,0.330445,180,0,0,882726
0,0,0,0.5,0.330445,180,0,0,882743
0,0,0,0.5,0.330445,180,0,0,882759
0,0,0,0.5,0.330445,180,0,0,882776
0,0,0,0.5,0.330445,180,0,0,882792
0,0,0,0.5,0.330445,180,0,0,882809
0,0,0,0.5,0.330445,180,0,0,882826
0,0,0,0.5,0.330445,180,0,0,882843
0,0,0,0.5,0.330445,180,0,0,882859
0,0,0,0.5,0.330445,180,0,0,882877
0,0,0,0.5,0.330445,180,0,0,882893
0,0,0,0.5,0.330445,180,0,0,882910
0,0,0,0.5,0.330445,180,0,0,882926
0,0,0,0.5,0.330445,180,0,0,882943
0,0,0,0.5,0.330445,180,0,0,882960
0,0,0,0.5,0.330445,180,0,0,882977
0,-2,-1,0.5,0.330175,180,0,0,882994
0,-1,0,0.5,0.33004,180,0,0,883011
0,0,0,0.5,0.33004,180,0,0,883027
0,0,0,0.5,0.33004,180,0,0,883043
0,0,0,0.5,0.33004,180,0,0,883061
0,0,0,0.5,0.33004,180,0,0,883078
0,0,0,0.5,0.33004,180,0,0,883095
0,0,0,0.5,0.33004,180,0,0,883112
0,1,-1,0.5,0.330175,180,0,0,883129
0,1,0,0.5,0.33031,180,0,0,883145
0,1,0,0.5,0.330445,180,0,0,883165
0,1,-1,0.5,0.33058,180,0,0,883178
0,-1,-1,0.5,0.330445,180,0,0,883195
0,-2,-2,0.5,0.330175,180,0,0,883213
0,-5,-1,0.5,0.3295,180,0,0,883229
0,-5,-1,0.5,0.328825,180,0,0,883245
0,-8,-2,0.5,0.327745,180,0,0,883262
0,-7,-1,0.5,0.3268,180,0,0,883278
0,-10,-2,0.5,0.32545,180,0,0,883295
0,-9,-2,0.5,0.324235,180,0,0,883315
0,-10,-2,0.5,0.322885,180,0,0,883328
0,-8,-3,0.5,0.321805,180,0,0,883349
0,-8,-2,0.5,0.320725,180,0,0,883367
0,-7,-2,0.5,0.31978,180,0,0,883379
0,-6,-2,0.5,0.31897,180,0,0,883395
0,-9,-4,0.5,0.317755,180,0,0,883418
0,-1,-1,0.5,0.31762,180,0,0,883433
0,0,-1,0.5,0.31762,180,0,0,883445
0,1,-1,0.5,0.317755,180,0,0,883461
0,0,-1,0.5,0.317755,180,0,0,883478
0,-1,0,0.5,0.31762,180,0,0,883496
0,-2,0,0.5,0.31735,180,0,0,883512
0,-5,0,0.5,0.316675,180,0,0,883528
0,-5,0,0.5,0.316,180,0,0,883545
0,-6,0,0.5,0.31519,180,0,0,883562
0,-6,1,0.5,0.31438,180,0,0,883580
0,-6,1,0.5,0.31357,180,0,0,883596
0,-7,1,0.5,0.312625,180,0,0,883613
0,-9,1,0.5,0.31141,180,0,0,883629
0,-9,2,0.5,0.310195,180,0,0,883645
0,-10,1,0.5,0.308845,180,0,0,883664
0,-11,1,0.5,0.30736,180,0,0,883679
0,-12,1,0.5,0.30574,180,0,0,883696
0,-12,1,0.5,0.30412,180,0,0,883713
0,-13,1,0.5,0.302365,180,0,0,883730
0,-11,1,0.5,0.30088,180,0,0,883748
0,-11,1,0.5,0.299395,180,0,0,883764
0,-7,0,0.5,0.29845,180,0,0,883779
0,-5,0,0.5,0.297775,180,0,0,883795
0,-1,0,0.5,0.29764,180,0,0,883812
0,7,0,0.5,0.298585,180,0,31,883834
0,4,0,0.5,0.299125,180,0,31,883847
0,3,0,0.5,0.29953,180,0,31,883863
0,1,-1,0.5,0.299665,180,0,31,883879
0,0,-1,0.5,0.299665,180,0,31,883897
0,0,-1,0.5,0.299665,180,0,31,883914
0,2,-2,0.5,0.299935,180,0,31,883934
0,3,-1,0.5,0.30034,180,0,0,883945
0,4,-1,0.5,0.30088,180,0,0,883963
0,5,-1,0.5,0.301555,180,0,0,883981
0,6,-1,0.5,0.302365,180,0,0,883996
0,7,0,0.5,0.30331,180,0,0,884014
0,6,0,0.5,0.30412,180,0,0,884029
0,8,0,0.5,0.3052,180,0,0,884046
0,7,0,0.5,0.306145,180,0,0,884065
0,5,0,0.5,0.30682,180,0,0,884081
0,4,-1,0.5,0.30736,180,0,0,884098
0,2,-1,0.5,0.30763,180,0,0,884114
0,1,-2,0.5,0.307765,180,0,0,884131
0,1,-2,0.5,0.3079,180,0,0,884152
0,0,-6,0.5,0.3079,180,0,0,884167
0,0,-3,0.5,0.3079,180,0,0,884184
0,0,0,0.5,0.3079,180,0,0,884200
0,2,-4,0.5,0.30817,180,0,0,884214
0,7,-8,0.5,0.309115,180,0,0,884234
0,5,-4,0.5,0.30979,180,0,0,884249
0,5,-4,0.5,0.310465,180,0,0,884264
0,4,-4,0.5,0.311005,180,0,0,884280
0,4,-4,0.5,0.311545,180,0,0,884306
0,5,-4,0.5,0.31222,180,0,0,884321
0,6,-3,0.5,0.31303,180,0,0,884333
0,5,-4,0.5,0.313705,180,0,0,884350
0,8,-3,0.5,0.314785,180,0,0,884364
0,9,-3,0.5,0.316,180,0,0,884382
0,14,-4,0.5,0.31789,180,0,0,884402
0,15,-3,0.5,0.319915,180,0,0,884417
0,19,-3,0.5,0.32248,180,0,0,884435
0,20,-3,0.5,0.32518,180,0,0,884447
0,23,-2,0.5,0.328285,180,0,0,884467
0,24,-2,0.5,0.331525,180,0,0,884484
0,26,-3,0.5,0.335035,180,0,0,884497
0,27,-3,0.5,0.33868,180,0,0,884514
0,26,-3,0.5,0.34219,180,0,0,884534
0,50,-8,0.5,0.34894,180,0,0,884553
0,25,-5,0.5,0.352315,180,0,0,884567
0,0,0,0.5,0.352315,180,0,0,884580
0,49,-9,0.5,0.35893,180,0,0,884600
0,22,-5,0.5,0.3619,180,0,0,884617
0,19,-4,0.5,0.364465,180,0,0,884632
0,18,-5,0.5,0.366895,180,0,0,884648
0,15,-6,0.5,0.36892,180,0,0,884666
0,13,-8,0.5,0.370675,180,0,0,884685
0,10,-9,0.5,0.372025,180,0,0,884699
0,7,-10,0.5,0.37297,180,0,0,884723
0,9,-11,0.5,0.374185,180,0,0,884735
0,11,-9,0.5,0.37567,180,0,0,884752
0,15,-8,0.5,0.377695,180,0,0,884768
0,19,-7,0.5,0.38026,180,0,0,884784
0,25,-7,0.5,0.383635,180,0,0,884806
0,25,-6,0.5,0.38701,180,0,0,884820
0,28,-6,0.5,0.39079,180,0,0,884834
0,28,-5,0.5,0.39457,180,0,0,884850
0,28,-4,0.5,0.39835,180,0,0,884866
0,27,-3,0.5,0.401995,180,0,0,884882
0,26,-3,0.5,0.405505,180,0,0,884902
0,24,-2,0.5,0.408745,180,0,0,884916
0,43,-4,0.5,0.41455,180,0,0,884934
0,19,-3,0.5,0.417115,180,0,0,884954
0,19,-5,0.5,0.41968,180,0,0,884970
0,17,-5,0.5,0.421975,180,0,0,884984
0,17,-6,0.5,0.42427,180,0,0,885000
0,16,-7,0.5,0.42643,180,0,0,885017
0,14,-8,0.5,0.42832,180,0,0,885036
0,16,-8,0.5,0.43048,180,0,0,885053
0,13,-7,0.5,0.432235,180,0,0,885068
0,12,-5,0.5,0.433855,180,0,0,885083
0,10,-4,0.5,0.435205,180,0,0,885101
0,8,-2,0.5,0.436285,180,0,0,885119
0,8,-1,0.5,0.437365,180,0,0,885135
0,5,-1,0.5,0.43804,180,0,0,885152
0,2,-1,0.5,0.43831,180,0,0,885165
0,0,-1,0.5,0.43831,180,0,0,885183
0,-9,-2,0.5,0.437095,180,0,0,885201
0,-12,-2,0.5,0.435475,180,0,0,885217
0,-12,-2,0.5,0.433855,180,0,0,885234
0,-13,-2,0.5,0.4321,180,0,0,885251
0,-12,-3,0.5,0.43048,180,0,0,885266
0,-20,-6,0.5,0.42778,180,0,0,885286
0,0,0,0.5,0.42778,180,0,0,885298
0,-9,-3,0.5,0.426565,180,0,0,885317
0,-13,-8,0.5,0.42481,180,0,0,885338
0,-3,-4,0.5,0.424405,180,0,0,885350
0,-1,-4,0.5,0.42427,180,0,0,885367
0,4,-4,0.5,0.42481,180,0,0,885384
0,4,-4,0.5,0.42535,180,0,0,885399
0,7,-5,0.5,0.426295,180,0,0,885417
0,7,-5,0.5,0.42724,180,0,0,885438
0,7,-5,0.5,0.428185,180,0,0,885451
0,7,-6,0.5,0.42913,180,0,0,885474
0,8,-6,0.5,0.43021,180,0,0,885486
0,7,-6,0.5,0.431155,180,0,0,885506
0,9,-6,0.5,0.43237,180,0,0,885519
0,10,-5,0.5,0.43372,180,0,0,885536
0,13,-5,0.5,0.435475,180,0,0,885554
0,12,-4,0.5,0.437095,180,0,0,885571
0,13,-3,0.5,0.43885,180,0,0,885589
0,12,-1,0.5,0.44047,180,0,0,885600
0,11,0,0.5,0.441955,180,0,0,885616
0,9,0,0.5,0.44317,180,0,0,885633
0,8,0,0.5,0.44425,180,0,0,885648
0,5,0,0.5,0.444925,180,0,0,885667
0,2,-1,0.5,0.445195,180,0,0,885684
0,-1,-1,0.5,0.44506,180,0,0,885699
0,-19,-8,0.5,0.442495,180,0,0,885723
0,-14,-5,0.5,0.440605,180,0,0,885738
0,-15,-5,0.5,0.43858,180,0,0,885753
0,-13,-4,0.5,0.436825,180,0,0,885770
0,-9,-4,0.5,0.43561,180,0,0,885785
0,-6,-4,0.5,0.4348,180,0,0,885805
0,-1,-3,0.5,0.434665,180,0,0,885823
0,1,-2,0.5,0.4348,180,0,0,885834
0,4,-2,0.5,0.43534,180,0,0,885855
0,5,-3,0.5,0.436015,180,0,0,885871
0,6,-3,0.5,0.436825,180,0,0,885885
0,5,-3,0.5,0.4375,180,0,0,885902
0,7,-2,0.5,0.438445,180,0,0,885921
0,5,-2,0.5,0.43912,180,0,0,885933
0,2,-2,0.5,0.43939,180,0,0,885953
0,1,-3,0.5,0.439525,180,0,0,885968
0,0,-2,0.5,0.439525,180,0,0,885984
0,-1,-1,0.5,0.43939,180,0,0,886005
0,-1,-1,0.5,0.439255,180,0,0,886018
0,-1,0,0.5,0.43912,180,0,0,886034
0,-4,1,0.5,0.43858,180,0,0,886051
0,-3,1,0.5,0.438175,180,0,0,886070
0,-7,2,0.5,0.43723,180,0,0,886087
0,-7,1,0.5,0.436285,180,0,0,886102
0,-16,1,0.5,0.434125,180,0,0,886117
0,-8,1,0.5,0.433045,180,0,0,886134
0,-7,1,0.5,0.4321,180,0,0,886153
0,-8,1,0.5,0.43102,180,0,0,886171
0,-4,3,0.5,0.43048,180,0,0,886184
0,-3,3,0.5,0.430075,180,0,0,886203
0,0,3,0.5,0.430075,180,0,0,886219
0,3,3,0.5,0.43048,180,0,0,886235
0,6,3,0.5,0.43129,180,0,0,886253
0,10,2,0.5,0.43264,180,0,0,886274
0,10,2,0.5,0.43399,180,0,0,886285
0,11,2,0.5,0.435475,180,0,0,886302
0,11,3,0.5,0.43696,180,0,0,886319
0,13,4,0.5,0.438715,180,0,0,886338
0,14,4,0.5,0.440605,180,0,0,886355
0,15,5,0.5,0.44263,180,0,0,886370
0,18,6,0.5,0.44506,180,0,0,886385
0,18,6,0.5,0.44749,180,0,0,886406
0,19,8,0.5,0.450055,180,0,0,886424
0,22,9,0.5,0.453025,180,0,0,886441
0,45,18,0.5,0.4591,180,0,0,886465
0,20,9,0.5,0.4618,180,0,0,886474
0,17,8,0.5,0.464095,180,0,0,886491
0,9,7,0.5,0.46531,180,0,0,886507
0,0,0,0.5,0.46531,180,0,0,886517
0,7,10,0.5,0.466255,180,0,0,886544
0,-1,3,0.5,0.46612,180,0,0,886555
0,-4,0,0.5,0.46558,180,0,0,886569
0,-6,-1,0.5,0.46477,180,0,0,886590
0,-8,-4,0.5,0.46369,180,0,0,886603
0,-10,-4,0.5,0.46234,180,0,0,886623
0,-13,-5,0.5,0.460585,180,0,0,886638
0,-14,-4,0.5,0.458695,180,0,0,886653
0,-12,-3,0.5,0.457075,180,0,0,886669
0,-11,-2,0.5,0.45559,180,0,0,886688
0,-8,-1,0.5,0.45451,180,0,0,886705
0,-6,0,0.5,0.4537,180,0,0,886718
0,-2,1,0.5,0.45343,180,0,0,886735
0,-3,2,0.5,0.453025,180,0,0,886755
0,0,3,0.5,0.453025,180,0,0,886774
0,1,3,0.5,0.45316,180,0,0,886787
0,1,4,0.5,0.453295,180,0,0,886804
0,1,5,0.5,0.45343,180,0,0,886820
0,-1,5,0.5,0.453295,180,0,0,886838
0,3,9,0.5,0.4537,180,0,31,886860
0,2,1,0.5,0.45397,180,0,31,886870
0,1,8,0.5,0.454105,180,0,31,886888
0,2,4,0.5,0.454375,180,0,31,886904
0,3,3,0.5,0.45478,180,0,31,886920
0,5,4,0.5,0.455455,180,0,31,886939
0,4,3,0.5,0.455995,180,0,31,886957
0,6,3,0.5,0.456805,180,0,31,886970
0,5,2,0.5,0.45748,180,0,31,886985
0,6,3,0.5,0.45829,180,0,31,887006
0,6,3,0.5,0.4591,180,0,31,887019
0,5,3,0.5,0.459775,180,0,31,887039
0,4,4,0.5,0.460315,180,0,31,887058
0,2,6,0.5,0.460585,180,0,31,887071
0,1,7,0.5,0.46072,180,0,31,887089
0,0,7,0.5,0.46072,180,0,31,887103
0,0,7,0.5,0.46072,180,0,31,887130
0,1,6,0.5,0.460855,180,0,31,887139
0,4,7,0.5,0.461395,180,0,31,887156
0,8,7,0.5,0.462475,180,0,31,887171
0,10,8,0.5,0.463825,180,0,31,887188
0,10,8,0.5,0.465175,180,0,0,887212
0,12,11,0.5,0.466795,180,0,0,887226
0,15,12,0.5,0.46882,180,0,0,887242
0,31,26,0.5,0.473005,180,0,0,887260
0,19,13,0.5,0.47557,180,0,0,887275
0,19,13,0.5,0.478135,180,0,0,887289
0,20,13,0.5,0.480835,180,0,0,887306
0,22,14,0.5,0.483805,180,0,0,887328
0,22,12,0.5,0.486775,180,0,0,887342
0,20,11,0.5,0.489475,180,0,0,887360
0,19,11,0.5,0.49204,180,0,0,887373
0,15,10,0.5,0.494065,180,0,0,887393
0,10,10,0.5,0.495415,180,0,0,887407
0,6,9,0.5,0.496225,180,0,0,887425
0,3,9,0.5,0.49663,180,0,0,887440
0,1,8,0.5,0.496765,180,0,0,887459
0,-1,8,0.5,0.49663,180,0,0,887473
0,1,7,0.5,0.496765,180,0,0,887489
0,2,7,0.5,0.497035,180,0,0,887506
0,7,6,0.5,0.49798,180,0,0,887524
0,12,7,0.5,0.4996,180,0,0,887539
0,16,7,0.5,0.50176,180,0,0,887557
0,21,8,0.5,0.504595,180,0,0,887573
0,23,7,0.5,0.5077,180,0,0,887592
0,56,15,0.5,0.51526,180,0,0,887611
0,30,7,0.5,0.51931,180,0,0,887624
0,31,7,0.5,0.523495,180,0,0,887640
0,30,7,0.5,0.527545,180,0,0,887657
0,0,0,0.5,0.527545,180,0,0,887670
0,56,15,0.5,0.535105,180,0,0,887694
0,24,8,0.5,0.538345,180,0,0,887708
0,20,10,0.5,0.541045,180,0,0,887723
0,17,9,0.5,0.54334,180,0,0,887740
0,14,10,0.5,0.54523,180,0,0,887757
0,10,8,0.5,0.54658,180,0,0,887775
0,7,8,0.5,0.547525,180,0,0,887790
0,3,8,0.5,0.54793,180,0,0,887809
0,0,6,0.5,0.54793,180,0,0,887825
0,-3,5,0.5,0.547525,180,0,0,887838
0,-5,3,0.5,0.54685,180,0,0,887855
0,-7,4,0.5,0.545905,180,0,0,887874
0,-8,4,0.5,0.544825,180,0,0,887892
0,-8,5,0.5,0.543745,180,0,0,887906
0,-8,6,0.5,0.542665,180,0,0,887929
0,-6,6,0.5,0.541855,180,0,0,887947
0,-4,7,0.5,0.541315,180,0,0,887958
0,-1,7,0.5,0.54118,180,0,0,887974
0,1,7,0.5,0.541315,180,0,0,887995
0,9,14,0.5,0.54253,180,0,0,888010
0,7,7,0.5,0.543475,180,0,0,888028
0,8,7,0.5,0.544555,180,0,0,888042
0,9,3,0.5,0.54577,180,0,0,888059
0,10,10,0.5,0.54712,180,0,0,888075
0,9,7,0.5,0.548335,180,0,0,888089
0,10,8,0.5,0.549685,180,0,0,888106
0,11,8,0.5,0.55117,180,0,0,888126
0,12,9,0.5,0.55279,180,0,0,888140
0,13,9,0.5,0.554545,180,0,0,888157
0,14,10,0.5,0.556435,180,0,0,888176
0,16,10,0.5,0.558595,180,0,0,888195
0,15,10,0.5,0.56062,180,0,0,888209
0,17,11,0.5,0.562915,180,0,0,888225
0,15,9,0.5,0.56494,180,0,0,888241
0,16,9,0.5,0.5671,180,0,0,888260
0,16,9,0.5,0.56926,180,0,0,888276
0,15,8,0.5,0.571285,180,0,0,888295
0,13,8,0.5,0.57304,180,0,0,888309
0,11,8,0.5,0.574525,180,0,0,888325
0,9,9,0.5,0.57574,180,0,0,888351
0,6,9,0.5,0.57655,180,0,0,888360
0,2,8,0.5,0.57682,180,0,0,888378
0,-1,8,0.5,0.576685,180,0,0,888395
0,1,8,0.5,0.57682,180,0,0,888406
0,1,14,0.5,0.576955,180,0,0,888432
0,4,6,0.5,0.577495,180,0,0,888442
0,8,5,0.5,0.578575,180,0,0,888458
0,11,4,0.5,0.58006,180,0,0,888480
0,15,3,0.5,0.582085,180,0,0,888493
0,17,2,0.5,0.58438,180,0,0,888505
0,20,1,0.5,0.58708,180,0,0,888522
0,23,2,0.5,0.590185,180,0,0,888540
0,26,3,0.5,0.593695,180,0,0,888556
0,30,4,0.5,0.597745,180,0,0,888574
0,28,4,0.5,0.601525,180,0,0,888592
0,25,5,0.5,0.6049,180,0,0,888607
0,17,6,0.5,0.607195,180,0,0,888625
0,11,6,0.5,0.60868,180,0,0,888643
0,5,6,0.5,0.609355,180,0,0,888662
0,-1,6,0.5,0.60922,180,0,0,888674
0,-5,5,0.5,0.608545,180,0,0,888690
0,-9,3,0.5,0.60733,180,0,0,888707
0,-11,4,0.5,0.605845,180,0,0,888725
0,-12,3,0.5,0.604225,180,0,0,888744
0,-6,3,0.5,0.603415,180,0,0,888757
0,-4,4,0.5,0.602875,180,0,0,888773
0,9,7,0.5,0.60409,180,0,0,888795
0,10,3,0.5,0.60544,180,0,0,888813
0,16,4,0.5,0.6076,180,0,0,888825
0,16,4,0.5,0.60976,180,0,0,888846
0,20,5,0.5,0.61246,180,0,0,888863
0,20,5,0.5,0.61516,180,0,0,888876
0,23,5,0.5,0.618265,180,0,31,888897
0,24,5,0.5,0.621505,180,0,31,888909
0,27,5,0.5,0.62515,180,0,31,888924
0,30,5,0.5,0.6292,180,0,0,888941
0,33,4,0.5,0.633655,180,0,0,888959
0,34,4,0.5,0.638245,180,0,0,888975
0,35,4,0.5,0.64297,180,0,0,888991
0,33,3,0.5,0.647425,180,0,0,889008
0,32,1,0.5,0.651745,180,0,0,889024
0,26,1,0.5,0.655255,180,0,0,889039
0,26,0,0.5,0.658765,180,0,0,889058
0,24,0,0.5,0.662005,180,0,0,889074
0,22,0,0.5,0.664975,180,0,0,889092
0,39,1,0.5,0.67024,180,0,0,889113
0,0,0,0.5,0.67024,180,0,0,889122
0,19,3,0.5,0.672805,180,0,0,889142
0,39,10,0.5,0.67807,180,0,0,889162
0,19,5,0.5,0.680635,180,0,0,889176
0,20,5,0.5,0.683335,180,0,0,889195
0,19,4,0.5,0.6859,180,0,0,889207
0,23,4,0.5,0.689005,180,0,0,889224
0,24,3,0.5,0.692245,180,0,0,889240
0,28,3,0.5,0.696025,180,0,0,889258
0,28,2,0.5,0.699805,180,0,0,889278
0,28,0,0.5,0.703585,180,0,0,889289
0,27,0,0.5,0.70723,180,0,0,889306
0,28,-1,0.5,0.71,180,0,0,889324
