0,43,0,0.5,-0.704195,180,0,0,452636
0,44,0,0.5,-0.698255,180,0,0,452646
0,45,0,0.5,-0.69218,180,0,0,452664
0,44,0,0.5,-0.68624,180,0,0,452686
0,43,0,0.5,-0.680435,180,0,0,452700
0,39,0,0.5,-0.67517,180,0,0,452713
0,38,2,0.5,-0.67004,180,0,0,452730
0,39,2,0.5,-0.664775,180,0,0,452747
0,37,4,0.5,-0.65978,180,0,0,452765
0,35,3,0.5,-0.655055,180,0,0,452783
0,36,1,0.5,-0.650195,180,0,0,452795
0,39,0,0.5,-0.64493,180,0,0,452813
0,39,0,0.5,-0.639665,180,0,0,452828
0,40,0,0.5,-0.634265,180,0,0,452845
0,41,0,0.5,-0.62873,180,0,0,452867
0,38,0,0.5,-0.6236,180,0,0,452879
0,35,-1,0.5,-0.618875,180,0,0,452897
0,36,0,0.5,-0.614015,180,0,0,452912
0,34,0,0.5,-0.609425,180,0,0,452928
0,34,3,0.5,-0.604835,180,0,0,452946
0,62,7,0.5,-0.596465,180,0,0,452968
0,27,3,0.5,-0.59282,180,0,0,452981
0,29,4,0.5,-0.588905,180,0,0,452998
0,29,3,0.5,-0.58499,180,0,0,453017
0,30,2,0.5,-0.58094,180,0,0,453034
0,33,0,0.5,-0.576485,180,0,0,453051
0,36,0,0.5,-0.571625,180,0,0,453063
0,37,0,0.5,-0.56663,180,0,0,453081
0,37,0,0.5,-0.561635,180,0,0,453096
0,37,1,0.5,-0.55664,180,0,0,453113
0,36,0,0.5,-0.55178,180,0,0,453131
0,34,2,0.5,-0.54719,180,0,0,453147
0,30,3,0.5,-0.54314,180,0,0,453165
0,28,4,0.5,-0.53936,180,0,0,453181
0,24,4,0.5,-0.53612,180,0,0,453199
0,21,4,0.5,-0.533285,180,0,0,453217
0,20,4,0.5,-0.530585,180,0,0,453234
0,20,4,0.5,-0.527885,180,0,0,453247
0,23,3,0.5,-0.52478,180,0,0,453264
0,25,3,0.5,-0.521405,180,0,0,453283
0,27,2,0.5,-0.51776,180,0,0,453297
0,30,0,0.5,-0.51371,180,0,0,453314
0,32,0,0.5,-0.50939,180,0,0,453331
0,67,0,0.5,-0.500345,180,0,0,453349
0,33,0,0.5,-0.49589,180,0,0,453363
0,32,1,0.5,-0.49157,180,0,0,453380
0,31,3,0.5,-0.487385,180,0,0,453400
0,27,5,0.5,-0.48374,180,0,0,453418
0,26,5,0.5,-0.48023,180,0,0,453437
0,25,5,0.5,-0.476855,180,0,0,453449
0,22,5,0.5,-0.473885,180,0,0,453465
0,22,3,0.5,-0.470915,180,0,0,453480
0,26,3,0.5,-0.467405,180,0,0,453498
0,28,2,0.5,-0.463625,180,0,0,453518
0,31,2,0.5,-0.45944,180,0,0,453536
0,33,2,0.5,-0.454985,180,0,0,453550
0,33,0,0.5,-0.45053,180,0,0,453564
0,31,0,0.5,-0.446345,180,0,0,453579
0,32,0,0.5,-0.442025,180,0,0,453596
0,33,0,0.5,-0.43757,180,0,0,453616
0,33,2,0.5,-0.433115,180,0,0,453631
0,32,3,0.5,-0.428795,180,0,0,453648
0,32,3,0.5,-0.424475,180,0,0,453665
0,29,5,0.5,-0.42056,180,0,0,453682
0,56,10,0.5,-0.413,180,0,0,453703
0,29,4,0.5,-0.409085,180,0,0,453719
0,30,3,0.5,-0.405035,180,0,31,453734
0,32,1,0.5,-0.400715,180,0,31,453750
0,32,0,0.5,-0.396395,180,0,31,453764
0,32,0,0.5,-0.392075,180,0,31,453782
0,32,0,0.5,-0.387755,180,0,0,453802
0,31,0,0.5,-0.38357,180,0,0,453814
0,31,0,0.5,-0.379385,180,0,0,453831
0,33,0,0.5,-0.37493,180,0,0,453847
0,31,0,0.5,-0.370745,180,0,0,453867
0,30,0,0.5,-0.366695,180,0,31,453881
0,28,2,0.5,-0.362915,180,0,31,453898
0,27,2,0.5,-0.35927,180,0,0,453918
0,23,2,0.5,-0.356165,180,0,0,453935
0,23,2,0.5,-0.35306,180,0,0,453949
0,24,2,0.5,-0.34982,180,0,0,453965
0,27,1,0.5,-0.346175,180,0,0,453985
0,28,0,0.5,-0.342395,180,0,0,453999
0,30,0,0.5,-0.338345,180,0,31,454015
0,31,0,0.5,-0.33416,180,0,31,454033
0,32,0,0.5,-0.32984,180,0,31,454050
0,32,0,0.5,-0.32552,180,0,0,454065
0,32,0,0.5,-0.3212,180,0,0,454084
0,62,0,0.5,-0.31283,180,0,0,454100
0,0,0,0.5,-0.31283,180,0,0,454115
0,58,3,0.5,-0.305,180,0,0,454135
0,26,4,0.5,-0.30149,180,0,31,454152
0,26,4,0.5,-0.29798,180,0,31,454165
0,25,4,0.5,-0.294605,180,0,31,454182
0,24,4,0.5,-0.291365,180,0,0,454209
0,23,2,0.5,-0.28826,180,0,0,454219
0,27,2,0.5,-0.284615,180,0,0,454235
0,30,2,0.5,-0.280565,180,0,0,454249
0,33,2,0.5,-0.27611,180,0,0,454266
0,33,1,0.5,-0.271655,180,0,31,454283
0,35,0,0.5,-0.26693,180,0,31,454299
0,33,0,0.5,-0.262475,180,0,31,454318
0,35,1,0.5,-0.25775,180,0,0,454333
0,34,0,0.5,-0.25316,180,0,0,454348
0,33,2,0.5,-0.248705,180,0,0,454367
0,31,3,0.5,-0.24452,180,0,0,454387
0,29,4,0.5,-0.240605,180,0,0,454400
0,29,4,0.5,-0.23669,180,0,31,454418
0,51,7,0.5,-0.229805,180,0,31,454440
0,0,0,0.5,-0.229805,180,0,31,454449
0,25,2,0.5,-0.22643,180,0,0,454468
0,25,2,0.5,-0.223055,180,0,0,454482
0,56,1,0.5,-0.215495,180,0,0,454500
0,27,0,0.5,-0.21185,180,0,0,454519
0,29,0,0.5,-0.207935,180,0,0,454535
0,28,0,0.5,-0.204155,180,0,0,454549
0,28,0,0.5,-0.200375,180,0,0,454566
0,30,0,0.5,-0.196325,180,0,31,454582
0,28,0,0.5,-0.192545,180,0,31,454600
0,28,2,0.5,-0.188765,180,0,0,454619
0,26,3,0.5,-0.185255,180,0,0,454633
0,25,4,0.5,-0.18188,180,0,0,454650
0,23,4,0.5,-0.178775,180,0,0,454669
0,23,5,0.5,-0.17567,180,0,0,454685
0,25,4,0.5,-0.172295,180,0,0,454703
0,27,4,0.5,-0.16865,180,0,0,454720
0,31,4,0.5,-0.164465,180,0,31,454734
0,33,3,0.5,-0.16001,180,0,31,454752
0,35,3,0.5,-0.155285,180,0,0,454769
0,36,2,0.5,-0.150425,180,0,0,454786
0,74,3,0.5,-0.140435,180,0,0,454807
0,0,0,0.5,-0.140435,180,0,0,454815
0,34,2,0.5,-0.135845,180,0,0,454834
0,33,3,0.5,-0.13139,180,0,31,454851
0,31,3,0.5,-0.127205,180,0,31,454869
0,55,9,0.5,-0.11978,180,0,31,454890
0,22,4,0.5,-0.11681,180,0,0,454902
0,21,4,0.5,-0.113975,180,0,0,454921
0,21,3,0.5,-0.11114,180,0,0,454933
0,23,2,0.5,-0.108035,180,0,0,454951
0,24,2,0.5,-0.104795,180,0,0,454967
0,26,2,0.5,-0.101285,180,0,31,454985
0,28,2,0.5,-0.097505,180,0,31,455001
0,29,2,0.5,-0.09359,180,0,31,455016
0,30,2,0.5,-0.08954,180,0,0,455035
0,29,2,0.5,-0.085625,180,0,0,455052
0,28,1,0.5,-0.081845,180,0,0,455067
0,29,1,0.5,-0.07793,180,0,0,455083
0,27,2,0.5,-0.074285,180,0,0,455103
0,23,3,0.5,-0.07118,180,0,0,455119
0,22,3,0.5,-0.06821,180,0,0,455135
0,19,4,0.5,-0.065645,180,0,31,455158
0,18,3,0.5,-0.063215,180,0,31,455168
0,16,2,0.5,-0.061055,180,0,31,455185
0,17,1,0.5,-0.05876,180,0,0,455201
0,18,1,0.5,-0.05633,180,0,0,455219
0,19,1,0.5,-0.053765,180,0,0,455235
0,37,2,0.5,-0.04877,180,0,0,455252
0,15,2,0.5,-0.046745,180,0,0,455274
0,15,2,0.5,-0.04472,180,0,0,455287
0,11,2,0.5,-0.043235,180,0,0,455306
0,11,2,0.5,-0.04175,180,0,0,455317
0,10,2,0.5,-0.0404,180,0,0,455335
0,11,2,0.5,-0.038915,180,0,0,455351
0,12,1,0.5,-0.037295,180,0,0,455367
0,12,2,0.5,-0.035675,180,0,0,455387
0,12,2,0.5,-0.034055,180,0,0,455401
0,10,3,0.5,-0.032705,180,0,0,455418
0,10,4,0.5,-0.031355,180,0,0,455435
0,7,4,0.5,-0.03041,180,0,0,455454
0,9,4,0.5,-0.029195,180,0,0,455470
0,8,3,0.5,-0.028115,180,0,0,455485
0,9,3,0.5,-0.0269,180,0,0,455502
0,9,3,0.5,-0.025685,180,0,0,455519
0,9,3,0.5,-0.02447,180,0,0,455535
0,10,3,0.5,-0.02312,180,0,0,455552
0,13,4,0.5,-0.021365,180,0,0,455572
0,16,4,0.5,-0.019205,180,0,0,455587
0,19,4,0.5,-0.01664,180,0,0,455604
0,50,9,0.5,-0.00989,180,0,0,455622
0,0,0,0.5,-0.00989,180,0,0,455634
0,58,7,0.5,-0.00206,180,0,0,455656
0,0,0,0.5,-0.00206,180,0,0,455668
0,58,6,0.5,0.00577,180,0,0,455690
0,28,4,0.5,0.00955,180,0,0,455708
0,26,5,0.5,0.01306,180,0,0,455721
0,26,6,0.5,0.01657,180,0,0,455737
0,26,5,0.5,0.02008,180,0,0,455756
0,22,6,0.5,0.02305,180,0,0,455772
0,24,5,0.5,0.02629,180,0,0,455789
0,25,5,0.5,0.029665,180,0,0,455803
0,28,4,0.5,0.033445,180,0,0,455818
0,29,3,0.5,0.03736,180,0,0,455836
0,34,2,0.5,0.04195,180,0,0,455854
0,34,1,0.5,0.04654,180,0,0,455870
0,35,0,0.5,0.051265,180,0,0,455884
0,36,0,0.5,0.056125,180,0,0,455901
0,35,0,0.5,0.06085,180,0,0,455918
0,35,0,0.5,0.065575,180,0,0,455935
0,36,3,0.5,0.070435,180,0,0,455955
0,70,5,0.5,0.079885,180,0,0,455974
0,0,3,0.5,0.079885,180,0,0,455986
0,34,5,0.5,0.084475,180,0,0,456005
0,67,10,0.5,0.09352,180,0,0,456023
0,31,4,0.5,0.097705,180,0,0,456040
0,32,3,0.5,0.102025,180,0,0,456057
0,34,2,0.5,0.106615,180,0,0,456070
0,36,0,0.5,0.111475,180,0,0,456087
0,36,0,0.5,0.116335,180,0,0,456101
0,36,0,0.5,0.121195,180,0,0,456120
0,37,0,0.5,0.12619,180,0,0,456136
0,36,0,0.5,0.13105,180,0,0,456153
0,37,0,0.5,0.136045,180,0,0,456172
0,35,1,0.5,0.14077,180,0,0,456188
0,34,3,0.5,0.14536,180,0,0,456203
0,34,4,0.5,0.14995,180,0,0,456221
0,31,4,0.5,0.154135,180,0,0,456238
0,30,4,0.5,0.158185,180,0,0,456257
0,29,4,0.5,0.1621,180,0,0,456270
0,28,4,0.5,0.16588,180,0,0,456287
0,29,3,0.5,0.169795,180,0,0,456306
0,29,2,0.5,0.17371,180,0,0,456322
0,31,2,0.5,0.177895,180,0,0,456340
0,32,1,0.5,0.182215,180,0,0,456355
0,32,2,0.5,0.186535,180,0,0,456369
0,33,2,0.5,0.19099,180,0,0,456388
0,67,4,0.5,0.200035,180,0,0,456406
0,33,0,0.5,0.20449,180,0,0,456419
0,33,5,0.5,0.208945,180,0,0,456438
0,32,3,0.5,0.213265,180,0,0,456456
0,33,4,0.5,0.21772,180,0,0,456471
0,30,5,0.5,0.22177,180,0,0,456491
0,29,4,0.5,0.225685,180,0,0,456506
0,28,4,0.5,0.229465,180,0,0,456524
0,28,4,0.5,0.233245,180,0,0,456537
0,29,3,0.5,0.23716,180,0,0,456556
0,33,0,0.5,0.241615,180,0,0,456570
0,37,0,0.5,0.24661,180,0,0,456586
0,37,0,0.5,0.251605,180,0,0,456603
0,39,0,0.5,0.25687,180,0,0,456620
0,40,-1,0.5,0.26227,180,0,0,456641
0,39,-2,0.5,0.267535,180,0,0,456654
0,37,-2,0.5,0.27253,180,0,0,456670
0,38,-1,0.5,0.27766,180,0,0,456686
0,37,0,0.5,0.282655,180,0,0,456707
0,36,0,0.5,0.287515,180,0,0,456722
0,37,0,0.5,0.29251,180,0,0,456736
0,37,0,0.5,0.297505,180,0,0,456754
0,37,0,0.5,0.3025,180,0,0,456769
0,77,0,0.5,0.312895,180,0,0,456788
0,37,0,0.5,0.31789,180,0,0,456803
0,38,-7,0.5,0.32302,180,0,0,456825
0,40,-5,0.5,0.32842,180,0,0,456839
0,37,-5,0.5,0.333415,180,0,0,456856
0,35,-4,0.5,0.33814,180,0,0,456873
0,34,-3,0.5,0.34273,180,0,0,456887
0,37,-2,0.5,0.347725,180,0,0,456906
0,37,0,0.5,0.35272,180,0,0,456924
0,39,0,0.5,0.357985,180,0,0,456937
0,41,0,0.5,0.36352,180,0,0,456953
0,41,0,0.5,0.369055,180,0,0,456971
0,42,0,0.5,0.374725,180,0,0,456989
0,42,0,0.5,0.380395,180,0,0,457006
0,43,0,0.5,0.3862,180,0,0,457021
0,44,-1,0.5,0.39214,180,0,0,457037
0,45,-3,0.5,0.398215,180,0,0,457055
0,45,-2,0.5,0.40429,180,0,0,457072
0,45,-3,0.5,0.410365,180,0,0,457089
0,43,-2,0.5,0.41617,180,0,0,457108
0,43,0,0.5,0.421975,180,0,0,457121
0,42,0,0.5,0.427645,180,0,0,457137
0,41,0,0.5,0.43318,180,0,0,457154
0,86,0,0.5,0.44479,180,0,0,457175
0,42,0,0.5,0.45046,180,0,0,457191
0,43,0,0.5,0.456265,180,0,0,457207
0,42,0,0.5,0.461935,180,0,0,457220
0,41,-2,0.5,0.46747,180,0,0,457238
0,40,-3,0.5,0.47287,180,0,0,457256
0,39,-4,0.5,0.478135,180,0,0,457275
0,37,-3,0.5,0.48313,180,0,0,457289
0,36,-3,0.5,0.48799,180,0,0,457307
0,36,-1,0.5,0.49285,180,0,0,457321
0,37,0,0.5,0.497845,180,0,0,457338
0,38,0,0.5,0.502975,180,0,0,457356
0,40,0,0.5,0.508375,180,0,0,457373
0,42,0,0.5,0.514045,180,0,0,457392
0,43,0,0.5,0.51985,180,0,0,457404
0,43,0,0.5,0.525655,180,0,0,457424
0,43,-1,0.5,0.53146,180,0,0,457438
0,45,-4,0.5,0.537535,180,0,0,457463
0,43,-5,0.5,0.54334,180,0,0,457475
0,42,-5,0.5,0.54901,180,0,0,457493
0,43,-5,0.5,0.554815,180,0,0,457507
0,40,-4,0.5,0.560215,180,0,0,457523
0,42,-3,0.5,0.565885,180,0,0,457539
0,89,-4,0.5,0.5779,180,0,0,457561
0,46,-3,0.5,0.58411,180,0,0,457575
0,48,-2,0.5,0.59059,180,0,0,457590
0,45,-2,0.5,0.596665,180,0,0,457605
0,45,-2,0.5,0.60274,180,0,0,457622
0,43,-3,0.5,0.608545,180,0,0,457640
0,44,-4,0.5,0.614485,180,0,0,457658
0,41,-5,0.5,0.62002,180,0,0,457676
0,42,-5,0.5,0.62569,180,0,0,457692
0,41,-4,0.5,0.631225,180,0,0,457706
0,41,-3,0.5,0.63676,180,0,0,457722
0,40,-1,0.5,0.64216,180,0,0,457740
0,44,0,0.5,0.6481,180,0,0,457756
0,45,0,0.5,0.654175,180,0,0,457772
0,46,0,0.5,0.660385,180,0,0,457789
0,47,0,0.5,0.66673,180,0,0,457807
0,45,0,0.5,0.672805,180,0,0,457823
0,47,-1,0.5,0.67915,180,0,0,457840
0,48,-1,0.5,0.68563,180,0,0,457855
0,48,-2,0.5,0.69211,180,0,0,457875
0,50,-3,0.5,0.69886,180,0,0,457891
0,48,-1,0.5,0.70534,180,0,0,457906
0,46,0,0.5,0.71,180,0,0,457922
