0,109,-119,0.5,-0.695285,180,0,0,136107
0,23,-32,0.5,-0.69218,180,0,0,136123
0,17,-16,0.5,-0.689885,180,0,0,136135
0,18,-20,0.5,-0.687455,180,0,0,136152
0,21,-19,0.5,-0.68462,180,0,0,136172
0,18,-18,0.5,-0.68219,180,0,0,136188
0,13,-19,0.5,-0.680435,180,0,0,136203
0,10,-18,0.5,-0.679085,180,0,0,136215
0,10,-16,0.5,-0.677735,180,0,0,136229
0,0,0,0.5,-0.677735,180,0,0,136235
0,8,-15,0.5,-0.676655,180,0,0,136254
0,6,-30,0.5,-0.675845,180,0,0,136276
0,5,-15,0.5,-0.67517,180,0,0,136289
0,6,-15,0.5,-0.67436,180,0,0,136303
0,7,-16,0.5,-0.673415,180,0,0,136322
0,5,-16,0.5,-0.67274,180,0,0,136337
0,5,-16,0.5,-0.672065,180,0,0,136354
0,1,-15,0.5,-0.67193,180,0,0,136370
0,0,-16,0.5,-0.67193,180,0,0,136399
0,0,-29,0.5,-0.67193,180,0,0,136424
0,0,-14,0.5,-0.67193,180,0,0,136436
0,0,-14,0.5,-0.67193,180,0,0,136448
0,0,0,0.5,-0.67193,180,0,0,136454
0,0,-14,0.5,-0.67193,180,0,0,136469
0,1,-16,0.5,-0.671795,180,0,0,136486
0,5,-16,0.5,-0.67112,180,0,0,136504
0,3,-16,0.5,-0.670715,180,0,0,136520
0,0,-17,0.5,-0.670715,180,0,0,136537
0,0,-16,0.5,-0.670715,180,0,0,136558
0,0,-16,0.5,-0.670715,180,0,0,136577
0,0,-15,0.5,-0.670715,180,0,0,136594
0,0,-14,0.5,-0.670715,180,0,0,136607
0,4,-13,0.5,-0.670175,180,0,0,136621
0,7,-12,0.5,-0.66923,180,0,0,136637
0,10,-12,0.5,-0.66788,180,0,0,136653
0,21,-20,0.5,-0.665045,180,0,0,136674
0,10,-8,0.5,-0.663695,180,0,0,136687
0,9,-8,0.5,-0.66248,180,0,0,136702
0,8,-7,0.5,-0.6614,180,0,0,136720
0,5,-7,0.5,-0.660725,180,0,31,136736
0,2,-7,0.5,-0.660455,180,0,31,136751
0,-2,-9,0.5,-0.660725,180,0,31,136769
0,-2,-11,0.5,-0.660995,180,0,31,136788
0,0,-11,0.5,-0.660995,180,0,0,136808
0,1,-13,0.5,-0.66086,180,0,0,136822
0,6,-13,0.5,-0.66005,180,0,0,136839
0,8,-14,0.5,-0.65897,180,0,0,136857
0,8,-12,0.5,-0.65789,180,0,0,136878
0,13,-13,0.5,-0.656135,180,0,0,136891
0,10,-12,0.5,-0.654785,180,0,0,136905
0,9,-12,0.5,-0.65357,180,0,0,136920
0,6,-12,0.5,-0.65276,180,0,0,136935
0,8,-13,0.5,-0.65168,180,0,0,136961
0,7,-14,0.5,-0.650735,180,0,0,136974
0,7,-14,0.5,-0.64979,180,0,0,136986
0,8,-14,0.5,-0.64871,180,0,0,137003
0,10,-13,0.5,-0.64736,180,0,0,137021
0,11,-12,0.5,-0.645875,180,0,0,137035
0,15,-12,0.5,-0.64385,180,0,0,137054
0,33,-14,0.5,-0.639395,180,0,0,137071
0,19,-11,0.5,-0.63683,180,0,0,137085
0,20,-15,0.5,-0.63413,180,0,0,137105
0,22,-9,0.5,-0.63116,180,0,0,137120
0,20,-9,0.5,-0.62846,180,0,0,137141
0,21,-9,0.5,-0.625625,180,0,0,137158
0,20,-9,0.5,-0.622925,180,0,0,137170
0,21,-11,0.5,-0.62009,180,0,0,137189
0,23,-13,0.5,-0.616985,180,0,0,137205
0,25,-14,0.5,-0.61361,180,0,0,137221
0,23,-14,0.5,-0.610505,180,0,0,137241
0,20,-13,0.5,-0.607805,180,0,0,137256
0,19,-13,0.5,-0.60524,180,0,0,137276
0,17,-13,0.5,-0.602945,180,0,0,137288
0,20,-13,0.5,-0.600245,180,0,0,137306
0,18,-12,0.5,-0.597815,180,0,0,137319
0,18,-12,0.5,-0.595385,180,0,0,137338
0,16,-10,0.5,-0.593225,180,0,0,137353
0,14,-10,0.5,-0.591335,180,0,0,137371
0,14,-12,0.5,-0.589445,180,0,0,137388
0,13,-13,0.5,-0.58769,180,0,0,137406
0,13,-16,0.5,-0.585935,180,0,0,137421
0,14,-17,0.5,-0.584045,180,0,0,137437
0,16,-17,0.5,-0.581885,180,0,0,137453
0,45,-32,0.5,-0.57581,180,0,0,137477
0,28,-18,0.5,-0.57203,180,0,0,137492
0,31,-4,0.5,-0.567845,180,0,0,137501
0,33,-29,0.5,-0.56339,180,0,0,137525
0,34,-16,0.5,-0.5588,180,0,0,137538
0,31,-14,0.5,-0.554615,180,0,0,137555
0,29,-13,0.5,-0.5507,180,0,0,137571
0,24,-11,0.5,-0.54746,180,0,0,137586
0,18,-11,0.5,-0.54503,180,0,0,137605
0,14,-13,0.5,-0.54314,180,0,0,137622
0,9,-14,0.5,-0.541925,180,0,0,137641
0,7,-15,0.5,-0.54098,180,0,0,137655
0,5,-15,0.5,-0.540305,180,0,0,137672
0,5,-15,0.5,-0.53963,180,0,0,137686
0,4,-15,0.5,-0.53909,180,0,0,137703
0,2,-16,0.5,-0.53882,180,0,0,137721
0,0,-16,0.5,-0.53882,180,0,0,137740
0,0,-16,0.5,-0.53882,180,0,0,137758
0,-1,-16,0.5,-0.538955,180,0,0,137773
0,1,-17,0.5,-0.53882,180,0,0,137787
0,1,-16,0.5,-0.538685,180,0,0,137813
0,22,-30,0.5,-0.535715,180,0,0,137836
0,20,-15,0.5,-0.533015,180,0,0,137852
0,29,-17,0.5,-0.5291,180,0,0,137863
0,36,-15,0.5,-0.52424,180,0,0,137881
0,38,-12,0.5,-0.51911,180,0,0,137893
0,34,-10,0.5,-0.51452,180,0,0,137906
0,29,-9,0.5,-0.510605,180,0,0,137923
0,24,-10,0.5,-0.507365,180,0,0,137939
0,19,-13,0.5,-0.5048,180,0,0,137960
0,16,-15,0.5,-0.50264,180,0,0,137972
0,15,-17,0.5,-0.500615,180,0,0,137987
0,13,-17,0.5,-0.49886,180,0,0,138005
0,12,-16,0.5,-0.49724,180,0,0,138025
0,11,-18,0.5,-0.495755,180,0,0,138045
0,8,-16,0.5,-0.494675,180,0,0,138053
0,9,-17,0.5,-0.49346,180,0,0,138077
0,11,-16,0.5,-0.491975,180,0,0,138094
0,17,-16,0.5,-0.48968,180,0,0,138109
0,22,-15,0.5,-0.48671,180,0,0,138127
0,28,-15,0.5,-0.48293,180,0,0,138141
0,31,-15,0.5,-0.478745,180,0,0,138154
0,35,-15,0.5,-0.47402,180,0,0,138172
0,35,-16,0.5,-0.469295,180,0,0,138190
0,34,-15,0.5,-0.464705,180,0,0,138206
0,32,-16,0.5,-0.460385,180,0,0,138222
0,29,-16,0.5,-0.45647,180,0,0,138237
0,25,-16,0.5,-0.453095,180,0,0,138255
0,51,-34,0.5,-0.44621,180,0,0,138279
0,22,-17,0.5,-0.44324,180,0,0,138295
0,24,-18,0.5,-0.44,180,0,0,138315
0,22,-18,0.5,-0.43703,180,0,0,138324
0,22,-18,0.5,-0.43406,180,0,0,138344
0,24,-19,0.5,-0.43082,180,0,0,138361
0,25,-19,0.5,-0.427445,180,0,0,138370
0,29,-20,0.5,-0.42353,180,0,0,138388
0,32,-20,0.5,-0.41921,180,0,0,138406
0,35,-20,0.5,-0.414485,180,0,0,138424
0,35,-21,0.5,-0.40976,180,0,0,138441
0,34,-19,0.5,-0.40517,180,0,0,138461
0,35,-20,0.5,-0.400445,180,0,0,138473
0,28,-17,0.5,-0.396665,180,0,0,138494
0,26,-18,0.5,-0.393155,180,0,0,138507
0,24,-17,0.5,-0.389915,180,0,0,138525
0,22,-17,0.5,-0.386945,180,0,0,138542
0,23,-19,0.5,-0.38384,180,0,0,138558
0,22,-19,0.5,-0.38087,180,0,0,138574
0,22,-19,0.5,-0.3779,180,0,0,138588
0,23,-19,0.5,-0.374795,180,0,0,138606
0,23,-19,0.5,-0.37169,180,0,0,138622
0,51,-40,0.5,-0.364805,180,0,0,138656
0,55,-39,0.5,-0.35738,180,0,0,138681
0,25,-19,0.5,-0.354005,180,0,0,138693
0,19,-17,0.5,-0.35144,180,0,0,138709
0,0,0,0.5,-0.35144,180,0,0,138713
0,19,-18,0.5,-0.348875,180,0,0,138726
0,16,-17,0.5,-0.346715,180,0,0,138744
0,13,-17,0.5,-0.34496,180,0,0,138764
0,10,-16,0.5,-0.34361,180,0,0,138776
0,5,-17,0.5,-0.342935,180,0,0,138793
0,8,-16,0.5,-0.341855,180,0,0,138809
0,7,-15,0.5,-0.34091,180,0,0,138825
0,8,-15,0.5,-0.33983,180,0,0,138847
0,8,-15,0.5,-0.33875,180,0,31,138867
0,14,-28,0.5,-0.33686,180,0,31,138885
0,5,-13,0.5,-0.336185,180,0,31,138905
0,3,-12,0.5,-0.33578,180,0,31,138921
0,0,-11,0.5,-0.33578,180,0,0,138934
0,0,-9,0.5,-0.33578,180,0,0,138949
0,-4,-8,0.5,-0.33632,180,0,0,138959
0,-4,-9,0.5,-0.33686,180,0,0,138976
0,-4,-10,0.5,-0.3374,180,0,0,138991
0,-1,-10,0.5,-0.337535,180,0,0,139012
0,0,-10,0.5,-0.337535,180,0,0,139030
0,0,-10,0.5,-0.337535,180,0,0,139044
0,0,-11,0.5,-0.337535,180,0,31,139059
0,0,-10,0.5,-0.337535,180,0,31,139074
0,0,-11,0.5,-0.337535,180,0,31,139093
0,0,-10,0.5,-0.337535,180,0,31,139108
0,0,-9,0.5,-0.337535,180,0,31,139129
0,0,-8,0.5,-0.337535,180,0,0,139143
0,0,-8,0.5,-0.337535,180,0,0,139159
0,0,-7,0.5,-0.337535,180,0,0,139174
0,-2,-6,0.5,-0.337805,180,0,0,139192
0,-3,-5,0.5,-0.33821,180,0,0,139207
0,-5,-4,0.5,-0.338885,180,0,0,139223
0,-5,-3,0.5,-0.33956,180,0,0,139239
0,-8,-4,0.5,-0.34064,180,0,0,139256
0,-8,-4,0.5,-0.34172,180,0,0,139281
0,-9,-11,0.5,-0.342935,180,0,0,139294
0,0,0,0.5,-0.342935,180,0,0,139305
0,-2,-6,0.5,-0.343205,180,0,0,139324
0,1,-13,0.5,-0.34307,180,0,0,139345
0,3,-6,0.5,-0.342665,180,0,0,139359
0,3,-7,0.5,-0.34226,180,0,0,139375
0,4,-6,0.5,-0.34172,180,0,0,139391
0,5,-7,0.5,-0.341045,180,0,0,139407
0,6,-6,0.5,-0.340235,180,0,0,139424
0,7,-5,0.5,-0.33929,180,0,0,139442
0,7,-5,0.5,-0.338345,180,0,0,139457
0,8,-5,0.5,-0.337265,180,0,0,139480
0,6,-4,0.5,-0.336455,180,0,0,139490
0,6,-5,0.5,-0.335645,180,0,0,139510
0,5,-5,0.5,-0.33497,180,0,0,139530
0,5,-5,0.5,-0.334295,180,0,0,139544
0,5,-5,0.5,-0.33362,180,0,0,139557
0,2,-5,0.5,-0.33335,180,0,0,139573
0,2,-5,0.5,-0.33308,180,0,0,139590
0,1,-4,0.5,-0.332945,180,0,0,139610
0,1,-4,0.5,-0.33281,180,0,0,139623
0,2,-4,0.5,-0.33254,180,0,0,139643
0,2,-4,0.5,-0.33227,180,0,0,139656
0,4,-4,0.5,-0.33173,180,0,31,139673
0,5,-4,0.5,-0.331055,180,0,31,139691
0,4,-4,0.5,-0.330515,180,0,31,139707
0,4,-4,0.5,-0.329975,180,0,31,139724
0,3,-8,0.5,-0.32957,180,0,31,139741
0,1,-4,0.5,-0.329435,180,0,31,139756
0,-1,-3,0.5,-0.32957,180,0,0,139776
0,-2,-4,0.5,-0.32984,180,0,0,139795
0,-3,-4,0.5,-0.330245,180,0,0,139812
0,-4,-5,0.5,-0.330785,180,0,0,139824
0,-4,-6,0.5,-0.331325,180,0,0,139840
0,-4,-7,0.5,-0.331865,180,0,0,139859
0,-1,-8,0.5,-0.332,180,0,0,139876
0,1,-8,0.5,-0.331865,180,0,0,139894
0,5,-9,0.5,-0.33119,180,0,0,139911
0,7,-9,0.5,-0.330245,180,0,0,139928
0,9,-9,0.5,-0.32903,180,0,0,139943
0,8,-9,0.5,-0.32795,180,0,0,139959
0,10,-9,0.5,-0.3266,180,0,0,139974
0,10,-8,0.5,-0.32525,180,0,0,139995
0,10,-9,0.5,-0.3239,180,0,0,140007
0,10,-8,0.5,-0.32255,180,0,0,140026
0,8,-7,0.5,-0.32147,180,0,0,140040
0,8,-7,0.5,-0.32039,180,0,0,140058
0,7,-7,0.5,-0.319445,180,0,0,140076
0,6,-6,0.5,-0.318635,180,0,0,140094
0,6,-6,0.5,-0.317825,180,0,0,140113
0,5,-6,0.5,-0.31715,180,0,0,140130
0,13,-11,0.5,-0.315395,180,0,0,140144
0,7,-5,0.5,-0.31445,180,0,0,140157
0,9,-5,0.5,-0.313235,180,0,0,140178
0,9,-5,0.5,-0.31202,180,0,0,140190
0,10,-6,0.5,-0.31067,180,0,0,140208
0,11,-7,0.5,-0.309185,180,0,0,140223
0,11,-7,0.5,-0.3077,180,0,0,140242
0,14,-7,0.5,-0.30581,180,0,0,140262
0,15,-6,0.5,-0.303785,180,0,0,140275
0,16,-6,0.5,-0.301625,180,0,0,140290
0,15,-5,0.5,-0.2996,180,0,0,140309
0,13,-6,0.5,-0.297845,180,0,0,140323
0,11,-7,0.5,-0.29636,180,0,0,140345
0,8,-8,0.5,-0.29528,180,0,0,140359
0,7,-10,0.5,-0.294335,180,0,0,140378
0,8,-11,0.5,-0.293255,180,0,0,140393
0,7,-13,0.5,-0.29231,180,0,0,140410
0,6,-14,0.5,-0.2915,180,0,0,140427
0,4,-14,0.5,-0.29096,180,0,0,140445
0,1,-13,0.5,-0.290825,180,0,0,140461
0,0,-12,0.5,-0.290825,180,0,0,140481
0,-1,-19,0.5,-0.29096,180,0,0,140501
0,1,0,0.5,-0.290825,180,0,0,140507
0,0,-8,0.5,-0.290825,180,0,0,140525
0,6,-7,0.5,-0.290015,180,0,0,140541
0,20,-13,0.5,-0.287315,180,0,0,140559
0,14,-7,0.5,-0.285425,180,0,0,140574
0,20,-9,0.5,-0.282725,180,0,0,140592
0,27,-10,0.5,-0.27908,180,0,0,140607
0,31,-12,0.5,-0.274895,180,0,0,140629
0,33,-12,0.5,-0.27044,180,0,0,140642
0,26,-12,0.5,-0.26693,180,0,0,140662
0,16,-12,0.5,-0.26477,180,0,0,140676
0,10,-11,0.5,-0.26342,180,0,0,140694
0,5,-11,0.5,-0.262745,180,0,0,140712
0,4,-10,0.5,-0.262205,180,0,0,140725
0,1,-11,0.5,-0.26207,180,0,0,140753
0,0,-11,0.5,-0.26207,180,0,0,140761
0,0,-11,0.5,-0.26207,180,0,0,140774
0,0,-12,0.5,-0.26207,180,0,0,140792
0,0,-12,0.5,-0.26207,180,0,0,140809
0,0,-12,0.5,-0.26207,180,0,0,140826
0,0,-12,0.5,-0.26207,180,0,0,140844
0,0,-11,0.5,-0.26207,180,0,0,140858
0,-1,-11,0.5,-0.262205,180,0,0,140879
0,-2,-10,0.5,-0.262475,180,0,0,140891
0,-5,-10,0.5,-0.26315,180,0,0,140913
0,-11,-14,0.5,-0.264635,180,0,0,140927
0,0,-3,0.5,-0.264635,180,0,0,140940
0,-14,-13,0.5,-0.266525,180,0,0,140958
0,-7,-6,0.5,-0.26747,180,0,0,140973
0,-6,-6,0.5,-0.26828,180,0,0,140991
0,-7,-5,0.5,-0.269225,180,0,0,141010
0,-4,-4,0.5,-0.269765,180,0,0,141023
0,-6,-5,0.5,-0.270575,180,0,0,141041
0,-4,-4,0.5,-0.271115,180,0,0,141062
0,-4,-4,0.5,-0.271655,180,0,0,141077
0,-3,-3,0.5,-0.27206,180,0,0,141090
0,-3,-3,0.5,-0.272465,180,0,0,141107
0,-3,-3,0.5,-0.27287,180,0,0,141126
0,-3,-2,0.5,-0.273275,180,0,0,141140
0,-3,-2,0.5,-0.27368,180,0,0,141156
0,-3,-2,0.5,-0.274085,180,0,0,141172
0,-4,-2,0.5,-0.274625,180,0,0,141189
0,-4,-1,0.5,-0.275165,180,0,0,141206
0,-3,-2,0.5,-0.27557,180,0,0,141222
0,-3,-1,0.5,-0.275975,180,0,0,141240
0,-2,-2,0.5,-0.276245,180,0,0,141256
0,-4,-2,0.5,-0.276785,180,0,0,141273
0,-3,-2,0.5,-0.27719,180,0,0,141290
0,-3,-2,0.5,-0.277595,180,0,0,141306
0,-2,-2,0.5,-0.277865,180,0,0,141324
0,-3,-6,0.5,-0.27827,180,0,0,141342
0,-2,-3,0.5,-0.27854,180,0,0,141357
0,0,-2,0.5,-0.27854,180,0,0,141379
0,-1,-3,0.5,-0.278675,180,0,0,141390
0,0,-3,0.5,-0.278675,180,0,0,141406
0,0,-3,0.5,-0.278675,180,0,0,141427
0,0,-3,0.5,-0.278675,180,0,0,141443
0,-1,-3,0.5,-0.27881,180,0,0,141457
0,-1,-3,0.5,-0.278945,180,0,0,141475
0,-1,-3,0.5,-0.27908,180,0,0,141490
0,-1,-2,0.5,-0.279215,180,0,0,141506
0,-1,-2,0.5,-0.27935,180,0,0,141523
0,-3,-1,0.5,-0.279755,180,0,0,141540
0,-4,-1,0.5,-0.280295,180,0,0,141556
0,-6,-1,0.5,-0.281105,180,0,0,141572
0,-8,-1,0.5,-0.282185,180,0,0,141591
0,-8,-2,0.5,-0.283265,180,0,0,141607
0,-8,-2,0.5,-0.284345,180,0,0,141622
0,-6,-3,0.5,-0.285155,180,0,0,141641
0,-2,-4,0.5,-0.285425,180,0,0,141656
0,-1,-5,0.5,-0.28556,180,0,0,141687
0,4,-11,0.5,-0.28502,180,0,0,141698
0,0,0,0.5,-0.28502,180,0,0,141707
0,2,-6,0.5,-0.28475,180,0,0,141724
0,2,-6,0.5,-0.28448,180,0,0,141740
0,6,-12,0.5,-0.28367,180,0,0,141759
0,5,-6,0.5,-0.282995,180,0,0,141773
0,4,-5,0.5,-0.282455,180,0,0,141791
0,4,-4,0.5,-0.281915,180,0,0,141807
0,4,-3,0.5,-0.281375,180,0,0,141823
0,4,-3,0.5,-0.280835,180,0,0,141841
0,5,-2,0.5,-0.28016,180,0,0,141857
0,4,-2,0.5,-0.27962,180,0,0,141872
0,7,-2,0.5,-0.278675,180,0,0,141890
0,6,-2,0.5,-0.277865,180,0,0,141906
0,8,-3,0.5,-0.276785,180,0,0,141923
0,9,-3,0.5,-0.27557,180,0,0,141939
0,7,-3,0.5,-0.274625,180,0,0,141956
0,8,-4,0.5,-0.273545,180,0,0,141974
0,5,-4,0.5,-0.27287,180,0,0,141991
0,5,-5,0.5,-0.272195,180,0,0,142007
0,5,-5,0.5,-0.27152,180,0,0,142023
0,6,-6,0.5,-0.27071,180,0,0,142041
0,8,-6,0.5,-0.26963,180,0,0,142058
0,8,-7,0.5,-0.26855,180,0,0,142079
0,8,-6,0.5,-0.26747,180,0,0,142092
0,8,-6,0.5,-0.26639,180,0,0,142110
0,7,-6,0.5,-0.265445,180,0,0,142125
0,13,-12,0.5,-0.26369,180,0,0,142144
0,4,-5,0.5,-0.26315,180,0,0,142157
0,3,-6,0.5,-0.262745,180,0,0,142175
0,0,-5,0.5,-0.262745,180,0,0,142191
0,-1,-6,0.5,-0.26288,180,0,0,142208
0,-2,-6,0.5,-0.26315,180,0,0,142225
0,-4,-5,0.5,-0.26369,180,0,0,142241
0,-5,-5,0.5,-0.264365,180,0,0,142258
0,-6,-4,0.5,-0.265175,180,0,0,142275
0,-6,-3,0.5,-0.265985,180,0,0,142291
0,-6,-3,0.5,-0.266795,180,0,0,142307
0,-5,-2,0.5,-0.26747,180,0,0,142323
0,-4,-2,0.5,-0.26801,180,0,0,142340
0,-1,-1,0.5,-0.268145,180,0,0,142355
0,0,-1,0.5,-0.268145,180,0,0,142372
0,1,0,0.5,-0.26801,180,0,0,142389
0,1,0,0.5,-0.267875,180,0,0,142405
0,0,0,0.5,-0.267875,180,0,0,142423
0,1,0,0.5,-0.26774,180,0,0,142439
0,0,0,0.5,-0.26774,180,0,0,142455
0,0,0,0.5,-0.26774,180,0,0,142472
0,-1,-1,0.5,-0.267875,180,0,0,142490
0,0,-1,0.5,-0.267875,180,0,0,142506
0,-2,-1,0.5,-0.268145,180,0,0,142522
0,0,1,0.5,-0.268145,180,0,0,142540
0,-1,-3,0.5,-0.26828,180,0,0,142560
0,-1,-1,0.5,-0.268415,180,0,0,142572
0,0,-1,0.5,-0.268415,180,0,0,142589
0,0,-1,0.5,-0.268415,180,0,0,142606
0,0,-1,0.5,-0.268415,180,0,0,142622
0,0,0,0.5,-0.268415,180,0,0,142638
0,-1,0,0.5,-0.26855,180,0,0,142656
0,0,-1,0.5,-0.26855,180,0,0,142673
0,-1,0,0.5,-0.268685,180,0,0,142689
0,-1,-1,0.5,-0.26882,180,0,0,142706
0,0,0,0.5,-0.26882,180,0,0,142722
0,-1,-1,0.5,-0.268955,180,0,0,142739
0,0,0,0.5,-0.268955,180,0,0,142758
0,0,-1,0.5,-0.268955,180,0,0,142774
0,0,0,0.5,-0.268955,180,0,0,142789
0,0,-1,0.5,-0.268955,180,0,0,142807
0,0,0,0.5,-0.268955,180,0,0,142822
0,0,0,0.5,-0.268955,180,0,0,142838
0,1,-1,0.5,-0.26882,180,0,0,142856
0,0,0,0.5,-0.26882,180,0,0,142872
0,0,0,0.5,-0.26882,180,0,0,142889
0,-1,-1,0.5,-0.268955,180,0,0,142905
0,-1,0,0.5,-0.26909,180,0,0,142923
0,-1,-1,0.5,-0.269225,180,0,0,142940
0,-1,-1,0.5,-0.26936,180,0,0,142955
0,0,0,0.5,-0.26936,180,0,0,142972
0,0,0,0.5,-0.26936,180,0,0,142989
0,0,0,0.5,-0.26936,180,0,0,143005
0,0,0,0.5,-0.26936,180,0,0,143022
0,-1,0,0.5,-0.269495,180,0,0,143039
0,0,0,0.5,-0.269495,180,0,0,143055
0,0,0,0.5,-0.269495,180,0,0,143072
0,0,0,0.5,-0.269495,180,0,0,143090
0,0,0,0.5,-0.269495,180,0,0,143105
0,-1,0,0.5,-0.26963,180,0,0,143122
0,0,0,0.5,-0.26963,180,0,0,143138
0,0,0,0.5,-0.26963,180,0,0,143155
0,0,0,0.5,-0.26963,180,0,0,143171
0,-1,0,0.5,-0.269765,180,0,0,143189
0,0,0,0.5,-0.269765,180,0,0,143205
0,0,0,0.5,-0.269765,180,0,0,143221
0,0,0,0.5,-0.269765,180,0,0,143238
0,0,0,0.5,-0.269765,180,0,0,143255
0,0,0,0.5,-0.269765,180,0,0,143272
0,0,0,0.5,-0.269765,180,0,0,143288
0,1,0,0.5,-0.26963,180,0,0,143305
0,0,0,0.5,-0.26963,180,0,0,143321
0,0,0,0.5,-0.26963,180,0,0,143338
0,0,0,0.5,-0.26963,180,0,0,143355
0,0,0,0.5,-0.26963,180,0,0,143371
0,0,0,0.5,-0.26963,180,0,0,143388
0,0,0,0.5,-0.26963,180,0,0,143405
0,0,0,0.5,-0.26963,180,0,0,143422
0,-2,0,0.5,-0.2699,180,0,0,143439
0,-1,0,0.5,-0.270035,180,0,0,143455
0,0,0,0.5,-0.270035,180,0,0,143472
0,0,0,0.5,-0.270035,180,0,0,143488
0,0,0,0.5,-0.270035,180,0,0,143505
0,0,0,0.5,-0.270035,180,0,0,143521
0,0,0,0.5,-0.270035,180,0,0,143538
0,0,0,0.5,-0.270035,180,0,0,143555
0,0,0,0.5,-0.270035,180,0,0,143571
0,0,0,0.5,-0.270035,180,0,0,143588
0,0,0,0.5,-0.270035,180,0,0,143605
0,0,0,0.5,-0.270035,180,0,0,143621
0,0,1,0.5,-0.270035,180,0,0,143640
0,0,0,0.5,-0.270035,180,0,0,143655
0,0,0,0.5,-0.270035,180,0,0,143671
0,0,0,0.5,-0.270035,180,0,0,143688
0,1,0,0.5,-0.2699,180,0,0,143706
0,1,0,0.5,-0.269765,180,0,0,143722
0,0,0,0.5,-0.269765,180,0,0,143738
0,1,0,0.5,-0.26963,180,0,0,143756
0,0,0,0.5,-0.26963,180,0,0,143771
0,1,0,0.5,-0.269495,180,0,0,143789
0,0,0,0.5,-0.269495,180,0,0,143805
0,0,0,0.5,-0.269495,180,0,0,143821
0,0,0,0.5,-0.269495,180,0,0,143838
0,0,0,0.5,-0.269495,180,0,0,143855
0,0,0,0.5,-0.269495,180,0,0,143871
0,0,0,0.5,-0.269495,180,0,0,143888
0,0,0,0.5,-0.269495,180,0,0,143905
0,0,0,0.5,-0.269495,180,0,0,143922
0,1,0,0.5,-0.26936,180,0,0,143939
0,0,0,0.5,-0.26936,180,0,0,143955
0,1,0,0.5,-0.269225,180,0,0,143972
0,1,0,0.5,-0.26909,180,0,0,143988
0,0,0,0.5,-0.26909,180,0,0,144005
0,1,0,0.5,-0.268955,180,0,0,144022
0,0,0,0.5,-0.268955,180,0,0,144039
0,0,0,0.5,-0.268955,180,0,0,144055
0,-1,0,0.5,-0.26909,180,0,0,144071
0,0,0,0.5,-0.26909,180,0,0,144088
0,-1,0,0.5,-0.269225,180,0,0,144105
0,0,0,0.5,-0.269225,180,0,0,144121
0,0,0,0.5,-0.269225,180,0,0,144138
0,1,1,0.5,-0.26909,180,0,0,144155
0,2,1,0.5,-0.26882,180,0,0,144172
0,1,0,0.5,-0.268685,180,0,0,144189
0,1,0,0.5,-0.26855,180,0,0,144205
0,0,0,0.5,-0.26855,180,0,0,144221
0,1,0,0.5,-0.268415,180,0,0,144241
0,0,0,0.5,-0.268415,180,0,0,144255
0,-1,0,0.5,-0.26855,180,0,0,144273
0,0,0,0.5,-0.26855,180,0,0,144289
0,-1,0,0.5,-0.268685,180,0,0,144305
0,0,0,0.5,-0.268685,180,0,0,144321
0,1,1,0.5,-0.26855,180,0,0,144339
0,0,0,0.5,-0.26855,180,0,0,144355
0,2,1,0.5,-0.26828,180,0,0,144373
0,1,0,0.5,-0.268145,180,0,0,144388
0,0,0,0.5,-0.268145,180,0,0,144405
0,1,0,0.5,-0.26801,180,0,0,144422
0,0,0,0.5,-0.26801,180,0,0,144438
0,0,0,0.5,-0.26801,180,0,0,144455
0,0,0,0.5,-0.26801,180,0,0,144471
0,0,0,0.5,-0.26801,180,0,0,144489
0,-1,0,0.5,-0.268145,180,0,0,144505
0,0,0,0.5,-0.268145,180,0,0,144521
0,1,1,0.5,-0.26801,180,0,0,144539
0,2,0,0.5,-0.26774,180,0,0,144555
0,2,0,0.5,-0.26747,180,0,0,144572
0,0,0,0.5,-0.26747,180,0,0,144588
0,1,1,0.5,-0.267335,180,0,0,144608
0,0,0,0.5,-0.267335,180,0,0,144623
0,0,0,0.5,-0.267335,180,0,0,144639
0,0,0,0.5,-0.267335,180,0,0,144655
0,0,0,0.5,-0.267335,180,0,0,144672
0,0,0,0.5,-0.267335,180,0,0,144688
0,0,0,0.5,-0.267335,180,0,0,144705
0,0,0,0.5,-0.267335,180,0,0,144722
0,1,0,0.5,-0.2672,180,0,0,144738
0,1,1,0.5,-0.267065,180,0,0,144755
0,1,0,0.5,-0.26693,180,0,0,144772
0,1,0,0.5,-0.266795,180,0,0,144792
0,0,0,0.5,-0.266795,180,0,0,144809
0,0,0,0.5,-0.266795,180,0,0,144822
0,0,0,0.5,-0.266795,180,0,0,144839
0,0,0,0.5,-0.266795,180,0,0,144855
0,1,0,0.5,-0.26666,180,0,0,144872
0,0,0,0.5,-0.26666,180,0,0,144888
0,0,0,0.5,-0.26666,180,0,0,144905
0,0,0,0.5,-0.26666,180,0,0,144921
0,0,0,0.5,-0.26666,180,0,0,144938
0,0,0,0.5,-0.26666,180,0,0,144955
0,1,0,0.5,-0.266525,180,0,0,144972
0,1,0,0.5,-0.26639,180,0,0,144988
0,0,0,0.5,-0.26639,180,0,0,145005
0,0,0,0.5,-0.26639,180,0,0,145021
0,1,0,0.5,-0.266255,180,0,0,145039
0,0,0,0.5,-0.266255,180,0,0,145055
0,1,0,0.5,-0.26612,180,0,0,145071
0,0,0,0.5,-0.26612,180,0,0,145088
0,0,0,0.5,-0.26612,180,0,0,145105
0,1,0,0.5,-0.265985,180,0,0,145121
0,0,0,0.5,-0.265985,180,0,0,145138
0,0,0,0.5,-0.265985,180,0,0,145155
0,0,0,0.5,-0.265985,180,0,0,145171
0,0,0,0.5,-0.265985,180,0,0,145188
0,0,0,0.5,-0.265985,180,0,0,145205
0,0,0,0.5,-0.265985,180,0,0,145221
0,0,0,0.5,-0.265985,180,0,0,145238
0,-3,0,0.5,-0.26639,180,0,0,145255
0,-1,0,0.5,-0.266525,180,0,0,145271
0,0,0,0.5,-0.266525,180,0,0,145288
0,0,0,0.5,-0.266525,180,0,0,145305
0,1,0,0.5,-0.26639,180,0,0,145322
0,1,0,0.5,-0.266255,180,0,0,145339
0,2,0,0.5,-0.265985,180,0,0,145355
0,1,0,0.5,-0.26585,180,0,0,145372
0,0,0,0.5,-0.26585,180,0,0,145389
0,0,0,0.5,-0.26585,180,0,0,145405
0,0,0,0.5,-0.26585,180,0,0,145422
0,0,0,0.5,-0.26585,180,0,0,145438
0,0,0,0.5,-0.26585,180,0,0,145455
0,0,0,0.5,-0.26585,180,0,0,145471
0,0,0,0.5,-0.26585,180,0,0,145488
0,0,0,0.5,-0.26585,180,0,0,145505
0,0,0,0.5,-0.26585,180,0,0,145521
0,0,0,0.5,-0.26585,180,0,0,145542
0,0,0,0.5,-0.26585,180,0,0,145555
0,1,0,0.5,-0.265715,180,0,0,145571
0,0,0,0.5,-0.265715,180,0,0,145588
0,0,0,0.5,-0.265715,180,0,0,145605
0,0,0,0.5,-0.265715,180,0,0,145621
0,0,0,0.5,-0.265715,180,0,0,145638
0,0,0,0.5,-0.265715,180,0,0,145655
0,0,0,0.5,-0.265715,180,0,0,145671
0,0,0,0.5,-0.265715,180,0,0,145688
0,0,0,0.5,-0.265715,180,0,0,145705
0,0,0,0.5,-0.265715,180,0,0,145721
0,0,0,0.5,-0.265715,180,0,0,145738
0,0,0,0.5,-0.265715,180,0,0,145755
0,0,0,0.5,-0.265715,180,0,0,145771
0,0,0,0.5,-0.265715,180,0,0,145788
0,0,0,0.5,-0.265715,180,0,0,145805
0,0,0,0.5,-0.265715,180,0,0,145821
0,0,0,0.5,-0.265715,180,0,0,145838
0,0,0,0.5,-0.265715,180,0,0,145855
0,1,0,0.5,-0.26558,180,0,0,145872
0,0,0,0.5,-0.26558,180,0,0,145888
0,0,0,0.5,-0.26558,180,0,0,145905
0,0,0,0.5,-0.26558,180,0,0,145921
0,0,0,0.5,-0.26558,180,0,0,145938
0,0,0,0.5,-0.26558,180,0,0,145955
0,0,0,0.5,-0.26558,180,0,0,145971
0,0,0,0.5,-0.26558,180,0,0,145990
0,0,0,0.5,-0.26558,180,0,0,146005
0,0,0,0.5,-0.26558,180,0,0,146022
0,0,-1,0.5,-0.26558,180,0,0,146038
0,0,0,0.5,-0.26558,180,0,0,146054
0,0,0,0.5,-0.26558,180,0,0,146071
0,0,0,0.5,-0.26558,180,0,0,146088
0,-1,0,0.5,-0.265715,180,0,0,146105
0,0,0,0.5,-0.265715,180,0,0,146121
0,0,0,0.5,-0.265715,180,0,0,146141
0,0,0,0.5,-0.265715,180,0,0,146156
0,0,0,0.5,-0.265715,180,0,0,146172
0,0,0,0.5,-0.265715,180,0,0,146188
0,0,0,0.5,-0.265715,180,0,0,146205
0,0,0,0.5,-0.265715,180,0,0,146222
0,-1,0,0.5,-0.26585,180,0,0,146240
0,0,0,0.5,-0.26585,180,0,0,146255
0,0,0,0.5,-0.26585,180,0,0,146272
0,0,0,0.5,-0.26585,180,0,0,146289
0,0,0,0.5,-0.26585,180,0,0,146306
0,0,0,0.5,-0.26585,180,0,0,146323
0,0,0,0.5,-0.26585,180,0,0,146340
0,0,0,0.5,-0.26585,180,0,0,146356
0,0,0,0.5,-0.26585,180,0,0,146372
0,0,0,0.5,-0.26585,180,0,0,146391
0,0,0,0.5,-0.26585,180,0,0,146407
0,0,0,0.5,-0.26585,180,0,0,146423
0,0,0,0.5,-0.26585,180,0,0,146439
0,0,0,0.5,-0.26585,180,0,0,146456
0,0,0,0.5,-0.26585,180,0,0,146474
0,0,0,0.5,-0.26585,180,0,0,146489
0,0,0,0.5,-0.26585,180,0,0,146506
0,0,0,0.5,-0.26585,180,0,0,146523
0,0,0,0.5,-0.26585,180,0,0,146540
0,-1,0,0.5,-0.265985,180,0,0,146555
0,0,0,0.5,-0.265985,180,0,0,146573
0,0,0,0.5,-0.265985,180,0,0,146589
0,0,0,0.5,-0.265985,180,0,0,146606
0,0,0,0.5,-0.265985,180,0,0,146622
0,0,0,0.5,-0.265985,180,0,0,146641
0,0,0,0.5,-0.265985,180,0,0,146655
0,0,0,0.5,-0.265985,180,0,0,146673
0,0,0,0.5,-0.265985,180,0,0,146689
0,0,0,0.5,-0.265985,180,0,0,146708
0,0,0,0.5,-0.265985,180,0,0,146722
0,0,0,0.5,-0.265985,180,0,0,146740
0,0,0,0.5,-0.265985,180,0,0,146756
0,0,0,0.5,-0.265985,180,0,0,146773
0,-1,0,0.5,-0.26612,180,0,0,146790
0,0,0,0.5,-0.26612,180,0,0,146806
0,0,0,0.5,-0.26612,180,0,0,146824
0,0,0,0.5,-0.26612,180,0,0,146842
0,0,0,0.5,-0.26612,180,0,0,146857
0,0,0,0.5,-0.26612,180,0,0,146873
0,0,0,0.5,-0.26612,180,0,0,146890
0,0,0,0.5,-0.26612,180,0,0,146906
0,0,0,0.5,-0.26612,180,0,0,146923
0,0,0,0.5,-0.26612,180,0,0,146939
0,0,0,0.5,-0.26612,180,0,0,146957
0,0,0,0.5,-0.26612,180,0,0,146973
0,0,0,0.5,-0.26612,180,0,0,146989
0,0,0,0.5,-0.26612,180,0,0,147006
0,0,0,0.5,-0.26612,180,0,0,147023
0,0,0,0.5,-0.26612,180,0,0,147040
0,0,0,0.5,-0.26612,180,0,0,147058
0,-1,0,0.5,-0.266255,180,0,0,147073
0,0,0,0.5,-0.266255,180,0,0,147090
0,0,0,0.5,-0.266255,180,0,0,147107
0,0,0,0.5,-0.266255,180,0,0,147123
0,0,0,0.5,-0.266255,180,0,0,147140
0,0,0,0.5,-0.266255,180,0,0,147160
0,0,0,0.5,-0.266255,180,0,0,147176
0,0,0,0.5,-0.266255,180,0,0,147191
0,0,0,0.5,-0.266255,180,0,0,147207
0,0,0,0.5,-0.266255,180,0,0,147224
0,0,0,0.5,-0.266255,180,0,0,147240
0,0,0,0.5,-0.266255,180,0,0,147257
0,0,0,0.5,-0.266255,180,0,0,147274
0,0,0,0.5,-0.266255,180,0,0,147291
0,0,0,0.5,-0.266255,180,0,0,147308
0,0,0,0.5,-0.266255,180,0,0,147325
0,0,0,0.5,-0.266255,180,0,0,147341
0,0,0,0.5,-0.266255,180,0,0,147358
0,0,0,0.5,-0.266255,180,0,0,147375
0,0,0,0.5,-0.266255,180,0,0,147391
0,0,0,0.5,-0.266255,180,0,0,147410
0,0,0,0.5,-0.266255,180,0,0,147427
0,0,0,0.5,-0.266255,180,0,0,147443
0,0,0,0.5,-0.266255,180,0,0,147459
0,0,0,0.5,-0.266255,180,0,0,147475
0,0,0,0.5,-0.266255,180,0,0,147491
0,0,0,0.5,-0.266255,180,0,0,147511
0,0,0,0.5,-0.266255,180,0,0,147525
0,0,0,0.5,-0.266255,180,0,0,147542
0,0,0,0.5,-0.266255,180,0,0,147558
0,0,0,0.5,-0.266255,180,0,0,147574
0,0,0,0.5,-0.266255,180,0,0,147593
0,0,0,0.5,-0.266255,180,0,0,147608
0,0,0,0.5,-0.266255,180,0,0,147624
0,0,0,0.5,-0.266255,180,0,0,147641
0,0,0,0.5,-0.266255,180,0,0,147658
0,0,0,0.5,-0.266255,180,0,0,147675
0,0,0,0.5,-0.266255,180,0,0,147691
0,0,0,0.5,-0.266255,180,0,0,147710
0,0,0,0.5,-0.266255,180,0,0,147724
0,0,0,0.5,-0.266255,180,0,0,147741
0,0,0,0.5,-0.266255,180,0,0,147759
0,0,0,0.5,-0.266255,180,0,0,147775
0,0,0,0.5,-0.266255,180,0,0,147791
0,0,0,0.5,-0.266255,180,0,0,147810
0,0,0,0.5,-0.266255,180,0,0,147825
0,0,0,0.5,-0.266255,180,0,0,147841
0,0,0,0.5,-0.266255,180,0,0,147858
0,0,0,0.5,-0.266255,180,0,0,147875
0,0,0,0.5,-0.266255,180,0,0,147892
0,0,0,0.5,-0.266255,180,0,0,147908
0,0,0,0.5,-0.266255,180,0,0,147926
0,0,0,0.5,-0.266255,180,0,0,147941
0,0,0,0.5,-0.266255,180,0,0,147958
0,0,0,0.5,-0.266255,180,0,0,147975
0,0,0,0.5,-0.266255,180,0,0,147992
0,0,0,0.5,-0.266255,180,0,0,148009
0,0,0,0.5,-0.266255,180,0,0,148026
0,0,0,0.5,-0.266255,180,0,0,148042
0,0,0,0.5,-0.266255,180,0,0,148058
0,0,0,0.5,-0.266255,180,0,0,148075
0,0,0,0.5,-0.266255,180,0,0,148092
0,0,0,0.5,-0.266255,180,0,0,148109
0,0,0,0.5,-0.266255,180,0,0,148125
0,0,0,0.5,-0.266255,180,0,0,148143
0,0,0,0.5,-0.266255,180,0,0,148159
0,0,0,0.5,-0.266255,180,0,0,148175
0,1,0,0.5,-0.26612,180,0,0,148193
0,0,0,0.5,-0.26612,180,0,0,148209
0,0,0,0.5,-0.26612,180,0,0,148225
0,0,0,0.5,-0.26612,180,0,0,148244
0,0,0,0.5,-0.26612,180,0,0,148262
0,0,0,0.5,-0.26612,180,0,0,148277
0,0,0,0.5,-0.26612,180,0,0,148293
0,0,0,0.5,-0.26612,180,0,0,148310
0,0,0,0.5,-0.26612,180,0,0,148327
0,0,0,0.5,-0.26612,180,0,0,148343
0,0,0,0.5,-0.26612,180,0,0,148360
0,0,0,0.5,-0.26612,180,0,0,148376
0,0,0,0.5,-0.26612,180,0,0,148393
0,0,0,0.5,-0.26612,180,0,0,148412
0,0,0,0.5,-0.26612,180,0,0,148427
0,0,0,0.5,-0.26612,180,0,0,148443
0,0,0,0.5,-0.26612,180,0,0,148461
0,0,0,0.5,-0.26612,180,0,0,148477
0,0,0,0.5,-0.26612,180,0,0,148493
0,0,0,0.5,-0.26612,180,0,0,148512
0,0,0,0.5,-0.26612,180,0,0,148530
0,0,0,0.5,-0.26612,180,0,0,148543
0,0,0,0.5,-0.26612,180,0,0,148561
0,0,0,0.5,-0.26612,180,0,0,148576
0,0,0,0.5,-0.26612,180,0,0,148593
0,0,0,0.5,-0.26612,180,0,0,148610
0,0,0,0.5,-0.26612,180,0,0,148626
0,0,0,0.5,-0.26612,180,0,0,148643
0,0,0,0.5,-0.26612,180,0,0,148660
0,0,0,0.5,-0.26612,180,0,0,148677
0,0,0,0.5,-0.26612,180,0,0,148693
0,0,0,0.5,-0.26612,180,0,0,148711
0,0,0,0.5,-0.26612,180,0,0,148727
0,0,0,0.5,-0.26612,180,0,0,148743
0,0,0,0.5,-0.26612,180,0,0,148760
0,0,0,0.5,-0.26612,180,0,0,148777
0,0,0,0.5,-0.26612,180,0,0,148793
0,0,0,0.5,-0.26612,180,0,0,148810
0,0,0,0.5,-0.26612,180,0,0,148827
0,0,0,0.5,-0.26612,180,0,0,148844
0,0,0,0.5,-0.26612,180,0,0,148860
0,0,0,0.5,-0.26612,180,0,0,148876
0,0,0,0.5,-0.26612,180,0,0,148893
0,0,0,0.5,-0.26612,180,0,0,148910
0,0,0,0.5,-0.26612,180,0,0,148927
0,0,0,0.5,-0.26612,180,0,0,148946
0,0,0,0.5,-0.26612,180,0,0,148961
0,0,0,0.5,-0.26612,180,0,0,148977
0,0,0,0.5,-0.26612,180,0,0,148993
0,0,0,0.5,-0.26612,180,0,0,149010
0,0,0,0.5,-0.26612,180,0,0,149027
0,0,0,0.5,-0.26612,180,0,0,149044
0,0,0,0.5,-0.26612,180,0,0,149062
0,0,0,0.5,-0.26612,180,0,0,149078
0,0,0,0.5,-0.26612,180,0,0,149094
0,0,0,0.5,-0.26612,180,0,0,149110
0,0,0,0.5,-0.26612,180,0,0,149127
0,0,0,0.5,-0.26612,180,0,0,149144
0,0,0,0.5,-0.26612,180,0,0,149161
0,0,0,0.5,-0.26612,180,0,0,149179
0,0,0,0.5,-0.26612,180,0,0,149195
0,0,0,0.5,-0.26612,180,0,0,149211
0,0,0,0.5,-0.26612,180,0,0,149227
0,0,0,0.5,-0.26612,180,0,0,149244
0,0,0,0.5,-0.26612,180,0,0,149262
0,0,0,0.5,-0.26612,180,0,0,149279
0,0,0,0.5,-0.26612,180,0,0,149295
0,0,0,0.5,-0.26612,180,0,0,149312
0,0,0,0.5,-0.26612,180,0,0,149328
0,0,0,0.5,-0.26612,180,0,0,149346
0,0,0,0.5,-0.26612,180,0,0,149363
0,0,0,0.5,-0.26612,180,0,0,149378
0,0,0,0.5,-0.26612,180,0,0,149395
0,0,0,0.5,-0.26612,180,0,0,149412
0,0,0,0.5,-0.26612,180,0,0,149428
0,0,0,0.5,-0.26612,180,0,0,149447
0,0,0,0.5,-0.26612,180,0,0,149464
0,0,0,0.5,-0.26612,180,0,0,149481
0,0,0,0.5,-0.26612,180,0,0,149496
0,0,0,0.5,-0.26612,180,0,0,149512
0,0,0,0.5,-0.26612,180,0,0,149529
0,0,0,0.5,-0.26612,180,0,0,149546
0,0,0,0.5,-0.26612,180,0,0,149562
0,0,0,0.5,-0.26612,180,0,0,149578
0,0,0,0.5,-0.26612,180,0,0,149595
0,0,0,0.5,-0.26612,180,0,0,149611
0,0,0,0.5,-0.26612,180,0,0,149628
0,0,0,0.5,-0.26612,180,0,0,149646
0,0,0,0.5,-0.26612,180,0,0,149662
0,0,0,0.5,-0.26612,180,0,0,149678
0,0,0,0.5,-0.26612,180,0,0,149695
0,0,0,0.5,-0.26612,180,0,0,149712
0,0,0,0.5,-0.26612,180,0,0,149729
0,0,0,0.5,-0.26612,180,0,0,149745
0,0,0,0.5,-0.26612,180,0,0,149761
0,0,0,0.5,-0.26612,180,0,0,149780
0,0,0,0.5,-0.26612,180,0,0,149795
0,0,0,0.5,-0.26612,180,0,0,149812
0,0,0,0.5,-0.26612,180,0,0,149829
0,0,0,0.5,-0.26612,180,0,0,149845
0,0,0,0.5,-0.26612,180,0,0,149862
0,0,0,0.5,-0.26612,180,0,0,149881
0,0,0,0.5,-0.26612,180,0,0,149896
0,0,0,0.5,-0.26612,180,0,0,149912
0,0,0,0.5,-0.26612,180,0,0,149929
0,0,0,0.5,-0.26612,180,0,0,149946
0,0,0,0.5,-0.26612,180,0,0,149962
0,0,0,0.5,-0.26612,180,0,0,149978
0,1,0,0.5,-0.265985,180,0,0,149998
0,0,0,0.5,-0.265985,180,0,0,150013
0,0,0,0.5,-0.265985,180,0,0,150029
0,0,0,0.5,-0.265985,180,0,0,150045
0,0,0,0.5,-0.265985,180,0,0,150062
0,0,0,0.5,-0.265985,180,0,0,150080
0,0,0,0.5,-0.265985,180,0,0,150096
0,0,0,0.5,-0.265985,180,0,0,150112
0,0,0,0.5,-0.265985,180,0,0,150130
0,0,0,0.5,-0.265985,180,0,0,150146
0,0,0,0.5,-0.265985,180,0,0,150162
0,0,0,0.5,-0.265985,180,0,0,150179
0,0,0,0.5,-0.265985,180,0,0,150196
0,0,0,0.5,-0.265985,180,0,0,150213
0,0,0,0.5,-0.265985,180,0,0,150229
0,0,0,0.5,-0.265985,180,0,0,150246
0,0,0,0.5,-0.265985,180,0,0,150263
0,0,0,0.5,-0.265985,180,0,0,150282
0,0,0,0.5,-0.265985,180,0,0,150297
0,0,0,0.5,-0.265985,180,0,0,150314
0,0,0,0.5,-0.265985,180,0,0,150331
0,0,0,0.5,-0.265985,180,0,0,150348
0,0,0,0.5,-0.265985,180,0,0,150365
0,0,0,0.5,-0.265985,180,0,0,150380
0,0,0,0.5,-0.265985,180,0,0,150397
0,0,0,0.5,-0.265985,180,0,0,150413
0,0,0,0.5,-0.265985,180,0,0,150430
0,0,0,0.5,-0.265985,180,0,0,150446
0,0,0,0.5,-0.265985,180,0,0,150464
0,0,0,0.5,-0.265985,180,0,0,150481
0,0,0,0.5,-0.265985,180,0,0,150497
0,0,0,0.5,-0.265985,180,0,0,150513
0,0,0,0.5,-0.265985,180,0,0,150531
0,0,0,0.5,-0.265985,180,0,0,150546
0,0,0,0.5,-0.265985,180,0,0,150563
0,0,0,0.5,-0.265985,180,0,0,150580
0,0,0,0.5,-0.265985,180,0,0,150597
0,0,0,0.5,-0.265985,180,0,0,150613
0,0,0,0.5,-0.265985,180,0,0,150630
0,1,0,0.5,-0.26585,180,0,0,150647
0,0,0,0.5,-0.26585,180,0,0,150664
0,0,0,0.5,-0.26585,180,0,0,150680
0,0,0,0.5,-0.26585,180,0,0,150697
0,0,0,0.5,-0.26585,180,0,0,150714
0,0,0,0.5,-0.26585,180,0,0,150730
0,0,0,0.5,-0.26585,180,0,0,150747
0,0,0,0.5,-0.26585,180,0,0,150764
0,0,0,0.5,-0.26585,180,0,0,150780
0,0,0,0.5,-0.26585,180,0,0,150797
0,0,0,0.5,-0.26585,180,0,0,150814
0,0,0,0.5,-0.26585,180,0,0,150831
0,0,0,0.5,-0.26585,180,0,0,150847
0,0,0,0.5,-0.26585,180,0,0,150864
0,0,0,0.5,-0.26585,180,0,0,150880
0,0,0,0.5,-0.26585,180,0,0,150897
0,0,0,0.5,-0.26585,180,0,0,150914
0,0,0,0.5,-0.26585,180,0,0,150931
0,0,0,0.5,-0.26585,180,0,0,150948
0,0,0,0.5,-0.26585,180,0,0,150964
0,0,0,0.5,-0.26585,180,0,0,150981
0,0,0,0.5,-0.26585,180,0,0,150997
0,0,0,0.5,-0.26585,180,0,0,151015
0,0,0,0.5,-0.26585,180,0,0,151031
0,0,0,0.5,-0.26585,180,0,0,151047
0,0,0,0.5,-0.26585,180,0,0,151064
0,0,0,0.5,-0.26585,180,0,0,151082
0,0,0,0.5,-0.26585,180,0,0,151099
0,0,0,0.5,-0.26585,180,0,0,151116
0,0,0,0.5,-0.26585,180,0,0,151132
0,0,0,0.5,-0.26585,180,0,0,151149
0,0,0,0.5,-0.26585,180,0,0,151165
0,0,0,0.5,-0.26585,180,0,0,151182
0,0,0,0.5,-0.26585,180,0,0,151199
0,0,0,0.5,-0.26585,180,0,0,151215
0,0,0,0.5,-0.26585,180,0,0,151232
0,0,0,0.5,-0.26585,180,0,0,151248
0,0,0,0.5,-0.26585,180,0,0,151265
0,0,0,0.5,-0.26585,180,0,0,151282
0,0,0,0.5,-0.26585,180,0,0,151299
0,0,0,0.5,-0.26585,180,0,0,151315
0,0,0,0.5,-0.26585,180,0,0,151332
0,0,0,0.5,-0.26585,180,0,0,151350
0,0,0,0.5,-0.26585,180,0,0,151365
0,0,0,0.5,-0.26585,180,0,0,151382
0,0,0,0.5,-0.26585,180,0,0,151399
0,0,0,0.5,-0.26585,180,0,0,151416
0,0,0,0.5,-0.26585,180,0,0,151432
0,0,0,0.5,-0.26585,180,0,0,151449
0,0,0,0.5,-0.26585,180,0,0,151466
0,0,0,0.5,-0.26585,180,0,0,151483
0,0,0,0.5,-0.26585,180,0,0,151500
0,0,0,0.5,-0.26585,180,0,0,151517
0,0,0,0.5,-0.26585,180,0,0,151534
0,0,0,0.5,-0.26585,180,0,0,151550
0,0,0,0.5,-0.26585,180,0,0,151566
0,0,0,0.5,-0.26585,180,0,0,151583
0,0,0,0.5,-0.26585,180,0,0,151599
0,0,0,0.5,-0.26585,180,0,0,151615
0,0,0,0.5,-0.26585,180,0,0,151632
0,0,0,0.5,-0.26585,180,0,0,151649
0,0,0,0.5,-0.26585,180,0,0,151666
0,0,0,0.5,-0.26585,180,0,0,151682
0,0,0,0.5,-0.26585,180,0,0,151699
0,0,0,0.5,-0.26585,180,0,0,151715
0,0,0,0.5,-0.26585,180,0,0,151732
0,0,0,0.5,-0.26585,180,0,0,151750
0,0,0,0.5,-0.26585,180,0,0,151766
0,0,0,0.5,-0.26585,180,0,0,151782
0,0,0,0.5,-0.26585,180,0,0,151799
0,0,0,0.5,-0.26585,180,0,0,151816
0,0,0,0.5,-0.26585,180,0,0,151832
0,0,0,0.5,-0.26585,180,0,0,151849
0,0,0,0.5,-0.26585,180,0,0,151866
0,0,0,0.5,-0.26585,180,0,0,151883
0,0,0,0.5,-0.26585,180,0,0,151900
0,0,0,0.5,-0.26585,180,0,0,151916
0,0,0,0.5,-0.26585,180,0,0,151933
0,0,0,0.5,-0.26585,180,0,0,151951
0,0,0,0.5,-0.26585,180,0,0,151966
0,0,0,0.5,-0.26585,180,0,0,151983
0,0,0,0.5,-0.26585,180,0,0,151999
0,0,0,0.5,-0.26585,180,0,0,152016
0,0,0,0.5,-0.26585,180,0,0,152033
0,0,0,0.5,-0.26585,180,0,0,152050
0,0,0,0.5,-0.26585,180,0,0,152066
0,0,0,0.5,-0.26585,180,0,0,152083
0,0,0,0.5,-0.26585,180,0,0,152100
0,0,0,0.5,-0.26585,180,0,0,152116
0,0,0,0.5,-0.26585,180,0,0,152133
0,0,0,0.5,-0.26585,180,0,0,152150
0,0,0,0.5,-0.26585,180,0,0,152166
0,0,0,0.5,-0.26585,180,0,0,152183
0,0,0,0.5,-0.26585,180,0,0,152200
0,0,0,0.5,-0.26585,180,0,0,152216
0,0,0,0.5,-0.26585,180,0,0,152233
0,0,0,0.5,-0.26585,180,0,0,152250
0,0,0,0.5,-0.26585,180,0,0,152267
0,0,0,0.5,-0.26585,180,0,0,152284
0,0,0,0.5,-0.26585,180,0,0,152300
0,0,0,0.5,-0.26585,180,0,0,152317
0,0,0,0.5,-0.26585,180,0,0,152334
0,0,0,0.5,-0.26585,180,0,0,152350
0,0,0,0.5,-0.26585,180,0,0,152367
0,0,0,0.5,-0.26585,180,0,0,152384
0,0,0,0.5,-0.26585,180,0,0,152401
0,0,0,0.5,-0.26585,180,0,0,152419
0,0,0,0.5,-0.26585,180,0,0,152435
0,0,0,0.5,-0.26585,180,0,0,152453
0,0,0,0.5,-0.26585,180,0,0,152469
0,0,0,0.5,-0.26585,180,0,0,152485
0,0,0,0.5,-0.26585,180,0,0,152501
0,0,0,0.5,-0.26585,180,0,0,152518
0,0,0,0.5,-0.26585,180,0,0,152535
0,0,0,0.5,-0.26585,180,0,0,152551
0,0,0,0.5,-0.26585,180,0,0,152567
0,0,0,0.5,-0.26585,180,0,0,152584
0,0,0,0.5,-0.26585,180,0,0,152601
0,0,0,0.5,-0.26585,180,0,0,152617
0,0,0,0.5,-0.26585,180,0,0,152634
0,0,0,0.5,-0.26585,180,0,0,152650
0,-1,0,0.5,-0.265985,180,0,0,152667
0,0,0,0.5,-0.265985,180,0,0,152684
0,0,0,0.5,-0.265985,180,0,0,152701
0,0,0,0.5,-0.265985,180,0,0,152717
0,0,0,0.5,-0.265985,180,0,0,152734
0,0,0,0.5,-0.265985,180,0,0,152751
0,0,0,0.5,-0.265985,180,0,0,152767
0,0,0,0.5,-0.265985,180,0,0,152784
0,0,0,0.5,-0.265985,180,0,0,152801
0,0,0,0.5,-0.265985,180,0,0,152817
0,0,0,0.5,-0.265985,180,0,0,152835
0,0,0,0.5,-0.265985,180,0,0,152851
0,0,0,0.5,-0.265985,180,0,0,152868
0,0,0,0.5,-0.265985,180,0,0,152885
0,0,0,0.5,-0.265985,180,0,0,152901
0,0,0,0.5,-0.265985,180,0,0,152918
0,0,0,0.5,-0.265985,180,0,0,152934
0,0,0,0.5,-0.265985,180,0,0,152951
0,0,0,0.5,-0.265985,180,0,0,152968
0,0,0,0.5,-0.265985,180,0,0,152986
0,0,0,0.5,-0.265985,180,0,0,153001
0,0,0,0.5,-0.265985,180,0,0,153018
0,1,0,0.5,-0.26585,180,0,0,153035
0,0,0,0.5,-0.26585,180,0,0,153051
0,0,0,0.5,-0.26585,180,0,0,153068
0,0,0,0.5,-0.26585,180,0,0,153085
0,0,0,0.5,-0.26585,180,0,0,153101
0,0,0,0.5,-0.26585,180,0,0,153119
0,0,0,0.5,-0.26585,180,0,0,153135
0,0,0,0.5,-0.26585,180,0,0,153152
0,0,0,0.5,-0.26585,180,0,0,153169
0,0,0,0.5,-0.26585,180,0,0,153185
0,0,0,0.5,-0.26585,180,0,0,153201
0,0,0,0.5,-0.26585,180,0,0,153220
0,0,0,0.5,-0.26585,180,0,0,153235
0,0,0,0.5,-0.26585,180,0,0,153252
0,0,0,0.5,-0.26585,180,0,0,153268
0,0,0,0.5,-0.26585,180,0,0,153286
0,0,0,0.5,-0.26585,180,0,0,153305
0,0,0,0.5,-0.26585,180,0,0,153320
0,0,0,0.5,-0.26585,180,0,0,153337
0,0,0,0.5,-0.26585,180,0,0,153353
0,0,0,0.5,-0.26585,180,0,0,153370
0,0,0,0.5,-0.26585,180,0,0,153385
0,0,0,0.5,-0.26585,180,0,0,153402
0,0,0,0.5,-0.26585,180,0,0,153419
0,0,0,0.5,-0.26585,180,0,0,153435
0,0,0,0.5,-0.26585,180,0,0,153452
0,0,0,0.5,-0.26585,180,0,0,153470
0,0,0,0.5,-0.26585,180,0,0,153486
0,0,0,0.5,-0.26585,180,0,0,153505
0,0,0,0.5,-0.26585,180,0,0,153519
0,0,0,0.5,-0.26585,180,0,0,153535
0,0,0,0.5,-0.26585,180,0,0,153553
0,0,0,0.5,-0.26585,180,0,0,153569
0,0,0,0.5,-0.26585,180,0,0,153586
0,0,0,0.5,-0.26585,180,0,0,153604
0,0,0,0.5,-0.26585,180,0,0,153619
0,0,0,0.5,-0.26585,180,0,0,153636
0,0,0,0.5,-0.26585,180,0,0,153652
0,0,0,0.5,-0.26585,180,0,0,153669
0,0,0,0.5,-0.26585,180,0,0,153686
0,0,0,0.5,-0.26585,180,0,0,153703
0,0,0,0.5,-0.26585,180,0,0,153719
0,0,0,0.5,-0.26585,180,0,0,153736
0,0,0,0.5,-0.26585,180,0,0,153753
0,0,0,0.5,-0.26585,180,0,0,153770
0,0,0,0.5,-0.26585,180,0,0,153786
0,0,0,0.5,-0.26585,180,0,0,153803
0,0,0,0.5,-0.26585,180,0,0,153820
0,0,0,0.5,-0.26585,180,0,0,153837
0,0,0,0.5,-0.26585,180,0,0,153853
0,0,0,0.5,-0.26585,180,0,0,153870
0,0,0,0.5,-0.26585,180,0,0,153889
0,0,0,0.5,-0.26585,180,0,0,153903
0,0,0,0.5,-0.26585,180,0,0,153920
0,0,0,0.5,-0.26585,180,0,0,153936
0,0,0,0.5,-0.26585,180,0,0,153953
0,0,0,0.5,-0.26585,180,0,0,153970
0,0,0,0.5,-0.26585,180,0,0,153987
0,0,0,0.5,-0.26585,180,0,0,154003
0,0,0,0.5,-0.26585,180,0,0,154020
0,0,0,0.5,-0.26585,180,0,0,154037
0,0,0,0.5,-0.26585,180,0,0,154053
0,0,0,0.5,-0.26585,180,0,0,154070
0,0,0,0.5,-0.26585,180,0,0,154087
0,0,0,0.5,-0.26585,180,0,0,154104
0,0,0,0.5,-0.26585,180,0,0,154121
0,0,0,0.5,-0.26585,180,0,0,154138
0,0,0,0.5,-0.26585,180,0,0,154154
0,0,0,0.5,-0.26585,180,0,0,154171
0,0,0,0.5,-0.26585,180,0,0,154187
0,0,0,0.5,-0.26585,180,0,0,154204
0,0,0,0.5,-0.26585,180,0,0,154221
0,0,0,0.5,-0.26585,180,0,0,154237
0,0,0,0.5,-0.26585,180,0,0,154254
0,0,0,0.5,-0.26585,180,0,0,154271
0,0,0,0.5,-0.26585,180,0,0,154288
0,0,0,0.5,-0.26585,180,0,0,154305
0,0,0,0.5,-0.26585,180,0,0,154321
0,0,0,0.5,-0.26585,180,0,0,154337
0,0,0,0.5,-0.26585,180,0,0,154356
0,0,0,0.5,-0.26585,180,0,0,154372
0,0,0,0.5,-0.26585,180,0,0,154388
0,0,0,0.5,-0.26585,180,0,0,154404
0,0,0,0.5,-0.26585,180,0,0,154422
0,0,0,0.5,-0.26585,180,0,0,154438
0,0,0,0.5,-0.26585,180,0,0,154455
0,0,0,0.5,-0.26585,180,0,0,154472
0,0,0,0.5,-0.26585,180,0,0,154491
0,0,0,0.5,-0.26585,180,0,0,154504
0,0,0,0.5,-0.26585,180,0,0,154522
0,0,0,0.5,-0.26585,180,0,0,154538
0,0,0,0.5,-0.26585,180,0,0,154556
0,0,0,0.5,-0.26585,180,0,0,154571
0,0,0,0.5,-0.26585,180,0,0,154588
0,0,0,0.5,-0.26585,180,0,0,154604
0,0,0,0.5,-0.26585,180,0,0,154621
0,0,0,0.5,-0.26585,180,0,0,154638
0,0,0,0.5,-0.26585,180,0,0,154655
0,0,0,0.5,-0.26585,180,0,0,154671
0,0,0,0.5,-0.26585,180,0,0,154688
0,1,0,0.5,-0.265715,180,0,0,154705
0,0,0,0.5,-0.265715,180,0,0,154721
0,0,0,0.5,-0.265715,180,0,0,154738
0,0,0,0.5,-0.265715,180,0,0,154755
0,0,0,0.5,-0.265715,180,0,0,154771
0,0,0,0.5,-0.265715,180,0,0,154788
0,0,0,0.5,-0.265715,180,0,0,154805
0,0,0,0.5,-0.265715,180,0,0,154821
0,0,0,0.5,-0.265715,180,0,0,154838
0,0,0,0.5,-0.265715,180,0,0,154855
0,0,0,0.5,-0.265715,180,0,0,154873
0,0,0,0.5,-0.265715,180,0,0,154888
0,0,0,0.5,-0.265715,180,0,0,154905
0,0,0,0.5,-0.265715,180,0,0,154922
0,0,0,0.5,-0.265715,180,0,0,154938
0,0,0,0.5,-0.265715,180,0,0,154955
0,0,0,0.5,-0.265715,180,0,0,154972
0,0,0,0.5,-0.265715,180,0,0,154988
0,0,0,0.5,-0.265715,180,0,0,155005
0,0,0,0.5,-0.265715,180,0,0,155022
0,0,0,0.5,-0.265715,180,0,0,155039
0,0,0,0.5,-0.265715,180,0,0,155055
0,0,0,0.5,-0.265715,180,0,0,155072
0,0,0,0.5,-0.265715,180,0,0,155089
0,0,0,0.5,-0.265715,180,0,0,155105
0,0,0,0.5,-0.265715,180,0,0,155122
0,0,0,0.5,-0.265715,180,0,0,155139
0,0,0,0.5,-0.265715,180,0,0,155155
0,0,0,0.5,-0.265715,180,0,0,155172
0,0,0,0.5,-0.265715,180,0,0,155190
0,0,0,0.5,-0.265715,180,0,0,155206
0,0,0,0.5,-0.265715,180,0,0,155223
0,0,0,0.5,-0.265715,180,0,0,155241
0,0,0,0.5,-0.265715,180,0,0,155256
0,0,0,0.5,-0.265715,180,0,0,155273
0,0,0,0.5,-0.265715,180,0,0,155290
0,0,0,0.5,-0.265715,180,0,0,155306
0,0,0,0.5,-0.265715,180,0,0,155323
0,0,0,0.5,-0.265715,180,0,0,155340
0,0,0,0.5,-0.265715,180,0,0,155356
0,0,0,0.5,-0.265715,180,0,0,155373
0,0,0,0.5,-0.265715,180,0,0,155391
0,0,0,0.5,-0.265715,180,0,0,155406
0,0,0,0.5,-0.265715,180,0,0,155423
0,0,0,0.5,-0.265715,180,0,0,155442
0,0,0,0.5,-0.265715,180,0,0,155460
0,0,0,0.5,-0.265715,180,0,0,155473
0,0,0,0.5,-0.265715,180,0,0,155491
0,0,0,0.5,-0.265715,180,0,0,155510
0,0,0,0.5,-0.265715,180,0,0,155523
0,0,0,0.5,-0.265715,180,0,0,155541
0,0,0,0.5,-0.265715,180,0,0,155556
0,0,0,0.5,-0.265715,180,0,0,155573
0,0,0,0.5,-0.265715,180,0,0,155590
0,0,0,0.5,-0.265715,180,0,0,155607
0,0,0,0.5,-0.265715,180,0,0,155623
0,0,0,0.5,-0.265715,180,0,0,155641
0,0,0,0.5,-0.265715,180,0,0,155657
0,0,0,0.5,-0.265715,180,0,0,155673
0,0,0,0.5,-0.265715,180,0,0,155691
0,0,0,0.5,-0.265715,180,0,0,155708
0,0,0,0.5,-0.265715,180,0,0,155724
0,0,0,0.5,-0.265715,180,0,0,155741
0,0,0,0.5,-0.265715,180,0,0,155758
0,0,0,0.5,-0.265715,180,0,0,155774
0,0,0,0.5,-0.265715,180,0,0,155790
0,0,0,0.5,-0.265715,180,0,0,155808
0,0,0,0.5,-0.265715,180,0,0,155824
0,0,0,0.5,-0.265715,180,0,0,155841
0,0,0,0.5,-0.265715,180,0,0,155857
0,0,0,0.5,-0.265715,180,0,0,155874
0,0,0,0.5,-0.265715,180,0,0,155891
0,0,0,0.5,-0.265715,180,0,0,155909
0,0,0,0.5,-0.265715,180,0,0,155925
0,0,0,0.5,-0.265715,180,0,0,155941
0,0,0,0.5,-0.265715,180,0,0,155958
0,0,0,0.5,-0.265715,180,0,0,155974
0,0,0,0.5,-0.265715,180,0,0,155991
0,0,0,0.5,-0.265715,180,0,0,156007
0,0,0,0.5,-0.265715,180,0,0,156024
0,0,0,0.5,-0.265715,180,0,0,156041
0,0,0,0.5,-0.265715,180,0,0,156058
0,0,0,0.5,-0.265715,180,0,0,156074
0,-3,0,0.5,-0.26612,180,0,0,156092
0,-1,0,0.5,-0.266255,180,0,0,156109
0,-1,0,0.5,-0.26639,180,0,0,156126
0,0,0,0.5,-0.26639,180,0,0,156142
0,0,0,0.5,-0.26639,180,0,0,156159
0,0,0,0.5,-0.26639,180,0,0,156175
0,2,0,0.5,-0.26612,180,0,0,156192
0,1,0,0.5,-0.265985,180,0,0,156209
0,1,0,0.5,-0.26585,180,0,0,156225
0,0,0,0.5,-0.26585,180,0,0,156241
0,0,0,0.5,-0.26585,180,0,0,156259
0,-1,0,0.5,-0.265985,180,0,0,156275
0,0,0,0.5,-0.265985,180,0,0,156291
0,0,0,0.5,-0.265985,180,0,0,156308
0,-2,0,0.5,-0.266255,180,0,0,156325
0,0,0,0.5,-0.266255,180,0,0,156341
0,0,0,0.5,-0.266255,180,0,0,156360
0,0,0,0.5,-0.266255,180,0,0,156375
0,0,0,0.5,-0.266255,180,0,0,156392
0,2,0,0.5,-0.265985,180,0,0,156409
0,1,0,0.5,-0.26585,180,0,0,156427
0,0,0,0.5,-0.26585,180,0,0,156442
0,0,0,0.5,-0.26585,180,0,0,156464
0,-3,0,0.5,-0.266255,180,0,0,156477
0,-3,0,0.5,-0.26666,180,0,0,156493
0,-6,0,0.5,-0.26747,180,0,0,156511
0,-5,0,0.5,-0.268145,180,0,0,156525
0,-3,1,0.5,-0.26855,180,0,0,156542
0,0,0,0.5,-0.26855,180,0,0,156564
0,0,1,0.5,-0.26855,180,0,0,156576
0,1,0,0.5,-0.268415,180,0,0,156592
0,4,0,0.5,-0.267875,180,0,0,156608
0,1,0,0.5,-0.26774,180,0,0,156625
0,-1,-1,0.5,-0.267875,180,0,0,156644
0,-4,-2,0.5,-0.268415,180,0,0,156660
0,-6,-1,0.5,-0.269225,180,0,0,156676
0,-6,-1,0.5,-0.270035,180,0,0,156692
0,-4,0,0.5,-0.270575,180,0,0,156710
0,-4,0,0.5,-0.271115,180,0,0,156726
0,-3,-1,0.5,-0.27152,180,0,0,156743
0,-2,0,0.5,-0.27179,180,0,0,156762
0,0,-1,0.5,-0.27179,180,0,0,156776
0,-2,-2,0.5,-0.27206,180,0,0,156794
0,-1,-2,0.5,-0.272195,180,0,0,156811
0,-2,-2,0.5,-0.272465,180,0,0,156827
0,-3,-3,0.5,-0.27287,180,0,0,156844
0,0,-2,0.5,-0.27287,180,0,0,156864
0,0,-1,0.5,-0.27287,180,0,0,156876
0,1,-1,0.5,-0.272735,180,0,0,156894
0,0,0,0.5,-0.272735,180,0,0,156910
0,1,0,0.5,-0.2726,180,0,0,156926
0,0,0,0.5,-0.2726,180,0,0,156943
0,3,0,0.5,-0.272195,180,0,0,156960
0,1,0,0.5,-0.27206,180,0,0,156976
0,2,0,0.5,-0.27179,180,0,0,156994
0,1,0,0.5,-0.271655,180,0,0,157012
0,1,0,0.5,-0.27152,180,0,0,157027
0,0,-1,0.5,-0.27152,180,0,0,157043
0,-1,0,0.5,-0.271655,180,0,0,157060
0,-1,-1,0.5,-0.27179,180,0,0,157080
0,-1,0,0.5,-0.271925,180,0,0,157093
0,-1,-1,0.5,-0.27206,180,0,0,157111
0,0,0,0.5,-0.27206,180,0,0,157129
0,0,0,0.5,-0.27206,180,0,0,157145
0,0,0,0.5,-0.27206,180,0,0,157162
0,0,0,0.5,-0.27206,180,0,0,157177
0,0,0,0.5,-0.27206,180,0,0,157194
0,0,0,0.5,-0.27206,180,0,0,157211
0,0,0,0.5,-0.27206,180,0,0,157227
0,0,-1,0.5,-0.27206,180,0,0,157248
0,0,0,0.5,-0.27206,180,0,0,157264
0,-2,-1,0.5,-0.27233,180,0,0,157278
0,-1,-1,0.5,-0.272465,180,0,0,157295
0,-2,-1,0.5,-0.272735,180,0,0,157312
0,-2,-1,0.5,-0.273005,180,0,0,157331
0,0,0,0.5,-0.273005,180,0,0,157346
0,0,-1,0.5,-0.273005,180,0,0,157361
0,1,-1,0.5,-0.27287,180,0,0,157379
0,-2,-1,0.5,-0.27314,180,0,0,157395
0,-3,-2,0.5,-0.273545,180,0,0,157411
0,-4,-2,0.5,-0.274085,180,0,0,157429
0,-5,-2,0.5,-0.27476,180,0,0,157444
0,-3,-1,0.5,-0.275165,180,0,0,157462
0,-4,-2,0.5,-0.275705,180,0,0,157478
0,-4,-1,0.5,-0.276245,180,0,0,157494
0,-3,-2,0.5,-0.27665,180,0,0,157512
0,-1,-1,0.5,-0.276785,180,0,0,157528
0,-1,-2,0.5,-0.27692,180,0,0,157544
0,-1,-2,0.5,-0.277055,180,0,0,157562
0,-5,-5,0.5,-0.27773,180,0,0,157581
0,0,0,0.5,-0.27773,180,0,0,157594
0,-2,-5,0.5,-0.278,180,0,0,157612
0,0,-2,0.5,-0.278,180,0,0,157629
0,0,-1,0.5,-0.278,180,0,0,157649
0,1,-1,0.5,-0.277865,180,0,0,157663
0,1,-1,0.5,-0.27773,180,0,0,157679
0,0,0,0.5,-0.27773,180,0,0,157696
0,0,0,0.5,-0.27773,180,0,0,157711
0,0,0,0.5,-0.27773,180,0,0,157727
0,0,0,0.5,-0.27773,180,0,0,157746
0,-2,-2,0.5,-0.278,180,0,0,157762
0,-4,-2,0.5,-0.27854,180,0,0,157779
0,-5,-2,0.5,-0.279215,180,0,0,157795
0,-5,-2,0.5,-0.27989,180,0,0,157813
0,-5,-2,0.5,-0.280565,180,0,0,157831
0,-2,-2,0.5,-0.280835,180,0,0,157847
0,0,-2,0.5,-0.280835,180,0,0,157862
0,2,-2,0.5,-0.280565,180,0,0,157879
0,1,-2,0.5,-0.28043,180,0,0,157898
0,-3,-3,0.5,-0.280835,180,0,0,157914
0,-4,-2,0.5,-0.281375,180,0,0,157929
0,-4,-2,0.5,-0.281915,180,0,0,157945
0,-3,-2,0.5,-0.28232,180,0,0,157963
0,-5,-4,0.5,-0.282995,180,0,0,157980
0,-8,-8,0.5,-0.284075,180,0,0,158000
0,-4,-5,0.5,-0.284615,180,0,0,158023
0,-5,-4,0.5,-0.28529,180,0,0,158034
0,-8,-4,0.5,-0.28637,180,0,0,158046
0,-10,-4,0.5,-0.28772,180,0,0,158070
0,-11,-4,0.5,-0.289205,180,0,0,158085
0,-8,-3,0.5,-0.290285,180,0,0,158098
0,-6,-2,0.5,-0.291095,180,0,0,158113
0,-3,-1,0.5,-0.2915,180,0,0,158130
0,-1,-1,0.5,-0.291635,180,0,0,158145
0,3,0,0.5,-0.29123,180,0,0,158164
0,6,0,0.5,-0.29042,180,0,0,158181
0,9,0,0.5,-0.289205,180,0,0,158195
0,11,0,0.5,-0.28772,180,0,0,158213
0,13,-1,0.5,-0.285965,180,0,0,158231
0,13,-2,0.5,-0.28421,180,0,0,158246
0,13,-4,0.5,-0.282455,180,0,0,158270
0,12,-5,0.5,-0.280835,180,0,0,158285
0,9,-6,0.5,-0.27962,180,0,0,158297
0,9,-6,0.5,-0.278405,180,0,0,158320
0,0,-12,0.5,-0.278405,180,0,0,158337
0,1,-8,0.5,-0.27827,180,0,0,158352
0,4,-7,0.5,-0.27773,180,0,0,158367
0,4,-8,0.5,-0.27719,180,0,0,158384
0,3,-6,0.5,-0.276785,180,0,0,158403
0,3,-6,0.5,-0.27638,180,0,0,158423
0,1,-6,0.5,-0.276245,180,0,0,158435
0,0,-5,0.5,-0.276245,180,0,0,158450
0,-2,-4,0.5,-0.276515,180,0,0,158464
0,-3,-3,0.5,-0.27692,180,0,0,158487
0,-3,-2,0.5,-0.277325,180,0,0,158498
0,-2,-1,0.5,-0.277595,180,0,0,158514
0,-6,0,0.5,-0.278405,180,0,0,158531
0,-7,-1,0.5,-0.27935,180,0,0,158550
0,-5,0,0.5,-0.280025,180,0,0,158564
0,-3,0,0.5,-0.28043,180,0,0,158581
0,-1,0,0.5,-0.280565,180,0,0,158596
0,-1,-1,0.5,-0.2807,180,0,0,158615
0,1,-1,0.5,-0.280565,180,0,0,158632
0,-1,-3,0.5,-0.2807,180,0,0,158650
0,-1,-2,0.5,-0.280835,180,0,0,158664
0,-3,-2,0.5,-0.28124,180,0,0,158686
0,-8,-5,0.5,-0.28232,180,0,0,158703
0,-6,-3,0.5,-0.28313,180,0,0,158718
0,0,0,0.5,-0.28313,180,0,0,158731
0,-5,-2,0.5,-0.283805,180,0,0,158748
0,-6,-4,0.5,-0.284615,180,0,0,158765
0,-1,-1,0.5,-0.28475,180,0,0,158780
0,0,-2,0.5,-0.28475,180,0,0,158798
0,-1,-2,0.5,-0.284885,180,0,0,158813
0,0,-2,0.5,-0.284885,180,0,0,158834
0,0,-1,0.5,-0.284885,180,0,0,158850
0,-1,-1,0.5,-0.28502,180,0,0,158864
0,-3,-1,0.5,-0.285425,180,0,0,158882
0,-2,0,0.5,-0.285695,180,0,0,158898
0,-1,0,0.5,-0.28583,180,0,0,158915
0,-1,0,0.5,-0.285965,180,0,0,158932
0,0,0,0.5,-0.285965,180,0,0,158947
0,1,-1,0.5,-0.28583,180,0,0,158964
0,4,-1,0.5,-0.28529,180,0,0,158981
0,2,-1,0.5,-0.28502,180,0,0,159001
0,2,-2,0.5,-0.28475,180,0,0,159017
0,2,-1,0.5,-0.28448,180,0,0,159035
0,1,-2,0.5,-0.284345,180,0,0,159048
0,1,-1,0.5,-0.28421,180,0,0,159064
0,2,-3,0.5,-0.28394,180,0,0,159087
0,0,0,0.5,-0.28394,180,0,0,159097
0,0,-2,0.5,-0.28394,180,0,0,159114
0,1,-2,0.5,-0.283805,180,0,0,159133
0,0,-1,0.5,-0.283805,180,0,0,159149
0,-1,-1,0.5,-0.28394,180,0,0,159166
0,-1,0,0.5,-0.284075,180,0,0,159183
0,-1,0,0.5,-0.28421,180,0,0,159197
0,-3,-1,0.5,-0.284615,180,0,0,159214
0,-2,-1,0.5,-0.284885,180,0,0,159235
0,-2,-1,0.5,-0.285155,180,0,0,159248
0,-6,-1,0.5,-0.285965,180,0,0,159273
0,-4,-1,0.5,-0.286505,180,0,0,159287
0,-3,-1,0.5,-0.28691,180,0,0,159301
0,-3,-1,0.5,-0.287315,180,0,0,159315
0,-1,-1,0.5,-0.28745,180,0,0,159331
0,1,-1,0.5,-0.287315,180,0,0,159348
0,4,-1,0.5,-0.286775,180,0,0,159366
0,3,0,0.5,-0.28637,180,0,0,159385
0,1,-1,0.5,-0.286235,180,0,0,159401
0,-1,-1,0.5,-0.28637,180,0,0,159416
0,-2,-1,0.5,-0.28664,180,0,0,159431
0,-2,-2,0.5,-0.28691,180,0,0,159449
0,-2,-3,0.5,-0.28718,180,0,0,159467
0,-2,-7,0.5,-0.28745,180,0,0,159489
0,0,0,0.5,-0.28745,180,0,0,159503
0,0,-9,0.5,-0.28745,180,0,0,159520
0,1,-4,0.5,-0.287315,180,0,0,159540
0,0,-5,0.5,-0.287315,180,0,0,159561
0,1,-4,0.5,-0.28718,180,0,0,159571
0,2,-5,0.5,-0.28691,180,0,0,159585
0,4,-5,0.5,-0.28637,180,0,0,159603
0,4,-5,0.5,-0.28583,180,0,0,159616
0,5,-4,0.5,-0.285155,180,0,0,159633
0,4,-4,0.5,-0.284615,180,0,0,159650
0,2,-4,0.5,-0.284345,180,0,0,159668
0,2,-4,0.5,-0.284075,180,0,0,159683
0,-1,-4,0.5,-0.28421,180,0,0,159704
0,-3,-4,0.5,-0.284615,180,0,0,159718
0,-3,-4,0.5,-0.28502,180,0,0,159734
0,-3,-4,0.5,-0.285425,180,0,0,159750
0,0,-3,0.5,-0.285425,180,0,0,159766
0,0,-2,0.5,-0.285425,180,0,0,159784
0,2,-2,0.5,-0.285155,180,0,0,159803
0,1,-2,0.5,-0.28502,180,0,0,159817
0,-1,-2,0.5,-0.285155,180,0,0,159833
0,-3,-2,0.5,-0.28556,180,0,0,159850
0,-1,-3,0.5,-0.285695,180,0,0,159867
0,-5,-7,0.5,-0.28637,180,0,0,159893
0,-5,-5,0.5,-0.287045,180,0,0,159904
0,-2,-5,0.5,-0.287315,180,0,0,159921
0,0,-6,0.5,-0.287315,180,0,0,159940
0,0,-5,0.5,-0.287315,180,0,0,159953
0,-1,-4,0.5,-0.28745,180,0,0,159970
0,-3,-4,0.5,-0.287855,180,0,0,159987
0,-6,-4,0.5,-0.288665,180,0,0,160002
0,-8,-4,0.5,-0.289745,180,0,0,160017
0,-8,-4,0.5,-0.290825,180,0,0,160034
0,-6,-3,0.5,-0.291635,180,0,0,160051
0,-4,-3,0.5,-0.292175,180,0,0,160067
0,-1,-1,0.5,-0.29231,180,0,0,160083
0,3,-1,0.5,-0.291905,180,0,0,160100
0,5,0,0.5,-0.29123,180,0,0,160116
0,6,0,0.5,-0.29042,180,0,0,160135
0,4,0,0.5,-0.28988,180,0,0,160151
0,2,-2,0.5,-0.28961,180,0,0,160167
0,3,-2,0.5,-0.289205,180,0,0,160183
0,5,-3,0.5,-0.28853,180,0,0,160200
0,8,-4,0.5,-0.28745,180,0,0,160227
0,12,-4,0.5,-0.28583,180,0,0,160234
0,15,-5,0.5,-0.283805,180,0,0,160252
0,38,-13,0.5,-0.278675,180,0,0,160274
0,21,-8,0.5,-0.27584,180,0,0,160290
0,22,-8,0.5,-0.27287,180,0,0,160303
0,22,-9,0.5,-0.2699,180,0,0,160320
0,21,-10,0.5,-0.267065,180,0,0,160336
0,19,-11,0.5,-0.2645,180,0,0,160356
0,16,-11,0.5,-0.26234,180,0,0,160374
0,12,-10,0.5,-0.26072,180,0,0,160387
0,11,-9,0.5,-0.259235,180,0,0,160404
0,10,-8,0.5,-0.257885,180,0,0,160419
0,8,-8,0.5,-0.256805,180,0,0,160438
0,7,-9,0.5,-0.25586,180,0,0,160455
0,5,-10,0.5,-0.255185,180,0,0,160472
0,5,-11,0.5,-0.25451,180,0,0,160488
0,1,-12,0.5,-0.254375,180,0,0,160506
0,0,-12,0.5,-0.254375,180,0,0,160521
0,-4,-12,0.5,-0.254915,180,0,0,160537
0,-8,-13,0.5,-0.255995,180,0,0,160558
0,-21,-25,0.5,-0.25883,180,0,0,160583
0,-8,-12,0.5,-0.25991,180,0,0,160602
0,-4,-11,0.5,-0.26045,180,0,0,160617
0,-4,-11,0.5,-0.26099,180,0,0,160627
0,-3,-11,0.5,-0.261395,180,0,0,160639
0,0,0,0.5,-0.261395,180,0,0,160651
0,-2,-12,0.5,-0.261665,180,0,0,160673
0,5,-23,0.5,-0.26099,180,0,0,160695
0,6,-11,0.5,-0.26018,180,0,0,160708
0,5,-9,0.5,-0.259505,180,0,0,160723
0,0,-7,0.5,-0.259505,180,0,0,160736
0,-5,-7,0.5,-0.26018,180,0,0,160756
0,-9,-8,0.5,-0.261395,180,0,0,160772
0,-13,-9,0.5,-0.26315,180,0,0,160788
0,-12,-8,0.5,-0.26477,180,0,0,160804
0,-10,-7,0.5,-0.26612,180,0,0,160825
0,-11,-7,0.5,-0.267605,180,0,0,160838
0,-19,-6,0.5,-0.27017,180,0,0,160857
0,-21,-7,0.5,-0.273005,180,0,0,160870
0,-18,-9,0.5,-0.275435,180,0,0,160886
0,-16,-9,0.5,-0.277595,180,0,0,160911
0,-14,-9,0.5,-0.279485,180,0,0,160922
0,-10,-7,0.5,-0.280835,180,0,0,160940
0,-7,-4,0.5,-0.28178,180,0,0,160953
0,-1,-3,0.5,-0.281915,180,0,0,160971
0,4,-4,0.5,-0.281375,180,0,0,160986
0,7,-5,0.5,-0.28043,180,0,0,161004
0,9,-6,0.5,-0.279215,180,0,0,161021
0,19,-15,0.5,-0.27665,180,0,0,161042
0,12,-9,0.5,-0.27503,180,0,0,161055
0,15,-10,0.5,-0.273005,180,0,0,161071
0,16,-10,0.5,-0.270845,180,0,0,161089
0,22,-11,0.5,-0.267875,180,0,0,161105
0,25,-12,0.5,-0.2645,180,0,0,161125
0,26,-12,0.5,-0.26099,180,0,0,161143
0,24,-13,0.5,-0.25775,180,0,0,161157
0,21,-13,0.5,-0.254915,180,0,0,161173
0,15,-13,0.5,-0.25289,180,0,0,161188
0,15,-12,0.5,-0.250865,180,0,0,161209
0,13,-11,0.5,-0.24911,180,0,0,161225
0,11,-10,0.5,-0.247625,180,0,0,161241
0,9,-11,0.5,-0.24641,180,0,0,161254
0,7,-11,0.5,-0.245465,180,0,0,161274
0,7,-13,0.5,-0.24452,180,0,0,161290
0,8,-14,0.5,-0.24344,180,0,0,161307
0,10,-16,0.5,-0.24209,180,0,0,161327
0,14,-18,0.5,-0.2402,180,0,0,161345
0,16,-19,0.5,-0.23804,180,0,0,161360
0,19,-20,0.5,-0.235475,180,0,0,161378
0,50,-41,0.5,-0.228725,180,0,0,161405
0,30,-21,0.5,-0.224675,180,0,0,161419
0,29,-19,0.5,-0.22076,180,0,0,161439
0,28,-18,0.5,-0.21698,180,0,0,161455
0,22,-16,0.5,-0.21401,180,0,0,161470
0,19,-16,0.5,-0.211445,180,0,0,161480
0,17,-15,0.5,-0.20915,180,0,0,161496
0,15,-15,0.5,-0.207125,180,0,0,161512
0,13,-16,0.5,-0.20537,180,0,0,161528
0,12,-17,0.5,-0.20375,180,0,0,161540
0,12,-17,0.5,-0.20213,180,0,0,161561
0,8,-17,0.5,-0.20105,180,0,0,161577
0,6,-17,0.5,-0.20024,180,0,0,161592
0,0,-16,0.5,-0.20024,180,0,0,161607
0,6,-16,0.5,-0.19943,180,0,0,161624
0,17,-12,0.5,-0.197135,180,0,0,161641
0,27,-12,0.5,-0.19349,180,0,0,161659
0,26,-13,0.5,-0.18998,180,0,0,161676
0,25,-15,0.5,-0.186605,180,0,0,161690
0,21,-17,0.5,-0.18377,180,0,0,161714
0,41,-34,0.5,-0.178235,180,0,0,161737
0,20,-17,0.5,-0.175535,180,0,0,161754
0,17,-16,0.5,-0.17324,180,0,0,161769
0,14,-17,0.5,-0.17135,180,0,0,161790
0,13,-16,0.5,-0.169595,180,0,0,161805
0,14,-15,0.5,-0.167705,180,0,0,161816
0,14,-14,0.5,-0.165815,180,0,0,161828
0,15,-14,0.5,-0.16379,180,0,0,161845
0,18,-15,0.5,-0.16136,180,0,0,161862
0,22,-20,0.5,-0.15839,180,0,0,161877
0,25,-21,0.5,-0.155015,180,0,0,161893
0,26,-22,0.5,-0.151505,180,0,0,161910
0,24,-23,0.5,-0.148265,180,0,0,161929
0,19,-23,0.5,-0.1457,180,0,0,161945
0,15,-22,0.5,-0.143675,180,0,0,161959
0,15,-20,0.5,-0.14165,180,0,0,161975
0,16,-19,0.5,-0.13949,180,0,0,161992
0,15,-19,0.5,-0.137465,180,0,0,162009
0,18,-21,0.5,-0.135035,180,0,0,162030
0,16,-21,0.5,-0.132875,180,0,0,162044
0,20,-22,0.5,-0.130175,180,0,0,162063
0,21,-22,0.5,-0.12734,180,0,0,162079
0,25,-22,0.5,-0.123965,180,0,0,162095
0,22,-23,0.5,-0.120995,180,0,0,162112
0,39,-35,0.5,-0.11573,180,0,0,162131
0,0,-9,0.5,-0.11573,180,0,0,162144
0,22,-20,0.5,-0.11276,180,0,0,162163
0,50,-34,0.5,-0.10601,180,0,0,162186
0,25,-19,0.5,-0.102635,180,0,0,162201
0,24,-21,0.5,-0.099395,180,0,0,162216
0,22,-24,0.5,-0.096425,180,0,0,162233
0,22,-23,0.5,-0.093455,180,0,0,162254
0,21,-21,0.5,-0.09062,180,0,0,162272
0,22,-20,0.5,-0.08765,180,0,0,162288
0,20,-19,0.5,-0.08495,180,0,0,162302
0,18,-19,0.5,-0.08252,180,0,0,162315
0,20,-19,0.5,-0.07982,180,1,31,162336
0,16,-19,0.5,-0.07766,180,1,31,162354
0,15,-18,0.5,-0.075635,180,1,31,162365
0,12,-16,0.5,-0.074015,180,0,31,162374
0,8,-15,0.5,-0.072935,180,0,0,162397
0,6,-16,0.5,-0.072125,180,0,0,162415
0,6,-16,0.5,-0.071315,180,0,0,162432
0,8,-18,0.5,-0.070235,180,0,0,162447
0,10,-19,0.5,-0.068885,180,0,0,162461
0,10,-19,0.5,-0.067535,180,0,31,162479
0,12,-18,0.5,-0.065915,180,0,31,162494
0,13,-19,0.5,-0.06416,180,0,31,162513
0,12,-18,0.5,-0.06254,180,0,31,162528
0,8,-16,0.5,-0.06146,180,0,31,162542
0,2,-16,0.5,-0.06119,180,0,0,162560
0,-3,-28,0.5,-0.061595,180,0,0,162582
0,-6,-12,0.5,-0.062405,180,0,0,162602
0,-7,-11,0.5,-0.06335,180,0,31,162618
0,-9,-10,0.5,-0.064565,180,0,0,162628
0,-8,-9,0.5,-0.065645,180,0,0,162647
0,-9,-9,0.5,-0.06686,180,0,0,162663
0,-7,-8,0.5,-0.067805,180,0,0,162674
0,-6,-6,0.5,-0.068615,180,0,0,162693
0,-6,-6,0.5,-0.069425,180,0,31,162708
0,-8,-5,0.5,-0.070505,180,0,31,162724
0,-7,-4,0.5,-0.07145,180,0,0,162743
0,-11,-4,0.5,-0.072935,180,0,0,162757
0,-10,-5,0.5,-0.074285,180,0,0,162778
0,-7,-6,0.5,-0.07523,180,0,0,162792
0,-6,-7,0.5,-0.07604,180,0,0,162809
0,-2,-8,0.5,-0.07631,180,0,31,162824
0,0,-7,0.5,-0.07631,180,0,31,162844
0,1,-8,0.5,-0.076175,180,0,31,162858
0,-1,-8,0.5,-0.07631,180,0,0,162875
0,0,-7,0.5,-0.07631,180,0,0,162891
0,0,-8,0.5,-0.07631,180,0,0,162906
0,0,-7,0.5,-0.07631,180,0,0,162925
0,1,-7,0.5,-0.076175,180,0,31,162942
0,0,-13,0.5,-0.076175,180,0,31,162963
0,1,-6,0.5,-0.07604,180,0,31,162974
0,2,-6,0.5,-0.07577,180,0,0,162991
0,3,-6,0.5,-0.075365,180,0,0,163008
0,2,-6,0.5,-0.075095,180,0,0,163027
0,3,-6,0.5,-0.07469,180,0,0,163046
0,4,-5,0.5,-0.07415,180,0,0,163058
0,5,-5,0.5,-0.073475,180,0,0,163077
0,4,-4,0.5,-0.072935,180,0,31,163090
0,3,-5,0.5,-0.07253,180,0,31,163107
0,-1,-3,0.5,-0.072665,180,0,0,163124
0,-2,-4,0.5,-0.072935,180,0,0,163142
0,-2,-4,0.5,-0.073205,180,0,0,163159
0,-2,-5,0.5,-0.073475,180,0,0,163176
0,1,-6,0.5,-0.07334,180,0,0,163192
0,3,-6,0.5,-0.072935,180,0,0,163206
0,7,-7,0.5,-0.07199,180,0,31,163225
0,8,-6,0.5,-0.07091,180,0,31,163242
0,9,-6,0.5,-0.069695,180,0,31,163261
0,8,-5,0.5,-0.068615,180,0,0,163277
0,9,-5,0.5,-0.0674,180,0,0,163292
0,8,-5,0.5,-0.06632,180,0,0,163307
0,7,-4,0.5,-0.065375,180,0,0,163325
0,9,-4,0.5,-0.06416,180,0,0,163341
0,14,-8,0.5,-0.06227,180,0,31,163361
0,6,-4,0.5,-0.06146,180,0,31,163376
0,4,-5,0.5,-0.06092,180,0,31,163391
0,2,-4,0.5,-0.06065,180,0,0,163407
0,1,-5,0.5,-0.060515,180,0,0,163425
0,-2,-4,0.5,-0.060785,180,0,0,163443
0,-3,-4,0.5,-0.06119,180,0,0,163459
0,-5,-4,0.5,-0.061865,180,0,0,163474
0,-5,-3,0.5,-0.06254,180,0,0,163491
0,-7,-2,0.5,-0.063485,180,0,0,163507
0,-5,-2,0.5,-0.06416,180,0,31,163526
0,-6,-2,0.5,-0.06497,180,0,31,163541
0,-6,-2,0.5,-0.06578,180,0,0,163559
0,-6,-3,0.5,-0.06659,180,0,0,163575
0,-5,-3,0.5,-0.067265,180,0,0,163592
0,-7,-4,0.5,-0.06821,180,0,0,163607
0,-7,-5,0.5,-0.069155,180,0,0,163624
0,-5,-6,0.5,-0.06983,180,0,0,163642
0,-4,-7,0.5,-0.07037,180,0,31,163662
0,0,-5,0.5,-0.07037,180,0,31,163675
0,2,-6,0.5,-0.0701,180,0,31,163693
0,3,-5,0.5,-0.069695,180,0,0,163709
0,6,-9,0.5,-0.068885,180,0,0,163726
0,0,-2,0.5,-0.068885,180,0,0,163744
0,3,-4,0.5,-0.06848,180,0,0,163759
0,8,-7,0.5,-0.0674,180,0,0,163778
0,5,-6,0.5,-0.066725,180,0,31,163793
0,6,-4,0.5,-0.065915,180,0,31,163808
0,3,-3,0.5,-0.06551,180,0,31,163827
0,2,-3,0.5,-0.06524,180,0,0,163841
0,-1,-2,0.5,-0.065375,180,0,0,163858
0,-4,-3,0.5,-0.065915,180,0,0,163874
0,-5,-3,0.5,-0.06659,180,0,0,163893
0,-3,-4,0.5,-0.066995,180,0,0,163911
0,-1,-5,0.5,-0.06713,180,0,0,163927
0,3,-6,0.5,-0.066725,180,0,31,163944
0,5,-7,0.5,-0.06605,180,0,31,163964
0,7,-7,0.5,-0.065105,180,0,31,163977
0,7,-8,0.5,-0.06416,180,0,31,163997
0,6,-9,0.5,-0.06335,180,0,0,164011
0,6,-9,0.5,-0.06254,180,0,0,164026
0,5,-9,0.5,-0.061865,180,0,0,164044
0,5,-9,0.5,-0.06119,180,0,0,164060
0,5,-8,0.5,-0.060515,180,0,0,164076
0,13,-16,0.5,-0.05876,180,0,0,164100
0,0,0,0.5,-0.05876,180,0,31,164107
0,14,-15,0.5,-0.05687,180,0,31,164128
0,7,-7,0.5,-0.055925,180,0,31,164146
0,4,-6,0.5,-0.055385,180,0,0,164164
0,4,-6,0.5,-0.054845,180,0,0,164175
0,2,-6,0.5,-0.054575,180,0,0,164193
0,1,-5,0.5,-0.05444,180,0,0,164210
0,1,-4,0.5,-0.054305,180,0,0,164226
0,0,-4,0.5,-0.054305,180,0,0,164245
0,-1,-4,0.5,-0.05444,180,0,0,164258
0,-2,-3,0.5,-0.05471,180,0,0,164277
0,-2,-3,0.5,-0.05498,180,0,0,164296
0,-4,-3,0.5,-0.05552,180,0,0,164312
0,-3,-2,0.5,-0.055925,180,0,0,164324
0,-3,-2,0.5,-0.05633,180,0,0,164345
0,-4,-1,0.5,-0.05687,180,0,0,164360
0,-4,-2,0.5,-0.05741,180,0,0,164376
0,-5,-2,0.5,-0.058085,180,0,0,164395
0,-5,-2,0.5,-0.05876,180,0,0,164411
0,-3,-1,0.5,-0.059165,180,0,0,164425
0,-3,-1,0.5,-0.05957,180,0,0,164443
0,-2,-1,0.5,-0.05984,180,0,31,164462
0,0,-1,0.5,-0.05984,180,0,31,164478
0,0,0,0.5,-0.05984,180,0,31,164491
0,-7,-5,0.5,-0.060785,180,0,31,164512
0,-6,-5,0.5,-0.061595,180,0,0,164531
0,-6,-6,0.5,-0.062405,180,0,0,164542
0,-7,-7,0.5,-0.06335,180,0,0,164562
0,-7,-7,0.5,-0.064295,180,0,0,164576
0,-8,-6,0.5,-0.065375,180,0,0,164594
0,-9,-6,0.5,-0.06659,180,0,0,164609
0,-6,-6,0.5,-0.0674,180,0,0,164627
0,-4,-6,0.5,-0.06794,180,0,0,164644
0,-1,-7,0.5,-0.068075,180,0,0,164662
0,-1,-6,0.5,-0.06821,180,0,0,164678
0,0,-5,0.5,-0.06821,180,0,0,164694
0,1,-5,0.5,-0.068075,180,0,0,164714
0,0,-4,0.5,-0.068075,180,0,0,164729
0,0,-4,0.5,-0.068075,180,0,0,164745
0,1,-3,0.5,-0.06794,180,0,0,164762
0,1,-3,0.5,-0.067805,180,0,0,164776
0,2,-2,0.5,-0.067535,180,0,0,164794
0,2,-2,0.5,-0.067265,180,0,0,164813
0,1,-3,0.5,-0.06713,180,0,0,164830
0,1,-4,0.5,-0.066995,180,0,0,164846
0,4,-4,0.5,-0.066455,180,0,0,164865
0,4,-3,0.5,-0.065915,180,0,0,164876
0,13,-6,0.5,-0.06416,180,0,0,164899
0,10,-1,0.5,-0.06281,180,0,0,164911
0,10,-5,0.5,-0.06146,180,0,0,164928
0,10,-4,0.5,-0.06011,180,0,0,164945
0,11,-5,0.5,-0.058625,180,0,0,164964
0,9,-6,0.5,-0.05741,180,0,0,164977
0,8,-5,0.5,-0.05633,180,0,0,164996
0,7,-6,0.5,-0.055385,180,0,0,165015
0,7,-6,0.5,-0.05444,180,0,0,165031
0,5,-6,0.5,-0.053765,180,0,0,165045
0,4,-6,0.5,-0.053225,180,0,0,165061
0,3,-6,0.5,-0.05282,180,0,0,165078
0,-1,-7,0.5,-0.052955,180,0,0,165097
0,1,-8,0.5,-0.05282,180,0,0,165112
0,0,-9,0.5,-0.05282,180,0,0,165128
0,0,-9,0.5,-0.05282,180,0,0,165145
0,0,-9,0.5,-0.05282,180,0,0,165164
0,0,-8,0.5,-0.05282,180,0,0,165181
0,-1,-7,0.5,-0.052955,180,0,0,165197
0,0,-7,0.5,-0.052955,180,0,0,165211
0,-2,-7,0.5,-0.053225,180,0,0,165228
0,-2,-8,0.5,-0.053495,180,0,0,165244
0,-2,-9,0.5,-0.053765,180,0,0,165261
0,-19,-19,0.5,-0.05633,180,0,0,165283
0,-10,-9,0.5,-0.05768,180,0,0,165295
0,-4,-6,0.5,-0.05822,180,0,0,165311
0,3,-11,0.5,-0.057815,180,0,0,165335
0,8,-6,0.5,-0.056735,180,0,0,165347
0,9,-4,0.5,-0.05552,180,0,0,165361
0,8,-4,0.5,-0.05444,180,0,0,165377
0,6,-6,0.5,-0.05363,180,0,0,165394
0,12,-7,0.5,-0.05201,180,0,0,165412
0,24,-8,0.5,-0.04877,180,0,0,165434
0,40,-7,0.5,-0.04337,180,0,0,165446
0,47,-7,0.5,-0.037025,180,0,0,165467
0,36,-8,0.5,-0.032165,180,0,0,165481
0,30,-8,0.5,-0.028115,180,0,0,165496
0,26,-8,0.5,-0.024605,180,0,0,165512
0,22,-8,0.5,-0.021635,180,0,0,165533
0,21,-10,0.5,-0.0188,180,0,0,165547
0,19,-11,0.5,-0.016235,180,0,0,165565
0,16,-11,0.5,-0.014075,180,0,0,165581
0,14,-13,0.5,-0.012185,180,0,0,165600
0,25,-27,0.5,-0.00881,180,0,0,165623
0,13,-14,0.5,-0.007055,180,0,0,165635
0,15,-14,0.5,-0.00503,180,0,0,165650
0,16,-16,0.5,-0.00287,180,0,0,165672
0,16,-18,0.5,-0.00071,180,0,0,165689
0,12,-18,0.5,0.00091,180,0,0,165710
0,7,-18,0.5,0.001855,180,0,0,165720
0,7,-17,0.5,0.0028,180,0,0,165735
0,8,-15,0.5,0.00388,180,0,0,165754
0,12,-13,0.5,0.0055,180,0,0,165766
0,16,-11,0.5,0.00766,180,0,0,165783
0,18,-10,0.5,0.01009,180,0,0,165797
0,18,-10,0.5,0.01252,180,0,0,165814
0,20,-14,0.5,0.01522,180,0,0,165832
0,19,-18,0.5,0.017785,180,0,0,165855
0,18,-20,0.5,0.020215,180,0,0,165866
0,14,-19,0.5,0.022105,180,0,0,165886
0,13,-19,0.5,0.02386,180,0,0,165902
0,14,-17,0.5,0.02575,180,0,0,165922
0,16,-17,0.5,0.02791,180,0,0,165936
0,16,-15,0.5,0.03007,180,0,0,165948
0,19,-14,0.5,0.032635,180,0,0,165968
0,36,-28,0.5,0.037495,180,0,0,165989
0,0,0,0.5,0.037495,180,0,0,165995
0,15,-17,0.5,0.03952,180,0,0,166019
0,13,-19,0.5,0.041275,180,0,0,166037
0,22,-40,0.5,0.044245,180,0,0,166058
0,13,-20,0.5,0.046,180,0,0,166071
0,17,-19,0.5,0.048295,180,0,0,166084
0,19,-20,0.5,0.05086,180,0,0,166101
0,24,-20,0.5,0.0541,180,0,0,166130
0,31,-20,0.5,0.058285,180,0,0,166145
0,61,-22,0.5,0.06652,180,0,0,166162
0,0,-13,0.5,0.06652,180,0,0,166171
0,24,-16,0.5,0.06976,180,0,0,166186
0,18,-16,0.5,0.07219,180,0,0,166202
0,15,-17,0.5,0.074215,180,0,0,166216
0,16,-19,0.5,0.076375,180,0,0,166232
0,15,-20,0.5,0.0784,180,0,0,166255
0,14,-20,0.5,0.08029,180,0,0,166268
0,13,-20,0.5,0.082045,180,0,0,166285
0,12,-19,0.5,0.083665,180,0,0,166304
0,12,-19,0.5,0.085285,180,0,0,166320
0,8,-18,0.5,0.086365,180,0,0,166336
0,7,-18,0.5,0.08731,180,0,0,166350
0,4,-16,0.5,0.08785,180,0,0,166366
0,10,-29,0.5,0.0892,180,0,0,166387
0,6,-13,0.5,0.09001,180,0,0,166402
0,6,-10,0.5,0.09082,180,0,0,166415
0,6,-18,0.5,0.09163,180,0,0,166436
0,7,-13,0.5,0.092575,180,0,31,166451
0,7,-18,0.5,0.09352,180,0,31,166473
0,6,-15,0.5,0.09433,180,0,31,166488
0,4,-15,0.5,0.09487,180,0,31,166505
0,1,-14,0.5,0.095005,180,0,31,166522
0,-1,-13,0.5,0.09487,180,0,31,166534
0,-1,-13,0.5,0.094735,180,0,31,166549
0,-3,-13,0.5,0.09433,180,0,0,166567
0,-3,-12,0.5,0.093925,180,0,0,166586
0,-2,-12,0.5,0.093655,180,0,0,166606
0,0,-12,0.5,0.093655,180,0,0,166617
0,0,-13,0.5,0.093655,180,0,31,166637
0,2,-12,0.5,0.093925,180,0,31,166653
0,7,-12,0.5,0.09487,180,0,31,166670
0,8,-12,0.5,0.09595,180,0,31,166682
0,9,-11,0.5,0.097165,180,0,31,166699
0,7,-9,0.5,0.09811,180,0,31,166714
0,12,-16,0.5,0.09973,180,0,0,166736
0,4,-6,0.5,0.10027,180,0,0,166753
0,2,-12,0.5,0.10054,180,0,0,166769
0,0,-8,0.5,0.10054,180,0,0,166785
0,-4,-5,0.5,0.1,180,0,0,166799
0,-3,-12,0.5,0.099595,180,0,0,166819
0,-2,-11,0.5,0.099325,180,0,0,166833
0,2,-13,0.5,0.099595,180,0,0,166853
0,4,-14,0.5,0.100135,180,0,0,166874
0,9,-15,0.5,0.10135,180,0,0,166888
0,10,-15,0.5,0.1027,180,0,0,166902
0,12,-14,0.5,0.10432,180,0,0,166918
0,15,-15,0.5,0.106345,180,0,0,166939
0,18,-14,0.5,0.108775,180,0,0,166952
0,20,-14,0.5,0.111475,180,0,0,166968
0,20,-14,0.5,0.114175,180,0,0,166983
0,19,-15,0.5,0.11674,180,0,0,167002
0,18,-14,0.5,0.11917,180,0,0,167017
0,17,-13,0.5,0.121465,180,0,0,167035
0,32,-23,0.5,0.125785,180,0,0,167064
0,10,-9,0.5,0.127135,180,0,0,167076
0,8,-9,0.5,0.128215,180,0,0,167085
0,0,0,0.5,0.128215,180,0,0,167098
0,5,-9,0.5,0.12889,180,0,0,167115
0,9,-23,0.5,0.130105,180,0,0,167142
0,3,-13,0.5,0.13051,180,0,0,167158
0,-1,-13,0.5,0.130375,180,0,0,167173
0,-1,-12,0.5,0.13024,180,0,0,167184
0,-6,-13,0.5,0.12943,180,0,0,167203
0,-7,-11,0.5,0.128485,180,0,0,167216
0,-9,-10,0.5,0.12727,180,0,0,167235
0,-10,-9,0.5,0.12592,180,0,0,167251
0,-12,-9,0.5,0.1243,180,0,0,167267
0,-13,-8,0.5,0.122545,180,0,0,167288
0,-14,-7,0.5,0.120655,180,0,0,167300
0,-13,-7,0.5,0.1189,180,0,0,167315
0,-12,-5,0.5,0.11728,180,0,0,167336
0,-11,-5,0.5,0.115795,180,0,0,167349
0,-10,-4,0.5,0.114445,180,0,0,167365
0,-10,-4,0.5,0.113095,180,0,0,167382
0,-8,-4,0.5,0.112015,180,0,0,167398
0,-7,-7,0.5,0.11107,180,0,0,167425
0,0,0,0.5,0.11107,180,0,0,167430
0,0,-3,0.5,0.11107,180,0,0,167449
0,4,-3,0.5,0.11161,180,0,0,167464
0,12,-7,0.5,0.11323,180,0,0,167487
0,8,-4,0.5,0.11431,180,0,0,167502
0,0,0,0.5,0.11431,180,0,0,167513
0,9,-4,0.5,0.115525,180,0,0,167533
0,8,-4,0.5,0.116605,180,0,0,167551
0,16,-7,0.5,0.118765,180,0,0,167573
0,0,0,0.5,0.118765,180,0,0,167582
0,11,-9,0.5,0.12025,180,0,0,167600
0,4,-6,0.5,0.12079,180,0,0,167619
0,6,-6,0.5,0.1216,180,0,0,167635
0,10,-7,0.5,0.12295,180,0,0,167651
0,14,-8,0.5,0.12484,180,0,0,167666
0,19,-8,0.5,0.127405,180,0,0,167691
0,22,-10,0.5,0.130375,180,0,0,167702
0,22,-9,0.5,0.133345,180,0,0,167725
0,23,-10,0.5,0.13645,180,0,0,167736
0,20,-11,0.5,0.13915,180,0,0,167753
0,20,-13,0.5,0.14185,180,0,0,167769
0,20,-12,0.5,0.14455,180,0,0,167789
0,22,-13,0.5,0.14752,180,0,0,167803
0,21,-12,0.5,0.150355,180,0,0,167819
0,46,-25,0.5,0.156565,180,0,0,167859
0,53,-22,0.5,0.16372,180,0,0,167876
0,28,-10,0.5,0.1675,180,0,0,167890
0,0,0,0.5,0.1675,180,0,0,167896
0,29,-10,0.5,0.171415,180,0,0,167908
0,27,-9,0.5,0.17506,180,0,0,167926
0,27,-11,0.5,0.178705,180,0,0,167941
0,23,-11,0.5,0.18181,180,0,0,167965
0,18,-13,0.5,0.18424,180,0,0,167973
0,14,-13,0.5,0.18613,180,0,0,167992
0,13,-13,0.5,0.187885,180,0,0,168008
0,11,-13,0.5,0.18937,180,0,0,168028
0,9,-13,0.5,0.190585,180,0,0,168044
0,7,-13,0.5,0.19153,180,0,0,168059
0,2,-14,0.5,0.1918,180,0,0,168076
0,0,-14,0.5,0.1918,180,0,0,168090
0,0,-14,0.5,0.1918,180,0,0,168108
0,1,-12,0.5,0.191935,180,0,0,168123
0,7,-13,0.5,0.19288,180,0,0,168144
0,11,-13,0.5,0.194365,180,0,0,168157
0,16,-12,0.5,0.196525,180,0,0,168174
0,19,-13,0.5,0.19909,180,0,0,168193
0,46,-31,0.5,0.2053,180,0,0,168214
0,26,-17,0.5,0.20881,180,0,0,168227
0,26,-5,0.5,0.21232,180,0,0,168238
0,24,-23,0.5,0.21556,180,0,0,168262
0,20,-12,0.5,0.21826,180,0,0,168274
0,16,-13,0.5,0.22042,180,0,0,168291
0,13,-13,0.5,0.222175,180,0,0,168307
0,10,-12,0.5,0.223525,180,0,0,168323
0,11,-13,0.5,0.22501,180,0,0,168342
0,11,-14,0.5,0.226495,180,0,0,168358
0,12,-14,0.5,0.228115,180,0,0,168375
0,11,-15,0.5,0.2296,180,0,0,168393
0,9,-14,0.5,0.230815,180,0,0,168411
0,8,-15,0.5,0.231895,180,0,0,168424
0,7,-14,0.5,0.23284,180,0,0,168444
0,7,-14,0.5,0.233785,180,0,0,168460
0,6,-14,0.5,0.234595,180,0,0,168474
0,12,-25,0.5,0.236215,180,0,0,168504
0,7,-12,0.5,0.23716,180,0,0,168515
0,0,0,0.5,0.23716,180,0,0,168521
0,7,-12,0.5,0.238105,180,0,0,168543
0,8,-12,0.5,0.239185,180,0,0,168557
0,15,-21,0.5,0.24121,180,0,0,168577
0,7,-9,0.5,0.242155,180,0,0,168592
0,10,-21,0.5,0.243505,180,0,0,168609
0,12,-12,0.5,0.245125,180,0,0,168631
0,14,-11,0.5,0.247015,180,0,0,168641
0,14,-10,0.5,0.248905,180,0,0,168659
0,14,-10,0.5,0.250795,180,0,0,168674
0,12,-9,0.5,0.252415,180,0,0,168692
0,12,-9,0.5,0.254035,180,0,0,168714
0,11,-9,0.5,0.25552,180,0,0,168723
0,10,-10,0.5,0.25687,180,0,0,168743
0,13,-12,0.5,0.258625,180,0,0,168759
0,14,-14,0.5,0.260515,180,0,0,168779
0,16,-17,0.5,0.262675,180,0,0,168797
0,14,-18,0.5,0.264565,180,0,0,168814
0,12,-18,0.5,0.266185,180,0,0,168831
0,9,-17,0.5,0.2674,180,0,0,168847
0,8,-16,0.5,0.26848,180,0,0,168863
0,9,-14,0.5,0.269695,180,0,0,168877
0,9,-11,0.5,0.27091,180,0,0,168889
0,11,-11,0.5,0.272395,180,0,0,168906
0,13,-10,0.5,0.27415,180,0,0,168924
0,16,-10,0.5,0.27631,180,0,0,168943
0,18,-13,0.5,0.27874,180,0,0,168967
0,25,-30,0.5,0.282115,180,0,0,168992
0,7,-15,0.5,0.28306,180,0,0,169001
0,6,-15,0.5,0.28387,180,0,0,169015
0,4,-15,0.5,0.28441,180,0,0,169029
0,-1,-14,0.5,0.284275,180,0,0,169044
0,0,-15,0.5,0.284275,180,0,0,169058
0,0,-15,0.5,0.284275,180,0,0,169076
0,0,-15,0.5,0.284275,180,0,0,169095
0,0,-14,0.5,0.284275,180,0,0,169107
0,5,-15,0.5,0.28495,180,0,0,169124
0,7,-15,0.5,0.285895,180,0,0,169143
0,11,-16,0.5,0.28738,180,0,0,169157
0,18,-17,0.5,0.28981,180,0,0,169175
0,25,-17,0.5,0.293185,180,0,0,169193
0,33,-14,0.5,0.29764,180,0,0,169209
0,31,-12,0.5,0.301825,180,0,0,169228
0,28,-11,0.5,0.305605,180,0,0,169252
0,58,-23,0.5,0.313435,180,0,0,169287
0,45,-30,0.5,0.31951,180,0,0,169310
0,19,-17,0.5,0.322075,180,0,0,169319
0,18,-17,0.5,0.324505,180,0,0,169332
0,0,0,0.5,0.324505,180,0,0,169338
0,16,-16,0.5,0.326665,180,0,0,169353
0,16,-18,0.5,0.328825,180,0,31,169370
0,17,-18,0.5,0.33112,180,0,31,169385
0,15,-17,0.5,0.333145,180,0,31,169403
0,15,-16,0.5,0.33517,180,0,31,169417
0,8,-14,0.5,0.33625,180,0,31,169434
0,1,-13,0.5,0.336385,180,0,0,169452
0,-2,-11,0.5,0.336115,180,0,0,169466
0,-7,-11,0.5,0.33517,180,0,0,169483
0,-9,-9,0.5,0.333955,180,0,0,169501
0,-9,-8,0.5,0.33274,180,0,0,169520
0,-22,-10,0.5,0.32977,180,0,0,169532
0,-10,-16,0.5,0.32842,180,0,31,169553
0,-9,-10,0.5,0.327205,180,0,31,169567
0,-6,-11,0.5,0.326395,180,0,31,169583
0,-5,-11,0.5,0.32572,180,0,31,169601
0,-5,-11,0.5,0.325045,180,0,31,169623
0,-2,-11,0.5,0.324775,180,0,0,169636
0,-2,-10,0.5,0.324505,180,0,0,169654
0,-1,-10,0.5,0.32437,180,0,0,169671
0,0,-10,0.5,0.32437,180,0,0,169685
0,0,-11,0.5,0.32437,180,0,0,169701
0,0,-10,0.5,0.32437,180,0,0,169716
0,0,-10,0.5,0.32437,180,0,0,169733
0,0,-10,0.5,0.32437,180,0,0,169751
0,0,-10,0.5,0.32437,180,0,0,169766
0,-2,-9,0.5,0.3241,180,0,0,169782
0,-2,-8,0.5,0.32383,180,0,0,169801
0,-1,-7,0.5,0.323695,180,0,0,169816
0,0,-6,0.5,0.323695,180,0,0,169833
0,0,-6,0.5,0.323695,180,0,0,169849
0,1,-6,0.5,0.32383,180,0,0,169865
0,0,-5,0.5,0.32383,180,0,0,169882
0,2,-5,0.5,0.3241,180,0,0,169898
0,3,-6,0.5,0.324505,180,0,0,169915
0,8,-9,0.5,0.325585,180,0,0,169940
0,4,-7,0.5,0.326125,180,0,0,169955
0,3,-5,0.5,0.32653,180,0,0,169965
0,1,-6,0.5,0.326665,180,0,0,169983
0,0,-6,0.5,0.326665,180,0,0,170002
0,0,-6,0.5,0.326665,180,0,0,170015
0,0,-7,0.5,0.326665,180,0,0,170035
0,0,-8,0.5,0.326665,180,0,0,170052
0,2,-10,0.5,0.326935,180,0,0,170066
0,6,-10,0.5,0.327745,180,0,0,170083
0,7,-11,0.5,0.32869,180,0,0,170101
0,9,-10,0.5,0.329905,180,0,0,170116
0,9,-10,0.5,0.33112,180,0,0,170136
0,11,-10,0.5,0.332605,180,0,0,170154
0,12,-9,0.5,0.334225,180,0,0,170167
0,12,-9,0.5,0.335845,180,0,0,170191
0,11,-9,0.5,0.33733,180,0,0,170204
0,9,-10,0.5,0.338545,180,0,0,170218
0,8,-9,0.5,0.339625,180,0,0,170235
0,8,-8,0.5,0.340705,180,0,0,170250
0,8,-7,0.5,0.341785,180,0,0,170266
0,8,-7,0.5,0.342865,180,0,0,170285
0,9,-7,0.5,0.34408,180,0,0,170300
0,6,-7,0.5,0.34489,180,0,0,170316
0,3,-8,0.5,0.345295,180,0,0,170333
0,0,-18,0.5,0.345295,180,0,0,170352
0,0,-11,0.5,0.345295,180,0,0,170366
0,0,-12,0.5,0.345295,180,0,0,170385
0,3,-12,0.5,0.3457,180,0,0,170401
0,4,-11,0.5,0.34624,180,0,0,170417
0,5,-9,0.5,0.346915,180,0,0,170432
0,8,-9,0.5,0.347995,180,0,0,170450
0,10,-9,0.5,0.349345,180,0,0,170466
0,9,-9,0.5,0.35056,180,0,0,170493
0,8,-9,0.5,0.35164,180,0,0,170503
0,6,-10,0.5,0.35245,180,0,0,170517
0,7,-11,0.5,0.353395,180,0,0,170536
0,9,-11,0.5,0.35461,180,0,0,170557
0,11,-12,0.5,0.356095,180,0,0,170572
0,11,-13,0.5,0.35758,180,0,0,170585
0,12,-13,0.5,0.3592,180,0,0,170601
0,14,-12,0.5,0.36109,180,0,0,170616
0,16,-13,0.5,0.36325,180,0,0,170636
0,17,-14,0.5,0.365545,180,0,0,170653
0,14,-15,0.5,0.367435,180,0,0,170670
0,11,-15,0.5,0.36892,180,0,0,170684
0,9,-15,0.5,0.370135,180,0,0,170701
0,9,-14,0.5,0.37135,180,0,0,170719
0,14,-25,0.5,0.37324,180,0,0,170759
0,9,-29,0.5,0.374455,180,0,0,170775
0,4,-14,0.5,0.374995,180,0,0,170784
0,0,0,0.5,0.374995,180,0,0,170792
0,3,-13,0.5,0.3754,180,0,0,170804
0,3,-12,0.5,0.375805,180,0,0,170821
0,3,-10,0.5,0.37621,180,0,0,170837
0,3,-10,0.5,0.376615,180,0,0,170854
0,-1,-9,0.5,0.37648,180,0,0,170872
0,-5,-10,0.5,0.375805,180,0,0,170888
0,-7,-8,0.5,0.37486,180,0,0,170902
0,-10,-9,0.5,0.37351,180,0,0,170922
0,-9,-11,0.5,0.372295,180,0,0,170938
0,-6,-10,0.5,0.371485,180,0,0,170955
0,-5,-11,0.5,0.37081,180,0,0,170973
0,-2,-11,0.5,0.37054,180,0,0,170989
0,-3,-11,0.5,0.370135,180,0,0,171006
0,-2,-11,0.5,0.369865,180,0,0,171023
0,-1,-11,0.5,0.36973,180,0,0,171039
0,1,-10,0.5,0.369865,180,0,0,171055
0,5,-19,0.5,0.37054,180,0,0,171077
0,6,-9,0.5,0.37135,180,0,0,171087
0,8,-8,0.5,0.37243,180,0,0,171103
0,9,-8,0.5,0.373645,180,0,0,171121
0,10,-8,0.5,0.374995,180,0,0,171136
0,10,-7,0.5,0.376345,180,0,0,171152
0,11,-7,0.5,0.37783,180,0,0,171169
0,9,-5,0.5,0.379045,180,0,0,171187
0,10,-5,0.5,0.380395,180,0,0,171204
0,6,-5,0.5,0.381205,180,0,0,171219
0,5,-6,0.5,0.38188,180,0,0,171236
0,5,-7,0.5,0.382555,180,0,0,171253
0,5,-8,0.5,0.38323,180,0,0,171272
0,9,-9,0.5,0.384445,180,0,0,171292
0,14,-11,0.5,0.386335,180,0,0,171305
0,18,-12,0.5,0.388765,180,0,0,171321
0,23,-12,0.5,0.39187,180,0,0,171337
0,25,-13,0.5,0.395245,180,0,0,171356
0,25,-13,0.5,0.39862,180,0,0,171375
0,26,-14,0.5,0.40213,180,0,0,171394
0,47,-30,0.5,0.408475,180,0,0,171414
0,22,-14,0.5,0.411445,180,0,0,171428
0,22,-13,0.5,0.414415,180,0,0,171439
0,0,0,0.5,0.414415,180,0,0,171450
0,48,-20,0.5,0.420895,180,0,0,171475
0,20,-9,0.5,0.423595,180,0,0,171487
0,16,-9,0.5,0.425755,180,0,0,171503
0,15,-10,0.5,0.42778,180,0,0,171523
0,16,-11,0.5,0.42994,180,0,0,171541
0,17,-12,0.5,0.432235,180,0,0,171561
0,17,-13,0.5,0.43453,180,0,0,171573
0,17,-14,0.5,0.436825,180,0,0,171589
0,16,-15,0.5,0.438985,180,0,0,171607
0,15,-15,0.5,0.44101,180,0,0,171629
0,17,-13,0.5,0.443305,180,0,0,171640
0,21,-12,0.5,0.44614,180,0,0,171654
0,20,-11,0.5,0.44884,180,0,0,171670
0,14,-12,0.5,0.45073,180,0,0,171691
0,9,-12,0.5,0.451945,180,0,0,171711
0,6,-12,0.5,0.452755,180,0,0,171726
0,6,-13,0.5,0.453565,180,0,0,171742
0,7,-14,0.5,0.45451,180,0,0,171757
0,9,-15,0.5,0.455725,180,0,0,171775
0,12,-16,0.5,0.457345,180,0,0,171793
0,14,-16,0.5,0.459235,180,0,0,171811
0,14,-17,0.5,0.461125,180,0,0,171826
0,10,-17,0.5,0.462475,180,0,0,171842
0,24,-18,0.5,0.465715,180,0,0,171856
0,21,-24,0.5,0.46855,180,0,0,171877
0,0,-6,0.5,0.46855,180,0,0,171890
0,49,-22,0.5,0.475165,180,0,0,171907
0,28,-9,0.5,0.478945,180,0,0,171923
0,28,-10,0.5,0.482725,180,0,0,171936
0,26,-9,0.5,0.486235,180,0,0,171952
0,24,-9,0.5,0.489475,180,0,0,171976
0,24,-8,0.5,0.492715,180,0,0,171994
0,23,-7,0.5,0.49582,180,0,0,172006
0,25,-7,0.5,0.499195,180,0,0,172020
0,23,-10,0.5,0.5023,180,0,0,172037
0,18,-13,0.5,0.50473,180,0,0,172055
0,16,-15,0.5,0.50689,180,0,0,172075
0,14,-16,0.5,0.50878,180,0,0,172087
0,13,-16,0.5,0.510535,180,0,0,172105
0,12,-15,0.5,0.512155,180,0,0,172125
0,11,-15,0.5,0.51364,180,0,0,172137
0,14,-14,0.5,0.51553,180,0,0,172155
0,18,-15,0.5,0.51796,180,0,0,172175
0,22,-14,0.5,0.52093,180,0,0,172190
0,26,-14,0.5,0.52444,180,0,0,172205
0,28,-13,0.5,0.52822,180,0,0,172221
0,52,-24,0.5,0.53524,180,0,0,172243
0,21,-11,0.5,0.538075,180,0,0,172257
0,17,-4,0.5,0.54037,180,0,0,172269
0,16,-21,0.5,0.54253,180,0,0,172297
0,16,-13,0.5,0.54469,180,0,0,172309
0,16,-14,0.5,0.54685,180,0,0,172324
0,19,-15,0.5,0.549415,180,0,0,172339
0,19,-15,0.5,0.55198,180,0,0,172354
0,21,-15,0.5,0.554815,180,0,0,172376
0,22,-15,0.5,0.557785,180,0,0,172387
0,23,-15,0.5,0.56089,180,0,0,172407
0,24,-14,0.5,0.56413,180,0,0,172425
0,24,-13,0.5,0.56737,180,0,0,172439
0,23,-12,0.5,0.570475,180,0,0,172455
0,17,-11,0.5,0.57277,180,0,0,172470
0,11,-11,0.5,0.574255,180,0,0,172487
0,6,-12,0.5,0.575065,180,0,0,172503
0,4,-12,0.5,0.575605,180,0,0,172521
0,5,-15,0.5,0.57628,180,0,0,172544
0,1,-15,0.5,0.576415,180,0,0,172557
0,4,-17,0.5,0.576955,180,0,0,172576
0,5,-18,0.5,0.57763,180,0,0,172588
0,7,-18,0.5,0.578575,180,0,0,172607
0,8,-19,0.5,0.579655,180,0,0,172627
0,3,-18,0.5,0.58006,180,0,0,172641
0,4,-31,0.5,0.5806,180,0,0,172661
0,0,-1,0.5,0.5806,180,0,0,172668
0,24,-31,0.5,0.58384,180,0,0,172697
0,20,-15,0.5,0.58654,180,0,0,172706
0,23,-16,0.5,0.589645,180,0,0,172723
0,28,-17,0.5,0.593425,180,0,0,172739
0,31,-16,0.5,0.59761,180,0,0,172756
0,34,-15,0.5,0.6022,180,0,0,172772
0,34,-12,0.5,0.60679,180,0,0,172787
0,29,-8,0.5,0.610705,180,0,0,172802
0,25,-9,0.5,0.61408,180,0,0,172821
0,19,-10,0.5,0.616645,180,0,0,172839
0,13,-11,0.5,0.6184,180,0,0,172853
0,13,-12,0.5,0.620155,180,0,0,172875
0,13,-13,0.5,0.62191,180,0,0,172895
0,13,-15,0.5,0.623665,180,0,0,172910
0,12,-15,0.5,0.625285,180,0,0,172925
0,9,-16,0.5,0.6265,180,0,0,172937
0,8,-16,0.5,0.62758,180,0,0,172956
0,9,-17,0.5,0.628795,180,0,0,172973
0,11,-17,0.5,0.63028,180,0,0,172988
0,12,-17,0.5,0.6319,180,0,0,173006
0,17,-17,0.5,0.634195,180,0,0,173021
0,22,-17,0.5,0.637165,180,0,0,173042
0,54,-32,0.5,0.644455,180,0,0,173061
0,29,-17,0.5,0.64837,180,0,0,173076
0,28,-15,0.5,0.65215,180,0,0,173092
0,29,-10,0.5,0.656065,180,0,0,173103
0,25,-18,0.5,0.65944,180,0,0,173121
0,22,-13,0.5,0.66241,180,0,0,173138
0,19,-14,0.5,0.664975,180,0,0,173159
0,20,-14,0.5,0.667675,180,0,0,173172
0,21,-15,0.5,0.67051,180,0,0,173191
0,23,-16,0.5,0.673615,180,0,0,173204
0,25,-16,0.5,0.67699,180,0,0,173221
0,26,-17,0.5,0.6805,180,0,0,173238
0,26,-17,0.5,0.68401,180,0,0,173258
0,23,-17,0.5,0.687115,180,0,0,173275
0,19,-19,0.5,0.68968,180,0,0,173292
0,15,-18,0.5,0.691705,180,0,0,173305
0,11,-17,0.5,0.69319,180,0,0,173322
0,6,-15,0.5,0.694,180,0,0,173339
0,2,-16,0.5,0.69427,180,0,0,173355
0,1,-15,0.5,0.694405,180,0,0,173370
0,2,-16,0.5,0.694675,180,0,0,173390
0,16,-33,0.5,0.696835,180,0,0,173420
0,11,-24,0.5,0.69832,180,0,0,173431
0,0,0,0.5,0.69832,180,0,0,173435
0,17,-20,0.5,0.700615,180,0,0,173455
0,2,-36,0.5,0.700885,180,0,0,173477
0,0,-16,0.5,0.700885,180,0,0,173491
0,0,-15,0.5,0.700885,180,0,0,173505
0,0,-13,0.5,0.700885,180,0,0,173522
0,1,-12,0.5,0.70102,180,0,0,173539
0,2,-11,0.5,0.70129,180,0,0,173553
0,7,-11,0.5,0.702235,180,0,0,173570
0,8,-11,0.5,0.703315,180,0,0,173587
0,11,-13,0.5,0.7048,180,0,0,173604
0,15,-13,0.5,0.706825,180,0,0,173622
0,18,-12,0.5,0.709255,180,0,0,173638
0,20,-11,0.5,0.71,180,0,0,173654
