0,89,22,0.5,-0.697985,180,0,0,163927
0,31,5,0.5,-0.6938,180,0,0,163939
0,33,6,0.5,-0.689345,180,0,0,163948
0,0,0,0.5,-0.689345,180,0,0,163954
0,64,5,0.5,-0.680705,180,0,0,163980
0,0,6,0.5,-0.680705,180,0,0,163990
0,31,5,0.5,-0.67652,180,0,0,164010
0,34,6,0.5,-0.67193,180,0,0,164024
0,34,7,0.5,-0.66734,180,0,0,164039
0,31,7,0.5,-0.663155,180,0,0,164056
0,61,13,0.5,-0.65492,180,0,0,164080
0,27,15,0.5,-0.651275,180,0,0,164094
0,25,10,0.5,-0.6479,180,0,0,164108
0,24,9,0.5,-0.64466,180,0,0,164124
0,24,8,0.5,-0.64142,180,0,0,164140
0,25,7,0.5,-0.638045,180,0,0,164158
0,23,6,0.5,-0.63494,180,0,0,164182
0,22,6,0.5,-0.63197,180,0,0,164194
0,18,5,0.5,-0.62954,180,0,0,164207
0,18,5,0.5,-0.62711,180,0,0,164222
0,18,5,0.5,-0.62468,180,0,0,164240
0,18,6,0.5,-0.62225,180,0,0,164257
0,20,6,0.5,-0.61955,180,0,0,164275
0,19,7,0.5,-0.616985,180,0,0,164294
0,17,7,0.5,-0.61469,180,0,0,164306
0,16,8,0.5,-0.61253,180,0,0,164323
0,18,7,0.5,-0.6101,180,0,0,164343
0,19,7,0.5,-0.607535,180,0,0,164356
0,20,6,0.5,-0.604835,180,0,0,164374
0,19,7,0.5,-0.60227,180,0,0,164395
0,17,6,0.5,-0.599975,180,0,0,164406
0,16,6,0.5,-0.597815,180,0,0,164424
0,14,4,0.5,-0.595925,180,0,0,164439
0,13,3,0.5,-0.59417,180,0,0,164456
0,14,1,0.5,-0.59228,180,0,0,164472
0,25,1,0.5,-0.588905,180,0,31,164489
0,11,0,0.5,-0.58742,180,0,31,164505
0,10,1,0.5,-0.58607,180,0,0,164524
0,9,2,0.5,-0.584855,180,0,0,164541
0,8,3,0.5,-0.583775,180,0,0,164555
0,8,4,0.5,-0.582695,180,0,0,164573
0,8,3,0.5,-0.581615,180,0,0,164590
0,7,4,0.5,-0.58067,180,0,0,164607
0,4,4,0.5,-0.58013,180,0,0,164623
0,1,4,0.5,-0.579995,180,0,0,164639
0,-2,3,0.5,-0.580265,180,0,0,164655
0,-2,3,0.5,-0.580535,180,0,0,164673
0,-2,3,0.5,-0.580805,180,0,0,164690
0,-1,3,0.5,-0.58094,180,0,0,164706
0,-1,3,0.5,-0.581075,180,0,0,164724
0,-1,3,0.5,-0.58121,180,0,0,164738
0,4,2,0.5,-0.58067,180,0,0,164755
0,7,2,0.5,-0.579725,180,0,0,164774
0,11,1,0.5,-0.57824,180,0,0,164788
0,16,1,0.5,-0.57608,180,0,0,164804
0,20,1,0.5,-0.57338,180,0,0,164823
0,23,1,0.5,-0.570275,180,0,0,164839
0,25,1,0.5,-0.5669,180,0,31,164855
0,52,0,0.5,-0.55988,180,0,31,164872
0,28,0,0.5,-0.5561,180,0,31,164889
0,29,1,0.5,-0.552185,180,0,0,164908
0,31,0,0.5,-0.548,180,0,0,164922
0,28,0,0.5,-0.54422,180,0,0,164937
0,26,0,0.5,-0.54071,180,0,0,164954
0,24,0,0.5,-0.53747,180,0,0,164971
0,23,0,0.5,-0.534365,180,0,0,164988
0,20,0,0.5,-0.531665,180,0,0,165006
0,19,0,0.5,-0.5291,180,0,0,165021
0,19,1,0.5,-0.526535,180,0,0,165038
0,18,2,0.5,-0.524105,180,0,0,165054
0,20,2,0.5,-0.521405,180,0,0,165072
0,21,2,0.5,-0.51857,180,0,0,165088
0,23,2,0.5,-0.515465,180,0,31,165106
0,24,2,0.5,-0.512225,180,0,31,165122
0,23,2,0.5,-0.50912,180,0,31,165139
0,22,2,0.5,-0.50615,180,0,0,165155
0,19,3,0.5,-0.503585,180,0,0,165173
0,19,3,0.5,-0.50102,180,0,0,165190
0,19,4,0.5,-0.498455,180,0,0,165205
0,20,4,0.5,-0.495755,180,0,0,165225
0,21,3,0.5,-0.49292,180,0,0,165240
0,22,3,0.5,-0.48995,180,0,0,165255
0,19,1,0.5,-0.487385,180,0,31,165272
0,37,1,0.5,-0.48239,180,0,31,165289
0,18,0,0.5,-0.47996,180,0,31,165304
0,15,0,0.5,-0.477935,180,0,31,165321
0,14,0,0.5,-0.476045,180,0,0,165337
0,13,1,0.5,-0.47429,180,0,0,165355
0,14,1,0.5,-0.4724,180,0,0,165374
0,16,1,0.5,-0.47024,180,0,0,165390
0,18,1,0.5,-0.46781,180,0,0,165407
0,22,1,0.5,-0.46484,180,0,0,165421
0,24,2,0.5,-0.4616,180,0,0,165442
0,25,1,0.5,-0.458225,180,0,0,165455
0,28,3,0.5,-0.454445,180,0,0,165472
0,30,3,0.5,-0.450395,180,0,0,165489
0,30,4,0.5,-0.446345,180,0,0,165505
0,31,4,0.5,-0.44216,180,0,0,165524
0,29,4,0.5,-0.438245,180,0,0,165538
0,28,3,0.5,-0.434465,180,0,0,165557
0,24,3,0.5,-0.431225,180,0,0,165574
0,21,1,0.5,-0.42839,180,0,0,165590
0,19,0,0.5,-0.425825,180,0,0,165604
0,20,0,0.5,-0.423125,180,0,0,165623
0,37,0,0.5,-0.41813,180,0,31,165641
0,20,0,0.5,-0.41543,180,0,31,165654
0,0,0,0.5,-0.41543,180,0,31,165670
0,39,2,0.5,-0.410165,180,0,0,165688
0,19,2,0.5,-0.4076,180,0,0,165708
0,19,2,0.5,-0.405035,180,0,0,165721
0,21,2,0.5,-0.4022,180,0,0,165739
0,22,3,0.5,-0.39923,180,0,0,165756
0,25,3,0.5,-0.395855,180,0,0,165778
0,27,3,0.5,-0.39221,180,0,0,165793
0,30,3,0.5,-0.38816,180,0,0,165812
0,29,3,0.5,-0.384245,180,0,31,165822
0,25,2,0.5,-0.38087,180,0,31,165841
0,21,2,0.5,-0.378035,180,0,31,165855
0,17,1,0.5,-0.37574,180,0,0,165874
0,13,1,0.5,-0.373985,180,0,0,165889
0,12,0,0.5,-0.372365,180,0,0,165904
0,10,1,0.5,-0.371015,180,0,0,165921
0,8,1,0.5,-0.369935,180,0,0,165940
0,7,2,0.5,-0.36899,180,0,0,165958
0,6,2,0.5,-0.36818,180,0,0,165973
0,5,3,0.5,-0.367505,180,0,0,165992
0,4,3,0.5,-0.366965,180,0,0,166005
0,5,4,0.5,-0.36629,180,0,0,166022
0,4,4,0.5,-0.36575,180,0,31,166041
0,10,11,0.5,-0.3644,180,0,31,166059
0,0,0,0.5,-0.3644,180,0,31,166072
0,6,12,0.5,-0.36359,180,0,0,166095
0,4,5,0.5,-0.36305,180,0,0,166107
0,6,6,0.5,-0.36224,180,0,0,166125
0,9,6,0.5,-0.361025,180,0,0,166141
0,11,6,0.5,-0.35954,180,0,0,166165
0,11,6,0.5,-0.358055,180,0,0,166180
0,11,6,0.5,-0.35657,180,0,0,166190
0,11,7,0.5,-0.355085,180,0,0,166207
0,13,6,0.5,-0.35333,180,0,0,166224
0,15,6,0.5,-0.351305,180,0,0,166239
0,18,6,0.5,-0.348875,180,0,0,166259
0,22,6,0.5,-0.345905,180,0,31,166276
0,24,7,0.5,-0.342665,180,0,31,166291
0,23,6,0.5,-0.33956,180,0,0,166307
0,26,5,0.5,-0.33605,180,0,0,166322
0,52,9,0.5,-0.32903,180,0,0,166346
0,0,0,0.5,-0.32903,180,0,0,166358
0,26,3,0.5,-0.32552,180,0,0,166374
0,24,3,0.5,-0.32228,180,0,0,166390
0,22,3,0.5,-0.31931,180,0,0,166409
0,42,7,0.5,-0.31364,180,0,0,166429
0,0,1,0.5,-0.31364,180,0,0,166440
0,40,11,0.5,-0.30824,180,0,0,166458
0,20,5,0.5,-0.30554,180,0,0,166474
0,23,5,0.5,-0.302435,180,0,0,166493
0,27,5,0.5,-0.29879,180,0,0,166509
0,27,5,0.5,-0.295145,180,0,31,166524
0,28,5,0.5,-0.291365,180,0,31,166540
0,31,5,0.5,-0.28718,180,0,0,166556
0,30,4,0.5,-0.28313,180,0,0,166573
0,30,3,0.5,-0.27908,180,0,0,166593
0,29,2,0.5,-0.275165,180,0,0,166614
0,29,2,0.5,-0.27125,180,0,0,166627
0,27,1,0.5,-0.267605,180,0,0,166638
0,25,0,0.5,-0.26423,180,0,0,166655
0,23,2,0.5,-0.261125,180,0,0,166674
0,22,2,0.5,-0.258155,180,0,0,166691
0,20,4,0.5,-0.255455,180,0,0,166707
0,20,4,0.5,-0.252755,180,0,0,166724
0,21,4,0.5,-0.24992,180,0,0,166740
0,23,4,0.5,-0.246815,180,0,0,166757
0,50,6,0.5,-0.240065,180,1,31,166780
0,0,0,0.5,-0.240065,180,1,31,166789
0,26,2,0.5,-0.236555,180,1,31,166807
0,28,3,0.5,-0.232775,180,0,0,166824
0,25,3,0.5,-0.2294,180,0,0,166840
0,39,7,0.5,-0.224135,180,0,0,166861
0,14,5,0.5,-0.222245,180,0,0,166880
0,13,5,0.5,-0.22049,180,0,0,166900
0,13,4,0.5,-0.218735,180,0,0,166910
0,14,5,0.5,-0.216845,180,0,30,166924
0,12,4,0.5,-0.215225,180,0,30,166942
0,11,4,0.5,-0.21374,180,0,30,166959
0,10,3,0.5,-0.21239,180,0,30,166976
0,9,3,0.5,-0.211175,180,0,30,166994
0,6,3,0.5,-0.210365,180,0,30,167007
0,6,3,0.5,-0.209555,180,0,30,167024
0,6,3,0.5,-0.208745,180,0,30,167040
0,5,3,0.5,-0.20807,180,0,30,167057
0,4,3,0.5,-0.20753,180,0,0,167075
0,1,2,0.5,-0.207395,180,0,0,167091
0,1,2,0.5,-0.20726,180,0,0,167106
0,2,2,0.5,-0.20699,180,0,0,167123
0,1,1,0.5,-0.206855,180,0,31,167140
0,3,1,0.5,-0.20645,180,0,31,167157
0,5,1,0.5,-0.205775,180,0,0,167173
0,4,1,0.5,-0.205235,180,0,0,167190
0,5,2,0.5,-0.20456,180,0,0,167208
0,8,2,0.5,-0.20348,180,0,0,167225
0,3,5,0.5,-0.203075,180,0,31,167244
0,4,3,0.5,-0.202535,180,0,31,167258
0,4,4,0.5,-0.201995,180,0,31,167278
0,4,3,0.5,-0.201455,180,0,0,167291
0,4,4,0.5,-0.200915,180,0,0,167311
0,3,4,0.5,-0.20051,180,0,0,167325
0,1,4,0.5,-0.200375,180,0,0,167344
0,2,4,0.5,-0.200105,180,0,0,167358
0,1,4,0.5,-0.19997,180,0,0,167374
0,1,4,0.5,-0.199835,180,0,31,167392
0,-1,4,0.5,-0.19997,180,0,0,167409
0,0,3,0.5,-0.19997,180,0,0,167433
0,-1,3,0.5,-0.200105,180,0,0,167447
0,-1,2,0.5,-0.20024,180,0,0,167458
0,0,2,0.5,-0.20024,180,0,0,167476
0,0,2,0.5,-0.20024,180,0,31,167491
0,0,2,0.5,-0.20024,180,0,31,167510
0,1,1,0.5,-0.200105,180,0,31,167524
0,0,1,0.5,-0.200105,180,0,0,167541
0,-2,2,0.5,-0.200375,180,0,0,167563
0,-1,1,0.5,-0.20051,180,0,0,167575
0,0,0,0.5,-0.20051,180,0,0,167590
0,2,0,0.5,-0.20024,180,0,0,167612
0,2,0,0.5,-0.19997,180,0,31,167625
0,2,0,0.5,-0.1997,180,0,31,167642
0,0,1,0.5,-0.1997,180,0,0,167657
0,-1,0,0.5,-0.199835,180,0,0,167678
0,0,0,0.5,-0.199835,180,0,0,167691
0,1,1,0.5,-0.1997,180,0,0,167712
0,3,0,0.5,-0.199295,180,0,0,167725
0,3,1,0.5,-0.19889,180,0,0,167740
0,2,1,0.5,-0.19862,180,0,31,167759
0,0,2,0.5,-0.19862,180,0,0,167776
0,0,2,0.5,-0.19862,180,0,0,167792
0,-1,3,0.5,-0.198755,180,0,0,167808
0,-2,2,0.5,-0.199025,180,0,0,167826
0,0,2,0.5,-0.199025,180,0,0,167841
0,0,2,0.5,-0.199025,180,0,0,167859
0,2,1,0.5,-0.198755,180,0,31,167874
0,2,1,0.5,-0.198485,180,0,31,167893
0,2,1,0.5,-0.198215,180,0,0,167908
0,-1,1,0.5,-0.19835,180,0,0,167925
0,-1,0,0.5,-0.198485,180,0,0,167941
0,-8,0,0.5,-0.199565,180,0,0,167958
0,-3,0,0.5,-0.19997,180,0,0,167979
0,-3,-1,0.5,-0.200375,180,0,0,167995
0,-1,-1,0.5,-0.20051,180,0,31,168008
0,0,-2,0.5,-0.20051,180,0,31,168032
0,1,-1,0.5,-0.200375,180,0,31,168042
0,-1,-1,0.5,-0.20051,180,0,0,168058
0,-2,0,0.5,-0.20078,180,0,0,168074
0,-1,0,0.5,-0.200915,180,0,0,168091
0,-1,0,0.5,-0.20105,180,0,0,168108
0,0,0,0.5,-0.20105,180,0,0,168125
0,-1,0,0.5,-0.201185,180,0,0,168141
0,-1,0,0.5,-0.20132,180,0,0,168158
0,0,0,0.5,-0.20132,180,0,0,168174
0,-1,0,0.5,-0.201455,180,0,0,168194
0,0,0,0.5,-0.201455,180,0,0,168208
0,-1,0,0.5,-0.20159,180,0,0,168224
0,0,1,0.5,-0.20159,180,0,0,168242
0,-1,0,0.5,-0.201725,180,0,0,168258
0,-3,1,0.5,-0.20213,180,0,0,168276
0,-4,1,0.5,-0.20267,180,0,0,168292
0,-4,1,0.5,-0.20321,180,0,0,168309
0,-12,1,0.5,-0.20483,180,0,0,168326
0,-7,2,0.5,-0.205775,180,0,0,168343
0,-9,1,0.5,-0.20699,180,0,0,168359
0,-11,1,0.5,-0.208475,180,0,0,168375
0,-12,1,0.5,-0.210095,180,0,0,168393
0,-14,1,0.5,-0.211985,180,0,0,168409
0,-15,0,0.5,-0.21401,180,0,0,168425
0,-16,0,0.5,-0.21617,180,0,0,168446
0,-17,0,0.5,-0.218465,180,0,0,168460
0,-16,0,0.5,-0.220625,180,0,0,168477
0,-16,0,0.5,-0.222785,180,0,0,168492
0,-15,0,0.5,-0.22481,180,0,0,168514
0,-12,0,0.5,-0.22643,180,0,0,168525
0,-12,0,0.5,-0.22805,180,0,0,168542
0,-9,0,0.5,-0.229265,180,0,0,168558
0,-8,0,0.5,-0.230345,180,0,0,168577
0,-5,0,0.5,-0.23102,180,0,0,168593
0,-1,0,0.5,-0.231155,180,0,0,168611
0,1,1,0.5,-0.23102,180,0,0,168626
0,8,1,0.5,-0.22994,180,0,0,168642
0,10,1,0.5,-0.22859,180,0,0,168659
0,10,2,0.5,-0.22724,180,0,0,168677
0,11,7,0.5,-0.225755,180,0,0,168696
0,1,4,0.5,-0.22562,180,0,0,168713
0,-4,5,0.5,-0.22616,180,0,0,168729
0,-7,4,0.5,-0.227105,180,0,0,168745
0,-13,3,0.5,-0.22886,180,0,0,168761
0,-13,2,0.5,-0.230615,180,0,0,168777
0,-14,1,0.5,-0.232505,180,0,0,168796
0,-16,0,0.5,-0.234665,180,0,0,168815
0,-15,-1,0.5,-0.23669,180,0,0,168827
0,-14,-2,0.5,-0.23858,180,0,0,168845
0,-12,-4,0.5,-0.2402,180,0,0,168863
0,-7,-4,0.5,-0.241145,180,0,0,168881
0,-5,-5,0.5,-0.24182,180,0,0,168897
0,-1,-4,0.5,-0.241955,180,0,0,168911
0,1,-4,0.5,-0.24182,180,0,0,168930
0,5,-4,0.5,-0.241145,180,0,0,168946
0,6,-3,0.5,-0.240335,180,0,0,168963
0,8,-3,0.5,-0.239255,180,0,0,168978
0,7,-2,0.5,-0.23831,180,0,0,169001
0,9,-1,0.5,-0.237095,180,0,0,169010
0,10,0,0.5,-0.235745,180,0,0,169027
0,11,0,0.5,-0.23426,180,0,0,169043
0,12,1,0.5,-0.23264,180,0,0,169062
0,10,1,0.5,-0.23129,180,0,0,169078
0,5,1,0.5,-0.230615,180,0,0,169095
0,1,3,0.5,-0.23048,180,0,0,169117
0,-5,1,0.5,-0.231155,180,0,0,169128
0,-8,1,0.5,-0.232235,180,0,0,169145
0,-10,1,0.5,-0.233585,180,0,0,169160
0,-8,1,0.5,-0.234665,180,0,0,169180
0,-5,1,0.5,-0.23534,180,0,0,169203
0,-1,1,0.5,-0.235475,180,0,0,169218
0,8,0,0.5,-0.234395,180,0,0,169227
0,14,0,0.5,-0.232505,180,0,0,169245
0,19,-2,0.5,-0.22994,180,0,0,169265
0,21,-3,0.5,-0.227105,180,0,0,169283
0,24,-4,0.5,-0.223865,180,0,0,169299
0,28,-5,0.5,-0.220085,180,0,0,169315
0,28,-6,0.5,-0.216305,180,0,0,169330
0,28,-6,0.5,-0.212525,180,0,0,169347
0,26,-6,0.5,-0.209015,180,0,0,169364
0,22,-7,0.5,-0.206045,180,0,0,169380
0,28,-12,0.5,-0.202265,180,0,0,169404
0,0,0,0.5,-0.202265,180,0,0,169411
0,5,-5,0.5,-0.20159,180,0,0,169429
0,1,-3,0.5,-0.201455,180,0,0,169445
0,-1,-3,0.5,-0.20159,180,0,0,169462
0,-17,-6,0.5,-0.203885,180,0,0,169484
0,-15,-3,0.5,-0.20591,180,0,0,169498
0,-19,-3,0.5,-0.208475,180,0,0,169514
0,-20,-2,0.5,-0.211175,180,0,0,169528
0,-25,-2,0.5,-0.21455,180,0,0,169545
0,-26,-2,0.5,-0.21806,180,0,0,169563
0,-29,-2,0.5,-0.221975,180,0,0,169581
0,-24,-3,0.5,-0.225215,180,0,0,169595
0,-14,-3,0.5,-0.227105,180,0,0,169611
0,-2,-1,0.5,-0.227375,180,0,0,169630
0,14,-1,0.5,-0.225485,180,0,0,169646
0,20,-1,0.5,-0.222785,180,0,0,169664
0,20,-2,0.5,-0.220085,180,0,0,169679
0,22,-2,0.5,-0.217115,180,0,0,169697
0,23,-2,0.5,-0.21401,180,0,0,169713
0,21,-1,0.5,-0.211175,180,0,0,169729
0,12,-1,0.5,-0.209555,180,0,0,169749
0,4,0,0.5,-0.209015,180,0,0,169762
0,-3,0,0.5,-0.20942,180,0,0,169778
0,-11,0,0.5,-0.210905,180,0,0,169795
0,-35,0,0.5,-0.21563,180,0,0,169816
0,0,0,0.5,-0.21563,180,0,0,169829
0,-21,0,0.5,-0.218465,180,0,0,169846
0,-19,0,0.5,-0.22103,180,0,0,169861
0,-18,0,0.5,-0.22346,180,0,0,169879
0,-19,0,0.5,-0.226025,180,0,0,169895
0,-1,0,0.5,-0.22616,180,0,0,169910
0,4,1,0.5,-0.22562,180,0,0,169930
0,9,1,0.5,-0.224405,180,0,0,169946
0,10,0,0.5,-0.223055,180,0,0,169962
0,10,1,0.5,-0.221705,180,0,0,169979
0,11,2,0.5,-0.22022,180,0,0,169995
0,14,3,0.5,-0.21833,180,0,0,170013
0,16,4,0.5,-0.21617,180,0,0,170033
0,18,4,0.5,-0.21374,180,0,0,170049
0,20,4,0.5,-0.21104,180,0,0,170063
0,21,4,0.5,-0.208205,180,0,0,170079
0,18,4,0.5,-0.205775,180,0,0,170098
0,15,3,0.5,-0.20375,180,0,0,170116
0,6,2,0.5,-0.20294,180,0,0,170132
0,4,2,0.5,-0.2024,180,0,0,170146
0,0,1,0.5,-0.2024,180,0,0,170165
0,-5,0,0.5,-0.203075,180,0,0,170179
0,-9,-1,0.5,-0.20429,180,0,0,170196
0,-12,-2,0.5,-0.20591,180,0,0,170214
0,-31,-8,0.5,-0.210095,180,0,0,170237
0,0,0,0.5,-0.210095,180,0,0,170245
0,-38,-8,0.5,-0.215225,180,0,0,170264
0,-23,-4,0.5,-0.21833,180,0,0,170284
0,-26,-5,0.5,-0.22184,180,0,0,170301
0,-26,-5,0.5,-0.22535,180,0,0,170318
0,-26,-5,0.5,-0.22886,180,0,0,170330
0,-24,-6,0.5,-0.2321,180,0,0,170353
0,-19,-6,0.5,-0.234665,180,0,0,170368
0,-13,-6,0.5,-0.23642,180,0,0,170381
0,-6,-7,0.5,-0.23723,180,0,0,170398
0,0,-6,0.5,-0.23723,180,0,0,170420
0,3,-4,0.5,-0.236825,180,0,0,170432
0,5,-3,0.5,-0.23615,180,0,0,170449
0,3,-1,0.5,-0.235745,180,0,0,170464
0,1,0,0.5,-0.23561,180,0,0,170481
0,0,1,0.5,-0.23561,180,0,31,170497
0,-1,2,0.5,-0.235745,180,0,31,170517
0,-2,3,0.5,-0.236015,180,0,31,170534
0,-3,4,0.5,-0.23642,180,0,31,170547
0,-4,7,0.5,-0.23696,180,0,31,170569
0,-1,2,0.5,-0.237095,180,0,31,170583
0,0,1,0.5,-0.237095,180,0,31,170596
0,0,3,0.5,-0.237095,180,0,31,170614
0,5,4,0.5,-0.23642,180,0,31,170635
0,11,3,0.5,-0.234935,180,0,31,170651
0,13,2,0.5,-0.23318,180,0,31,170664
0,18,1,0.5,-0.23075,180,0,31,170679
0,22,1,0.5,-0.22778,180,0,0,170704
0,24,1,0.5,-0.22454,180,0,0,170717
0,24,1,0.5,-0.2213,180,0,0,170734
0,26,2,0.5,-0.21779,180,0,0,170747
0,27,2,0.5,-0.214145,180,0,0,170764
0,27,4,0.5,-0.2105,180,0,0,170783
0,26,4,0.5,-0.20699,180,0,0,170802
0,25,4,0.5,-0.203615,180,0,0,170815
0,24,4,0.5,-0.200375,180,0,0,170836
0,26,3,0.5,-0.196865,180,0,0,170847
0,26,3,0.5,-0.193355,180,0,0,170864
0,54,6,0.5,-0.186065,180,0,0,170894
0,0,0,0.5,-0.186065,180,0,0,170899
0,31,3,0.5,-0.18188,180,0,0,170914
0,32,4,0.5,-0.17756,180,0,0,170936
0,33,5,0.5,-0.173105,180,0,0,170950
0,61,9,0.5,-0.16487,180,0,0,170972
0,28,4,0.5,-0.16109,180,0,0,170987
0,22,2,0.5,-0.15812,180,0,0,171001
0,18,2,0.5,-0.15569,180,0,0,171016
0,0,0,0.5,-0.15569,180,0,0,171030
0,25,1,0.5,-0.152315,180,0,0,171052
0,12,0,0.5,-0.150695,180,0,0,171065
0,16,0,0.5,-0.148535,180,0,0,171081
0,21,0,0.5,-0.1457,180,0,0,171097
0,24,2,0.5,-0.14246,180,0,0,171117
0,28,5,0.5,-0.13868,180,0,0,171135
0,28,7,0.5,-0.1349,180,0,0,171153
0,29,7,0.5,-0.130985,180,0,0,171167
0,28,8,0.5,-0.127205,180,0,0,171182
0,31,9,0.5,-0.12302,180,0,0,171202
0,30,8,0.5,-0.11897,180,0,0,171218
0,31,8,0.5,-0.114785,180,0,0,171235
0,29,7,0.5,-0.11087,180,0,0,171251
0,26,5,0.5,-0.10736,180,0,0,171267
0,24,4,0.5,-0.10412,180,0,0,171284
0,21,2,0.5,-0.101285,180,0,0,171299
0,17,2,0.5,-0.09899,180,0,0,171315
0,14,1,0.5,-0.0971,180,0,0,171331
0,10,0,0.5,-0.09575,180,0,0,171351
0,10,1,0.5,-0.0944,180,0,0,171365
0,32,4,0.5,-0.09008,180,0,0,171386
0,0,0,0.5,-0.09008,180,0,0,171397
0,56,7,0.5,-0.08252,180,0,0,171422
0,34,6,0.5,-0.07793,180,0,0,171437
0,34,7,0.5,-0.07334,180,0,0,171451
0,36,8,0.5,-0.06848,180,0,0,171472
0,34,7,0.5,-0.06389,180,0,0,171487
0,28,6,0.5,-0.06011,180,0,0,171504
0,20,4,0.5,-0.05741,180,0,0,171519
0,14,3,0.5,-0.05552,180,0,0,171535
0,7,2,0.5,-0.054575,180,0,0,171550
0,1,1,0.5,-0.05444,180,0,0,171570
0,-6,0,0.5,-0.05525,180,0,0,171585
0,-9,-1,0.5,-0.056465,180,0,0,171600
0,-11,-2,0.5,-0.05795,180,0,0,171620
0,-12,-4,0.5,-0.05957,180,0,0,171636
0,-12,-4,0.5,-0.06119,180,0,0,171650
0,-12,-3,0.5,-0.06281,180,0,0,171665
0,-14,-4,0.5,-0.0647,180,0,0,171689
0,-13,-3,0.5,-0.066455,180,0,0,171702
0,-14,-4,0.5,-0.068345,180,0,0,171716
0,-28,-6,0.5,-0.072125,180,0,0,171741
0,0,0,0.5,-0.072125,180,0,0,171749
0,-14,-3,0.5,-0.074015,180,0,0,171766
0,-20,-5,0.5,-0.076715,180,0,0,171784
0,-5,-2,0.5,-0.07739,180,0,0,171799
0,-4,-1,0.5,-0.07793,180,0,0,171816
0,-1,0,0.5,-0.078065,180,0,0,171831
0,0,2,0.5,-0.078065,180,0,0,171850
0,1,3,0.5,-0.07793,180,0,0,171867
0,1,4,0.5,-0.077795,180,0,0,171884
0,1,3,0.5,-0.07766,180,0,0,171903
0,2,3,0.5,-0.07739,180,0,0,171917
0,1,3,0.5,-0.077255,180,0,0,171933
0,1,1,0.5,-0.07712,180,0,0,171950
0,0,0,0.5,-0.07712,180,0,0,171966
0,4,0,0.5,-0.07658,180,0,0,171983
0,4,-1,0.5,-0.07604,180,0,0,172000
0,5,-2,0.5,-0.075365,180,0,0,172023
0,11,-1,0.5,-0.07388,180,0,0,172039
0,0,0,0.5,-0.07388,180,0,0,172049
0,3,0,0.5,-0.073475,180,0,0,172066
0,2,1,0.5,-0.073205,180,0,0,172082
0,-1,1,0.5,-0.07334,180,0,0,172106
0,-2,1,0.5,-0.07361,180,0,0,172116
0,-6,1,0.5,-0.07442,180,0,0,172133
0,-11,0,0.5,-0.075905,180,0,0,172152
0,-6,1,0.5,-0.076715,180,0,0,172168
0,-4,0,0.5,-0.077255,180,0,0,172184
0,-4,0,0.5,-0.077795,180,0,0,172201
0,-2,1,0.5,-0.078065,180,0,0,172219
0,-1,1,0.5,-0.0782,180,0,0,172233
0,0,2,0.5,-0.0782,180,0,0,172257
0,0,2,0.5,-0.0782,180,0,0,172272
0,0,1,0.5,-0.0782,180,0,0,172284
0,1,1,0.5,-0.078065,180,0,0,172301
0,0,0,0.5,-0.078065,180,0,0,172316
0,0,0,0.5,-0.078065,180,0,0,172333
0,-1,0,0.5,-0.0782,180,0,0,172350
0,-1,0,0.5,-0.078335,180,0,31,172367
0,0,0,0.5,-0.078335,180,0,31,172382
0,-1,-2,0.5,-0.07847,180,0,31,172401
0,0,-2,0.5,-0.07847,180,0,31,172418
0,2,-2,0.5,-0.0782,180,0,0,172436
0,3,-2,0.5,-0.077795,180,0,0,172451
0,3,-2,0.5,-0.07739,180,0,0,172467
0,2,-1,0.5,-0.07712,180,0,0,172485
0,4,0,0.5,-0.07658,180,0,0,172503
0,6,1,0.5,-0.07577,180,0,0,172516
0,17,2,0.5,-0.073475,180,0,0,172535
0,12,5,0.5,-0.071855,180,0,0,172552
0,13,2,0.5,-0.0701,180,0,0,172568
0,14,1,0.5,-0.06821,180,0,0,172586
0,14,0,0.5,-0.06632,180,0,0,172602
0,12,0,0.5,-0.0647,180,0,0,172617
0,8,-1,0.5,-0.06362,180,0,0,172638
0,7,-1,0.5,-0.062675,180,0,0,172654
0,3,-1,0.5,-0.06227,180,0,0,172668
0,2,0,0.5,-0.062,180,0,0,172685
0,1,0,0.5,-0.061865,180,0,0,172701
0,0,0,0.5,-0.061865,180,0,0,172716
0,0,0,0.5,-0.061865,180,0,0,172736
0,-4,0,0.5,-0.062405,180,0,0,172754
0,-10,0,0.5,-0.063755,180,0,0,172767
0,-13,-1,0.5,-0.06551,180,0,0,172784
0,-15,-1,0.5,-0.067535,180,0,0,172803
0,-18,-1,0.5,-0.069965,180,0,0,172819
0,-18,-1,0.5,-0.072395,180,0,0,172834
0,-18,-2,0.5,-0.074825,180,0,0,172851
0,-15,-1,0.5,-0.07685,180,0,0,172869
0,-13,-3,0.5,-0.078605,180,0,0,172891
0,-14,-5,0.5,-0.080495,180,0,0,172905
0,-1,-2,0.5,-0.08063,180,0,0,172920
0,1,-1,0.5,-0.080495,180,0,0,172937
0,4,0,0.5,-0.079955,180,0,0,172955
0,4,1,0.5,-0.079415,180,0,0,172972
0,1,2,0.5,-0.07928,180,0,0,172987
0,1,2,0.5,-0.079145,180,0,0,173002
0,0,2,0.5,-0.079145,180,0,0,173018
0,-1,2,0.5,-0.07928,180,0,31,173034
0,-3,2,0.5,-0.079685,180,0,31,173053
0,-3,1,0.5,-0.08009,180,0,31,173073
0,-2,1,0.5,-0.08036,180,0,31,173086
0,-1,0,0.5,-0.080495,180,0,31,173100
0,-1,0,0.5,-0.08063,180,0,31,173118
0,0,0,0.5,-0.08063,180,0,31,173136
0,2,0,0.5,-0.08036,180,0,31,173151
0,4,-1,0.5,-0.07982,180,0,31,173170
0,5,-1,0.5,-0.079145,180,0,31,173186
0,6,-2,0.5,-0.078335,180,0,31,173205
0,6,-1,0.5,-0.077525,180,0,31,173218
0,6,-1,0.5,-0.076715,180,0,0,173234
0,10,-1,0.5,-0.075365,180,0,0,173251
0,12,0,0.5,-0.073745,180,0,0,173271
0,14,0,0.5,-0.071855,180,0,0,173286
0,23,2,0.5,-0.06875,180,0,0,173307
0,3,1,0.5,-0.068345,180,0,0,173322
0,0,2,0.5,-0.068345,180,0,0,173335
0,-3,2,0.5,-0.06875,180,0,0,173354
0,-2,3,0.5,-0.06902,180,0,0,173372
0,4,4,0.5,-0.06848,180,0,0,173388
0,10,4,0.5,-0.06713,180,0,0,173408
0,13,4,0.5,-0.065375,180,0,0,173422
0,12,3,0.5,-0.063755,180,0,0,173437
0,8,2,0.5,-0.062675,180,0,0,173453
0,2,1,0.5,-0.062405,180,0,0,173473
0,-1,1,0.5,-0.06254,180,0,0,173488
0,-10,0,0.5,-0.06389,180,0,0,173506
0,-13,0,0.5,-0.065645,180,0,0,173520
0,-16,-2,0.5,-0.067805,180,0,0,173536
0,-22,-3,0.5,-0.070775,180,0,0,173555
0,-22,-4,0.5,-0.073745,180,0,0,173571
0,-22,-5,0.5,-0.076715,180,0,0,173592
0,-19,-5,0.5,-0.07928,180,0,0,173608
0,-14,-6,0.5,-0.08117,180,0,0,173620
0,-8,-5,0.5,-0.08225,180,0,0,173636
0,-2,-5,0.5,-0.08252,180,0,0,173656
0,10,-6,0.5,-0.08117,180,0,0,173676
0,0,0,0.5,-0.08117,180,0,0,173687
0,7,0,0.5,-0.080225,180,0,0,173702
0,5,1,0.5,-0.07955,180,0,0,173723
0,4,6,0.5,-0.07901,180,0,31,173740
0,0,3,0.5,-0.07901,180,0,31,173754
0,-1,3,0.5,-0.079145,180,0,31,173770
0,-2,3,0.5,-0.079415,180,0,31,173787
0,-1,2,0.5,-0.07955,180,0,31,173806
0,-1,1,0.5,-0.079685,180,0,31,173820
0,-1,1,0.5,-0.07982,180,0,31,173836
0,2,0,0.5,-0.07955,180,0,31,173855
0,3,0,0.5,-0.079145,180,0,31,173873
0,5,0,0.5,-0.07847,180,0,31,173886
0,7,0,0.5,-0.077525,180,0,0,173904
0,11,-1,0.5,-0.07604,180,0,0,173921
0,17,0,0.5,-0.073745,180,0,0,173936
0,20,0,0.5,-0.071045,180,0,0,173952
0,24,2,0.5,-0.067805,180,0,0,173973
0,25,2,0.5,-0.06443,180,0,0,173987
0,23,2,0.5,-0.061325,180,0,0,174004
0,23,2,0.5,-0.05822,180,0,0,174020
0,21,2,0.5,-0.055385,180,0,0,174038
0,22,2,0.5,-0.052415,180,0,0,174055
0,42,6,0.5,-0.046745,180,0,0,174074
0,20,2,0.5,-0.044045,180,0,0,174092
0,19,6,0.5,-0.04148,180,0,0,174106
0,21,5,0.5,-0.038645,180,0,0,174124
0,21,5,0.5,-0.03581,180,0,0,174140
0,17,5,0.5,-0.033515,180,0,0,174155
0,12,4,0.5,-0.031895,180,0,0,174172
0,7,3,0.5,-0.03095,180,0,0,174187
0,1,3,0.5,-0.030815,180,0,0,174208
0,-2,2,0.5,-0.031085,180,0,0,174223
0,-4,1,0.5,-0.031625,180,0,0,174237
0,-6,0,0.5,-0.032435,180,0,0,174253
0,-8,0,0.5,-0.033515,180,0,0,174271
0,-11,-1,0.5,-0.035,180,0,0,174288
0,-13,0,0.5,-0.036755,180,0,0,174304
0,-18,0,0.5,-0.039185,180,0,0,174320
0,-22,-1,0.5,-0.042155,180,0,0,174341
0,-23,-2,0.5,-0.04526,180,0,0,174355
0,-25,-3,0.5,-0.048635,180,0,0,174372
0,-24,-4,0.5,-0.051875,180,0,0,174388
0,-22,-4,0.5,-0.054845,180,0,0,174406
0,-19,-4,0.5,-0.05741,180,0,0,174423
0,-12,-5,0.5,-0.05903,180,0,0,174437
0,-6,-7,0.5,-0.05984,180,0,0,174458
0,5,-5,0.5,-0.059165,180,0,0,174475
0,5,-2,0.5,-0.05849,180,0,0,174489
0,5,-1,0.5,-0.057815,180,0,0,174506
0,3,0,0.5,-0.05741,180,0,0,174521
0,1,2,0.5,-0.057275,180,0,0,174539
0,0,4,0.5,-0.057275,180,0,31,174560
0,-1,5,0.5,-0.05741,180,0,31,174573
0,-2,5,0.5,-0.05768,180,0,31,174590
0,-2,5,0.5,-0.05795,180,0,31,174607
0,-2,4,0.5,-0.05822,180,0,31,174622
0,-1,3,0.5,-0.058355,180,0,31,174639
0,0,1,0.5,-0.058355,180,0,31,174654
0,3,1,0.5,-0.05795,180,0,31,174673
0,3,0,0.5,-0.057545,180,0,31,174691
0,4,0,0.5,-0.057005,180,0,31,174706
0,4,0,0.5,-0.056465,180,0,31,174720
0,3,-1,0.5,-0.05606,180,0,31,174738
0,4,0,0.5,-0.05552,180,0,31,174759
0,6,-1,0.5,-0.05471,180,0,31,174772
0,10,0,0.5,-0.05336,180,0,31,174789
0,11,0,0.5,-0.051875,180,0,0,174805
0,13,1,0.5,-0.05012,180,0,0,174823
0,14,1,0.5,-0.04823,180,0,0,174838
0,15,2,0.5,-0.046205,180,0,0,174856
0,29,5,0.5,-0.04229,180,0,0,174877
0,11,3,0.5,-0.040805,180,0,0,174888
0,5,3,0.5,-0.04013,180,0,0,174906
0,0,2,0.5,-0.04013,180,0,0,174923
0,-6,2,0.5,-0.04094,180,0,0,174938
0,-12,2,0.5,-0.04256,180,0,0,174958
0,-16,2,0.5,-0.04472,180,0,0,174977
0,-20,2,0.5,-0.04742,180,0,0,174988
0,-19,0,0.5,-0.049985,180,0,0,175006
0,-17,0,0.5,-0.05228,180,0,0,175025
0,-13,-1,0.5,-0.054035,180,0,0,175039
0,-7,-2,0.5,-0.05498,180,0,0,175056
0,-2,-2,0.5,-0.05525,180,0,0,175079
0,0,-2,0.5,-0.05525,180,0,0,175090
0,0,-2,0.5,-0.05525,180,0,0,175106
0,1,-2,0.5,-0.055115,180,0,0,175123
0,-2,-2,0.5,-0.055385,180,0,0,175139
0,-4,-2,0.5,-0.055925,180,0,0,175158
0,-10,-2,0.5,-0.057275,180,0,0,175175
0,0,0,0.5,-0.057275,180,0,0,175188
0,-6,0,0.5,-0.058085,180,0,0,175206
0,-4,0,0.5,-0.058625,180,0,0,175222
0,-3,2,0.5,-0.05903,180,0,0,175241
0,1,3,0.5,-0.058895,180,0,0,175258
0,2,2,0.5,-0.058625,180,0,31,175275
0,3,3,0.5,-0.05822,180,0,31,175294
0,0,2,0.5,-0.05822,180,0,31,175306
0,-1,0,0.5,-0.058355,180,0,31,175322
0,-2,0,0.5,-0.058625,180,0,31,175339
0,0,0,0.5,-0.058625,180,0,31,175358
0,-1,-1,0.5,-0.05876,180,0,31,175376
0,1,-1,0.5,-0.058625,180,0,31,175389
0,1,-1,0.5,-0.05849,180,0,31,175405
0,2,-1,0.5,-0.05822,180,0,31,175422
0,1,0,0.5,-0.058085,180,0,31,175440
0,1,0,0.5,-0.05795,180,0,31,175456
0,5,0,0.5,-0.057275,180,0,31,175480
0,0,0,0.5,-0.057275,180,0,31,175493
0,3,0,0.5,-0.05687,180,0,31,175506
0,2,0,0.5,-0.0566,180,0,31,175522
0,3,1,0.5,-0.056195,180,0,31,175540
0,2,0,0.5,-0.055925,180,0,31,175556
0,5,0,0.5,-0.05525,180,0,31,175572
0,6,0,0.5,-0.05444,180,0,31,175590
0,18,2,0.5,-0.05201,180,0,31,175610
0,13,1,0.5,-0.050255,180,0,0,175624
0,16,2,0.5,-0.048095,180,0,0,175640
0,19,1,0.5,-0.04553,180,0,0,175657
0,21,1,0.5,-0.042695,180,0,0,175675
0,23,0,0.5,-0.03959,180,0,0,175690
0,24,1,0.5,-0.03635,180,0,0,175707
0,24,1,0.5,-0.03311,180,0,0,175724
0,24,2,0.5,-0.02987,180,0,0,175740
0,24,3,0.5,-0.02663,180,0,0,175757
0,27,5,0.5,-0.022985,180,0,0,175776
0,26,5,0.5,-0.019475,180,0,0,175793
0,26,6,0.5,-0.015965,180,0,0,175809
0,23,5,0.5,-0.01286,180,0,0,175825
0,21,3,0.5,-0.010025,180,0,0,175840
0,21,3,0.5,-0.00719,180,0,0,175859
0,18,2,0.5,-0.00476,180,0,0,175876
0,14,1,0.5,-0.00287,180,0,0,175889
0,7,0,0.5,-0.001925,180,0,0,175912
0,5,0,0.5,-0.00125,180,0,0,175926
0,4,0,0.5,-0.00071,180,0,0,175942
0,8,2,0.5,0.00037,180,0,0,175957
0,13,2,0.5,0.002125,180,0,0,175973
0,18,3,0.5,0.004555,180,0,0,175991
0,44,10,0.5,0.010495,180,0,0,176011
0,22,6,0.5,0.013465,180,0,0,176028
0,20,7,0.5,0.016165,180,0,0,176047
0,19,7,0.5,0.01873,180,0,0,176061
0,20,7,0.5,0.02143,180,0,0,176077
0,21,8,0.5,0.024265,180,0,0,176098
0,21,6,0.5,0.0271,180,0,0,176115
0,22,7,0.5,0.03007,180,0,0,176130
0,24,7,0.5,0.03331,180,0,0,176145
0,23,7,0.5,0.036415,180,0,0,176159
0,22,7,0.5,0.039385,180,0,0,176179
0,18,6,0.5,0.041815,180,0,0,176196
0,13,6,0.5,0.04357,180,0,0,176209
0,11,6,0.5,0.045055,180,0,0,176231
0,7,6,0.5,0.046,180,0,0,176243
0,6,5,0.5,0.04681,180,0,0,176258
0,8,4,0.5,0.04789,180,0,0,176276
0,10,4,0.5,0.04924,180,0,0,176294
0,12,3,0.5,0.05086,180,0,0,176311
0,12,3,0.5,0.05248,180,0,0,176328
0,11,3,0.5,0.053965,180,0,0,176343
0,8,2,0.5,0.055045,180,0,0,176357
0,4,3,0.5,0.055585,180,0,0,176378
0,-1,2,0.5,0.05545,180,0,0,176392
0,-2,1,0.5,0.05518,180,0,0,176407
0,-9,1,0.5,0.053965,180,0,0,176428
0,-8,1,0.5,0.052885,180,0,0,176443
0,-10,1,0.5,0.051535,180,0,0,176458
0,-9,0,0.5,0.05032,180,0,0,176475
0,-11,0,0.5,0.048835,180,0,0,176491
0,-10,0,0.5,0.047485,180,0,0,176509
0,-9,-1,0.5,0.04627,180,0,0,176524
0,-8,-1,0.5,0.04519,180,0,0,176544
0,-6,-1,0.5,0.04438,180,0,0,176558
0,-5,-1,0.5,0.043705,180,0,0,176577
0,-6,-2,0.5,0.042895,180,0,0,176592
0,-7,-1,0.5,0.04195,180,0,0,176609
0,-8,-1,0.5,0.04087,180,0,0,176625
0,-8,0,0.5,0.03979,180,0,0,176642
0,-9,0,0.5,0.038575,180,0,0,176657
0,-9,0,0.5,0.03736,180,0,0,176677
0,-11,0,0.5,0.035875,180,0,0,176694
0,-10,0,0.5,0.034525,180,0,0,176708
0,-21,2,0.5,0.03169,180,0,0,176734
0,-9,3,0.5,0.030475,180,0,0,176748
0,0,0,0.5,0.030475,180,0,0,176759
0,-14,7,0.5,0.028585,180,0,0,176786
0,-5,4,0.5,0.02791,180,0,0,176797
0,-4,4,0.5,0.02737,180,0,0,176810
0,-3,4,0.5,0.026965,180,0,0,176827
0,0,3,0.5,0.026965,180,0,0,176843
0,0,3,0.5,0.026965,180,0,0,176859
0,2,2,0.5,0.027235,180,0,0,176883
0,3,1,0.5,0.02764,180,0,0,176892
0,6,1,0.5,0.02845,180,0,0,176908
0,5,1,0.5,0.029125,180,0,0,176927
0,6,1,0.5,0.029935,180,0,31,176946
0,6,2,0.5,0.030745,180,0,31,176960
0,6,2,0.5,0.031555,180,0,0,176975
0,5,3,0.5,0.03223,180,0,0,176993
0,5,4,0.5,0.032905,180,0,0,177010
0,3,4,0.5,0.03331,180,0,0,177026
0,2,5,0.5,0.03358,180,0,0,177047
0,0,6,0.5,0.03358,180,0,0,177064
0,0,12,0.5,0.03358,180,0,0,177085
0,0,0,0.5,0.03358,180,0,0,177093
0,7,11,0.5,0.034525,180,0,0,177117
0,2,4,0.5,0.034795,180,0,0,177129
0,0,3,0.5,0.034795,180,0,0,177144
0,2,2,0.5,0.035065,180,0,0,177160
0,5,0,0.5,0.03574,180,0,0,177176
0,10,0,0.5,0.03709,180,0,0,177192
0,17,0,0.5,0.039385,180,0,0,177210
0,22,0,0.5,0.042355,180,0,0,177226
0,28,0,0.5,0.046135,180,0,0,177244
0,28,0,0.5,0.049915,180,0,0,177263
0,31,0,0.5,0.0541,180,0,0,177276
0,29,0,0.5,0.058015,180,0,0,177293
0,29,0,0.5,0.06193,180,0,0,177313
0,29,0,0.5,0.065845,180,0,0,177328
0,29,0,0.5,0.06976,180,0,0,177344
0,28,0,0.5,0.07354,180,0,0,177360
0,28,0,0.5,0.07732,180,0,0,177377
0,29,0,0.5,0.081235,180,0,0,177393
0,30,1,0.5,0.085285,180,0,0,177409
0,30,1,0.5,0.089335,180,0,0,177426
0,29,0,0.5,0.09325,180,0,0,177443
0,26,0,0.5,0.09676,180,0,0,177459
0,43,0,0.5,0.102565,180,0,0,177481
0,0,1,0.5,0.102565,180,0,0,177495
0,17,3,0.5,0.10486,180,0,0,177513
0,15,4,0.5,0.106885,180,0,0,177527
0,22,6,0.5,0.109855,180,0,0,177548
0,4,9,0.5,0.110395,180,0,0,177566
0,1,4,0.5,0.11053,180,0,0,177579
0,0,3,0.5,0.11053,180,0,0,177596
0,-4,1,0.5,0.10999,180,0,0,177614
0,-8,1,0.5,0.10891,180,0,0,177627
0,-11,0,0.5,0.107425,180,0,0,177644
0,-12,1,0.5,0.105805,180,0,0,177665
0,-12,1,0.5,0.104185,180,0,0,177678
0,-13,1,0.5,0.10243,180,0,0,177696
0,-14,0,0.5,0.10054,180,0,0,177710
0,-12,-1,0.5,0.09892,180,0,0,177727
0,-11,-2,0.5,0.097435,180,0,0,177744
0,-8,-2,0.5,0.096355,180,0,0,177763
0,-6,-2,0.5,0.095545,180,0,0,177778
0,-2,-2,0.5,0.095275,180,0,0,177796
0,-2,-2,0.5,0.095005,180,0,0,177813
0,0,-1,0.5,0.095005,180,0,0,177830
0,0,0,0.5,0.095005,180,0,0,177845
0,0,0,0.5,0.095005,180,0,0,177860
0,4,2,0.5,0.095545,180,0,0,177884
0,3,3,0.5,0.09595,180,0,0,177896
0,3,2,0.5,0.096355,180,0,0,177912
0,5,4,0.5,0.09703,180,0,0,177930
0,3,1,0.5,0.097435,180,0,0,177946
0,2,0,0.5,0.097705,180,0,0,177965
0,0,0,0.5,0.097705,180,0,0,177977
0,0,0,0.5,0.097705,180,0,0,177995
0,-1,-1,0.5,0.09757,180,0,0,178012
0,-2,-2,0.5,0.0973,180,0,0,178029
0,-1,-3,0.5,0.097165,180,0,0,178046
0,1,-3,0.5,0.0973,180,0,0,178063
0,3,-3,0.5,0.097705,180,0,0,178078
0,4,-2,0.5,0.098245,180,0,0,178095
0,7,-2,0.5,0.09919,180,0,0,178116
0,8,-1,0.5,0.10027,180,0,0,178128
0,8,0,0.5,0.10135,180,0,0,178144
0,11,1,0.5,0.102835,180,0,0,178161
0,12,3,0.5,0.104455,180,0,0,178178
0,14,4,0.5,0.106345,180,0,0,178197
0,15,5,0.5,0.10837,180,0,0,178218
0,16,4,0.5,0.11053,180,0,0,178230
0,17,3,0.5,0.112825,180,0,0,178247
0,20,2,0.5,0.115525,180,0,0,178263
0,21,1,0.5,0.11836,180,0,0,178279
0,46,2,0.5,0.12457,180,0,0,178297
0,22,1,0.5,0.12754,180,0,0,178317
0,19,3,0.5,0.130105,180,0,0,178329
0,15,3,0.5,0.13213,180,0,0,178346
0,12,2,0.5,0.13375,180,0,0,178365
0,8,2,0.5,0.13483,180,0,0,178382
0,2,0,0.5,0.1351,180,0,0,178396
0,0,0,0.5,0.1351,180,0,0,178411
0,0,-1,0.5,0.1351,180,0,0,178428
0,0,0,0.5,0.1351,180,0,0,178444
0,1,2,0.5,0.135235,180,0,0,178463
0,1,5,0.5,0.13537,180,0,0,178481
0,0,7,0.5,0.13537,180,0,0,178497
0,-1,9,0.5,0.135235,180,0,0,178515
0,-1,9,0.5,0.1351,180,0,0,178532
0,0,9,0.5,0.1351,180,0,0,178547
0,2,7,0.5,0.13537,180,0,0,178568
0,4,7,0.5,0.13591,180,0,0,178586
0,18,12,0.5,0.13834,180,0,0,178606
0,0,0,0.5,0.13834,180,0,0,178615
0,33,11,0.5,0.142795,180,0,0,178637
0,22,6,0.5,0.145765,180,0,0,178655
0,23,5,0.5,0.14887,180,0,0,178669
0,0,0,0.5,0.14887,180,0,0,178678
0,47,9,0.5,0.155215,180,0,0,178702
0,20,4,0.5,0.157915,180,0,0,178716
0,20,4,0.5,0.160615,180,0,0,178731
0,20,4,0.5,0.163315,180,0,0,178747
0,21,4,0.5,0.16615,180,0,0,178765
0,20,4,0.5,0.16885,180,0,0,178784
0,23,3,0.5,0.171955,180,0,0,178797
0,25,4,0.5,0.17533,180,0,0,178814
0,23,4,0.5,0.178435,180,0,0,178830
0,21,6,0.5,0.18127,180,0,0,178849
0,17,6,0.5,0.183565,180,0,0,178865
0,11,7,0.5,0.18505,180,0,0,178885
0,8,7,0.5,0.18613,180,0,0,178899
0,8,7,0.5,0.18721,180,0,0,178920
0,10,7,0.5,0.18856,180,0,0,178933
0,14,7,0.5,0.19045,180,0,0,178950
0,18,7,0.5,0.19288,180,0,0,178966
0,21,7,0.5,0.195715,180,0,0,178982
0,54,13,0.5,0.203005,180,0,0,179008
0,0,0,0.5,0.203005,180,0,0,179019
0,30,6,0.5,0.207055,180,0,0,179031
0,33,5,0.5,0.21151,180,0,0,179048
0,71,10,0.5,0.221095,180,0,0,179068
0,34,5,0.5,0.225685,180,0,0,179086
0,38,6,0.5,0.230815,180,0,0,179098
0,38,7,0.5,0.235945,180,0,0,179121
0,36,8,0.5,0.240805,180,0,0,179134
0,35,9,0.5,0.24553,180,0,0,179151
0,32,10,0.5,0.24985,180,0,0,179167
0,29,9,0.5,0.253765,180,0,0,179185
0,30,8,0.5,0.257815,180,0,0,179198
0,28,7,0.5,0.261595,180,0,0,179217
0,27,5,0.5,0.26524,180,0,0,179234
0,28,5,0.5,0.26902,180,0,0,179248
0,25,4,0.5,0.272395,180,0,0,179264
0,24,3,0.5,0.275635,180,0,0,179280
0,24,3,0.5,0.278875,180,0,0,179300
0,24,3,0.5,0.282115,180,0,0,179315
0,28,3,0.5,0.285895,180,0,0,179334
0,30,4,0.5,0.289945,180,0,0,179347
0,31,4,0.5,0.29413,180,0,0,179372
0,33,5,0.5,0.298585,180,0,0,179384
0,33,6,0.5,0.30304,180,0,0,179400
0,33,8,0.5,0.307495,180,0,0,179418
0,61,15,0.5,0.31573,180,0,0,179439
0,28,7,0.5,0.31951,180,0,0,179455
0,0,0,0.5,0.31951,180,0,0,179464
0,54,8,0.5,0.3268,180,0,0,179483
0,28,4,0.5,0.33058,180,0,0,179498
0,29,3,0.5,0.334495,180,0,0,179518
0,30,3,0.5,0.338545,180,0,0,179534
0,31,4,0.5,0.34273,180,0,0,179548
0,33,3,0.5,0.347185,180,0,0,179566
0,33,4,0.5,0.35164,180,0,0,179582
0,35,5,0.5,0.356365,180,0,0,179598
0,34,6,0.5,0.360955,180,0,0,179616
0,33,7,0.5,0.36541,180,0,0,179636
0,30,8,0.5,0.36946,180,0,0,179649
0,29,8,0.5,0.373375,180,0,0,179666
0,29,8,0.5,0.37729,180,0,0,179686
0,27,7,0.5,0.380935,180,0,0,179701
0,27,6,0.5,0.38458,180,0,0,179717
0,27,5,0.5,0.388225,180,0,0,179734
0,24,3,0.5,0.391465,180,0,0,179749
0,22,3,0.5,0.394435,180,0,0,179765
0,20,3,0.5,0.397135,180,0,0,179784
0,18,3,0.5,0.399565,180,0,0,179798
0,43,4,0.5,0.40537,180,0,0,179817
0,0,3,0.5,0.40537,180,0,0,179833
0,52,10,0.5,0.41239,180,0,0,179857
0,29,5,0.5,0.416305,180,0,0,179867
0,33,6,0.5,0.42076,180,0,0,179884
0,35,6,0.5,0.425485,180,0,0,179903
0,36,8,0.5,0.430345,180,0,0,179918
0,34,8,0.5,0.434935,180,0,0,179935
0,32,9,0.5,0.439255,180,0,0,179950
0,30,8,0.5,0.443305,180,0,0,179972
0,29,7,0.5,0.44722,180,0,0,179995
0,29,6,0.5,0.451135,180,0,0,180002
0,31,6,0.5,0.45532,180,0,0,180017
0,31,4,0.5,0.459505,180,0,0,180033
0,33,5,0.5,0.46396,180,0,0,180060
0,35,5,0.5,0.468685,180,0,0,180068
0,33,5,0.5,0.47314,180,0,0,180084
0,38,5,0.5,0.47827,180,0,0,180099
0,39,5,0.5,0.483535,180,0,0,180116
0,41,6,0.5,0.48907,180,0,0,180136
0,37,7,0.5,0.494065,180,0,0,180152
0,69,15,0.5,0.50338,180,0,0,180174
0,32,8,0.5,0.5077,180,0,0,180189
0,0,0,0.5,0.5077,180,0,0,180200
0,59,14,0.5,0.515665,180,0,0,180220
0,29,6,0.5,0.51958,180,0,0,180234
0,30,4,0.5,0.52363,180,0,0,180253
0,31,3,0.5,0.527815,180,0,0,180267
0,31,3,0.5,0.532,180,0,0,180283
0,31,2,0.5,0.536185,180,0,0,180305
0,33,3,0.5,0.54064,180,0,0,180319
0,34,3,0.5,0.54523,180,0,0,180337
0,34,3,0.5,0.54982,180,0,0,180350
0,37,4,0.5,0.554815,180,0,0,180368
0,37,5,0.5,0.55981,180,0,0,180388
0,37,7,0.5,0.564805,180,0,0,180408
0,38,8,0.5,0.569935,180,0,0,180420
0,36,8,0.5,0.574795,180,0,0,180436
0,37,9,0.5,0.57979,180,0,0,180453
0,33,8,0.5,0.584245,180,0,0,180469
0,31,8,0.5,0.58843,180,0,0,180485
0,29,6,0.5,0.592345,180,0,0,180508
0,31,5,0.5,0.59653,180,0,0,180520
0,30,3,0.5,0.60058,180,0,0,180535
0,31,4,0.5,0.604765,180,0,0,180551
0,29,3,0.5,0.60868,180,0,0,180567
0,59,6,0.5,0.616645,180,0,0,180585
0,0,0,0.5,0.616645,180,0,0,180598
0,62,8,0.5,0.625015,180,0,0,180625
0,33,6,0.5,0.62947,180,0,0,180638
0,33,7,0.5,0.633925,180,0,0,180657
0,32,9,0.5,0.638245,180,0,0,180673
0,30,10,0.5,0.642295,180,0,0,180688
0,30,10,0.5,0.646345,180,0,0,180705
0,29,10,0.5,0.65026,180,0,0,180724
0,29,9,0.5,0.654175,180,0,0,180736
0,29,8,0.5,0.65809,180,0,0,180752
0,31,7,0.5,0.662275,180,0,0,180768
0,30,6,0.5,0.666325,180,0,0,180787
0,32,6,0.5,0.670645,180,0,0,180805
0,32,7,0.5,0.674965,180,0,0,180821
0,33,6,0.5,0.67942,180,0,0,180835
0,32,6,0.5,0.68374,180,0,0,180852
0,32,6,0.5,0.68806,180,0,0,180867
0,35,7,0.5,0.692785,180,0,0,180888
0,29,7,0.5,0.6967,180,0,0,180903
0,56,19,0.5,0.70426,180,0,0,180939
0,26,11,0.5,0.70777,180,0,0,180948
0,23,0,0.5,0.71,180,0,0,180953
