0,85,17,0.5,-0.698525,180,0,0,819956
0,14,5,0.5,-0.696635,180,0,0,819966
0,16,6,0.5,-0.694475,180,0,0,819977
0,0,0,0.5,-0.694475,180,0,0,819986
0,14,6,0.5,-0.692585,180,0,0,820000
0,13,7,0.5,-0.69083,180,0,0,820018
0,12,7,0.5,-0.68921,180,0,0,820034
0,12,7,0.5,-0.68759,180,0,0,820050
0,13,7,0.5,-0.685835,180,0,0,820067
0,33,10,0.5,-0.68138,180,0,0,820087
0,19,10,0.5,-0.678815,180,0,0,820102
0,20,6,0.5,-0.676115,180,0,0,820117
0,21,7,0.5,-0.67328,180,0,0,820133
0,19,7,0.5,-0.670715,180,0,0,820154
0,18,7,0.5,-0.668285,180,0,0,820172
0,15,8,0.5,-0.66626,180,0,0,820184
0,14,10,0.5,-0.66437,180,0,0,820203
0,13,9,0.5,-0.662615,180,0,0,820219
0,17,9,0.5,-0.66032,180,0,0,820235
0,20,8,0.5,-0.65762,180,0,0,820253
0,24,7,0.5,-0.65438,180,0,0,820270
0,28,6,0.5,-0.6506,180,0,0,820285
0,30,6,0.5,-0.64655,180,0,0,820301
0,31,6,0.5,-0.642365,180,0,0,820318
0,32,6,0.5,-0.638045,180,0,0,820335
0,31,6,0.5,-0.63386,180,0,0,820350
0,33,7,0.5,-0.629405,180,0,0,820367
0,33,6,0.5,-0.62495,180,0,0,820385
0,31,6,0.5,-0.620765,180,0,0,820402
0,30,6,0.5,-0.616715,180,0,0,820420
0,26,7,0.5,-0.613205,180,0,0,820436
0,45,16,0.5,-0.60713,180,0,0,820459
0,18,9,0.5,-0.6047,180,0,0,820473
0,15,9,0.5,-0.602675,180,0,0,820492
0,10,3,0.5,-0.601325,180,0,0,820501
0,8,14,0.5,-0.600245,180,0,0,820521
0,3,7,0.5,-0.59984,180,0,0,820534
0,-1,5,0.5,-0.599975,180,0,0,820550
0,-5,4,0.5,-0.60065,180,0,0,820568
0,-7,2,0.5,-0.601595,180,0,0,820583
0,-9,3,0.5,-0.60281,180,0,0,820602
0,-10,2,0.5,-0.60416,180,0,0,820617
0,-10,3,0.5,-0.60551,180,0,0,820632
0,-9,4,0.5,-0.606725,180,0,0,820651
0,-6,3,0.5,-0.607535,180,0,0,820666
0,-3,2,0.5,-0.60794,180,0,0,820682
0,-1,2,0.5,-0.608075,180,0,0,820700
0,0,2,0.5,-0.608075,180,0,0,820715
0,1,1,0.5,-0.60794,180,0,0,820733
0,0,1,0.5,-0.60794,180,0,0,820748
0,2,2,0.5,-0.60767,180,0,0,820766
0,2,2,0.5,-0.6074,180,0,0,820782
0,3,3,0.5,-0.606995,180,0,31,820801
0,3,4,0.5,-0.60659,180,0,31,820817
0,4,5,0.5,-0.60605,180,0,31,820833
0,4,5,0.5,-0.60551,180,0,31,820852
0,5,5,0.5,-0.604835,180,0,31,820868
0,7,5,0.5,-0.60389,180,0,31,820885
0,22,10,0.5,-0.60092,180,0,31,820903
0,15,5,0.5,-0.598895,180,0,31,820916
0,18,6,0.5,-0.596465,180,0,31,820933
0,20,6,0.5,-0.593765,180,0,31,820950
0,22,7,0.5,-0.590795,180,0,31,820968
0,21,8,0.5,-0.58796,180,0,0,820985
0,22,8,0.5,-0.58499,180,0,0,821001
0,18,8,0.5,-0.58256,180,0,0,821021
0,20,9,0.5,-0.57986,180,0,0,821033
0,21,9,0.5,-0.577025,180,0,0,821050
0,22,9,0.5,-0.574055,180,0,0,821070
0,24,9,0.5,-0.570815,180,0,0,821086
0,26,10,0.5,-0.567305,180,0,0,821101
0,27,9,0.5,-0.56366,180,0,0,821117
0,29,9,0.5,-0.559745,180,0,0,821133
0,27,8,0.5,-0.5561,180,0,0,821150
0,26,8,0.5,-0.55259,180,0,0,821166
0,22,8,0.5,-0.54962,180,0,0,821186
0,18,8,0.5,-0.54719,180,0,0,821205
0,17,10,0.5,-0.544895,180,0,0,821218
0,13,9,0.5,-0.54314,180,0,0,821233
0,11,9,0.5,-0.541655,180,0,0,821251
0,11,9,0.5,-0.54017,180,0,0,821267
0,32,13,0.5,-0.53585,180,0,0,821286
0,21,11,0.5,-0.533015,180,0,0,821304
0,23,6,0.5,-0.52991,180,0,0,821319
0,24,5,0.5,-0.52667,180,0,0,821334
0,27,6,0.5,-0.523025,180,0,0,821350
0,27,6,0.5,-0.51938,180,0,0,821369
0,28,6,0.5,-0.5156,180,0,0,821386
0,30,7,0.5,-0.51155,180,0,0,821401
0,29,6,0.5,-0.507635,180,0,0,821418
0,27,6,0.5,-0.50399,180,0,0,821433
0,24,6,0.5,-0.50075,180,0,0,821454
0,23,6,0.5,-0.497645,180,0,0,821468
0,17,7,0.5,-0.49535,180,0,0,821485
0,11,7,0.5,-0.493865,180,0,0,821500
0,8,7,0.5,-0.492785,180,0,0,821518
0,4,6,0.5,-0.492245,180,0,0,821533
0,2,6,0.5,-0.491975,180,0,0,821551
0,1,5,0.5,-0.49184,180,0,0,821566
0,-3,5,0.5,-0.492245,180,0,0,821582
0,-3,2,0.5,-0.49265,180,0,0,821602
0,-6,3,0.5,-0.49346,180,0,0,821616
0,-6,3,0.5,-0.49427,180,0,0,821632
0,-5,4,0.5,-0.494945,180,0,0,821650
0,-1,4,0.5,-0.49508,180,0,0,821669
0,3,9,0.5,-0.494675,180,0,0,821686
0,5,5,0.5,-0.494,180,0,0,821700
0,7,5,0.5,-0.493055,180,0,0,821716
0,8,5,0.5,-0.491975,180,0,0,821733
0,10,4,0.5,-0.490625,180,0,0,821749
0,10,4,0.5,-0.489275,180,0,0,821768
0,10,4,0.5,-0.487925,180,0,0,821782
0,13,6,0.5,-0.48617,180,0,0,821801
0,15,6,0.5,-0.484145,180,0,0,821817
0,15,6,0.5,-0.48212,180,0,0,821835
0,18,7,0.5,-0.47969,180,0,0,821851
0,20,9,0.5,-0.47699,180,0,0,821869
0,21,9,0.5,-0.474155,180,0,0,821884
0,21,9,0.5,-0.47132,180,0,0,821900
0,19,9,0.5,-0.468755,180,0,0,821917
0,21,9,0.5,-0.46592,180,0,0,821934
0,21,8,0.5,-0.463085,180,0,0,821952
0,21,8,0.5,-0.46025,180,0,0,821967
0,20,7,0.5,-0.45755,180,0,0,821983
0,20,7,0.5,-0.45485,180,0,0,822002
0,16,6,0.5,-0.45269,180,0,0,822018
0,12,7,0.5,-0.45107,180,0,0,822035
0,4,12,0.5,-0.45053,180,0,0,822055
0,0,0,0.5,-0.45053,180,0,0,822064
0,-5,6,0.5,-0.451205,180,0,0,822083
0,-27,9,0.5,-0.45485,180,0,0,822103
0,-17,4,0.5,-0.457145,180,0,0,822117
0,-18,5,0.5,-0.459575,180,0,0,822138
0,-15,6,0.5,-0.4616,180,0,0,822155
0,-12,7,0.5,-0.46322,180,0,0,822168
0,-6,7,0.5,-0.46403,180,0,0,822184
0,-2,7,0.5,-0.4643,180,0,0,822200
0,2,7,0.5,-0.46403,180,0,0,822217
0,5,7,0.5,-0.463355,180,0,0,822243
0,9,7,0.5,-0.46214,180,0,0,822252
0,12,8,0.5,-0.46052,180,0,0,822267
0,14,8,0.5,-0.45863,180,0,0,822288
0,15,8,0.5,-0.456605,180,0,0,822301
0,14,8,0.5,-0.454715,180,0,0,822316
0,12,8,0.5,-0.453095,180,0,0,822333
0,12,8,0.5,-0.451475,180,0,0,822350
0,13,8,0.5,-0.44972,180,0,0,822368
0,18,9,0.5,-0.44729,180,0,0,822383
0,20,8,0.5,-0.44459,180,0,0,822401
0,21,8,0.5,-0.441755,180,0,0,822418
0,27,8,0.5,-0.43811,180,0,0,822434
0,27,8,0.5,-0.434465,180,0,0,822451
0,30,9,0.5,-0.430415,180,0,0,822468
0,34,9,0.5,-0.425825,180,0,0,822487
0,70,19,0.5,-0.416375,180,0,0,822506
0,35,8,0.5,-0.41165,180,0,0,822518
0,34,8,0.5,-0.40706,180,0,0,822534
0,26,9,0.5,-0.40355,180,0,0,822551
0,25,10,0.5,-0.400175,180,0,0,822573
0,19,9,0.5,-0.39761,180,0,0,822590
0,16,10,0.5,-0.39545,180,0,0,822606
0,12,8,0.5,-0.39383,180,0,0,822617
0,9,7,0.5,-0.392615,180,0,0,822633
0,7,5,0.5,-0.39167,180,0,0,822650
0,8,5,0.5,-0.39059,180,0,0,822666
0,8,3,0.5,-0.38951,180,0,0,822686
0,9,2,0.5,-0.388295,180,0,0,822700
0,8,1,0.5,-0.387215,180,0,0,822715
0,7,1,0.5,-0.38627,180,0,0,822732
0,6,2,0.5,-0.38546,180,0,0,822750
0,6,2,0.5,-0.38465,180,0,0,822766
0,9,3,0.5,-0.383435,180,0,0,822783
0,11,3,0.5,-0.38195,180,0,0,822799
0,16,3,0.5,-0.37979,180,0,0,822816
0,17,3,0.5,-0.377495,180,0,0,822832
0,20,2,0.5,-0.374795,180,0,0,822851
0,17,2,0.5,-0.3725,180,0,0,822867
0,13,2,0.5,-0.370745,180,0,0,822882
0,15,9,0.5,-0.36872,180,0,0,822900
0,4,5,0.5,-0.36818,180,0,0,822916
0,1,3,0.5,-0.368045,180,0,0,822933
0,1,3,0.5,-0.36791,180,0,0,822951
0,2,2,0.5,-0.36764,180,0,0,822966
0,3,3,0.5,-0.367235,180,0,0,822983
0,5,3,0.5,-0.36656,180,0,0,822999
0,6,5,0.5,-0.36575,180,0,0,823016
0,9,6,0.5,-0.364535,180,0,0,823034
0,9,6,0.5,-0.36332,180,0,0,823050
0,11,8,0.5,-0.361835,180,0,0,823068
0,12,10,0.5,-0.360215,180,0,0,823086
0,14,9,0.5,-0.358325,180,0,0,823102
0,15,9,0.5,-0.3563,180,0,0,823118
0,16,8,0.5,-0.35414,180,0,0,823133
0,14,7,0.5,-0.35225,180,0,0,823154
0,11,7,0.5,-0.350765,180,0,0,823167
0,8,6,0.5,-0.349685,180,0,0,823183
0,6,7,0.5,-0.348875,180,0,0,823202
0,0,8,0.5,-0.348875,180,0,0,823218
0,-5,10,0.5,-0.34955,180,0,0,823235
0,-9,10,0.5,-0.350765,180,0,0,823252
0,-12,9,0.5,-0.352385,180,0,0,823269
0,-10,7,0.5,-0.353735,180,0,0,823285
0,-18,14,0.5,-0.356165,180,0,0,823304
0,-4,8,0.5,-0.356705,180,0,0,823317
0,-2,8,0.5,-0.356975,180,0,0,823334
0,1,9,0.5,-0.35684,180,0,0,823351
0,6,8,0.5,-0.35603,180,0,0,823368
0,10,10,0.5,-0.35468,180,0,0,823384
0,12,10,0.5,-0.35306,180,0,0,823405
0,14,10,0.5,-0.35117,180,0,0,823417
0,17,11,0.5,-0.348875,180,0,0,823435
0,19,11,0.5,-0.34631,180,0,0,823451
0,21,10,0.5,-0.343475,180,0,0,823467
0,23,10,0.5,-0.34037,180,0,0,823485
0,25,9,0.5,-0.336995,180,0,0,823501
0,25,9,0.5,-0.33362,180,0,0,823517
0,25,8,0.5,-0.330245,180,0,0,823534
0,24,8,0.5,-0.327005,180,0,0,823551
0,21,8,0.5,-0.32417,180,0,0,823567
0,18,7,0.5,-0.32174,180,0,0,823585
0,16,7,0.5,-0.31958,180,0,0,823602
0,18,7,0.5,-0.31715,180,0,0,823616
0,22,9,0.5,-0.31418,180,0,0,823634
0,25,7,0.5,-0.310805,180,0,0,823650
0,27,7,0.5,-0.30716,180,0,0,823667
0,29,7,0.5,-0.303245,180,0,0,823686
0,56,12,0.5,-0.295685,180,0,0,823706
0,28,3,0.5,-0.291905,180,0,0,823717
0,28,9,0.5,-0.288125,180,0,0,823734
0,25,6,0.5,-0.28475,180,0,0,823752
0,24,7,0.5,-0.28151,180,0,0,823772
0,21,7,0.5,-0.278675,180,0,0,823782
0,16,6,0.5,-0.276515,180,0,0,823801
0,11,7,0.5,-0.27503,180,0,0,823819
0,9,6,0.5,-0.273815,180,0,0,823832
0,8,6,0.5,-0.272735,180,0,0,823853
0,8,3,0.5,-0.271655,180,0,0,823866
0,8,2,0.5,-0.270575,180,0,0,823881
0,4,1,0.5,-0.270035,180,0,0,823898
0,2,0,0.5,-0.269765,180,0,0,823915
0,1,1,0.5,-0.26963,180,0,0,823932
0,-1,2,0.5,-0.269765,180,0,0,823948
0,-3,3,0.5,-0.27017,180,0,0,823966
0,-6,5,0.5,-0.27098,180,0,0,823983
0,-5,5,0.5,-0.271655,180,0,0,824004
0,-6,5,0.5,-0.272465,180,0,0,824018
0,-5,5,0.5,-0.27314,180,0,0,824032
0,-4,4,0.5,-0.27368,180,0,0,824049
0,-5,7,0.5,-0.274355,180,0,0,824068
0,0,0,0.5,-0.274355,180,0,0,824081
0,0,3,0.5,-0.274355,180,0,0,824100
0,2,0,0.5,-0.274085,180,0,0,824116
0,4,-1,0.5,-0.273545,180,0,0,824132
0,5,-1,0.5,-0.27287,180,0,0,824148
0,9,-2,0.5,-0.271655,180,0,0,824165
0,10,-1,0.5,-0.270305,180,0,0,824182
0,12,-2,0.5,-0.268685,180,0,0,824202
0,13,-1,0.5,-0.26693,180,0,0,824216
0,15,-1,0.5,-0.264905,180,0,0,824233
0,16,-1,0.5,-0.262745,180,0,0,824248
0,17,-1,0.5,-0.26045,180,0,0,824265
0,15,-1,0.5,-0.258425,180,0,0,824282
0,17,-1,0.5,-0.25613,180,0,0,824303
0,15,0,0.5,-0.254105,180,0,0,824314
0,15,1,0.5,-0.25208,180,0,0,824331
0,11,2,0.5,-0.250595,180,0,0,824351
0,8,3,0.5,-0.249515,180,0,0,824366
0,5,3,0.5,-0.24884,180,0,0,824385
0,3,3,0.5,-0.248435,180,0,0,824400
0,1,4,0.5,-0.2483,180,0,0,824415
0,2,5,0.5,-0.24803,180,0,0,824432
0,4,6,0.5,-0.24749,180,0,0,824452
0,19,15,0.5,-0.244925,180,0,0,824472
0,0,0,0.5,-0.244925,180,0,0,824481
0,36,14,0.5,-0.240065,180,0,0,824506
0,17,5,0.5,-0.23777,180,0,0,824516
0,16,5,0.5,-0.23561,180,0,0,824534
0,17,5,0.5,-0.233315,180,0,0,824559
0,17,6,0.5,-0.23102,180,0,0,824576
0,23,7,0.5,-0.227915,180,0,0,824590
0,26,7,0.5,-0.224405,180,0,0,824605
0,31,7,0.5,-0.22022,180,0,0,824618
0,33,7,0.5,-0.215765,180,0,0,824633
0,35,7,0.5,-0.21104,180,0,0,824653
0,35,6,0.5,-0.206315,180,0,0,824668
0,33,6,0.5,-0.20186,180,0,0,824684
0,32,4,0.5,-0.19754,180,0,0,824699
0,28,3,0.5,-0.19376,180,0,0,824718
0,28,2,0.5,-0.18998,180,0,0,824733
0,25,2,0.5,-0.186605,180,0,0,824752
0,22,3,0.5,-0.183635,180,0,0,824767
0,19,3,0.5,-0.18107,180,0,0,824784
0,19,5,0.5,-0.178505,180,0,0,824800
0,16,4,0.5,-0.176345,180,0,0,824819
0,15,4,0.5,-0.17432,180,0,0,824834
0,14,4,0.5,-0.17243,180,0,0,824850
0,15,3,0.5,-0.170405,180,0,0,824866
0,16,3,0.5,-0.168245,180,0,0,824883
0,45,4,0.5,-0.16217,180,0,0,824900
0,27,1,0.5,-0.158525,180,0,0,824917
0,28,0,0.5,-0.154745,180,0,0,824938
0,27,0,0.5,-0.1511,180,0,0,824948
0,26,-2,0.5,-0.14759,180,0,0,824967
0,24,-3,0.5,-0.14435,180,0,0,824983
0,22,-4,0.5,-0.14138,180,0,0,825002
0,18,-5,0.5,-0.13895,180,0,0,825016
0,15,-6,0.5,-0.136925,180,0,0,825033
0,14,-5,0.5,-0.135035,180,0,0,825052
0,14,-3,0.5,-0.133145,180,0,0,825065
0,15,-1,0.5,-0.13112,180,0,0,825082
0,19,0,0.5,-0.128555,180,0,0,825098
0,21,1,0.5,-0.12572,180,0,0,825116
0,24,2,0.5,-0.12248,180,0,0,825132
0,24,1,0.5,-0.11924,180,0,0,825153
0,23,1,0.5,-0.116135,180,0,0,825168
0,22,0,0.5,-0.113165,180,0,0,825181
0,20,1,0.5,-0.110465,180,0,0,825199
0,17,0,0.5,-0.10817,180,0,0,825215
0,16,0,0.5,-0.10601,180,0,0,825234
0,10,-2,0.5,-0.10466,180,0,0,825251
0,5,-2,0.5,-0.103985,180,0,0,825266
0,-2,-5,0.5,-0.104255,180,0,0,825289
0,-8,0,0.5,-0.105335,180,0,0,825300
0,-10,0,0.5,-0.106685,180,0,0,825316
0,-13,3,0.5,-0.10844,180,0,0,825333
0,-14,3,0.5,-0.11033,180,0,0,825351
0,-13,4,0.5,-0.112085,180,0,0,825371
0,-11,3,0.5,-0.11357,180,0,0,825385
0,-7,3,0.5,-0.114515,180,0,0,825401
0,-5,4,0.5,-0.11519,180,0,0,825417
0,-1,3,0.5,-0.115325,180,0,0,825436
0,1,2,0.5,-0.11519,180,0,0,825452
0,2,1,0.5,-0.11492,180,0,0,825466
0,4,0,0.5,-0.11438,180,0,0,825482
0,4,-1,0.5,-0.11384,180,0,0,825501
0,3,-3,0.5,-0.113435,180,0,0,825519
0,2,-3,0.5,-0.113165,180,0,0,825537
0,1,-2,0.5,-0.11303,180,0,0,825553
0,0,-1,0.5,-0.11303,180,0,0,825567
0,-1,-1,0.5,-0.113165,180,0,0,825583
0,0,0,0.5,-0.113165,180,0,31,825599
0,-1,1,0.5,-0.1133,180,0,31,825619
0,-2,1,0.5,-0.11357,180,0,31,825634
0,0,2,0.5,-0.11357,180,0,0,825649
0,2,2,0.5,-0.1133,180,0,0,825670
0,0,0,0.5,-0.1133,180,0,0,825682
0,2,1,0.5,-0.11303,180,0,0,825700
0,1,1,0.5,-0.112895,180,0,0,825716
0,0,1,0.5,-0.112895,180,0,0,825733
0,-1,2,0.5,-0.11303,180,0,0,825755
0,-1,1,0.5,-0.113165,180,0,0,825767
0,-4,2,0.5,-0.113705,180,0,0,825783
0,-3,1,0.5,-0.11411,180,0,0,825801
0,-3,1,0.5,-0.114515,180,0,0,825818
0,-2,1,0.5,-0.114785,180,0,0,825833
0,-3,0,0.5,-0.11519,180,0,0,825849
0,0,0,0.5,-0.11519,180,0,0,825866
0,1,0,0.5,-0.115055,180,0,0,825883
0,3,0,0.5,-0.11465,180,0,0,825901
0,6,0,0.5,-0.11384,180,0,0,825916
0,5,0,0.5,-0.113165,180,0,0,825937
0,4,-1,0.5,-0.112625,180,0,0,825951
0,4,-2,0.5,-0.112085,180,0,0,825971
0,2,-2,0.5,-0.111815,180,0,0,825984
0,1,-2,0.5,-0.11168,180,0,0,826001
0,0,-1,0.5,-0.11168,180,0,0,826018
0,-4,0,0.5,-0.11222,180,0,0,826035
0,-4,0,0.5,-0.11276,180,0,0,826050
0,-7,1,0.5,-0.113705,180,0,0,826066
0,-17,4,0.5,-0.116,180,0,0,826088
0,-7,1,0.5,-0.116945,180,0,0,826104
0,-6,2,0.5,-0.117755,180,0,0,826118
0,-2,1,0.5,-0.118025,180,0,0,826134
0,-1,1,0.5,-0.11816,180,0,0,826150
0,1,0,0.5,-0.118025,180,0,0,826167
0,5,0,0.5,-0.11735,180,0,0,826183
0,5,0,0.5,-0.116675,180,0,0,826200
0,5,0,0.5,-0.116,180,0,0,826218
0,5,-1,0.5,-0.115325,180,0,31,826238
0,5,-1,0.5,-0.11465,180,0,31,826252
0,7,-1,0.5,-0.113705,180,0,31,826267
0,7,0,0.5,-0.11276,180,0,31,826284
0,8,0,0.5,-0.11168,180,0,31,826300
0,9,0,0.5,-0.110465,180,0,31,826320
0,10,1,0.5,-0.109115,180,0,0,826337
0,10,2,0.5,-0.107765,180,0,0,826351
0,11,2,0.5,-0.10628,180,0,0,826367
0,11,2,0.5,-0.104795,180,0,0,826385
0,13,2,0.5,-0.10304,180,0,0,826403
0,14,2,0.5,-0.10115,180,0,0,826419
0,13,2,0.5,-0.099395,180,0,0,826437
0,22,1,0.5,-0.096425,180,0,0,826451
0,9,0,0.5,-0.09521,180,0,0,826468
0,8,-1,0.5,-0.09413,180,0,0,826484
0,10,-2,0.5,-0.09278,180,0,0,826506
0,10,-2,0.5,-0.09143,180,0,0,826524
0,9,-2,0.5,-0.090215,180,0,0,826539
0,10,-3,0.5,-0.088865,180,0,0,826552
0,9,-3,0.5,-0.08765,180,0,0,826569
0,9,-3,0.5,-0.086435,180,0,0,826586
0,10,-5,0.5,-0.085085,180,0,0,826603
0,10,-5,0.5,-0.083735,180,0,0,826622
0,10,-5,0.5,-0.082385,180,0,0,826637
0,10,-5,0.5,-0.081035,180,0,0,826654
0,9,-4,0.5,-0.07982,180,0,0,826671
0,11,-4,0.5,-0.078335,180,0,0,826688
0,11,-3,0.5,-0.07685,180,0,0,826705
0,14,-3,0.5,-0.07496,180,0,0,826722
0,15,-3,0.5,-0.072935,180,0,0,826736
0,15,-4,0.5,-0.07091,180,0,0,826752
0,27,-6,0.5,-0.067265,180,0,0,826773
0,0,-3,0.5,-0.067265,180,0,0,826786
0,21,-8,0.5,-0.06443,180,0,0,826806
0,8,-4,0.5,-0.06335,180,0,0,826824
0,8,-5,0.5,-0.06227,180,0,0,826842
0,7,-5,0.5,-0.061325,180,0,0,826854
0,6,-5,0.5,-0.060515,180,0,0,826873
0,7,-6,0.5,-0.05957,180,0,0,826889
0,9,-6,0.5,-0.058355,180,0,31,826908
0,11,-6,0.5,-0.05687,180,0,31,826925
0,12,-5,0.5,-0.05525,180,0,31,826939
0,10,-7,0.5,-0.0539,180,0,31,826956
0,10,-8,0.5,-0.05255,180,0,31,826977
0,10,-8,0.5,-0.0512,180,0,31,826991
0,9,-6,0.5,-0.049985,180,0,0,827008
0,8,-6,0.5,-0.048905,180,0,0,827023
0,6,-5,0.5,-0.048095,180,0,31,827043
0,4,-5,0.5,-0.047555,180,0,0,827054
0,3,-5,0.5,-0.04715,180,0,0,827072
0,2,-5,0.5,-0.04688,180,0,0,827086
0,1,-5,0.5,-0.046745,180,0,0,827106
0,2,-5,0.5,-0.046475,180,0,31,827123
0,3,-4,0.5,-0.04607,180,0,31,827139
0,9,-8,0.5,-0.044855,180,0,31,827157
0,6,-3,0.5,-0.044045,180,0,31,827173
0,0,0,0.5,-0.044045,180,0,31,827185
0,9,-4,0.5,-0.04283,180,0,0,827205
0,17,-9,0.5,-0.040535,180,0,0,827225
0,10,-5,0.5,-0.039185,180,0,0,827241
0,14,-6,0.5,-0.037295,180,0,0,827256
0,15,-6,0.5,-0.03527,180,0,0,827273
0,19,-6,0.5,-0.032705,180,0,0,827290
0,22,-6,0.5,-0.029735,180,0,0,827304
0,23,-5,0.5,-0.02663,180,0,0,827321
0,25,-5,0.5,-0.023255,180,0,0,827341
0,23,-4,0.5,-0.02015,180,0,0,827354
0,22,-4,0.5,-0.01718,180,0,0,827371
0,19,-4,0.5,-0.014615,180,0,0,827388
0,18,-4,0.5,-0.012185,180,0,0,827404
0,15,-4,0.5,-0.01016,180,0,0,827422
0,18,-6,0.5,-0.00773,180,0,0,827439
0,19,-7,0.5,-0.005165,180,0,0,827457
0,21,-7,0.5,-0.00233,180,0,0,827474
0,20,-8,0.5,0.00037,180,0,0,827497
0,19,-10,0.5,0.002935,180,0,0,827509
0,16,-11,0.5,0.005095,180,0,0,827525
0,33,-23,0.5,0.00955,180,0,0,827547
0,18,-9,0.5,0.01198,180,0,0,827561
0,0,0,0.5,0.01198,180,0,0,827570
0,42,-8,0.5,0.01765,180,0,0,827588
0,20,-15,0.5,0.02035,180,0,0,827608
0,18,-7,0.5,0.02278,180,0,0,827623
0,17,-7,0.5,0.025075,180,0,0,827643
0,11,-7,0.5,0.02656,180,0,0,827655
0,8,-8,0.5,0.02764,180,0,0,827673
0,3,-8,0.5,0.028045,180,0,0,827690
0,1,-9,0.5,0.02818,180,0,0,827711
0,1,-9,0.5,0.028315,180,0,0,827728
0,3,-10,0.5,0.02872,180,0,31,827742
0,4,-10,0.5,0.02926,180,0,31,827761
0,7,-9,0.5,0.030205,180,0,31,827774
0,9,-9,0.5,0.03142,180,0,31,827792
0,10,-9,0.5,0.03277,180,0,0,827811
0,11,-9,0.5,0.034255,180,0,0,827824
0,13,-9,0.5,0.03601,180,0,0,827844
0,15,-8,0.5,0.038035,180,0,0,827857
0,19,-9,0.5,0.0406,180,0,0,827874
0,20,-8,0.5,0.0433,180,0,0,827890
0,22,-7,0.5,0.04627,180,0,0,827907
0,45,-11,0.5,0.052345,180,0,0,827927
0,0,0,0.5,0.052345,180,0,0,827938
0,19,-5,0.5,0.05491,180,0,0,827954
0,29,-8,0.5,0.058825,180,0,0,827974
0,13,-5,0.5,0.06058,180,0,0,827990
0,11,-6,0.5,0.062065,180,0,0,828006
0,11,-8,0.5,0.06355,180,0,0,828024
0,8,-9,0.5,0.06463,180,0,0,828042
0,8,-9,0.5,0.06571,180,0,31,828057
0,7,-9,0.5,0.066655,180,0,31,828074
0,7,-9,0.5,0.0676,180,0,31,828093
0,9,-8,0.5,0.068815,180,0,31,828109
0,10,-8,0.5,0.070165,180,0,31,828127
0,13,-8,0.5,0.07192,180,0,0,828140
0,14,-7,0.5,0.07381,180,0,0,828159
0,16,-7,0.5,0.07597,180,0,0,828175
0,20,-7,0.5,0.07867,180,0,0,828193
0,45,-6,0.5,0.084745,180,0,0,828216
0,0,-6,0.5,0.084745,180,0,0,828225
0,24,-6,0.5,0.087985,180,0,0,828238
0,21,-6,0.5,0.09082,180,0,0,828258
0,17,-5,0.5,0.093115,180,0,0,828275
0,14,-4,0.5,0.095005,180,0,0,828291
0,9,-4,0.5,0.09622,180,0,0,828305
0,7,-6,0.5,0.097165,180,0,0,828324
0,16,-17,0.5,0.099325,180,0,0,828348
0,10,-4,0.5,0.100675,180,0,0,828357
0,8,-18,0.5,0.101755,180,0,0,828382
0,9,-12,0.5,0.10297,180,0,0,828398
0,10,-12,0.5,0.10432,180,0,0,828414
0,12,-12,0.5,0.10594,180,0,0,828426
0,15,-12,0.5,0.107965,180,0,0,828444
0,18,-12,0.5,0.110395,180,0,0,828459
0,21,-11,0.5,0.11323,180,0,0,828476
0,25,-11,0.5,0.116605,180,0,31,828494
0,28,-10,0.5,0.120385,180,0,31,828514
0,29,-9,0.5,0.1243,180,0,31,828524
0,31,-9,0.5,0.128485,180,0,31,828541
0,30,-8,0.5,0.132535,180,0,31,828560
0,26,-7,0.5,0.136045,180,0,0,828577
0,23,-6,0.5,0.13915,180,0,0,828593
0,21,-5,0.5,0.141985,180,0,0,828606
0,19,-5,0.5,0.14455,180,0,0,828623
0,17,-6,0.5,0.146845,180,0,0,828641
0,14,-7,0.5,0.148735,180,0,0,828660
0,24,-15,0.5,0.151975,180,0,0,828678
0,0,0,0.5,0.151975,180,0,31,828688
0,8,-8,0.5,0.153055,180,0,31,828707
0,6,-8,0.5,0.153865,180,0,31,828724
0,11,-15,0.5,0.15535,180,0,31,828743
0,8,-8,0.5,0.15643,180,0,0,828764
0,9,-7,0.5,0.157645,180,0,0,828780
0,14,-7,0.5,0.159535,180,0,0,828798
0,16,-7,0.5,0.161695,180,0,0,828808
0,21,-7,0.5,0.16453,180,0,0,828825
0,26,-6,0.5,0.16804,180,0,0,828843
0,29,-6,0.5,0.171955,180,0,0,828860
0,32,-5,0.5,0.176275,180,0,0,828879
0,30,-5,0.5,0.180325,180,0,31,828894
0,28,-4,0.5,0.184105,180,0,31,828906
0,21,-5,0.5,0.18694,180,0,31,828925
0,14,-4,0.5,0.18883,180,0,31,828941
0,10,-4,0.5,0.19018,180,0,31,828957
0,10,-6,0.5,0.19153,180,0,31,828974
0,9,-8,0.5,0.192745,180,0,0,828994
0,12,-8,0.5,0.194365,180,0,0,829008
0,13,-9,0.5,0.19612,180,0,0,829024
0,15,-9,0.5,0.198145,180,0,0,829045
0,14,-8,0.5,0.200035,180,0,0,829060
0,14,-7,0.5,0.201925,180,0,31,829075
0,16,-7,0.5,0.204085,180,0,31,829092
0,14,-7,0.5,0.205975,180,0,31,829107
0,29,-16,0.5,0.20989,180,0,31,829131
0,18,-7,0.5,0.21232,180,0,31,829145
0,20,-7,0.5,0.21502,180,0,0,829161
0,23,-6,0.5,0.218125,180,0,0,829174
0,25,-6,0.5,0.2215,180,0,0,829193
0,23,-4,0.5,0.224605,180,0,0,829215
0,21,-3,0.5,0.22744,180,0,0,829227
0,18,-3,0.5,0.22987,180,0,0,829243
0,15,-2,0.5,0.231895,180,0,0,829256
0,15,-4,0.5,0.23392,180,0,0,829273
0,18,-5,0.5,0.23635,180,0,0,829298
0,20,-6,0.5,0.23905,180,0,0,829312
0,22,-7,0.5,0.24202,180,0,0,829332
0,24,-8,0.5,0.24526,180,0,0,829343
0,24,-8,0.5,0.2485,180,0,0,829366
0,24,-9,0.5,0.25174,180,0,0,829377
0,23,-10,0.5,0.254845,180,0,0,829394
0,24,-11,0.5,0.258085,180,0,0,829410
0,23,-11,0.5,0.26119,180,0,0,829428
0,24,-10,0.5,0.26443,180,0,0,829445
0,25,-8,0.5,0.267805,180,0,0,829460
0,24,-7,0.5,0.271045,180,0,0,829477
0,44,-10,0.5,0.276985,180,0,0,829494
0,21,-4,0.5,0.27982,180,0,0,829509
0,20,-5,0.5,0.28252,180,0,0,829531
0,20,-6,0.5,0.28522,180,0,0,829544
0,19,-8,0.5,0.287785,180,0,0,829560
0,18,-8,0.5,0.290215,180,0,31,829578
0,17,-10,0.5,0.29251,180,0,31,829596
0,15,-10,0.5,0.294535,180,0,31,829614
0,13,-9,0.5,0.29629,180,0,31,829631
0,12,-8,0.5,0.29791,180,0,0,829644
0,11,-7,0.5,0.299395,180,0,0,829659
0,14,-7,0.5,0.301285,180,0,0,829678
0,14,-7,0.5,0.303175,180,0,0,829694
0,18,-6,0.5,0.305605,180,0,0,829715
0,21,-6,0.5,0.30844,180,0,0,829730
0,24,-5,0.5,0.31168,180,0,0,829743
0,25,-4,0.5,0.315055,180,0,0,829759
0,24,-4,0.5,0.318295,180,0,0,829776
0,21,-4,0.5,0.32113,180,0,31,829792
0,16,-4,0.5,0.32329,180,0,31,829811
0,15,-3,0.5,0.325315,180,0,31,829827
0,16,-7,0.5,0.327475,180,0,31,829849
0,0,0,0.5,0.327475,180,0,31,829857
0,6,-5,0.5,0.328285,180,0,0,829877
0,10,-11,0.5,0.329635,180,0,0,829895
0,7,-5,0.5,0.33058,180,0,0,829911
0,8,-5,0.5,0.33166,180,0,0,829927
0,12,-4,0.5,0.33328,180,0,0,829943
0,14,-4,0.5,0.33517,180,0,0,829962
0,18,-4,0.5,0.3376,180,0,0,829977
0,22,-4,0.5,0.34057,180,0,31,829994
0,25,-4,0.5,0.343945,180,0,31,830010
0,27,-3,0.5,0.34759,180,0,31,830024
0,32,-3,0.5,0.35191,180,0,31,830042
0,34,-3,0.5,0.3565,180,0,31,830059
0,34,-3,0.5,0.36109,180,0,0,830075
0,32,-2,0.5,0.36541,180,0,0,830094
0,30,-2,0.5,0.36946,180,0,0,830111
0,27,-1,0.5,0.373105,180,0,0,830125
0,24,-1,0.5,0.376345,180,0,0,830145
0,21,-1,0.5,0.37918,180,0,0,830160
0,18,-2,0.5,0.38161,180,0,0,830176
0,18,-5,0.5,0.38404,180,0,0,830193
0,16,-7,0.5,0.3862,180,0,0,830215
0,14,-8,0.5,0.38809,180,0,0,830228
0,31,-16,0.5,0.392275,180,0,0,830250
0,17,-7,0.5,0.39457,180,0,0,830264
0,20,-6,0.5,0.39727,180,0,0,830278
0,23,-5,0.5,0.400375,180,0,0,830295
0,26,-4,0.5,0.403885,180,0,0,830311
0,30,-5,0.5,0.407935,180,0,0,830329
0,30,-6,0.5,0.411985,180,0,0,830345
0,32,-7,0.5,0.416305,180,0,0,830361
0,30,-6,0.5,0.420355,180,0,0,830377
0,29,-6,0.5,0.42427,180,0,0,830395
0,26,-5,0.5,0.42778,180,0,0,830416
0,23,-4,0.5,0.430885,180,0,0,830430
0,22,-3,0.5,0.433855,180,0,0,830445
0,18,-3,0.5,0.436285,180,0,0,830463
0,18,-3,0.5,0.438715,180,0,0,830482
0,16,-4,0.5,0.440875,180,0,0,830492
0,18,-5,0.5,0.443305,180,0,0,830517
0,18,-6,0.5,0.445735,180,0,0,830531
0,23,-6,0.5,0.44884,180,0,0,830545
0,24,-7,0.5,0.45208,180,0,0,830561
0,27,-7,0.5,0.455725,180,0,0,830579
0,26,-6,0.5,0.459235,180,0,0,830596
0,55,-14,0.5,0.46666,180,0,0,830612
0,0,0,0.5,0.46666,180,0,0,830625
0,26,-7,0.5,0.47017,180,0,0,830643
0,59,-14,0.5,0.478135,180,0,0,830662
0,29,-4,0.5,0.48205,180,0,0,830678
0,30,-3,0.5,0.4861,180,0,0,830695
0,25,-3,0.5,0.489475,180,0,0,830710
0,23,-2,0.5,0.49258,180,0,0,830729
0,22,-2,0.5,0.49555,180,0,0,830745
0,19,-2,0.5,0.498115,180,0,0,830759
0,19,-1,0.5,0.50068,180,0,0,830781
0,22,-2,0.5,0.50365,180,0,0,830794
0,25,-2,0.5,0.507025,180,0,0,830810
0,29,-2,0.5,0.51094,180,0,0,830828
0,31,-4,0.5,0.515125,180,0,0,830844
0,33,-5,0.5,0.51958,180,0,0,830862
0,33,-5,0.5,0.524035,180,0,0,830877
0,31,-5,0.5,0.52822,180,0,0,830893
0,29,-5,0.5,0.532135,180,0,0,830912
0,28,-6,0.5,0.535915,180,0,0,830930
0,57,-8,0.5,0.54361,180,0,0,830947
0,0,0,0.5,0.54361,180,0,0,830960
0,28,-2,0.5,0.54739,180,0,0,830976
0,56,0,0.5,0.55495,180,0,0,830994
0,26,0,0.5,0.55846,180,0,0,831012
0,24,0,0.5,0.5617,180,0,0,831027
0,22,0,0.5,0.56467,180,0,0,831046
0,21,0,0.5,0.567505,180,0,0,831061
0,22,0,0.5,0.570475,180,0,0,831078
0,24,-1,0.5,0.573715,180,0,0,831094
0,26,-2,0.5,0.577225,180,0,0,831112
0,28,-4,0.5,0.581005,180,0,0,831129
0,30,-5,0.5,0.585055,180,0,0,831150
0,29,-6,0.5,0.58897,180,0,0,831168
0,29,-6,0.5,0.592885,180,0,0,831178
0,31,-5,0.5,0.59707,180,0,0,831201
0,33,-4,0.5,0.601525,180,0,0,831211
0,35,-3,0.5,0.60625,180,0,0,831228
0,36,-2,0.5,0.61111,180,0,0,831244
0,33,-1,0.5,0.615565,180,0,0,831264
0,31,0,0.5,0.61975,180,0,0,831277
0,25,0,0.5,0.623125,180,0,0,831293
0,23,0,0.5,0.62623,180,0,0,831311
0,22,0,0.5,0.6292,180,0,0,831330
0,19,0,0.5,0.631765,180,0,0,831343
0,17,-1,0.5,0.63406,180,0,0,831360
0,23,-5,0.5,0.637165,180,0,0,831379
0,7,-4,0.5,0.63811,180,0,0,831396
0,4,-4,0.5,0.63865,180,0,30,831413
0,4,-4,0.5,0.63919,180,0,30,831433
0,4,-4,0.5,0.63973,180,0,0,831446
0,5,-4,0.5,0.640405,180,0,0,831463
0,9,-3,0.5,0.64162,180,0,0,831479
0,11,-3,0.5,0.643105,180,0,0,831498
0,14,-3,0.5,0.644995,180,0,0,831514
0,18,-2,0.5,0.647425,180,0,0,831527
0,21,-2,0.5,0.65026,180,0,0,831547
0,23,-1,0.5,0.653365,180,0,0,831564
0,24,-1,0.5,0.656605,180,0,0,831577
0,27,0,0.5,0.66025,180,0,31,831596
0,29,0,0.5,0.664165,180,0,31,831612
0,32,0,0.5,0.668485,180,0,31,831627
0,29,0,0.5,0.6724,180,0,31,831644
0,27,0,0.5,0.676045,180,0,0,831666
0,24,0,0.5,0.679285,180,0,0,831677
0,22,0,0.5,0.682255,180,0,0,831694
0,35,-2,0.5,0.68698,180,0,0,831715
0,12,-2,0.5,0.6886,180,0,0,831732
0,13,-2,0.5,0.690355,180,0,0,831749
0,0,0,0.5,0.690355,180,0,0,831765
0,15,-2,0.5,0.69238,180,0,0,831777
0,32,-3,0.5,0.6967,180,0,0,831798
0,12,-2,0.5,0.69832,180,0,0,831814
0,13,-3,0.5,0.700075,180,0,0,831829
0,11,-3,0.5,0.70156,180,0,0,831849
0,12,-3,0.5,0.70318,180,0,0,831867
0,16,-3,0.5,0.70534,180,0,0,831879
0,21,-2,0.5,0.708175,180,0,0,831895
0,25,-1,0.5,0.71,180,0,0,831911
