0,159,46,0.5,-0.688535,180,0,0,1260105
0,28,6,0.5,-0.684755,180,0,0,1260113
0,28,7,0.5,-0.680975,180,0,0,1260123
0,0,0,0.5,-0.680975,180,0,0,1260129
0,29,8,0.5,-0.67706,180,0,0,1260150
0,28,9,0.5,-0.67328,180,0,0,1260171
0,29,9,0.5,-0.669365,180,0,0,1260181
0,27,7,0.5,-0.66572,180,0,0,1260201
0,22,6,0.5,-0.66275,180,0,0,1260214
0,20,6,0.5,-0.66005,180,0,0,1260231
0,20,5,0.5,-0.65735,180,0,0,1260247
0,17,4,0.5,-0.655055,180,0,0,1260263
0,29,10,0.5,-0.65114,180,0,0,1260285
0,0,0,0.5,-0.65114,180,0,0,1260295
0,27,9,0.5,-0.647495,180,0,0,1260316
0,15,4,0.5,-0.64547,180,0,0,1260331
0,17,5,0.5,-0.643175,180,0,0,1260349
0,19,5,0.5,-0.64061,180,0,0,1260363
0,24,5,0.5,-0.63737,180,0,0,1260385
0,28,5,0.5,-0.63359,180,0,0,1260399
0,27,4,0.5,-0.629945,180,0,0,1260413
0,26,2,0.5,-0.626435,180,0,0,1260431
0,23,0,0.5,-0.62333,180,0,0,1260446
0,21,0,0.5,-0.620495,180,0,0,1260462
0,16,0,0.5,-0.618335,180,0,0,1260482
0,13,0,0.5,-0.61658,180,0,0,1260495
0,11,-1,0.5,-0.615095,180,0,0,1260512
0,11,-2,0.5,-0.61361,180,0,0,1260533
0,11,-2,0.5,-0.612125,180,0,0,1260549
0,10,-1,0.5,-0.610775,180,0,0,1260562
0,12,0,0.5,-0.609155,180,0,0,1260579
0,14,1,0.5,-0.607265,180,0,0,1260596
0,15,2,0.5,-0.60524,180,0,0,1260614
0,17,3,0.5,-0.602945,180,0,0,1260630
0,17,3,0.5,-0.60065,180,0,0,1260651
0,19,3,0.5,-0.598085,180,0,0,1260666
0,18,2,0.5,-0.595655,180,0,0,1260679
0,22,2,0.5,-0.592685,180,0,0,1260697
0,46,2,0.5,-0.586475,180,0,0,1260713
0,25,0,0.5,-0.5831,180,0,0,1260729
0,26,0,0.5,-0.57959,180,0,0,1260748
0,28,-2,0.5,-0.57581,180,0,0,1260762
0,30,-4,0.5,-0.57176,180,0,0,1260782
0,25,-5,0.5,-0.568385,180,0,0,1260799
0,24,-7,0.5,-0.565145,180,0,0,1260814
0,18,-7,0.5,-0.562715,180,0,0,1260831
0,17,-9,0.5,-0.56042,180,0,0,1260851
0,15,-9,0.5,-0.558395,180,0,0,1260865
0,14,-8,0.5,-0.556505,180,0,0,1260883
0,15,-7,0.5,-0.55448,180,0,0,1260898
0,17,-6,0.5,-0.552185,180,0,0,1260915
0,17,-6,0.5,-0.54989,180,0,0,1260933
0,18,-5,0.5,-0.54746,180,0,0,1260951
0,19,-5,0.5,-0.544895,180,0,0,1260963
0,21,-5,0.5,-0.54206,180,0,0,1260980
0,22,-5,0.5,-0.53909,180,0,0,1260997
0,20,-4,0.5,-0.53639,180,0,0,1261013
0,21,-5,0.5,-0.533555,180,0,0,1261029
0,21,-6,0.5,-0.53072,180,0,0,1261047
0,22,-7,0.5,-0.52775,180,0,0,1261066
0,21,-8,0.5,-0.524915,180,0,0,1261082
0,36,-9,0.5,-0.520055,180,0,0,1261101
0,15,-20,0.5,-0.51803,180,0,0,1261120
0,14,-10,0.5,-0.51614,180,0,0,1261137
0,11,-10,0.5,-0.514655,180,0,0,1261151
0,10,-9,0.5,-0.513305,180,0,0,1261167
0,11,-10,0.5,-0.51182,180,0,0,1261183
0,8,-9,0.5,-0.51074,180,0,0,1261198
0,7,-8,0.5,-0.509795,180,0,0,1261216
0,4,-8,0.5,-0.509255,180,0,0,1261234
0,0,-7,0.5,-0.509255,180,0,31,1261247
0,1,-7,0.5,-0.50912,180,0,31,1261264
0,1,-8,0.5,-0.508985,180,0,31,1261282
0,4,-9,0.5,-0.508445,180,0,0,1261299
0,7,-9,0.5,-0.5075,180,0,0,1261316
0,10,-10,0.5,-0.50615,180,0,0,1261340
0,11,-10,0.5,-0.504665,180,0,0,1261348
0,12,-10,0.5,-0.503045,180,0,0,1261365
0,14,-10,0.5,-0.501155,180,0,0,1261385
0,15,-10,0.5,-0.49913,180,0,31,1261404
0,16,-11,0.5,-0.49697,180,0,31,1261414
0,18,-11,0.5,-0.49454,180,0,31,1261431
0,19,-10,0.5,-0.491975,180,0,0,1261450
0,19,-10,0.5,-0.48941,180,0,0,1261466
0,21,-9,0.5,-0.486575,180,0,0,1261481
0,21,-7,0.5,-0.48374,180,0,0,1261506
0,35,-11,0.5,-0.479015,180,0,0,1261515
0,16,-6,0.5,-0.476855,180,0,0,1261531
0,16,-6,0.5,-0.474695,180,0,0,1261547
0,17,-8,0.5,-0.4724,180,0,0,1261568
0,17,-9,0.5,-0.470105,180,0,0,1261582
0,19,-11,0.5,-0.46754,180,0,0,1261598
0,19,-12,0.5,-0.464975,180,0,0,1261614
0,22,-12,0.5,-0.462005,180,0,0,1261634
0,21,-13,0.5,-0.45917,180,0,0,1261652
0,23,-13,0.5,-0.456065,180,0,0,1261666
0,22,-13,0.5,-0.453095,180,0,0,1261682
0,22,-12,0.5,-0.450125,180,0,0,1261700
0,20,-11,0.5,-0.447425,180,0,0,1261717
0,18,-10,0.5,-0.444995,180,0,0,1261732
0,19,-10,0.5,-0.44243,180,0,0,1261749
0,19,-9,0.5,-0.439865,180,0,0,1261770
0,21,-10,0.5,-0.43703,180,0,0,1261782
0,22,-11,0.5,-0.43406,180,0,0,1261798
0,17,-10,0.5,-0.431765,180,0,0,1261824
0,23,-23,0.5,-0.42866,180,0,0,1261844
0,6,-12,0.5,-0.42785,180,0,0,1261859
0,7,-11,0.5,-0.426905,180,0,0,1261873
0,5,-10,0.5,-0.42623,180,0,0,1261885
0,7,-10,0.5,-0.425285,180,0,0,1261900
0,11,-8,0.5,-0.4238,180,0,0,1261922
0,11,-7,0.5,-0.422315,180,0,0,1261934
0,14,-7,0.5,-0.420425,180,0,0,1261948
0,16,-5,0.5,-0.418265,180,0,0,1261964
0,15,-5,0.5,-0.41624,180,0,0,1261980
0,16,-5,0.5,-0.41408,180,0,0,1261999
0,14,-5,0.5,-0.41219,180,0,0,1262017
0,14,-6,0.5,-0.4103,180,0,0,1262033
0,18,-7,0.5,-0.40787,180,0,0,1262047
0,20,-9,0.5,-0.40517,180,0,0,1262064
0,23,-8,0.5,-0.402065,180,0,0,1262080
0,26,-8,0.5,-0.398555,180,0,0,1262099
0,28,-8,0.5,-0.394775,180,0,0,1262117
0,34,-7,0.5,-0.390185,180,0,0,1262130
0,35,-6,0.5,-0.38546,180,0,0,1262147
0,38,-6,0.5,-0.38033,180,0,0,1262164
0,39,-5,0.5,-0.375065,180,0,0,1262180
0,38,-5,0.5,-0.369935,180,0,0,1262196
0,33,-3,0.5,-0.36548,180,0,0,1262214
0,31,-4,0.5,-0.361295,180,0,0,1262238
0,26,-3,0.5,-0.357785,180,0,0,1262251
0,23,-5,0.5,-0.35468,180,0,0,1262263
0,23,-8,0.5,-0.351575,180,0,0,1262281
0,48,-23,0.5,-0.345095,180,0,0,1262305
0,18,-11,0.5,-0.342665,180,0,0,1262317
0,0,0,0.5,-0.342665,180,0,0,1262330
0,49,-26,0.5,-0.33605,180,0,0,1262354
0,28,-13,0.5,-0.33227,180,0,0,1262368
0,33,-13,0.5,-0.327815,180,0,0,1262385
0,34,-13,0.5,-0.323225,180,0,0,1262399
0,33,-12,0.5,-0.31877,180,0,0,1262415
0,31,-10,0.5,-0.314585,180,0,0,1262432
0,28,-15,0.5,-0.310805,180,0,0,1262449
0,27,-12,0.5,-0.30716,180,0,0,1262467
0,26,-11,0.5,-0.30365,180,0,0,1262481
0,28,-11,0.5,-0.29987,180,0,0,1262505
0,60,-22,0.5,-0.29177,180,0,0,1262526
0,27,-12,0.5,-0.288125,180,0,0,1262540
0,0,0,0.5,-0.288125,180,0,0,1262545
0,26,-13,0.5,-0.284615,180,0,0,1262565
0,24,-13,0.5,-0.281375,180,0,0,1262582
0,20,-13,0.5,-0.278675,180,0,0,1262602
0,17,-12,0.5,-0.27638,180,0,0,1262616
0,14,-12,0.5,-0.27449,180,0,0,1262633
0,10,-11,0.5,-0.27314,180,0,0,1262650
0,7,-10,0.5,-0.272195,180,0,0,1262667
0,4,-9,0.5,-0.271655,180,0,0,1262687
0,8,-19,0.5,-0.270575,180,0,0,1262707
0,7,-14,0.5,-0.26963,180,0,0,1262723
0,10,-12,0.5,-0.26828,180,0,0,1262737
0,13,-12,0.5,-0.266525,180,0,0,1262749
0,12,-10,0.5,-0.264905,180,0,0,1262764
0,12,-9,0.5,-0.263285,180,0,31,1262782
0,13,-9,0.5,-0.26153,180,0,31,1262800
0,11,-8,0.5,-0.260045,180,0,31,1262815
0,12,-8,0.5,-0.258425,180,0,0,1262832
0,12,-8,0.5,-0.256805,180,0,0,1262847
0,12,-8,0.5,-0.255185,180,0,0,1262863
0,13,-8,0.5,-0.25343,180,0,0,1262880
0,14,-7,0.5,-0.25154,180,0,0,1262898
0,16,-7,0.5,-0.24938,180,0,0,1262916
0,15,-6,0.5,-0.247355,180,0,0,1262933
0,16,-6,0.5,-0.245195,180,0,0,1262948
0,16,-4,0.5,-0.243035,180,0,31,1262965
0,12,-4,0.5,-0.241415,180,0,31,1262980
0,9,-2,0.5,-0.2402,180,0,31,1262997
0,6,-3,0.5,-0.23939,180,0,31,1263013
0,3,-2,0.5,-0.238985,180,0,0,1263030
0,3,-4,0.5,-0.23858,180,0,0,1263050
0,9,-5,0.5,-0.237365,180,0,0,1263063
0,13,-6,0.5,-0.23561,180,0,0,1263081
0,17,-6,0.5,-0.233315,180,0,0,1263098
0,40,-9,0.5,-0.227915,180,0,0,1263115
0,21,-5,0.5,-0.22508,180,0,0,1263133
0,0,0,0.5,-0.22508,180,0,0,1263145
0,46,-8,0.5,-0.21887,180,0,31,1263164
0,23,-3,0.5,-0.215765,180,0,31,1263180
0,23,-3,0.5,-0.21266,180,0,31,1263197
0,23,-3,0.5,-0.209555,180,0,31,1263213
0,19,-2,0.5,-0.20699,180,0,0,1263232
0,16,-3,0.5,-0.20483,180,0,0,1263247
0,14,-4,0.5,-0.20294,180,0,0,1263263
0,15,-5,0.5,-0.200915,180,0,0,1263279
0,20,-7,0.5,-0.198215,180,0,0,1263299
0,23,-8,0.5,-0.19511,180,0,0,1263317
0,27,-9,0.5,-0.191465,180,0,0,1263338
0,27,-9,0.5,-0.18782,180,0,0,1263351
0,29,-9,0.5,-0.183905,180,0,0,1263364
0,28,-9,0.5,-0.180125,180,0,0,1263381
0,29,-8,0.5,-0.17621,180,0,0,1263398
0,30,-8,0.5,-0.17216,180,0,0,1263417
0,31,-8,0.5,-0.167975,180,0,0,1263430
0,32,-7,0.5,-0.163655,180,0,0,1263447
0,32,-8,0.5,-0.159335,180,0,0,1263466
0,31,-7,0.5,-0.15515,180,0,0,1263482
0,32,-6,0.5,-0.15083,180,0,0,1263500
0,60,-8,0.5,-0.14273,180,0,0,1263515
0,27,-4,0.5,-0.139085,180,0,0,1263530
0,27,-4,0.5,-0.13544,180,0,0,1263546
0,27,-5,0.5,-0.131795,180,0,0,1263563
0,30,-6,0.5,-0.127745,180,0,0,1263583
0,32,-7,0.5,-0.123425,180,0,0,1263597
0,34,-7,0.5,-0.118835,180,0,0,1263616
0,35,-7,0.5,-0.11411,180,0,0,1263631
0,34,-6,0.5,-0.10952,180,0,0,1263648
0,36,-5,0.5,-0.10466,180,0,0,1263663
0,36,-5,0.5,-0.0998,180,0,0,1263682
0,35,-3,0.5,-0.095075,180,0,0,1263698
0,32,-2,0.5,-0.090755,180,0,0,1263713
0,28,0,0.5,-0.086975,180,0,0,1263728
0,23,-1,0.5,-0.08387,180,0,0,1263746
0,21,-2,0.5,-0.081035,180,0,0,1263764
0,22,-4,0.5,-0.078065,180,0,0,1263781
0,23,-6,0.5,-0.07496,180,0,0,1263797
0,26,-7,0.5,-0.07145,180,0,0,1263816
0,28,-8,0.5,-0.06767,180,0,0,1263831
0,30,-8,0.5,-0.06362,180,0,0,1263847
0,67,-14,0.5,-0.054575,180,0,0,1263872
0,36,-6,0.5,-0.049715,180,0,0,1263886
0,0,0,0.5,-0.049715,180,0,0,1263896
0,74,-7,0.5,-0.039725,180,0,0,1263914
0,0,-3,0.5,-0.039725,180,0,0,1263930
0,73,-5,0.5,-0.02987,180,0,0,1263948
0,34,-2,0.5,-0.02528,180,0,0,1263963
0,34,-1,0.5,-0.02069,180,0,0,1263979
0,34,-2,0.5,-0.0161,180,0,0,1263997
0,35,-4,0.5,-0.011375,180,0,0,1264016
0,36,-5,0.5,-0.006515,180,0,0,1264030
0,31,-6,0.5,-0.00233,180,0,0,1264048
0,29,-7,0.5,0.001585,180,0,0,1264066
0,28,-8,0.5,0.005365,180,0,0,1264081
0,25,-9,0.5,0.00874,180,0,0,1264100
0,28,-9,0.5,0.01252,180,0,0,1264116
0,28,-10,0.5,0.0163,180,0,0,1264134
0,29,-10,0.5,0.020215,180,0,0,1264153
0,29,-11,0.5,0.02413,180,0,0,1264166
0,26,-9,0.5,0.02764,180,0,0,1264182
0,22,-10,0.5,0.03061,180,0,0,1264198
0,19,-10,0.5,0.033175,180,0,0,1264215
0,17,-10,0.5,0.03547,180,0,0,1264233
0,21,-11,0.5,0.038305,180,0,0,1264251
0,24,-12,0.5,0.041545,180,0,0,1264265
0,29,-13,0.5,0.04546,180,0,0,1264283
0,33,-11,0.5,0.049915,180,0,0,1264299
0,70,-20,0.5,0.059365,180,0,0,1264319
0,38,-8,0.5,0.064495,180,0,0,1264337
0,39,-7,0.5,0.06976,180,0,0,1264355
0,36,-6,0.5,0.07462,180,0,0,1264364
0,36,-6,0.5,0.07948,180,0,0,1264380
0,33,-6,0.5,0.083935,180,0,0,1264400
0,29,-5,0.5,0.08785,180,0,0,1264413
0,27,-8,0.5,0.091495,180,0,0,1264435
0,26,-10,0.5,0.095005,180,0,0,1264451
0,25,-12,0.5,0.09838,180,0,0,1264465
0,24,-12,0.5,0.10162,180,0,0,1264481
0,22,-12,0.5,0.10459,180,0,0,1264503
0,26,-14,0.5,0.1081,180,0,0,1264516
0,26,-13,0.5,0.11161,180,0,0,1264534
0,27,-14,0.5,0.115255,180,0,0,1264552
0,26,-14,0.5,0.118765,180,0,0,1264567
0,26,-15,0.5,0.122275,180,0,0,1264583
0,24,-16,0.5,0.125515,180,0,0,1264612
0,39,-31,0.5,0.13078,180,0,0,1264636
0,14,-14,0.5,0.13267,180,0,0,1264649
0,12,-15,0.5,0.13429,180,0,0,1264661
0,12,-14,0.5,0.13591,180,0,0,1264674
0,13,-15,0.5,0.137665,180,0,0,1264684
0,0,0,0.5,0.137665,180,0,0,1264695
0,31,-32,0.5,0.14185,180,0,0,1264729
0,18,-15,0.5,0.14428,180,0,0,1264745
0,21,-15,0.5,0.147115,180,0,0,1264761
0,21,-14,0.5,0.14995,180,0,0,1264773
0,23,-14,0.5,0.153055,180,0,0,1264791
0,22,-13,0.5,0.156025,180,0,0,1264809
0,23,-14,0.5,0.15913,180,0,0,1264828
0,25,-13,0.5,0.162505,180,0,0,1264837
0,27,-13,0.5,0.16615,180,0,0,1264854
0,27,-12,0.5,0.169795,180,0,0,1264869
0,28,-11,0.5,0.173575,180,0,0,1264885
0,29,-11,0.5,0.17749,180,0,0,1264901
0,28,-10,0.5,0.18127,180,0,0,1264916
0,27,-9,0.5,0.184915,180,0,31,1264931
0,23,-8,0.5,0.18802,180,0,31,1264949
0,22,-9,0.5,0.19099,180,0,31,1264967
0,21,-9,0.5,0.193825,180,0,0,1264983
0,22,-11,0.5,0.196795,180,0,0,1265001
0,23,-12,0.5,0.1999,180,0,0,1265016
0,22,-14,0.5,0.20287,180,0,0,1265034
0,23,-13,0.5,0.205975,180,0,0,1265051
0,26,-14,0.5,0.209485,180,0,0,1265070
0,56,-17,0.5,0.217045,180,0,0,1265084
0,0,-10,0.5,0.217045,180,0,0,1265100
0,30,-13,0.5,0.221095,180,0,0,1265116
0,60,-26,0.5,0.229195,180,0,0,1265138
0,29,-12,0.5,0.23311,180,0,0,1265153
0,28,-12,0.5,0.23689,180,0,0,1265172
0,25,-11,0.5,0.240265,180,0,0,1265184
0,24,-13,0.5,0.243505,180,0,0,1265201
0,24,-12,0.5,0.246745,180,0,0,1265219
0,25,-13,0.5,0.25012,180,0,0,1265238
0,27,-14,0.5,0.253765,180,0,0,1265250
0,28,-16,0.5,0.257545,180,0,0,1265268
0,27,-15,0.5,0.26119,180,0,0,1265283
0,27,-15,0.5,0.264835,180,0,0,1265301
0,30,-15,0.5,0.268885,180,0,0,1265321
0,32,-16,0.5,0.273205,180,0,0,1265334
0,32,-15,0.5,0.277525,180,0,0,1265352
0,32,-14,0.5,0.281845,180,0,0,1265366
0,32,-14,0.5,0.286165,180,0,0,1265384
0,28,-13,0.5,0.289945,180,0,0,1265403
0,46,-20,0.5,0.296155,180,0,0,1265425
0,20,-9,0.5,0.298855,180,0,0,1265440
0,0,0,0.5,0.298855,180,0,0,1265447
0,17,-9,0.5,0.30115,180,0,0,1265465
0,32,-19,0.5,0.30547,180,0,0,1265489
0,18,-12,0.5,0.3079,180,0,0,1265504
0,17,-12,0.5,0.310195,180,0,0,1265519
0,18,-13,0.5,0.312625,180,0,0,1265535
0,17,-12,0.5,0.31492,180,0,0,1265549
0,18,-12,0.5,0.31735,180,0,0,1265571
0,15,-11,0.5,0.319375,180,0,0,1265585
0,14,-11,0.5,0.321265,180,0,0,1265603
0,12,-10,0.5,0.322885,180,0,0,1265616
0,9,-10,0.5,0.3241,180,0,0,1265635
0,6,-8,0.5,0.32491,180,0,0,1265651
0,4,-8,0.5,0.32545,180,0,0,1265666
0,2,-6,0.5,0.32572,180,0,0,1265682
0,-1,-5,0.5,0.325585,180,0,0,1265702
0,-3,-5,0.5,0.32518,180,0,0,1265714
0,-5,-4,0.5,0.324505,180,0,0,1265733
0,-6,-3,0.5,0.323695,180,0,0,1265748
0,-8,-4,0.5,0.322615,180,0,0,1265767
0,-10,-3,0.5,0.321265,180,0,0,1265783
0,-9,-3,0.5,0.32005,180,0,0,1265798
0,-9,-3,0.5,0.318835,180,0,0,1265814
0,-9,-3,0.5,0.31762,180,0,0,1265830
0,-22,-8,0.5,0.31465,180,0,0,1265852
0,-13,-6,0.5,0.312895,180,0,0,1265869
0,-13,-8,0.5,0.31114,180,0,0,1265887
0,-10,-9,0.5,0.30979,180,0,0,1265901
0,-6,-8,0.5,0.30898,180,0,0,1265918
0,-1,-7,0.5,0.308845,180,0,0,1265934
0,0,-6,0.5,0.308845,180,0,0,1265951
0,3,-4,0.5,0.30925,180,0,0,1265968
0,5,-4,0.5,0.309925,180,0,0,1265982
0,4,-2,0.5,0.310465,180,0,0,1265998
0,4,-2,0.5,0.311005,180,0,0,1266016
0,4,-2,0.5,0.311545,180,0,0,1266031
0,2,-1,0.5,0.311815,180,0,0,1266047
0,3,-1,0.5,0.31222,180,0,0,1266065
0,0,-1,0.5,0.31222,180,0,0,1266081
0,-2,-1,0.5,0.31195,180,0,0,1266099
0,-6,0,0.5,0.31114,180,0,0,1266114
0,-9,0,0.5,0.309925,180,0,0,1266131
0,-9,0,0.5,0.30871,180,0,0,1266151
0,-9,0,0.5,0.307495,180,0,0,1266164
0,-8,-1,0.5,0.306415,180,0,0,1266182
0,-5,-3,0.5,0.30574,180,0,0,1266198
0,-3,-4,0.5,0.305335,180,0,0,1266216
0,2,-9,0.5,0.305605,180,0,0,1266235
0,6,-4,0.5,0.306415,180,0,0,1266252
0,7,-5,0.5,0.30736,180,0,0,1266272
0,8,-4,0.5,0.30844,180,0,0,1266282
0,10,-4,0.5,0.30979,180,0,0,1266299
0,7,-3,0.5,0.310735,180,0,0,1266316
0,7,-2,0.5,0.31168,180,0,0,1266333
0,6,-1,0.5,0.31249,180,0,0,1266349
0,6,0,0.5,0.3133,180,0,0,1266364
0,6,0,0.5,0.31411,180,0,0,1266382
0,9,0,0.5,0.315325,180,0,0,1266399
0,10,0,0.5,0.316675,180,0,0,1266414
0,9,0,0.5,0.31789,180,0,0,1266432
0,10,0,0.5,0.31924,180,0,0,1266450
0,8,0,0.5,0.32032,180,0,0,1266464
0,5,-1,0.5,0.320995,180,0,0,1266483
0,1,-2,0.5,0.32113,180,0,0,1266500
0,0,-3,0.5,0.32113,180,0,0,1266516
0,-3,-3,0.5,0.320725,180,0,0,1266535
0,-8,-6,0.5,0.319645,180,0,0,1266555
0,0,0,0.5,0.319645,180,0,0,1266565
0,-6,-2,0.5,0.318835,180,0,0,1266582
0,-7,-2,0.5,0.31789,180,0,0,1266599
0,-8,-1,0.5,0.31681,180,0,0,1266615
0,-19,-1,0.5,0.314245,180,0,0,1266632
0,-10,-1,0.5,0.312895,180,0,0,1266649
0,-11,0,0.5,0.31141,180,0,0,1266664
0,-8,0,0.5,0.31033,180,0,0,1266682
0,-8,0,0.5,0.30925,180,0,0,1266703
0,-6,0,0.5,0.30844,180,0,0,1266721
0,-4,-1,0.5,0.3079,180,0,0,1266733
0,-3,-1,0.5,0.307495,180,0,0,1266749
0,-2,-3,0.5,0.307225,180,0,0,1266770
0,-2,-3,0.5,0.306955,180,0,0,1266786
0,-3,-3,0.5,0.30655,180,0,0,1266801
0,-2,-3,0.5,0.30628,180,0,0,1266819
0,-2,-3,0.5,0.30601,180,0,0,1266833
0,-1,-4,0.5,0.305875,180,0,0,1266850
0,0,-3,0.5,0.305875,180,0,0,1266867
0,-2,-5,0.5,0.305605,180,0,0,1266890
0,0,0,0.5,0.305605,180,0,0,1266899
0,-1,-3,0.5,0.30547,180,0,0,1266915
0,-1,-3,0.5,0.305335,180,0,0,1266936
0,1,-3,0.5,0.30547,180,0,0,1266952
0,3,-2,0.5,0.305875,180,0,0,1266966
0,5,-2,0.5,0.30655,180,0,0,1266984
0,8,-1,0.5,0.30763,180,0,0,1267003
0,4,0,0.5,0.30817,180,0,0,1267018
0,5,0,0.5,0.308845,180,0,0,1267031
0,7,3,0.5,0.30979,180,0,0,1267049
0,8,3,0.5,0.31087,180,0,0,1267069
0,9,3,0.5,0.312085,180,0,0,1267084
0,12,4,0.5,0.313705,180,0,0,1267100
0,13,3,0.5,0.31546,180,0,0,1267118
0,15,3,0.5,0.317485,180,0,0,1267136
0,17,3,0.5,0.31978,180,0,0,1267150
0,18,3,0.5,0.32221,180,0,0,1267167
0,15,1,0.5,0.324235,180,0,0,1267185
0,12,1,0.5,0.325855,180,0,0,1267200
0,7,1,0.5,0.3268,180,0,0,1267218
0,3,1,0.5,0.327205,180,0,0,1267232
0,0,0,0.5,0.327205,180,0,0,1267249
0,-4,1,0.5,0.326665,180,0,0,1267266
0,-6,0,0.5,0.325855,180,0,0,1267282
0,-9,0,0.5,0.32464,180,0,0,1267300
0,-13,0,0.5,0.322885,180,0,0,1267320
0,-14,0,0.5,0.320995,180,0,0,1267333
0,-14,1,0.5,0.319105,180,0,0,1267350
0,-25,4,0.5,0.31573,180,0,0,1267370
0,-11,1,0.5,0.314245,180,0,0,1267385
0,-10,1,0.5,0.312895,180,0,0,1267402
0,-8,2,0.5,0.311815,180,0,0,1267417
0,-6,2,0.5,0.311005,180,0,0,1267433
0,-4,3,0.5,0.310465,180,0,0,1267452
0,-4,3,0.5,0.309925,180,0,0,1267469
0,-5,3,0.5,0.30925,180,0,0,1267484
0,-7,4,0.5,0.308305,180,0,0,1267500
0,-6,3,0.5,0.307495,180,0,0,1267523
0,-6,3,0.5,0.306685,180,0,0,1267534
0,-7,3,0.5,0.30574,180,0,0,1267552
0,-7,1,0.5,0.304795,180,0,0,1267570
0,-6,0,0.5,0.303985,180,0,0,1267584
0,-8,0,0.5,0.302905,180,0,0,1267600
0,-7,0,0.5,0.30196,180,0,0,1267617
0,-8,0,0.5,0.30088,180,0,0,1267633
0,-9,0,0.5,0.299665,180,0,0,1267650
0,-8,1,0.5,0.298585,180,0,0,1267668
0,-9,1,0.5,0.29737,180,0,0,1267683
0,-20,6,0.5,0.29467,180,0,0,1267710
0,-7,4,0.5,0.293725,180,0,0,1267723
0,0,0,0.5,0.293725,180,0,0,1267733
0,-6,3,0.5,0.292915,180,0,0,1267754
0,-2,4,0.5,0.292645,180,0,0,1267770
0,-3,6,0.5,0.29224,180,0,0,1267791
0,-1,3,0.5,0.292105,180,0,0,1267803
0,1,3,0.5,0.29224,180,0,0,1267821
0,3,3,0.5,0.292645,180,0,0,1267838
0,4,2,0.5,0.293185,180,0,0,1267853
0,8,3,0.5,0.294265,180,0,0,1267874
0,7,3,0.5,0.29521,180,0,0,1267889
0,8,3,0.5,0.29629,180,0,0,1267902
0,6,3,0.5,0.2971,180,0,0,1267918
0,5,3,0.5,0.297775,180,0,0,1267939
0,5,3,0.5,0.29845,180,0,0,1267951
0,5,2,0.5,0.299125,180,0,0,1267970
0,4,1,0.5,0.299665,180,0,0,1267984
0,3,0,0.5,0.30007,180,0,0,1268002
0,3,0,0.5,0.300475,180,0,0,1268020
0,0,0,0.5,0.300475,180,0,0,1268034
0,-5,0,0.5,0.2998,180,0,0,1268051
0,-3,2,0.5,0.299395,180,0,0,1268068
0,-3,2,0.5,0.29899,180,0,0,1268088
0,2,0,0.5,0.29926,180,0,0,1268104
0,-1,1,0.5,0.299125,180,0,0,1268119
0,0,3,0.5,0.299125,180,0,0,1268139
0,-2,4,0.5,0.298855,180,0,0,1268153
0,-2,3,0.5,0.298585,180,0,0,1268170
0,-2,3,0.5,0.298315,180,0,0,1268187
0,-1,3,0.5,0.29818,180,0,0,1268206
0,0,1,0.5,0.29818,180,0,0,1268221
0,0,2,0.5,0.29818,180,0,0,1268235
0,-1,2,0.5,0.298045,180,0,0,1268252
0,-5,4,0.5,0.29737,180,0,0,1268269
0,-7,5,0.5,0.296425,180,0,0,1268286
0,-7,5,0.5,0.29548,180,0,0,1268303
0,-7,4,0.5,0.294535,180,0,0,1268321
0,-7,3,0.5,0.29359,180,0,0,1268340
0,-6,3,0.5,0.29278,180,0,0,1268359
0,-5,3,0.5,0.292105,180,0,0,1268372
0,-4,2,0.5,0.291565,180,0,0,1268385
0,-5,3,0.5,0.29089,180,0,0,1268405
0,-4,3,0.5,0.29035,180,0,0,1268420
0,-4,4,0.5,0.28981,180,0,0,1268436
0,-3,3,0.5,0.289405,180,0,0,1268456
0,-3,3,0.5,0.289,180,0,0,1268469
0,-2,2,0.5,0.28873,180,0,0,1268486
0,0,3,0.5,0.28873,180,0,0,1268504
0,-2,3,0.5,0.28846,180,0,0,1268521
0,-1,2,0.5,0.288325,180,0,0,1268540
0,-3,0,0.5,0.28792,180,0,0,1268555
0,-3,8,0.5,0.287515,180,0,0,1268571
0,-1,5,0.5,0.28738,180,0,0,1268590
0,1,4,0.5,0.287515,180,0,0,1268604
0,3,4,0.5,0.28792,180,0,0,1268619
0,5,4,0.5,0.288595,180,0,0,1268641
0,6,3,0.5,0.289405,180,0,0,1268654
0,5,3,0.5,0.29008,180,0,0,1268669
0,3,2,0.5,0.290485,180,0,0,1268685
0,2,2,0.5,0.290755,180,0,0,1268703
0,0,1,0.5,0.290755,180,0,0,1268721
0,-1,1,0.5,0.29062,180,0,0,1268739
0,-1,0,0.5,0.290485,180,0,0,1268752
0,-5,1,0.5,0.28981,180,0,0,1268769
0,-6,1,0.5,0.289,180,0,0,1268785
0,-10,3,0.5,0.28765,180,0,0,1268803
0,-9,4,0.5,0.286435,180,0,0,1268823
0,-8,4,0.5,0.285355,180,0,0,1268836
0,-19,7,0.5,0.28279,180,0,0,1268857
0,0,0,0.5,0.28279,180,0,0,1268869
0,-8,2,0.5,0.28171,180,0,0,1268888
0,-17,5,0.5,0.279415,180,0,0,1268906
0,-8,4,0.5,0.278335,180,0,0,1268925
0,-11,4,0.5,0.27685,180,0,0,1268940
0,-14,4,0.5,0.27496,180,0,0,1268960
0,-16,4,0.5,0.2728,180,0,0,1268971
0,-17,4,0.5,0.270505,180,0,0,1268989
0,-18,3,0.5,0.268075,180,0,0,1269005
0,-18,3,0.5,0.265645,180,0,0,1269021
0,-15,3,0.5,0.26362,180,0,0,1269037
0,-13,4,0.5,0.261865,180,0,0,1269059
0,-9,5,0.5,0.26065,180,0,0,1269072
0,-6,6,0.5,0.25984,180,0,0,1269090
0,-4,6,0.5,0.2593,180,0,0,1269108
0,-3,6,0.5,0.258895,180,0,0,1269123
0,-3,5,0.5,0.25849,180,0,0,1269141
0,-3,5,0.5,0.258085,180,0,0,1269154
0,-1,5,0.5,0.25795,180,0,0,1269171
0,3,5,0.5,0.258355,180,0,0,1269192
0,5,6,0.5,0.25903,180,0,0,1269208
0,8,6,0.5,0.26011,180,0,0,1269224
0,9,6,0.5,0.261325,180,0,0,1269241
0,10,6,0.5,0.262675,180,0,0,1269254
0,18,8,0.5,0.265105,180,0,0,1269275
0,9,3,0.5,0.26632,180,0,0,1269291
0,9,3,0.5,0.267535,180,0,0,1269306
0,8,2,0.5,0.268615,180,0,0,1269323
0,11,2,0.5,0.2701,180,0,0,1269341
0,11,1,0.5,0.271585,180,0,0,1269353
0,9,1,0.5,0.2728,180,0,0,1269370
0,5,2,0.5,0.273475,180,0,0,1269390
0,6,4,0.5,0.274285,180,0,0,1269404
0,6,5,0.5,0.275095,180,0,0,1269421
0,6,6,0.5,0.275905,180,0,0,1269443
0,5,6,0.5,0.27658,180,0,0,1269455
0,7,7,0.5,0.277525,180,0,0,1269476
0,9,7,0.5,0.27874,180,0,0,1269491
0,13,7,0.5,0.280495,180,0,0,1269508
0,14,7,0.5,0.282385,180,0,0,1269522
0,13,7,0.5,0.28414,180,0,0,1269540
0,15,7,0.5,0.286165,180,0,0,1269558
0,15,7,0.5,0.28819,180,0,0,1269573
0,15,7,0.5,0.290215,180,0,0,1269590
0,16,7,0.5,0.292375,180,0,0,1269608
0,14,7,0.5,0.294265,180,0,0,1269625
0,13,7,0.5,0.29602,180,0,0,1269640
0,12,6,0.5,0.29764,180,0,0,1269656
0,13,6,0.5,0.299395,180,0,0,1269672
0,10,6,0.5,0.300745,180,0,0,1269690
0,21,12,0.5,0.30358,180,0,0,1269710
0,12,6,0.5,0.3052,180,0,0,1269725
0,12,7,0.5,0.30682,180,0,0,1269742
0,17,7,0.5,0.309115,180,0,0,1269758
0,19,7,0.5,0.31168,180,0,0,1269775
0,21,7,0.5,0.314515,180,0,0,1269794
0,22,8,0.5,0.317485,180,0,0,1269809
0,23,7,0.5,0.32059,180,0,0,1269828
0,21,7,0.5,0.323425,180,0,0,1269843
0,19,6,0.5,0.32599,180,0,0,1269859
0,16,6,0.5,0.32815,180,0,0,1269874
0,15,5,0.5,0.330175,180,0,0,1269890
0,15,6,0.5,0.3322,180,0,0,1269909
0,14,6,0.5,0.33409,180,0,0,1269929
0,15,6,0.5,0.336115,180,0,0,1269939
0,14,7,0.5,0.338005,180,0,0,1269956
0,13,6,0.5,0.33976,180,0,0,1269976
0,13,6,0.5,0.341515,180,0,0,1269993
0,13,6,0.5,0.34327,180,0,0,1270016
0,36,14,0.5,0.34813,180,0,0,1270031
0,23,7,0.5,0.351235,180,0,0,1270048
0,21,7,0.5,0.35407,180,0,0,1270060
0,21,7,0.5,0.356905,180,0,0,1270076
0,22,8,0.5,0.359875,180,0,0,1270093
0,19,7,0.5,0.36244,180,0,0,1270110
0,18,7,0.5,0.36487,180,0,0,1270129
0,20,6,0.5,0.36757,180,0,0,1270145
0,21,5,0.5,0.370405,180,0,0,1270160
0,21,5,0.5,0.37324,180,0,0,1270175
0,21,4,0.5,0.376075,180,0,0,1270195
0,18,3,0.5,0.378505,180,0,0,1270209
0,15,3,0.5,0.38053,180,0,0,1270225
0,10,4,0.5,0.38188,180,0,0,1270239
0,8,4,0.5,0.38296,180,0,0,1270262
0,4,4,0.5,0.3835,180,0,0,1270274
0,5,4,0.5,0.384175,180,0,0,1270291
0,5,4,0.5,0.38485,180,0,0,1270306
0,6,3,0.5,0.38566,180,0,0,1270324
0,8,2,0.5,0.38674,180,0,0,1270340
0,12,3,0.5,0.38836,180,0,0,1270357
0,13,3,0.5,0.390115,180,0,0,1270373
0,13,2,0.5,0.39187,180,0,0,1270393
0,11,1,0.5,0.393355,180,0,0,1270405
0,10,0,0.5,0.394705,180,0,0,1270422
0,8,0,0.5,0.395785,180,0,0,1270439
0,20,-1,0.5,0.398485,180,0,0,1270456
0,15,0,0.5,0.40051,180,0,0,1270479
0,19,1,0.5,0.403075,180,0,0,1270493
0,20,2,0.5,0.405775,180,0,0,1270508
0,25,2,0.5,0.40915,180,0,0,1270523
0,27,1,0.5,0.412795,180,0,0,1270540
0,27,1,0.5,0.41644,180,0,0,1270555
0,28,2,0.5,0.42022,180,0,0,1270572
0,27,3,0.5,0.423865,180,0,0,1270591
0,25,4,0.5,0.42724,180,0,0,1270607
0,24,4,0.5,0.43048,180,0,0,1270632
0,22,4,0.5,0.43345,180,0,0,1270645
0,17,3,0.5,0.435745,180,0,0,1270659
0,16,3,0.5,0.437905,180,0,0,1270673
0,14,3,0.5,0.439795,180,0,0,1270691
0,11,3,0.5,0.44128,180,0,0,1270708
0,10,3,0.5,0.44263,180,0,0,1270726
0,9,4,0.5,0.443845,180,0,0,1270741
0,10,4,0.5,0.445195,180,0,0,1270761
0,12,5,0.5,0.446815,180,0,0,1270776
0,14,6,0.5,0.448705,180,0,0,1270792
0,37,8,0.5,0.4537,180,0,0,1270809
0,22,13,0.5,0.45667,180,0,0,1270833
0,24,9,0.5,0.45991,180,0,0,1270846
0,21,8,0.5,0.462745,180,0,0,1270861
0,18,9,0.5,0.465175,180,0,0,1270876
0,15,9,0.5,0.4672,180,0,0,1270895
0,14,10,0.5,0.46909,180,0,0,1270911
0,12,10,0.5,0.47071,180,0,0,1270927
0,9,8,0.5,0.471925,180,0,0,1270944
0,6,8,0.5,0.472735,180,0,0,1270960
0,2,6,0.5,0.473005,180,0,0,1270975
0,-2,4,0.5,0.472735,180,0,0,1270991
0,-6,3,0.5,0.471925,180,0,0,1271008
0,-10,1,0.5,0.470575,180,0,0,1271026
0,-9,1,0.5,0.46936,180,0,0,1271040
0,-10,1,0.5,0.46801,180,0,0,1271058
0,-8,0,0.5,0.46693,180,0,0,1271073
0,-4,0,0.5,0.46639,180,0,0,1271090
0,-3,-1,0.5,0.465985,180,0,0,1271109
0,-1,-2,0.5,0.46585,180,0,0,1271126
0,1,-2,0.5,0.465985,180,0,0,1271141
0,1,-1,0.5,0.46612,180,0,0,1271160
0,6,-1,0.5,0.46693,180,0,0,1271175
0,7,0,0.5,0.467875,180,0,0,1271189
0,15,2,0.5,0.4699,180,0,0,1271211
0,7,3,0.5,0.470845,180,0,0,1271233
0,6,3,0.5,0.471655,180,0,0,1271251
0,5,3,0.5,0.47233,180,0,0,1271259
0,5,4,0.5,0.473005,180,0,0,1271275
0,5,4,0.5,0.47368,180,0,0,1271292
0,5,3,0.5,0.474355,180,0,0,1271311
0,6,5,0.5,0.475165,180,0,0,1271330
0,7,6,0.5,0.47611,180,0,0,1271348
0,9,6,0.5,0.477325,180,0,0,1271361
0,11,7,0.5,0.47881,180,0,0,1271377
0,10,8,0.5,0.48016,180,0,0,1271393
0,9,8,0.5,0.481375,180,0,0,1271413
0,10,8,0.5,0.482725,180,0,0,1271431
0,7,8,0.5,0.48367,180,0,0,1271445
0,7,9,0.5,0.484615,180,0,0,1271460
0,5,9,0.5,0.48529,180,0,0,1271477
0,5,9,0.5,0.485965,180,0,0,1271494
0,3,9,0.5,0.48637,180,0,0,1271510
0,2,9,0.5,0.48664,180,0,0,1271528
0,4,10,0.5,0.48718,180,0,0,1271545
0,4,9,0.5,0.48772,180,0,0,1271561
0,7,18,0.5,0.488665,180,0,0,1271583
0,5,8,0.5,0.48934,180,0,0,1271599
0,6,8,0.5,0.49015,180,0,0,1271613
0,8,7,0.5,0.49123,180,0,0,1271626
0,13,7,0.5,0.492985,180,0,0,1271651
0,15,6,0.5,0.49501,180,0,0,1271659
0,17,7,0.5,0.497305,180,0,0,1271681
0,18,6,0.5,0.499735,180,0,0,1271696
0,19,7,0.5,0.5023,180,0,0,1271712
0,16,6,0.5,0.50446,180,0,0,1271727
0,16,5,0.5,0.50662,180,0,0,1271743
0,16,6,0.5,0.50878,180,0,0,1271764
0,13,5,0.5,0.510535,180,0,0,1271777
0,13,5,0.5,0.51229,180,0,0,1271792
0,14,5,0.5,0.51418,180,0,0,1271813
0,14,5,0.5,0.51607,180,0,0,1271829
0,31,13,0.5,0.520255,180,0,0,1271856
0,11,9,0.5,0.52174,180,0,0,1271874
0,9,10,0.5,0.522955,180,0,0,1271887
0,0,0,0.5,0.522955,180,0,0,1271892
0,4,11,0.5,0.523495,180,0,0,1271914
0,-1,20,0.5,0.52336,180,0,0,1271935
0,0,0,0.5,0.52336,180,0,0,1271941
0,0,9,0.5,0.52336,180,0,0,1271959
0,-1,12,0.5,0.523225,180,0,0,1271979
0,-2,4,0.5,0.522955,180,0,0,1271994
0,-2,2,0.5,0.522685,180,0,0,1272010
0,-2,1,0.5,0.522415,180,0,0,1272025
0,-5,0,0.5,0.52174,180,0,0,1272044
0,-4,0,0.5,0.5212,180,0,0,1272059
0,-7,0,0.5,0.520255,180,0,0,1272075
0,-9,0,0.5,0.51904,180,0,0,1272093
0,-12,0,0.5,0.51742,180,0,0,1272109
0,-14,0,0.5,0.51553,180,0,0,1272125
0,-13,0,0.5,0.513775,180,0,0,1272143
0,-13,0,0.5,0.51202,180,0,0,1272162
0,-12,-1,0.5,0.5104,180,0,0,1272175
0,-9,-1,0.5,0.509185,180,0,0,1272194
0,-9,-1,0.5,0.50797,180,0,0,1272209
0,-5,0,0.5,0.507295,180,0,0,1272225
0,-2,0,0.5,0.507025,180,0,0,1272242
0,-1,1,0.5,0.50689,180,0,0,1272264
0,0,0,0.5,0.50689,180,0,0,1272276
0,1,1,0.5,0.507025,180,0,0,1272292
0,2,3,0.5,0.507295,180,0,0,1272310
0,3,4,0.5,0.5077,180,0,0,1272330
0,0,0,0.5,0.5077,180,0,0,1272342
0,1,2,0.5,0.507835,180,0,0,1272359
0,0,5,0.5,0.507835,180,0,0,1272383
0,0,2,0.5,0.507835,180,0,0,1272394
0,0,1,0.5,0.507835,180,0,0,1272409
0,1,1,0.5,0.50797,180,0,0,1272434
0,0,1,0.5,0.50797,180,0,0,1272443
0,1,1,0.5,0.508105,180,0,0,1272460
0,0,2,0.5,0.508105,180,0,0,1272477
0,1,2,0.5,0.50824,180,0,0,1272493
0,0,2,0.5,0.50824,180,0,0,1272510
0,0,1,0.5,0.50824,180,0,0,1272527
0,-2,1,0.5,0.50797,180,0,0,1272543
0,-2,1,0.5,0.5077,180,0,0,1272562
0,-1,1,0.5,0.507565,180,0,0,1272577
0,0,2,0.5,0.507565,180,0,0,1272594
0,3,2,0.5,0.50797,180,0,0,1272610
0,3,2,0.5,0.508375,180,0,0,1272627
0,4,3,0.5,0.508915,180,0,0,1272646
0,3,2,0.5,0.50932,180,0,0,1272662
0,4,3,0.5,0.50986,180,0,0,1272681
0,0,0,0.5,0.50986,180,0,0,1272693
0,0,1,0.5,0.50986,180,0,0,1272709
0,1,0,0.5,0.509995,180,0,0,1272730
0,0,-3,0.5,0.509995,180,0,0,1272744
0,-5,-7,0.5,0.50932,180,0,0,1272763
0,-3,-3,0.5,0.508915,180,0,0,1272779
0,-3,-2,0.5,0.50851,180,0,0,1272794
0,-3,-1,0.5,0.508105,180,0,0,1272810
0,-1,0,0.5,0.50797,180,0,0,1272826
0,0,2,0.5,0.50797,180,0,0,1272846
0,3,2,0.5,0.508375,180,0,0,1272865
0,5,3,0.5,0.50905,180,0,31,1272878
0,4,3,0.5,0.50959,180,0,31,1272901
0,5,4,0.5,0.510265,180,0,31,1272913
0,5,4,0.5,0.51094,180,0,31,1272929
0,5,5,0.5,0.511615,180,0,31,1272946
0,5,5,0.5,0.51229,180,0,31,1272963
0,5,5,0.5,0.512965,180,0,0,1272979
0,3,5,0.5,0.51337,180,0,0,1272998
0,1,5,0.5,0.513505,180,0,0,1273011
0,1,4,0.5,0.51364,180,0,0,1273029
0,2,4,0.5,0.51391,180,0,0,1273045
0,4,7,0.5,0.51445,180,0,0,1273067
0,0,0,0.5,0.51445,180,0,0,1273082
0,4,3,0.5,0.51499,180,0,0,1273095
0,4,3,0.5,0.51553,180,0,0,1273111
0,7,6,0.5,0.516475,180,0,0,1273130
0,2,1,0.5,0.516745,180,0,0,1273145
0,-1,3,0.5,0.51661,180,0,0,1273163
0,-3,2,0.5,0.516205,180,0,0,1273178
0,-7,1,0.5,0.51526,180,0,0,1273194
0,-8,1,0.5,0.51418,180,0,0,1273213
0,-12,0,0.5,0.51256,180,0,0,1273229
0,-11,0,0.5,0.511075,180,0,0,1273246
0,-10,0,0.5,0.509725,180,0,0,1273262
0,-8,-1,0.5,0.508645,180,0,0,1273284
0,-4,-2,0.5,0.508105,180,0,0,1273302
0,-3,-3,0.5,0.5077,180,0,0,1273315
0,-1,-4,0.5,0.507565,180,0,0,1273331
0,2,-4,0.5,0.507835,180,0,0,1273347
0,2,-4,0.5,0.508105,180,0,0,1273366
0,6,-7,0.5,0.508915,180,0,0,1273391
0,3,-2,0.5,0.50932,180,0,0,1273401
0,0,0,0.5,0.50932,180,0,0,1273411
0,1,-1,0.5,0.509455,180,0,0,1273428
0,1,0,0.5,0.50959,180,0,0,1273449
0,0,0,0.5,0.50959,180,0,0,1273463
0,0,0,0.5,0.50959,180,0,0,1273478
0,4,0,0.5,0.51013,180,0,0,1273496
0,8,2,0.5,0.51121,180,0,0,1273518
0,7,2,0.5,0.512155,180,0,0,1273530
0,8,2,0.5,0.513235,180,0,0,1273546
0,10,3,0.5,0.514585,180,0,0,1273562
0,11,4,0.5,0.51607,180,0,0,1273580
0,12,5,0.5,0.51769,180,0,0,1273596
0,11,5,0.5,0.519175,180,0,0,1273615
0,12,5,0.5,0.520795,180,0,0,1273631
0,10,6,0.5,0.522145,180,0,0,1273649
0,6,5,0.5,0.522955,180,0,0,1273666
0,5,5,0.5,0.52363,180,0,0,1273680
0,5,5,0.5,0.524305,180,0,0,1273698
0,7,5,0.5,0.52525,180,0,0,1273715
0,8,5,0.5,0.52633,180,0,0,1273733
0,10,4,0.5,0.52768,180,0,0,1273748
0,9,4,0.5,0.528895,180,0,0,1273763
0,8,4,0.5,0.529975,180,0,0,1273781
0,5,4,0.5,0.53065,180,0,0,1273797
0,2,4,0.5,0.53092,180,0,0,1273813
0,1,4,0.5,0.531055,180,0,0,1273832
0,0,4,0.5,0.531055,180,0,0,1273847
0,1,3,0.5,0.53119,180,0,0,1273864
0,1,1,0.5,0.531325,180,0,0,1273880
0,-1,-1,0.5,0.53119,180,0,0,1273897
0,-4,-2,0.5,0.53065,180,0,0,1273914
0,-8,-3,0.5,0.52957,180,0,0,1273930
0,-9,-2,0.5,0.528355,180,0,0,1273950
0,-13,0,0.5,0.5266,180,0,0,1273962
0,-14,0,0.5,0.52471,180,0,0,1273979
0,-19,0,0.5,0.522145,180,0,0,1274000
0,-21,0,0.5,0.51931,180,0,0,1274016
0,-20,0,0.5,0.51661,180,0,0,1274029
0,-21,-1,0.5,0.513775,180,0,0,1274049
0,-18,-2,0.5,0.511345,180,0,0,1274065
0,-16,-2,0.5,0.509185,180,0,0,1274081
0,-15,-1,0.5,0.50716,180,0,0,1274097
0,-14,-1,0.5,0.50527,180,0,0,1274113
0,-11,-1,0.5,0.503785,180,0,0,1274129
0,-10,-1,0.5,0.502435,180,0,0,1274146
0,-7,0,0.5,0.50149,180,0,0,1274164
0,-3,0,0.5,0.501085,180,0,0,1274179
0,-1,0,0.5,0.50095,180,0,0,1274196
0,0,2,0.5,0.50095,180,0,0,1274220
0,0,0,0.5,0.50095,180,0,0,1274231
0,2,3,0.5,0.50122,180,0,0,1274249
0,0,0,0.5,0.50122,180,0,0,1274263
0,1,4,0.5,0.501355,180,0,0,1274281
0,-1,2,0.5,0.50122,180,0,0,1274300
0,-1,2,0.5,0.501085,180,0,0,1274314
0,-1,1,0.5,0.50095,180,0,0,1274333
0,0,0,0.5,0.50095,180,0,0,1274346
0,0,0,0.5,0.50095,180,0,0,1274363
0,0,0,0.5,0.50095,180,0,0,1274381
0,0,0,0.5,0.50095,180,0,0,1274396
0,0,0,0.5,0.50095,180,0,31,1274413
0,0,0,0.5,0.50095,180,0,31,1274430
0,0,0,0.5,0.50095,180,0,0,1274447
0,0,0,0.5,0.50095,180,0,0,1274464
0,-2,1,0.5,0.50068,180,0,0,1274480
0,-1,0,0.5,0.500545,180,0,0,1274496
0,-4,-1,0.5,0.500005,180,0,0,1274514
0,-2,-1,0.5,0.499735,180,0,0,1274530
0,-2,-1,0.5,0.499465,180,0,0,1274548
0,-1,-2,0.5,0.49933,180,0,0,1274569
0,0,-2,0.5,0.49933,180,0,0,1274584
0,1,-1,0.5,0.499465,180,0,0,1274602
0,4,0,0.5,0.500005,180,0,0,1274614
0,2,0,0.5,0.500275,180,0,0,1274631
0,4,4,0.5,0.500815,180,0,0,1274650
0,1,2,0.5,0.50095,180,0,31,1274667
0,1,1,0.5,0.501085,180,0,31,1274681
0,0,1,0.5,0.501085,180,0,31,1274698
0,1,1,0.5,0.50122,180,0,31,1274716
0,2,1,0.5,0.50149,180,0,31,1274732
0,2,1,0.5,0.50176,180,0,31,1274750
0,2,2,0.5,0.50203,180,0,31,1274772
0,3,3,0.5,0.502435,180,0,31,1274783
0,2,4,0.5,0.502705,180,0,31,1274799
0,3,4,0.5,0.50311,180,0,31,1274817
0,2,3,0.5,0.50338,180,0,31,1274832
0,0,3,0.5,0.50338,180,0,31,1274849
0,-1,2,0.5,0.503245,180,0,31,1274870
0,-1,2,0.5,0.50311,180,0,31,1274883
0,-1,5,0.5,0.502975,180,0,31,1274910
0,0,0,0.5,0.502975,180,0,31,1274918
0,3,2,0.5,0.50338,180,0,31,1274934
0,7,2,0.5,0.504325,180,0,31,1274949
0,8,1,0.5,0.505405,180,0,31,1274965
0,9,1,0.5,0.50662,180,0,0,1274981
0,8,2,0.5,0.5077,180,0,0,1274998
0,5,1,0.5,0.508375,180,0,0,1275015
0,3,2,0.5,0.50878,180,0,0,1275031
0,8,4,0.5,0.50986,180,0,0,1275050
0,6,3,0.5,0.51067,180,0,0,1275067
0,8,3,0.5,0.51175,180,0,0,1275082
0,11,3,0.5,0.513235,180,0,0,1275101
0,11,4,0.5,0.51472,180,0,0,1275119
0,12,4,0.5,0.51634,180,0,0,1275137
0,10,4,0.5,0.51769,180,0,0,1275153
0,11,4,0.5,0.519175,180,0,0,1275165
0,11,3,0.5,0.52066,180,0,0,1275184
0,11,4,0.5,0.522145,180,0,0,1275199
0,16,3,0.5,0.524305,180,0,0,1275218
0,15,4,0.5,0.52633,180,0,0,1275234
0,18,4,0.5,0.52876,180,0,0,1275249
0,21,4,0.5,0.531595,180,0,0,1275266
0,23,4,0.5,0.5347,180,0,0,1275284
0,24,4,0.5,0.53794,180,0,0,1275299
0,25,4,0.5,0.541315,180,0,0,1275322
0,25,5,0.5,0.54469,180,0,0,1275335
0,25,4,0.5,0.548065,180,0,0,1275351
0,22,4,0.5,0.551035,180,0,0,1275369
0,20,3,0.5,0.553735,180,0,0,1275383
0,40,5,0.5,0.559135,180,0,0,1275404
0,18,2,0.5,0.561565,180,0,0,1275420
0,18,2,0.5,0.563995,180,0,0,1275439
0,16,1,0.5,0.566155,180,0,0,1275450
0,16,0,0.5,0.568315,180,0,0,1275466
0,14,0,0.5,0.570205,180,0,0,1275481
0,15,-1,0.5,0.57223,180,0,0,1275499
0,15,0,0.5,0.574255,180,0,0,1275519
0,14,0,0.5,0.576145,180,0,0,1275532
0,15,0,0.5,0.57817,180,0,0,1275550
0,16,0,0.5,0.58033,180,0,0,1275565
0,17,0,0.5,0.582625,180,0,0,1275582
0,19,0,0.5,0.58519,180,0,0,1275602
0,21,-1,0.5,0.588025,180,0,0,1275622
0,21,-1,0.5,0.59086,180,0,0,1275634
0,20,-1,0.5,0.59356,180,0,0,1275651
0,19,-2,0.5,0.596125,180,0,0,1275666
0,16,0,0.5,0.598285,180,0,0,1275683
0,17,0,0.5,0.60058,180,0,0,1275700
0,18,0,0.5,0.60301,180,0,0,1275716
0,19,0,0.5,0.605575,180,0,0,1275733
0,19,0,0.5,0.60814,180,0,0,1275751
0,14,0,0.5,0.61003,180,0,0,1275766
0,12,0,0.5,0.61165,180,0,0,1275782
0,12,0,0.5,0.61327,180,0,0,1275802
0,2,-1,0.5,0.61354,180,0,0,1275820
0,0,-1,0.5,0.61354,180,0,0,1275834
0,-3,-1,0.5,0.613135,180,0,0,1275850
0,-8,-1,0.5,0.612055,180,0,0,1275870
0,-13,-1,0.5,0.6103,180,0,0,1275884
0,-16,0,0.5,0.60814,180,0,0,1275900
0,-14,0,0.5,0.60625,180,0,0,1275916
0,-16,0,0.5,0.60409,180,0,0,1275934
0,-14,0,0.5,0.6022,180,0,0,1275950
0,-14,0,0.5,0.60031,180,0,0,1275967
0,-13,1,0.5,0.598555,180,0,0,1275984
0,-11,1,0.5,0.59707,180,0,0,1276002
0,-9,1,0.5,0.595855,180,0,0,1276018
0,-6,1,0.5,0.595045,180,0,0,1276033
0,-2,0,0.5,0.594775,180,0,0,1276049
0,1,1,0.5,0.59491,180,0,0,1276068
0,6,1,0.5,0.59572,180,0,0,1276084
0,23,3,0.5,0.598825,180,0,0,1276105
0,0,0,0.5,0.598825,180,0,0,1276116
0,18,2,0.5,0.601255,180,0,0,1276133
0,21,3,0.5,0.60409,180,0,0,1276150
0,24,2,0.5,0.60733,180,0,0,1276171
0,53,4,0.5,0.614485,180,0,0,1276189
0,26,2,0.5,0.617995,180,0,0,1276204
0,28,2,0.5,0.621775,180,0,0,1276218
0,28,2,0.5,0.625555,180,0,0,1276235
0,28,2,0.5,0.629335,180,0,0,1276250
0,28,2,0.5,0.633115,180,0,0,1276268
0,31,2,0.5,0.6373,180,0,0,1276286
0,25,0,0.5,0.640675,180,0,0,1276304
0,21,0,0.5,0.64351,180,0,0,1276320
0,16,-2,0.5,0.64567,180,0,0,1276335
0,14,-3,0.5,0.64756,180,0,0,1276352
0,10,-4,0.5,0.64891,180,0,0,1276371
0,10,-4,0.5,0.65026,180,0,0,1276389
0,11,-5,0.5,0.651745,180,0,0,1276402
0,13,-4,0.5,0.6535,180,0,0,1276419
0,16,-4,0.5,0.65566,180,0,0,1276435
0,19,-2,0.5,0.658225,180,0,0,1276453
0,21,-1,0.5,0.66106,180,0,0,1276468
0,21,-1,0.5,0.663895,180,0,0,1276489
0,23,-2,0.5,0.667,180,0,0,1276503
0,25,-2,0.5,0.670375,180,0,0,1276518
0,27,-3,0.5,0.67402,180,0,0,1276536
0,25,-3,0.5,0.677395,180,0,0,1276556
0,50,-3,0.5,0.684145,180,0,0,1276569
0,26,-2,0.5,0.687655,180,0,0,1276585
0,22,-3,0.5,0.690625,180,0,0,1276602
0,15,-3,0.5,0.69265,180,0,0,1276619
0,10,-3,0.5,0.694,180,0,0,1276635
0,7,-4,0.5,0.694945,180,0,0,1276653
0,2,-4,0.5,0.695215,180,0,0,1276674
0,1,-5,0.5,0.69535,180,0,0,1276686
0,0,-5,0.5,0.69535,180,0,0,1276703
0,5,-5,0.5,0.696025,180,0,0,1276720
0,10,-4,0.5,0.697375,180,0,0,1276737
0,12,-3,0.5,0.698995,180,0,0,1276754
0,18,-4,0.5,0.701425,180,0,0,1276770
0,21,-3,0.5,0.70426,180,0,0,1276785
0,25,-3,0.5,0.707635,180,0,0,1276802
0,29,-3,0.5,0.71,180,0,0,1276819
