-2,74,47,0.5,-0.70001,180,0,0,325544
-1,66,48,0.5,-0.6911,180,0,0,325566
1,34,24,0.5,-0.68651,180,0,0,325580
-4,34,1,0.5,-0.68192,180,0,0,325587
0,0,23,0.5,-0.68192,180,0,0,325601
0,34,24,0.5,-0.67733,180,0,0,325616
-1,32,22,0.5,-0.67301,180,0,0,325634
2,37,24,0.5,-0.668015,180,0,0,325648
-6,37,20,0.5,-0.66302,180,0,0,325667
0,37,22,0.5,-0.658025,180,0,0,325683
0,41,24,0.5,-0.65249,180,0,0,325699
-2,39,24,0.5,-0.647225,180,0,1,325719
0,39,24,0.5,-0.64196,180,0,1,325733
-1,36,24,0.5,-0.6371,180,0,1,325750
1,39,24,0.5,-0.631835,180,0,0,325767
0,37,24,0.5,-0.62684,180,0,0,325783
-2,37,24,0.5,-0.621845,180,0,0,325800
-2,72,34,0.5,-0.612125,180,0,0,325820
3,35,32,0.5,-0.6074,180,0,0,325837
-6,34,17,0.5,-0.60281,180,0,0,325850
2,36,21,0.5,-0.59795,180,0,0,325867
0,33,19,0.5,-0.593495,180,0,0,325882
-3,36,19,0.5,-0.588635,180,0,0,325897
2,35,23,0.5,-0.58391,180,0,0,325917
-3,34,22,0.5,-0.57932,180,0,0,325931
6,30,24,0.5,-0.57527,180,0,0,325949
1,31,23,0.5,-0.571085,180,0,0,325966
-7,26,20,0.5,-0.567575,180,0,0,325982
-2,24,21,0.5,-0.564335,180,0,0,325996
3,26,24,0.5,-0.560825,180,0,0,326016
-3,28,20,0.5,-0.557045,180,0,0,326031
0,28,20,0.5,-0.553265,180,0,0,326047
2,25,19,0.5,-0.54989,180,0,0,326065
0,23,17,0.5,-0.546785,180,0,0,326081
-2,22,16,0.5,-0.543815,180,0,1,326102
0,19,18,0.5,-0.54125,180,0,1,326116
0,22,20,0.5,-0.53828,180,0,0,326134
0,21,21,0.5,-0.535445,180,0,0,326148
-3,22,21,0.5,-0.532475,180,0,0,326165
0,20,21,0.5,-0.529775,180,0,0,326183
1,44,34,0.5,-0.523835,180,0,0,326201
0,0,7,0.5,-0.523835,180,0,0,326212
-4,42,31,0.5,-0.518165,180,0,0,326235
-3,19,24,0.5,-0.5156,180,0,0,326252
-1,19,17,0.5,-0.513035,180,0,0,326266
-1,14,16,0.5,-0.511145,180,0,0,326281
0,12,17,0.5,-0.509525,180,0,0,326298
0,10,18,0.5,-0.508175,180,0,0,326314
-1,8,16,0.5,-0.507095,180,0,0,326331
0,7,16,0.5,-0.50615,180,0,0,326346
0,10,17,0.5,-0.5048,180,0,0,326364
0,9,17,0.5,-0.503585,180,0,0,326380
0,12,17,0.5,-0.501965,180,0,0,326397
1,14,17,0.5,-0.500075,180,0,1,326417
1,17,18,0.5,-0.49778,180,0,1,326433
-3,18,17,0.5,-0.49535,180,0,1,326447
-5,20,14,0.5,-0.49265,180,0,0,326465
5,23,20,0.5,-0.489545,180,0,0,326482
-2,23,15,0.5,-0.48644,180,0,0,326496
0,27,16,0.5,-0.482795,180,0,0,326513
0,31,14,0.5,-0.47861,180,0,0,326530
1,28,16,0.5,-0.47483,180,0,0,326548
0,29,14,0.5,-0.470915,180,0,0,326563
1,51,30,0.5,-0.46403,180,0,0,326584
0,0,0,0.5,-0.46403,180,0,0,326593
-4,52,16,0.5,-0.45701,180,0,0,326613
0,30,30,0.5,-0.45296,180,0,0,326633
0,31,17,0.5,-0.448775,180,0,0,326647
-2,34,18,0.5,-0.444185,180,0,0,326665
1,33,22,0.5,-0.43973,180,0,0,326682
3,35,21,0.5,-0.435005,180,0,0,326699
-6,34,17,0.5,-0.430415,180,0,0,326713
0,35,19,0.5,-0.42569,180,0,0,326731
0,35,20,0.5,-0.420965,180,0,0,326747
0,37,20,0.5,-0.41597,180,0,0,326764
0,36,19,0.5,-0.41111,180,0,0,326781
0,34,19,0.5,-0.40652,180,0,0,326796
0,34,20,0.5,-0.40193,180,0,0,326818
-4,34,19,0.5,-0.39734,180,0,0,326832
-4,36,22,0.5,-0.39248,180,0,0,326848
1,36,22,0.5,-0.38762,180,0,0,326864
-1,40,21,0.5,-0.38222,180,0,0,326879
-1,41,22,0.5,-0.376685,180,0,0,326898
0,41,22,0.5,-0.37115,180,0,0,326914
-2,39,21,0.5,-0.365885,180,0,0,326930
2,42,24,0.5,-0.360215,180,0,0,326947
-3,36,22,0.5,-0.355355,180,0,0,326964
0,35,21,0.5,-0.35063,180,0,0,326980
-1,66,44,0.5,-0.34172,180,0,0,327003
0,0,0,0.5,-0.34172,180,0,0,327009
-2,69,44,0.5,-0.332405,180,0,0,327037
0,39,24,0.5,-0.32714,180,0,0,327050
-1,38,21,0.5,-0.32201,180,0,1,327067
-4,36,20,0.5,-0.31715,180,0,0,327081
-1,38,23,0.5,-0.31202,180,0,0,327099
0,38,22,0.5,-0.30689,180,0,0,327114
1,37,24,0.5,-0.301895,180,0,0,327131
-1,37,22,0.5,-0.2969,180,0,0,327147
-1,38,21,0.5,-0.29177,180,0,0,327165
0,38,21,0.5,-0.28664,180,0,0,327181
4,38,23,0.5,-0.28151,180,0,0,327202
0,36,19,0.5,-0.27665,180,0,0,327217
0,34,20,0.5,-0.27206,180,0,1,327231
0,33,22,0.5,-0.267605,180,0,1,327249
-2,36,21,0.5,-0.262745,180,0,1,327269
-1,38,22,0.5,-0.257615,180,0,0,327283
2,40,23,0.5,-0.252215,180,0,0,327300
2,38,24,0.5,-0.247085,180,1,0,327319
-10,73,40,0.5,-0.23723,180,1,0,327348
-3,36,21,0.5,-0.23237,180,1,0,327363
2,36,24,0.5,-0.22751,180,0,0,327377
-7,38,18,0.5,-0.22238,180,0,0,327393
0,36,21,0.5,-0.21752,180,0,0,327406
-1,40,22,0.5,-0.21212,180,0,0,327418
2,39,23,0.5,-0.206855,180,0,0,327431
0,40,21,0.5,-0.201455,180,0,0,327449
0,42,22,0.5,-0.195785,180,0,0,327471
0,48,22,0.5,-0.189305,180,0,0,327493
-3,49,21,0.5,-0.18269,180,0,1,327506
3,47,24,0.5,-0.176345,180,0,1,327518
-2,51,22,0.5,-0.16946,180,0,0,327535
-1,49,21,0.5,-0.162845,180,0,0,327550
-2,47,21,0.5,-0.1565,180,0,0,327563
3,48,22,0.5,-0.15002,180,0,1,327582
-2,47,21,0.5,-0.143675,180,0,1,327599
-2,42,19,0.5,-0.138005,180,0,1,327617
3,41,22,0.5,-0.13247,180,0,1,327634
0,38,19,0.5,-0.12734,180,0,0,327648
-3,39,18,0.5,-0.122075,180,0,0,327663
-2,36,18,0.5,-0.117215,180,0,0,327684
-1,38,20,0.5,-0.112085,180,0,0,327698
-3,38,21,0.5,-0.106955,180,0,1,327716
-1,38,22,0.5,-0.101825,180,0,1,327732
-1,37,23,0.5,-0.09683,180,0,1,327749
0,35,24,0.5,-0.092105,180,0,0,327767
0,73,47,0.5,-0.08225,180,0,0,327796
-2,39,22,0.5,-0.076985,180,0,0,327809
0,40,22,0.5,-0.071585,180,0,1,327821
1,36,23,0.5,-0.066725,180,0,1,327836
0,38,19,0.5,-0.061595,180,0,1,327849
0,36,20,0.5,-0.056735,180,0,1,327867
0,35,19,0.5,-0.05201,180,0,0,327882
-2,33,19,0.5,-0.047555,180,0,0,327900
3,30,23,0.5,-0.043505,180,0,0,327917
-4,29,19,0.5,-0.03959,180,0,1,327930
2,29,21,0.5,-0.035675,180,0,1,327947
0,29,21,0.5,-0.03176,180,0,1,327965
-1,30,21,0.5,-0.02771,180,0,0,327982
-1,27,22,0.5,-0.024065,180,0,0,328001
-4,31,21,0.5,-0.01988,180,0,0,328016
2,30,23,0.5,-0.01583,180,0,0,328032
-1,29,20,0.5,-0.011915,180,0,1,328052
-1,29,20,0.5,-0.008,180,0,1,328067
0,32,19,0.5,-0.00368,180,0,1,328082
0,29,19,0.5,0.000235,180,0,0,328097
0,26,19,0.5,0.003745,180,0,0,328112
0,25,19,0.5,0.00712,180,0,0,328130
-1,24,19,0.5,0.01036,180,0,0,328148
0,23,20,0.5,0.013465,180,0,0,328164
0,23,20,0.5,0.01657,180,0,1,328183
1,22,21,0.5,0.01954,180,0,1,328200
-1,50,23,0.5,0.02629,180,0,1,328216
-1,28,42,0.5,0.03007,180,0,0,328238
-5,27,19,0.5,0.033715,180,0,0,328250
-1,28,20,0.5,0.037495,180,0,0,328269
3,28,22,0.5,0.041275,180,0,0,328283
0,27,19,0.5,0.04492,180,0,1,328300
-4,25,16,0.5,0.048295,180,0,1,328313
0,24,16,0.5,0.051535,180,0,1,328333
-1,20,15,0.5,0.054235,180,0,0,328347
-1,19,14,0.5,0.0568,180,0,0,328362
0,14,15,0.5,0.05869,180,0,0,328383
-1,14,14,0.5,0.06058,180,0,0,328397
2,13,16,0.5,0.062335,180,0,0,328413
0,11,15,0.5,0.06382,180,0,1,328430
0,14,16,0.5,0.06571,180,0,1,328448
0,15,17,0.5,0.067735,180,0,1,328463
-2,17,18,0.5,0.07003,180,0,0,328483
0,18,17,0.5,0.07246,180,0,0,328499
0,20,18,0.5,0.07516,180,0,0,328514
1,20,18,0.5,0.07786,180,0,0,328533
2,19,17,0.5,0.080425,180,0,1,328548
-4,22,16,0.5,0.083395,180,0,1,328564
0,24,19,0.5,0.086635,180,0,1,328583
2,22,17,0.5,0.089605,180,0,0,328599
-3,43,21,0.5,0.09541,180,0,0,328617
3,18,10,0.5,0.09784,180,0,0,328630
1,18,31,0.5,0.10027,180,0,0,328652
-4,16,15,0.5,0.10243,180,0,0,328664
-1,16,15,0.5,0.10459,180,0,1,328683
-1,18,18,0.5,0.10702,180,0,1,328699
1,19,19,0.5,0.109585,180,0,1,328714
0,19,19,0.5,0.11215,180,0,0,328732
-1,22,20,0.5,0.11512,180,0,0,328748
0,22,20,0.5,0.11809,180,0,0,328765
-3,23,20,0.5,0.121195,180,0,0,328782
-1,23,20,0.5,0.1243,180,0,0,328797
-2,23,19,0.5,0.127405,180,0,1,328815
0,26,21,0.5,0.130915,180,0,1,328832
4,29,21,0.5,0.13483,180,0,1,328848
0,29,18,0.5,0.138745,180,0,0,328866
0,27,17,0.5,0.14239,180,0,0,328880
-3,27,16,0.5,0.146035,180,0,0,328898
2,25,18,0.5,0.14941,180,0,0,328913
-3,24,16,0.5,0.15265,180,0,0,328930
-3,23,18,0.5,0.155755,180,0,1,328949
-2,25,18,0.5,0.15913,180,0,1,328964
3,23,22,0.5,0.162235,180,0,0,328982
-4,25,20,0.5,0.16561,180,0,0,328997
-1,50,42,0.5,0.17236,180,0,0,329023
-1,27,21,0.5,0.176005,180,0,0,329036
0,27,20,0.5,0.17965,180,0,0,329050
-3,31,17,0.5,0.183835,180,0,0,329064
0,29,20,0.5,0.18775,180,0,1,329082
3,30,22,0.5,0.1918,180,0,1,329100
-6,28,15,0.5,0.19558,180,0,1,329113
-1,24,18,0.5,0.19882,180,0,0,329130
4,24,20,0.5,0.20206,180,0,0,329147
-1,21,18,0.5,0.204895,180,0,0,329163
-1,22,17,0.5,0.207865,180,0,0,329179
5,19,21,0.5,0.21043,180,0,0,329197
-2,21,19,0.5,0.213265,180,0,1,329213
0,22,20,0.5,0.216235,180,0,1,329231
0,22,21,0.5,0.219205,180,0,1,329251
-4,24,18,0.5,0.222445,180,0,0,329264
0,27,22,0.5,0.22609,180,0,0,329282
0,25,20,0.5,0.229465,180,0,0,329298
2,24,21,0.5,0.232705,180,0,0,329313
1,25,19,0.5,0.23608,180,0,0,329331
-7,49,32,0.5,0.242695,180,0,1,329364
0,22,16,0.5,0.245665,180,0,1,329372
0,0,0,0.5,0.245665,180,0,1,329377
0,23,16,0.5,0.24877,180,0,0,329396
-3,43,18,0.5,0.254575,180,0,0,329413
0,0,12,0.5,0.254575,180,0,0,329428
-2,40,36,0.5,0.259975,180,0,0,329458
0,20,20,0.5,0.262675,180,0,0,329473
0,20,20,0.5,0.265375,180,0,1,329484
-1,20,19,0.5,0.268075,180,0,1,329498
0,20,19,0.5,0.270775,180,0,1,329514
-1,19,19,0.5,0.27334,180,0,0,329531
0,20,19,0.5,0.27604,180,0,0,329548
-1,20,19,0.5,0.27874,180,0,0,329564
0,20,19,0.5,0.28144,180,0,0,329581
0,18,19,0.5,0.28387,180,0,0,329598
0,17,17,0.5,0.286165,180,0,0,329613
-2,16,16,0.5,0.288325,180,0,1,329631
0,13,18,0.5,0.29008,180,0,1,329648
-1,12,19,0.5,0.2917,180,0,0,329664
-1,12,18,0.5,0.29332,180,0,0,329682
0,15,20,0.5,0.295345,180,0,0,329698
-1,15,22,0.5,0.29737,180,0,0,329715
0,13,22,0.5,0.299125,180,0,0,329735
-5,16,18,0.5,0.301285,180,0,0,329748
3,15,24,0.5,0.30331,180,0,0,329765
0,15,21,0.5,0.305335,180,0,1,329782
0,31,42,0.5,0.30952,180,0,0,329807
0,16,19,0.5,0.31168,180,0,0,329820
0,0,0,0.5,0.31168,180,0,0,329826
-4,37,34,0.5,0.316675,180,0,0,329851
3,19,18,0.5,0.31924,180,0,0,329863
-2,18,13,0.5,0.32167,180,0,0,329881
4,17,17,0.5,0.323965,180,0,0,329898
1,14,14,0.5,0.325855,180,0,1,329913
0,11,14,0.5,0.32734,180,0,1,329931
0,10,14,0.5,0.32869,180,0,1,329948
-3,10,13,0.5,0.33004,180,0,0,329962
-2,11,14,0.5,0.331525,180,0,0,329979
-1,12,16,0.5,0.333145,180,0,0,329998
-7,12,13,0.5,0.334765,180,0,0,330012
6,16,19,0.5,0.336925,180,0,0,330033
-4,16,15,0.5,0.339085,180,0,1,330047
0,16,17,0.5,0.341245,180,0,1,330063
1,17,17,0.5,0.34354,180,0,1,330080
-2,17,15,0.5,0.345835,180,0,0,330099
0,19,17,0.5,0.3484,180,0,0,330113
1,17,17,0.5,0.350695,180,0,0,330130
-2,17,16,0.5,0.35299,180,0,0,330145
-1,17,15,0.5,0.355285,180,0,0,330162
0,15,15,0.5,0.35731,180,0,1,330181
0,11,13,0.5,0.358795,180,0,1,330196
0,9,14,0.5,0.36001,180,0,1,330213
0,18,26,0.5,0.36244,180,0,0,330235
0,9,21,0.5,0.363655,180,0,0,330250
0,10,16,0.5,0.365005,180,0,0,330264
-1,11,17,0.5,0.36649,180,0,0,330283
0,12,17,0.5,0.36811,180,0,0,330297
-2,13,17,0.5,0.369865,180,0,0,330314
0,14,17,0.5,0.371755,180,0,1,330331
0,16,16,0.5,0.373915,180,0,1,330347
0,16,16,0.5,0.376075,180,0,1,330363
-2,16,15,0.5,0.378235,180,0,0,330381
0,17,16,0.5,0.38053,180,0,0,330398
-3,15,13,0.5,0.382555,180,0,0,330413
-1,14,14,0.5,0.384445,180,0,0,330430
3,14,15,0.5,0.386335,180,0,0,330446
-1,12,14,0.5,0.387955,180,0,1,330463
-3,11,12,0.5,0.38944,180,0,1,330482
-4,10,12,0.5,0.39079,180,0,1,330499
0,11,15,0.5,0.392275,180,0,1,330512
0,11,17,0.5,0.39376,180,0,0,330529
0,10,15,0.5,0.39511,180,0,0,330546
-4,11,14,0.5,0.396595,180,0,0,330562
1,12,15,0.5,0.398215,180,0,0,330582
-7,29,26,0.5,0.40213,180,0,0,330600
0,0,0,0.5,0.40213,180,0,0,330608
3,16,15,0.5,0.40429,180,0,0,330629
-5,29,25,0.5,0.408205,180,0,0,330650
-1,12,13,0.5,0.409825,180,0,0,330662
0,11,11,0.5,0.41131,180,0,0,330680
-3,10,11,0.5,0.41266,180,0,0,330697
-1,8,9,0.5,0.41374,180,0,0,330712
0,7,11,0.5,0.414685,180,0,0,330729
-4,7,11,0.5,0.41563,180,0,0,330746
2,8,13,0.5,0.41671,180,0,0,330762
0,10,13,0.5,0.41806,180,0,0,330778
0,12,12,0.5,0.41968,180,0,0,330802
0,13,13,0.5,0.421435,180,0,0,330813
-8,12,9,0.5,0.423055,180,0,0,330829
-1,13,12,0.5,0.42481,180,0,0,330848
-5,12,11,0.5,0.42643,180,0,0,330862
0,14,13,0.5,0.42832,180,0,0,330881
-1,13,12,0.5,0.430075,180,0,0,330899
2,12,13,0.5,0.431695,180,0,0,330912
-5,12,11,0.5,0.433315,180,0,0,330929
0,10,11,0.5,0.434665,180,0,0,330948
0,10,10,0.5,0.436015,180,0,0,330962
-1,12,7,0.5,0.437635,180,0,0,330978
0,8,8,0.5,0.438715,180,0,0,330996
0,5,8,0.5,0.43939,180,0,0,331010
0,4,6,0.5,0.43993,180,0,0,331028
-1,6,14,0.5,0.44074,180,0,0,331047
0,1,8,0.5,0.440875,180,0,0,331061
-1,5,8,0.5,0.44155,180,0,0,331078
-2,7,9,0.5,0.442495,180,0,0,331097
0,8,8,0.5,0.443575,180,0,0,331111
-1,8,9,0.5,0.444655,180,0,0,331128
0,9,7,0.5,0.44587,180,0,0,331145
0,9,8,0.5,0.447085,180,0,0,331162
-2,8,3,0.5,0.448165,180,0,0,331178
0,5,6,0.5,0.44884,180,0,0,331196
0,3,6,0.5,0.449245,180,0,0,331210
3,0,8,0.5,0.449245,180,0,0,331227
-3,0,7,0.5,0.449245,180,0,0,331247
0,0,8,0.5,0.449245,180,0,0,331261
4,0,12,0.5,0.449245,180,0,0,331284
-2,0,11,0.5,0.449245,180,0,0,331296
3,0,11,0.5,0.449245,180,0,0,331312
-1,5,11,0.5,0.44992,180,0,0,331328
-3,4,9,0.5,0.45046,180,0,0,331345
0,7,11,0.5,0.451405,180,0,0,331362
0,7,12,0.5,0.45235,180,0,0,331378
-2,8,11,0.5,0.45343,180,0,0,331398
-3,18,19,0.5,0.45586,180,0,0,331415
-6,11,6,0.5,0.457345,180,0,0,331429
-3,12,8,0.5,0.458965,180,0,0,331444
-1,14,8,0.5,0.460855,180,0,0,331462
0,13,10,0.5,0.46261,180,0,0,331482
0,10,7,0.5,0.46396,180,0,0,331494
1,12,8,0.5,0.46558,180,0,0,331511
0,9,7,0.5,0.466795,180,0,0,331527
-1,11,9,0.5,0.46828,180,0,0,331546
-2,12,8,0.5,0.4699,180,0,0,331562
2,14,11,0.5,0.47179,180,0,0,331579
1,16,11,0.5,0.47395,180,0,0,331597
0,18,8,0.5,0.47638,180,0,0,331611
-5,17,9,0.5,0.478675,180,0,0,331629
5,20,13,0.5,0.481375,180,0,0,331646
-6,20,6,0.5,0.484075,180,0,0,331661
0,19,11,0.5,0.48664,180,0,0,331678
1,17,11,0.5,0.488935,180,0,0,331696
-1,15,9,0.5,0.49096,180,0,0,331711
-6,13,6,0.5,0.492715,180,0,0,331728
4,9,11,0.5,0.49393,180,0,0,331747
-5,10,8,0.5,0.49528,180,0,0,331762
1,8,11,0.5,0.49636,180,0,0,331779
-3,9,6,0.5,0.497575,180,0,0,331795
-1,6,9,0.5,0.498385,180,0,0,331811
-4,4,9,0.5,0.498925,180,0,0,331828
-4,-2,12,0.5,0.498655,180,0,0,331847
1,-4,9,0.5,0.498115,180,0,0,331862
-1,-4,10,0.5,0.497575,180,0,0,331880
0,-3,10,0.5,0.49717,180,0,0,331897
-1,0,11,0.5,0.49717,180,0,0,331911
-1,0,13,0.5,0.49717,180,0,0,331931
0,3,12,0.5,0.497575,180,0,0,331947
-1,3,12,0.5,0.49798,180,0,0,331963
0,4,10,0.5,0.49852,180,0,0,331978
0,3,11,0.5,0.498925,180,0,0,331997
-4,3,11,0.5,0.49933,180,0,0,332012
1,3,12,0.5,0.499735,180,0,0,332029
-3,5,10,0.5,0.50041,180,0,0,332046
0,5,10,0.5,0.501085,180,0,0,332062
0,7,11,0.5,0.50203,180,0,0,332079
-1,8,9,0.5,0.50311,180,0,0,332095
0,8,11,0.5,0.50419,180,0,0,332112
-1,9,10,0.5,0.505405,180,0,0,332128
0,8,9,0.5,0.506485,180,0,0,332144
-4,9,7,0.5,0.5077,180,0,0,332160
-6,9,6,0.5,0.508915,180,0,0,332177
5,10,11,0.5,0.510265,180,0,0,332199
-3,20,14,0.5,0.512965,180,0,0,332218
0,10,5,0.5,0.514315,180,0,0,332229
3,7,5,0.5,0.51526,180,0,1,332246
0,5,5,0.5,0.515935,180,0,1,332262
0,4,6,0.5,0.516475,180,0,0,332277
-3,0,6,0.5,0.516475,180,0,0,332294
0,0,8,0.5,0.516475,180,0,0,332311
0,-3,10,0.5,0.51607,180,0,0,332328
0,-2,10,0.5,0.5158,180,0,0,332345
0,0,8,0.5,0.5158,180,0,0,332361
0,1,9,0.5,0.515935,180,0,0,332377
-1,0,9,0.5,0.515935,180,0,0,332395
-5,-2,6,0.5,0.515665,180,0,0,332412
0,-3,8,0.5,0.51526,180,0,0,332428
0,-4,9,0.5,0.51472,180,0,0,332445
0,0,7,0.5,0.51472,180,0,0,332461
-2,-1,6,0.5,0.514585,180,0,0,332477
-4,0,2,0.5,0.514585,180,0,0,332493
0,-3,6,0.5,0.51418,180,0,0,332512
2,-3,6,0.5,0.513775,180,0,0,332527
-3,-3,5,0.5,0.51337,180,0,0,332543
0,1,7,0.5,0.513505,180,0,0,332561
0,1,8,0.5,0.51364,180,0,0,332578
1,0,10,0.5,0.51364,180,0,0,332595
-5,0,6,0.5,0.51364,180,0,0,332611
0,0,8,0.5,0.51364,180,0,0,332628
0,0,15,0.5,0.51364,180,0,0,332650
0,-2,7,0.5,0.51337,180,0,0,332665
2,-3,9,0.5,0.512965,180,0,0,332678
1,-2,5,0.5,0.512695,180,0,0,332695
0,-4,5,0.5,0.512155,180,0,0,332710
0,-2,3,0.5,0.511885,180,0,0,332726
0,-4,3,0.5,0.511345,180,0,0,332743
0,-6,4,0.5,0.510535,180,0,0,332761
0,-8,4,0.5,0.509455,180,0,0,332777
3,-8,7,0.5,0.508375,180,0,0,332795
0,-10,5,0.5,0.507025,180,0,0,332810
-6,-9,3,0.5,0.50581,180,0,0,332826
6,-9,8,0.5,0.504595,180,0,0,332845
-5,-7,4,0.5,0.50365,180,0,0,332860
3,-7,8,0.5,0.502705,180,0,0,332878
-4,-7,3,0.5,0.50176,180,0,0,332894
0,-10,3,0.5,0.50041,180,0,0,332910
0,-14,2,0.5,0.49852,180,0,0,332927
-3,-15,2,0.5,0.496495,180,0,0,332942
0,-17,2,0.5,0.4942,180,0,0,332959
-2,-13,2,0.5,0.492445,180,0,0,332976
2,-9,3,0.5,0.49123,180,0,0,332994
-9,-4,-2,0.5,0.49069,180,0,0,333009
3,-2,3,0.5,0.49042,180,0,0,333027
1,0,3,0.5,0.49042,180,0,0,333044
-4,0,-2,0.5,0.49042,180,0,0,333060
2,-1,0,0.5,0.490285,180,0,1,333075
2,-1,1,0.5,0.49015,180,0,1,333094
0,-1,0,0.5,0.490015,180,0,1,333108
-1,3,2,0.5,0.49042,180,0,1,333125
0,3,4,0.5,0.490825,180,0,0,333145
0,3,4,0.5,0.49123,180,0,0,333160
-1,2,4,0.5,0.4915,180,0,0,333176
0,0,5,0.5,0.4915,180,0,0,333194
1,0,4,0.5,0.4915,180,0,0,333210
-1,-3,4,0.5,0.491095,180,0,0,333227
1,-4,6,0.5,0.490555,180,0,0,333244
1,-5,5,0.5,0.48988,180,0,0,333260
-8,-7,2,0.5,0.488935,180,0,0,333276
-6,-7,0,0.5,0.48799,180,0,0,333294
4,-9,7,0.5,0.486775,180,0,0,333309
1,-10,3,0.5,0.485425,180,0,0,333327
0,-14,4,0.5,0.483535,180,0,0,333345
-1,-12,4,0.5,0.481915,180,0,0,333359
0,-13,4,0.5,0.48016,180,0,0,333378
-3,-10,2,0.5,0.47881,180,0,0,333393
-7,-10,1,0.5,0.47746,180,0,0,333409
-3,-6,4,0.5,0.47665,180,0,0,333427
-7,-7,6,0.5,0.475705,180,0,0,333444
0,0,14,0.5,0.475705,180,0,0,333462
0,1,10,0.5,0.47584,180,0,0,333482
2,-1,11,0.5,0.475705,180,0,0,333498
0,1,10,0.5,0.47584,180,0,0,333512
0,0,13,0.5,0.47584,180,0,0,333531
0,3,10,0.5,0.476245,180,0,0,333550
1,6,13,0.5,0.477055,180,0,0,333562
0,5,10,0.5,0.47773,180,0,0,333579
0,4,11,0.5,0.47827,180,0,0,333596
0,5,10,0.5,0.478945,180,0,0,333611
-3,4,7,0.5,0.479485,180,0,0,333628
2,4,10,0.5,0.480025,180,0,0,333646
0,3,8,0.5,0.48043,180,0,0,333661
0,4,7,0.5,0.48097,180,0,0,333679
0,5,7,0.5,0.481645,180,0,0,333695
0,3,4,0.5,0.48205,180,0,0,333710
-3,3,6,0.5,0.482455,180,0,0,333727
-1,1,2,0.5,0.48259,180,0,0,333744
1,-2,5,0.5,0.48232,180,0,0,333760
-4,-5,4,0.5,0.481645,180,0,0,333776
1,-4,6,0.5,0.481105,180,0,0,333793
0,-5,8,0.5,0.48043,180,0,0,333812
1,-12,14,0.5,0.47881,180,0,0,333831
4,-6,11,0.5,0.478,180,0,0,333846
-6,-4,2,0.5,0.47746,180,0,0,333860
0,1,7,0.5,0.477595,180,0,0,333877
2,7,8,0.5,0.47854,180,0,0,333894
0,9,7,0.5,0.479755,180,0,0,333911
-3,16,7,0.5,0.481915,180,0,0,333927
3,16,10,0.5,0.484075,180,0,0,333945
0,21,9,0.5,0.48691,180,0,0,333962
0,21,7,0.5,0.489745,180,0,0,333977
-4,18,7,0.5,0.492175,180,0,0,333993
-1,15,7,0.5,0.4942,180,0,0,334012
0,13,9,0.5,0.495955,180,0,0,334027
0,9,11,0.5,0.49717,180,0,0,334045
0,8,11,0.5,0.49825,180,0,0,334062
-1,5,12,0.5,0.498925,180,0,0,334079
0,5,13,0.5,0.4996,180,0,0,334095
-5,3,10,0.5,0.500005,180,0,0,334113
0,3,13,0.5,0.50041,180,0,0,334128
-2,3,11,0.5,0.500815,180,0,0,334146
-1,3,12,0.5,0.50122,180,0,0,334163
-11,0,10,0.5,0.50122,180,0,0,334178
-2,2,14,0.5,0.50149,180,0,0,334199
0,4,16,0.5,0.50203,180,0,0,334213
4,17,38,0.5,0.504325,180,0,0,334238
-2,14,17,0.5,0.506215,180,0,0,334251
0,0,0,0.5,0.506215,180,0,0,334259
0,18,19,0.5,0.508645,180,0,0,334279
1,37,35,0.5,0.51364,180,0,0,334305
-6,19,15,0.5,0.516205,180,0,0,334317
-2,17,16,0.5,0.5185,180,0,0,334330
2,16,20,0.5,0.52066,180,0,0,334349
-1,18,16,0.5,0.52309,180,0,0,334364
0,21,19,0.5,0.525925,180,0,0,334380
0,23,19,0.5,0.52903,180,0,0,334397
-3,25,18,0.5,0.532405,180,0,0,334414
0,25,19,0.5,0.53578,180,0,0,334430
0,23,17,0.5,0.538885,180,0,0,334447
-4,22,15,0.5,0.541855,180,0,0,334463
-2,24,18,0.5,0.545095,180,0,0,334489
2,21,22,0.5,0.54793,180,0,0,334503
1,21,20,0.5,0.550765,180,0,0,334516
-3,22,19,0.5,0.553735,180,0,0,334530
0,22,20,0.5,0.556705,180,0,0,334547
2,21,19,0.5,0.55954,180,0,0,334565
-7,22,17,0.5,0.56251,180,0,0,334579
4,21,21,0.5,0.565345,180,0,0,334600
0,21,22,0.5,0.56818,180,0,0,334618
3,40,44,0.5,0.57358,180,0,0,334645
1,18,22,0.5,0.57601,180,0,0,334661
0,15,22,0.5,0.578035,180,0,0,334678
-3,14,20,0.5,0.579925,180,0,0,334689
0,14,21,0.5,0.581815,180,0,0,334700
0,15,21,0.5,0.58384,180,0,0,334716
-4,15,21,0.5,0.585865,180,0,0,334730
-1,16,22,0.5,0.588025,180,0,0,334749
5,19,24,0.5,0.59059,180,0,0,334767
0,20,20,0.5,0.59329,180,0,0,334779
0,24,21,0.5,0.59653,180,0,0,334798
-6,25,20,0.5,0.599905,180,0,0,334814
0,27,20,0.5,0.60355,180,0,0,334833
1,26,20,0.5,0.60706,180,0,0,334849
0,24,19,0.5,0.6103,180,0,0,334864
2,24,20,0.5,0.61354,180,0,0,334881
-2,26,20,0.5,0.61705,180,0,0,334907
-3,27,19,0.5,0.620695,180,0,0,334919
0,26,20,0.5,0.624205,180,0,0,334931
0,25,21,0.5,0.62758,180,0,0,334949
0,25,24,0.5,0.630955,180,0,0,334965
-1,21,22,0.5,0.63379,180,0,0,334982
0,21,24,0.5,0.636625,180,0,0,334997
-1,19,22,0.5,0.63919,180,0,0,335014
-3,34,27,0.5,0.64378,180,0,0,335032
0,0,18,0.5,0.64378,180,0,0,335047
0,37,40,0.5,0.648775,180,0,0,335069
-1,19,24,0.5,0.65134,180,0,0,335082
4,21,24,0.5,0.654175,180,0,0,335098
-1,22,22,0.5,0.657145,180,0,0,335114
0,20,24,0.5,0.659845,180,0,0,335132
4,24,24,0.5,0.663085,180,0,0,335148
-1,21,23,0.5,0.66592,180,0,0,335165
-1,20,24,0.5,0.66862,180,0,0,335181
-1,22,21,0.5,0.67159,180,0,0,335197
-2,19,23,0.5,0.674155,180,0,0,335214
1,18,24,0.5,0.676585,180,0,0,335232
-1,17,24,0.5,0.67888,180,0,0,335250
-1,17,24,0.5,0.681175,180,0,0,335264
-1,16,24,0.5,0.683335,180,0,0,335283
0,17,24,0.5,0.68563,180,0,0,335298
-3,19,21,0.5,0.688195,180,0,0,335314
0,20,22,0.5,0.690895,180,0,0,335332
-1,22,21,0.5,0.693865,180,0,0,335349
2,24,22,0.5,0.697105,180,0,0,335365
-2,26,21,0.5,0.700615,180,0,0,335382
0,27,21,0.5,0.70426,180,0,0,335398
-1,26,24,0.5,0.70777,180,0,0,335416
0,29,24,0.5,0.71,180,0,0,335433
