0,99,13,0.5,-0.696635,180,0,0,426960
0,23,3,0.5,-0.69353,180,0,0,426971
0,0,0,0.5,-0.69353,180,0,0,426977
0,22,3,0.5,-0.69056,180,0,0,426987
0,21,3,0.5,-0.687725,180,0,0,427004
0,20,3,0.5,-0.685025,180,0,0,427021
0,17,5,0.5,-0.68273,180,0,0,427037
0,15,5,0.5,-0.680705,180,0,0,427054
0,14,5,0.5,-0.678815,180,0,0,427070
0,12,5,0.5,-0.677195,180,0,0,427088
0,11,3,0.5,-0.67571,180,0,0,427104
0,10,2,0.5,-0.67436,180,0,31,427121
0,5,1,0.5,-0.673685,180,0,31,427136
0,4,0,0.5,-0.673145,180,0,31,427154
0,1,0,0.5,-0.67301,180,0,0,427170
0,0,0,0.5,-0.67301,180,0,0,427186
0,3,0,0.5,-0.672605,180,0,0,427203
0,4,1,0.5,-0.672065,180,0,0,427221
0,3,2,0.5,-0.67166,180,0,0,427238
0,2,3,0.5,-0.67139,180,0,0,427253
0,-2,3,0.5,-0.67166,180,0,0,427276
0,-5,3,0.5,-0.672335,180,0,0,427290
0,-6,3,0.5,-0.673145,180,0,0,427304
0,-16,4,0.5,-0.675305,180,0,0,427321
0,-6,2,0.5,-0.676115,180,0,0,427339
0,-6,2,0.5,-0.676925,180,0,0,427355
0,-5,1,0.5,-0.6776,180,0,0,427372
0,0,0,0.5,-0.6776,180,0,0,427385
0,-5,0,0.5,-0.678275,180,0,0,427403
0,0,0,0.5,-0.678275,180,0,0,427419
0,3,0,0.5,-0.67787,180,0,0,427436
0,6,0,0.5,-0.67706,180,0,0,427454
0,7,0,0.5,-0.676115,180,0,0,427470
0,9,1,0.5,-0.6749,180,0,0,427487
0,10,2,0.5,-0.67355,180,0,0,427504
0,13,3,0.5,-0.671795,180,0,0,427520
0,12,4,0.5,-0.670175,180,0,0,427537
0,12,5,0.5,-0.668555,180,0,0,427555
0,13,6,0.5,-0.6668,180,0,0,427576
0,13,7,0.5,-0.665045,180,0,0,427589
0,12,7,0.5,-0.663425,180,0,0,427606
0,12,7,0.5,-0.661805,180,0,0,427621
0,11,8,0.5,-0.66032,180,0,0,427642
0,22,16,0.5,-0.65735,180,0,0,427662
0,0,0,0.5,-0.65735,180,0,0,427669
0,12,9,0.5,-0.65573,180,0,0,427688
0,12,8,0.5,-0.65411,180,0,0,427706
0,26,20,0.5,-0.6506,180,0,0,427729
0,12,11,0.5,-0.64898,180,0,0,427745
0,13,11,0.5,-0.647225,180,0,0,427761
0,15,10,0.5,-0.6452,180,0,0,427779
0,16,10,0.5,-0.64304,180,0,0,427792
0,18,9,0.5,-0.64061,180,0,0,427806
0,19,8,0.5,-0.638045,180,0,0,427824
0,22,8,0.5,-0.635075,180,0,0,427840
0,22,7,0.5,-0.632105,180,0,0,427855
0,22,6,0.5,-0.629135,180,0,0,427871
0,22,6,0.5,-0.626165,180,0,0,427887
0,20,5,0.5,-0.623465,180,0,0,427907
0,20,4,0.5,-0.620765,180,0,0,427924
0,16,3,0.5,-0.618605,180,0,0,427937
0,13,3,0.5,-0.61685,180,0,0,427953
0,10,2,0.5,-0.6155,180,0,0,427971
0,8,2,0.5,-0.61442,180,0,0,427988
0,4,2,0.5,-0.61388,180,0,0,428005
0,4,3,0.5,-0.61334,180,0,0,428023
0,4,3,0.5,-0.6128,180,0,0,428037
0,5,4,0.5,-0.612125,180,0,0,428055
0,8,4,0.5,-0.611045,180,0,0,428070
0,9,4,0.5,-0.60983,180,0,0,428087
0,11,3,0.5,-0.608345,180,0,0,428104
0,26,5,0.5,-0.604835,180,0,0,428120
0,15,7,0.5,-0.60281,180,0,0,428140
0,16,4,0.5,-0.60065,180,0,0,428156
0,17,4,0.5,-0.598355,180,0,0,428171
0,20,4,0.5,-0.595655,180,0,0,428188
0,21,4,0.5,-0.59282,180,0,0,428207
0,22,3,0.5,-0.58985,180,0,0,428221
0,22,2,0.5,-0.58688,180,0,0,428237
0,20,0,0.5,-0.58418,180,0,0,428253
0,20,0,0.5,-0.58148,180,0,0,428274
0,16,0,0.5,-0.57932,180,0,0,428287
0,13,0,0.5,-0.577565,180,0,0,428302
0,13,2,0.5,-0.57581,180,0,0,428320
0,10,3,0.5,-0.57446,180,0,0,428339
0,9,5,0.5,-0.573245,180,0,0,428356
0,9,5,0.5,-0.57203,180,0,0,428375
0,8,6,0.5,-0.57095,180,0,0,428389
0,9,6,0.5,-0.569735,180,0,0,428410
0,9,6,0.5,-0.56852,180,0,0,428423
0,22,14,0.5,-0.56555,180,0,0,428445
0,13,8,0.5,-0.563795,180,0,0,428458
0,0,0,0.5,-0.563795,180,0,0,428469
0,34,16,0.5,-0.559205,180,0,0,428499
0,23,8,0.5,-0.5561,180,0,0,428512
0,25,7,0.5,-0.552725,180,0,0,428526
0,29,6,0.5,-0.54881,180,0,0,428541
0,31,6,0.5,-0.544625,180,0,0,428561
0,32,5,0.5,-0.540305,180,0,0,428575
0,35,5,0.5,-0.53558,180,0,0,428589
0,28,3,0.5,-0.5318,180,0,0,428605
0,23,3,0.5,-0.528695,180,0,0,428624
0,17,2,0.5,-0.5264,180,0,0,428640
0,11,3,0.5,-0.524915,180,0,0,428656
0,4,4,0.5,-0.524375,180,0,0,428672
0,1,5,0.5,-0.52424,180,0,31,428690
0,-3,4,0.5,-0.524645,180,0,31,428705
0,-5,4,0.5,-0.52532,180,0,0,428724
0,-7,3,0.5,-0.526265,180,0,0,428739
0,-10,3,0.5,-0.527615,180,0,0,428761
0,-9,2,0.5,-0.52883,180,0,0,428772
0,-9,2,0.5,-0.530045,180,0,31,428789
0,-4,1,0.5,-0.530585,180,0,31,428805
0,-1,2,0.5,-0.53072,180,0,31,428821
0,2,4,0.5,-0.53045,180,0,31,428846
0,4,2,0.5,-0.52991,180,0,0,428858
0,0,0,0.5,-0.52991,180,0,0,428870
0,12,7,0.5,-0.52829,180,0,0,428891
0,6,3,0.5,-0.52748,180,0,0,428909
0,7,2,0.5,-0.526535,180,0,0,428921
0,8,2,0.5,-0.525455,180,0,0,428939
0,9,1,0.5,-0.52424,180,0,0,428954
0,8,1,0.5,-0.52316,180,0,0,428976
0,10,0,0.5,-0.52181,180,0,0,428991
0,11,-1,0.5,-0.520325,180,0,0,429005
0,11,-1,0.5,-0.51884,180,0,0,429021
0,12,-1,0.5,-0.51722,180,0,0,429039
0,15,-3,0.5,-0.515195,180,0,0,429058
0,16,-3,0.5,-0.513035,180,0,0,429074
0,18,-4,0.5,-0.510605,180,0,0,429088
0,19,-4,0.5,-0.50804,180,0,0,429106
0,20,-4,0.5,-0.50534,180,0,0,429123
0,22,-4,0.5,-0.50237,180,0,0,429139
0,41,-6,0.5,-0.496835,180,0,0,429164
0,19,-1,0.5,-0.49427,180,0,0,429178
0,0,0,0.5,-0.49427,180,0,0,429188
0,16,0,0.5,-0.49211,180,0,0,429205
0,12,0,0.5,-0.49049,180,0,0,429221
0,9,0,0.5,-0.489275,180,0,0,429238
0,3,0,0.5,-0.48887,180,0,0,429254
0,1,1,0.5,-0.488735,180,0,0,429271
0,-2,1,0.5,-0.489005,180,0,0,429291
0,-2,1,0.5,-0.489275,180,0,0,429309
0,5,0,0.5,-0.4886,180,0,0,429326
0,8,0,0.5,-0.48752,180,0,0,429339
0,12,-1,0.5,-0.4859,180,0,0,429356
0,14,-3,0.5,-0.48401,180,0,0,429373
0,17,-4,0.5,-0.481715,180,0,0,429390
0,18,-5,0.5,-0.479285,180,0,0,429407
0,20,-6,0.5,-0.476585,180,0,0,429425
0,20,-7,0.5,-0.473885,180,0,0,429448
0,25,-7,0.5,-0.47051,180,0,0,429461
0,25,-6,0.5,-0.467135,180,0,0,429475
0,25,-6,0.5,-0.46376,180,0,0,429491
0,24,-5,0.5,-0.46052,180,0,0,429506
0,20,-4,0.5,-0.45782,180,0,0,429527
0,15,-4,0.5,-0.455795,180,0,0,429543
0,13,-3,0.5,-0.45404,180,0,0,429556
0,12,-3,0.5,-0.45242,180,0,0,429572
0,10,-3,0.5,-0.45107,180,0,0,429594
0,13,-6,0.5,-0.449315,180,0,0,429611
0,7,-2,0.5,-0.44837,180,0,0,429626
0,0,0,0.5,-0.44837,180,0,0,429638
0,10,-3,0.5,-0.44702,180,0,0,429656
0,29,-6,0.5,-0.443105,180,0,0,429674
0,18,-3,0.5,-0.440675,180,0,0,429690
0,21,-4,0.5,-0.43784,180,0,0,429708
0,21,-3,0.5,-0.435005,180,0,0,429723
0,23,-3,0.5,-0.4319,180,0,0,429740
0,23,-3,0.5,-0.428795,180,0,0,429757
0,22,-2,0.5,-0.425825,180,0,0,429774
0,23,-2,0.5,-0.42272,180,0,0,429789
0,21,-2,0.5,-0.419885,180,0,0,429807
0,20,-2,0.5,-0.417185,180,0,0,429825
0,18,-2,0.5,-0.414755,180,0,0,429839
0,18,-3,0.5,-0.412325,180,0,0,429859
0,14,-4,0.5,-0.410435,180,0,0,429875
0,13,-4,0.5,-0.40868,180,0,0,429890
0,8,-4,0.5,-0.4076,180,0,0,429909
0,6,-4,0.5,-0.40679,180,0,0,429926
0,1,-3,0.5,-0.406655,180,0,0,429941
0,-1,-3,0.5,-0.40679,180,0,31,429958
0,5,-7,0.5,-0.406115,180,0,31,429981
0,9,-5,0.5,-0.4049,180,0,0,429996
0,14,-5,0.5,-0.40301,180,0,0,430016
0,18,-5,0.5,-0.40058,180,0,0,430032
0,22,-6,0.5,-0.39761,180,0,0,430045
0,23,-5,0.5,-0.394505,180,0,0,430058
0,26,-5,0.5,-0.390995,180,0,0,430078
0,27,-4,0.5,-0.38735,180,0,0,430092
0,27,-4,0.5,-0.383705,180,0,0,430107
0,29,-3,0.5,-0.37979,180,0,0,430124
0,28,-3,0.5,-0.37601,180,0,0,430141
0,29,-3,0.5,-0.372095,180,0,0,430157
0,29,-4,0.5,-0.36818,180,0,0,430176
0,29,-4,0.5,-0.364265,180,0,0,430194
0,27,-4,0.5,-0.36062,180,0,0,430212
0,25,-5,0.5,-0.357245,180,0,0,430225
0,22,-5,0.5,-0.354275,180,0,0,430241
0,23,-6,0.5,-0.35117,180,0,0,430260
0,20,-6,0.5,-0.34847,180,0,0,430276
0,31,-10,0.5,-0.344285,180,0,0,430299
0,9,-3,0.5,-0.34307,180,0,0,430313
0,0,0,0.5,-0.34307,180,0,0,430322
0,2,0,0.5,-0.3428,180,0,0,430340
0,-2,0,0.5,-0.34307,180,0,0,430359
0,-19,3,0.5,-0.345635,180,0,0,430379
0,0,0,0.5,-0.345635,180,0,0,430393
0,-30,4,0.5,-0.349685,180,0,0,430408
0,-19,2,0.5,-0.35225,180,0,0,430426
0,-16,1,0.5,-0.35441,180,0,0,430443
0,-13,0,0.5,-0.356165,180,0,0,430456
0,-10,0,0.5,-0.357515,180,0,0,430476
0,-6,0,0.5,-0.358325,180,0,0,430492
0,-3,0,0.5,-0.35873,180,0,0,430506
0,-1,0,0.5,-0.358865,180,0,0,430524
0,0,0,0.5,-0.358865,180,0,0,430540
0,4,0,0.5,-0.358325,180,0,0,430556
0,3,0,0.5,-0.35792,180,0,0,430574
0,3,-1,0.5,-0.357515,180,0,0,430596
0,4,0,0.5,-0.356975,180,0,0,430607
0,4,0,0.5,-0.356435,180,0,31,430623
0,4,0,0.5,-0.355895,180,0,31,430642
0,5,0,0.5,-0.35522,180,0,31,430659
0,6,1,0.5,-0.35441,180,0,31,430675
0,5,1,0.5,-0.353735,180,0,31,430691
0,7,2,0.5,-0.35279,180,0,31,430709
0,6,1,0.5,-0.35198,180,0,31,430725
0,7,2,0.5,-0.351035,180,0,31,430743
0,10,6,0.5,-0.349685,180,0,0,430760
0,2,4,0.5,-0.349415,180,0,0,430780
0,1,3,0.5,-0.34928,180,0,0,430797
0,-4,3,0.5,-0.34982,180,0,0,430810
0,-4,2,0.5,-0.35036,180,0,0,430826
0,-8,1,0.5,-0.35144,180,0,0,430841
0,-8,0,0.5,-0.35252,180,0,0,430860
0,-10,0,0.5,-0.35387,180,0,0,430878
0,-11,-2,0.5,-0.355355,180,0,0,430891
0,-10,-3,0.5,-0.356705,180,0,0,430910
0,-6,-2,0.5,-0.357515,180,0,0,430929
0,-3,-5,0.5,-0.35792,180,0,0,430943
0,-1,-4,0.5,-0.358055,180,0,0,430959
0,1,-4,0.5,-0.35792,180,0,0,430977
0,5,-3,0.5,-0.357245,180,0,0,430994
0,4,-3,0.5,-0.356705,180,0,0,431010
0,6,-1,0.5,-0.355895,180,0,0,431027
0,7,-2,0.5,-0.35495,180,0,0,431047
0,6,0,0.5,-0.35414,180,0,31,431058
0,7,0,0.5,-0.353195,180,0,31,431075
0,5,2,0.5,-0.35252,180,0,31,431092
0,5,3,0.5,-0.351845,180,0,31,431111
0,7,9,0.5,-0.3509,180,0,31,431129
0,1,6,0.5,-0.350765,180,0,31,431147
0,1,6,0.5,-0.35063,180,0,31,431160
0,-1,5,0.5,-0.350765,180,0,31,431176
0,-1,5,0.5,-0.3509,180,0,31,431193
0,-2,5,0.5,-0.35117,180,0,31,431214
0,-2,5,0.5,-0.35144,180,0,31,431231
0,-2,4,0.5,-0.35171,180,0,0,431248
0,-2,4,0.5,-0.35198,180,0,0,431259
0,-2,2,0.5,-0.35225,180,0,0,431277
0,1,1,0.5,-0.352115,180,0,0,431301
0,4,1,0.5,-0.351575,180,0,0,431317
0,8,0,0.5,-0.350495,180,0,0,431326
0,10,0,0.5,-0.349145,180,0,0,431343
0,11,0,0.5,-0.34766,180,0,0,431359
0,10,0,0.5,-0.34631,180,0,0,431377
0,10,0,0.5,-0.34496,180,0,0,431393
0,8,1,0.5,-0.34388,180,0,0,431409
0,5,1,0.5,-0.343205,180,0,0,431428
0,4,2,0.5,-0.342665,180,0,0,431445
0,2,3,0.5,-0.342395,180,0,31,431460
0,0,5,0.5,-0.342395,180,0,31,431476
0,-3,5,0.5,-0.3428,180,0,0,431497
0,-8,13,0.5,-0.34388,180,0,0,431515
0,-3,7,0.5,-0.344285,180,0,0,431531
0,0,0,0.5,-0.344285,180,0,0,431543
0,2,15,0.5,-0.344015,180,0,0,431563
0,8,6,0.5,-0.342935,180,0,0,431582
0,13,6,0.5,-0.34118,180,0,0,431595
0,15,5,0.5,-0.339155,180,0,0,431618
0,18,5,0.5,-0.336725,180,0,0,431630
0,16,4,0.5,-0.334565,180,0,0,431647
0,15,4,0.5,-0.33254,180,0,0,431662
0,13,3,0.5,-0.330785,180,0,0,431679
0,10,2,0.5,-0.329435,180,0,0,431695
0,6,2,0.5,-0.328625,180,0,0,431712
0,5,3,0.5,-0.32795,180,0,0,431726
0,3,4,0.5,-0.327545,180,0,0,431745
0,2,5,0.5,-0.327275,180,0,0,431761
0,1,7,0.5,-0.32714,180,0,0,431785
0,0,7,0.5,-0.32714,180,0,0,431800
0,0,9,0.5,-0.32714,180,0,0,431813
0,0,10,0.5,-0.32714,180,0,0,431829
0,0,11,0.5,-0.32714,180,0,0,431849
0,0,12,0.5,-0.32714,180,0,0,431866
0,0,13,0.5,-0.32714,180,0,0,431881
0,0,24,0.5,-0.32714,180,0,0,431903
0,0,12,0.5,-0.32714,180,0,0,431917
0,-1,11,0.5,-0.327275,180,0,0,431931
0,0,0,0.5,-0.327275,180,0,0,431944
0,1,19,0.5,-0.32714,180,0,0,431970
0,0,9,0.5,-0.32714,180,0,0,431982
0,3,8,0.5,-0.326735,180,0,0,431999
0,5,8,0.5,-0.32606,180,0,0,432014
0,6,8,0.5,-0.32525,180,0,0,432032
0,8,8,0.5,-0.32417,180,0,0,432047
0,11,9,0.5,-0.322685,180,0,0,432062
0,13,8,0.5,-0.32093,180,0,0,432083
0,18,9,0.5,-0.3185,180,0,0,432100
0,21,8,0.5,-0.315665,180,0,0,432116
0,25,9,0.5,-0.31229,180,0,0,432134
0,27,8,0.5,-0.308645,180,0,0,432150
0,29,7,0.5,-0.30473,180,0,0,432163
0,28,6,0.5,-0.30095,180,0,0,432179
0,25,5,0.5,-0.297575,180,0,0,432198
0,21,5,0.5,-0.29474,180,0,0,432215
0,32,8,0.5,-0.29042,180,0,0,432234
0,0,0,0.5,-0.29042,180,0,0,432245
0,10,5,0.5,-0.28907,180,0,0,432263
0,6,10,0.5,-0.28826,180,0,0,432282
0,1,6,0.5,-0.288125,180,0,0,432297
0,0,6,0.5,-0.288125,180,0,31,432316
0,0,6,0.5,-0.288125,180,0,31,432332
0,0,6,0.5,-0.288125,180,0,31,432355
0,-2,9,0.5,-0.288395,180,0,0,432384
0,-2,3,0.5,-0.288665,180,0,0,432403
0,-2,3,0.5,-0.288935,180,0,0,432417
0,-2,0,0.5,-0.289205,180,0,0,432422
0,0,2,0.5,-0.289205,180,0,0,432432
0,-2,2,0.5,-0.289475,180,0,31,432454
0,0,0,0.5,-0.289475,180,0,31,432466
0,0,0,0.5,-0.289475,180,0,31,432483
0,0,0,0.5,-0.289475,180,0,31,432499
0,0,0,0.5,-0.289475,180,0,31,432516
0,0,0,0.5,-0.289475,180,0,0,432534
0,-2,1,0.5,-0.289745,180,0,0,432550
0,3,2,0.5,-0.28934,180,0,0,432569
0,2,1,0.5,-0.28907,180,0,0,432584
0,2,1,0.5,-0.2888,180,0,0,432600
0,4,2,0.5,-0.28826,180,0,0,432618
0,3,1,0.5,-0.287855,180,0,0,432633
0,7,2,0.5,-0.28691,180,0,0,432652
0,7,2,0.5,-0.285965,180,0,0,432667
0,6,2,0.5,-0.285155,180,0,0,432684
0,4,2,0.5,-0.284615,180,0,0,432700
0,1,2,0.5,-0.28448,180,0,0,432721
0,0,3,0.5,-0.28448,180,0,0,432735
0,2,4,0.5,-0.28421,180,0,0,432750
0,3,5,0.5,-0.283805,180,0,0,432767
0,5,6,0.5,-0.28313,180,0,0,432789
0,6,7,0.5,-0.28232,180,0,0,432801
0,7,7,0.5,-0.281375,180,0,0,432817
0,6,8,0.5,-0.280565,180,0,0,432839
0,7,7,0.5,-0.27962,180,0,0,432852
0,9,9,0.5,-0.278405,180,0,0,432868
0,9,9,0.5,-0.27719,180,0,0,432884
0,11,9,0.5,-0.275705,180,0,0,432902
0,25,22,0.5,-0.27233,180,0,0,432923
0,0,0,0.5,-0.27233,180,0,0,432932
0,12,11,0.5,-0.27071,180,0,0,432958
0,21,22,0.5,-0.267875,180,0,0,432973
0,8,11,0.5,-0.266795,180,0,0,432987
0,9,11,0.5,-0.26558,180,0,0,433003
0,7,12,0.5,-0.264635,180,0,0,433023
0,8,10,0.5,-0.263555,180,0,0,433039
0,8,11,0.5,-0.262475,180,0,0,433053
0,8,10,0.5,-0.261395,180,0,0,433069
0,8,9,0.5,-0.260315,180,0,0,433086
0,8,8,0.5,-0.259235,180,0,0,433105
0,7,6,0.5,-0.25829,180,0,0,433121
0,6,5,0.5,-0.25748,180,0,0,433135
0,6,5,0.5,-0.25667,180,0,0,433150
0,7,5,0.5,-0.255725,180,0,0,433171
0,6,5,0.5,-0.254915,180,0,0,433184
0,7,5,0.5,-0.25397,180,0,0,433201
0,7,5,0.5,-0.253025,180,0,0,433218
0,9,6,0.5,-0.25181,180,0,0,433236
0,9,5,0.5,-0.250595,180,0,0,433253
0,12,5,0.5,-0.248975,180,1,0,433267
0,14,5,0.5,-0.247085,180,1,0,433288
0,16,5,0.5,-0.244925,180,1,0,433301
0,17,4,0.5,-0.24263,180,0,0,433317
0,18,4,0.5,-0.2402,180,0,0,433334
0,16,3,0.5,-0.23804,180,0,0,433350
0,14,2,0.5,-0.23615,180,0,0,433369
0,18,2,0.5,-0.23372,180,0,0,433383
0,7,2,0.5,-0.232775,180,0,0,433401
0,8,4,0.5,-0.231695,180,0,31,433417
0,9,6,0.5,-0.23048,180,0,31,433435
0,6,6,0.5,-0.22967,180,0,31,433451
0,3,8,0.5,-0.229265,180,0,31,433470
0,-2,7,0.5,-0.229535,180,0,31,433485
0,-6,7,0.5,-0.230345,180,0,31,433504
0,-8,6,0.5,-0.231425,180,0,31,433518
0,-7,5,0.5,-0.23237,180,0,31,433534
0,-7,4,0.5,-0.233315,180,0,0,433553
0,-7,3,0.5,-0.23426,180,0,0,433570
0,-7,2,0.5,-0.235205,180,0,0,433583
0,-5,0,0.5,-0.23588,180,0,0,433599
0,-4,0,0.5,-0.23642,180,0,31,433620
0,-3,0,0.5,-0.236825,180,0,31,433634
0,-2,0,0.5,-0.237095,180,0,31,433651
0,-1,0,0.5,-0.23723,180,0,31,433666
0,-3,0,0.5,-0.237635,180,0,31,433684
0,-2,0,0.5,-0.237905,180,0,31,433699
0,-3,1,0.5,-0.23831,180,0,31,433716
0,-4,1,0.5,-0.23885,180,0,31,433733
0,-3,1,0.5,-0.239255,180,0,31,433750
0,-3,1,0.5,-0.23966,180,0,31,433766
0,-3,2,0.5,-0.240065,180,0,31,433784
0,-2,1,0.5,-0.240335,180,0,31,433800
0,-1,1,0.5,-0.24047,180,0,31,433816
0,-1,1,0.5,-0.240605,180,0,31,433833
0,0,1,0.5,-0.240605,180,0,31,433852
0,-1,1,0.5,-0.24074,180,0,31,433866
0,-1,1,0.5,-0.240875,180,0,31,433883
0,-2,0,0.5,-0.241145,180,0,31,433899
0,-2,0,0.5,-0.241415,180,0,31,433918
0,-2,0,0.5,-0.241685,180,0,31,433936
0,-2,0,0.5,-0.241955,180,0,31,433953
0,-1,0,0.5,-0.24209,180,0,31,433966
0,-2,0,0.5,-0.24236,180,0,31,433982
0,-2,1,0.5,-0.24263,180,0,31,434000
0,-1,1,0.5,-0.242765,180,0,31,434019
0,-2,0,0.5,-0.243035,180,0,31,434034
0,-1,0,0.5,-0.24317,180,0,31,434051
0,-1,0,0.5,-0.243305,180,0,31,434066
0,0,0,0.5,-0.243305,180,0,31,434082
0,-1,0,0.5,-0.24344,180,0,31,434099
0,-1,0,0.5,-0.243575,180,0,31,434116
0,-1,0,0.5,-0.24371,180,0,31,434137
0,-1,0,0.5,-0.243845,180,0,31,434150
0,-1,0,0.5,-0.24398,180,0,31,434166
0,-3,0,0.5,-0.244385,180,0,31,434182
0,-2,1,0.5,-0.244655,180,0,31,434199
0,-1,0,0.5,-0.24479,180,0,31,434216
0,0,0,0.5,-0.24479,180,0,31,434233
0,0,0,0.5,-0.24479,180,0,31,434249
0,-1,0,0.5,-0.244925,180,0,31,434266
0,-1,0,0.5,-0.24506,180,0,31,434283
0,-1,0,0.5,-0.245195,180,0,31,434300
0,-2,0,0.5,-0.245465,180,0,31,434316
0,-2,-1,0.5,-0.245735,180,0,31,434333
0,0,0,0.5,-0.245735,180,0,31,434349
0,-1,-1,0.5,-0.24587,180,0,31,434366
0,-1,0,0.5,-0.246005,180,0,31,434382
0,-1,0,0.5,-0.24614,180,0,31,434399
0,0,0,0.5,-0.24614,180,0,31,434416
0,-1,0,0.5,-0.246275,180,0,31,434433
0,0,-1,0.5,-0.246275,180,0,31,434451
0,0,0,0.5,-0.246275,180,0,31,434466
0,-1,-1,0.5,-0.24641,180,0,31,434484
0,0,0,0.5,-0.24641,180,0,31,434499
0,-1,0,0.5,-0.246545,180,0,31,434517
0,-1,0,0.5,-0.24668,180,0,31,434533
0,0,0,0.5,-0.24668,180,0,31,434549
0,-2,-1,0.5,-0.24695,180,0,31,434568
0,1,-1,0.5,-0.246815,180,0,31,434589
0,0,0,0.5,-0.246815,180,0,31,434599
0,-1,0,0.5,-0.24695,180,0,31,434615
0,-1,0,0.5,-0.247085,180,0,31,434634
0,-2,0,0.5,-0.247355,180,0,31,434652
0,-2,0,0.5,-0.247625,180,0,31,434666
0,-1,0,0.5,-0.24776,180,0,31,434682
0,-1,0,0.5,-0.247895,180,0,31,434702
0,-4,0,0.5,-0.248435,180,0,31,434717
0,-3,0,0.5,-0.24884,180,0,31,434733
0,-1,0,0.5,-0.248975,180,0,31,434750
0,0,-1,0.5,-0.248975,180,0,31,434766
0,0,-1,0.5,-0.248975,180,0,31,434786
0,-1,-1,0.5,-0.24911,180,0,31,434800
0,-5,0,0.5,-0.249785,180,0,31,434816
0,-8,0,0.5,-0.250865,180,0,31,434836
0,-6,0,0.5,-0.251675,180,0,31,434849
0,-3,0,0.5,-0.25208,180,0,31,434865
0,0,0,0.5,-0.25208,180,0,31,434882
0,4,0,0.5,-0.25154,180,0,31,434899
0,4,0,0.5,-0.251,180,0,31,434916
0,2,0,0.5,-0.25073,180,0,31,434932
0,0,0,0.5,-0.25073,180,0,31,434948
0,-7,1,0.5,-0.251675,180,0,31,434967
0,-2,0,0.5,-0.251945,180,0,31,434982
0,0,0,0.5,-0.251945,180,0,31,434999
0,-1,0,0.5,-0.25208,180,0,31,435016
0,-3,1,0.5,-0.252485,180,0,31,435034
0,-7,1,0.5,-0.25343,180,0,31,435049
0,-7,2,0.5,-0.254375,180,0,31,435068
0,-3,0,0.5,-0.25478,180,0,31,435084
0,-2,0,0.5,-0.25505,180,0,31,435101
0,1,0,0.5,-0.254915,180,0,31,435122
0,0,0,0.5,-0.254915,180,0,31,435133
0,0,0,0.5,-0.254915,180,0,31,435152
0,-1,-1,0.5,-0.25505,180,0,31,435166
0,-4,-1,0.5,-0.25559,180,0,31,435184
0,-2,-1,0.5,-0.25586,180,0,31,435205
0,0,-1,0.5,-0.25586,180,0,31,435219
0,0,-1,0.5,-0.25586,180,0,31,435232
0,1,-1,0.5,-0.255725,180,0,31,435252
0,-2,-1,0.5,-0.255995,180,0,31,435266
0,0,0,0.5,-0.255995,180,0,31,435282
0,-3,-1,0.5,-0.2564,180,0,31,435299
0,0,0,0.5,-0.2564,180,0,31,435317
0,-1,-1,0.5,-0.256535,180,0,31,435333
0,0,-1,0.5,-0.256535,180,0,31,435350
0,0,-1,0.5,-0.256535,180,0,31,435366
0,-2,-1,0.5,-0.256805,180,0,31,435386
0,-2,-1,0.5,-0.257075,180,0,31,435401
0,-2,-1,0.5,-0.257345,180,0,31,435417
0,0,0,0.5,-0.257345,180,0,31,435435
0,1,-1,0.5,-0.25721,180,0,31,435450
0,0,0,0.5,-0.25721,180,0,31,435466
0,1,-1,0.5,-0.257075,180,0,31,435488
0,0,-1,0.5,-0.257075,180,0,31,435501
0,0,0,0.5,-0.257075,180,0,0,435517
0,-1,0,0.5,-0.25721,180,0,0,435533
0,1,0,0.5,-0.257075,180,0,31,435550
0,0,0,0.5,-0.257075,180,0,31,435566
0,2,0,0.5,-0.256805,180,0,31,435586
0,0,0,0.5,-0.256805,180,0,31,435601
0,-1,0,0.5,-0.25694,180,0,31,435617
0,0,0,0.5,-0.25694,180,0,31,435633
0,0,1,0.5,-0.25694,180,0,31,435652
0,-2,1,0.5,-0.25721,180,0,31,435667
0,0,1,0.5,-0.25721,180,0,31,435683
0,0,0,0.5,-0.25721,180,0,31,435700
0,0,0,0.5,-0.25721,180,0,31,435717
0,2,0,0.5,-0.25694,180,0,31,435737
0,1,0,0.5,-0.256805,180,0,31,435751
0,1,0,0.5,-0.25667,180,0,31,435767
0,1,0,0.5,-0.256535,180,0,31,435784
0,2,-1,0.5,-0.256265,180,0,31,435803
0,0,0,0.5,-0.256265,180,0,31,435820
0,0,0,0.5,-0.256265,180,0,31,435834
0,-1,-1,0.5,-0.2564,180,0,31,435855
0,0,0,0.5,-0.2564,180,0,31,435872
0,0,0,0.5,-0.2564,180,0,31,435885
0,-3,0,0.5,-0.256805,180,0,31,435900
0,-1,0,0.5,-0.25694,180,0,31,435921
0,-1,0,0.5,-0.257075,180,0,31,435935
0,-1,0,0.5,-0.25721,180,0,31,435952
0,-1,0,0.5,-0.257345,180,0,31,435968
0,0,-1,0.5,-0.257345,180,0,31,435985
0,0,-1,0.5,-0.257345,180,0,31,436007
0,0,0,0.5,-0.257345,180,0,31,436018
0,1,0,0.5,-0.25721,180,0,31,436035
0,0,0,0.5,-0.25721,180,0,31,436051
0,-3,0,0.5,-0.257615,180,0,31,436071
0,-6,0,0.5,-0.258425,180,0,31,436087
0,0,0,0.5,-0.258425,180,0,31,436103
0,-5,0,0.5,-0.2591,180,0,31,436118
0,-8,1,0.5,-0.26018,180,0,31,436136
0,-3,0,0.5,-0.260585,180,0,31,436151
0,-5,0,0.5,-0.26126,180,0,0,436168
0,-5,0,0.5,-0.261935,180,0,0,436184
0,-7,0,0.5,-0.26288,180,0,0,436206
0,-5,0,0.5,-0.263555,180,0,0,436222
0,-4,1,0.5,-0.264095,180,0,31,436237
0,-3,1,0.5,-0.2645,180,0,31,436252
0,-2,2,0.5,-0.26477,180,0,31,436271
0,-2,0,0.5,-0.26504,180,0,31,436285
0,-3,0,0.5,-0.265445,180,0,0,436303
0,-2,0,0.5,-0.265715,180,0,0,436319
0,0,1,0.5,-0.265715,180,0,0,436335
0,0,0,0.5,-0.265715,180,0,0,436351
0,0,0,0.5,-0.265715,180,0,0,436368
0,0,0,0.5,-0.265715,180,0,0,436385
0,1,-2,0.5,-0.26558,180,0,0,436405
0,-1,-1,0.5,-0.265715,180,0,0,436419
0,0,0,0.5,-0.265715,180,0,0,436435
0,2,1,0.5,-0.265445,180,0,31,436453
0,3,1,0.5,-0.26504,180,0,31,436469
0,2,2,0.5,-0.26477,180,0,31,436491
0,0,2,0.5,-0.26477,180,0,31,436504
0,-1,1,0.5,-0.264905,180,0,0,436520
0,-3,1,0.5,-0.26531,180,0,0,436537
0,-3,2,0.5,-0.265715,180,0,0,436554
0,0,1,0.5,-0.265715,180,0,31,436571
0,-1,2,0.5,-0.26585,180,0,31,436586
0,1,2,0.5,-0.265715,180,0,31,436604
0,0,1,0.5,-0.265715,180,0,31,436622
0,0,0,0.5,-0.265715,180,0,0,436637
0,0,0,0.5,-0.265715,180,0,0,436652
0,0,0,0.5,-0.265715,180,0,0,436670
0,0,0,0.5,-0.265715,180,0,31,436688
0,0,0,0.5,-0.265715,180,0,31,436702
0,0,1,0.5,-0.265715,180,0,0,436719
0,-1,1,0.5,-0.26585,180,0,0,436737
0,0,1,0.5,-0.26585,180,0,0,436752
0,-2,1,0.5,-0.26612,180,0,0,436769
0,-2,1,0.5,-0.26639,180,0,0,436786
0,-5,1,0.5,-0.267065,180,0,0,436803
0,-5,1,0.5,-0.26774,180,0,31,436823
0,-2,0,0.5,-0.26801,180,0,0,436838
0,0,0,0.5,-0.26801,180,0,0,436853
0,0,0,0.5,-0.26801,180,0,0,436869
0,3,-1,0.5,-0.267605,180,0,0,436886
0,3,-2,0.5,-0.2672,180,0,0,436903
0,7,-6,0.5,-0.266255,180,0,31,436921
0,5,-3,0.5,-0.26558,180,0,31,436937
0,5,-2,0.5,-0.264905,180,0,31,436953
0,4,-2,0.5,-0.264365,180,0,0,436970
0,1,-1,0.5,-0.26423,180,0,0,436994
0,0,0,0.5,-0.26423,180,0,0,437004
0,-3,0,0.5,-0.264635,180,0,0,437022
0,-2,1,0.5,-0.264905,180,0,0,437037
0,-1,3,0.5,-0.26504,180,0,31,437055
0,1,4,0.5,-0.264905,180,0,31,437072
0,2,4,0.5,-0.264635,180,0,31,437087
0,2,4,0.5,-0.264365,180,0,31,437106
0,2,3,0.5,-0.264095,180,0,0,437124
0,0,3,0.5,-0.264095,180,0,0,437137
0,-1,2,0.5,-0.26423,180,0,0,437161
0,0,0,0.5,-0.26423,180,0,0,437171
0,0,0,0.5,-0.26423,180,0,0,437187
0,3,0,0.5,-0.263825,180,0,31,437211
0,3,0,0.5,-0.26342,180,0,31,437223
0,0,0,0.5,-0.26342,180,0,0,437237
0,3,0,0.5,-0.263015,180,0,0,437253
0,3,1,0.5,-0.26261,180,0,0,437271
0,11,3,0.5,-0.261125,180,0,0,437290
0,7,3,0.5,-0.26018,180,0,0,437306
0,9,3,0.5,-0.258965,180,0,0,437321
0,8,4,0.5,-0.257885,180,0,0,437339
0,4,4,0.5,-0.257345,180,0,0,437358
0,3,5,0.5,-0.25694,180,0,0,437372
0,0,5,0.5,-0.25694,180,0,0,437388
0,0,4,0.5,-0.25694,180,0,0,437407
0,0,3,0.5,-0.25694,180,0,0,437422
0,1,3,0.5,-0.256805,180,0,0,437438
0,-1,3,0.5,-0.25694,180,0,0,437457
0,-2,3,0.5,-0.25721,180,0,0,437474
0,-3,3,0.5,-0.257615,180,0,0,437489
0,-4,3,0.5,-0.258155,180,0,0,437508
0,-5,3,0.5,-0.25883,180,0,0,437522
0,-3,3,0.5,-0.259235,180,0,0,437540
0,-3,2,0.5,-0.25964,180,0,0,437554
0,-2,2,0.5,-0.25991,180,0,0,437572
0,-3,3,0.5,-0.260315,180,0,0,437588
0,-2,2,0.5,-0.260585,180,0,0,437605
0,-4,3,0.5,-0.261125,180,0,0,437625
0,-7,7,0.5,-0.26207,180,0,0,437642
0,0,0,0.5,-0.26207,180,0,0,437656
0,-13,9,0.5,-0.263825,180,0,0,437673
0,-8,6,0.5,-0.264905,180,0,0,437689
0,-9,4,0.5,-0.26612,180,0,0,437706
0,-10,3,0.5,-0.26747,180,0,0,437724
0,-9,3,0.5,-0.268685,180,0,0,437739
0,-8,3,0.5,-0.269765,180,0,0,437757
0,-6,3,0.5,-0.270575,180,0,0,437774
0,-5,4,0.5,-0.27125,180,0,31,437792
0,-3,3,0.5,-0.271655,180,0,31,437811
0,-3,3,0.5,-0.27206,180,0,31,437826
0,-3,3,0.5,-0.272465,180,0,31,437843
0,-3,3,0.5,-0.27287,180,0,0,437858
0,-4,3,0.5,-0.27341,180,0,0,437872
0,-7,3,0.5,-0.274355,180,0,0,437889
0,-6,3,0.5,-0.275165,180,0,0,437908
0,-3,2,0.5,-0.27557,180,0,0,437922
0,1,1,0.5,-0.275435,180,0,0,437943
0,6,1,0.5,-0.274625,180,0,0,437958
0,8,0,0.5,-0.273545,180,0,0,437973
0,10,0,0.5,-0.272195,180,0,0,437988
0,22,3,0.5,-0.269225,180,0,0,438008
0,12,3,0.5,-0.267605,180,0,0,438024
0,9,4,0.5,-0.26639,180,0,0,438041
0,8,5,0.5,-0.26531,180,0,0,438059
0,7,5,0.5,-0.264365,180,0,0,438079
0,5,7,0.5,-0.26369,180,0,0,438091
0,4,7,0.5,-0.26315,180,0,0,438108
0,4,6,0.5,-0.26261,180,0,0,438127
0,3,6,0.5,-0.262205,180,0,0,438142
0,3,5,0.5,-0.2618,180,0,0,438158
0,2,5,0.5,-0.26153,180,0,0,438176
0,4,5,0.5,-0.26099,180,0,0,438190
0,4,5,0.5,-0.26045,180,0,0,438208
0,6,5,0.5,-0.25964,180,0,0,438223
0,7,5,0.5,-0.258695,180,0,0,438245
0,7,5,0.5,-0.25775,180,0,0,438259
0,6,6,0.5,-0.25694,180,0,0,438274
0,7,7,0.5,-0.255995,180,0,0,438291
0,5,7,0.5,-0.25532,180,0,0,438308
0,6,8,0.5,-0.25451,180,0,0,438326
0,5,9,0.5,-0.253835,180,0,0,438347
0,7,20,0.5,-0.25289,180,0,0,438375
0,0,11,0.5,-0.25289,180,0,0,438387
0,0,10,0.5,-0.25289,180,0,0,438399
0,1,10,0.5,-0.252755,180,0,0,438414
0,-1,10,0.5,-0.25289,180,0,0,438429
0,1,8,0.5,-0.252755,180,0,0,438443
0,2,6,0.5,-0.252485,180,0,0,438465
0,0,6,0.5,-0.252485,180,0,0,438481
0,2,5,0.5,-0.252215,180,0,0,438493
0,6,5,0.5,-0.251405,180,0,0,438509
0,8,5,0.5,-0.250325,180,0,0,438525
0,13,5,0.5,-0.24857,180,0,0,438541
0,16,4,0.5,-0.24641,180,0,0,438557
0,21,4,0.5,-0.243575,180,0,0,438580
0,23,4,0.5,-0.24047,180,0,0,438595
0,26,3,0.5,-0.23696,180,0,0,438607
0,25,3,0.5,-0.233585,180,0,0,438625
0,23,3,0.5,-0.23048,180,0,0,438643
0,19,2,0.5,-0.227915,180,0,0,438659
0,14,3,0.5,-0.226025,180,0,0,438674
0,9,3,0.5,-0.22481,180,0,0,438690
0,6,4,0.5,-0.224,180,0,0,438709
0,1,6,0.5,-0.223865,180,0,0,438726
0,-1,6,0.5,-0.224,180,0,0,438741
0,-3,15,0.5,-0.224405,180,0,31,438776
0,1,8,0.5,-0.22427,180,0,0,438791
0,3,9,0.5,-0.223865,180,0,0,438800
0,6,9,0.5,-0.223055,180,0,0,438812
0,10,9,0.5,-0.221705,180,0,0,438827
0,13,9,0.5,-0.21995,180,0,0,438848
0,15,9,0.5,-0.217925,180,0,0,438866
0,18,10,0.5,-0.215495,180,0,0,438878
0,21,10,0.5,-0.21266,180,0,0,438893
0,23,9,0.5,-0.209555,180,0,0,438910
0,27,10,0.5,-0.20591,180,0,0,438930
0,27,9,0.5,-0.202265,180,0,0,438948
0,31,9,0.5,-0.19808,180,0,0,438966
0,29,8,0.5,-0.194165,180,0,0,438978
0,29,7,0.5,-0.19025,180,0,0,438993
0,24,6,0.5,-0.18701,180,0,0,439011
0,18,5,0.5,-0.18458,180,0,0,439031
0,12,4,0.5,-0.18296,180,0,0,439048
0,4,3,0.5,-0.18242,180,0,0,439059
0,-2,2,0.5,-0.18269,180,0,0,439076
0,-10,3,0.5,-0.18404,180,0,0,439092
0,-9,2,0.5,-0.185255,180,0,0,439109
0,-16,6,0.5,-0.187415,180,0,0,439131
0,0,0,0.5,-0.187415,180,0,0,439141
0,-5,2,0.5,-0.18809,180,0,0,439158
0,-2,2,0.5,-0.18836,180,0,0,439175
0,1,2,0.5,-0.188225,180,0,0,439195
0,1,0,0.5,-0.18809,180,0,0,439209
0,3,1,0.5,-0.187685,180,0,0,439226
0,3,0,0.5,-0.18728,180,0,31,439241
0,0,0,0.5,-0.18728,180,0,31,439259
0,-1,1,0.5,-0.187415,180,0,31,439275
0,-4,2,0.5,-0.187955,180,0,31,439292
0,-4,2,0.5,-0.188495,180,0,31,439309
0,-6,4,0.5,-0.189305,180,0,31,439329
0,-6,4,0.5,-0.190115,180,0,31,439349
0,-6,5,0.5,-0.190925,180,0,0,439361
0,-10,6,0.5,-0.192275,180,0,31,439379
0,-9,5,0.5,-0.19349,180,0,31,439394
0,-10,5,0.5,-0.19484,180,0,31,439411
0,-8,4,0.5,-0.19592,180,0,31,439427
0,-6,3,0.5,-0.19673,180,0,31,439445
0,-9,2,0.5,-0.197945,180,0,31,439458
0,-7,0,0.5,-0.19889,180,0,31,439477
0,-10,0,0.5,-0.20024,180,0,31,439494
0,-6,0,0.5,-0.20105,180,0,31,439507
0,-5,0,0.5,-0.201725,180,0,31,439528
0,-2,0,0.5,-0.201995,180,0,31,439541
0,0,-1,0.5,-0.201995,180,0,31,439559
0,7,-5,0.5,-0.20105,180,0,31,439577
0,6,-3,0.5,-0.20024,180,0,31,439592
0,5,-2,0.5,-0.199565,180,0,31,439610
0,7,-2,0.5,-0.19862,180,0,0,439626
0,7,-1,0.5,-0.197675,180,0,0,439641
0,6,0,0.5,-0.196865,180,0,0,439660
0,8,0,0.5,-0.195785,180,0,0,439676
0,8,0,0.5,-0.194705,180,0,0,439691
0,9,1,0.5,-0.19349,180,0,0,439710
0,9,3,0.5,-0.192275,180,0,0,439727
0,9,3,0.5,-0.19106,180,0,0,439744
0,10,4,0.5,-0.18971,180,0,0,439759
0,10,4,0.5,-0.18836,180,0,0,439780
0,9,4,0.5,-0.187145,180,0,0,439795
0,7,6,0.5,-0.1862,180,0,0,439810
0,6,6,0.5,-0.18539,180,0,0,439828
0,8,6,0.5,-0.18431,180,0,0,439848
0,8,6,0.5,-0.18323,180,0,0,439864
0,10,6,0.5,-0.18188,180,0,0,439879
0,11,5,0.5,-0.180395,180,0,0,439894
0,13,5,0.5,-0.17864,180,0,0,439915
0,30,10,0.5,-0.17459,180,0,0,439935
0,15,2,0.5,-0.172565,180,0,0,439947
0,16,6,0.5,-0.170405,180,0,0,439961
0,13,4,0.5,-0.16865,180,0,0,439983
0,13,3,0.5,-0.166895,180,0,0,439997
0,10,2,0.5,-0.165545,180,0,0,440017
0,9,1,0.5,-0.16433,180,0,0,440026
0,8,0,0.5,-0.16325,180,0,0,440046
0,7,0,0.5,-0.162305,180,0,0,440061
0,7,0,0.5,-0.16136,180,0,0,440077
0,7,0,0.5,-0.160415,180,0,31,440094
0,9,0,0.5,-0.1592,180,0,31,440110
0,9,0,0.5,-0.157985,180,0,0,440127
0,7,0,0.5,-0.15704,180,0,0,440142
0,9,0,0.5,-0.155825,180,0,0,440159
0,12,0,0.5,-0.154205,180,0,0,440176
0,15,0,0.5,-0.15218,180,0,0,440192
0,18,0,0.5,-0.14975,180,0,0,440209
0,20,0,0.5,-0.14705,180,0,0,440225
0,20,2,0.5,-0.14435,180,0,0,440244
0,19,3,0.5,-0.141785,180,0,0,440261
0,16,3,0.5,-0.139625,180,0,0,440278
0,15,3,0.5,-0.1376,180,0,0,440296
0,34,5,0.5,-0.13301,180,0,0,440317
0,22,2,0.5,-0.13004,180,0,0,440332
0,23,1,0.5,-0.126935,180,0,0,440346
0,23,0,0.5,-0.12383,180,0,0,440360
0,20,0,0.5,-0.12113,180,0,0,440380
0,19,0,0.5,-0.118565,180,0,0,440394
0,17,-1,0.5,-0.11627,180,0,0,440410
0,18,-2,0.5,-0.11384,180,0,0,440428
0,16,-1,0.5,-0.11168,180,0,0,440444
0,19,-2,0.5,-0.109115,180,0,0,440466
0,18,0,0.5,-0.106685,180,0,0,440479
0,16,0,0.5,-0.104525,180,0,0,440494
0,14,2,0.5,-0.102635,180,0,0,440515
0,13,2,0.5,-0.10088,180,0,0,440531
0,11,3,0.5,-0.099395,180,0,0,440545
0,12,2,0.5,-0.097775,180,0,0,440562
0,13,1,0.5,-0.09602,180,0,0,440576
0,13,0,0.5,-0.094265,180,0,0,440596
0,10,0,0.5,-0.092915,180,0,0,440610
0,8,0,0.5,-0.091835,180,0,31,440627
0,8,0,0.5,-0.090755,180,0,31,440650
0,0,0,0.5,-0.090755,180,0,31,440663
0,4,-1,0.5,-0.090215,180,0,31,440679
0,2,-1,0.5,-0.089945,180,0,0,440693
0,1,0,0.5,-0.08981,180,0,0,440712
0,-3,0,0.5,-0.090215,180,0,0,440726
0,-6,1,0.5,-0.091025,180,0,0,440745
0,-19,0,0.5,-0.09359,180,0,0,440760
0,-14,0,0.5,-0.09548,180,0,0,440776
0,-14,-1,0.5,-0.09737,180,0,0,440797
0,-12,-1,0.5,-0.09899,180,0,0,440811
0,-8,0,0.5,-0.10007,180,0,0,440829
0,-6,0,0.5,-0.10088,180,0,0,440844
0,-2,0,0.5,-0.10115,180,0,0,440861
0,-2,0,0.5,-0.10142,180,0,0,440878
0,0,1,0.5,-0.10142,180,0,0,440895
0,3,2,0.5,-0.101015,180,0,0,440911
0,6,2,0.5,-0.100205,180,0,0,440930
0,6,2,0.5,-0.099395,180,0,0,440952
0,6,1,0.5,-0.098585,180,0,0,440963
0,2,0,0.5,-0.098315,180,0,0,440979
0,2,0,0.5,-0.098045,180,0,0,440995
0,1,0,0.5,-0.09791,180,0,0,441011
0,7,-1,0.5,-0.096965,180,0,0,441036
0,6,0,0.5,-0.096155,180,0,0,441049
0,0,0,0.5,-0.096155,180,0,0,441061
0,9,1,0.5,-0.09494,180,0,0,441078
0,13,1,0.5,-0.093185,180,0,0,441095
0,37,3,0.5,-0.08819,180,0,0,441116
0,22,0,0.5,-0.08522,180,0,0,441128
0,22,0,0.5,-0.08225,180,0,0,441144
0,20,-1,0.5,-0.07955,180,0,0,441165
0,16,-2,0.5,-0.07739,180,0,0,441179
0,14,-3,0.5,-0.0755,180,0,0,441196
0,11,-4,0.5,-0.074015,180,0,0,441217
0,9,-5,0.5,-0.0728,180,0,0,441233
0,8,-6,0.5,-0.07172,180,0,0,441247
0,7,-6,0.5,-0.070775,180,0,0,441267
0,6,-6,0.5,-0.069965,180,0,0,441281
0,8,-7,0.5,-0.068885,180,0,0,441300
0,10,-6,0.5,-0.067535,180,0,0,441320
0,14,-6,0.5,-0.065645,180,0,0,441330
0,17,-5,0.5,-0.06335,180,0,0,441346
0,16,-4,0.5,-0.06119,180,0,0,441366
0,14,-3,0.5,-0.0593,180,0,0,441381
0,11,-1,0.5,-0.057815,180,0,0,441399
0,8,0,0.5,-0.056735,180,0,0,441415
0,7,1,0.5,-0.05579,180,0,0,441429
0,6,2,0.5,-0.05498,180,0,0,441445
0,5,2,0.5,-0.054305,180,0,0,441463
0,8,5,0.5,-0.053225,180,0,0,441481
0,3,3,0.5,-0.05282,180,0,0,441499
0,2,3,0.5,-0.05255,180,0,0,441519
0,1,4,0.5,-0.052415,180,0,0,441530
0,0,3,0.5,-0.052415,180,0,0,441547
0,-1,3,0.5,-0.05255,180,0,0,441567
0,-2,1,0.5,-0.05282,180,0,0,441580
0,-2,1,0.5,-0.05309,180,0,0,441598
0,-3,0,0.5,-0.053495,180,0,0,441612
0,0,-1,0.5,-0.053495,180,0,0,441632
0,6,-1,0.5,-0.052685,180,0,0,441648
0,9,-2,0.5,-0.05147,180,0,0,441663
0,12,-4,0.5,-0.04985,180,0,0,441681
0,11,-6,0.5,-0.048365,180,0,0,441699
0,13,-8,0.5,-0.04661,180,0,0,441716
0,14,-9,0.5,-0.04472,180,0,0,441731
0,25,-20,0.5,-0.041345,180,0,0,441758
0,0,0,0.5,-0.041345,180,0,0,441765
0,10,-9,0.5,-0.039995,180,0,0,441788
0,10,-9,0.5,-0.038645,180,0,0,441802
0,16,-7,0.5,-0.036485,180,0,0,441820
0,0,-6,0.5,-0.036485,180,0,0,441835
0,9,-10,0.5,-0.03527,180,0,0,441858
0,5,-5,0.5,-0.034595,180,0,0,441870
0,0,0,0.5,-0.034595,180,0,0,441880
0,13,-8,0.5,-0.03284,180,0,0,441900
0,10,-3,0.5,-0.03149,180,0,0,441915
0,11,-4,0.5,-0.030005,180,0,0,441932
0,15,-3,0.5,-0.02798,180,0,0,441947
0,14,-2,0.5,-0.02609,180,0,0,441965
0,14,-1,0.5,-0.0242,180,0,0,441981
0,12,0,0.5,-0.02258,180,0,0,441996
0,10,1,0.5,-0.02123,180,0,0,442016
0,7,2,0.5,-0.020285,180,0,0,442037
0,5,2,0.5,-0.01961,180,0,0,442046
0,6,2,0.5,-0.0188,180,0,0,442065
0,8,2,0.5,-0.01772,180,0,0,442081
0,8,0,0.5,-0.01664,180,0,0,442096
0,8,-2,0.5,-0.01556,180,0,0,442118
0,8,-4,0.5,-0.01448,180,0,0,442132
0,5,-6,0.5,-0.013805,180,0,0,442151
0,6,-6,0.5,-0.012995,180,0,0,442166
0,6,-7,0.5,-0.012185,180,0,0,442183
0,8,-8,0.5,-0.011105,180,0,0,442199
0,11,-8,0.5,-0.00962,180,0,0,442218
0,10,-8,0.5,-0.00827,180,0,0,442240
0,13,-8,0.5,-0.006515,180,0,0,442249
0,26,-11,0.5,-0.003005,180,0,0,442272
0,14,-5,0.5,-0.001115,180,0,0,442284
0,13,-4,0.5,0.00064,180,0,0,442298
0,10,-3,0.5,0.00199,180,0,0,442315
0,11,-3,0.5,0.003475,180,0,0,442331
0,10,-2,0.5,0.004825,180,0,0,442347
0,8,-1,0.5,0.005905,180,0,0,442367
0,5,0,0.5,0.00658,180,0,0,442383
0,2,2,0.5,0.00685,180,0,0,442397
0,-2,2,0.5,0.00658,180,0,0,442416
0,-4,2,0.5,0.00604,180,0,0,442435
0,-3,2,0.5,0.005635,180,0,0,442449
0,-1,2,0.5,0.0055,180,0,0,442465
0,2,1,0.5,0.00577,180,0,0,442483
0,11,2,0.5,0.007255,180,0,0,442508
0,0,0,0.5,0.007255,180,0,0,442517
0,8,1,0.5,0.008335,180,0,0,442533
0,9,0,0.5,0.00955,180,0,0,442549
0,22,-1,0.5,0.01252,180,0,0,442572
0,0,0,0.5,0.01252,180,0,0,442580
0,9,-1,0.5,0.013735,180,0,0,442597
0,14,-3,0.5,0.015625,180,0,0,442619
0,5,-1,0.5,0.0163,180,0,0,442633
0,2,0,0.5,0.01657,180,0,0,442653
0,0,0,0.5,0.01657,180,0,0,442664
0,-1,-1,0.5,0.016435,180,0,31,442682
0,-5,-2,0.5,0.01576,180,0,31,442698
0,-4,-3,0.5,0.01522,180,0,31,442720
0,-6,-5,0.5,0.01441,180,0,31,442733
0,-5,-4,0.5,0.013735,180,0,0,442749
0,-3,-4,0.5,0.01333,180,0,0,442771
0,-1,-3,0.5,0.013195,180,0,0,442783
0,1,-2,0.5,0.01333,180,0,31,442800
0,4,-1,0.5,0.01387,180,0,31,442816
0,5,0,0.5,0.014545,180,0,31,442832
0,5,2,0.5,0.01522,180,0,0,442851
0,6,4,0.5,0.01603,180,0,0,442867
0,6,5,0.5,0.01684,180,0,0,442886
0,8,5,0.5,0.01792,180,0,0,442901
0,10,6,0.5,0.01927,180,0,0,442919
0,10,5,0.5,0.02062,180,0,0,442935
0,9,3,0.5,0.021835,180,0,0,442948
0,6,1,0.5,0.022645,180,0,0,442969
0,10,1,0.5,0.023995,180,0,0,442984
0,0,0,0.5,0.023995,180,0,0,442998
0,8,-1,0.5,0.025075,180,0,0,443017
0,0,0,0.5,0.025075,180,0,0,443031
0,7,-2,0.5,0.02602,180,0,0,443049
0,5,0,0.5,0.026695,180,0,0,443064
0,7,-2,0.5,0.02764,180,0,0,443083
0,7,0,0.5,0.028585,180,0,0,443098
0,8,2,0.5,0.029665,180,0,0,443119
0,8,2,0.5,0.030745,180,0,0,443135
0,7,5,0.5,0.03169,180,0,0,443150
0,5,6,0.5,0.032365,180,0,0,443166
0,3,7,0.5,0.03277,180,0,0,443185
0,3,7,0.5,0.033175,180,0,0,443203
0,2,5,0.5,0.033445,180,0,0,443219
0,5,4,0.5,0.03412,180,0,0,443233
0,8,4,0.5,0.0352,180,0,0,443250
0,14,5,0.5,0.03709,180,0,0,443268
0,17,5,0.5,0.039385,180,0,0,443286
0,20,6,0.5,0.042085,180,0,0,443302
0,21,5,0.5,0.04492,180,0,0,443317
0,22,4,0.5,0.04789,180,0,0,443334
0,21,3,0.5,0.050725,180,0,0,443350
0,43,6,0.5,0.05653,180,0,0,443371
0,0,0,0.5,0.05653,180,0,0,443383
0,41,6,0.5,0.062065,180,0,0,443403
0,19,3,0.5,0.06463,180,0,0,443417
0,14,2,0.5,0.06652,180,0,0,443433
0,12,1,0.5,0.06814,180,0,0,443453
0,12,1,0.5,0.06976,180,0,0,443467
0,10,1,0.5,0.07111,180,0,31,443484
0,5,2,0.5,0.071785,180,0,0,443505
0,1,3,0.5,0.07192,180,0,0,443518
0,-2,4,0.5,0.07165,180,0,0,443541
0,-5,3,0.5,0.070975,180,0,0,443556
0,-6,3,0.5,0.070165,180,0,0,443569
0,-7,3,0.5,0.06922,180,0,0,443584
0,-4,3,0.5,0.06868,180,0,0,443604
0,0,3,0.5,0.06868,180,0,0,443617
0,6,3,0.5,0.06949,180,0,0,443635
0,10,2,0.5,0.07084,180,0,0,443651
0,14,3,0.5,0.07273,180,0,0,443667
0,15,4,0.5,0.074755,180,0,0,443687
0,17,5,0.5,0.07705,180,0,0,443701
0,14,5,0.5,0.07894,180,0,0,443717
0,15,6,0.5,0.080965,180,0,0,443734
0,32,14,0.5,0.085285,180,0,0,443758
0,18,7,0.5,0.087715,180,0,0,443774
0,18,6,0.5,0.090145,180,0,0,443788
0,17,6,0.5,0.09244,180,0,0,443802
0,19,6,0.5,0.095005,180,0,0,443820
0,16,5,0.5,0.097165,180,0,0,443837
0,16,5,0.5,0.099325,180,0,0,443851
0,14,4,0.5,0.101215,180,0,0,443871
0,14,3,0.5,0.103105,180,0,0,443885
0,14,1,0.5,0.104995,180,0,0,443900
0,15,0,0.5,0.10702,180,0,0,443917
0,14,-1,0.5,0.10891,180,0,0,443936
0,12,-1,0.5,0.11053,180,0,0,443951
0,7,-2,0.5,0.111475,180,0,0,443970
0,6,-1,0.5,0.112285,180,0,0,443988
0,5,-2,0.5,0.11296,180,0,0,444002
0,5,-1,0.5,0.113635,180,0,0,444020
0,7,-2,0.5,0.11458,180,0,0,444036
0,7,-2,0.5,0.115525,180,0,0,444055
0,8,-3,0.5,0.116605,180,0,0,444068
0,7,-3,0.5,0.11755,180,0,0,444086
0,7,-4,0.5,0.118495,180,0,0,444101
0,8,-4,0.5,0.119575,180,0,0,444119
0,26,-5,0.5,0.123085,180,0,0,444137
0,17,-10,0.5,0.12538,180,0,0,444157
0,0,0,0.5,0.12538,180,0,0,444167
0,19,-5,0.5,0.127945,180,0,0,444185
0,38,-5,0.5,0.133075,180,0,0,444203
0,20,0,0.5,0.135775,180,0,0,444217
0,20,1,0.5,0.138475,180,0,0,444237
0,19,2,0.5,0.14104,180,0,0,444251
0,15,2,0.5,0.143065,180,0,0,444270
0,13,1,0.5,0.14482,180,0,0,444285
0,10,1,0.5,0.14617,180,0,0,444301
0,7,0,0.5,0.147115,180,0,0,444321
0,5,0,0.5,0.14779,180,0,0,444336
0,3,0,0.5,0.148195,180,0,0,444352
0,2,1,0.5,0.148465,180,0,0,444368
0,2,2,0.5,0.148735,180,0,0,444388
0,4,3,0.5,0.149275,180,0,31,444402
0,5,3,0.5,0.14995,180,0,31,444420
0,9,3,0.5,0.151165,180,0,31,444436
0,11,3,0.5,0.15265,180,0,0,444451
0,14,3,0.5,0.15454,180,0,0,444472
0,34,6,0.5,0.15913,180,0,0,444490
0,0,0,0.5,0.15913,180,0,0,444502
0,18,2,0.5,0.16156,180,0,0,444518
0,19,3,0.5,0.164125,180,0,0,444536
0,22,3,0.5,0.167095,180,0,0,444552
0,23,2,0.5,0.1702,180,0,0,444570
0,44,1,0.5,0.17614,180,0,0,444586
0,20,0,0.5,0.17884,180,0,0,444602
0,18,-1,0.5,0.18127,180,0,0,444619
0,17,-2,0.5,0.183565,180,0,0,444636
0,17,-3,0.5,0.18586,180,0,0,444651
0,15,-3,0.5,0.187885,180,0,0,444671
0,15,-3,0.5,0.18991,180,0,0,444688
0,13,0,0.5,0.191665,180,0,0,444703
0,13,0,0.5,0.19342,180,0,0,444719
0,15,1,0.5,0.195445,180,0,0,444737
0,16,2,0.5,0.197605,180,0,0,444753
0,16,2,0.5,0.199765,180,0,0,444770
0,18,3,0.5,0.202195,180,0,0,444788
0,21,3,0.5,0.20503,180,0,0,444802
0,22,3,0.5,0.208,180,0,0,444820
0,25,3,0.5,0.211375,180,0,0,444837
0,27,3,0.5,0.21502,180,0,0,444856
0,29,3,0.5,0.218935,180,0,0,444869
0,29,2,0.5,0.22285,180,0,0,444886
0,27,1,0.5,0.226495,180,0,0,444904
0,23,0,0.5,0.2296,180,0,0,444919
0,44,0,0.5,0.23554,180,0,0,444936
0,21,0,0.5,0.238375,180,0,0,444953
0,20,-1,0.5,0.241075,180,0,0,444969
0,19,-1,0.5,0.24364,180,0,0,444989
0,16,-1,0.5,0.2458,180,0,0,445007
0,14,0,0.5,0.24769,180,0,0,445018
0,12,0,0.5,0.24931,180,0,0,445037
0,12,2,0.5,0.25093,180,0,0,445056
0,11,2,0.5,0.252415,180,0,0,445071
0,12,3,0.5,0.254035,180,0,0,445089
0,14,2,0.5,0.255925,180,0,0,445104
0,18,1,0.5,0.258355,180,0,0,445121
0,21,1,0.5,0.26119,180,0,0,445139
0,24,1,0.5,0.26443,180,0,0,445152
0,26,0,0.5,0.26794,180,0,0,445169
0,28,1,0.5,0.27172,180,0,0,445185
0,29,0,0.5,0.275635,180,0,0,445204
0,31,1,0.5,0.27982,180,0,0,445219
0,30,0,0.5,0.28387,180,0,0,445238
0,30,0,0.5,0.28792,180,0,0,445255
0,52,0,0.5,0.29494,180,0,0,445272
0,24,0,0.5,0.29818,180,0,0,445290
0,20,0,0.5,0.30088,180,0,0,445305
0,0,0,0.5,0.30088,180,0,0,445319
0,30,1,0.5,0.30493,180,0,0,445338
0,10,3,0.5,0.30628,180,0,0,445355
0,8,3,0.5,0.30736,180,0,0,445374
0,6,2,0.5,0.30817,180,0,0,445389
0,9,2,0.5,0.309385,180,0,0,445403
0,11,1,0.5,0.31087,180,0,0,445421
0,14,0,0.5,0.31276,180,0,0,445436
0,16,0,0.5,0.31492,180,0,0,445454
0,18,0,0.5,0.31735,180,0,0,445469
0,19,0,0.5,0.319915,180,0,0,445489
0,20,0,0.5,0.322615,180,0,0,445506
0,22,0,0.5,0.325585,180,0,0,445520
0,21,-1,0.5,0.32842,180,0,0,445539
0,24,-2,0.5,0.33166,180,0,0,445553
0,22,-2,0.5,0.33463,180,0,0,445574
0,23,-3,0.5,0.337735,180,0,0,445593
0,21,-4,0.5,0.34057,180,0,0,445608
0,18,-4,0.5,0.343,180,0,0,445622
0,13,-4,0.5,0.344755,180,0,0,445638
0,8,-3,0.5,0.345835,180,0,31,445656
0,6,-1,0.5,0.346645,180,0,0,445671
0,2,0,0.5,0.346915,180,0,0,445694
0,-1,1,0.5,0.34678,180,0,0,445708
0,-1,1,0.5,0.346645,180,0,0,445722
0,0,0,0.5,0.346645,180,0,0,445736
0,1,1,0.5,0.34678,180,0,0,445757
0,3,1,0.5,0.347185,180,0,31,445774
0,4,0,0.5,0.347725,180,0,31,445788
0,3,1,0.5,0.34813,180,0,31,445803
0,1,1,0.5,0.348265,180,0,0,445821
0,-2,2,0.5,0.347995,180,0,0,445838
0,-4,2,0.5,0.347455,180,0,0,445856
0,-5,2,0.5,0.34678,180,0,0,445871
0,-3,2,0.5,0.346375,180,0,0,445889
0,-3,2,0.5,0.34597,180,0,0,445904
0,-1,1,0.5,0.345835,180,0,0,445922
0,-1,1,0.5,0.3457,180,0,0,445938
0,1,1,0.5,0.345835,180,0,0,445954
0,5,1,0.5,0.34651,180,0,0,445971
0,5,0,0.5,0.347185,180,0,0,445990
0,3,1,0.5,0.34759,180,0,0,446006
0,2,1,0.5,0.34786,180,0,0,446020
0,-1,1,0.5,0.347725,180,0,0,446041
0,-5,1,0.5,0.34705,180,0,0,446056
0,-10,2,0.5,0.3457,180,0,0,446075
0,0,0,0.5,0.3457,180,0,0,446087
0,-2,1,0.5,0.34543,180,0,0,446105
0,0,0,0.5,0.34543,180,0,0,446120
0,2,1,0.5,0.3457,180,0,0,446137
0,-4,0,0.5,0.34516,180,0,0,446155
0,-6,0,0.5,0.34435,180,0,0,446170
0,-7,0,0.5,0.343405,180,0,0,446187
0,-6,0,0.5,0.342595,180,0,0,446204
0,-4,0,0.5,0.342055,180,0,0,446221
0,-3,0,0.5,0.34165,180,0,0,446237
0,-4,0,0.5,0.34111,180,0,0,446254
0,-6,0,0.5,0.3403,180,0,0,446271
0,-8,0,0.5,0.33922,180,0,0,446287
0,-7,0,0.5,0.338275,180,0,0,446305
0,-5,0,0.5,0.3376,180,0,0,446324
0,-2,0,0.5,0.33733,180,0,0,446338
0,-1,0,0.5,0.337195,180,0,31,446355
0,0,0,0.5,0.337195,180,0,31,446370
0,3,0,0.5,0.3376,180,0,31,446388
0,3,0,0.5,0.338005,180,0,31,446405
0,1,0,0.5,0.33814,180,0,31,446422
0,0,0,0.5,0.33814,180,0,0,446439
0,-4,0,0.5,0.3376,180,0,0,446454
0,-6,0,0.5,0.33679,180,0,0,446471
0,-13,2,0.5,0.335035,180,0,31,446490
0,-2,1,0.5,0.334765,180,0,31,446506
0,0,1,0.5,0.334765,180,0,31,446529
0,2,2,0.5,0.335035,180,0,0,446545
0,1,2,0.5,0.33517,180,0,0,446558
0,2,2,0.5,0.33544,180,0,0,446575
0,2,3,0.5,0.33571,180,0,0,446589
0,2,3,0.5,0.33598,180,0,0,446606
0,1,4,0.5,0.336115,180,0,0,446624
0,1,3,0.5,0.33625,180,0,0,446642
0,0,4,0.5,0.33625,180,0,0,446656
0,0,4,0.5,0.33625,180,0,0,446673
0,0,4,0.5,0.33625,180,0,0,446690
0,-1,3,0.5,0.336115,180,0,0,446708
0,-1,4,0.5,0.33598,180,0,0,446724
0,-1,4,0.5,0.335845,180,0,0,446741
0,0,4,0.5,0.335845,180,0,0,446757
0,-1,5,0.5,0.33571,180,0,0,446773
0,-1,5,0.5,0.335575,180,0,0,446797
0,1,6,0.5,0.33571,180,0,0,446815
0,0,6,0.5,0.33571,180,0,0,446824
0,0,7,0.5,0.33571,180,0,0,446844
0,6,15,0.5,0.33652,180,0,0,446863
0,6,6,0.5,0.33733,180,0,0,446876
0,8,5,0.5,0.33841,180,0,0,446890
0,11,4,0.5,0.339895,180,0,0,446908
0,11,4,0.5,0.34138,180,0,0,446923
0,12,5,0.5,0.343,180,0,0,446939
0,10,5,0.5,0.34435,180,0,0,446961
0,7,6,0.5,0.345295,180,0,0,446978
0,3,7,0.5,0.3457,180,0,0,446991
0,0,8,0.5,0.3457,180,0,0,447008
0,3,8,0.5,0.346105,180,0,0,447030
0,6,9,0.5,0.346915,180,0,0,447041
0,5,9,0.5,0.34759,180,0,0,447059
0,8,9,0.5,0.34867,180,0,0,447077
0,18,17,0.5,0.3511,180,0,0,447101
0,0,0,0.5,0.3511,180,0,0,447106
0,10,8,0.5,0.35245,180,0,0,447125
0,7,7,0.5,0.353395,180,0,31,447148
0,6,5,0.5,0.354205,180,0,31,447163
0,3,3,0.5,0.35461,180,0,31,447175
0,1,2,0.5,0.354745,180,0,31,447190
0,-2,2,0.5,0.354475,180,0,0,447210
0,-5,2,0.5,0.3538,180,0,0,447228
0,0,0,0.5,0.3538,180,0,0,447240
0,-6,3,0.5,0.35299,180,0,0,447257
0,-13,10,0.5,0.351235,180,0,0,447278
0,-3,5,0.5,0.35083,180,0,0,447294
0,-1,6,0.5,0.350695,180,0,0,447312
0,4,6,0.5,0.351235,180,0,0,447326
0,6,7,0.5,0.352045,180,0,0,447348
0,7,8,0.5,0.35299,180,0,0,447359
0,7,9,0.5,0.353935,180,0,0,447377
0,8,11,0.5,0.355015,180,0,0,447396
0,7,11,0.5,0.35596,180,0,0,447411
0,8,11,0.5,0.35704,180,0,0,447429
0,12,11,0.5,0.35866,180,0,0,447443
0,15,11,0.5,0.360685,180,0,0,447460
0,18,11,0.5,0.363115,180,0,0,447476
0,22,10,0.5,0.366085,180,0,0,447495
0,23,9,0.5,0.36919,180,0,0,447521
0,54,19,0.5,0.37648,180,0,0,447541
0,27,8,0.5,0.380125,180,0,0,447552
0,0,0,0.5,0.380125,180,0,0,447558
0,25,7,0.5,0.3835,180,0,0,447576
0,22,5,0.5,0.38647,180,0,0,447594
0,41,9,0.5,0.392005,180,0,0,447611
0,16,3,0.5,0.394165,180,0,0,447625
0,14,2,0.5,0.396055,180,0,0,447646
0,10,2,0.5,0.397405,180,0,0,447665
0,11,2,0.5,0.39889,180,0,0,447677
0,11,2,0.5,0.400375,180,0,0,447691
0,12,3,0.5,0.401995,180,0,0,447713
0,15,4,0.5,0.40402,180,0,0,447728
0,16,4,0.5,0.40618,180,0,0,447741
0,16,5,0.5,0.40834,180,0,0,447761
0,16,5,0.5,0.4105,180,0,0,447780
0,14,5,0.5,0.41239,180,0,0,447797
0,11,6,0.5,0.413875,180,0,0,447809
0,10,6,0.5,0.415225,180,0,31,447826
0,9,5,0.5,0.41644,180,0,31,447842
0,10,5,0.5,0.41779,180,0,0,447860
0,29,9,0.5,0.421705,180,0,0,447887
0,0,0,0.5,0.421705,180,0,0,447895
0,18,4,0.5,0.424135,180,0,0,447909
0,18,2,0.5,0.426565,180,0,0,447927
0,17,2,0.5,0.42886,180,0,0,447942
0,12,1,0.5,0.43048,180,0,0,447960
0,18,0,0.5,0.43291,180,0,0,447977
0,0,0,0.5,0.43291,180,0,0,447990
0,7,-1,0.5,0.433855,180,0,0,448011
0,0,0,0.5,0.433855,180,0,0,448025
0,8,-2,0.5,0.434935,180,0,0,448041
0,9,-1,0.5,0.43615,180,0,0,448061
0,12,-1,0.5,0.43777,180,0,0,448078
0,15,-2,0.5,0.439795,180,0,0,448093
0,15,-1,0.5,0.44182,180,0,0,448113
0,15,-2,0.5,0.443845,180,0,0,448125
0,16,-2,0.5,0.446005,180,0,0,448142
0,17,-3,0.5,0.4483,180,0,0,448161
0,19,-3,0.5,0.450865,180,0,0,448177
0,22,-3,0.5,0.453835,180,0,0,448193
0,22,-3,0.5,0.456805,180,0,0,448210
0,20,-3,0.5,0.459505,180,0,0,448228
0,19,-3,0.5,0.46207,180,0,0,448247
0,14,-3,0.5,0.46396,180,0,0,448264
0,11,-3,0.5,0.465445,180,0,0,448276
0,5,-1,0.5,0.46612,180,0,0,448295
0,3,0,0.5,0.466525,180,0,0,448310
0,1,0,0.5,0.46666,180,0,0,448325
0,2,3,0.5,0.46693,180,0,0,448346
0,5,4,0.5,0.467605,180,0,0,448362
0,10,4,0.5,0.468955,180,0,0,448377
0,29,4,0.5,0.47287,180,0,0,448393
0,18,7,0.5,0.4753,180,0,0,448413
0,23,3,0.5,0.478405,180,0,0,448430
0,25,2,0.5,0.48178,180,0,0,448444
0,29,2,0.5,0.485695,180,0,0,448461
0,30,0,0.5,0.489745,180,0,0,448478
0,30,0,0.5,0.493795,180,0,0,448493
0,32,0,0.5,0.498115,180,0,0,448511
0,30,0,0.5,0.502165,180,0,0,448525
0,29,0,0.5,0.50608,180,0,0,448542
0,23,0,0.5,0.509185,180,0,0,448559
0,18,0,0.5,0.511615,180,0,0,448576
0,15,0,0.5,0.51364,180,0,0,448596
0,10,0,0.5,0.51499,180,0,0,448613
0,7,0,0.5,0.515935,180,0,0,448626
0,3,1,0.5,0.51634,180,0,0,448642
0,1,2,0.5,0.516475,180,0,0,448660
0,-1,2,0.5,0.51634,180,0,0,448677
0,1,5,0.5,0.516475,180,0,0,448698
0,0,0,0.5,0.516475,180,0,0,448709
0,4,2,0.5,0.517015,180,0,0,448726
0,6,1,0.5,0.517825,180,0,0,448745
0,7,1,0.5,0.51877,180,0,0,448762
0,15,0,0.5,0.520795,180,0,31,448779
0,8,0,0.5,0.521875,180,0,0,448794
0,9,0,0.5,0.52309,180,0,0,448809
0,8,2,0.5,0.52417,180,0,0,448827
0,6,2,0.5,0.52498,180,0,0,448847
0,8,3,0.5,0.52606,180,0,0,448861
0,9,2,0.5,0.527275,180,0,0,448877
0,9,1,0.5,0.52849,180,0,31,448894
0,6,0,0.5,0.5293,180,0,31,448910
0,4,0,0.5,0.52984,180,0,0,448926
0,1,0,0.5,0.529975,180,0,0,448946
0,-3,0,0.5,0.52957,180,0,0,448959
0,-6,0,0.5,0.52876,180,0,0,448976
0,-5,0,0.5,0.528085,180,0,0,448996
0,-4,0,0.5,0.527545,180,0,0,449011
0,-2,2,0.5,0.527275,180,0,0,449028
0,4,1,0.5,0.527815,180,0,0,449043
0,11,1,0.5,0.5293,180,0,31,449060
0,14,0,0.5,0.53119,180,0,31,449079
0,20,0,0.5,0.53389,180,0,0,449095
0,39,0,0.5,0.539155,180,0,0,449112
0,18,0,0.5,0.541585,180,0,0,449130
0,15,1,0.5,0.54361,180,0,0,449151
0,17,1,0.5,0.545905,180,0,0,449161
0,19,0,0.5,0.54847,180,0,0,449178
0,22,0,0.5,0.55144,180,0,0,449195
0,20,0,0.5,0.55414,180,0,0,449211
0,16,0,0.5,0.5563,180,0,0,449226
0,13,0,0.5,0.558055,180,0,0,449246
0,11,0,0.5,0.55954,180,0,0,449260
0,10,0,0.5,0.56089,180,0,0,449276
0,9,-1,0.5,0.562105,180,0,0,449295
0,9,-1,0.5,0.56332,180,0,0,449313
0,8,-2,0.5,0.5644,180,0,0,449327
0,7,-1,0.5,0.565345,180,0,0,449344
0,10,-2,0.5,0.566695,180,0,0,449363
0,13,-1,0.5,0.56845,180,0,0,449377
0,16,-1,0.5,0.57061,180,0,0,449396
0,19,-1,0.5,0.573175,180,0,0,449411
0,21,-1,0.5,0.57601,180,0,0,449427
0,21,0,0.5,0.578845,180,0,0,449447
0,20,0,0.5,0.581545,180,0,0,449460
0,17,0,0.5,0.58384,180,0,0,449479
0,33,0,0.5,0.588295,180,0,0,449496
0,0,0,0.5,0.588295,180,0,0,449511
0,34,0,0.5,0.592885,180,0,0,449528
0,21,0,0.5,0.59572,180,0,0,449545
0,24,0,0.5,0.59896,180,0,0,449561
0,26,0,0.5,0.60247,180,0,0,449582
0,27,0,0.5,0.606115,180,0,0,449598
0,27,0,0.5,0.60976,180,0,0,449611
0,26,0,0.5,0.61327,180,0,0,449627
0,22,-1,0.5,0.61624,180,0,0,449646
0,19,-1,0.5,0.618805,180,0,0,449661
0,19,-2,0.5,0.62137,180,0,0,449677
0,18,-2,0.5,0.6238,180,0,0,449698
0,18,-2,0.5,0.62623,180,0,0,449714
0,20,-2,0.5,0.62893,180,0,0,449729
0,18,-2,0.5,0.63136,180,0,0,449745
0,19,-1,0.5,0.633925,180,0,0,449765
0,17,0,0.5,0.63622,180,0,0,449782
0,32,0,0.5,0.64054,180,0,0,449799
0,0,0,0.5,0.64054,180,0,0,449814
0,16,0,0.5,0.6427,180,0,0,449828
0,17,0,0.5,0.644995,180,0,0,449845
0,42,0,0.5,0.650665,180,0,0,449862
0,24,0,0.5,0.653905,180,0,0,449879
0,28,0,0.5,0.657685,180,0,0,449896
0,0,0,0.5,0.657685,180,0,0,449911
0,30,0,0.5,0.661735,180,0,0,449927
0,62,0,0.5,0.670105,180,0,0,449945
0,28,-1,0.5,0.673885,180,0,0,449962
0,29,-2,0.5,0.6778,180,0,0,449978
0,26,-3,0.5,0.68131,180,0,0,449996
0,24,-3,0.5,0.68455,180,0,0,450014
0,23,-3,0.5,0.687655,180,0,0,450030
0,20,-3,0.5,0.690355,180,0,0,450048
0,18,-2,0.5,0.692785,180,0,0,450062
0,18,-1,0.5,0.695215,180,0,0,450079
0,17,0,0.5,0.69751,180,0,0,450095
0,14,0,0.5,0.6994,180,0,0,450112
0,12,0,0.5,0.70102,180,0,0,450128
0,11,1,0.5,0.702505,180,0,0,450145
0,11,0,0.5,0.70399,180,0,0,450163
0,13,0,0.5,0.705745,180,0,0,450182
0,12,-1,0.5,0.707365,180,0,0,450195
0,14,-1,0.5,0.709255,180,0,0,450213
0,15,-1,0.5,0.71,180,0,0,450231
