0,53,34,0.5,-0.702845,180,0,0,72022
0,-5,-1,0.5,-0.70352,180,0,0,72030
0,0,0,0.5,-0.70352,180,0,0,72035
0,-4,-1,0.5,-0.70406,180,0,0,72047
0,-2,-1,0.5,-0.70433,180,0,0,72066
0,-2,0,0.5,-0.7046,180,0,0,72084
0,-2,-1,0.5,-0.70487,180,0,0,72098
0,-4,-1,0.5,-0.70541,180,0,0,72114
0,-4,-1,0.5,-0.70595,180,0,0,72131
0,-6,-1,0.5,-0.70676,180,0,0,72148
0,-5,-1,0.5,-0.707435,180,0,0,72164
0,-2,0,0.5,-0.707705,180,0,0,72183
0,0,0,0.5,-0.707705,180,0,0,72197
0,0,0,0.5,-0.707705,180,0,0,72213
0,4,-1,0.5,-0.707165,180,0,0,72230
0,4,-1,0.5,-0.706625,180,0,0,72247
0,5,0,0.5,-0.70595,180,0,0,72264
0,7,-1,0.5,-0.705005,180,0,0,72281
0,8,0,0.5,-0.703925,180,0,0,72297
0,8,0,0.5,-0.702845,180,0,0,72313
0,10,0,0.5,-0.701495,180,0,0,72331
0,10,0,0.5,-0.700145,180,0,0,72348
0,12,1,0.5,-0.698525,180,0,0,72365
0,14,1,0.5,-0.696635,180,0,0,72381
0,15,2,0.5,-0.69461,180,0,0,72397
0,14,2,0.5,-0.69272,180,0,0,72414
0,12,2,0.5,-0.6911,180,0,0,72430
0,10,2,0.5,-0.68975,180,0,0,72447
0,7,2,0.5,-0.688805,180,0,0,72464
0,6,2,0.5,-0.687995,180,0,0,72482
0,2,2,0.5,-0.687725,180,0,0,72498
0,2,2,0.5,-0.687455,180,0,0,72515
0,0,2,0.5,-0.687455,180,0,0,72531
0,0,1,0.5,-0.687455,180,0,0,72547
0,0,2,0.5,-0.687455,180,0,0,72566
0,-1,1,0.5,-0.68759,180,0,0,72580
0,-1,0,0.5,-0.687725,180,0,0,72598
0,-8,0,0.5,-0.688805,180,0,0,72615
0,-1,0,0.5,-0.68894,180,0,0,72630
0,-1,0,0.5,-0.689075,180,0,0,72648
0,0,0,0.5,-0.689075,180,0,0,72663
0,0,0,0.5,-0.689075,180,0,0,72680
0,2,0,0.5,-0.688805,180,0,0,72698
0,1,0,0.5,-0.68867,180,0,0,72714
0,0,0,0.5,-0.68867,180,0,0,72730
0,-1,0,0.5,-0.688805,180,0,0,72747
0,-5,0,0.5,-0.68948,180,0,0,72764
0,-6,1,0.5,-0.69029,180,0,0,72781
0,-6,2,0.5,-0.6911,180,0,0,72797
0,-3,2,0.5,-0.691505,180,0,0,72814
0,-2,2,0.5,-0.691775,180,0,0,72830
0,0,2,0.5,-0.691775,180,0,0,72847
0,-1,2,0.5,-0.69191,180,0,0,72865
0,-2,2,0.5,-0.69218,180,0,0,72886
0,-1,1,0.5,-0.692315,180,0,0,72899
0,-1,0,0.5,-0.69245,180,0,0,72914
0,-1,0,0.5,-0.692585,180,0,0,72932
0,-1,0,0.5,-0.69272,180,0,0,72947
0,0,0,0.5,-0.69272,180,0,0,72963
0,0,0,0.5,-0.69272,180,0,0,72981
0,1,-2,0.5,-0.692585,180,0,0,73000
0,2,-2,0.5,-0.692315,180,0,0,73015
0,1,-1,0.5,-0.69218,180,0,0,73031
0,1,0,0.5,-0.692045,180,0,0,73047
0,0,0,0.5,-0.692045,180,0,0,73063
0,2,0,0.5,-0.691775,180,0,0,73080
0,4,2,0.5,-0.691235,180,0,0,73101
0,6,3,0.5,-0.690425,180,0,0,73117
0,7,5,0.5,-0.68948,180,0,0,73132
0,9,5,0.5,-0.688265,180,0,0,73151
0,13,5,0.5,-0.68651,180,0,0,73166
0,15,6,0.5,-0.684485,180,0,0,73182
0,20,6,0.5,-0.681785,180,0,0,73203
0,22,7,0.5,-0.678815,180,0,0,73216
0,25,7,0.5,-0.67544,180,0,0,73234
0,28,6,0.5,-0.67166,180,0,0,73248
0,29,6,0.5,-0.667745,180,0,0,73265
0,26,5,0.5,-0.664235,180,0,0,73285
0,24,4,0.5,-0.660995,180,0,0,73299
0,24,3,0.5,-0.657755,180,0,0,73314
0,23,2,0.5,-0.65465,180,0,0,73331
0,21,0,0.5,-0.651815,180,0,0,73347
0,20,0,0.5,-0.649115,180,0,0,73364
0,17,0,0.5,-0.64682,180,0,0,73381
0,14,0,0.5,-0.64493,180,0,0,73397
0,25,4,0.5,-0.641555,180,0,0,73417
0,13,2,0.5,-0.6398,180,0,0,73434
0,12,2,0.5,-0.63818,180,0,0,73448
0,12,1,0.5,-0.63656,180,0,0,73465
0,11,2,0.5,-0.635075,180,0,0,73481
0,12,1,0.5,-0.633455,180,0,0,73498
0,13,1,0.5,-0.6317,180,0,0,73516
0,17,1,0.5,-0.629405,180,0,0,73533
0,19,1,0.5,-0.62684,180,0,0,73548
0,20,2,0.5,-0.62414,180,0,0,73571
0,19,2,0.5,-0.621575,180,0,0,73582
0,14,2,0.5,-0.619685,180,0,0,73598
0,10,1,0.5,-0.618335,180,0,0,73614
0,8,2,0.5,-0.617255,180,0,0,73632
0,5,1,0.5,-0.61658,180,0,0,73649
0,1,0,0.5,-0.616445,180,0,0,73665
0,3,0,0.5,-0.61604,180,0,0,73680
0,3,0,0.5,-0.615635,180,0,0,73697
0,4,0,0.5,-0.615095,180,0,0,73714
0,7,-1,0.5,-0.61415,180,0,0,73730
0,9,0,0.5,-0.612935,180,0,0,73747
0,10,0,0.5,-0.611585,180,0,0,73765
0,10,0,0.5,-0.610235,180,0,0,73781
0,9,0,0.5,-0.60902,180,0,0,73797
0,21,0,0.5,-0.606185,180,0,0,73813
0,13,0,0.5,-0.60443,180,0,0,73831
0,15,0,0.5,-0.602405,180,0,0,73847
0,17,0,0.5,-0.60011,180,0,0,73863
0,18,0,0.5,-0.59768,180,0,0,73880
0,17,0,0.5,-0.595385,180,0,0,73897
0,16,0,0.5,-0.593225,180,0,0,73914
0,15,1,0.5,-0.5912,180,0,0,73931
0,13,0,0.5,-0.589445,180,0,0,73947
0,12,0,0.5,-0.587825,180,0,0,73964
0,13,0,0.5,-0.58607,180,0,0,73980
0,11,0,0.5,-0.584585,180,0,0,73998
0,10,0,0.5,-0.583235,180,0,0,74013
0,9,0,0.5,-0.58202,180,0,0,74030
0,9,0,0.5,-0.580805,180,0,0,74047
0,9,0,0.5,-0.57959,180,0,31,74064
0,11,0,0.5,-0.578105,180,0,31,74081
0,11,0,0.5,-0.57662,180,0,31,74098
0,10,0,0.5,-0.57527,180,0,0,74113
0,9,0,0.5,-0.574055,180,0,0,74131
0,7,0,0.5,-0.57311,180,0,0,74147
0,5,-1,0.5,-0.572435,180,0,0,74163
0,5,-1,0.5,-0.57176,180,0,0,74182
0,4,-1,0.5,-0.57122,180,0,0,74198
0,6,-1,0.5,-0.57041,180,0,0,74213
0,12,-2,0.5,-0.56879,180,0,0,74231
0,7,0,0.5,-0.567845,180,0,0,74247
0,10,0,0.5,-0.566495,180,0,0,74265
0,12,0,0.5,-0.564875,180,0,0,74281
0,14,0,0.5,-0.562985,180,0,0,74297
0,15,0,0.5,-0.56096,180,0,0,74314
0,18,0,0.5,-0.55853,180,0,0,74330
0,17,2,0.5,-0.556235,180,0,0,74348
0,17,3,0.5,-0.55394,180,0,0,74364
0,16,4,0.5,-0.55178,180,0,0,74381
0,13,4,0.5,-0.550025,180,0,0,74398
0,11,4,0.5,-0.54854,180,0,0,74414
0,8,4,0.5,-0.54746,180,0,0,74431
0,6,4,0.5,-0.54665,180,0,0,74449
0,4,4,0.5,-0.54611,180,0,0,74465
0,3,4,0.5,-0.545705,180,0,0,74483
0,4,3,0.5,-0.545165,180,0,0,74497
0,5,4,0.5,-0.54449,180,0,0,74514
0,8,3,0.5,-0.54341,180,0,0,74534
0,26,6,0.5,-0.5399,180,0,0,74554
0,0,0,0.5,-0.5399,180,0,0,74564
0,16,3,0.5,-0.53774,180,0,0,74581
0,18,3,0.5,-0.53531,180,0,0,74598
0,36,4,0.5,-0.53045,180,0,0,74616
0,19,3,0.5,-0.527885,180,0,0,74632
0,20,2,0.5,-0.525185,180,0,0,74647
0,22,3,0.5,-0.522215,180,0,0,74669
0,0,0,0.5,-0.522215,180,0,0,74681
0,42,5,0.5,-0.516545,180,0,0,74700
0,21,1,0.5,-0.51371,180,0,0,74714
0,21,2,0.5,-0.510875,180,0,0,74731
0,21,3,0.5,-0.50804,180,0,0,74750
0,17,4,0.5,-0.505745,180,0,0,74769
0,14,5,0.5,-0.503855,180,0,0,74785
0,14,6,0.5,-0.501965,180,0,0,74802
0,11,5,0.5,-0.50048,180,0,0,74829
0,19,9,0.5,-0.497915,180,0,0,74841
0,0,0,0.5,-0.497915,180,0,0,74849
0,5,4,0.5,-0.49724,180,0,0,74867
0,4,3,0.5,-0.4967,180,0,0,74882
0,3,3,0.5,-0.496295,180,0,0,74902
0,7,3,0.5,-0.49535,180,0,0,74914
0,10,2,0.5,-0.494,180,0,0,74931
0,14,3,0.5,-0.49211,180,0,0,74948
0,17,3,0.5,-0.489815,180,0,0,74965
0,19,4,0.5,-0.48725,180,0,0,74987
0,42,4,0.5,-0.48158,180,0,0,74999
0,0,4,0.5,-0.48158,180,0,0,75014
0,38,6,0.5,-0.47645,180,0,0,75033
0,21,4,0.5,-0.473615,180,0,0,75050
0,20,3,0.5,-0.470915,180,0,0,75066
0,21,3,0.5,-0.46808,180,0,0,75081
0,21,3,0.5,-0.465245,180,0,0,75098
0,21,2,0.5,-0.46241,180,0,0,75121
0,22,3,0.5,-0.45944,180,0,0,75134
0,18,3,0.5,-0.45701,180,0,0,75148
0,15,4,0.5,-0.454985,180,0,0,75165
0,13,4,0.5,-0.45323,180,0,0,75184
0,12,4,0.5,-0.45161,180,0,0,75201
0,10,4,0.5,-0.45026,180,0,0,75217
0,11,3,0.5,-0.448775,180,0,0,75231
0,10,3,0.5,-0.447425,180,0,0,75247
0,11,3,0.5,-0.44594,180,0,0,75264
0,10,2,0.5,-0.44459,180,0,0,75286
0,22,6,0.5,-0.44162,180,0,0,75303
0,0,0,0.5,-0.44162,180,0,0,75317
0,13,3,0.5,-0.439865,180,0,0,75331
0,15,3,0.5,-0.43784,180,0,0,75348
0,17,3,0.5,-0.435545,180,0,0,75366
0,39,6,0.5,-0.43028,180,0,0,75385
0,0,0,0.5,-0.43028,180,0,0,75397
0,20,3,0.5,-0.42758,180,0,0,75414
0,43,8,0.5,-0.421775,180,0,0,75436
0,23,4,0.5,-0.41867,180,0,0,75451
0,22,4,0.5,-0.4157,180,0,0,75465
0,21,3,0.5,-0.412865,180,0,0,75481
0,20,1,0.5,-0.410165,180,0,0,75500
0,16,1,0.5,-0.408005,180,0,0,75516
0,16,0,0.5,-0.405845,180,0,0,75533
0,16,0,0.5,-0.403685,180,0,0,75547
0,16,1,0.5,-0.401525,180,0,0,75566
0,13,3,0.5,-0.39977,180,0,0,75583
0,11,3,0.5,-0.398285,180,0,0,75598
0,6,3,0.5,-0.397475,180,0,0,75615
0,2,1,0.5,-0.397205,180,0,0,75630
0,0,0,0.5,-0.397205,180,0,0,75647
0,-4,0,0.5,-0.397745,180,0,0,75665
0,-6,0,0.5,-0.398555,180,0,0,75680
0,-7,-1,0.5,-0.3995,180,0,0,75698
0,-7,-2,0.5,-0.400445,180,0,0,75719
0,-5,-1,0.5,-0.40112,180,0,0,75731
0,-11,-2,0.5,-0.402605,180,0,0,75750
0,-7,0,0.5,-0.40355,180,0,0,75766
0,0,0,0.5,-0.40355,180,0,0,75781
0,-6,0,0.5,-0.40436,180,0,0,75798
0,-9,-2,0.5,-0.405575,180,0,0,75818
0,-2,0,0.5,-0.405845,180,0,0,75831
0,0,0,0.5,-0.405845,180,0,0,75847
0,-1,0,0.5,-0.40598,180,0,0,75864
0,0,0,0.5,-0.40598,180,0,0,75880
0,2,1,0.5,-0.40571,180,0,0,75900
0,2,1,0.5,-0.40544,180,0,0,75915
0,1,0,0.5,-0.405305,180,0,0,75931
0,4,1,0.5,-0.404765,180,0,0,75947
0,2,0,0.5,-0.404495,180,0,0,75965
0,1,0,0.5,-0.40436,180,0,0,75983
0,0,0,0.5,-0.40436,180,0,0,75998
0,0,0,0.5,-0.40436,180,0,0,76013
0,0,0,0.5,-0.40436,180,0,0,76030
0,0,0,0.5,-0.40436,180,0,0,76047
0,0,0,0.5,-0.40436,180,0,0,76066
0,-1,-1,0.5,-0.404495,180,0,0,76080
0,0,0,0.5,-0.404495,180,0,0,76099
0,0,0,0.5,-0.404495,180,0,0,76114
0,0,0,0.5,-0.404495,180,0,0,76132
0,0,0,0.5,-0.404495,180,0,0,76147
0,0,0,0.5,-0.404495,180,0,0,76165
0,0,0,0.5,-0.404495,180,0,0,76181
0,0,0,0.5,-0.404495,180,0,0,76197
0,0,0,0.5,-0.404495,180,0,0,76216
0,0,0,0.5,-0.404495,180,0,0,76232
0,0,0,0.5,-0.404495,180,0,0,76247
0,0,0,0.5,-0.404495,180,0,0,76264
0,0,0,0.5,-0.404495,180,0,0,76281
0,0,0,0.5,-0.404495,180,0,0,76297
0,-1,0,0.5,-0.40463,180,0,0,76315
0,0,0,0.5,-0.40463,180,0,0,76330
0,0,0,0.5,-0.40463,180,0,0,76347
0,0,0,0.5,-0.40463,180,0,0,76364
0,0,0,0.5,-0.40463,180,0,0,76381
0,0,0,0.5,-0.40463,180,0,0,76397
0,0,0,0.5,-0.40463,180,0,0,76414
0,0,0,0.5,-0.40463,180,0,0,76431
0,-1,0,0.5,-0.404765,180,0,0,76447
0,0,0,0.5,-0.404765,180,0,0,76464
0,0,0,0.5,-0.404765,180,0,0,76481
0,1,0,0.5,-0.40463,180,0,0,76498
0,0,0,0.5,-0.40463,180,0,0,76514
0,0,0,0.5,-0.40463,180,0,0,76531
0,0,0,0.5,-0.40463,180,0,0,76547
0,0,0,0.5,-0.40463,180,0,0,76564
0,0,0,0.5,-0.40463,180,0,0,76581
0,0,0,0.5,-0.40463,180,0,0,76597
0,0,0,0.5,-0.40463,180,0,0,76614
0,0,0,0.5,-0.40463,180,0,0,76633
0,0,0,0.5,-0.40463,180,0,0,76647
0,0,0,0.5,-0.40463,180,0,0,76664
0,0,0,0.5,-0.40463,180,0,0,76681
0,0,0,0.5,-0.40463,180,0,0,76698
0,0,0,0.5,-0.40463,180,0,0,76714
0,0,0,0.5,-0.40463,180,0,0,76731
0,0,0,0.5,-0.40463,180,0,0,76748
0,-1,0,0.5,-0.404765,180,0,0,76765
0,-1,0,0.5,-0.4049,180,0,0,76782
0,-1,0,0.5,-0.405035,180,0,0,76798
0,-5,-1,0.5,-0.40571,180,0,0,76815
0,-1,0,0.5,-0.405845,180,0,0,76832
0,0,0,0.5,-0.405845,180,0,0,76850
0,2,0,0.5,-0.405575,180,0,0,76868
0,4,1,0.5,-0.405035,180,0,0,76883
0,5,1,0.5,-0.40436,180,0,0,76899
0,5,0,0.5,-0.403685,180,0,0,76916
0,15,0,0.5,-0.40166,180,0,0,76936
0,8,0,0.5,-0.40058,180,0,0,76953
0,6,0,0.5,-0.39977,180,0,0,76966
0,6,0,0.5,-0.39896,180,0,0,76984
0,6,0,0.5,-0.39815,180,0,0,77001
0,8,0,0.5,-0.39707,180,0,0,77016
0,8,0,0.5,-0.39599,180,0,0,77035
0,9,0,0.5,-0.394775,180,0,0,77050
0,9,0,0.5,-0.39356,180,0,0,77067
0,10,0,0.5,-0.39221,180,0,0,77084
0,11,0,0.5,-0.390725,180,0,0,77102
0,10,1,0.5,-0.389375,180,0,0,77116
0,12,2,0.5,-0.387755,180,0,0,77135
0,14,2,0.5,-0.385865,180,0,0,77150
0,17,4,0.5,-0.38357,180,0,0,77168
0,19,4,0.5,-0.381005,180,0,0,77186
0,23,5,0.5,-0.3779,180,0,0,77205
0,24,6,0.5,-0.37466,180,0,0,77219
0,27,6,0.5,-0.371015,180,0,0,77237
0,27,7,0.5,-0.36737,180,0,0,77255
0,49,12,0.5,-0.360755,180,0,0,77275
0,18,6,0.5,-0.358325,180,0,0,77288
0,0,0,0.5,-0.358325,180,0,0,77300
0,13,5,0.5,-0.35657,180,0,0,77319
0,12,4,0.5,-0.35495,180,0,0,77334
0,23,4,0.5,-0.351845,180,0,0,77352
0,13,1,0.5,-0.35009,180,0,0,77375
0,14,0,0.5,-0.3482,180,0,0,77383
0,14,0,0.5,-0.34631,180,0,0,77401
0,14,0,0.5,-0.34442,180,0,0,77419
0,16,0,0.5,-0.34226,180,0,0,77439
0,15,0,0.5,-0.340235,180,0,0,77456
0,18,0,0.5,-0.337805,180,0,0,77468
0,16,-1,0.5,-0.335645,180,0,0,77484
0,17,-1,0.5,-0.33335,180,0,0,77503
0,18,-1,0.5,-0.33092,180,0,0,77517
0,18,-1,0.5,-0.32849,180,0,0,77534
0,18,-1,0.5,-0.32606,180,0,0,77550
0,17,0,0.5,-0.323765,180,0,0,77568
0,16,0,0.5,-0.321605,180,0,0,77585
0,13,1,0.5,-0.31985,180,0,0,77600
0,10,1,0.5,-0.3185,180,0,0,77622
0,5,1,0.5,-0.317825,180,0,0,77638
0,3,1,0.5,-0.31742,180,0,0,77650
0,1,0,0.5,-0.317285,180,0,0,77670
0,1,1,0.5,-0.31715,180,0,0,77686
0,0,0,0.5,-0.31715,180,0,0,77700
0,0,0,0.5,-0.31715,180,0,0,77717
0,-5,-1,0.5,-0.317825,180,0,0,77736
0,-2,0,0.5,-0.318095,180,0,0,77753
0,-1,0,0.5,-0.31823,180,0,0,77770
0,-1,0,0.5,-0.318365,180,0,0,77784
0,3,0,0.5,-0.31796,180,0,0,77800
0,3,0,0.5,-0.317555,180,0,0,77820
0,3,0,0.5,-0.31715,180,0,0,77834
0,3,0,0.5,-0.316745,180,0,31,77851
0,1,0,0.5,-0.31661,180,0,0,77871
0,0,-1,0.5,-0.31661,180,0,0,77884
0,-2,-1,0.5,-0.31688,180,0,0,77904
0,-1,-1,0.5,-0.317015,180,0,0,77923
0,0,-1,0.5,-0.317015,180,0,0,77935
0,0,-1,0.5,-0.317015,180,0,0,77951
0,-1,-1,0.5,-0.31715,180,0,0,77968
0,-6,-1,0.5,-0.31796,180,0,0,77991
0,-8,-1,0.5,-0.31904,180,0,0,78002
0,-10,-2,0.5,-0.32039,180,0,0,78019
0,-11,-2,0.5,-0.321875,180,0,0,78037
0,-9,-1,0.5,-0.32309,180,0,0,78053
0,-6,-1,0.5,-0.3239,180,0,0,78069
0,-1,0,0.5,-0.324035,180,0,0,78086
0,9,0,0.5,-0.32282,180,0,0,78106
0,11,1,0.5,-0.321335,180,0,0,78124
0,14,2,0.5,-0.319445,180,0,0,78135
0,16,2,0.5,-0.317285,180,0,0,78159
0,18,2,0.5,-0.314855,180,0,0,78169
0,22,3,0.5,-0.311885,180,0,0,78188
0,23,4,0.5,-0.30878,180,0,0,78206
0,25,5,0.5,-0.305405,180,0,0,78221
0,27,6,0.5,-0.30176,180,0,0,78239
0,26,7,0.5,-0.29825,180,0,0,78254
0,29,7,0.5,-0.294335,180,0,0,78279
0,29,8,0.5,-0.29042,180,0,0,78292
0,27,7,0.5,-0.286775,180,0,0,78306
0,23,7,0.5,-0.28367,180,0,0,78325
0,18,6,0.5,-0.28124,180,0,0,78343
0,18,9,0.5,-0.27881,180,0,0,78363
0,0,0,0.5,-0.27881,180,0,0,78373
0,7,2,0.5,-0.277865,180,0,0,78387
0,9,2,0.5,-0.27665,180,0,0,78404
0,12,2,0.5,-0.27503,180,0,0,78422
0,14,1,0.5,-0.27314,180,0,0,78435
0,15,1,0.5,-0.271115,180,0,0,78454
0,13,1,0.5,-0.26936,180,0,0,78471
0,20,-1,0.5,-0.26666,180,0,0,78492
0,0,0,0.5,-0.26666,180,0,0,78502
0,21,-2,0.5,-0.263825,180,0,0,78525
0,12,-1,0.5,-0.262205,180,0,0,78539
0,15,0,0.5,-0.26018,180,0,0,78552
0,17,0,0.5,-0.257885,180,0,0,78570
0,21,0,0.5,-0.25505,180,0,0,78589
0,22,0,0.5,-0.25208,180,0,0,78605
0,24,2,0.5,-0.24884,180,1,0,78622
0,23,2,0.5,-0.245735,180,1,0,78637
0,23,4,0.5,-0.24263,180,1,0,78654
0,19,4,0.5,-0.240065,180,0,0,78673
0,16,3,0.5,-0.237905,180,0,0,78688
0,13,2,0.5,-0.23615,180,0,0,78704
0,10,2,0.5,-0.2348,180,0,0,78722
0,7,2,0.5,-0.233855,180,0,0,78743
0,4,1,0.5,-0.233315,180,0,0,78756
0,2,2,0.5,-0.233045,180,0,0,78770
0,3,2,0.5,-0.23264,180,0,0,78787
0,2,1,0.5,-0.23237,180,0,0,78804
0,1,1,0.5,-0.232235,180,0,0,78819
0,-1,1,0.5,-0.23237,180,0,0,78839
0,-4,1,0.5,-0.23291,180,0,0,78854
0,-4,0,0.5,-0.23345,180,0,0,78869
0,-11,0,0.5,-0.234935,180,0,0,78886
0,-7,0,0.5,-0.23588,180,0,0,78905
0,-7,0,0.5,-0.236825,180,0,0,78922
0,-7,0,0.5,-0.23777,180,0,0,78938
0,-6,0,0.5,-0.23858,180,0,0,78953
0,-3,0,0.5,-0.238985,180,0,0,78970
0,-2,0,0.5,-0.239255,180,0,0,78990
0,-1,0,0.5,-0.23939,180,0,0,79004
0,0,0,0.5,-0.23939,180,0,0,79020
0,0,0,0.5,-0.23939,180,0,0,79035
0,2,0,0.5,-0.23912,180,0,0,79053
0,3,0,0.5,-0.238715,180,0,0,79070
0,5,1,0.5,-0.23804,180,0,0,79087
0,5,1,0.5,-0.237365,180,0,0,79104
0,2,1,0.5,-0.237095,180,0,0,79120
0,1,0,0.5,-0.23696,180,0,0,79136
0,0,0,0.5,-0.23696,180,0,31,79158
0,-2,0,0.5,-0.23723,180,0,0,79170
0,-2,0,0.5,-0.2375,180,0,0,79188
0,-3,0,0.5,-0.237905,180,0,0,79209
0,0,0,0.5,-0.237905,180,0,0,79220
0,0,0,0.5,-0.237905,180,0,0,79237
0,5,0,0.5,-0.23723,180,0,0,79254
0,4,2,0.5,-0.23669,180,0,31,79274
0,2,1,0.5,-0.23642,180,0,0,79291
0,0,0,0.5,-0.23642,180,0,0,79303
0,0,0,0.5,-0.23642,180,0,0,79323
0,-1,0,0.5,-0.236555,180,0,0,79337
0,0,0,0.5,-0.236555,180,0,0,79356
0,0,0,0.5,-0.236555,180,0,31,79373
0,0,0,0.5,-0.236555,180,0,31,79388
0,0,0,0.5,-0.236555,180,0,0,79403
0,0,0,0.5,-0.236555,180,0,0,79421
0,0,0,0.5,-0.236555,180,0,0,79437
0,0,0,0.5,-0.236555,180,0,0,79454
0,0,-1,0.5,-0.236555,180,0,0,79474
0,0,0,0.5,-0.236555,180,0,0,79486
0,2,0,0.5,-0.236285,180,0,31,79503
0,0,0,0.5,-0.236285,180,0,0,79520
0,0,0,0.5,-0.236285,180,0,0,79538
0,0,0,0.5,-0.236285,180,0,0,79554
0,0,0,0.5,-0.236285,180,0,0,79572
0,0,0,0.5,-0.236285,180,0,0,79590
0,0,1,0.5,-0.236285,180,0,31,79605
0,0,0,0.5,-0.236285,180,0,0,79622
0,0,0,0.5,-0.236285,180,0,0,79637
0,0,0,0.5,-0.236285,180,0,0,79654
0,0,0,0.5,-0.236285,180,0,0,79670
0,0,0,0.5,-0.236285,180,0,0,79687
0,1,0,0.5,-0.23615,180,0,0,79704
0,2,0,0.5,-0.23588,180,0,31,79724
0,1,0,0.5,-0.235745,180,0,8,79740
0,0,0,0.5,-0.235745,180,0,8,79754
0,0,0,0.5,-0.235745,180,0,8,79771
0,0,0,0.5,-0.235745,180,0,8,79787
0,-2,0,0.5,-0.236015,180,0,8,79806
0,0,0,0.5,-0.236015,180,0,8,79821
0,0,0,0.5,-0.236015,180,0,8,79837
0,1,0,0.5,-0.23588,180,0,31,79855
0,1,0,0.5,-0.235745,180,0,0,79871
0,0,0,0.5,-0.235745,180,0,0,79887
0,0,0,0.5,-0.235745,180,0,0,79905
0,0,0,0.5,-0.235745,180,0,0,79921
0,0,0,0.5,-0.235745,180,0,0,79939
0,0,0,0.5,-0.235745,180,0,31,79955
0,3,0,0.5,-0.23534,180,0,31,79971
0,2,0,0.5,-0.23507,180,0,0,79988
0,0,0,0.5,-0.23507,180,0,0,80005
0,0,0,0.5,-0.23507,180,0,0,80021
0,-3,0,0.5,-0.235475,180,0,0,80038
0,0,0,0.5,-0.235475,180,0,0,80055
0,0,0,0.5,-0.235475,180,0,31,80071
0,3,0,0.5,-0.23507,180,0,31,80088
0,1,0,0.5,-0.234935,180,0,0,80105
0,0,0,0.5,-0.234935,180,0,0,80121
0,0,0,0.5,-0.234935,180,0,0,80138
0,0,0,0.5,-0.234935,180,0,0,80156
0,0,0,0.5,-0.234935,180,0,0,80172
0,0,0,0.5,-0.234935,180,0,31,80188
0,1,0,0.5,-0.2348,180,0,31,80206
0,1,0,0.5,-0.234665,180,0,0,80221
0,0,0,0.5,-0.234665,180,0,0,80238
0,0,0,0.5,-0.234665,180,0,0,80256
0,0,0,0.5,-0.234665,180,0,0,80273
0,0,0,0.5,-0.234665,180,0,0,80289
0,0,0,0.5,-0.234665,180,0,31,80306
0,1,0,0.5,-0.23453,180,0,31,80323
0,2,0,0.5,-0.23426,180,0,0,80342
0,0,0,0.5,-0.23426,180,0,0,80358
0,0,0,0.5,-0.23426,180,0,0,80371
0,0,0,0.5,-0.23426,180,0,0,80388
0,0,0,0.5,-0.23426,180,0,0,80405
0,1,0,0.5,-0.234125,180,0,31,80422
0,2,0,0.5,-0.233855,180,0,31,80440
0,0,0,0.5,-0.233855,180,0,0,80455
0,0,0,0.5,-0.233855,180,0,0,80472
0,0,0,0.5,-0.233855,180,0,0,80489
0,0,0,0.5,-0.233855,180,0,0,80505
0,0,0,0.5,-0.233855,180,0,0,80522
0,1,0,0.5,-0.23372,180,0,31,80543
0,2,0,0.5,-0.23345,180,0,31,80557
0,1,0,0.5,-0.233315,180,0,0,80573
0,1,0,0.5,-0.23318,180,0,0,80591
0,0,0,0.5,-0.23318,180,0,0,80609
0,0,0,0.5,-0.23318,180,0,0,80626
0,0,0,0.5,-0.23318,180,0,0,80640
0,1,0,0.5,-0.233045,180,0,31,80657
0,3,0,0.5,-0.23264,180,0,31,80676
0,1,0,0.5,-0.232505,180,0,31,80690
0,0,0,0.5,-0.232505,180,0,0,80706
0,0,0,0.5,-0.232505,180,0,0,80726
0,0,0,0.5,-0.232505,180,0,0,80742
0,0,0,0.5,-0.232505,180,0,0,80756
0,0,0,0.5,-0.232505,180,0,0,80773
0,1,0,0.5,-0.23237,180,0,31,80791
0,2,0,0.5,-0.2321,180,0,31,80808
0,0,0,0.5,-0.2321,180,0,0,80824
0,0,0,0.5,-0.2321,180,0,0,80839
0,0,0,0.5,-0.2321,180,0,0,80856
0,0,0,0.5,-0.2321,180,0,0,80873
0,0,0,0.5,-0.2321,180,0,0,80890
0,1,0,0.5,-0.231965,180,0,0,80906
0,1,0,0.5,-0.23183,180,0,31,80923
0,0,0,0.5,-0.23183,180,0,31,80940
0,0,0,0.5,-0.23183,180,0,0,80956
0,0,0,0.5,-0.23183,180,0,0,80973
0,-3,0,0.5,-0.232235,180,0,0,80992
0,0,0,0.5,-0.232235,180,0,0,81006
0,0,0,0.5,-0.232235,180,0,0,81023
0,3,0,0.5,-0.23183,180,0,31,81040
0,2,0,0.5,-0.23156,180,0,31,81057
0,3,0,0.5,-0.231155,180,0,31,81073
0,0,0,0.5,-0.231155,180,0,0,81090
0,0,0,0.5,-0.231155,180,0,0,81107
0,0,0,0.5,-0.231155,180,0,0,81123
0,0,0,0.5,-0.231155,180,0,0,81141
0,2,0,0.5,-0.230885,180,0,0,81159
0,3,0,0.5,-0.23048,180,0,31,81174
0,3,0,0.5,-0.230075,180,0,31,81192
0,2,0,0.5,-0.229805,180,0,0,81208
0,1,0,0.5,-0.22967,180,0,0,81223
0,0,0,0.5,-0.22967,180,0,0,81243
0,0,0,0.5,-0.22967,180,0,0,81257
0,1,0,0.5,-0.229535,180,0,0,81274
0,2,0,0.5,-0.229265,180,0,0,81290
0,3,0,0.5,-0.22886,180,0,31,81307
0,2,0,0.5,-0.22859,180,0,31,81325
0,2,0,0.5,-0.22832,180,0,0,81346
0,1,0,0.5,-0.228185,180,0,0,81358
0,0,0,0.5,-0.228185,180,0,0,81374
0,0,0,0.5,-0.228185,180,0,0,81391
0,1,0,0.5,-0.22805,180,0,0,81407
0,2,-1,0.5,-0.22778,180,0,31,81424
0,2,0,0.5,-0.22751,180,0,31,81441
0,1,0,0.5,-0.227375,180,0,0,81457
0,1,0,0.5,-0.22724,180,0,0,81475
0,0,0,0.5,-0.22724,180,0,0,81492
0,0,0,0.5,-0.22724,180,0,0,81507
0,0,0,0.5,-0.22724,180,0,0,81524
0,2,0,0.5,-0.22697,180,0,31,81548
0,0,0,0.5,-0.22697,180,0,31,81560
0,1,0,0.5,-0.226835,180,0,31,81575
0,0,0,0.5,-0.226835,180,0,0,81591
0,0,0,0.5,-0.226835,180,0,0,81608
0,0,-1,0.5,-0.226835,180,0,0,81625
0,0,0,0.5,-0.226835,180,0,0,81643
0,0,0,0.5,-0.226835,180,0,0,81657
0,2,0,0.5,-0.226565,180,0,0,81675
0,1,0,0.5,-0.22643,180,0,31,81694
0,0,0,0.5,-0.22643,180,0,31,81708
0,0,0,0.5,-0.22643,180,0,0,81728
0,0,0,0.5,-0.22643,180,0,0,81745
0,0,0,0.5,-0.22643,180,0,0,81757
0,-1,0,0.5,-0.226565,180,0,0,81775
0,0,0,0.5,-0.226565,180,0,0,81791
0,0,0,0.5,-0.226565,180,0,0,81808
0,0,0,0.5,-0.226565,180,0,0,81825
0,1,0,0.5,-0.22643,180,0,0,81842
0,1,0,0.5,-0.226295,180,0,31,81858
0,0,0,0.5,-0.226295,180,0,31,81875
0,1,0,0.5,-0.22616,180,0,31,81892
0,0,-1,0.5,-0.22616,180,0,0,81910
0,-1,-1,0.5,-0.226295,180,0,0,81929
0,0,0,0.5,-0.226295,180,0,0,81941
0,1,0,0.5,-0.22616,180,0,0,81960
0,1,0,0.5,-0.226025,180,0,0,81976
0,1,0,0.5,-0.22589,180,0,31,81999
0,1,0,0.5,-0.225755,180,0,31,82009
0,0,-1,0.5,-0.225755,180,0,31,82026
0,0,0,0.5,-0.225755,180,0,31,82042
0,0,-1,0.5,-0.225755,180,0,0,82062
0,1,0,0.5,-0.22562,180,0,0,82079
0,1,-1,0.5,-0.225485,180,0,0,82095
0,1,0,0.5,-0.22535,180,0,0,82112
0,3,0,0.5,-0.224945,180,0,31,82128
0,3,0,0.5,-0.22454,180,0,31,82144
0,1,0,0.5,-0.224405,180,0,31,82161
0,1,0,0.5,-0.22427,180,0,31,82180
0,0,-1,0.5,-0.22427,180,0,0,82193
0,0,-1,0.5,-0.22427,180,0,0,82209
0,0,-1,0.5,-0.22427,180,0,0,82227
0,0,0,0.5,-0.22427,180,0,0,82244
0,0,0,0.5,-0.22427,180,0,0,82259
0,0,0,0.5,-0.22427,180,0,0,82276
0,0,0,0.5,-0.22427,180,0,0,82293
0,0,0,0.5,-0.22427,180,0,31,82309
0,0,0,0.5,-0.22427,180,0,31,82325
0,-1,0,0.5,-0.224405,180,0,0,82348
0,-1,-1,0.5,-0.22454,180,0,0,82361
0,-1,0,0.5,-0.224675,180,0,0,82378
0,0,0,0.5,-0.224675,180,0,0,82393
0,-1,0,0.5,-0.22481,180,0,0,82410
0,0,0,0.5,-0.22481,180,0,0,82426
0,1,0,0.5,-0.224675,180,0,0,82444
0,0,0,0.5,-0.224675,180,0,31,82465
0,1,-1,0.5,-0.22454,180,0,31,82482
0,0,0,0.5,-0.22454,180,0,31,82497
0,1,-1,0.5,-0.224405,180,0,0,82513
0,0,-1,0.5,-0.224405,180,0,0,82529
0,0,0,0.5,-0.224405,180,0,0,82547
0,0,-1,0.5,-0.224405,180,0,0,82563
0,1,0,0.5,-0.22427,180,0,0,82577
0,1,0,0.5,-0.224135,180,0,31,82593
0,3,0,0.5,-0.22373,180,0,31,82611
0,2,0,0.5,-0.22346,180,0,31,82627
0,2,0,0.5,-0.22319,180,0,0,82648
0,0,0,0.5,-0.22319,180,0,0,82660
0,-1,-1,0.5,-0.223325,180,0,0,82677
0,-2,-1,0.5,-0.223595,180,0,0,82699
0,0,0,0.5,-0.223595,180,0,0,82710
0,1,0,0.5,-0.22346,180,0,31,82727
0,1,0,0.5,-0.223325,180,0,31,82743
0,2,0,0.5,-0.223055,180,0,31,82760
0,0,0,0.5,-0.223055,180,0,31,82777
0,0,-1,0.5,-0.223055,180,0,0,82799
0,0,0,0.5,-0.223055,180,0,0,82814
0,0,-1,0.5,-0.223055,180,0,0,82828
0,0,0,0.5,-0.223055,180,0,0,82844
0,1,0,0.5,-0.22292,180,0,0,82861
0,2,0,0.5,-0.22265,180,0,31,82878
0,2,0,0.5,-0.22238,180,0,31,82893
0,3,0,0.5,-0.221975,180,0,0,82911
0,2,0,0.5,-0.221705,180,0,0,82927
0,1,-1,0.5,-0.22157,180,0,0,82946
0,0,0,0.5,-0.22157,180,0,0,82961
0,1,0,0.5,-0.221435,180,0,0,82977
0,1,0,0.5,-0.2213,180,0,31,82994
0,1,0,0.5,-0.221165,180,0,31,83011
0,2,0,0.5,-0.220895,180,0,31,83028
0,2,0,0.5,-0.220625,180,0,0,83047
0,0,0,0.5,-0.220625,180,0,0,83061
0,0,0,0.5,-0.220625,180,0,0,83077
0,0,0,0.5,-0.220625,180,0,0,83096
0,0,0,0.5,-0.220625,180,0,0,83111
0,0,0,0.5,-0.220625,180,0,0,83127
0,0,1,0.5,-0.220625,180,0,31,83146
0,0,0,0.5,-0.220625,180,0,31,83161
0,0,0,0.5,-0.220625,180,0,31,83177
0,0,0,0.5,-0.220625,180,0,0,83195
0,0,0,0.5,-0.220625,180,0,0,83214
0,0,0,0.5,-0.220625,180,0,0,83228
0,0,0,0.5,-0.220625,180,0,0,83245
0,0,0,0.5,-0.220625,180,0,0,83261
0,-1,0,0.5,-0.22076,180,0,31,83278
0,1,0,0.5,-0.220625,180,0,31,83296
0,1,0,0.5,-0.22049,180,0,31,83312
0,0,0,0.5,-0.22049,180,0,0,83327
0,0,0,0.5,-0.22049,180,0,0,83344
0,0,0,0.5,-0.22049,180,0,0,83361
0,0,0,0.5,-0.22049,180,0,0,83378
0,-1,0,0.5,-0.220625,180,0,0,83394
0,1,0,0.5,-0.22049,180,0,31,83415
0,1,1,0.5,-0.220355,180,0,31,83428
0,1,0,0.5,-0.22022,180,0,31,83444
0,1,0,0.5,-0.220085,180,0,0,83462
0,0,0,0.5,-0.220085,180,0,0,83478
0,-2,0,0.5,-0.220355,180,0,0,83496
0,0,0,0.5,-0.220355,180,0,0,83512
0,0,1,0.5,-0.220355,180,0,0,83530
0,0,0,0.5,-0.220355,180,0,31,83549
0,1,1,0.5,-0.22022,180,0,31,83564
0,1,0,0.5,-0.220085,180,0,31,83580
0,0,0,0.5,-0.220085,180,0,31,83599
0,-1,0,0.5,-0.22022,180,0,0,83613
0,0,0,0.5,-0.22022,180,0,0,83629
0,-2,0,0.5,-0.22049,180,0,0,83646
0,0,0,0.5,-0.22049,180,0,0,83662
0,0,0,0.5,-0.22049,180,0,0,83678
0,1,1,0.5,-0.220355,180,0,0,83696
0,0,1,0.5,-0.220355,180,0,31,83719
0,0,0,0.5,-0.220355,180,0,31,83729
0,0,0,0.5,-0.220355,180,0,31,83746
0,-1,0,0.5,-0.22049,180,0,0,83763
0,-1,0,0.5,-0.220625,180,0,0,83779
0,0,0,0.5,-0.220625,180,0,0,83797
0,0,0,0.5,-0.220625,180,0,0,83812
0,0,0,0.5,-0.220625,180,0,0,83830
0,1,0,0.5,-0.22049,180,0,31,83846
0,3,1,0.5,-0.220085,180,0,31,83863
0,0,0,0.5,-0.220085,180,0,31,83880
0,1,0,0.5,-0.21995,180,0,0,83897
0,-1,0,0.5,-0.220085,180,0,0,83914
0,0,0,0.5,-0.220085,180,0,0,83929
0,0,0,0.5,-0.220085,180,0,0,83945
0,0,0,0.5,-0.220085,180,0,0,83963
0,1,0,0.5,-0.21995,180,0,0,83981
0,1,0,0.5,-0.219815,180,0,31,83996
0,1,0,0.5,-0.21968,180,0,31,84013
0,1,0,0.5,-0.219545,180,0,31,84031
0,0,0,0.5,-0.219545,180,0,0,84046
0,0,0,0.5,-0.219545,180,0,0,84062
0,0,0,0.5,-0.219545,180,0,0,84079
0,0,0,0.5,-0.219545,180,0,0,84096
0,0,0,0.5,-0.219545,180,0,0,84113
0,1,0,0.5,-0.21941,180,0,31,84129
0,1,0,0.5,-0.219275,180,0,31,84146
0,1,0,0.5,-0.21914,180,0,31,84163
0,1,0,0.5,-0.219005,180,0,0,84180
0,0,0,0.5,-0.219005,180,0,0,84196
0,-1,0,0.5,-0.21914,180,0,0,84214
0,0,0,0.5,-0.21914,180,0,0,84229
0,-2,0,0.5,-0.21941,180,0,0,84250
0,0,0,0.5,-0.21941,180,0,31,84264
0,0,0,0.5,-0.21941,180,0,31,84280
0,0,0,0.5,-0.21941,180,0,31,84297
0,-2,0,0.5,-0.21968,180,0,0,84313
0,-3,0,0.5,-0.220085,180,0,0,84330
0,-2,0,0.5,-0.220355,180,0,0,84346
0,-2,0,0.5,-0.220625,180,0,0,84367
0,-1,0,0.5,-0.22076,180,0,0,84384
0,-1,0,0.5,-0.220895,180,0,0,84399
0,0,0,0.5,-0.220895,180,0,0,84413
0,0,0,0.5,-0.220895,180,0,0,84432
0,2,1,0.5,-0.220625,180,0,31,84447
0,1,1,0.5,-0.22049,180,0,31,84464
0,0,0,0.5,-0.22049,180,0,0,84480
0,-1,0,0.5,-0.220625,180,0,0,84498
0,-1,0,0.5,-0.22076,180,0,0,84516
0,-2,0,0.5,-0.22103,180,0,0,84532
0,-1,0,0.5,-0.221165,180,0,0,84547
0,0,0,0.5,-0.221165,180,0,0,84564
0,0,0,0.5,-0.221165,180,0,0,84580
0,0,0,0.5,-0.221165,180,0,0,84598
0,1,0,0.5,-0.22103,180,0,31,84613
0,0,0,0.5,-0.22103,180,0,31,84630
0,-1,0,0.5,-0.221165,180,0,31,84648
0,0,0,0.5,-0.221165,180,0,31,84664
0,-1,0,0.5,-0.2213,180,0,0,84684
0,0,0,0.5,-0.2213,180,0,0,84698
0,0,0,0.5,-0.2213,180,0,0,84716
0,3,0,0.5,-0.220895,180,0,0,84731
0,3,1,0.5,-0.22049,180,0,31,84748
0,3,1,0.5,-0.220085,180,0,31,84765
0,2,1,0.5,-0.219815,180,0,31,84781
0,1,1,0.5,-0.21968,180,0,31,84799
0,0,1,0.5,-0.21968,180,0,0,84815
0,0,0,0.5,-0.21968,180,0,0,84831
0,-2,1,0.5,-0.21995,180,0,0,84849
0,-1,1,0.5,-0.220085,180,0,0,84867
0,-1,1,0.5,-0.22022,180,0,0,84881
0,0,0,0.5,-0.22022,180,0,31,84898
0,1,1,0.5,-0.220085,180,0,31,84915
0,1,1,0.5,-0.21995,180,0,31,84933
0,1,0,0.5,-0.219815,180,0,31,84950
0,0,0,0.5,-0.219815,180,0,0,84967
0,0,0,0.5,-0.219815,180,0,0,84981
0,0,0,0.5,-0.219815,180,0,0,84998
0,0,0,0.5,-0.219815,180,0,0,85014
0,2,0,0.5,-0.219545,180,0,0,85031
0,2,0,0.5,-0.219275,180,0,0,85051
0,2,0,0.5,-0.219005,180,0,0,85065
0,1,0,0.5,-0.21887,180,0,31,85082
0,0,0,0.5,-0.21887,180,0,31,85097
0,0,0,0.5,-0.21887,180,0,0,85117
0,0,0,0.5,-0.21887,180,0,0,85132
0,-3,0,0.5,-0.219275,180,0,0,85148
0,-2,0,0.5,-0.219545,180,0,0,85165
0,-1,0,0.5,-0.21968,180,0,0,85182
0,-1,0,0.5,-0.219815,180,0,0,85198
0,0,0,0.5,-0.219815,180,0,0,85214
0,0,1,0.5,-0.219815,180,0,0,85233
0,0,1,0.5,-0.219815,180,0,31,85251
0,1,1,0.5,-0.21968,180,0,31,85265
0,1,0,0.5,-0.219545,180,0,31,85281
0,1,1,0.5,-0.21941,180,0,0,85298
0,0,0,0.5,-0.21941,180,0,0,85317
0,0,0,0.5,-0.21941,180,0,0,85334
0,0,0,0.5,-0.21941,180,0,0,85348
0,0,0,0.5,-0.21941,180,0,0,85365
0,0,0,0.5,-0.21941,180,0,0,85384
0,1,-1,0.5,-0.219275,180,0,0,85400
0,0,0,0.5,-0.219275,180,0,31,85417
0,0,0,0.5,-0.219275,180,0,31,85435
0,0,0,0.5,-0.219275,180,0,0,85450
0,0,0,0.5,-0.219275,180,0,0,85468
0,0,0,0.5,-0.219275,180,0,0,85482
0,-1,0,0.5,-0.21941,180,0,0,85499
0,0,0,0.5,-0.21941,180,0,0,85515
0,0,0,0.5,-0.21941,180,0,0,85534
0,0,0,0.5,-0.21941,180,0,0,85549
0,0,0,0.5,-0.21941,180,0,0,85567
0,-1,0,0.5,-0.219545,180,0,0,85582
0,-1,0,0.5,-0.21968,180,0,0,85599
0,0,0,0.5,-0.21968,180,0,0,85615
0,0,0,0.5,-0.21968,180,0,0,85632
0,0,1,0.5,-0.21968,180,0,0,85651
0,3,0,0.5,-0.219275,180,0,31,85667
0,3,0,0.5,-0.21887,180,0,31,85683
0,3,0,0.5,-0.218465,180,0,31,85699
0,2,0,0.5,-0.218195,180,0,0,85717
0,1,0,0.5,-0.21806,180,0,0,85734
0,0,0,0.5,-0.21806,180,0,0,85750
0,0,0,0.5,-0.21806,180,0,0,85767
0,0,0,0.5,-0.21806,180,0,0,85784
0,0,0,0.5,-0.21806,180,0,0,85799
0,1,0,0.5,-0.217925,180,0,31,85816
0,1,0,0.5,-0.21779,180,0,31,85835
0,0,0,0.5,-0.21779,180,0,31,85849
0,0,0,0.5,-0.21779,180,0,0,85867
0,0,0,0.5,-0.21779,180,0,0,85883
0,-2,0,0.5,-0.21806,180,0,0,85900
0,0,-1,0.5,-0.21806,180,0,0,85916
0,0,0,0.5,-0.21806,180,0,0,85933
0,0,0,0.5,-0.21806,180,0,0,85949
0,3,0,0.5,-0.217655,180,0,31,85970
0,0,0,0.5,-0.217655,180,0,31,85984
0,1,0,0.5,-0.21752,180,0,0,86000
0,0,0,0.5,-0.21752,180,0,0,86016
0,0,0,0.5,-0.21752,180,0,0,86034
0,-3,0,0.5,-0.217925,180,0,0,86051
0,-1,0,0.5,-0.21806,180,0,0,86066
0,-1,0,0.5,-0.218195,180,0,0,86085
0,0,0,0.5,-0.218195,180,0,0,86100
0,0,0,0.5,-0.218195,180,0,0,86117
0,3,0,0.5,-0.21779,180,0,31,86134
0,0,0,0.5,-0.21779,180,0,31,86149
0,1,0,0.5,-0.217655,180,0,0,86168
0,0,0,0.5,-0.217655,180,0,0,86183
0,0,0,0.5,-0.217655,180,0,0,86199
0,0,0,0.5,-0.217655,180,0,0,86217
0,0,0,0.5,-0.217655,180,0,0,86233
0,0,0,0.5,-0.217655,180,0,0,86250
0,-3,0,0.5,-0.21806,180,0,0,86268
0,0,0,0.5,-0.21806,180,0,0,86284
0,-1,0,0.5,-0.218195,180,0,31,86302
0,0,0,0.5,-0.218195,180,0,31,86317
0,0,1,0.5,-0.218195,180,0,31,86336
0,1,0,0.5,-0.21806,180,0,0,86352
0,0,0,0.5,-0.21806,180,0,0,86367
0,0,0,0.5,-0.21806,180,0,0,86386
0,0,0,0.5,-0.21806,180,0,0,86400
0,-1,0,0.5,-0.218195,180,0,0,86419
0,-2,0,0.5,-0.218465,180,0,0,86435
0,-2,0,0.5,-0.218735,180,0,0,86450
0,-2,0,0.5,-0.219005,180,0,0,86467
0,-2,0,0.5,-0.219275,180,0,0,86483
0,-1,0,0.5,-0.21941,180,0,0,86503
0,2,1,0.5,-0.21914,180,0,31,86525
0,1,0,0.5,-0.219005,180,0,31,86537
0,1,0,0.5,-0.21887,180,0,31,86551
0,0,0,0.5,-0.21887,180,0,31,86568
0,0,0,0.5,-0.21887,180,0,0,86584
0,-1,0,0.5,-0.219005,180,0,0,86601
0,-1,0,0.5,-0.21914,180,0,0,86618
0,-2,0,0.5,-0.21941,180,0,0,86634
0,-4,-1,0.5,-0.21995,180,0,0,86656
0,-5,-1,0.5,-0.220625,180,0,0,86670
0,-5,-1,0.5,-0.2213,180,0,0,86687
0,-6,-1,0.5,-0.22211,180,0,0,86702
0,-6,-1,0.5,-0.22292,180,0,0,86720
0,-6,0,0.5,-0.22373,180,0,0,86735
0,-3,0,0.5,-0.224135,180,0,0,86751
0,-1,0,0.5,-0.22427,180,0,0,86768
0,0,1,0.5,-0.22427,180,0,31,86785
0,1,1,0.5,-0.224135,180,0,0,86802
0,1,0,0.5,-0.224,180,0,0,86819
0,3,0,0.5,-0.223595,180,0,0,86836
0,2,0,0.5,-0.223325,180,0,0,86854
0,3,0,0.5,-0.22292,180,0,0,86869
0,2,-1,0.5,-0.22265,180,0,0,86891
0,1,0,0.5,-0.222515,180,0,0,86903
0,0,0,0.5,-0.222515,180,0,0,86918
0,0,-3,0.5,-0.222515,180,0,0,86938
0,0,0,0.5,-0.222515,180,0,0,86952
0,-4,0,0.5,-0.223055,180,0,0,86970
0,-4,0,0.5,-0.223595,180,0,0,86985
0,-4,0,0.5,-0.224135,180,0,0,87002
1,-4,0,0.5,-0.224675,180,0,0,87019
0,-5,0,0.5,-0.22535,180,0,0,87035
0,-5,0,0.5,-0.226025,180,0,0,87052
0,-8,0,0.5,-0.227105,180,0,0,87071
0,-9,0,0.5,-0.22832,180,0,0,87086
0,-10,0,0.5,-0.22967,180,0,0,87104
0,-13,0,0.5,-0.231425,180,0,0,87118
0,-13,-1,0.5,-0.23318,180,0,0,87136
0,-13,-1,0.5,-0.234935,180,0,0,87154
0,-11,-1,0.5,-0.23642,180,0,0,87169
0,-12,-1,0.5,-0.23804,180,0,0,87186
0,-10,0,0.5,-0.23939,180,0,0,87202
0,-9,0,0.5,-0.240605,180,0,0,87219
0,-8,0,0.5,-0.241685,180,0,0,87236
0,-5,0,0.5,-0.24236,180,0,0,87254
0,-3,0,0.5,-0.242765,180,0,0,87271
0,-2,0,0.5,-0.243035,180,0,0,87285
0,-6,2,0.5,-0.243845,180,0,0,87304
0,-6,0,0.5,-0.244655,180,0,0,87320
0,-8,0,0.5,-0.245735,180,0,0,87338
0,-8,0,0.5,-0.246815,180,0,0,87354
0,-9,0,0.5,-0.24803,180,0,0,87369
0,-5,0,0.5,-0.248705,180,0,0,87386
0,-4,1,0.5,-0.249245,180,0,0,87404
0,-1,0,0.5,-0.24938,180,0,0,87419
0,0,1,0.5,-0.24938,180,0,0,87438
0,0,0,0.5,-0.24938,180,0,0,87455
0,1,0,0.5,-0.249245,180,0,0,87469
0,0,0,0.5,-0.249245,180,0,0,87487
0,0,0,0.5,-0.249245,180,0,0,87503
0,0,-2,0.5,-0.249245,180,0,0,87520
0,-1,-2,0.5,-0.24938,180,0,0,87540
0,0,-2,0.5,-0.24938,180,0,0,87555
0,1,-2,0.5,-0.249245,180,0,0,87570
0,3,-1,0.5,-0.24884,180,0,0,87587
0,8,-1,0.5,-0.24776,180,0,0,87606
0,9,0,0.5,-0.246545,180,0,0,87622
0,10,0,0.5,-0.245195,180,0,31,87638
0,16,3,0.5,-0.243035,180,0,0,87663
0,5,2,0.5,-0.24236,180,0,0,87674
0,0,0,0.5,-0.24236,180,0,0,87686
0,2,1,0.5,-0.24209,180,0,0,87706
0,1,0,0.5,-0.241955,180,0,0,87724
0,1,0,0.5,-0.24182,180,0,0,87737
0,1,1,0.5,-0.241685,180,0,31,87754
0,1,1,0.5,-0.24155,180,0,31,87773
0,1,1,0.5,-0.241415,180,0,0,87787
0,0,1,0.5,-0.241415,180,0,0,87805
0,0,0,0.5,-0.241415,180,0,0,87821
0,1,0,0.5,-0.24128,180,0,0,87836
0,0,0,0.5,-0.24128,180,0,0,87856
0,2,0,0.5,-0.24101,180,0,31,87874
0,3,1,0.5,-0.240605,180,0,31,87890
0,2,1,0.5,-0.240335,180,0,31,87912
0,1,0,0.5,-0.2402,180,0,0,87923
0,1,0,0.5,-0.240065,180,0,0,87940
0,0,0,0.5,-0.240065,180,0,0,87954
0,0,0,0.5,-0.240065,180,0,0,87971
0,-1,-1,0.5,-0.2402,180,0,0,87989
0,0,0,0.5,-0.2402,180,0,0,88005
0,2,0,0.5,-0.23993,180,0,31,88022
0,3,0,0.5,-0.239525,180,0,31,88037
0,3,0,0.5,-0.23912,180,0,31,88057
0,0,0,0.5,-0.23912,180,0,0,88071
0,0,0,0.5,-0.23912,180,0,0,88089
0,-2,-1,0.5,-0.23939,180,0,0,88104
0,-1,0,0.5,-0.239525,180,0,0,88121
0,0,0,0.5,-0.239525,180,0,0,88136
0,0,0,0.5,-0.239525,180,0,0,88156
0,1,0,0.5,-0.23939,180,0,0,88174
0,1,0,0.5,-0.239255,180,0,0,88188
0,1,0,0.5,-0.23912,180,0,31,88209
0,0,0,0.5,-0.23912,180,0,31,88221
0,0,0,0.5,-0.23912,180,0,31,88237
0,0,0,0.5,-0.23912,180,0,0,88254
0,0,0,0.5,-0.23912,180,0,0,88273
0,-1,-1,0.5,-0.239255,180,0,0,88288
0,-1,0,0.5,-0.23939,180,0,0,88305
0,-1,0,0.5,-0.239525,180,0,0,88321
0,0,0,0.5,-0.239525,180,0,0,88339
0,1,0,0.5,-0.23939,180,0,0,88357
0,2,0,0.5,-0.23912,180,0,0,88375
0,2,0,0.5,-0.23885,180,0,0,88389
0,1,0,0.5,-0.238715,180,0,31,88405
0,0,-2,0.5,-0.238715,180,0,31,88423
0,0,-1,0.5,-0.238715,180,0,31,88438
0,0,-1,0.5,-0.238715,180,0,0,88455
0,-1,-1,0.5,-0.23885,180,0,0,88476
0,0,-1,0.5,-0.23885,180,0,0,88488
0,-1,0,0.5,-0.238985,180,0,0,88505
0,-1,-1,0.5,-0.23912,180,0,0,88522
0,0,0,0.5,-0.23912,180,0,0,88539
0,0,0,0.5,-0.23912,180,0,0,88556
0,0,0,0.5,-0.23912,180,0,0,88571
0,1,0,0.5,-0.238985,180,0,0,88588
0,0,0,0.5,-0.238985,180,0,31,88606
0,0,0,0.5,-0.238985,180,0,31,88625
0,-1,0,0.5,-0.23912,180,0,0,88638
0,-1,0,0.5,-0.239255,180,0,0,88655
0,-4,0,0.5,-0.239795,180,0,0,88674
0,-3,0,0.5,-0.2402,180,0,0,88688
0,-3,0,0.5,-0.240605,180,0,0,88705
0,-1,0,0.5,-0.24074,180,0,0,88722
0,0,0,0.5,-0.24074,180,0,0,88740
0,0,2,0.5,-0.24074,180,0,0,88758
0,1,1,0.5,-0.240605,180,0,31,88772
0,1,0,0.5,-0.24047,180,0,31,88788
0,0,0,0.5,-0.24047,180,0,0,88806
0,0,0,0.5,-0.24047,180,0,0,88821
0,2,-2,0.5,-0.2402,180,0,0,88841
0,0,-2,0.5,-0.2402,180,0,0,88861
0,0,-1,0.5,-0.2402,180,0,0,88873
0,0,0,0.5,-0.2402,180,0,0,88890
0,4,0,0.5,-0.23966,180,0,31,88905
0,3,0,0.5,-0.239255,180,0,31,88924
0,2,0,0.5,-0.238985,180,0,0,88940
0,2,0,0.5,-0.238715,180,0,0,88956
0,0,0,0.5,-0.238715,180,0,0,88973
0,0,-1,0.5,-0.238715,180,0,0,88990
0,-1,-1,0.5,-0.23885,180,0,0,89007
0,1,0,0.5,-0.238715,180,0,0,89026
0,0,0,0.5,-0.238715,180,0,0,89038
0,2,0,0.5,-0.238445,180,0,31,89057
0,0,0,0.5,-0.238445,180,0,31,89073
0,1,0,0.5,-0.23831,180,0,0,89089
0,0,-1,0.5,-0.23831,180,0,0,89106
0,0,0,0.5,-0.23831,180,0,0,89124
0,-2,-1,0.5,-0.23858,180,0,0,89142
0,0,0,0.5,-0.23858,180,0,0,89158
0,-2,0,0.5,-0.23885,180,0,0,89174
0,0,0,0.5,-0.23885,180,0,0,89189
0,0,0,0.5,-0.23885,180,0,0,89207
0,0,0,0.5,-0.23885,180,0,31,89223
0,0,0,0.5,-0.23885,180,0,31,89239
0,0,0,0.5,-0.23885,180,0,0,89259
0,0,0,0.5,-0.23885,180,0,0,89273
0,-1,0,0.5,-0.238985,180,0,0,89289
0,-1,0,0.5,-0.23912,180,0,0,89307
0,-1,0,0.5,-0.239255,180,0,0,89327
0,-2,0,0.5,-0.239525,180,0,0,89342
0,-2,0,0.5,-0.239795,180,0,0,89360
0,-1,0,0.5,-0.23993,180,0,0,89374
0,0,1,0.5,-0.23993,180,0,0,89390
0,-1,1,0.5,-0.240065,180,0,0,89407
0,0,0,0.5,-0.240065,180,0,0,89424
0,0,0,0.5,-0.240065,180,0,0,89439
0,0,0,0.5,-0.240065,180,0,0,89457
0,0,0,0.5,-0.240065,180,0,0,89475
0,-2,-2,0.5,-0.240335,180,0,0,89490
0,-1,0,0.5,-0.24047,180,0,0,89507
0,-1,0,0.5,-0.240605,180,0,0,89523
0,2,0,0.5,-0.240335,180,0,0,89544
0,0,0,0.5,-0.240335,180,0,31,89558
0,3,0,0.5,-0.23993,180,0,31,89578
0,1,0,0.5,-0.239795,180,0,0,89591
0,0,0,0.5,-0.239795,180,0,0,89606
0,0,0,0.5,-0.239795,180,0,0,89623
0,-1,0,0.5,-0.23993,180,0,0,89640
0,0,0,0.5,-0.23993,180,0,0,89656
0,-2,0,0.5,-0.2402,180,0,0,89673
0,0,0,0.5,-0.2402,180,0,0,89689
0,1,1,0.5,-0.240065,180,0,0,89707
0,2,1,0.5,-0.239795,180,0,0,89724
0,1,0,0.5,-0.23966,180,0,31,89740
0,2,0,0.5,-0.23939,180,0,31,89757
0,0,0,0.5,-0.23939,180,0,0,89775
0,0,-1,0.5,-0.23939,180,0,0,89795
0,0,0,0.5,-0.23939,180,0,0,89811
0,-1,0,0.5,-0.239525,180,0,0,89825
0,0,0,0.5,-0.239525,180,0,0,89842
0,1,0,0.5,-0.23939,180,0,0,89859
0,2,1,0.5,-0.23912,180,0,31,89875
0,3,1,0.5,-0.238715,180,0,31,89890
0,3,1,0.5,-0.23831,180,0,31,89907
0,1,0,0.5,-0.238175,180,0,31,89926
0,0,0,0.5,-0.238175,180,0,0,89941
0,0,0,0.5,-0.238175,180,0,0,89957
0,-4,0,0.5,-0.238715,180,0,0,89977
0,-1,0,0.5,-0.23885,180,0,0,89996
0,-1,0,0.5,-0.238985,180,0,0,90008
0,-2,0,0.5,-0.239255,180,0,0,90025
0,-1,0,0.5,-0.23939,180,0,0,90041
0,-1,0,0.5,-0.239525,180,0,0,90062
0,0,0,0.5,-0.239525,180,0,0,90074
0,-1,1,0.5,-0.23966,180,0,0,90091
0,0,0,0.5,-0.23966,180,0,0,90108
0,0,0,0.5,-0.23966,180,0,0,90124
0,1,1,0.5,-0.239525,180,0,0,90141
0,2,1,0.5,-0.239255,180,0,0,90159
0,3,1,0.5,-0.23885,180,0,0,90179
0,6,1,0.5,-0.23804,180,0,0,90191
0,7,2,0.5,-0.237095,180,0,0,90210
0,7,1,0.5,-0.23615,180,0,0,90226
0,8,1,0.5,-0.23507,180,0,0,90242
0,7,1,0.5,-0.234125,180,0,0,90259
0,5,0,0.5,-0.23345,180,0,0,90276
0,2,0,0.5,-0.23318,180,0,31,90293
0,1,0,0.5,-0.233045,180,0,0,90308
0,0,0,0.5,-0.233045,180,0,0,90326
0,-4,0,0.5,-0.233585,180,0,0,90342
0,-3,0,0.5,-0.23399,180,0,0,90361
0,-3,1,0.5,-0.234395,180,0,0,90376
0,-1,1,0.5,-0.23453,180,0,0,90393
0,0,2,0.5,-0.23453,180,0,31,90409
0,2,2,0.5,-0.23426,180,0,31,90431
0,2,2,0.5,-0.23399,180,0,31,90444
0,2,2,0.5,-0.23372,180,0,31,90467
0,1,1,0.5,-0.233585,180,0,0,90477
0,-1,1,0.5,-0.23372,180,0,0,90496
0,-1,1,0.5,-0.233855,180,0,0,90509
0,-1,0,0.5,-0.23399,180,0,0,90530
0,-1,1,0.5,-0.234125,180,0,0,90542
0,0,1,0.5,-0.234125,180,0,0,90559
0,1,1,0.5,-0.23399,180,0,0,90575
0,3,1,0.5,-0.233585,180,0,0,90601
0,0,0,0.5,-0.233585,180,0,0,90608
0,1,0,0.5,-0.23345,180,0,0,90625
0,1,0,0.5,-0.233315,180,0,0,90649
0,0,0,0.5,-0.233315,180,0,31,90662
0,3,0,0.5,-0.23291,180,0,31,90676
0,2,0,0.5,-0.23264,180,0,31,90692
0,2,1,0.5,-0.23237,180,0,0,90713
0,1,0,0.5,-0.232235,180,0,0,90728
0,0,0,0.5,-0.232235,180,0,0,90742
0,-1,0,0.5,-0.23237,180,0,0,90761
0,0,0,0.5,-0.23237,180,0,0,90775
0,1,1,0.5,-0.232235,180,0,31,90797
0,2,1,0.5,-0.231965,180,0,31,90813
0,1,1,0.5,-0.23183,180,0,31,90826
0,0,0,0.5,-0.23183,180,0,0,90843
0,0,0,0.5,-0.23183,180,0,0,90859
0,-3,0,0.5,-0.232235,180,0,0,90878
0,-2,0,0.5,-0.232505,180,0,0,90893
0,-2,0,0.5,-0.232775,180,0,0,90909
0,-1,0,0.5,-0.23291,180,0,0,90925
0,0,1,0.5,-0.23291,180,0,0,90944
0,0,0,0.5,-0.23291,180,0,0,90960
0,1,1,0.5,-0.232775,180,0,31,90978
0,1,0,0.5,-0.23264,180,0,31,90993
0,0,0,0.5,-0.23264,180,0,0,91009
0,0,0,0.5,-0.23264,180,0,0,91027
0,-2,0,0.5,-0.23291,180,0,0,91044
0,-1,0,0.5,-0.233045,180,0,0,91062
0,-1,0,0.5,-0.23318,180,0,0,91076
0,0,0,0.5,-0.23318,180,0,0,91094
0,1,0,0.5,-0.233045,180,0,0,91112
0,3,0,0.5,-0.23264,180,0,0,91126
0,1,0,0.5,-0.232505,180,0,31,91144
0,0,0,0.5,-0.232505,180,0,31,91160
0,-1,0,0.5,-0.23264,180,0,0,91176
0,0,0,0.5,-0.23264,180,0,0,91194
0,-3,0,0.5,-0.233045,180,0,0,91211
0,-1,0,0.5,-0.23318,180,0,0,91226
0,-1,0,0.5,-0.233315,180,0,0,91245
0,0,0,0.5,-0.233315,180,0,0,91259
0,0,0,0.5,-0.233315,180,0,0,91276
0,1,0,0.5,-0.23318,180,0,0,91294
0,2,0,0.5,-0.23291,180,0,0,91314
0,1,0,0.5,-0.232775,180,0,31,91328
0,0,0,0.5,-0.232775,180,0,31,91344
0,0,0,0.5,-0.232775,180,0,0,91364
0,0,0,0.5,-0.232775,180,0,0,91379
0,0,0,0.5,-0.232775,180,0,0,91394
0,0,0,0.5,-0.232775,180,0,0,91411
0,0,0,0.5,-0.232775,180,0,0,91427
0,0,-1,0.5,-0.232775,180,0,0,91445
0,0,0,0.5,-0.232775,180,0,0,91460
0,1,0,0.5,-0.23264,180,0,0,91478
0,3,0,0.5,-0.232235,180,0,0,91496
0,0,-1,0.5,-0.232235,180,0,0,91511
0,-1,0,0.5,-0.23237,180,0,31,91527
0,0,0,0.5,-0.23237,180,0,31,91544
0,-1,-1,0.5,-0.232505,180,0,0,91561
0,0,0,0.5,-0.232505,180,0,0,91579
0,-2,-1,0.5,-0.232775,180,0,0,91597
0,0,0,0.5,-0.232775,180,0,0,91611
0,0,0,0.5,-0.232775,180,0,0,91627
0,0,0,0.5,-0.232775,180,0,0,91644
0,2,0,0.5,-0.232505,180,0,0,91661
0,2,0,0.5,-0.232235,180,0,0,91678
0,1,0,0.5,-0.2321,180,0,31,91696
0,0,0,0.5,-0.2321,180,0,31,91711
0,0,-1,0.5,-0.2321,180,0,0,91730
0,-1,0,0.5,-0.232235,180,0,0,91747
0,-1,-1,0.5,-0.23237,180,0,0,91762
0,-1,0,0.5,-0.232505,180,0,0,91777
0,-1,-1,0.5,-0.23264,180,0,0,91795
0,0,0,0.5,-0.23264,180,0,0,91811
0,2,0,0.5,-0.23237,180,0,0,91828
0,2,0,0.5,-0.2321,180,0,0,91845
0,2,0,0.5,-0.23183,180,0,31,91862
0,3,0,0.5,-0.231425,180,0,31,91878
0,0,0,0.5,-0.231425,180,0,31,91896
0,-1,0,0.5,-0.23156,180,0,0,91912
0,0,0,0.5,-0.23156,180,0,0,91928
0,-1,0,0.5,-0.231695,180,0,0,91946
0,-3,0,0.5,-0.2321,180,0,0,91961
0,0,0,0.5,-0.2321,180,0,0,91978
0,0,0,0.5,-0.2321,180,0,0,91994
0,0,0,0.5,-0.2321,180,0,0,92015
0,1,1,0.5,-0.231965,180,0,31,92028
0,3,0,0.5,-0.23156,180,0,31,92045
0,2,0,0.5,-0.23129,180,0,0,92062
0,1,0,0.5,-0.231155,180,0,0,92078
0,0,0,0.5,-0.231155,180,0,0,92095
0,1,0,0.5,-0.23102,180,0,0,92113
0,0,0,0.5,-0.23102,180,0,0,92129
0,2,-1,0.5,-0.23075,180,0,0,92147
0,1,0,0.5,-0.230615,180,0,31,92166
0,1,0,0.5,-0.23048,180,0,31,92180
0,2,-1,0.5,-0.23021,180,0,31,92198
0,0,0,0.5,-0.23021,180,0,0,92212
0,0,-1,0.5,-0.23021,180,0,0,92230
0,-3,-1,0.5,-0.230615,180,0,0,92255
0,-1,0,0.5,-0.23075,180,0,0,92268
0,-1,0,0.5,-0.230885,180,0,0,92281
0,0,0,0.5,-0.230885,180,0,0,92296
0,-3,0,0.5,-0.23129,180,0,0,92313
0,0,0,0.5,-0.23129,180,0,0,92328
0,0,0,0.5,-0.23129,180,0,0,92347
0,0,0,0.5,-0.23129,180,0,0,92366
0,4,0,0.5,-0.23075,180,0,31,92379
0,1,0,0.5,-0.230615,180,0,31,92395
0,1,0,0.5,-0.23048,180,0,0,92413
0,0,0,0.5,-0.23048,180,0,0,92428
0,0,0,0.5,-0.23048,180,0,0,92447
0,0,0,0.5,-0.23048,180,0,0,92462
0,0,0,0.5,-0.23048,180,0,0,92479
0,-3,0,0.5,-0.230885,180,0,0,92496
0,-3,0,0.5,-0.23129,180,0,0,92512
0,-6,0,0.5,-0.2321,180,0,0,92529
0,-5,0,0.5,-0.232775,180,0,0,92546
0,-7,-1,0.5,-0.23372,180,0,0,92563
0,-5,0,0.5,-0.234395,180,0,0,92580
0,-4,0,0.5,-0.234935,180,0,0,92595
0,-4,0,0.5,-0.235475,180,0,0,92618
0,0,0,0.5,-0.235475,180,0,0,92633
0,3,0,0.5,-0.23507,180,0,0,92646
0,3,1,0.5,-0.234665,180,0,0,92664
0,5,1,0.5,-0.23399,180,0,0,92688
0,5,1,0.5,-0.233315,180,0,0,92701
0,5,1,0.5,-0.23264,180,0,31,92714
0,1,0,0.5,-0.232505,180,0,31,92732
0,0,0,0.5,-0.232505,180,0,0,92746
0,-2,0,0.5,-0.232775,180,0,0,92764
0,-2,0,0.5,-0.233045,180,0,0,92780
0,-2,0,0.5,-0.233315,180,0,0,92796
0,-3,0,0.5,-0.23372,180,0,0,92815
0,-4,0,0.5,-0.23426,180,0,0,92830
0,-3,0,0.5,-0.234665,180,0,0,92849
0,-4,-1,0.5,-0.235205,180,0,0,92864
0,-3,-1,0.5,-0.23561,180,0,0,92881
0,-4,-1,0.5,-0.23615,180,0,0,92896
0,-3,0,0.5,-0.236555,180,0,0,92914
0,-4,-1,0.5,-0.237095,180,0,0,92931
0,-3,0,0.5,-0.2375,180,0,0,92948
0,-1,0,0.5,-0.237635,180,0,0,92965
0,-1,-1,0.5,-0.23777,180,0,0,92981
0,0,0,0.5,-0.23777,180,0,0,92999
0,0,0,0.5,-0.23777,180,0,0,93013
0,5,0,0.5,-0.237095,180,0,0,93032
0,4,0,0.5,-0.236555,180,0,0,93047
0,6,1,0.5,-0.235745,180,0,0,93067
0,7,2,0.5,-0.2348,180,0,0,93081
0,8,2,0.5,-0.23372,180,0,0,93101
0,11,2,0.5,-0.232235,180,0,0,93116
0,11,3,0.5,-0.23075,180,0,0,93131
0,11,4,0.5,-0.229265,180,0,0,93148
0,13,6,0.5,-0.22751,180,0,0,93167
0,14,7,0.5,-0.22562,180,0,0,93194
0,14,8,0.5,-0.22373,180,0,0,93207
0,12,8,0.5,-0.22211,180,0,0,93224
0,10,9,0.5,-0.22076,180,0,0,93239
0,7,9,0.5,-0.219815,180,0,0,93252
0,6,8,0.5,-0.219005,180,0,0,93269
0,5,7,0.5,-0.21833,180,0,0,93284
0,5,5,0.5,-0.217655,180,0,0,93300
0,3,3,0.5,-0.21725,180,0,0,93319
0,2,1,0.5,-0.21698,180,0,0,93338
0,0,0,0.5,-0.21698,180,0,0,93347
0,-1,-1,0.5,-0.217115,180,0,0,93365
0,0,-1,0.5,-0.217115,180,0,0,93381
0,1,0,0.5,-0.21698,180,0,0,93399
0,4,1,0.5,-0.21644,180,0,0,93420
0,6,2,0.5,-0.21563,180,0,0,93434
0,4,3,0.5,-0.21509,180,0,0,93448
0,5,2,0.5,-0.214415,180,0,31,93470
0,4,3,0.5,-0.213875,180,0,0,93484
0,1,2,0.5,-0.21374,180,0,0,93499
0,0,1,0.5,-0.21374,180,0,0,93515
0,1,1,0.5,-0.213605,180,0,0,93534
0,0,1,0.5,-0.213605,180,0,0,93552
0,2,2,0.5,-0.213335,180,0,0,93566
0,0,2,0.5,-0.213335,180,0,0,93582
0,-1,2,0.5,-0.21347,180,0,0,93599
0,-1,1,0.5,-0.213605,180,0,31,93617
0,-1,1,0.5,-0.21374,180,0,31,93632
0,0,1,0.5,-0.21374,180,0,31,93650
0,0,2,0.5,-0.21374,180,0,0,93670
0,1,2,0.5,-0.213605,180,0,0,93683
0,3,3,0.5,-0.2132,180,0,0,93700
0,5,3,0.5,-0.212525,180,0,0,93716
0,6,3,0.5,-0.211715,180,0,0,93734
0,8,6,0.5,-0.210635,180,0,0,93752
0,1,2,0.5,-0.2105,180,0,0,93768
0,-2,1,0.5,-0.21077,180,0,0,93785
0,-6,1,0.5,-0.21158,180,0,0,93802
0,-9,0,0.5,-0.212795,180,0,0,93820
0,-10,0,0.5,-0.214145,180,0,0,93833
0,-11,-1,0.5,-0.21563,180,0,0,93855
0,-9,0,0.5,-0.216845,180,0,0,93866
0,-7,0,0.5,-0.21779,180,0,0,93882
0,-3,0,0.5,-0.218195,180,0,0,93900
0,0,0,0.5,-0.218195,180,0,0,93918
0,3,2,0.5,-0.21779,180,0,0,93937
0,4,2,0.5,-0.21725,180,0,31,93952
0,5,3,0.5,-0.216575,180,0,31,93968
0,7,3,0.5,-0.21563,180,0,31,93985
0,9,4,0.5,-0.214415,180,0,0,94004
0,7,4,0.5,-0.21347,180,0,0,94019
0,6,3,0.5,-0.21266,180,0,0,94035
0,5,3,0.5,-0.211985,180,0,0,94050
0,3,3,0.5,-0.21158,180,0,0,94067
0,0,2,0.5,-0.21158,180,0,0,94084
0,-3,2,0.5,-0.211985,180,0,0,94102
0,-16,2,0.5,-0.214145,180,0,0,94124
0,0,0,0.5,-0.214145,180,0,0,94135
0,-12,0,0.5,-0.215765,180,0,0,94150
0,-11,0,0.5,-0.21725,180,0,0,94166
0,-19,0,0.5,-0.219815,180,0,0,94183
0,-6,0,0.5,-0.220625,180,0,0,94200
0,-5,1,0.5,-0.2213,180,0,0,94218
0,-3,2,0.5,-0.221705,180,0,0,94236
0,0,2,0.5,-0.221705,180,0,0,94250
0,4,3,0.5,-0.221165,180,0,0,94267
0,4,3,0.5,-0.220625,180,0,0,94286
0,6,3,0.5,-0.219815,180,0,0,94303
0,6,2,0.5,-0.219005,180,0,0,94319
0,5,2,0.5,-0.21833,180,0,31,94336
0,4,1,0.5,-0.21779,180,0,31,94355
0,3,2,0.5,-0.217385,180,0,0,94369
0,0,1,0.5,-0.217385,180,0,0,94384
0,0,1,0.5,-0.217385,180,0,0,94400
0,-1,1,0.5,-0.21752,180,0,0,94417
0,-1,0,0.5,-0.217655,180,0,0,94435
0,-4,1,0.5,-0.218195,180,0,0,94454
0,-4,1,0.5,-0.218735,180,0,0,94467
0,-2,1,0.5,-0.219005,180,0,0,94487
0,-2,1,0.5,-0.219275,180,0,0,94501
0,-2,1,0.5,-0.219545,180,0,0,94523
0,-1,1,0.5,-0.21968,180,0,0,94537
0,0,0,0.5,-0.21968,180,0,0,94550
0,-1,2,0.5,-0.219815,180,0,0,94570
0,0,0,0.5,-0.219815,180,0,0,94585
0,0,0,0.5,-0.219815,180,0,0,94601
0,1,1,0.5,-0.21968,180,0,0,94619
0,0,0,0.5,-0.21968,180,0,0,94634
0,0,0,0.5,-0.21968,180,0,0,94650
0,-1,0,0.5,-0.219815,180,0,0,94667
0,-2,0,0.5,-0.220085,180,0,0,94684
0,-3,0,0.5,-0.22049,180,0,0,94700
0,-4,0,0.5,-0.22103,180,0,0,94718
0,-4,0,0.5,-0.22157,180,0,0,94737
0,-5,0,0.5,-0.222245,180,0,0,94753
0,-3,1,0.5,-0.22265,180,0,0,94767
0,-3,0,0.5,-0.223055,180,0,0,94786
0,-4,1,0.5,-0.223595,180,0,0,94802
0,-3,2,0.5,-0.224,180,0,0,94818
0,-1,2,0.5,-0.224135,180,0,0,94835
0,1,2,0.5,-0.224,180,0,0,94851
0,2,3,0.5,-0.22373,180,0,0,94872
0,6,6,0.5,-0.22292,180,0,0,94889
0,0,0,0.5,-0.22292,180,0,0,94901
0,5,6,0.5,-0.222245,180,0,0,94920
0,2,4,0.5,-0.221975,180,0,31,94936
0,1,3,0.5,-0.22184,180,0,31,94956
0,2,3,0.5,-0.22157,180,0,31,94971
0,2,3,0.5,-0.2213,180,0,31,94985
0,2,3,0.5,-0.22103,180,0,0,95002
0,4,3,0.5,-0.22049,180,0,0,95019
0,3,2,0.5,-0.220085,180,0,0,95035
0,5,1,0.5,-0.21941,180,0,0,95052
0,4,1,0.5,-0.21887,180,0,0,95068
0,4,1,0.5,-0.21833,180,0,0,95087
0,2,1,0.5,-0.21806,180,0,0,95103
0,3,1,0.5,-0.217655,180,0,0,95119
0,1,1,0.5,-0.21752,180,0,0,95136
0,2,1,0.5,-0.21725,180,0,0,95153
0,2,1,0.5,-0.21698,180,0,0,95168
0,2,1,0.5,-0.21671,180,0,0,95187
0,5,1,0.5,-0.216035,180,0,0,95204
0,5,2,0.5,-0.21536,180,0,0,95218
0,7,2,0.5,-0.214415,180,0,0,95239
0,7,2,0.5,-0.21347,180,0,0,95254
0,14,5,0.5,-0.21158,180,0,0,95272
0,0,0,0.5,-0.21158,180,0,0,95285
0,6,4,0.5,-0.21077,180,0,0,95305
0,17,7,0.5,-0.208475,180,0,0,95323
0,14,6,0.5,-0.206585,180,0,0,95339
0,15,6,0.5,-0.20456,180,0,0,95354
0,19,7,0.5,-0.201995,180,0,0,95375
0,22,7,0.5,-0.199025,180,0,0,95393
0,23,7,0.5,-0.19592,180,0,0,95413
0,24,6,0.5,-0.19268,180,0,0,95425
0,23,6,0.5,-0.189575,180,0,0,95439
0,20,5,0.5,-0.186875,180,0,0,95456
0,18,3,0.5,-0.184445,180,0,0,95472
0,15,3,0.5,-0.18242,180,0,0,95486
0,13,2,0.5,-0.180665,180,0,0,95503
0,11,2,0.5,-0.17918,180,0,0,95518
0,10,2,0.5,-0.17783,180,0,0,95537
0,7,3,0.5,-0.176885,180,0,0,95554
0,4,2,0.5,-0.176345,180,0,0,95569
0,3,2,0.5,-0.17594,180,0,0,95585
0,-1,1,0.5,-0.176075,180,0,0,95603
0,-7,0,0.5,-0.17702,180,0,0,95619
0,-6,0,0.5,-0.17783,180,0,0,95635
0,-5,0,0.5,-0.178505,180,0,0,95655
0,-1,0,0.5,-0.17864,180,0,0,95671
0,0,0,0.5,-0.17864,180,0,0,95688
0,0,1,0.5,-0.17864,180,0,0,95702
0,0,1,0.5,-0.17864,180,0,31,95719
0,1,2,0.5,-0.178505,180,0,31,95736
0,1,2,0.5,-0.17837,180,0,0,95755
0,1,2,0.5,-0.178235,180,0,0,95774
0,1,3,0.5,-0.1781,180,0,0,95794
0,0,4,0.5,-0.1781,180,0,0,95805
0,-1,4,0.5,-0.178235,180,0,0,95821
0,-3,4,0.5,-0.17864,180,0,0,95840
0,-4,4,0.5,-0.17918,180,0,0,95858
0,-3,4,0.5,-0.179585,180,0,0,95871
0,-3,4,0.5,-0.17999,180,0,0,95888
0,-2,4,0.5,-0.18026,180,0,0,95904
0,0,4,0.5,-0.18026,180,0,0,95920
0,4,5,0.5,-0.17972,180,0,0,95940
0,5,5,0.5,-0.179045,180,0,0,95957
0,9,5,0.5,-0.17783,180,0,0,95971
0,8,4,0.5,-0.17675,180,0,0,95990
0,9,5,0.5,-0.175535,180,0,0,96004
0,8,5,0.5,-0.174455,180,0,0,96021
0,9,6,0.5,-0.17324,180,0,0,96038
0,9,6,0.5,-0.172025,180,0,0,96056
0,11,7,0.5,-0.17054,180,0,0,96072
0,27,16,0.5,-0.166895,180,0,0,96096
0,17,9,0.5,-0.1646,180,0,0,96109
0,18,9,0.5,-0.16217,180,0,0,96123
0,18,9,0.5,-0.15974,180,0,0,96140
0,21,9,0.5,-0.156905,180,0,0,96159
0,23,9,0.5,-0.1538,180,0,0,96174
0,22,8,0.5,-0.15083,180,0,0,96189
0,21,7,0.5,-0.147995,180,0,0,96207
0,20,5,0.5,-0.145295,180,0,0,96224
0,19,3,0.5,-0.14273,180,0,0,96238
0,15,1,0.5,-0.140705,180,0,0,96255
0,14,2,0.5,-0.138815,180,0,0,96270
0,10,3,0.5,-0.137465,180,0,0,96288
0,8,4,0.5,-0.136385,180,0,0,96305
0,7,4,0.5,-0.13544,180,0,0,96322
0,5,4,0.5,-0.134765,180,0,0,96338
0,3,5,0.5,-0.13436,180,0,0,96359
0,0,5,0.5,-0.13436,180,0,0,96373
0,-2,4,0.5,-0.13463,180,0,0,96388
0,-2,4,0.5,-0.1349,180,0,0,96406
0,-2,3,0.5,-0.13517,180,0,0,96421
0,-1,3,0.5,-0.135305,180,0,0,96442
0,1,4,0.5,-0.13517,180,0,0,96459
0,2,3,0.5,-0.1349,180,0,0,96472
0,4,2,0.5,-0.13436,180,0,0,96488
0,3,3,0.5,-0.133955,180,0,0,96506
0,3,3,0.5,-0.13355,180,0,0,96524
0,3,3,0.5,-0.133145,180,0,31,96539
0,3,4,0.5,-0.13274,180,0,31,96559
0,1,4,0.5,-0.132605,180,0,31,96573
0,1,4,0.5,-0.13247,180,0,31,96588
0,-1,3,0.5,-0.132605,180,0,0,96605
0,0,3,0.5,-0.132605,180,0,0,96622
0,0,2,0.5,-0.132605,180,0,0,96638
0,1,3,0.5,-0.13247,180,0,0,96658
0,2,2,0.5,-0.1322,180,0,0,96672
0,1,2,0.5,-0.132065,180,0,0,96691
0,0,3,0.5,-0.132065,180,0,0,96708
0,-2,3,0.5,-0.132335,180,0,0,96724
0,-3,3,0.5,-0.13274,180,0,0,96739
0,-8,5,0.5,-0.13382,180,0,0,96761
0,0,0,0.5,-0.13382,180,0,0,96772
0,-3,2,0.5,-0.134225,180,0,0,96789
0,-1,3,0.5,-0.13436,180,0,0,96806
0,11,8,0.5,-0.132875,180,0,0,96826
0,7,5,0.5,-0.13193,180,0,0,96840
0,9,5,0.5,-0.130715,180,0,0,96857
0,10,6,0.5,-0.129365,180,0,0,96875
0,9,6,0.5,-0.12815,180,0,0,96892
0,10,6,0.5,-0.1268,180,0,0,96911
0,9,6,0.5,-0.125585,180,0,0,96923
0,11,7,0.5,-0.1241,180,0,0,96942
0,11,7,0.5,-0.122615,180,0,0,96959
0,11,7,0.5,-0.12113,180,0,0,96975
0,13,8,0.5,-0.119375,180,0,0,96994
0,12,9,0.5,-0.117755,180,0,0,97012
0,14,8,0.5,-0.115865,180,0,0,97023
0,13,8,0.5,-0.11411,180,0,0,97048
0,11,6,0.5,-0.112625,180,0,0,97056
0,9,5,0.5,-0.11141,180,0,0,97076
0,7,5,0.5,-0.110465,180,0,0,97093
0,7,4,0.5,-0.10952,180,0,0,97106
0,7,4,0.5,-0.108575,180,0,0,97124
0,4,3,0.5,-0.108035,180,0,0,97139
0,5,3,0.5,-0.10736,180,0,0,97156
0,12,6,0.5,-0.10574,180,0,0,97180
0,0,0,0.5,-0.10574,180,0,0,97191
0,14,7,0.5,-0.10385,180,0,31,97214
0,5,3,0.5,-0.103175,180,0,31,97225
0,5,3,0.5,-0.1025,180,0,0,97242
0,5,2,0.5,-0.101825,180,0,0,97257
0,6,2,0.5,-0.101015,180,0,0,97273
0,9,1,0.5,-0.0998,180,0,0,97291
0,10,1,0.5,-0.09845,180,0,0,97306
0,11,2,0.5,-0.096965,180,0,0,97324
0,11,2,0.5,-0.09548,180,0,0,97340
0,9,2,0.5,-0.094265,180,0,0,97361
0,6,3,0.5,-0.093455,180,0,0,97378
0,2,3,0.5,-0.093185,180,0,0,97389
0,1,3,0.5,-0.09305,180,0,0,97407
0,0,3,0.5,-0.09305,180,0,0,97424
0,1,3,0.5,-0.092915,180,0,0,97441
0,0,4,0.5,-0.092915,180,0,0,97458
0,2,4,0.5,-0.092645,180,0,0,97476
0,3,4,0.5,-0.09224,180,0,0,97490
0,4,4,0.5,-0.0917,180,0,0,97507
0,6,4,0.5,-0.09089,180,0,0,97526
0,7,4,0.5,-0.089945,180,0,0,97543
0,22,8,0.5,-0.086975,180,0,0,97563
0,0,2,0.5,-0.086975,180,0,0,97574
0,16,7,0.5,-0.084815,180,0,0,97590
0,37,7,0.5,-0.07982,180,0,0,97609
0,20,14,0.5,-0.07712,180,0,0,97627
0,20,6,0.5,-0.07442,180,0,0,97642
0,19,6,0.5,-0.071855,180,0,0,97661
0,14,5,0.5,-0.069965,180,0,0,97675
0,12,4,0.5,-0.068345,180,0,0,97695
0,8,3,0.5,-0.067265,180,0,0,97707
0,6,2,0.5,-0.066455,180,0,0,97728
0,3,2,0.5,-0.06605,180,0,0,97742
0,2,2,0.5,-0.06578,180,0,0,97757
0,2,2,0.5,-0.06551,180,0,0,97776
0,2,2,0.5,-0.06524,180,0,0,97792
0,2,2,0.5,-0.06497,180,0,0,97807
0,0,2,0.5,-0.06497,180,0,0,97825
0,1,1,0.5,-0.064835,180,0,0,97841
0,3,2,0.5,-0.06443,180,0,0,97862
0,6,1,0.5,-0.06362,180,0,0,97875
0,8,1,0.5,-0.06254,180,0,0,97890
0,8,1,0.5,-0.06146,180,0,31,97908
0,9,2,0.5,-0.060245,180,0,0,97924
0,7,2,0.5,-0.0593,180,0,0,97942
0,6,1,0.5,-0.05849,180,0,0,97959
0,4,0,0.5,-0.05795,180,0,0,97974
0,8,0,0.5,-0.05687,180,0,0,97991
0,4,1,0.5,-0.05633,180,0,0,98009
0,5,2,0.5,-0.055655,180,0,0,98026
0,4,1,0.5,-0.055115,180,0,31,98044
0,4,1,0.5,-0.054575,180,0,31,98057
0,2,1,0.5,-0.054305,180,0,31,98077
0,2,1,0.5,-0.054035,180,0,0,98091
0,2,0,0.5,-0.053765,180,0,0,98107
0,2,1,0.5,-0.053495,180,0,0,98125
0,3,2,0.5,-0.05309,180,0,0,98143
0,1,2,0.5,-0.052955,180,0,0,98164
0,0,3,0.5,-0.052955,180,0,0,98174
0,-3,3,0.5,-0.05336,180,0,0,98192
0,-4,3,0.5,-0.0539,180,0,0,98212
0,-5,4,0.5,-0.054575,180,0,0,98226
0,-6,3,0.5,-0.055385,180,0,0,98246
0,-5,3,0.5,-0.05606,180,0,0,98258
0,-3,3,0.5,-0.056465,180,0,0,98278
0,-1,3,0.5,-0.0566,180,0,0,98292
0,3,3,0.5,-0.056195,180,0,0,98311
0,11,4,0.5,-0.05471,180,0,0,98328
0,0,2,0.5,-0.05471,180,0,31,98345
0,7,4,0.5,-0.053765,180,0,31,98360
0,6,3,0.5,-0.052955,180,0,31,98375
0,10,4,0.5,-0.051605,180,0,0,98395
0,3,3,0.5,-0.0512,180,0,0,98412
0,3,1,0.5,-0.050795,180,0,0,98428
0,3,1,0.5,-0.05039,180,0,0,98446
0,4,2,0.5,-0.04985,180,0,0,98459
0,5,2,0.5,-0.049175,180,0,0,98475
0,5,3,0.5,-0.0485,180,0,0,98492
0,6,4,0.5,-0.04769,180,0,0,98508
0,6,5,0.5,-0.04688,180,0,0,98528
0,5,5,0.5,-0.046205,180,0,0,98547
0,6,5,0.5,-0.045395,180,0,0,98564
0,10,6,0.5,-0.044045,180,0,0,98576
0,11,6,0.5,-0.04256,180,0,0,98599
0,14,7,0.5,-0.04067,180,0,0,98611
0,15,7,0.5,-0.038645,180,0,0,98630
0,16,7,0.5,-0.036485,180,0,0,98643
0,16,7,0.5,-0.034325,180,0,0,98664
0,16,5,0.5,-0.032165,180,0,0,98679
0,14,4,0.5,-0.030275,180,0,0,98696
0,13,3,0.5,-0.02852,180,0,0,98710
0,11,2,0.5,-0.027035,180,0,0,98727
0,7,2,0.5,-0.02609,180,0,0,98745
0,7,4,0.5,-0.025145,180,0,0,98763
0,0,2,0.5,-0.025145,180,0,0,98778
0,-2,2,0.5,-0.025415,180,0,0,98794
0,-1,2,0.5,-0.02555,180,0,0,98809
0,1,2,0.5,-0.025415,180,0,0,98832
0,4,3,0.5,-0.024875,180,0,0,98844
0,4,3,0.5,-0.024335,180,0,0,98863
0,5,2,0.5,-0.02366,180,0,0,98875
0,8,4,0.5,-0.02258,180,0,0,98894
0,11,4,0.5,-0.021095,180,0,0,98916
0,13,4,0.5,-0.01934,180,0,0,98929
0,15,5,0.5,-0.017315,180,0,0,98943
0,18,6,0.5,-0.014885,180,0,0,98959
0,20,6,0.5,-0.012185,180,0,0,98980
0,20,7,0.5,-0.009485,180,0,0,98994
0,22,8,0.5,-0.006515,180,0,0,99012
0,21,8,0.5,-0.00368,180,0,0,99030
0,20,9,0.5,-0.00098,180,0,0,99052
0,36,15,0.5,0.00388,180,0,0,99067
0,18,6,0.5,0.00631,180,0,0,99082
0,0,0,0.5,0.00631,180,0,0,99092
0,18,5,0.5,0.00874,180,0,0,99116
0,35,7,0.5,0.013465,180,0,0,99128
0,16,2,0.5,0.015625,180,0,0,99144
0,13,3,0.5,0.01738,180,0,0,99160
0,11,3,0.5,0.018865,180,0,0,99177
0,9,3,0.5,0.02008,180,0,0,99195
0,7,4,0.5,0.021025,180,0,0,99210
0,8,3,0.5,0.022105,180,0,0,99230
0,10,3,0.5,0.023455,180,0,0,99246
0,12,4,0.5,0.025075,180,0,0,99262
0,13,3,0.5,0.02683,180,0,0,99280
0,12,3,0.5,0.02845,180,0,0,99301
0,11,3,0.5,0.029935,180,0,31,99312
0,9,3,0.5,0.03115,180,0,31,99327
0,5,2,0.5,0.031825,180,0,0,99343
0,4,2,0.5,0.032365,180,0,0,99364
0,2,2,0.5,0.032635,180,0,0,99377
0,3,2,0.5,0.03304,180,0,0,99394
0,4,3,0.5,0.03358,180,0,0,99411
0,4,3,0.5,0.03412,180,0,0,99427
0,4,3,0.5,0.03466,180,0,31,99445
0,2,4,0.5,0.03493,180,0,31,99467
0,1,3,0.5,0.035065,180,0,31,99482
0,-1,3,0.5,0.03493,180,0,0,99495
0,-3,3,0.5,0.034525,180,0,0,99511
0,-2,3,0.5,0.034255,180,0,0,99529
0,-5,5,0.5,0.03358,180,0,0,99547
0,-2,1,0.5,0.03331,180,0,0,99563
0,-5,0,0.5,0.032635,180,0,0,99581
0,-4,0,0.5,0.032095,180,0,0,99594
0,-1,0,0.5,0.03196,180,0,0,99609
0,0,1,0.5,0.03196,180,0,0,99626
0,3,1,0.5,0.032365,180,0,0,99643
0,4,2,0.5,0.032905,180,0,0,99666
0,2,1,0.5,0.033175,180,0,31,99678
0,3,2,0.5,0.03358,180,0,31,99696
0,1,2,0.5,0.033715,180,0,0,99710
0,0,2,0.5,0.033715,180,0,0,99733
0,0,2,0.5,0.033715,180,0,0,99750
0,0,3,0.5,0.033715,180,0,0,99763
0,0,2,0.5,0.033715,180,0,0,99780
0,0,2,0.5,0.033715,180,0,0,99796
0,-2,2,0.5,0.033445,180,0,0,99810
0,-3,2,0.5,0.03304,180,0,0,99829
0,-3,2,0.5,0.032635,180,0,0,99845
0,-5,1,0.5,0.03196,180,0,0,99862
0,-13,2,0.5,0.030205,180,0,0,99884
0,0,0,0.5,0.030205,180,0,0,99894
0,-11,1,0.5,0.02872,180,0,0,99912
0,0,0,0.5,0.02872,180,0,0,99926
0,-13,1,0.5,0.026965,180,0,0,99946
0,-7,0,0.5,0.02602,180,0,0,99961
0,-7,0,0.5,0.025075,180,0,0,99980
0,-6,1,0.5,0.024265,180,0,0,99998
0,-6,1,0.5,0.023455,180,0,0,100014
0,-5,0,0.5,0.02278,180,0,0,100028
0,-2,0,0.5,0.02251,180,0,0,100045
0,0,0,0.5,0.02251,180,0,0,100060
0,0,1,0.5,0.02251,180,0,0,100077
0,3,2,0.5,0.022915,180,0,0,100097
0,4,2,0.5,0.023455,180,0,0,100115
0,5,3,0.5,0.02413,180,0,0,100129
0,6,4,0.5,0.02494,180,0,0,100145
0,11,5,0.5,0.026425,180,0,0,100170
0,10,5,0.5,0.027775,180,0,0,100185
0,12,6,0.5,0.029395,180,0,0,100196
0,12,6,0.5,0.031015,180,0,0,100213
0,29,14,0.5,0.03493,180,0,0,100239
0,0,0,0.5,0.03493,180,0,0,100244
0,15,7,0.5,0.036955,180,0,0,100264
0,34,14,0.5,0.041545,180,0,0,100288
0,16,7,0.5,0.043705,180,0,0,100304
0,18,8,0.5,0.046135,180,0,0,100314
0,20,7,0.5,0.048835,180,0,0,100337
0,21,8,0.5,0.05167,180,0,0,100352
0,21,7,0.5,0.054505,180,0,0,100366
0,20,7,0.5,0.057205,180,0,0,100381
0,22,7,0.5,0.060175,180,0,0,100399
0,21,6,0.5,0.06301,180,0,0,100413
0,21,5,0.5,0.065845,180,0,0,100432
0,20,4,0.5,0.068545,180,0,0,100447
0,20,3,0.5,0.071245,180,0,0,100462
0,16,2,0.5,0.073405,180,0,0,100482
0,8,1,0.5,0.074485,180,0,0,100496
0,4,1,0.5,0.075025,180,0,0,100513
0,0,0,0.5,0.075025,180,0,0,100528
0,-6,0,0.5,0.074215,180,0,0,100545
0,-9,-1,0.5,0.073,180,0,0,100564
0,-22,-1,0.5,0.07003,180,0,0,100583
0,0,0,0.5,0.07003,180,0,0,100595
0,-12,0,0.5,0.06841,180,0,0,100611
0,-13,0,0.5,0.066655,180,0,0,100629
0,-12,0,0.5,0.065035,180,0,0,100646
0,-13,1,0.5,0.06328,180,0,0,100664
0,-24,2,0.5,0.06004,180,0,0,100680
0,-16,10,0.5,0.05788,180,0,0,100701
0,-18,7,0.5,0.05545,180,0,0,100716
0,-16,7,0.5,0.05329,180,0,0,100734
0,-14,8,0.5,0.0514,180,0,0,100749
0,-10,6,0.5,0.05005,180,0,0,100764
0,-10,5,0.5,0.0487,180,0,0,100780
0,-8,3,0.5,0.04762,180,0,0,100798
0,-7,2,0.5,0.046675,180,0,0,100812
0,-3,0,0.5,0.04627,180,0,0,100829
0,-1,0,0.5,0.046135,180,0,0,100845
0,1,-1,0.5,0.04627,180,0,0,100863
0,0,-1,0.5,0.04627,180,0,0,100879
0,-3,0,0.5,0.045865,180,0,0,100895
0,-11,2,0.5,0.04438,180,0,0,100913
0,-14,3,0.5,0.04249,180,0,0,100932
0,-13,6,0.5,0.040735,180,0,0,100948
0,-10,8,0.5,0.039385,180,0,0,100964
0,-3,9,0.5,0.03898,180,0,0,100987
0,1,15,0.5,0.039115,180,0,0,101004
0,0,0,0.5,0.039115,180,0,0,101013
0,0,5,0.5,0.039115,180,0,0,101031
0,1,4,0.5,0.03925,180,0,0,101048
0,-5,7,0.5,0.038575,180,0,0,101067
0,-5,5,0.5,0.0379,180,0,0,101084
0,-1,4,0.5,0.037765,180,0,0,101097
0,0,4,0.5,0.037765,180,0,0,101119
0,4,3,0.5,0.038305,180,0,0,101131
0,2,2,0.5,0.038575,180,0,0,101152
0,-1,2,0.5,0.03844,180,0,0,101167
0,-5,3,0.5,0.037765,180,0,0,101181
0,-9,5,0.5,0.03655,180,0,0,101202
0,-12,8,0.5,0.03493,180,0,0,101215
0,-12,7,0.5,0.03331,180,0,0,101232
0,-10,7,0.5,0.03196,180,0,0,101251
0,-8,5,0.5,0.03088,180,0,0,101266
0,-8,5,0.5,0.0298,180,0,0,101282
0,-10,6,0.5,0.02845,180,0,0,101298
0,-9,6,0.5,0.027235,180,0,0,101315
0,-7,8,0.5,0.02629,180,0,0,101332
0,-6,9,0.5,0.02548,180,0,0,101352
0,-5,7,0.5,0.024805,180,0,0,101371
0,0,5,0.5,0.024805,180,0,0,101382
0,0,5,0.5,0.024805,180,0,0,101399
0,0,7,0.5,0.024805,180,0,0,101422
0,0,4,0.5,0.024805,180,0,0,101433
0,13,16,0.5,0.02656,180,0,0,101452
0,11,9,0.5,0.028045,180,0,0,101468
0,9,10,0.5,0.02926,180,0,0,101483
0,4,11,0.5,0.0298,180,0,0,101500
0,4,10,0.5,0.03034,180,0,0,101516
0,3,8,0.5,0.030745,180,0,0,101534
0,3,8,0.5,0.03115,180,0,0,101552
0,-3,7,0.5,0.030745,180,0,0,101567
0,-7,7,0.5,0.0298,180,0,0,101582
0,-7,8,0.5,0.028855,180,0,0,101602
0,-4,9,0.5,0.028315,180,0,0,101618
0,0,9,0.5,0.028315,180,0,0,101636
0,1,8,0.5,0.02845,180,0,0,101649
0,2,7,0.5,0.02872,180,0,0,101665
0,3,6,0.5,0.029125,180,0,0,101686
0,4,7,0.5,0.029665,180,0,0,101701
0,0,10,0.5,0.029665,180,0,0,101723
0,-7,13,0.5,0.02872,180,0,0,101742
0,-7,13,0.5,0.027775,180,0,0,101755
0,-1,29,0.5,0.02764,180,0,0,101777
0,5,14,0.5,0.028315,180,0,0,101789
0,0,0,0.5,0.028315,180,0,0,101797
0,3,12,0.5,0.02872,180,0,0,101816
0,5,19,0.5,0.029395,180,0,0,101841
0,0,5,0.5,0.029395,180,0,0,101851
0,-1,4,0.5,0.02926,180,0,0,101868
0,-3,2,0.5,0.028855,180,0,0,101883
0,-5,3,0.5,0.02818,180,0,0,101902
0,-3,3,0.5,0.027775,180,0,0,101916
0,-6,5,0.5,0.026965,180,0,0,101934
0,-7,8,0.5,0.02602,180,0,0,101951
0,-7,10,0.5,0.025075,180,0,0,101969
0,-6,11,0.5,0.024265,180,0,0,101987
0,-6,11,0.5,0.023455,180,0,0,102007
0,-7,10,0.5,0.02251,180,0,0,102021
0,-7,8,0.5,0.021565,180,0,0,102035
0,-2,7,0.5,0.021295,180,0,0,102054
0,0,8,0.5,0.021295,180,0,0,102070
0,3,7,0.5,0.0217,180,0,0,102084
0,4,8,0.5,0.02224,180,0,0,102103
0,6,9,0.5,0.02305,180,0,0,102118
0,20,18,0.5,0.02575,180,0,0,102145
0,16,9,0.5,0.02791,180,0,0,102157
0,16,8,0.5,0.03007,180,0,0,102171
0,0,0,0.5,0.03007,180,0,0,102181
0,16,8,0.5,0.03223,180,0,0,102201
0,25,17,0.5,0.035605,180,0,0,102220
0,10,10,0.5,0.036955,180,0,0,102238
0,10,12,0.5,0.038305,180,0,0,102256
0,9,13,0.5,0.03952,180,0,0,102269
0,8,14,0.5,0.0406,180,0,0,102290
0,9,15,0.5,0.041815,180,0,0,102307
0,8,15,0.5,0.042895,180,0,0,102325
0,9,16,0.5,0.04411,180,0,0,102340
0,8,15,0.5,0.04519,180,0,0,102354
0,8,15,0.5,0.04627,180,0,0,102371
0,8,15,0.5,0.04735,180,0,0,102386
0,8,16,0.5,0.04843,180,0,0,102408
0,9,15,0.5,0.049645,180,0,0,102426
0,11,15,0.5,0.05113,180,0,0,102440
0,11,14,0.5,0.052615,180,0,0,102455
0,11,14,0.5,0.0541,180,0,0,102476
0,11,13,0.5,0.055585,180,0,0,102489
0,9,13,0.5,0.0568,180,0,0,102504
0,8,21,0.5,0.05788,180,0,0,102530
0,1,8,0.5,0.058015,180,0,0,102543
0,0,0,0.5,0.058015,180,0,0,102550
0,0,10,0.5,0.058015,180,0,0,102569
0,0,8,0.5,0.058015,180,0,0,102586
0,0,6,0.5,0.058015,180,0,0,102604
0,0,6,0.5,0.058015,180,0,0,102618
0,0,7,0.5,0.058015,180,0,0,102634
0,1,7,0.5,0.05815,180,0,0,102653
0,2,6,0.5,0.05842,180,0,31,102668
0,1,6,0.5,0.058555,180,0,0,102688
0,-1,5,0.5,0.05842,180,0,0,102704
0,0,5,0.5,0.05842,180,0,0,102721
0,0,6,0.5,0.05842,180,0,0,102737
0,1,6,0.5,0.058555,180,0,0,102760
0,4,5,0.5,0.059095,180,0,0,102771
0,6,6,0.5,0.059905,180,0,0,102784
0,8,6,0.5,0.060985,180,0,0,102803
0,9,7,0.5,0.0622,180,0,0,102823
0,12,7,0.5,0.06382,180,0,0,102841
0,14,7,0.5,0.06571,180,0,0,102853
0,13,8,0.5,0.067465,180,0,0,102872
0,11,7,0.5,0.06895,180,0,0,102886
0,7,7,0.5,0.069895,180,0,0,102907
0,3,7,0.5,0.0703,180,0,0,102920
0,2,6,0.5,0.07057,180,0,0,102936
0,1,6,0.5,0.070705,180,0,0,102954
0,0,7,0.5,0.070705,180,0,0,102970
0,0,13,0.5,0.070705,180,0,0,102988
0,3,8,0.5,0.07111,180,0,0,103007
0,4,8,0.5,0.07165,180,0,0,103022
0,5,8,0.5,0.072325,180,0,0,103039
0,6,8,0.5,0.073135,180,0,0,103055
0,7,9,0.5,0.07408,180,0,0,103073
0,6,8,0.5,0.07489,180,0,0,103091
0,9,9,0.5,0.076105,180,0,0,103104
0,11,10,0.5,0.07759,180,0,0,103121
0,11,10,0.5,0.079075,180,0,0,103137
0,14,11,0.5,0.080965,180,0,0,103154
0,16,10,0.5,0.083125,180,0,0,103170
0,19,11,0.5,0.08569,180,0,0,103189
0,21,12,0.5,0.088525,180,0,0,103210
0,22,11,0.5,0.091495,180,0,0,103226
0,22,12,0.5,0.094465,180,0,0,103237
0,22,12,0.5,0.097435,180,0,0,103258
0,21,11,0.5,0.10027,180,0,0,103273
0,21,11,0.5,0.103105,180,0,0,103287
0,18,9,0.5,0.105535,180,0,0,103304
0,14,8,0.5,0.107425,180,0,0,103319
0,21,15,0.5,0.11026,180,0,0,103342
0,7,6,0.5,0.111205,180,0,0,103354
0,5,6,0.5,0.11188,180,0,0,103371
0,4,6,0.5,0.11242,180,0,0,103386
0,6,6,0.5,0.11323,180,0,0,103408
0,6,6,0.5,0.11404,180,0,0,103420
0,9,6,0.5,0.115255,180,0,0,103438
0,11,7,0.5,0.11674,180,0,0,103453
0,14,6,0.5,0.11863,180,0,0,103469
0,17,7,0.5,0.120925,180,0,0,103488
0,18,7,0.5,0.123355,180,0,0,103503
0,18,7,0.5,0.125785,180,0,0,103524
0,15,7,0.5,0.12781,180,0,0,103536
0,15,6,0.5,0.129835,180,0,0,103556
0,13,7,0.5,0.13159,180,0,0,103576
0,13,7,0.5,0.133345,180,0,0,103590
0,12,7,0.5,0.134965,180,0,0,103603
0,12,7,0.5,0.136585,180,0,0,103625
0,10,6,0.5,0.137935,180,0,0,103637
0,10,6,0.5,0.139285,180,0,0,103653
0,9,4,0.5,0.1405,180,0,0,103670
0,10,3,0.5,0.14185,180,0,0,103686
0,12,4,0.5,0.14347,180,0,0,103707
0,5,2,0.5,0.144145,180,0,0,103721
0,3,2,0.5,0.14455,180,0,0,103738
0,3,2,0.5,0.144955,180,0,0,103758
0,0,3,0.5,0.144955,180,0,0,103769
0,-2,4,0.5,0.144685,180,0,0,103786
0,-5,5,0.5,0.14401,180,0,0,103803
0,-8,5,0.5,0.14293,180,0,0,103823
0,-10,5,0.5,0.14158,180,0,0,103836
0,-13,5,0.5,0.139825,180,0,0,103853
0,-14,6,0.5,0.137935,180,0,0,103872
0,-14,6,0.5,0.136045,180,0,0,103890
0,-11,6,0.5,0.13456,180,0,0,103905
0,-9,6,0.5,0.133345,180,0,0,103924
0,-7,6,0.5,0.1324,180,0,0,103937
0,-4,5,0.5,0.13186,180,0,0,103955
0,-2,4,0.5,0.13159,180,0,0,103970
0,-1,4,0.5,0.131455,180,0,0,103988
0,3,3,0.5,0.13186,180,0,0,104008
0,5,3,0.5,0.132535,180,0,0,104021
0,6,3,0.5,0.133345,180,0,0,104037
0,9,3,0.5,0.13456,180,0,0,104054
0,8,3,0.5,0.13564,180,0,0,104070
0,16,9,0.5,0.1378,180,0,0,104094
0,0,0,0.5,0.1378,180,0,0,104104
0,9,5,0.5,0.139015,180,0,0,104120
0,20,10,0.5,0.141715,180,0,0,104139
0,13,6,0.5,0.14347,180,0,0,104154
0,14,7,0.5,0.14536,180,0,0,104173
0,16,7,0.5,0.14752,180,0,0,104191
0,16,9,0.5,0.14968,180,0,0,104207
0,13,8,0.5,0.151435,180,0,0,104220
0,13,9,0.5,0.15319,180,0,0,104240
0,12,9,0.5,0.15481,180,0,0,104256
0,13,9,0.5,0.156565,180,0,0,104276
0,12,8,0.5,0.158185,180,0,0,104292
0,13,9,0.5,0.15994,180,0,0,104314
0,14,8,0.5,0.16183,180,0,0,104325
0,15,9,0.5,0.163855,180,0,0,104339
0,17,8,0.5,0.16615,180,0,0,104356
0,17,7,0.5,0.168445,180,0,0,104377
0,16,7,0.5,0.170605,180,0,0,104388
0,17,6,0.5,0.1729,180,0,0,104404
0,15,5,0.5,0.174925,180,0,0,104421
0,13,5,0.5,0.17668,180,0,0,104440
0,24,8,0.5,0.17992,180,0,0,104459
0,9,1,0.5,0.181135,180,0,0,104474
0,0,2,0.5,0.181135,180,0,0,104487
0,17,4,0.5,0.18343,180,0,0,104505
0,9,2,0.5,0.184645,180,0,0,104521
0,10,2,0.5,0.185995,180,0,0,104537
0,13,3,0.5,0.18775,180,0,0,104554
0,12,3,0.5,0.18937,180,0,0,104570
0,14,4,0.5,0.19126,180,0,0,104591
0,13,4,0.5,0.193015,180,0,0,104606
0,15,4,0.5,0.19504,180,0,0,104622
0,14,5,0.5,0.19693,180,0,0,104638
0,13,4,0.5,0.198685,180,0,0,104655
0,13,5,0.5,0.20044,180,0,0,104671
0,12,5,0.5,0.20206,180,0,0,104689
0,9,5,0.5,0.203275,180,0,0,104711
0,5,4,0.5,0.20395,180,0,0,104723
0,-2,5,0.5,0.20368,180,0,0,104739
0,-6,4,0.5,0.20287,180,0,0,104756
0,-13,5,0.5,0.201115,180,0,0,104773
0,-16,4,0.5,0.198955,180,0,0,104792
0,-16,4,0.5,0.196795,180,0,0,104806
0,-19,4,0.5,0.19423,180,0,0,104821
0,-18,3,0.5,0.1918,180,0,0,104840
0,-17,2,0.5,0.189505,180,0,0,104855
0,-28,2,0.5,0.185725,180,0,0,104872
0,-12,0,0.5,0.184105,180,0,0,104894
0,-10,1,0.5,0.182755,180,0,0,104911
0,-8,0,0.5,0.181675,180,0,0,104921
0,-5,0,0.5,0.181,180,0,0,104937
0,-3,0,0.5,0.180595,180,0,0,104954
0,-2,0,0.5,0.180325,180,0,0,104973
0,-1,0,0.5,0.18019,180,0,0,104991
0,8,-1,0.5,0.18127,180,0,0,105005
0,11,0,0.5,0.182755,180,0,0,105020
0,8,1,0.5,0.183835,180,0,0,105038
0,5,4,0.5,0.18451,180,0,0,105055
0,4,7,0.5,0.18505,180,0,0,105074
0,3,8,0.5,0.185455,180,0,0,105093
0,0,10,0.5,0.185455,180,0,0,105107
0,-8,10,0.5,0.184375,180,0,0,105124
0,-11,10,0.5,0.18289,180,0,0,105141
0,-10,8,0.5,0.18154,180,0,0,105158
0,-8,8,0.5,0.18046,180,0,0,105176
0,-6,6,0.5,0.17965,180,0,0,105189
0,-4,5,0.5,0.17911,180,0,0,105205
0,-1,4,0.5,0.178975,180,0,0,105222
0,3,3,0.5,0.17938,180,0,0,105240
0,14,6,0.5,0.18127,180,0,0,105257
0,11,2,0.5,0.182755,180,0,0,105274
0,0,0,0.5,0.182755,180,0,0,105288
0,22,8,0.5,0.185725,180,0,0,105307
0,8,7,0.5,0.186805,180,0,0,105327
0,5,6,0.5,0.18748,180,0,0,105340
0,8,6,0.5,0.18856,180,0,0,105358
0,11,6,0.5,0.190045,180,0,0,105372
0,12,7,0.5,0.191665,180,0,0,105393
0,10,9,0.5,0.193015,180,0,0,105410
0,8,10,0.5,0.194095,180,0,0,105429
0,4,10,0.5,0.194635,180,0,0,105444
0,6,11,0.5,0.195445,180,0,0,105458
0,10,10,0.5,0.196795,180,0,0,105476
0,5,8,0.5,0.19747,180,0,0,105492
0,-3,6,0.5,0.197065,180,0,0,105514
0,-23,9,0.5,0.19396,180,0,0,105530
0,0,0,0.5,0.19396,180,0,0,105541
0,-15,2,0.5,0.191935,180,0,0,105555
0,-16,1,0.5,0.189775,180,0,0,105571
0,-14,0,0.5,0.187885,180,0,0,105588
0,-12,0,0.5,0.186265,180,0,0,105608
0,-8,-1,0.5,0.185185,180,0,0,105626
0,-8,-2,0.5,0.184105,180,0,0,105642
0,0,0,0.5,0.184105,180,0,0,105655
0,0,-1,0.5,0.184105,180,0,0,105673
0,10,0,0.5,0.185455,180,0,0,105688
0,9,0,0.5,0.18667,180,0,0,105705
0,11,2,0.5,0.188155,180,0,0,105727
0,12,3,0.5,0.189775,180,0,0,105741
0,12,5,0.5,0.191395,180,0,0,105759
0,11,6,0.5,0.19288,180,0,0,105774
0,10,7,0.5,0.19423,180,0,0,105794
0,9,7,0.5,0.195445,180,0,0,105812
0,10,8,0.5,0.196795,180,0,0,105825
0,9,8,0.5,0.19801,180,0,0,105842
0,9,9,0.5,0.199225,180,0,0,105858
0,8,9,0.5,0.200305,180,0,0,105881
0,9,9,0.5,0.20152,180,0,0,105897
0,9,9,0.5,0.202735,180,0,0,105909
0,7,9,0.5,0.20368,180,0,0,105926
0,10,9,0.5,0.20503,180,0,0,105944
0,10,8,0.5,0.20638,180,0,0,105960
0,12,7,0.5,0.208,180,0,0,105974
0,15,7,0.5,0.210025,180,0,0,105991
0,31,12,0.5,0.21421,180,0,0,106013
0,14,5,0.5,0.2161,180,0,0,106028
0,12,4,0.5,0.21772,180,0,0,106047
0,12,4,0.5,0.21934,180,0,0,106061
0,12,4,0.5,0.22096,180,0,0,106076
0,12,5,0.5,0.22258,180,0,0,106091
0,11,5,0.5,0.224065,180,0,0,106112
0,9,6,0.5,0.22528,180,0,0,106130
0,8,6,0.5,0.22636,180,0,0,106141
0,5,5,0.5,0.227035,180,0,0,106160
0,3,5,0.5,0.22744,180,0,0,106176
0,1,4,0.5,0.227575,180,0,0,106191
0,-1,4,0.5,0.22744,180,0,0,106211
0,-1,3,0.5,0.227305,180,0,0,106226
0,0,2,0.5,0.227305,180,0,0,106240
0,-2,2,0.5,0.227035,180,0,0,106256
0,0,2,0.5,0.227035,180,0,0,106274
0,1,2,0.5,0.22717,180,0,0,106292
0,2,2,0.5,0.22744,180,0,0,106311
0,4,3,0.5,0.22798,180,0,0,106324
0,5,4,0.5,0.228655,180,0,0,106343
0,13,4,0.5,0.23041,180,0,0,106363
0,8,12,0.5,0.23149,180,0,31,106382
0,0,0,0.5,0.23149,180,0,31,106392
0,23,14,0.5,0.234595,180,0,0,106415
0,0,0,0.5,0.234595,180,0,0,106423
0,22,8,0.5,0.237565,180,0,0,106442
0,8,12,0.5,0.238645,180,0,0,106462
0,5,5,0.5,0.23932,180,0,0,106475
0,3,3,0.5,0.239725,180,0,0,106491
0,2,3,0.5,0.239995,180,0,0,106510
0,0,1,0.5,0.239995,180,0,0,106526
0,-3,2,0.5,0.23959,180,0,0,106543
0,-4,2,0.5,0.23905,180,0,0,106557
0,-4,4,0.5,0.23851,180,0,0,106576
0,-1,4,0.5,0.238375,180,0,0,106591
0,1,4,0.5,0.23851,180,0,0,106609
0,4,6,0.5,0.23905,180,0,0,106626
0,6,6,0.5,0.23986,180,0,0,106644
0,7,8,0.5,0.240805,180,0,0,106659
0,9,8,0.5,0.24202,180,0,0,106680
0,10,9,0.5,0.24337,180,0,0,106695
0,12,10,0.5,0.24499,180,0,0,106709
0,14,9,0.5,0.24688,180,0,0,106733
0,15,11,0.5,0.248905,180,0,0,106751
0,24,18,0.5,0.252145,180,0,0,106768
0,0,0,0.5,0.252145,180,0,0,106777
0,7,7,0.5,0.25309,180,0,0,106793
0,2,6,0.5,0.25336,180,0,0,106811
0,0,0,0.5,0.25336,180,0,0,106828
0,-5,-1,0.5,0.252685,180,0,0,106846
0,-3,-2,0.5,0.25228,180,0,31,106858
0,-3,-3,0.5,0.251875,180,0,0,106875
0,-2,-3,0.5,0.251605,180,0,0,106892
0,-1,-2,0.5,0.25147,180,0,0,106908
0,0,0,0.5,0.25147,180,0,31,106924
0,0,0,0.5,0.25147,180,0,31,106940
0,2,1,0.5,0.25174,180,0,0,106958
0,0,2,0.5,0.25174,180,0,0,106976
0,-1,2,0.5,0.251605,180,0,0,106996
0,-1,1,0.5,0.25147,180,0,0,107012
0,-1,1,0.5,0.251335,180,0,0,107024
0,0,1,0.5,0.251335,180,0,31,107047
0,0,0,0.5,0.251335,180,0,31,107061
0,0,0,0.5,0.251335,180,0,0,107075
0,-1,0,0.5,0.2512,180,0,0,107092
0,-3,0,0.5,0.250795,180,0,0,107107
0,-1,0,0.5,0.25066,180,0,0,107126
0,0,0,0.5,0.25066,180,0,0,107141
0,2,-2,0.5,0.25093,180,0,0,107158
0,6,-1,0.5,0.25174,180,0,31,107176
0,4,-1,0.5,0.25228,180,0,31,107193
0,0,0,0.5,0.25228,180,0,31,107208
0,0,0,0.5,0.25228,180,0,0,107226
0,0,0,0.5,0.25228,180,0,0,107241
0,-1,0,0.5,0.252145,180,0,0,107258
0,0,0,0.5,0.252145,180,0,0,107274
0,2,0,0.5,0.252415,180,0,31,107295
0,1,-1,0.5,0.25255,180,0,31,107309
0,2,-1,0.5,0.25282,180,0,31,107328
0,1,-1,0.5,0.252955,180,0,31,107343
0,0,-1,0.5,0.252955,180,0,0,107360
0,-1,-2,0.5,0.25282,180,0,0,107375
0,0,-2,0.5,0.25282,180,0,0,107393
0,2,-1,0.5,0.25309,180,0,0,107409
0,4,-1,0.5,0.25363,180,0,31,107427
0,5,-1,0.5,0.254305,180,0,31,107444
0,4,-1,0.5,0.254845,180,0,31,107459
0,2,-1,0.5,0.255115,180,0,0,107475
0,1,-1,0.5,0.25525,180,0,0,107494
0,-1,-2,0.5,0.255115,180,0,0,107511
0,-1,-1,0.5,0.25498,180,0,0,107529
0,0,-2,0.5,0.25498,180,0,31,107546
0,0,0,0.5,0.25498,180,0,31,107559
0,0,-2,0.5,0.25498,180,0,31,107576
0,-1,-3,0.5,0.254845,180,0,31,107594
0,-2,-2,0.5,0.254575,180,0,0,107611
0,-1,-2,0.5,0.25444,180,0,0,107630
0,-2,-2,0.5,0.25417,180,0,0,107644
0,0,-2,0.5,0.25417,180,0,0,107661
0,1,-1,0.5,0.254305,180,0,0,107676
0,2,-2,0.5,0.254575,180,0,0,107693
0,2,-1,0.5,0.254845,180,0,31,107709
0,2,-1,0.5,0.255115,180,0,31,107726
0,1,-2,0.5,0.25525,180,0,0,107743
0,0,-2,0.5,0.25525,180,0,0,107760
0,0,-2,0.5,0.25525,180,0,0,107776
0,0,-1,0.5,0.25525,180,0,0,107793
0,0,-1,0.5,0.25525,180,0,0,107809
0,0,-1,0.5,0.25525,180,0,0,107826
0,1,-1,0.5,0.255385,180,0,31,107842
0,0,-2,0.5,0.255385,180,0,31,107861
0,1,-2,0.5,0.25552,180,0,31,107877
0,1,-2,0.5,0.255655,180,0,0,107894
0,0,-1,0.5,0.255655,180,0,0,107909
0,1,-3,0.5,0.25579,180,0,0,107930
0,0,-1,0.5,0.25579,180,0,0,107949
0,0,0,0.5,0.25579,180,0,0,107959
0,0,0,0.5,0.25579,180,0,0,107976
0,0,0,0.5,0.25579,180,0,31,107992
0,2,0,0.5,0.25606,180,0,31,108011
0,0,0,0.5,0.25606,180,0,31,108026
0,0,-1,0.5,0.25606,180,0,0,108043
0,-1,-1,0.5,0.255925,180,0,0,108061
0,-1,-1,0.5,0.25579,180,0,0,108076
0,-2,-1,0.5,0.25552,180,0,0,108093
0,-2,-1,0.5,0.25525,180,0,0,108112
0,-2,-1,0.5,0.25498,180,0,0,108128
0,-2,-1,0.5,0.25471,180,0,0,108146
0,0,0,0.5,0.25471,180,0,0,108160
0,0,0,0.5,0.25471,180,0,0,108176
0,4,0,0.5,0.25525,180,0,0,108194
0,4,1,0.5,0.25579,180,0,0,108211
0,6,3,0.5,0.2566,180,0,0,108227
0,8,4,0.5,0.25768,180,0,0,108246
0,9,5,0.5,0.258895,180,0,0,108261
0,12,5,0.5,0.260515,180,0,0,108285
0,25,8,0.5,0.26389,180,0,0,108300
0,0,2,0.5,0.26389,180,0,0,108311
0,12,7,0.5,0.26551,180,0,0,108328
0,17,13,0.5,0.267805,180,0,0,108350
0,6,8,0.5,0.268615,180,0,0,108365
0,5,6,0.5,0.26929,180,0,0,108380
0,6,6,0.5,0.2701,180,0,0,108396
0,5,5,0.5,0.270775,180,0,0,108412
0,3,3,0.5,0.27118,180,0,0,108429
0,1,2,0.5,0.271315,180,0,0,108447
0,0,0,0.5,0.271315,180,0,0,108460
0,0,0,0.5,0.271315,180,0,0,108477
0,-3,0,0.5,0.27091,180,0,0,108500
0,-1,-2,0.5,0.270775,180,0,0,108513
0,1,-1,0.5,0.27091,180,0,0,108530
0,1,-1,0.5,0.271045,180,0,0,108545
0,5,0,0.5,0.27172,180,0,0,108564
0,4,0,0.5,0.27226,180,0,0,108582
0,5,1,0.5,0.272935,180,0,0,108597
0,7,2,0.5,0.27388,180,0,0,108612
0,7,2,0.5,0.274825,180,0,0,108627
0,7,3,0.5,0.27577,180,0,0,108646
0,10,4,0.5,0.27712,180,0,0,108663
0,29,13,0.5,0.281035,180,0,0,108684
0,20,9,0.5,0.283735,180,0,0,108701
0,0,0,0.5,0.283735,180,0,0,108712
0,41,19,0.5,0.28927,180,0,0,108743
0,17,6,0.5,0.291565,180,0,0,108750
0,14,3,0.5,0.293455,180,0,0,108767
0,13,1,0.5,0.29521,180,0,0,108779
0,14,0,0.5,0.2971,180,0,0,108796
0,13,-1,0.5,0.298855,180,0,0,108812
0,12,0,0.5,0.300475,180,0,0,108828
0,10,0,0.5,0.301825,180,0,0,108846
0,6,0,0.5,0.302635,180,0,0,108862
0,3,1,0.5,0.30304,180,0,0,108879
0,2,1,0.5,0.30331,180,0,0,108898
0,0,3,0.5,0.30331,180,0,0,108913
0,-1,2,0.5,0.303175,180,0,0,108930
0,-1,2,0.5,0.30304,180,0,0,108945
0,-1,2,0.5,0.302905,180,0,0,108963
0,-2,1,0.5,0.302635,180,0,0,108982
0,-2,1,0.5,0.302365,180,0,0,108996
0,-2,1,0.5,0.302095,180,0,0,109011
0,-1,1,0.5,0.30196,180,0,0,109029
0,0,1,0.5,0.30196,180,0,0,109045
0,2,3,0.5,0.30223,180,0,0,109065
0,1,2,0.5,0.302365,180,0,0,109078
0,0,2,0.5,0.302365,180,0,31,109099
0,0,0,0.5,0.302365,180,0,31,109112
0,-1,4,0.5,0.30223,180,0,31,109129
0,0,3,0.5,0.30223,180,0,0,109152
0,0,2,0.5,0.30223,180,0,0,109164
0,2,4,0.5,0.3025,180,0,0,109182
0,2,3,0.5,0.30277,180,0,0,109197
0,1,3,0.5,0.302905,180,0,0,109220
0,0,3,0.5,0.302905,180,0,0,109231
0,0,3,0.5,0.302905,180,0,0,109246
0,-1,2,0.5,0.30277,180,0,0,109267
0,-1,3,0.5,0.302635,180,0,0,109282
0,-1,3,0.5,0.3025,180,0,0,109296
0,0,3,0.5,0.3025,180,0,0,109316
0,1,4,0.5,0.302635,180,0,0,109331
0,0,4,0.5,0.302635,180,0,0,109349
0,2,4,0.5,0.302905,180,0,0,109364
0,1,4,0.5,0.30304,180,0,0,109380
0,3,5,0.5,0.303445,180,0,0,109398
0,7,10,0.5,0.30439,180,0,0,109419
0,0,0,0.5,0.30439,180,0,0,109432
0,5,5,0.5,0.305065,180,0,0,109449
0,6,6,0.5,0.305875,180,0,0,109466
0,15,12,0.5,0.3079,180,0,0,109486
0,12,7,0.5,0.30952,180,0,0,109502
0,15,8,0.5,0.311545,180,0,0,109516
0,18,8,0.5,0.313975,180,0,0,109532
0,21,9,0.5,0.31681,180,0,0,109551
0,20,9,0.5,0.31951,180,0,0,109567
0,22,9,0.5,0.32248,180,0,0,109582
0,22,9,0.5,0.32545,180,0,0,109598
0,20,7,0.5,0.32815,180,0,0,109617
0,22,7,0.5,0.33112,180,0,0,109636
0,20,6,0.5,0.33382,180,0,0,109650
0,18,5,0.5,0.33625,180,0,0,109670
0,18,5,0.5,0.33868,180,0,0,109686
0,18,3,0.5,0.34111,180,0,0,109698
0,17,2,0.5,0.343405,180,0,0,109713
0,13,2,0.5,0.34516,180,0,0,109730
0,9,3,0.5,0.346375,180,0,0,109749
0,4,4,0.5,0.346915,180,0,0,109768
0,3,4,0.5,0.34732,180,0,0,109781
0,0,9,0.5,0.34732,180,0,0,109802
0,-1,4,0.5,0.347185,180,0,0,109816
0,-3,3,0.5,0.34678,180,0,0,109834
0,-6,3,0.5,0.34597,180,0,0,109852
0,-9,3,0.5,0.344755,180,0,0,109866
0,-8,2,0.5,0.343675,180,0,0,109880
0,-5,3,0.5,0.343,180,0,0,109899
0,-1,3,0.5,0.342865,180,0,0,109917
0,3,3,0.5,0.34327,180,0,0,109934
0,6,3,0.5,0.34408,180,0,0,109953
0,9,4,0.5,0.345295,180,0,0,109968
0,10,5,0.5,0.346645,180,0,0,109981
0,12,5,0.5,0.348265,180,0,0,109998
0,12,5,0.5,0.349885,180,0,31,110016
0,14,6,0.5,0.351775,180,0,31,110033
0,13,6,0.5,0.35353,180,0,31,110050
0,12,6,0.5,0.35515,180,0,0,110069
0,10,5,0.5,0.3565,180,0,0,110083
0,9,5,0.5,0.357715,180,0,0,110100
0,7,5,0.5,0.35866,180,0,0,110116
0,8,5,0.5,0.35974,180,0,0,110132
0,7,6,0.5,0.360685,180,0,0,110149
0,6,6,0.5,0.361495,180,0,0,110165
0,8,6,0.5,0.362575,180,0,0,110182
0,9,6,0.5,0.36379,180,0,0,110202
0,21,12,0.5,0.366625,180,0,0,110218
0,14,9,0.5,0.368515,180,0,0,110233
0,14,9,0.5,0.370405,180,0,0,110250
0,16,8,0.5,0.372565,180,0,0,110267
0,15,7,0.5,0.37459,180,0,0,110289
0,15,6,0.5,0.376615,180,0,0,110300
0,14,5,0.5,0.378505,180,0,0,110315
0,13,3,0.5,0.38026,180,0,0,110331
0,13,4,0.5,0.382015,180,0,0,110350
0,12,4,0.5,0.383635,180,0,0,110368
0,13,4,0.5,0.38539,180,0,0,110383
0,12,5,0.5,0.38701,180,0,0,110400
0,9,5,0.5,0.388225,180,0,0,110417
0,9,6,0.5,0.38944,180,0,0,110434
0,7,5,0.5,0.390385,180,0,0,110449
0,7,6,0.5,0.39133,180,0,0,110465
0,5,6,0.5,0.392005,180,0,0,110487
0,6,6,0.5,0.392815,180,0,0,110501
0,6,6,0.5,0.393625,180,0,0,110518
0,7,6,0.5,0.39457,180,0,0,110535
0,8,6,0.5,0.39565,180,0,0,110549
0,24,13,0.5,0.39889,180,0,0,110571
0,0,0,0.5,0.39889,180,0,0,110581
0,28,16,0.5,0.40267,180,0,0,110610
0,14,8,0.5,0.40456,180,0,0,110623
0,15,7,0.5,0.406585,180,0,0,110634
0,13,6,0.5,0.40834,180,0,0,110650
0,13,6,0.5,0.410095,180,0,0,110667
0,11,5,0.5,0.41158,180,0,0,110685
0,10,4,0.5,0.41293,180,0,0,110700
0,8,4,0.5,0.41401,180,0,0,110719
0,6,4,0.5,0.41482,180,0,0,110734
0,3,5,0.5,0.415225,180,0,0,110753
0,1,4,0.5,0.41536,180,0,0,110769
0,-1,4,0.5,0.415225,180,0,0,110782
0,-3,3,0.5,0.41482,180,0,0,110804
0,-5,2,0.5,0.414145,180,0,0,110820
0,-6,2,0.5,0.413335,180,0,0,110833
0,-7,2,0.5,0.41239,180,0,0,110851
0,-5,1,0.5,0.411715,180,0,0,110868
0,-4,1,0.5,0.411175,180,0,0,110883
0,-1,1,0.5,0.41104,180,0,0,110898
0,0,1,0.5,0.41104,180,0,0,110915
0,2,2,0.5,0.41131,180,0,0,110935
0,3,2,0.5,0.411715,180,0,0,110950
0,1,3,0.5,0.41185,180,0,0,110966
0,4,6,0.5,0.41239,180,0,0,110987
0,3,4,0.5,0.412795,180,0,0,111001
0,5,4,0.5,0.41347,180,0,0,111016
0,6,5,0.5,0.41428,180,0,0,111037
0,8,6,0.5,0.41536,180,0,0,111051
0,11,7,0.5,0.416845,180,0,0,111068
0,12,7,0.5,0.418465,180,0,0,111085
0,14,9,0.5,0.420355,180,0,0,111101
0,18,7,0.5,0.422785,180,0,0,111119
0,18,8,0.5,0.425215,180,0,0,111136
0,18,8,0.5,0.427645,180,0,0,111156
0,18,9,0.5,0.430075,180,0,0,111170
0,16,8,0.5,0.432235,180,0,0,111186
0,16,8,0.5,0.434395,180,0,0,111203
0,12,8,0.5,0.436015,180,0,0,111218
0,12,8,0.5,0.437635,180,0,0,111236
0,14,8,0.5,0.439525,180,0,0,111253
0,12,8,0.5,0.441145,180,0,0,111268
0,11,7,0.5,0.44263,180,0,0,111287
0,10,7,0.5,0.44398,180,0,0,111302
0,9,6,0.5,0.445195,180,0,0,111319
0,8,6,0.5,0.446275,180,0,0,111336
0,7,6,0.5,0.44722,180,0,0,111355
0,12,10,0.5,0.44884,180,0,0,111371
0,0,0,0.5,0.44884,180,0,0,111384
0,13,8,0.5,0.450595,180,0,0,111401
0,8,4,0.5,0.451675,180,0,0,111423
0,11,5,0.5,0.45316,180,0,0,111439
0,12,6,0.5,0.45478,180,0,0,111452
0,12,6,0.5,0.4564,180,0,0,111468
0,12,6,0.5,0.45802,180,0,0,111486
0,12,6,0.5,0.45964,180,0,0,111502
0,11,5,0.5,0.461125,180,0,0,111517
0,8,6,0.5,0.462205,180,0,0,111539
0,8,6,0.5,0.463285,180,0,0,111552
0,5,6,0.5,0.46396,180,0,0,111578
0,5,7,0.5,0.464635,180,0,0,111588
0,4,7,0.5,0.465175,180,0,0,111602
0,6,7,0.5,0.465985,180,0,0,111621
0,6,7,0.5,0.466795,180,0,0,111636
0,8,7,0.5,0.467875,180,0,0,111655
0,10,8,0.5,0.469225,180,0,0,111672
0,11,8,0.5,0.47071,180,0,0,111688
0,11,7,0.5,0.472195,180,0,0,111707
0,22,14,0.5,0.475165,180,0,0,111732
0,11,6,0.5,0.47665,180,0,0,111739
0,11,7,0.5,0.478135,180,0,0,111761
0,11,7,0.5,0.47962,180,0,0,111774
0,12,8,0.5,0.48124,180,0,0,111790
0,14,9,0.5,0.48313,180,0,0,111805
0,14,9,0.5,0.48502,180,0,0,111825
0,16,10,0.5,0.48718,180,0,0,111841
0,16,10,0.5,0.48934,180,0,0,111854
0,17,11,0.5,0.491635,180,0,0,111871
0,15,10,0.5,0.49366,180,0,0,111887
0,13,9,0.5,0.495415,180,0,0,111903
0,10,9,0.5,0.496765,180,0,0,111923
0,8,8,0.5,0.497845,180,0,0,111940
0,5,8,0.5,0.49852,180,0,0,111957
0,5,8,0.5,0.499195,180,0,0,111970
0,5,7,0.5,0.49987,180,0,0,111988
0,16,14,0.5,0.50203,180,0,0,112012
0,0,0,0.5,0.50203,180,0,0,112020
0,9,5,0.5,0.503245,180,0,0,112036
0,10,5,0.5,0.504595,180,0,0,112052
0,9,4,0.5,0.50581,180,0,0,112071
0,8,2,0.5,0.50689,180,0,0,112085
0,7,2,0.5,0.507835,180,0,0,112101
0,5,1,0.5,0.50851,180,0,0,112118
0,4,4,0.5,0.50905,180,0,0,112136
0,-2,3,0.5,0.50878,180,0,31,112154
0,-4,3,0.5,0.50824,180,0,0,112172
0,-5,3,0.5,0.507565,180,0,0,112185
0,-2,3,0.5,0.507295,180,0,0,112205
0,-2,4,0.5,0.507025,180,0,0,112224
0,0,5,0.5,0.507025,180,0,0,112237
0,2,6,0.5,0.507295,180,0,0,112255
0,2,6,0.5,0.507565,180,0,0,112272
0,2,6,0.5,0.507835,180,0,0,112291
0,1,7,0.5,0.50797,180,0,31,112306
0,1,6,0.5,0.508105,180,0,31,112324
0,0,5,0.5,0.508105,180,0,0,112337
0,-1,5,0.5,0.50797,180,0,0,112356
0,-3,4,0.5,0.507565,180,0,0,112372
0,-1,3,0.5,0.50743,180,0,0,112388
0,0,3,0.5,0.50743,180,0,0,112403
0,0,3,0.5,0.50743,180,0,0,112421
0,0,2,0.5,0.50743,180,0,0,112436
0,0,3,0.5,0.50743,180,0,0,112456
0,-1,2,0.5,0.507295,180,0,0,112471
0,0,2,0.5,0.507295,180,0,0,112485
0,1,2,0.5,0.50743,180,0,0,112502
0,7,2,0.5,0.508375,180,0,0,112522
0,7,7,0.5,0.50932,180,0,0,112537
0,6,3,0.5,0.51013,180,0,31,112553
0,7,5,0.5,0.511075,180,0,0,112577
0,6,4,0.5,0.511885,180,0,0,112592
0,4,5,0.5,0.512425,180,0,0,112605
0,4,5,0.5,0.512965,180,0,0,112623
0,5,6,0.5,0.51364,180,0,0,112637
0,5,6,0.5,0.514315,180,0,0,112657
0,4,6,0.5,0.514855,180,0,0,112672
0,4,7,0.5,0.515395,180,0,0,112692
0,4,7,0.5,0.515935,180,0,0,112707
0,4,6,0.5,0.516475,180,0,0,112720
0,6,6,0.5,0.517285,180,0,0,112739
0,8,7,0.5,0.518365,180,0,0,112755
0,9,7,0.5,0.51958,180,0,0,112773
0,10,8,0.5,0.52093,180,0,0,112789
0,13,8,0.5,0.522685,180,0,0,112807
0,14,8,0.5,0.524575,180,0,0,112821
0,15,8,0.5,0.5266,180,0,0,112838
0,14,7,0.5,0.52849,180,0,0,112855
0,14,7,0.5,0.53038,180,0,0,112872
0,12,7,0.5,0.532,180,0,0,112889
0,23,12,0.5,0.535105,180,0,0,112907
0,11,6,0.5,0.53659,180,0,0,112921
0,12,5,0.5,0.53821,180,0,0,112937
0,13,7,0.5,0.539965,180,0,0,112956
0,13,8,0.5,0.54172,180,0,0,112972
0,13,9,0.5,0.543475,180,0,0,112989
0,13,9,0.5,0.54523,180,0,0,113005
0,13,9,0.5,0.546985,180,0,0,113025
0,12,8,0.5,0.548605,180,0,0,113040
0,9,7,0.5,0.54982,180,0,0,113055
0,8,7,0.5,0.5509,180,0,0,113072
0,8,7,0.5,0.55198,180,0,0,113097
0,7,7,0.5,0.552925,180,0,0,113110
0,8,8,0.5,0.554005,180,0,0,113124
0,10,7,0.5,0.555355,180,0,0,113141
0,13,8,0.5,0.55711,180,0,0,113161
0,15,8,0.5,0.559135,180,0,0,113172
0,17,8,0.5,0.56143,180,0,0,113190
0,17,8,0.5,0.563725,180,0,0,113206
0,17,8,0.5,0.56602,180,0,0,113226
0,14,7,0.5,0.56791,180,0,0,113242
0,27,15,0.5,0.571555,180,0,0,113262
0,14,8,0.5,0.573445,180,0,0,113275
0,17,0,0.5,0.57574,180,0,0,113287
0,16,17,0.5,0.5779,180,0,0,113311
0,18,8,0.5,0.58033,180,0,0,113324
0,17,8,0.5,0.582625,180,0,0,113341
0,18,7,0.5,0.585055,180,0,0,113363
0,17,8,0.5,0.58735,180,0,0,113374
0,19,8,0.5,0.589915,180,0,0,113389
0,17,8,0.5,0.59221,180,0,0,113407
0,16,7,0.5,0.59437,180,0,0,113424
0,14,8,0.5,0.59626,180,0,0,113440
0,12,8,0.5,0.59788,180,0,0,113459
0,10,8,0.5,0.59923,180,0,0,113477
0,9,7,0.5,0.600445,180,0,0,113490
0,6,7,0.5,0.601255,180,0,0,113508
0,6,6,0.5,0.602065,180,0,0,113522
0,5,7,0.5,0.60274,180,0,0,113544
0,6,7,0.5,0.60355,180,0,0,113558
0,8,6,0.5,0.60463,180,0,0,113576
0,10,7,0.5,0.60598,180,0,0,113597
0,13,7,0.5,0.607735,180,0,0,113607
0,16,7,0.5,0.609895,180,0,0,113624
0,33,14,0.5,0.61435,180,0,0,113646
0,13,6,0.5,0.616105,180,0,0,113659
0,13,5,0.5,0.61786,180,0,0,113674
0,11,5,0.5,0.619345,180,0,0,113688
0,9,5,0.5,0.62056,180,0,0,113709
0,8,5,0.5,0.62164,180,0,0,113723
0,6,5,0.5,0.62245,180,0,0,113739
0,5,6,0.5,0.623125,180,0,0,113760
0,2,5,0.5,0.623395,180,0,0,113776
0,-3,5,0.5,0.62299,180,0,0,113791
0,-6,4,0.5,0.62218,180,0,0,113806
0,-10,2,0.5,0.62083,180,0,0,113825
0,-11,2,0.5,0.619345,180,0,0,113840
0,-17,2,0.5,0.61705,180,0,0,113859
0,-18,2,0.5,0.61462,180,0,0,113874
0,-20,1,0.5,0.61192,180,0,0,113896
0,-21,3,0.5,0.609085,180,0,0,113907
0,-19,2,0.5,0.60652,180,0,0,113924
0,-16,2,0.5,0.60436,180,0,0,113939
0,-12,2,0.5,0.60274,180,0,0,113960
0,-9,2,0.5,0.601525,180,0,0,113977
0,-4,3,0.5,0.600985,180,0,0,113989
0,-1,3,0.5,0.60085,180,0,0,114006
0,4,3,0.5,0.60139,180,0,0,114022
0,9,4,0.5,0.602605,180,0,0,114040
0,25,8,0.5,0.60598,180,0,0,114061
0,13,4,0.5,0.607735,180,0,0,114075
0,13,5,0.5,0.60949,180,0,0,114090
0,13,5,0.5,0.611245,180,0,0,114107
0,12,6,0.5,0.612865,180,0,0,114124
0,11,6,0.5,0.61435,180,0,0,114143
0,9,5,0.5,0.615565,180,0,0,114169
0,5,6,0.5,0.61624,180,0,0,114178
0,4,5,0.5,0.61678,180,0,0,114194
0,4,5,0.5,0.61732,180,0,0,114210
0,2,5,0.5,0.61759,180,0,0,114227
0,3,5,0.5,0.617995,180,0,0,114240
0,2,5,0.5,0.618265,180,0,0,114259
0,3,5,0.5,0.61867,180,0,0,114280
0,3,6,0.5,0.619075,180,0,0,114295
0,3,6,0.5,0.61948,180,0,0,114307
0,4,7,0.5,0.62002,180,0,0,114324
0,5,7,0.5,0.620695,180,0,0,114343
0,4,8,0.5,0.621235,180,0,0,114359
0,7,7,0.5,0.62218,180,0,0,114378
0,13,8,0.5,0.623935,180,0,0,114397
0,8,16,0.5,0.625015,180,0,0,114412
0,9,10,0.5,0.62623,180,0,0,114427
0,9,9,0.5,0.627445,180,0,0,114451
0,10,9,0.5,0.628795,180,0,0,114467
0,12,9,0.5,0.630415,180,0,0,114479
0,15,9,0.5,0.63244,180,0,0,114497
0,16,9,0.5,0.6346,180,0,0,114509
0,16,9,0.5,0.63676,180,0,0,114527
0,16,8,0.5,0.63892,180,0,0,114541
0,20,9,0.5,0.64162,180,0,0,114559
0,20,9,0.5,0.64432,180,0,0,114580
0,23,9,0.5,0.647425,180,0,0,114592
0,24,9,0.5,0.650665,180,0,0,114610
0,23,8,0.5,0.65377,180,0,0,114625
0,22,7,0.5,0.65674,180,0,0,114644
0,21,6,0.5,0.659575,180,0,0,114663
0,20,5,0.5,0.662275,180,0,0,114675
0,19,5,0.5,0.66484,180,0,0,114693
0,17,5,0.5,0.667135,180,0,0,114709
0,14,7,0.5,0.669025,180,0,0,114726
0,10,8,0.5,0.670375,180,0,0,114743
0,6,7,0.5,0.671185,180,0,0,114759
0,5,8,0.5,0.67186,180,0,0,114778
0,-1,14,0.5,0.671725,180,0,0,114797
0,0,9,0.5,0.671725,180,0,0,114813
0,0,8,0.5,0.671725,180,0,0,114828
0,2,9,0.5,0.671995,180,0,0,114842
0,7,9,0.5,0.67294,180,0,0,114866
0,9,10,0.5,0.674155,180,0,0,114878
0,10,11,0.5,0.675505,180,0,0,114893
0,13,11,0.5,0.67726,180,0,0,114910
0,15,12,0.5,0.679285,180,0,0,114930
0,17,12,0.5,0.68158,180,0,0,114945
0,17,12,0.5,0.683875,180,0,0,114962
0,17,11,0.5,0.68617,180,0,0,114978
0,17,11,0.5,0.688465,180,0,0,114994
0,16,10,0.5,0.690625,180,0,0,115010
0,14,9,0.5,0.692515,180,0,0,115029
0,14,8,0.5,0.694405,180,0,0,115043
0,11,7,0.5,0.69589,180,0,0,115058
0,10,6,0.5,0.69724,180,0,0,115075
0,10,5,0.5,0.69859,180,0,0,115091
0,10,5,0.5,0.69994,180,0,0,115113
0,12,6,0.5,0.70156,180,0,0,115129
0,11,7,0.5,0.703045,180,0,0,115143
0,11,7,0.5,0.70453,180,0,0,115159
0,11,8,0.5,0.706015,180,0,0,115177
0,16,10,0.5,0.708175,180,0,0,115193
0,6,13,0.5,0.708985,180,0,0,115214
0,6,8,0.5,0.709795,180,0,0,115229
0,5,8,0.5,0.71,180,0,0,115244
