0,171,24,0.5,-0.686915,180,0,0,784713
0,40,5,0.5,-0.681515,180,0,0,784725
0,36,4,0.5,-0.676655,180,0,0,784734
0,33,4,0.5,-0.6722,180,0,0,784744
0,0,0,0.5,-0.6722,180,0,0,784754
0,51,5,0.5,-0.665315,180,0,0,784773
0,22,0,0.5,-0.662345,180,0,0,784789
0,20,2,0.5,-0.659645,180,0,0,784807
0,19,5,0.5,-0.65708,180,0,0,784823
0,17,3,0.5,-0.654785,180,0,0,784839
0,18,4,0.5,-0.652355,180,0,0,784857
0,18,3,0.5,-0.649925,180,0,0,784875
0,18,4,0.5,-0.647495,180,0,0,784892
0,18,4,0.5,-0.645065,180,0,0,784906
0,21,4,0.5,-0.64223,180,0,0,784924
0,23,5,0.5,-0.639125,180,0,0,784942
0,27,5,0.5,-0.63548,180,0,0,784957
0,29,5,0.5,-0.631565,180,0,0,784973
0,26,5,0.5,-0.628055,180,0,0,784990
0,22,5,0.5,-0.625085,180,0,0,785009
0,20,5,0.5,-0.622385,180,0,0,785023
0,11,4,0.5,-0.6209,180,0,0,785039
0,5,3,0.5,-0.620225,180,0,0,785056
0,1,3,0.5,-0.62009,180,0,0,785073
0,-2,3,0.5,-0.62036,180,0,0,785089
0,-3,4,0.5,-0.620765,180,0,0,785111
0,0,5,0.5,-0.620765,180,0,0,785128
0,1,5,0.5,-0.62063,180,0,31,785142
0,1,5,0.5,-0.620495,180,0,31,785157
0,0,6,0.5,-0.620495,180,0,31,785174
0,-4,2,0.5,-0.621035,180,0,31,785189
0,-7,2,0.5,-0.62198,180,0,0,785207
0,-10,2,0.5,-0.62333,180,0,0,785222
0,-12,2,0.5,-0.62495,180,0,0,785239
0,-15,2,0.5,-0.626975,180,0,0,785255
0,-17,1,0.5,-0.62927,180,0,0,785273
0,-20,1,0.5,-0.63197,180,0,0,785293
0,-20,2,0.5,-0.63467,180,0,0,785309
0,-21,4,0.5,-0.637505,180,0,0,785324
0,-17,4,0.5,-0.6398,180,0,0,785340
0,-14,5,0.5,-0.64169,180,0,0,785357
0,-13,5,0.5,-0.643445,180,0,0,785375
0,-11,5,0.5,-0.64493,180,0,0,785393
0,-10,6,0.5,-0.64628,180,0,0,785407
0,-8,7,0.5,-0.64736,180,0,0,785432
0,-7,8,0.5,-0.648305,180,0,0,785440
0,-5,9,0.5,-0.64898,180,0,0,785457
0,-5,11,0.5,-0.649655,180,0,0,785477
0,-2,11,0.5,-0.649925,180,0,0,785491
0,1,11,0.5,-0.64979,180,0,0,785507
0,0,11,0.5,-0.64979,180,0,0,785524
0,2,11,0.5,-0.64952,180,0,0,785548
0,3,16,0.5,-0.649115,180,0,0,785562
0,4,16,0.5,-0.648575,180,0,0,785578
0,5,9,0.5,-0.6479,180,0,0,785591
0,6,10,0.5,-0.64709,180,0,0,785607
0,8,9,0.5,-0.64601,180,0,0,785624
0,7,9,0.5,-0.645065,180,0,0,785643
0,7,9,0.5,-0.64412,180,0,0,785660
0,7,9,0.5,-0.643175,180,0,0,785684
0,11,9,0.5,-0.64169,180,0,0,785698
0,11,8,0.5,-0.640205,180,0,0,785711
0,14,8,0.5,-0.638315,180,0,0,785726
0,16,7,0.5,-0.636155,180,0,0,785740
0,16,7,0.5,-0.633995,180,0,0,785758
0,17,7,0.5,-0.6317,180,0,0,785774
0,17,7,0.5,-0.629405,180,0,0,785792
0,17,8,0.5,-0.62711,180,0,0,785809
0,17,8,0.5,-0.624815,180,0,0,785824
0,15,8,0.5,-0.62279,180,0,0,785842
0,14,8,0.5,-0.6209,180,0,0,785859
0,13,8,0.5,-0.619145,180,0,0,785875
0,13,9,0.5,-0.61739,180,0,0,785890
0,12,10,0.5,-0.61577,180,0,0,785909
0,10,13,0.5,-0.61442,180,0,0,785925
0,17,14,0.5,-0.612125,180,0,0,785944
0,8,13,0.5,-0.611045,180,0,0,785962
0,11,26,0.5,-0.60956,180,0,0,785986
0,13,13,0.5,-0.607805,180,0,0,786003
0,15,15,0.5,-0.60578,180,0,0,786021
0,16,15,0.5,-0.60362,180,0,0,786041
0,79,37,0.5,-0.592955,180,0,0,786076
0,33,29,0.5,-0.5885,180,0,0,786094
0,31,14,0.5,-0.584315,180,0,0,786110
0,29,11,0.5,-0.5804,180,0,0,786123
0,26,11,0.5,-0.57689,180,0,0,786139
0,26,11,0.5,-0.57338,180,0,0,786152
0,0,0,0.5,-0.57338,180,0,0,786159
0,25,10,0.5,-0.570005,180,0,0,786176
0,25,11,0.5,-0.56663,180,0,0,786192
0,22,11,0.5,-0.56366,180,0,0,786208
0,20,11,0.5,-0.56096,180,0,0,786226
0,19,12,0.5,-0.558395,180,0,0,786242
0,19,11,0.5,-0.55583,180,0,0,786258
0,18,10,0.5,-0.5534,180,0,0,786274
0,20,11,0.5,-0.5507,180,0,0,786294
0,20,10,0.5,-0.548,180,0,0,786310
0,24,11,0.5,-0.54476,180,0,0,786327
0,27,10,0.5,-0.541115,180,0,0,786341
0,56,17,0.5,-0.533555,180,0,0,786364
0,26,6,0.5,-0.530045,180,0,0,786377
0,24,1,0.5,-0.526805,180,0,0,786390
0,20,8,0.5,-0.524105,180,0,0,786410
0,17,5,0.5,-0.52181,180,0,0,786425
0,12,6,0.5,-0.52019,180,0,0,786440
0,9,7,0.5,-0.518975,180,0,0,786458
0,8,8,0.5,-0.517895,180,0,0,786474
0,11,9,0.5,-0.51641,180,0,0,786493
0,15,9,0.5,-0.514385,180,0,0,786509
0,19,9,0.5,-0.51182,180,0,0,786526
0,21,8,0.5,-0.508985,180,0,0,786542
0,23,8,0.5,-0.50588,180,0,0,786558
0,26,8,0.5,-0.50237,180,0,0,786575
0,28,8,0.5,-0.49859,180,0,0,786595
0,31,8,0.5,-0.494405,180,0,0,786613
0,33,8,0.5,-0.48995,180,0,0,786625
0,37,7,0.5,-0.484955,180,0,0,786641
0,33,5,0.5,-0.4805,180,0,0,786659
0,32,5,0.5,-0.47618,180,0,0,786675
0,30,4,0.5,-0.47213,180,0,0,786690
0,50,8,0.5,-0.46538,180,0,0,786723
0,22,4,0.5,-0.46241,180,0,0,786732
0,0,0,0.5,-0.46241,180,0,0,786738
0,48,10,0.5,-0.45593,180,0,0,786758
0,27,11,0.5,-0.452285,180,0,0,786776
0,25,7,0.5,-0.44891,180,0,0,786791
0,26,8,0.5,-0.4454,180,0,0,786809
0,27,7,0.5,-0.441755,180,0,0,786825
0,28,8,0.5,-0.437975,180,0,0,786843
0,29,7,0.5,-0.43406,180,0,0,786859
0,30,7,0.5,-0.43001,180,0,0,786879
0,28,5,0.5,-0.42623,180,0,0,786893
0,26,4,0.5,-0.42272,180,0,0,786907
0,25,3,0.5,-0.419345,180,0,0,786922
0,22,2,0.5,-0.416375,180,0,0,786939
0,20,3,0.5,-0.413675,180,0,0,786958
0,14,3,0.5,-0.411785,180,0,0,786975
0,11,5,0.5,-0.4103,180,0,0,786991
0,10,7,0.5,-0.40895,180,0,0,787007
0,12,8,0.5,-0.40733,180,0,0,787026
0,14,9,0.5,-0.40544,180,0,0,787043
0,15,9,0.5,-0.403415,180,0,0,787058
0,32,16,0.5,-0.399095,180,0,0,787080
0,0,1,0.5,-0.399095,180,0,0,787089
0,17,8,0.5,-0.3968,180,0,0,787108
0,15,7,0.5,-0.394775,180,0,0,787127
0,15,8,0.5,-0.39275,180,0,0,787141
0,34,13,0.5,-0.38816,180,0,0,787161
0,16,11,0.5,-0.386,180,0,0,787176
0,17,7,0.5,-0.383705,180,0,0,787192
0,16,5,0.5,-0.381545,180,0,0,787207
0,13,3,0.5,-0.37979,180,0,0,787223
0,12,2,0.5,-0.37817,180,0,0,787240
0,9,1,0.5,-0.376955,180,0,0,787256
0,8,2,0.5,-0.375875,180,0,0,787272
0,5,4,0.5,-0.3752,180,0,0,787290
0,8,5,0.5,-0.37412,180,0,0,787307
0,11,6,0.5,-0.372635,180,0,0,787323
0,11,6,0.5,-0.37115,180,0,0,787341
0,11,6,0.5,-0.369665,180,0,31,787356
0,9,6,0.5,-0.36845,180,0,31,787373
0,6,6,0.5,-0.36764,180,0,31,787391
0,5,6,0.5,-0.366965,180,0,31,787408
0,2,6,0.5,-0.366695,180,0,0,787423
0,-1,6,0.5,-0.36683,180,0,0,787444
0,-4,7,0.5,-0.36737,180,0,0,787461
0,-5,7,0.5,-0.368045,180,0,0,787474
0,-8,7,0.5,-0.369125,180,0,0,787490
0,-10,7,0.5,-0.370475,180,0,0,787506
0,-11,7,0.5,-0.37196,180,0,0,787526
0,-13,6,0.5,-0.373715,180,0,0,787544
0,-19,13,0.5,-0.37628,180,0,0,787563
0,-5,8,0.5,-0.376955,180,0,0,787575
0,-3,7,0.5,-0.37736,180,0,0,787590
0,-2,8,0.5,-0.37763,180,0,0,787607
0,-4,7,0.5,-0.37817,180,0,0,787624
0,-5,6,0.5,-0.378845,180,0,0,787641
0,-7,5,0.5,-0.37979,180,0,0,787656
0,-10,6,0.5,-0.38114,180,0,0,787675
0,-7,7,0.5,-0.382085,180,0,0,787691
0,-7,8,0.5,-0.38303,180,0,0,787709
0,-5,8,0.5,-0.383705,180,0,0,787728
0,-4,9,0.5,-0.384245,180,0,0,787741
0,-4,9,0.5,-0.384785,180,0,0,787757
0,-3,9,0.5,-0.38519,180,0,0,787774
0,0,10,0.5,-0.38519,180,0,0,787792
0,0,10,0.5,-0.38519,180,0,0,787809
0,0,11,0.5,-0.38519,180,0,0,787827
0,0,11,0.5,-0.38519,180,0,0,787840
0,0,12,0.5,-0.38519,180,0,0,787857
0,0,12,0.5,-0.38519,180,0,0,787876
0,0,12,0.5,-0.38519,180,0,0,787892
0,0,13,0.5,-0.38519,180,0,0,787908
0,1,13,0.5,-0.385055,180,0,0,787926
0,3,13,0.5,-0.38465,180,0,0,787942
0,8,15,0.5,-0.38357,180,0,0,787961
0,3,22,0.5,-0.383165,180,0,0,787981
0,3,13,0.5,-0.38276,180,0,0,787993
0,5,13,0.5,-0.382085,180,0,0,788012
0,6,14,0.5,-0.381275,180,0,0,788031
0,6,13,0.5,-0.380465,180,0,0,788046
0,7,13,0.5,-0.37952,180,0,0,788066
0,7,13,0.5,-0.378575,180,0,0,788083
0,6,13,0.5,-0.377765,180,0,0,788100
0,7,13,0.5,-0.37682,180,0,0,788120
0,15,13,0.5,-0.374795,180,0,0,788137
0,10,23,0.5,-0.373445,180,0,0,788154
0,11,11,0.5,-0.37196,180,0,0,788170
0,0,0,0.5,-0.37196,180,0,0,788178
0,12,11,0.5,-0.37034,180,0,0,788193
0,13,10,0.5,-0.368585,180,0,0,788210
0,12,10,0.5,-0.366965,180,0,0,788224
0,12,10,0.5,-0.365345,180,0,0,788245
0,13,10,0.5,-0.36359,180,0,0,788259
0,12,10,0.5,-0.36197,180,0,0,788276
0,13,12,0.5,-0.360215,180,0,0,788293
0,12,13,0.5,-0.358595,180,0,0,788310
0,14,15,0.5,-0.356705,180,0,0,788329
0,13,16,0.5,-0.35495,180,0,0,788343
0,14,15,0.5,-0.35306,180,0,0,788359
0,28,30,0.5,-0.34928,180,0,0,788382
0,19,16,0.5,-0.346715,180,0,0,788400
0,22,16,0.5,-0.343745,180,0,0,788416
0,27,17,0.5,-0.3401,180,0,0,788432
0,30,17,0.5,-0.33605,180,0,0,788445
0,34,16,0.5,-0.33146,180,0,0,788461
0,33,15,0.5,-0.327005,180,0,0,788476
0,30,13,0.5,-0.322955,180,0,0,788493
0,29,12,0.5,-0.31904,180,0,0,788508
0,26,11,0.5,-0.31553,180,0,0,788525
0,25,10,0.5,-0.312155,180,0,0,788542
0,25,10,0.5,-0.30878,180,0,0,788559
0,24,10,0.5,-0.30554,180,0,0,788575
0,22,10,0.5,-0.30257,180,0,0,788595
0,23,10,0.5,-0.299465,180,0,0,788609
0,22,10,0.5,-0.296495,180,0,0,788626
0,23,9,0.5,-0.29339,180,0,0,788643
0,24,9,0.5,-0.29015,180,0,0,788658
0,25,9,0.5,-0.286775,180,0,0,788678
0,51,16,0.5,-0.27989,180,0,0,788699
0,0,0,0.5,-0.27989,180,0,0,788707
0,27,6,0.5,-0.276245,180,0,0,788725
0,46,5,0.5,-0.270035,180,0,0,788742
0,19,6,0.5,-0.26747,180,0,0,788757
0,15,3,0.5,-0.265445,180,0,0,788775
0,0,0,0.5,-0.265445,180,0,0,788791
0,21,10,0.5,-0.26261,180,0,0,788807
0,7,8,0.5,-0.261665,180,0,0,788824
0,5,10,0.5,-0.26099,180,0,0,788840
0,5,11,0.5,-0.260315,180,0,0,788860
0,8,11,0.5,-0.259235,180,0,0,788880
0,10,11,0.5,-0.257885,180,0,0,788891
0,9,11,0.5,-0.25667,180,0,0,788910
0,9,11,0.5,-0.255455,180,0,0,788926
0,8,11,0.5,-0.254375,180,0,0,788943
0,13,12,0.5,-0.25262,180,0,0,788959
0,15,12,0.5,-0.250595,180,0,0,788978
0,20,13,0.5,-0.247895,180,0,0,788996
0,26,13,0.5,-0.244385,180,0,0,789010
0,28,13,0.5,-0.240605,180,0,0,789025
0,33,12,0.5,-0.23615,180,0,0,789045
0,31,10,0.5,-0.231965,180,0,0,789062
0,31,9,0.5,-0.22778,180,0,0,789076
0,28,8,0.5,-0.224,180,0,0,789092
0,27,7,0.5,-0.220355,180,0,0,789111
0,22,7,0.5,-0.217385,180,0,0,789124
0,44,15,0.5,-0.211445,180,0,0,789151
0,21,9,0.5,-0.20861,180,0,0,789162
0,23,9,0.5,-0.205505,180,0,0,789179
0,21,9,0.5,-0.20267,180,0,0,789195
0,22,9,0.5,-0.1997,180,0,0,789218
0,23,10,0.5,-0.196595,180,0,0,789241
0,25,9,0.5,-0.19322,180,0,0,789250
0,27,9,0.5,-0.189575,180,0,0,789262
0,28,8,0.5,-0.185795,180,0,0,789274
0,28,7,0.5,-0.182015,180,0,0,789290
0,29,6,0.5,-0.1781,180,0,0,789310
0,25,4,0.5,-0.174725,180,0,0,789324
0,23,4,0.5,-0.17162,180,0,0,789341
0,22,4,0.5,-0.16865,180,0,0,789358
0,21,4,0.5,-0.165815,180,0,0,789373
0,20,6,0.5,-0.163115,180,0,0,789391
0,20,7,0.5,-0.160415,180,0,0,789408
0,23,8,0.5,-0.15731,180,0,0,789426
0,48,15,0.5,-0.15083,180,0,0,789450
0,28,7,0.5,-0.14705,180,0,0,789465
0,0,0,0.5,-0.14705,180,0,0,789473
0,28,8,0.5,-0.14327,180,0,0,789492
0,29,7,0.5,-0.139355,180,0,0,789508
0,60,13,0.5,-0.131255,180,0,0,789529
0,27,4,0.5,-0.12761,180,0,0,789544
0,25,4,0.5,-0.124235,180,0,0,789559
0,21,3,0.5,-0.1214,180,0,0,789573
0,18,4,0.5,-0.11897,180,0,0,789590
0,19,5,0.5,-0.116405,180,0,0,789607
0,22,6,0.5,-0.113435,180,0,0,789629
0,23,7,0.5,-0.11033,180,0,0,789642
0,24,7,0.5,-0.10709,180,0,0,789658
0,23,6,0.5,-0.103985,180,0,0,789674
0,24,6,0.5,-0.100745,180,0,0,789693
0,25,5,0.5,-0.09737,180,0,0,789709
0,23,5,0.5,-0.094265,180,0,0,789724
0,22,5,0.5,-0.091295,180,0,31,789742
0,21,4,0.5,-0.08846,180,0,31,789761
0,18,4,0.5,-0.08603,180,0,31,789775
0,16,4,0.5,-0.08387,180,0,0,789794
0,11,4,0.5,-0.082385,180,0,0,789810
0,8,4,0.5,-0.081305,180,0,0,789824
0,6,5,0.5,-0.080495,180,0,0,789844
0,3,6,0.5,-0.08009,180,0,0,789862
0,2,7,0.5,-0.07982,180,0,0,789879
0,-2,16,0.5,-0.08009,180,0,0,789897
0,0,0,0.5,-0.08009,180,0,0,789906
0,-1,8,0.5,-0.080225,180,0,0,789927
0,-7,18,0.5,-0.08117,180,0,0,789949
0,-5,9,0.5,-0.081845,180,0,0,789963
0,-8,10,0.5,-0.082925,180,0,0,789976
0,-6,10,0.5,-0.083735,180,0,0,789998
0,-7,11,0.5,-0.08468,180,0,0,790011
0,-7,11,0.5,-0.085625,180,0,0,790025
0,-7,11,0.5,-0.08657,180,0,0,790047
0,-7,11,0.5,-0.087515,180,0,0,790061
0,-9,12,0.5,-0.08873,180,0,0,790078
0,-7,12,0.5,-0.089675,180,0,0,790093
0,-5,12,0.5,-0.09035,180,0,0,790116
0,-5,12,0.5,-0.091025,180,0,0,790126
0,-6,13,0.5,-0.091835,180,0,0,790149
0,-4,13,0.5,-0.092375,180,0,0,790164
0,-3,14,0.5,-0.09278,180,0,0,790180
0,1,15,0.5,-0.092645,180,0,0,790196
0,0,14,0.5,-0.092645,180,0,0,790214
0,4,14,0.5,-0.092105,180,0,0,790230
0,16,26,0.5,-0.089945,180,0,0,790254
0,10,11,0.5,-0.088595,180,0,0,790264
0,0,0,0.5,-0.088595,180,0,0,790274
0,11,11,0.5,-0.08711,180,0,0,790294
0,26,16,0.5,-0.0836,180,0,0,790314
0,11,16,0.5,-0.082115,180,0,0,790334
0,9,9,0.5,-0.0809,180,0,0,790346
0,7,8,0.5,-0.079955,180,0,0,790362
0,5,8,0.5,-0.07928,180,0,0,790382
0,3,9,0.5,-0.078875,180,0,0,790396
0,2,10,0.5,-0.078605,180,0,0,790410
0,0,12,0.5,-0.078605,180,0,0,790426
0,-1,12,0.5,-0.07874,180,0,0,790444
0,0,13,0.5,-0.07874,180,0,0,790463
0,0,14,0.5,-0.07874,180,0,0,790480
0,0,14,0.5,-0.07874,180,0,0,790497
0,1,14,0.5,-0.078605,180,0,0,790519
0,0,14,0.5,-0.078605,180,0,0,790532
0,-1,14,0.5,-0.07874,180,0,0,790550
0,1,16,0.5,-0.078605,180,0,0,790563
0,0,16,0.5,-0.078605,180,0,0,790582
0,0,16,0.5,-0.078605,180,0,0,790597
0,4,18,0.5,-0.078065,180,0,0,790620
0,7,18,0.5,-0.07712,180,0,0,790633
0,21,17,0.5,-0.074285,180,0,0,790647
0,0,17,0.5,-0.074285,180,0,0,790663
0,16,17,0.5,-0.072125,180,0,0,790678
0,33,17,0.5,-0.06767,180,0,0,790700
0,11,26,0.5,-0.066185,180,0,0,790719
0,9,11,0.5,-0.06497,180,0,0,790732
0,6,10,0.5,-0.06416,180,0,0,790744
0,2,8,0.5,-0.06389,180,0,0,790761
0,0,8,0.5,-0.06389,180,0,0,790780
0,-1,6,0.5,-0.064025,180,0,0,790795
0,-1,5,0.5,-0.06416,180,0,0,790812
0,-1,5,0.5,-0.064295,180,0,0,790827
0,2,4,0.5,-0.064025,180,0,0,790845
0,7,5,0.5,-0.06308,180,0,0,790860
0,11,5,0.5,-0.061595,180,0,0,790884
0,14,4,0.5,-0.059705,180,0,0,790892
0,18,4,0.5,-0.057275,180,0,0,790911
0,21,3,0.5,-0.05444,180,0,0,790928
0,23,2,0.5,-0.051335,180,0,0,790942
0,27,1,0.5,-0.04769,180,0,0,790961
0,30,2,0.5,-0.04364,180,0,0,790976
0,31,1,0.5,-0.039455,180,0,0,790993
0,32,2,0.5,-0.035135,180,0,0,791010
0,29,2,0.5,-0.03122,180,0,0,791030
0,25,2,0.5,-0.027845,180,0,0,791045
0,38,5,0.5,-0.022715,180,0,0,791064
0,0,0,0.5,-0.022715,180,0,0,791075
0,14,4,0.5,-0.020825,180,0,0,791092
0,26,15,0.5,-0.017315,180,0,0,791113
0,15,8,0.5,-0.01529,180,0,0,791133
0,18,9,0.5,-0.01286,180,0,0,791154
0,21,9,0.5,-0.010025,180,0,0,791164
0,21,9,0.5,-0.00719,180,0,0,791182
0,24,9,0.5,-0.00395,180,0,0,791197
0,25,8,0.5,-0.000575,180,0,0,791215
0,26,7,0.5,0.002935,180,0,0,791233
0,28,5,0.5,0.006715,180,0,0,791243
0,31,4,0.5,0.0109,180,0,0,791263
0,30,3,0.5,0.01495,180,0,0,791278
0,28,1,0.5,0.01873,180,0,0,791293
0,22,1,0.5,0.0217,180,0,0,791310
0,17,0,0.5,0.023995,180,0,0,791331
0,15,0,0.5,0.02602,180,0,0,791343
0,14,1,0.5,0.02791,180,0,0,791360
0,14,2,0.5,0.0298,180,0,0,791381
0,15,4,0.5,0.031825,180,0,0,791394
0,15,4,0.5,0.03385,180,0,0,791413
0,40,10,0.5,0.03925,180,0,0,791433
0,0,0,0.5,0.03925,180,0,0,791444
0,56,8,0.5,0.04681,180,0,0,791462
0,35,4,0.5,0.051535,180,0,0,791478
0,38,2,0.5,0.056665,180,0,0,791493
0,36,0,0.5,0.061525,180,0,0,791513
0,32,0,0.5,0.065845,180,0,0,791528
0,28,0,0.5,0.069625,180,0,0,791547
0,22,0,0.5,0.072595,180,0,0,791559
0,16,1,0.5,0.074755,180,0,0,791578
0,17,2,0.5,0.07705,180,0,0,791595
0,16,2,0.5,0.07921,180,0,0,791612
0,17,3,0.5,0.081505,180,0,0,791627
0,18,2,0.5,0.083935,180,0,0,791646
0,23,3,0.5,0.08704,180,0,0,791662
0,22,3,0.5,0.09001,180,0,0,791676
0,20,3,0.5,0.09271,180,0,31,791697
0,14,2,0.5,0.0946,180,0,31,791712
0,11,2,0.5,0.096085,180,0,31,791727
0,9,2,0.5,0.0973,180,0,0,791752
0,7,1,0.5,0.098245,180,0,0,791761
0,6,2,0.5,0.099055,180,0,0,791778
0,8,3,0.5,0.100135,180,0,0,791799
0,21,8,0.5,0.10297,180,0,0,791817
0,13,5,0.5,0.104725,180,0,0,791830
0,13,6,0.5,0.10648,180,0,0,791846
0,15,5,0.5,0.108505,180,0,0,791866
0,14,4,0.5,0.110395,180,0,0,791882
0,13,3,0.5,0.11215,180,0,0,791895
0,13,2,0.5,0.113905,180,0,0,791910
0,9,1,0.5,0.11512,180,0,0,791929
0,8,1,0.5,0.1162,180,0,0,791944
0,9,2,0.5,0.117415,180,0,0,791962
0,11,3,0.5,0.1189,180,0,0,791979
0,13,5,0.5,0.120655,180,0,0,791995
0,15,5,0.5,0.12268,180,0,0,792013
0,16,6,0.5,0.12484,180,0,0,792031
0,17,7,0.5,0.127135,180,0,0,792047
0,20,6,0.5,0.129835,180,0,0,792068
0,23,6,0.5,0.13294,180,0,0,792080
0,26,6,0.5,0.13645,180,0,0,792098
0,28,5,0.5,0.14023,180,0,0,792120
0,27,4,0.5,0.143875,180,0,0,792134
0,26,4,0.5,0.147385,180,0,0,792147
0,24,3,0.5,0.150625,180,0,0,792164
0,23,1,0.5,0.15373,180,0,0,792179
0,21,0,0.5,0.156565,180,0,0,792194
0,19,0,0.5,0.15913,180,0,0,792210
0,36,-2,0.5,0.16399,180,0,0,792231
0,16,-4,0.5,0.16615,180,0,0,792254
0,14,-2,0.5,0.16804,180,0,0,792263
0,11,-1,0.5,0.169525,180,0,0,792279
0,11,0,0.5,0.17101,180,0,0,792294
0,10,1,0.5,0.17236,180,0,0,792311
0,13,3,0.5,0.174115,180,0,0,792329
0,16,3,0.5,0.176275,180,0,0,792345
0,19,3,0.5,0.17884,180,0,0,792361
0,22,3,0.5,0.18181,180,0,0,792381
0,26,2,0.5,0.18532,180,0,0,792398
0,28,3,0.5,0.1891,180,0,0,792413
0,27,2,0.5,0.192745,180,0,0,792433
0,28,2,0.5,0.196525,180,0,0,792445
0,31,2,0.5,0.20071,180,0,0,792462
0,32,1,0.5,0.20503,180,0,0,792479
0,32,1,0.5,0.20935,180,0,0,792495
0,30,1,0.5,0.2134,180,0,0,792515
0,24,0,0.5,0.21664,180,0,0,792528
0,19,0,0.5,0.219205,180,0,0,792545
0,16,0,0.5,0.221365,180,0,0,792562
0,14,0,0.5,0.223255,180,0,0,792577
0,15,0,0.5,0.22528,180,0,0,792596
0,31,0,0.5,0.229465,180,0,0,792616
0,13,-1,0.5,0.23122,180,0,0,792633
0,10,-2,0.5,0.23257,180,0,0,792645
0,5,-2,0.5,0.233245,180,0,31,792663
0,3,-1,0.5,0.23365,180,0,31,792682
0,1,-2,0.5,0.233785,180,0,31,792697
0,2,-1,0.5,0.234055,180,0,0,792715
0,3,0,0.5,0.23446,180,0,0,792728
0,5,0,0.5,0.235135,180,0,0,792745
0,7,1,0.5,0.23608,180,0,0,792762
0,8,2,0.5,0.23716,180,0,0,792781
0,4,1,0.5,0.2377,180,0,0,792802
0,-1,2,0.5,0.237565,180,0,0,792812
0,-4,2,0.5,0.237025,180,0,0,792830
0,-3,3,0.5,0.23662,180,0,0,792846
0,-4,4,0.5,0.23608,180,0,0,792864
0,-2,4,0.5,0.23581,180,0,0,792880
0,-2,5,0.5,0.23554,180,0,0,792898
0,0,7,0.5,0.23554,180,0,0,792919
0,0,7,0.5,0.23554,180,0,0,792933
0,0,8,0.5,0.23554,180,0,31,792954
0,-1,17,0.5,0.235405,180,0,31,792972
0,-2,9,0.5,0.235135,180,0,31,792989
0,-2,5,0.5,0.234865,180,0,31,792997
0,-2,8,0.5,0.234595,180,0,0,793020
0,-1,4,0.5,0.23446,180,0,0,793036
0,-2,2,0.5,0.23419,180,0,0,793047
0,-3,2,0.5,0.233785,180,0,0,793064
0,-3,2,0.5,0.23338,180,0,0,793083
0,-3,2,0.5,0.232975,180,0,0,793097
0,-3,3,0.5,0.23257,180,0,0,793117
0,-2,3,0.5,0.2323,180,0,0,793134
0,-2,4,0.5,0.23203,180,0,0,793150
0,-5,5,0.5,0.231355,180,0,0,793164
0,-6,5,0.5,0.230545,180,0,0,793184
0,-6,6,0.5,0.229735,180,0,0,793200
0,-7,8,0.5,0.22879,180,0,0,793216
0,-4,8,0.5,0.22825,180,0,0,793236
0,-5,9,0.5,0.227575,180,0,0,793250
0,-4,10,0.5,0.227035,180,0,0,793265
0,-4,9,0.5,0.226495,180,0,0,793282
0,-3,9,0.5,0.22609,180,0,0,793300
0,-6,9,0.5,0.22528,180,0,0,793318
0,-5,9,0.5,0.224605,180,0,0,793334
0,-3,8,0.5,0.2242,180,0,0,793350
0,-5,15,0.5,0.223525,180,0,0,793372
0,1,4,0.5,0.22366,180,0,0,793383
0,0,9,0.5,0.22366,180,0,0,793399
0,-1,7,0.5,0.223525,180,0,0,793417
0,0,7,0.5,0.223525,180,0,0,793435
0,0,8,0.5,0.223525,180,0,0,793451
0,0,8,0.5,0.223525,180,0,0,793465
0,0,8,0.5,0.223525,180,0,0,793482
0,0,8,0.5,0.223525,180,0,0,793499
0,-2,8,0.5,0.223255,180,0,0,793516
0,-5,9,0.5,0.22258,180,0,0,793535
0,-8,8,0.5,0.2215,180,0,0,793549
0,-8,8,0.5,0.22042,180,0,0,793566
0,-11,10,0.5,0.218935,180,0,0,793587
0,-9,8,0.5,0.21772,180,0,0,793601
0,-10,9,0.5,0.21637,180,0,0,793619
0,-7,9,0.5,0.215425,180,0,0,793635
0,-5,10,0.5,0.21475,180,0,0,793654
0,-5,11,0.5,0.214075,180,0,0,793667
0,-3,12,0.5,0.21367,180,0,0,793686
0,-4,12,0.5,0.21313,180,0,0,793702
0,-2,13,0.5,0.21286,180,0,0,793717
0,0,26,0.5,0.21286,180,0,0,793744
0,1,13,0.5,0.212995,180,0,0,793758
0,0,0,0.5,0.212995,180,0,0,793763
0,5,26,0.5,0.21367,180,0,0,793788
0,4,14,0.5,0.21421,180,0,0,793802
0,2,13,0.5,0.21448,180,0,0,793819
0,2,12,0.5,0.21475,180,0,0,793843
0,1,13,0.5,0.214885,180,0,0,793855
0,3,12,0.5,0.21529,180,0,0,793867
0,3,13,0.5,0.215695,180,0,0,793889
0,3,11,0.5,0.2161,180,0,0,793902
0,6,10,0.5,0.21691,180,0,0,793919
0,5,10,0.5,0.217585,180,0,0,793939
0,5,9,0.5,0.21826,180,0,0,793952
0,4,8,0.5,0.2188,180,0,0,793967
0,3,9,0.5,0.219205,180,0,0,793985
0,0,8,0.5,0.219205,180,0,0,794002
0,1,8,0.5,0.21934,180,0,0,794023
0,0,8,0.5,0.21934,180,0,0,794036
0,0,9,0.5,0.21934,180,0,0,794055
0,0,8,0.5,0.21934,180,0,0,794072
0,-1,10,0.5,0.219205,180,0,0,794091
0,0,21,0.5,0.219205,180,0,0,794108
0,0,0,0.5,0.219205,180,0,0,794116
0,0,13,0.5,0.219205,180,0,0,794137
0,4,27,0.5,0.219745,180,0,0,794167
0,6,15,0.5,0.220555,180,0,0,794179
0,6,14,0.5,0.221365,180,0,0,794193
0,7,14,0.5,0.22231,180,0,0,794203
0,9,15,0.5,0.223525,180,0,0,794219
0,9,14,0.5,0.22474,180,0,0,794236
0,10,14,0.5,0.22609,180,0,0,794256
0,12,12,0.5,0.22771,180,0,0,794278
0,14,12,0.5,0.2296,180,0,0,794291
0,14,11,0.5,0.23149,180,0,0,794302
0,11,9,0.5,0.232975,180,0,0,794321
0,8,7,0.5,0.234055,180,0,0,794338
0,6,5,0.5,0.234865,180,0,0,794351
0,3,4,0.5,0.23527,180,0,0,794367
0,-1,4,0.5,0.235135,180,0,0,794383
0,-4,4,0.5,0.234595,180,0,0,794403
0,-3,6,0.5,0.23419,180,0,0,794418
0,-1,7,0.5,0.234055,180,0,0,794440
0,2,8,0.5,0.234325,180,0,0,794451
0,7,9,0.5,0.23527,180,0,0,794469
0,20,20,0.5,0.23797,180,0,0,794490
0,14,11,0.5,0.23986,180,0,0,794505
0,0,0,0.5,0.23986,180,0,0,794515
0,12,11,0.5,0.24148,180,0,0,794535
0,15,12,0.5,0.243505,180,0,0,794559
0,28,24,0.5,0.247285,180,0,0,794573
0,15,13,0.5,0.24931,180,0,0,794589
0,16,12,0.5,0.25147,180,1,0,794606
0,18,11,0.5,0.2539,180,1,0,794623
0,22,11,0.5,0.25687,180,1,0,794638
0,25,10,0.5,0.260245,180,0,0,794651
0,24,9,0.5,0.263485,180,0,0,794671
0,23,8,0.5,0.26659,180,0,0,794685
0,17,6,0.5,0.268885,180,0,0,794701
0,15,7,0.5,0.27091,180,0,0,794719
0,12,7,0.5,0.27253,180,0,0,794734
0,12,8,0.5,0.27415,180,0,31,794752
0,10,9,0.5,0.2755,180,0,31,794769
0,5,10,0.5,0.276175,180,0,31,794785
0,-1,9,0.5,0.27604,180,0,31,794802
0,-9,8,0.5,0.274825,180,0,31,794820
0,-9,6,0.5,0.27361,180,0,31,794838
0,-13,5,0.5,0.271855,180,0,31,794854
0,-12,3,0.5,0.270235,180,0,31,794868
0,-12,2,0.5,0.268615,180,0,31,794883
0,-17,1,0.5,0.26632,180,0,31,794905
0,0,0,0.5,0.26632,180,0,31,794915
0,-9,0,0.5,0.265105,180,0,31,794933
0,-3,0,0.5,0.2647,180,0,31,794951
0,-2,1,0.5,0.26443,180,0,31,794966
0,-2,1,0.5,0.26416,180,0,31,794986
0,-2,3,0.5,0.26389,180,0,31,795001
0,-1,3,0.5,0.263755,180,0,31,795018
0,-1,2,0.5,0.26362,180,0,31,795038
0,0,2,0.5,0.26362,180,0,31,795051
0,0,2,0.5,0.26362,180,0,31,795067
0,1,2,0.5,0.263755,180,0,31,795085
0,0,1,0.5,0.263755,180,0,31,795101
0,1,1,0.5,0.26389,180,0,31,795116
0,0,1,0.5,0.26389,180,0,31,795133
0,1,1,0.5,0.264025,180,0,31,795149
0,0,1,0.5,0.264025,180,0,31,795169
0,1,2,0.5,0.26416,180,0,31,795189
0,0,0,0.5,0.26416,180,0,31,795199
0,2,1,0.5,0.26443,180,0,31,795217
0,1,1,0.5,0.264565,180,0,31,795234
0,0,0,0.5,0.264565,180,0,31,795251
0,0,0,0.5,0.264565,180,0,31,795268
0,-2,0,0.5,0.264295,180,0,31,795286
0,0,0,0.5,0.264295,180,0,31,795301
0,0,0,0.5,0.264295,180,0,31,795316
0,-1,0,0.5,0.26416,180,0,31,795338
0,0,0,0.5,0.26416,180,0,31,795350
0,0,0,0.5,0.26416,180,0,31,795366
0,0,0,0.5,0.26416,180,0,31,795384
0,0,0,0.5,0.26416,180,0,31,795401
0,-2,0,0.5,0.26389,180,0,31,795416
0,-1,0,0.5,0.263755,180,0,31,795433
0,0,0,0.5,0.263755,180,0,31,795450
0,-1,-2,0.5,0.26362,180,0,31,795467
0,0,-1,0.5,0.26362,180,0,31,795484
0,0,-1,0.5,0.26362,180,0,31,795500
0,-1,0,0.5,0.263485,180,0,31,795518
0,-1,0,0.5,0.26335,180,0,31,795534
0,-1,0,0.5,0.263215,180,0,31,795551
0,0,0,0.5,0.263215,180,0,31,795567
0,0,0,0.5,0.263215,180,0,31,795584
0,0,-1,0.5,0.263215,180,0,31,795600
0,-1,-1,0.5,0.26308,180,0,31,795618
0,-1,-1,0.5,0.262945,180,0,31,795635
0,-1,-1,0.5,0.26281,180,0,31,795651
0,-2,-1,0.5,0.26254,180,0,31,795669
0,-5,-1,0.5,0.261865,180,0,31,795685
0,-1,-2,0.5,0.26173,180,0,31,795701
0,0,0,0.5,0.26173,180,0,31,795718
0,-1,-1,0.5,0.261595,180,0,31,795739
0,-1,-1,0.5,0.26146,180,0,31,795752
0,-1,0,0.5,0.261325,180,0,31,795768
0,-1,0,0.5,0.26119,180,0,31,795784
0,-2,0,0.5,0.26092,180,0,31,795801
0,-2,-1,0.5,0.26065,180,0,31,795820
0,-2,-1,0.5,0.26038,180,0,31,795835
0,0,-1,0.5,0.26038,180,0,31,795851
0,0,-1,0.5,0.26038,180,0,31,795872
0,0,-1,0.5,0.26038,180,0,31,795887
0,-2,-1,0.5,0.26011,180,0,31,795904
0,-3,0,0.5,0.259705,180,0,31,795918
0,-3,-1,0.5,0.2593,180,0,31,795934
0,-4,-1,0.5,0.25876,180,0,31,795952
0,-2,-1,0.5,0.25849,180,0,31,795968
0,-1,-1,0.5,0.258355,180,0,31,795985
0,0,-1,0.5,0.258355,180,0,31,796002
0,0,-1,0.5,0.258355,180,0,31,796022
0,0,0,0.5,0.258355,180,0,31,796034
0,-1,-1,0.5,0.25822,180,0,31,796053
0,-4,-1,0.5,0.25768,180,0,31,796070
0,-2,-1,0.5,0.25741,180,0,31,796085
0,0,0,0.5,0.25741,180,0,31,796101
0,0,-1,0.5,0.25741,180,0,31,796124
0,0,0,0.5,0.25741,180,0,31,796134
0,0,0,0.5,0.25741,180,0,0,796153
0,-1,0,0.5,0.257275,180,0,0,796170
0,-3,0,0.5,0.25687,180,0,0,796185
0,-2,-1,0.5,0.2566,180,0,31,796202
0,-1,0,0.5,0.256465,180,0,31,796225
0,0,-1,0.5,0.256465,180,0,31,796237
0,0,0,0.5,0.256465,180,0,31,796251
0,0,-1,0.5,0.256465,180,0,0,796269
0,0,0,0.5,0.256465,180,0,0,796285
0,0,0,0.5,0.256465,180,0,0,796302
0,-1,0,0.5,0.25633,180,0,0,796320
0,-2,-1,0.5,0.25606,180,0,31,796337
0,0,0,0.5,0.25606,180,0,31,796352
0,-1,-1,0.5,0.255925,180,0,31,796369
0,0,0,0.5,0.255925,180,0,0,796385
0,0,0,0.5,0.255925,180,0,0,796409
0,0,0,0.5,0.255925,180,0,0,796419
0,-2,0,0.5,0.255655,180,0,0,796435
0,0,0,0.5,0.255655,180,0,31,796452
0,-1,0,0.5,0.25552,180,0,31,796469
0,1,0,0.5,0.255655,180,0,31,796486
0,0,0,0.5,0.255655,180,0,0,796502
0,-1,0,0.5,0.25552,180,0,0,796521
0,-1,0,0.5,0.255385,180,0,0,796537
0,-3,0,0.5,0.25498,180,0,0,796554
0,-1,-1,0.5,0.254845,180,0,31,796570
0,0,0,0.5,0.254845,180,0,31,796587
0,1,0,0.5,0.25498,180,0,31,796603
0,0,0,0.5,0.25498,180,0,31,796618
0,0,-1,0.5,0.25498,180,0,31,796636
0,-1,0,0.5,0.254845,180,0,31,796654
0,-2,0,0.5,0.254575,180,0,31,796670
0,-1,-1,0.5,0.25444,180,0,31,796686
0,-1,-1,0.5,0.254305,180,0,31,796703
0,0,0,0.5,0.254305,180,0,31,796720
0,0,0,0.5,0.254305,180,0,31,796735
0,2,0,0.5,0.254575,180,0,31,796754
0,0,0,0.5,0.254575,180,0,31,796769
0,0,0,0.5,0.254575,180,0,31,796786
0,-4,0,0.5,0.254035,180,0,31,796803
0,-2,0,0.5,0.253765,180,0,31,796820
0,-4,-1,0.5,0.253225,180,0,31,796838
0,0,0,0.5,0.253225,180,0,31,796852
0,3,0,0.5,0.25363,180,0,31,796870
0,1,0,0.5,0.253765,180,0,31,796889
0,1,0,0.5,0.2539,180,0,31,796902
0,0,0,0.5,0.2539,180,0,31,796919
0,-3,0,0.5,0.253495,180,0,31,796939
0,-3,-1,0.5,0.25309,180,0,31,796954
0,-3,0,0.5,0.252685,180,0,0,796972
0,-2,0,0.5,0.252415,180,0,0,796986
0,0,0,0.5,0.252415,180,0,31,797003
0,2,0,0.5,0.252685,180,0,31,797020
0,1,0,0.5,0.25282,180,0,31,797037
0,0,0,0.5,0.25282,180,0,31,797054
0,-1,0,0.5,0.252685,180,0,31,797070
0,-7,-2,0.5,0.25174,180,0,31,797088
0,-6,-1,0.5,0.25093,180,0,31,797104
0,-5,0,0.5,0.250255,180,0,31,797121
0,-3,0,0.5,0.24985,180,0,31,797136
0,-2,1,0.5,0.24958,180,0,31,797154
0,0,1,0.5,0.24958,180,0,31,797171
0,-1,0,0.5,0.249445,180,0,31,797187
0,-2,0,0.5,0.249175,180,0,31,797204
0,-12,-1,0.5,0.247555,180,0,31,797228
0,-9,-1,0.5,0.24634,180,0,31,797241
0,-8,0,0.5,0.24526,180,0,31,797254
0,-7,0,0.5,0.244315,180,0,31,797270
0,-5,1,0.5,0.24364,180,0,31,797289
0,-1,2,0.5,0.243505,180,0,31,797305
0,-1,1,0.5,0.24337,180,0,31,797325
0,0,1,0.5,0.24337,180,0,31,797338
0,-1,0,0.5,0.243235,180,0,31,797354
0,-2,0,0.5,0.242965,180,0,31,797370
0,-3,-1,0.5,0.24256,180,0,0,797387
0,-2,0,0.5,0.24229,180,0,31,797409
0,-1,-2,0.5,0.242155,180,0,31,797421
0,0,0,0.5,0.242155,180,0,31,797437
0,1,-1,0.5,0.24229,180,0,31,797455
0,2,-1,0.5,0.24256,180,0,0,797471
0,4,-1,0.5,0.2431,180,0,0,797490
0,2,0,0.5,0.24337,180,0,0,797505
0,3,0,0.5,0.243775,180,0,31,797524
0,4,-2,0.5,0.244315,180,0,31,797541
0,0,0,0.5,0.244315,180,0,31,797554
0,2,-1,0.5,0.244585,180,0,31,797577
0,0,0,0.5,0.244585,180,0,31,797591
0,0,0,0.5,0.244585,180,0,0,797604
0,-1,0,0.5,0.24445,180,0,0,797625
0,-4,0,0.5,0.24391,180,0,0,797641
0,-3,0,0.5,0.243505,180,0,0,797654
0,-2,0,0.5,0.243235,180,0,31,797674
0,-2,0,0.5,0.242965,180,0,31,797693
0,0,0,0.5,0.242965,180,0,31,797705
0,1,1,0.5,0.2431,180,0,31,797722
0,1,1,0.5,0.243235,180,0,0,797741
0,1,0,0.5,0.24337,180,0,0,797755
0,2,1,0.5,0.24364,180,0,0,797773
0,1,0,0.5,0.243775,180,0,0,797790
0,1,0,0.5,0.24391,180,0,0,797810
0,1,0,0.5,0.244045,180,0,31,797824
0,1,1,0.5,0.24418,180,0,31,797839
0,0,1,0.5,0.24418,180,0,0,797855
0,1,2,0.5,0.244315,180,0,0,797873
0,-2,1,0.5,0.244045,180,0,0,797889
0,-3,1,0.5,0.24364,180,0,0,797909
0,-3,1,0.5,0.243235,180,0,0,797924
0,-1,2,0.5,0.2431,180,0,31,797939
0,-1,3,0.5,0.242965,180,0,31,797957
0,3,3,0.5,0.24337,180,0,31,797974
0,6,4,0.5,0.24418,180,0,31,797992
0,2,1,0.5,0.24445,180,0,31,798010
0,-1,1,0.5,0.244315,180,0,0,798024
0,-2,0,0.5,0.244045,180,0,0,798041
0,-4,0,0.5,0.243505,180,0,0,798059
0,-5,0,0.5,0.24283,180,0,0,798074
0,-6,0,0.5,0.24202,180,0,0,798090
0,-8,-1,0.5,0.24094,180,0,0,798105
0,-6,0,0.5,0.24013,180,0,0,798125
0,-7,0,0.5,0.239185,180,0,0,798142
0,-7,0,0.5,0.23824,180,0,0,798158
0,-6,1,0.5,0.23743,180,0,0,798173
0,-4,3,0.5,0.23689,180,0,0,798191
0,0,3,0.5,0.23689,180,0,0,798206
0,5,4,0.5,0.237565,180,0,0,798224
0,9,5,0.5,0.23878,180,0,0,798240
0,13,7,0.5,0.240535,180,0,0,798260
0,15,7,0.5,0.24256,180,0,0,798275
0,19,8,0.5,0.245125,180,0,0,798295
0,18,8,0.5,0.247555,180,0,0,798310
0,36,16,0.5,0.252415,180,0,0,798332
0,0,0,0.5,0.252415,180,0,0,798340
0,35,17,0.5,0.25714,180,0,0,798362
0,11,8,0.5,0.258625,180,0,0,798380
0,9,8,0.5,0.25984,180,0,0,798393
0,8,7,0.5,0.26092,180,0,0,798413
0,7,8,0.5,0.261865,180,0,0,798431
0,4,7,0.5,0.262405,180,0,0,798448
0,3,8,0.5,0.26281,180,0,0,798464
0,4,8,0.5,0.26335,180,0,0,798491
0,4,8,0.5,0.26389,180,0,0,798501
0,4,8,0.5,0.26443,180,0,0,798511
0,5,9,0.5,0.265105,180,0,0,798525
0,6,7,0.5,0.265915,180,0,0,798541
0,8,7,0.5,0.266995,180,0,0,798563
0,9,6,0.5,0.26821,180,0,0,798575
0,8,6,0.5,0.26929,180,0,0,798592
0,7,6,0.5,0.270235,180,0,0,798615
0,7,7,0.5,0.27118,180,0,0,798625
0,4,7,0.5,0.27172,180,0,0,798642
0,4,8,0.5,0.27226,180,0,0,798665
0,4,9,0.5,0.2728,180,0,0,798676
0,1,21,0.5,0.272935,180,0,0,798703
0,0,12,0.5,0.272935,180,0,0,798716
0,1,12,0.5,0.27307,180,0,0,798731
0,0,12,0.5,0.27307,180,0,0,798746
0,3,13,0.5,0.273475,180,0,0,798761
0,5,13,0.5,0.27415,180,0,0,798782
0,8,14,0.5,0.27523,180,0,0,798800
0,11,15,0.5,0.276715,180,0,0,798814
0,16,16,0.5,0.278875,180,0,0,798828
0,18,16,0.5,0.281305,180,0,0,798851
0,24,17,0.5,0.284545,180,0,0,798865
0,26,17,0.5,0.288055,180,0,0,798881
0,29,16,0.5,0.29197,180,0,0,798903
0,29,14,0.5,0.295885,180,0,0,798913
0,27,11,0.5,0.29953,180,0,0,798930
0,26,9,0.5,0.30304,180,0,0,798944
0,24,8,0.5,0.30628,180,0,0,798961
0,20,7,0.5,0.30898,180,0,0,798982
0,14,6,0.5,0.31087,180,0,0,798996
0,8,5,0.5,0.31195,180,0,0,799011
0,3,3,0.5,0.312355,180,0,0,799025
0,0,2,0.5,0.312355,180,0,0,799043
0,-6,1,0.5,0.311545,180,0,0,799060
0,-8,1,0.5,0.310465,180,0,0,799075
0,-8,2,0.5,0.309385,180,0,0,799092
0,-5,2,0.5,0.30871,180,0,0,799112
0,-2,3,0.5,0.30844,180,0,31,799125
0,8,5,0.5,0.30952,180,0,31,799143
0,0,0,0.5,0.30952,180,0,31,799159
0,16,7,0.5,0.31168,180,0,31,799177
0,9,5,0.5,0.312895,180,0,0,799194
0,10,6,0.5,0.314245,180,0,0,799212
0,13,6,0.5,0.316,180,0,0,799231
0,15,7,0.5,0.318025,180,0,0,799243
0,15,7,0.5,0.32005,180,0,0,799260
0,17,7,0.5,0.322345,180,0,0,799276
0,19,8,0.5,0.32491,180,0,0,799297
0,19,7,0.5,0.327475,180,0,0,799310
0,21,8,0.5,0.33031,180,0,0,799326
0,24,8,0.5,0.33355,180,0,0,799345
0,25,7,0.5,0.336925,180,0,0,799365
0,27,6,0.5,0.34057,180,0,0,799380
0,26,5,0.5,0.34408,180,0,0,799402
0,24,4,0.5,0.34732,180,0,0,799412
0,20,3,0.5,0.35002,180,0,0,799428
0,17,3,0.5,0.352315,180,0,0,799442
0,16,4,0.5,0.354475,180,0,0,799459
0,16,6,0.5,0.356635,180,0,0,799479
0,37,14,0.5,0.36163,180,0,0,799501
0,22,7,0.5,0.3646,180,0,0,799511
0,0,0,0.5,0.3646,180,0,0,799525
0,22,6,0.5,0.36757,180,0,0,799546
0,48,9,0.5,0.37405,180,0,0,799564
0,27,5,0.5,0.377695,180,0,0,799582
0,27,5,0.5,0.38134,180,0,0,799593
0,25,4,0.5,0.384715,180,0,0,799613
0,25,4,0.5,0.38809,180,0,0,799629
0,23,2,0.5,0.391195,180,0,0,799642
0,21,1,0.5,0.39403,180,0,0,799664
0,19,0,0.5,0.396595,180,0,0,799681
0,15,0,0.5,0.39862,180,0,0,799692
0,12,2,0.5,0.40024,180,0,0,799710
0,14,4,0.5,0.40213,180,0,0,799730
0,15,5,0.5,0.404155,180,0,0,799744
0,21,6,0.5,0.40699,180,0,0,799762
0,23,6,0.5,0.410095,180,0,0,799778
0,27,6,0.5,0.41374,180,0,0,799800
0,31,6,0.5,0.417925,180,0,0,799811
0,33,5,0.5,0.42238,180,0,0,799828
0,37,5,0.5,0.427375,180,0,0,799846
0,70,8,0.5,0.436825,180,0,0,799865
0,0,0,0.5,0.436825,180,0,0,799876
0,28,3,0.5,0.440605,180,0,0,799893
0,38,3,0.5,0.445735,180,0,0,799910
0,11,2,0.5,0.44722,180,0,0,799927
0,5,2,0.5,0.447895,180,0,0,799943
0,-1,2,0.5,0.44776,180,0,0,799960
0,-5,2,0.5,0.447085,180,0,0,799982
0,-10,3,0.5,0.445735,180,0,0,799996
0,-13,3,0.5,0.44398,180,0,0,800010
0,-14,3,0.5,0.44209,180,0,0,800028
0,-16,3,0.5,0.43993,180,0,0,800044
0,-18,3,0.5,0.4375,180,0,0,800061
0,-18,2,0.5,0.43507,180,0,0,800079
0,-22,3,0.5,0.4321,180,0,0,800095
0,-21,3,0.5,0.429265,180,0,0,800111
0,-20,3,0.5,0.426565,180,0,0,800129
0,-23,3,0.5,0.42346,180,0,0,800145
0,-21,4,0.5,0.420625,180,0,0,800164
0,-22,4,0.5,0.417655,180,0,0,800178
0,-21,4,0.5,0.41482,180,0,0,800195
0,-20,4,0.5,0.41212,180,0,0,800212
0,-19,3,0.5,0.409555,180,0,0,800231
0,-17,2,0.5,0.40726,180,0,0,800245
0,-15,2,0.5,0.405235,180,0,0,800261
0,-11,2,0.5,0.40375,180,0,0,800281
0,-10,2,0.5,0.4024,180,0,0,800294
0,-1,0,0.5,0.402265,180,0,0,800310
0,2,0,0.5,0.402535,180,0,0,800327
0,3,0,0.5,0.40294,180,0,0,800343
0,1,-1,0.5,0.403075,180,0,0,800362
0,1,-1,0.5,0.40321,180,0,0,800381
0,-1,-2,0.5,0.403075,180,0,0,800395
0,-2,-2,0.5,0.402805,180,0,0,800410
0,0,-1,0.5,0.402805,180,0,0,800431
0,-3,0,0.5,0.4024,180,0,0,800447
0,0,2,0.5,0.4024,180,0,0,800462
0,-2,3,0.5,0.40213,180,0,0,800480
0,-3,3,0.5,0.401725,180,0,0,800499
0,-5,3,0.5,0.40105,180,0,0,800512
0,-7,4,0.5,0.400105,180,0,0,800528
0,-7,3,0.5,0.39916,180,0,0,800546
0,-7,4,0.5,0.398215,180,0,0,800566
0,-13,6,0.5,0.39646,180,0,0,800585
0,0,0,0.5,0.39646,180,0,31,800599
0,-4,2,0.5,0.39592,180,0,31,800611
0,-3,2,0.5,0.395515,180,0,31,800630
0,-2,2,0.5,0.395245,180,0,31,800647
0,0,3,0.5,0.395245,180,0,31,800661
0,2,4,0.5,0.395515,180,0,31,800682
0,2,2,0.5,0.395785,180,0,31,800696
0,1,1,0.5,0.39592,180,0,31,800713
0,1,2,0.5,0.396055,180,0,31,800730
0,1,1,0.5,0.39619,180,0,31,800745
0,1,1,0.5,0.396325,180,0,31,800761
0,1,0,0.5,0.39646,180,0,31,800779
0,0,0,0.5,0.39646,180,0,31,800794
0,0,0,0.5,0.39646,180,0,31,800810
0,0,0,0.5,0.39646,180,0,31,800830
0,-1,0,0.5,0.396325,180,0,31,800846
0,-1,0,0.5,0.39619,180,0,31,800863
0,-1,1,0.5,0.396055,180,0,31,800882
0,-1,1,0.5,0.39592,180,0,0,800894
0,0,2,0.5,0.39592,180,0,0,800911
0,-1,4,0.5,0.395785,180,0,0,800930
0,-1,4,0.5,0.39565,180,0,0,800946
0,-3,5,0.5,0.395245,180,0,0,800963
0,-5,6,0.5,0.39457,180,0,0,800979
0,-15,11,0.5,0.392545,180,0,0,801004
0,0,0,0.5,0.392545,180,0,0,801013
0,-22,10,0.5,0.389575,180,0,0,801036
0,-13,4,0.5,0.38782,180,0,0,801047
0,-14,4,0.5,0.38593,180,0,0,801063
0,-12,4,0.5,0.38431,180,0,0,801081
0,-10,4,0.5,0.38296,180,0,0,801098
0,-8,3,0.5,0.38188,180,0,0,801113
0,-5,3,0.5,0.381205,180,0,0,801130
0,-2,2,0.5,0.380935,180,0,0,801150
0,0,1,0.5,0.380935,180,0,0,801165
0,2,1,0.5,0.381205,180,0,0,801181
0,5,0,0.5,0.38188,180,0,0,801194
0,5,0,0.5,0.382555,180,0,31,801212
0,5,-1,0.5,0.38323,180,0,31,801229
0,2,-1,0.5,0.3835,180,0,31,801245
0,2,-1,0.5,0.38377,180,0,31,801265
0,0,0,0.5,0.38377,180,0,31,801280
0,0,0,0.5,0.38377,180,0,31,801297
0,-1,1,0.5,0.383635,180,0,31,801313
0,-2,1,0.5,0.383365,180,0,31,801328
0,3,1,0.5,0.38377,180,0,31,801345
0,0,2,0.5,0.38377,180,0,0,801362
0,1,3,0.5,0.383905,180,0,0,801382
0,2,3,0.5,0.384175,180,0,0,801397
0,2,3,0.5,0.384445,180,0,0,801413
0,8,3,0.5,0.385525,180,0,0,801433
0,3,6,0.5,0.38593,180,0,0,801447
0,3,6,0.5,0.386335,180,0,0,801470
0,1,5,0.5,0.38647,180,0,0,801483
0,0,5,0.5,0.38647,180,0,0,801497
0,-1,5,0.5,0.386335,180,0,0,801514
0,-6,5,0.5,0.385525,180,0,0,801534
0,-7,5,0.5,0.38458,180,0,0,801547
0,-8,5,0.5,0.3835,180,0,0,801566
0,-8,5,0.5,0.38242,180,0,0,801584
0,-7,6,0.5,0.381475,180,0,0,801600
0,-9,7,0.5,0.38026,180,0,0,801620
0,-8,8,0.5,0.37918,180,0,0,801636
0,-8,8,0.5,0.3781,180,0,0,801650
0,-10,8,0.5,0.37675,180,0,0,801664
0,-11,8,0.5,0.375265,180,0,0,801681
0,-11,8,0.5,0.37378,180,0,0,801700
0,-8,6,0.5,0.3727,180,0,0,801714
0,-9,5,0.5,0.371485,180,0,0,801734
0,-6,3,0.5,0.370675,180,0,0,801750
0,-7,1,0.5,0.36973,180,0,0,801764
0,-5,1,0.5,0.369055,180,0,0,801779
0,-4,0,0.5,0.368515,180,0,0,801799
0,-2,0,0.5,0.368245,180,0,0,801813
0,-3,-3,0.5,0.36784,180,0,0,801833
0,-1,-1,0.5,0.367705,180,0,0,801848
0,-2,0,0.5,0.367435,180,0,0,801863
0,-4,0,0.5,0.366895,180,0,0,801881
0,-4,0,0.5,0.366355,180,0,31,801896
0,-3,1,0.5,0.36595,180,0,31,801914
0,-3,1,0.5,0.365545,180,0,31,801933
0,-1,2,0.5,0.36541,180,0,31,801947
0,0,2,0.5,0.36541,180,0,31,801963
0,2,3,0.5,0.36568,180,0,31,801980
0,2,2,0.5,0.36595,180,0,31,802001
0,4,3,0.5,0.36649,180,0,31,802016
0,4,3,0.5,0.36703,180,0,31,802031
0,5,4,0.5,0.367705,180,0,31,802049
0,5,4,0.5,0.36838,180,0,31,802065
0,6,6,0.5,0.36919,180,0,31,802082
0,6,7,0.5,0.37,180,0,31,802099
0,4,6,0.5,0.37054,180,0,31,802116
0,4,9,0.5,0.37108,180,0,31,802137
0,0,5,0.5,0.37108,180,0,31,802152
0,-1,7,0.5,0.370945,180,0,31,802168
0,-5,12,0.5,0.37027,180,0,31,802189
0,0,0,0.5,0.37027,180,0,31,802198
0,-6,11,0.5,0.36946,180,0,31,802218
0,-2,5,0.5,0.36919,180,0,31,802243
0,-4,5,0.5,0.36865,180,0,31,802253
0,-4,4,0.5,0.36811,180,0,31,802266
0,-5,4,0.5,0.367435,180,0,0,802285
0,-6,4,0.5,0.366625,180,0,0,802298
0,-4,2,0.5,0.366085,180,0,0,802314
0,-3,3,0.5,0.36568,180,0,0,802334
0,-1,3,0.5,0.365545,180,0,0,802350
0,0,3,0.5,0.365545,180,0,0,802365
0,5,3,0.5,0.36622,180,0,0,802381
0,5,4,0.5,0.366895,180,0,0,802401
0,7,4,0.5,0.36784,180,0,0,802420
0,7,4,0.5,0.368785,180,0,0,802435
0,6,4,0.5,0.369595,180,0,0,802449
0,6,4,0.5,0.370405,180,0,0,802465
0,3,4,0.5,0.37081,180,0,0,802484
0,4,5,0.5,0.37135,180,0,0,802501
0,4,6,0.5,0.37189,180,0,0,802518
0,4,7,0.5,0.37243,180,0,0,802532
0,4,7,0.5,0.37297,180,0,0,802551
0,7,18,0.5,0.373915,180,0,0,802574
0,5,10,0.5,0.37459,180,0,0,802585
0,6,10,0.5,0.3754,180,0,0,802603
0,7,10,0.5,0.376345,180,0,0,802626
0,6,9,0.5,0.377155,180,0,0,802637
0,6,10,0.5,0.377965,180,0,0,802651
0,6,9,0.5,0.378775,180,0,0,802667
0,5,8,0.5,0.37945,180,0,0,802684
0,6,9,0.5,0.38026,180,0,0,802702
0,7,8,0.5,0.381205,180,0,0,802718
0,8,8,0.5,0.382285,180,0,0,802733
0,10,8,0.5,0.383635,180,0,0,802755
0,11,7,0.5,0.38512,180,0,0,802769
0,14,7,0.5,0.38701,180,0,0,802786
0,14,6,0.5,0.3889,180,0,0,802803
0,12,5,0.5,0.39052,180,0,0,802820
0,13,4,0.5,0.392275,180,0,0,802836
0,15,4,0.5,0.3943,180,0,0,802849
0,13,4,0.5,0.396055,180,0,0,802866
0,14,4,0.5,0.397945,180,0,0,802883
0,18,7,0.5,0.400375,180,0,0,802904
0,6,4,0.5,0.401185,180,0,0,802920
0,0,0,0.5,0.401185,180,0,31,802934
0,11,9,0.5,0.40267,180,0,31,802953
0,4,5,0.5,0.40321,180,0,31,802968
0,4,6,0.5,0.40375,180,0,0,802984
0,6,6,0.5,0.40456,180,0,0,803000
0,8,7,0.5,0.40564,180,0,0,803022
0,10,7,0.5,0.40699,180,0,0,803040
0,13,8,0.5,0.408745,180,0,0,803053
0,16,8,0.5,0.410905,180,0,0,803070
0,19,8,0.5,0.41347,180,0,0,803085
0,19,10,0.5,0.416035,180,0,0,803103
0,19,10,0.5,0.4186,180,0,0,803123
0,20,11,0.5,0.4213,180,0,0,803141
0,22,11,0.5,0.42427,180,0,0,803158
0,25,11,0.5,0.427645,180,0,0,803171
0,26,10,0.5,0.431155,180,0,0,803189
0,30,10,0.5,0.435205,180,0,0,803205
0,63,15,0.5,0.44371,180,0,0,803230
0,26,5,0.5,0.44722,180,0,0,803241
0,0,0,0.5,0.44722,180,0,0,803249
0,24,4,0.5,0.45046,180,0,0,803267
0,22,4,0.5,0.45343,180,0,0,803284
0,40,10,0.5,0.45883,180,0,0,803307
0,0,0,0.5,0.45883,180,0,0,803318
0,20,6,0.5,0.46153,180,0,0,803333
0,41,8,0.5,0.467065,180,0,0,803351
0,19,6,0.5,0.46963,180,0,0,803370
0,18,3,0.5,0.47206,180,0,0,803388
0,15,2,0.5,0.474085,180,0,0,803403
0,15,2,0.5,0.47611,180,0,0,803417
0,15,1,0.5,0.478135,180,0,31,803432
0,17,1,0.5,0.48043,180,0,31,803449
0,20,1,0.5,0.48313,180,0,31,803467
0,20,2,0.5,0.48583,180,0,0,803485
0,19,2,0.5,0.488395,180,0,0,803501
0,14,2,0.5,0.490285,180,0,0,803516
0,11,3,0.5,0.49177,180,0,0,803535
0,5,4,0.5,0.492445,180,0,0,803552
0,1,4,0.5,0.49258,180,0,0,803571
0,0,5,0.5,0.49258,180,0,0,803585
0,-2,6,0.5,0.49231,180,0,0,803605
0,-1,7,0.5,0.492175,180,0,0,803620
0,0,8,0.5,0.492175,180,0,0,803634
0,4,9,0.5,0.492715,180,0,0,803656
0,6,10,0.5,0.493525,180,0,0,803675
0,15,23,0.5,0.49555,180,0,0,803696
0,7,12,0.5,0.496495,180,0,0,803706
0,7,9,0.5,0.49744,180,0,0,803722
0,0,3,0.5,0.49744,180,0,0,803734
0,21,12,0.5,0.500275,180,0,0,803753
0,11,26,0.5,0.50176,180,0,0,803775
0,11,13,0.5,0.503245,180,0,0,803790
0,12,13,0.5,0.504865,180,0,0,803805
0,12,13,0.5,0.506485,180,0,0,803820
0,14,14,0.5,0.508375,180,0,0,803841
0,17,14,0.5,0.51067,180,0,0,803854
0,21,13,0.5,0.513505,180,0,0,803873
0,23,12,0.5,0.51661,180,0,0,803890
0,23,10,0.5,0.519715,180,0,0,803905
0,23,9,0.5,0.52282,180,0,0,803922
0,22,7,0.5,0.52579,180,0,0,803939
0,20,6,0.5,0.52849,180,0,0,803955
0,19,5,0.5,0.531055,180,0,0,803968
0,20,5,0.5,0.533755,180,0,0,803984
0,20,4,0.5,0.536455,180,0,0,804003
0,17,4,0.5,0.53875,180,0,0,804020
0,16,4,0.5,0.54091,180,0,0,804039
0,13,3,0.5,0.542665,180,0,0,804051
0,11,3,0.5,0.54415,180,0,0,804073
0,13,2,0.5,0.545905,180,0,0,804084
0,14,2,0.5,0.547795,180,0,0,804101
0,35,7,0.5,0.55252,180,0,0,804125
0,24,3,0.5,0.55576,180,0,0,804137
0,27,3,0.5,0.559405,180,0,0,804157
0,30,3,0.5,0.563455,180,0,0,804170
0,30,3,0.5,0.567505,180,0,0,804184
0,28,3,0.5,0.571285,180,0,0,804206
0,25,2,0.5,0.57466,180,0,0,804221
0,23,2,0.5,0.577765,180,0,0,804237
0,22,2,0.5,0.580735,180,0,0,804251
0,20,1,0.5,0.583435,180,0,0,804268
0,20,2,0.5,0.586135,180,0,0,804285
0,19,4,0.5,0.5887,180,0,0,804303
0,18,6,0.5,0.59113,180,0,0,804325
0,18,7,0.5,0.59356,180,0,0,804341
0,16,7,0.5,0.59572,180,0,0,804354
0,14,7,0.5,0.59761,180,0,0,804370
0,12,7,0.5,0.59923,180,0,0,804396
0,24,10,0.5,0.60247,180,0,0,804419
0,13,5,0.5,0.604225,180,0,0,804425
0,0,0,0.5,0.604225,180,0,0,804435
0,15,4,0.5,0.60625,180,0,0,804453
0,16,5,0.5,0.60841,180,0,0,804471
0,16,4,0.5,0.61057,180,0,0,804487
0,31,7,0.5,0.614755,180,0,0,804504
0,17,2,0.5,0.61705,180,0,0,804521
0,16,1,0.5,0.61921,180,0,0,804538
0,16,0,0.5,0.62137,180,0,0,804553
0,17,0,0.5,0.623665,180,0,0,804568
0,17,0,0.5,0.62596,180,0,0,804588
0,20,1,0.5,0.62866,180,0,0,804604
0,22,2,0.5,0.63163,180,0,0,804621
0,23,3,0.5,0.634735,180,0,0,804637
0,23,5,0.5,0.63784,180,0,0,804654
0,22,5,0.5,0.64081,180,0,0,804674
0,22,6,0.5,0.64378,180,0,0,804690
0,22,7,0.5,0.64675,180,0,0,804707
0,23,7,0.5,0.649855,180,0,0,804723
0,28,7,0.5,0.653635,180,0,0,804737
0,28,7,0.5,0.657415,180,0,0,804761
0,29,6,0.5,0.66133,180,0,0,804774
0,26,4,0.5,0.66484,180,0,0,804787
0,23,2,0.5,0.667945,180,0,0,804804
0,19,1,0.5,0.67051,180,0,0,804819
0,38,2,0.5,0.67564,180,0,0,804841
0,0,0,0.5,0.67564,180,0,0,804854
0,19,3,0.5,0.678205,180,0,0,804870
0,35,8,0.5,0.68293,180,0,0,804889
0,16,4,0.5,0.68509,180,0,0,804908
0,16,4,0.5,0.68725,180,0,0,804922
0,16,3,0.5,0.68941,180,0,0,804939
0,19,2,0.5,0.691975,180,0,0,804953
0,20,2,0.5,0.694675,180,0,0,804972
0,22,2,0.5,0.697645,180,0,0,804986
0,22,3,0.5,0.700615,180,0,0,805006
0,24,3,0.5,0.703855,180,0,0,805020
0,24,3,0.5,0.707095,180,0,0,805041
0,23,2,0.5,0.71,180,0,0,805052
