0,93,0,0.5,-0.697445,180,0,0,618138
0,0,0,0.5,-0.697445,180,0,0,618144
0,28,-1,0.5,-0.693665,180,0,0,618155
0,24,-2,0.5,-0.690425,180,0,0,618172
0,21,-1,0.5,-0.68759,180,0,0,618189
0,18,0,0.5,-0.68516,180,0,0,618205
0,16,0,0.5,-0.683,180,0,0,618222
0,16,1,0.5,-0.68084,180,0,0,618239
0,13,1,0.5,-0.679085,180,0,0,618255
0,15,1,0.5,-0.67706,180,0,0,618274
0,16,0,0.5,-0.6749,180,0,0,618289
0,17,0,0.5,-0.672605,180,0,0,618306
0,19,0,0.5,-0.67004,180,0,0,618322
0,42,3,0.5,-0.66437,180,0,0,618341
0,24,1,0.5,-0.66113,180,0,0,618358
0,26,1,0.5,-0.65762,180,0,0,618372
0,29,0,0.5,-0.653705,180,0,0,618389
0,28,0,0.5,-0.649925,180,0,0,618405
0,26,0,0.5,-0.646415,180,0,0,618422
0,25,0,0.5,-0.64304,180,0,0,618439
0,24,-1,0.5,-0.6398,180,0,0,618456
0,26,-1,0.5,-0.63629,180,0,0,618475
0,24,-2,0.5,-0.63305,180,0,0,618491
0,23,-2,0.5,-0.629945,180,0,0,618507
0,22,-2,0.5,-0.626975,180,0,0,618522
0,19,-1,0.5,-0.62441,180,0,0,618540
0,19,0,0.5,-0.621845,180,0,0,618557
0,16,1,0.5,-0.619685,180,0,0,618579
0,14,2,0.5,-0.617795,180,0,0,618591
0,10,3,0.5,-0.616445,180,0,0,618606
0,8,3,0.5,-0.615365,180,0,0,618623
0,9,4,0.5,-0.61415,180,0,0,618643
0,8,4,0.5,-0.61307,180,0,0,618662
0,10,3,0.5,-0.61172,180,0,0,618673
0,13,3,0.5,-0.609965,180,0,0,618690
0,40,5,0.5,-0.604565,180,0,0,618708
0,0,0,0.5,-0.604565,180,0,0,618723
0,27,0,0.5,-0.60092,180,0,0,618739
0,59,0,0.5,-0.592955,180,0,0,618755
0,29,0,0.5,-0.58904,180,0,0,618772
0,28,0,0.5,-0.58526,180,0,0,618788
0,24,0,0.5,-0.58202,180,0,0,618806
0,21,0,0.5,-0.579185,180,0,0,618822
0,21,0,0.5,-0.57635,180,0,0,618839
0,21,-1,0.5,-0.573515,180,0,0,618856
0,19,-1,0.5,-0.57095,180,0,0,618873
0,17,-2,0.5,-0.568655,180,0,0,618889
0,16,-3,0.5,-0.566495,180,0,0,618906
0,15,-2,0.5,-0.56447,180,0,0,618922
0,15,-2,0.5,-0.562445,180,0,0,618938
0,16,0,0.5,-0.560285,180,0,0,618956
0,15,0,0.5,-0.55826,180,0,0,618974
0,16,1,0.5,-0.5561,180,0,0,618990
0,15,2,0.5,-0.554075,180,0,0,619006
0,14,1,0.5,-0.552185,180,0,0,619023
0,30,4,0.5,-0.548135,180,0,0,619046
0,0,0,0.5,-0.548135,180,0,0,619057
0,18,2,0.5,-0.545705,180,0,0,619073
0,19,1,0.5,-0.54314,180,0,0,619090
0,23,0,0.5,-0.540035,180,0,0,619106
0,23,0,0.5,-0.53693,180,0,0,619122
0,43,0,0.5,-0.531125,180,0,0,619139
0,19,-1,0.5,-0.52856,180,0,0,619155
0,19,-2,0.5,-0.525995,180,0,0,619175
0,19,-3,0.5,-0.52343,180,0,0,619191
0,22,-3,0.5,-0.52046,180,0,0,619209
0,23,-3,0.5,-0.517355,180,0,0,619224
0,26,-3,0.5,-0.513845,180,0,0,619239
0,23,-3,0.5,-0.51074,180,0,0,619257
0,20,-3,0.5,-0.50804,180,0,0,619274
0,14,-4,0.5,-0.50615,180,0,0,619295
0,8,-3,0.5,-0.50507,180,0,0,619307
0,2,0,0.5,-0.5048,180,0,0,619324
0,-1,-1,0.5,-0.504935,180,0,0,619338
0,-8,1,0.5,-0.506015,180,0,0,619355
0,-8,2,0.5,-0.507095,180,0,0,619373
0,-7,2,0.5,-0.50804,180,0,0,619389
0,-8,2,0.5,-0.50912,180,0,0,619405
0,-12,1,0.5,-0.51074,180,0,0,619425
0,-17,1,0.5,-0.513035,180,0,0,619440
0,-19,1,0.5,-0.5156,180,0,0,619456
0,-21,2,0.5,-0.518435,180,0,0,619472
0,-25,3,0.5,-0.52181,180,0,0,619490
0,-25,3,0.5,-0.525185,180,0,0,619505
0,-22,3,0.5,-0.528155,180,0,0,619528
0,-37,8,0.5,-0.53315,180,0,0,619544
0,-10,3,0.5,-0.5345,180,0,0,619556
0,-5,4,0.5,-0.535175,180,0,0,619575
0,-1,3,0.5,-0.53531,180,0,0,619589
0,2,3,0.5,-0.53504,180,0,0,619610
0,5,3,0.5,-0.534365,180,0,0,619629
0,4,2,0.5,-0.533825,180,0,0,619642
0,8,1,0.5,-0.532745,180,0,0,619655
0,6,0,0.5,-0.531935,180,0,0,619671
0,7,0,0.5,-0.53099,180,0,0,619691
0,8,-1,0.5,-0.52991,180,0,0,619706
0,8,-2,0.5,-0.52883,180,0,0,619722
0,5,-1,0.5,-0.528155,180,0,0,619742
0,4,-2,0.5,-0.527615,180,0,0,619758
0,3,-1,0.5,-0.52721,180,0,0,619772
0,3,-1,0.5,-0.526805,180,0,0,619789
0,3,-1,0.5,-0.5264,180,0,0,619805
0,1,-2,0.5,-0.526265,180,0,0,619822
0,-2,-1,0.5,-0.526535,180,0,0,619838
0,-7,-1,0.5,-0.52748,180,0,0,619855
0,-8,0,0.5,-0.52856,180,0,0,619871
0,-6,0,0.5,-0.52937,180,0,0,619894
0,-6,0,0.5,-0.53018,180,0,0,619906
0,-3,-1,0.5,-0.530585,180,0,0,619924
0,-2,-2,0.5,-0.530855,180,0,0,619941
0,3,-2,0.5,-0.53045,180,0,0,619962
0,2,-2,0.5,-0.53018,180,0,0,619977
0,2,-2,0.5,-0.52991,180,0,0,619999
0,2,-3,0.5,-0.52964,180,0,0,620007
0,4,-3,0.5,-0.5291,180,0,0,620023
0,3,-1,0.5,-0.528695,180,0,0,620039
0,6,0,0.5,-0.527885,180,0,0,620055
0,6,1,0.5,-0.527075,180,0,0,620072
0,6,3,0.5,-0.526265,180,0,0,620092
0,7,4,0.5,-0.52532,180,0,0,620109
0,6,6,0.5,-0.52451,180,0,0,620125
0,7,6,0.5,-0.523565,180,0,0,620141
0,5,7,0.5,-0.52289,180,0,0,620160
0,4,6,0.5,-0.52235,180,0,0,620174
0,6,5,0.5,-0.52154,180,0,0,620189
0,7,5,0.5,-0.520595,180,0,0,620207
0,10,6,0.5,-0.519245,180,0,0,620222
0,10,5,0.5,-0.517895,180,0,0,620242
0,8,5,0.5,-0.516815,180,0,0,620258
0,12,5,0.5,-0.515195,180,0,0,620273
0,14,5,0.5,-0.513305,180,0,0,620290
0,17,6,0.5,-0.51101,180,0,0,620307
0,20,6,0.5,-0.50831,180,0,0,620325
0,45,12,0.5,-0.502235,180,0,0,620343
0,22,6,0.5,-0.499265,180,0,0,620356
0,19,5,0.5,-0.4967,180,0,0,620378
0,16,3,0.5,-0.49454,180,0,0,620391
0,14,2,0.5,-0.49265,180,0,0,620405
0,12,1,0.5,-0.49103,180,0,0,620425
0,12,1,0.5,-0.48941,180,0,0,620439
0,15,2,0.5,-0.487385,180,0,0,620455
0,17,2,0.5,-0.48509,180,0,0,620472
0,15,3,0.5,-0.483065,180,0,0,620489
0,14,3,0.5,-0.481175,180,0,0,620507
0,11,3,0.5,-0.47969,180,0,0,620522
0,10,3,0.5,-0.47834,180,0,0,620539
0,8,4,0.5,-0.47726,180,0,0,620557
0,8,4,0.5,-0.47618,180,0,0,620574
0,7,5,0.5,-0.475235,180,0,0,620593
0,8,5,0.5,-0.474155,180,0,0,620606
0,11,5,0.5,-0.47267,180,0,0,620622
0,15,5,0.5,-0.470645,180,0,0,620640
0,18,4,0.5,-0.468215,180,0,0,620656
0,21,4,0.5,-0.46538,180,0,0,620672
0,23,4,0.5,-0.462275,180,0,0,620689
0,25,4,0.5,-0.4589,180,0,0,620710
0,23,3,0.5,-0.455795,180,0,0,620723
0,44,6,0.5,-0.449855,180,0,0,620743
0,17,3,0.5,-0.44756,180,0,0,620758
0,7,2,0.5,-0.446615,180,0,0,620772
0,1,1,0.5,-0.44648,180,0,0,620788
0,-4,0,0.5,-0.44702,180,0,0,620805
0,-6,0,0.5,-0.44783,180,0,0,620822
0,-6,0,0.5,-0.44864,180,0,0,620839
0,-6,0,0.5,-0.44945,180,0,0,620854
0,-6,0,0.5,-0.45026,180,0,0,620871
0,-8,0,0.5,-0.45134,180,0,0,620889
0,-7,0,0.5,-0.452285,180,0,0,620905
0,-6,0,0.5,-0.453095,180,0,0,620921
0,-7,0,0.5,-0.45404,180,0,0,620938
0,-7,0,0.5,-0.454985,180,0,0,620956
0,-6,2,0.5,-0.455795,180,0,0,620972
0,-6,3,0.5,-0.456605,180,0,0,620989
0,-8,4,0.5,-0.457685,180,0,0,621006
0,-9,5,0.5,-0.4589,180,0,0,621024
0,-9,4,0.5,-0.460115,180,0,0,621042
0,-6,3,0.5,-0.460925,180,0,0,621056
0,-2,3,0.5,-0.461195,180,0,0,621074
0,1,2,0.5,-0.46106,180,0,0,621088
0,6,1,0.5,-0.46025,180,0,0,621110
0,9,0,0.5,-0.459035,180,0,0,621122
0,20,-1,0.5,-0.456335,180,0,31,621141
0,12,-1,0.5,-0.454715,180,0,31,621158
0,15,-2,0.5,-0.45269,180,0,31,621173
0,17,-2,0.5,-0.450395,180,0,0,621191
0,22,-2,0.5,-0.447425,180,0,0,621211
0,22,-2,0.5,-0.444455,180,0,0,621231
0,23,0,0.5,-0.44135,180,0,0,621240
0,24,0,0.5,-0.43811,180,0,0,621255
0,24,0,0.5,-0.43487,180,0,0,621271
0,25,0,0.5,-0.431495,180,0,0,621288
0,22,2,0.5,-0.428525,180,0,0,621305
0,21,4,0.5,-0.42569,180,0,0,621323
0,22,5,0.5,-0.42272,180,0,0,621339
0,23,4,0.5,-0.419615,180,0,0,621357
0,23,4,0.5,-0.41651,180,0,0,621374
0,24,2,0.5,-0.41327,180,0,0,621389
0,22,1,0.5,-0.4103,180,0,0,621405
0,22,0,0.5,-0.40733,180,0,0,621421
0,22,0,0.5,-0.40436,180,0,0,621439
0,21,0,0.5,-0.401525,180,0,0,621454
0,21,0,0.5,-0.39869,180,0,0,621472
0,23,0,0.5,-0.395585,180,0,0,621488
0,23,0,0.5,-0.39248,180,0,0,621507
0,23,0,0.5,-0.389375,180,0,0,621521
0,22,0,0.5,-0.386405,180,0,0,621538
0,18,0,0.5,-0.383975,180,0,0,621555
0,29,5,0.5,-0.38006,180,0,0,621573
0,10,4,0.5,-0.37871,180,0,0,621589
0,9,4,0.5,-0.377495,180,0,0,621607
0,9,5,0.5,-0.37628,180,0,0,621623
0,10,5,0.5,-0.37493,180,0,0,621640
0,12,5,0.5,-0.37331,180,0,0,621657
0,15,4,0.5,-0.371285,180,0,0,621673
0,20,3,0.5,-0.368585,180,0,0,621690
0,22,2,0.5,-0.365615,180,0,0,621707
0,21,1,0.5,-0.36278,180,0,0,621723
0,21,0,0.5,-0.359945,180,0,0,621738
0,19,0,0.5,-0.35738,180,0,0,621755
0,19,0,0.5,-0.354815,180,0,0,621772
0,19,0,0.5,-0.35225,180,0,0,621790
0,20,0,0.5,-0.34955,180,0,0,621805
0,20,0,0.5,-0.34685,180,0,0,621822
0,21,0,0.5,-0.344015,180,0,0,621838
0,21,0,0.5,-0.34118,180,0,0,621854
0,20,-1,0.5,-0.33848,180,0,0,621874
0,18,-2,0.5,-0.33605,180,0,0,621888
0,17,-2,0.5,-0.333755,180,0,0,621905
0,34,-2,0.5,-0.329165,180,0,0,621923
0,0,0,0.5,-0.329165,180,0,0,621938
0,31,0,0.5,-0.32498,180,0,0,621955
0,15,0,0.5,-0.322955,180,0,0,621976
0,16,1,0.5,-0.320795,180,0,0,621989
0,17,1,0.5,-0.3185,180,0,0,622005
0,16,1,0.5,-0.31634,180,0,0,622021
0,16,2,0.5,-0.31418,180,0,0,622040
0,18,2,0.5,-0.31175,180,0,0,622056
0,21,2,0.5,-0.308915,180,0,0,622073
0,24,2,0.5,-0.305675,180,0,0,622091
0,26,2,0.5,-0.302165,180,0,0,622106
0,29,1,0.5,-0.29825,180,0,0,622122
0,29,0,0.5,-0.294335,180,0,0,622139
0,28,0,0.5,-0.290555,180,0,0,622156
0,30,0,0.5,-0.286505,180,0,0,622173
0,29,0,0.5,-0.28259,180,0,0,622189
0,30,0,0.5,-0.27854,180,0,0,622204
0,27,0,0.5,-0.274895,180,0,0,622222
0,24,0,0.5,-0.271655,180,0,0,622238
0,23,0,0.5,-0.26855,180,0,0,622255
0,23,0,0.5,-0.265445,180,0,0,622272
0,21,2,0.5,-0.26261,180,0,0,622289
0,22,3,0.5,-0.25964,180,0,0,622305
0,21,4,0.5,-0.256805,180,0,0,622322
0,20,5,0.5,-0.254105,180,0,0,622340
0,38,10,0.5,-0.248975,180,0,0,622361
0,19,6,0.5,-0.24641,180,0,0,622377
0,19,5,0.5,-0.243845,180,0,0,622391
0,23,4,0.5,-0.24074,180,0,0,622406
0,23,2,0.5,-0.237635,180,0,0,622422
0,23,0,0.5,-0.23453,180,0,0,622438
0,21,0,0.5,-0.231695,180,0,0,622459
0,21,0,0.5,-0.22886,180,0,0,622473
0,20,-1,0.5,-0.22616,180,0,0,622488
0,21,-2,0.5,-0.223325,180,0,0,622505
0,21,-2,0.5,-0.22049,180,0,0,622525
0,18,-2,0.5,-0.21806,180,0,0,622541
0,18,-3,0.5,-0.21563,180,0,0,622559
0,17,-3,0.5,-0.213335,180,0,0,622572
0,15,-3,0.5,-0.21131,180,0,0,622590
0,11,-2,0.5,-0.209825,180,0,0,622609
0,8,-2,0.5,-0.208745,180,0,0,622625
0,2,-1,0.5,-0.208475,180,0,0,622639
0,0,0,0.5,-0.208475,180,0,0,622655
0,-8,0,0.5,-0.209555,180,0,0,622671
0,-11,2,0.5,-0.21104,180,0,0,622690
0,-13,3,0.5,-0.212795,180,0,0,622706
0,-15,3,0.5,-0.21482,180,0,0,622722
0,-16,3,0.5,-0.21698,180,0,0,622739
0,-38,7,0.5,-0.22211,180,0,0,622759
0,-19,3,0.5,-0.224675,180,0,0,622772
0,-21,4,0.5,-0.22751,180,0,0,622790
0,-19,4,0.5,-0.230075,180,0,0,622806
0,-16,3,0.5,-0.232235,180,0,0,622823
0,-12,4,0.5,-0.233855,180,0,0,622840
0,-10,3,0.5,-0.235205,180,0,0,622859
0,-4,2,0.5,-0.235745,180,0,0,622872
0,0,2,0.5,-0.235745,180,0,0,622892
0,5,1,0.5,-0.23507,180,0,0,622906
0,9,0,0.5,-0.233855,180,0,0,622925
0,13,0,0.5,-0.2321,180,0,0,622940
0,14,-1,0.5,-0.23021,180,0,0,622956
0,15,-3,0.5,-0.228185,180,0,31,622972
0,16,-4,0.5,-0.226025,180,0,31,622989
0,15,-5,0.5,-0.224,180,0,31,623006
0,14,-4,0.5,-0.22211,180,0,0,623024
0,18,-5,0.5,-0.21968,180,0,0,623041
0,19,-5,0.5,-0.217115,180,0,0,623057
0,23,-5,0.5,-0.21401,180,0,0,623073
0,26,-4,0.5,-0.2105,180,0,0,623090
0,29,-4,0.5,-0.206585,180,0,0,623106
0,29,-3,0.5,-0.20267,180,0,0,623122
0,33,-3,0.5,-0.198215,180,0,0,623139
0,66,-2,0.5,-0.189305,180,0,0,623159
0,32,-2,0.5,-0.184985,180,0,0,623175
0,27,0,0.5,-0.18134,180,0,0,623192
0,21,0,0.5,-0.178505,180,0,0,623205
0,17,0,0.5,-0.17621,180,0,0,623221
0,15,1,0.5,-0.174185,180,0,0,623239
0,13,2,0.5,-0.17243,180,0,0,623256
0,12,3,0.5,-0.17081,180,0,0,623273
0,12,3,0.5,-0.16919,180,0,0,623289
0,13,2,0.5,-0.167435,180,0,0,623306
0,13,0,0.5,-0.16568,180,0,0,623321
0,15,-1,0.5,-0.163655,180,0,0,623339
0,16,-1,0.5,-0.161495,180,0,0,623355
0,15,-2,0.5,-0.15947,180,0,0,623372
0,17,-2,0.5,-0.157175,180,0,0,623390
0,18,-2,0.5,-0.154745,180,0,0,623407
0,20,-2,0.5,-0.152045,180,0,0,623422
0,23,-3,0.5,-0.14894,180,0,0,623439
0,24,-2,0.5,-0.1457,180,0,0,623456
0,22,-3,0.5,-0.14273,180,0,0,623472
0,14,-1,0.5,-0.14084,180,0,0,623492
0,7,0,0.5,-0.139895,180,0,0,623505
0,3,0,0.5,-0.13949,180,0,0,623521
0,0,0,0.5,-0.13949,180,0,0,623538
0,-11,0,0.5,-0.140975,180,0,0,623555
0,0,0,0.5,-0.140975,180,0,0,623571
0,-5,-1,0.5,-0.14165,180,0,0,623590
0,-13,-3,0.5,-0.143405,180,0,31,623608
0,-6,-2,0.5,-0.144215,180,0,31,623622
0,-4,-1,0.5,-0.144755,180,0,31,623638
0,-4,-1,0.5,-0.145295,180,0,31,623656
0,-4,0,0.5,-0.145835,180,0,0,623672
0,-5,0,0.5,-0.14651,180,0,0,623690
0,-6,1,0.5,-0.14732,180,0,0,623706
0,-7,1,0.5,-0.148265,180,0,0,623722
0,-5,2,0.5,-0.14894,180,0,0,623740
0,-1,2,0.5,-0.149075,180,0,0,623755
0,3,2,0.5,-0.14867,180,0,0,623774
0,8,2,0.5,-0.14759,180,0,0,623789
0,9,1,0.5,-0.146375,180,0,0,623805
0,13,1,0.5,-0.14462,180,0,0,623821
0,16,0,0.5,-0.14246,180,0,0,623838
0,22,0,0.5,-0.13949,180,0,0,623854
0,50,0,0.5,-0.13274,180,0,0,623879
0,28,-1,0.5,-0.12896,180,0,0,623893
0,0,0,0.5,-0.12896,180,0,0,623904
0,27,-2,0.5,-0.125315,180,0,0,623922
0,46,0,0.5,-0.119105,180,0,0,623939
0,18,0,0.5,-0.116675,180,0,0,623955
0,19,2,0.5,-0.11411,180,0,0,623973
0,19,2,0.5,-0.111545,180,0,0,623989
0,21,2,0.5,-0.10871,180,0,0,624005
0,24,0,0.5,-0.10547,180,0,0,624022
0,23,0,0.5,-0.102365,180,0,0,624039
0,25,0,0.5,-0.09899,180,0,0,624057
0,23,-2,0.5,-0.095885,180,0,0,624075
0,21,-2,0.5,-0.09305,180,0,0,624090
0,18,-2,0.5,-0.09062,180,0,0,624105
0,18,-3,0.5,-0.08819,180,0,0,624122
0,19,-2,0.5,-0.085625,180,0,0,624139
0,20,-2,0.5,-0.082925,180,0,0,624155
0,22,-2,0.5,-0.079955,180,0,0,624175
0,19,-1,0.5,-0.07739,180,0,0,624189
0,13,0,0.5,-0.075635,180,0,0,624205
0,11,1,0.5,-0.07415,180,0,0,624222
0,10,2,0.5,-0.0728,180,0,0,624238
0,8,2,0.5,-0.07172,180,0,0,624255
0,8,2,0.5,-0.07064,180,0,0,624273
0,23,3,0.5,-0.067535,180,0,0,624292
0,17,0,0.5,-0.06524,180,0,0,624304
0,0,0,0.5,-0.06524,180,0,0,624321
0,46,0,0.5,-0.05903,180,0,0,624340
0,0,0,0.5,-0.05903,180,0,0,624354
0,53,-3,0.5,-0.051875,180,0,0,624372
0,26,-2,0.5,-0.048365,180,0,0,624388
0,24,-2,0.5,-0.045125,180,0,0,624406
0,25,-3,0.5,-0.04175,180,0,0,624422
0,24,-2,0.5,-0.03851,180,0,0,624439
0,25,-3,0.5,-0.035135,180,0,0,624457
0,25,-3,0.5,-0.03176,180,0,0,624472
0,24,-3,0.5,-0.02852,180,0,0,624489
0,23,-3,0.5,-0.025415,180,0,0,624505
0,20,-1,0.5,-0.022715,180,0,0,624522
0,20,-1,0.5,-0.020015,180,0,0,624539
0,17,0,0.5,-0.01772,180,0,0,624555
0,16,0,0.5,-0.01556,180,0,0,624571
0,15,0,0.5,-0.013535,180,0,0,624589
0,15,0,0.5,-0.01151,180,0,0,624605
0,15,0,0.5,-0.009485,180,0,0,624622
0,15,1,0.5,-0.00746,180,0,0,624639
0,18,2,0.5,-0.00503,180,0,0,624655
0,21,1,0.5,-0.002195,180,0,0,624672
0,25,1,0.5,0.00118,180,0,0,624688
0,59,0,0.5,0.009145,180,0,0,624705
0,31,-4,0.5,0.01333,180,0,0,624724
0,32,-2,0.5,0.01765,180,0,0,624740
0,33,-2,0.5,0.022105,180,0,0,624755
0,36,0,0.5,0.026965,180,0,0,624771
0,37,0,0.5,0.03196,180,0,0,624788
0,37,-1,0.5,0.036955,180,0,0,624805
0,32,-2,0.5,0.041275,180,0,0,624822
0,28,-1,0.5,0.045055,180,0,0,624841
0,23,0,0.5,0.04816,180,0,0,624855
0,18,0,0.5,0.05059,180,0,0,624871
0,16,0,0.5,0.05275,180,0,0,624888
0,14,0,0.5,0.05464,180,0,0,624906
0,11,0,0.5,0.056125,180,0,0,624922
0,10,0,0.5,0.057475,180,0,0,624941
0,11,0,0.5,0.05896,180,0,0,624955
0,13,0,0.5,0.060715,180,0,0,624971
0,16,0,0.5,0.062875,180,0,0,624988
0,20,-1,0.5,0.065575,180,0,0,625007
0,21,-2,0.5,0.06841,180,0,0,625022
0,25,-1,0.5,0.071785,180,0,0,625038
0,26,-1,0.5,0.075295,180,0,0,625055
0,29,-2,0.5,0.07921,180,0,0,625073
0,31,-2,0.5,0.083395,180,0,0,625089
0,34,-2,0.5,0.087985,180,0,0,625109
0,35,-2,0.5,0.09271,180,0,0,625122
0,37,-2,0.5,0.097705,180,0,0,625140
0,59,-4,0.5,0.10567,180,0,0,625158
0,22,-1,0.5,0.10864,180,0,0,625174
0,19,0,0.5,0.111205,180,0,0,625189
0,18,0,0.5,0.113635,180,0,0,625205
0,14,1,0.5,0.115525,180,0,0,625221
0,12,1,0.5,0.117145,180,0,0,625240
0,8,2,0.5,0.118225,180,0,0,625256
0,7,2,0.5,0.11917,180,0,0,625274
0,8,2,0.5,0.12025,180,0,0,625289
0,9,1,0.5,0.121465,180,0,0,625305
0,11,0,0.5,0.12295,180,0,0,625323
0,14,0,0.5,0.12484,180,0,0,625338
0,17,-1,0.5,0.127135,180,0,31,625356
0,18,-1,0.5,0.129565,180,0,31,625371
0,19,-1,0.5,0.13213,180,0,31,625389
0,18,-1,0.5,0.13456,180,0,31,625407
0,16,-1,0.5,0.13672,180,0,0,625423
0,34,-2,0.5,0.14131,180,0,0,625442
0,0,0,0.5,0.14131,180,0,0,625454
0,20,-1,0.5,0.14401,180,0,0,625471
0,22,-1,0.5,0.14698,180,0,0,625489
0,53,-5,0.5,0.154135,180,0,0,625512
0,27,-2,0.5,0.15778,180,0,0,625527
0,27,-2,0.5,0.161425,180,0,0,625539
0,22,-1,0.5,0.164395,180,0,0,625557
0,19,0,0.5,0.16696,180,0,0,625571
0,16,0,0.5,0.16912,180,0,0,625589
0,13,0,0.5,0.170875,180,0,0,625604
0,11,1,0.5,0.17236,180,0,0,625622
0,10,1,0.5,0.17371,180,0,0,625639
0,13,1,0.5,0.175465,180,0,0,625655
0,16,0,0.5,0.177625,180,0,0,625671
0,19,0,0.5,0.18019,180,0,0,625688
0,23,-1,0.5,0.183295,180,0,0,625707
0,25,-1,0.5,0.18667,180,0,0,625725
0,26,-1,0.5,0.19018,180,0,0,625742
0,28,0,0.5,0.19396,180,0,0,625754
0,29,-1,0.5,0.197875,180,0,0,625772
0,31,0,0.5,0.20206,180,0,0,625789
0,36,0,0.5,0.20692,180,0,0,625808
0,37,0,0.5,0.211915,180,0,0,625821
0,35,0,0.5,0.21664,180,0,0,625838
0,32,0,0.5,0.22096,180,0,0,625854
0,27,0,0.5,0.224605,180,0,0,625871
0,21,0,0.5,0.22744,180,0,0,625888
0,18,0,0.5,0.22987,180,0,0,625906
0,21,2,0.5,0.232705,180,0,0,625922
0,5,1,0.5,0.23338,180,0,0,625940
0,6,2,0.5,0.23419,180,0,0,625957
0,8,1,0.5,0.23527,180,0,0,625973
0,11,1,0.5,0.236755,180,0,0,625991
0,15,0,0.5,0.23878,180,0,0,626004
0,18,0,0.5,0.24121,180,0,0,626021
0,22,0,0.5,0.24418,180,0,0,626038
0,24,0,0.5,0.24742,180,0,0,626055
0,24,0,0.5,0.25066,180,1,0,626072
0,28,0,0.5,0.25444,180,1,0,626089
0,29,0,0.5,0.258355,180,1,0,626105
0,30,0,0.5,0.262405,180,0,0,626121
0,33,0,0.5,0.26686,180,0,0,626138
0,33,0,0.5,0.271315,180,0,0,626155
0,34,0,0.5,0.275905,180,0,0,626173
0,30,0,0.5,0.279955,180,0,0,626190
0,29,0,0.5,0.28387,180,0,0,626204
0,25,0,0.5,0.287245,180,0,0,626221
0,21,0,0.5,0.29008,180,0,0,626238
0,16,1,0.5,0.29224,180,0,0,626255
0,10,1,0.5,0.29359,180,0,0,626271
0,-1,0,0.5,0.293455,180,0,0,626294
0,-6,0,0.5,0.292645,180,0,0,626306
0,-5,-1,0.5,0.29197,180,0,0,626322
0,-4,-1,0.5,0.29143,180,0,31,626338
0,-2,-2,0.5,0.29116,180,0,31,626358
0,0,-2,0.5,0.29116,180,0,31,626374
0,1,-2,0.5,0.291295,180,0,0,626393
0,-1,-1,0.5,0.29116,180,0,0,626405
0,-1,-2,0.5,0.291025,180,0,0,626423
0,-1,-1,0.5,0.29089,180,0,31,626439
0,-4,0,0.5,0.29035,180,0,31,626461
0,-5,0,0.5,0.289675,180,0,0,626477
0,-4,0,0.5,0.289135,180,0,0,626487
0,-3,0,0.5,0.28873,180,0,0,626506
0,-1,0,0.5,0.288595,180,0,0,626524
0,-1,0,0.5,0.28846,180,0,31,626542
0,0,0,0.5,0.28846,180,0,31,626555
0,0,0,0.5,0.28846,180,0,31,626571
0,0,0,0.5,0.28846,180,0,0,626588
0,0,0,0.5,0.28846,180,0,0,626604
0,0,1,0.5,0.28846,180,0,0,626621
0,0,0,0.5,0.28846,180,0,31,626639
0,0,0,0.5,0.28846,180,0,31,626655
0,0,0,0.5,0.28846,180,0,31,626671
0,-1,0,0.5,0.288325,180,0,0,626689
0,0,0,0.5,0.288325,180,0,0,626705
0,0,-1,0.5,0.288325,180,0,0,626722
0,2,0,0.5,0.288595,180,0,31,626741
0,4,-1,0.5,0.289135,180,0,31,626760
0,3,0,0.5,0.28954,180,0,31,626772
0,2,0,0.5,0.28981,180,0,0,626788
0,1,0,0.5,0.289945,180,0,0,626805
0,1,0,0.5,0.29008,180,0,0,626823
0,2,0,0.5,0.29035,180,0,31,626840
0,3,0,0.5,0.290755,180,0,31,626855
0,4,0,0.5,0.291295,180,0,31,626874
0,2,0,0.5,0.291565,180,0,0,626891
0,1,0,0.5,0.2917,180,0,0,626905
0,0,0,0.5,0.2917,180,0,0,626921
0,-4,0,0.5,0.29116,180,0,0,626944
0,-4,0,0.5,0.29062,180,0,31,626960
0,-2,0,0.5,0.29035,180,0,31,626972
0,-2,0,0.5,0.29008,180,0,31,626988
0,-1,0,0.5,0.289945,180,0,31,627007
0,-1,-1,0.5,0.28981,180,0,0,627022
0,-1,0,0.5,0.289675,180,0,0,627039
0,-2,0,0.5,0.289405,180,0,0,627058
0,-2,0,0.5,0.289135,180,0,0,627072
0,0,0,0.5,0.289135,180,0,31,627089
0,4,-1,0.5,0.289675,180,0,31,627106
0,4,-1,0.5,0.290215,180,0,31,627125
0,2,0,0.5,0.290485,180,0,0,627142
0,2,0,0.5,0.290755,180,0,0,627157
0,2,0,0.5,0.291025,180,0,0,627172
0,4,0,0.5,0.291565,180,0,31,627191
0,7,0,0.5,0.29251,180,0,31,627206
0,9,0,0.5,0.293725,180,0,31,627224
0,9,0,0.5,0.29494,180,0,31,627239
0,9,0,0.5,0.296155,180,0,0,627259
0,10,0,0.5,0.297505,180,0,0,627273
0,14,1,0.5,0.299395,180,0,0,627289
0,19,1,0.5,0.30196,180,0,31,627307
0,20,1,0.5,0.30466,180,0,31,627328
0,21,1,0.5,0.307495,180,0,31,627342
0,22,0,0.5,0.310465,180,0,31,627356
0,20,0,0.5,0.313165,180,0,0,627373
0,19,0,0.5,0.31573,180,0,0,627389
0,19,0,0.5,0.318295,180,0,0,627406
0,19,-2,0.5,0.32086,180,0,0,627425
0,20,-3,0.5,0.32356,180,0,0,627443
0,40,-8,0.5,0.32896,180,0,31,627467
0,16,-4,0.5,0.33112,180,0,0,627479
0,12,-3,0.5,0.33274,180,0,0,627494
0,10,-3,0.5,0.33409,180,0,0,627508
0,8,-2,0.5,0.33517,180,0,0,627528
0,6,-2,0.5,0.33598,180,0,0,627541
0,6,-1,0.5,0.33679,180,0,0,627557
0,5,0,0.5,0.337465,180,0,31,627575
0,5,-1,0.5,0.33814,180,0,31,627592
0,5,-1,0.5,0.338815,180,0,0,627610
0,6,-1,0.5,0.339625,180,0,0,627623
0,7,-2,0.5,0.34057,180,0,0,627643
0,9,-2,0.5,0.341785,180,0,0,627659
0,11,-2,0.5,0.34327,180,0,0,627674
0,9,-1,0.5,0.344485,180,0,0,627692
0,9,-1,0.5,0.3457,180,0,0,627710
0,8,-1,0.5,0.34678,180,0,0,627725
0,9,-1,0.5,0.347995,180,0,0,627742
0,11,-2,0.5,0.34948,180,0,0,627758
0,28,-4,0.5,0.35326,180,0,0,627781
0,0,0,0.5,0.35326,180,0,0,627791
0,27,-3,0.5,0.356905,180,0,0,627811
0,8,-6,0.5,0.357985,180,0,0,627828
0,4,-4,0.5,0.358525,180,0,0,627843
0,2,-3,0.5,0.358795,180,0,0,627858
0,-1,-3,0.5,0.35866,180,0,0,627880
0,-3,-2,0.5,0.358255,180,0,0,627895
0,-6,-1,0.5,0.357445,180,0,0,627909
0,-8,-1,0.5,0.356365,180,0,0,627924
0,-10,0,0.5,0.355015,180,0,0,627943
0,-11,-1,0.5,0.35353,180,0,0,627958
0,-11,-1,0.5,0.352045,180,0,0,627975
0,-9,0,0.5,0.35083,180,0,0,627990
0,-8,0,0.5,0.34975,180,0,0,628009
0,-4,0,0.5,0.34921,180,0,0,628024
0,-1,0,0.5,0.349075,180,0,0,628040
0,0,0,0.5,0.349075,180,0,0,628057
0,4,0,0.5,0.349615,180,0,0,628074
0,6,0,0.5,0.350425,180,0,0,628092
0,7,-1,0.5,0.35137,180,0,0,628109
0,12,-2,0.5,0.35299,180,0,0,628127
0,16,-3,0.5,0.35515,180,0,0,628141
0,20,-3,0.5,0.35785,180,0,0,628161
0,26,-4,0.5,0.36136,180,0,0,628179
0,66,-8,0.5,0.37027,180,0,0,628200
0,37,-4,0.5,0.375265,180,0,0,628213
0,39,-4,0.5,0.38053,180,0,0,628227
0,34,-3,0.5,0.38512,180,0,0,628247
0,27,-1,0.5,0.388765,180,0,0,628261
0,22,0,0.5,0.391735,180,0,0,628275
0,18,0,0.5,0.394165,180,0,0,628294
0,14,1,0.5,0.396055,180,0,0,628309
0,13,2,0.5,0.39781,180,0,0,628326
0,13,2,0.5,0.399565,180,0,0,628342
0,15,1,0.5,0.40159,180,0,0,628358
0,18,0,0.5,0.40402,180,0,0,628380
0,19,-1,0.5,0.406585,180,0,0,628396
0,19,-2,0.5,0.40915,180,0,0,628410
0,20,-3,0.5,0.41185,180,0,0,628427
0,18,-3,0.5,0.41428,180,0,0,628442
0,15,-3,0.5,0.416305,180,0,0,628461
0,14,-4,0.5,0.418195,180,0,0,628477
0,14,-4,0.5,0.420085,180,0,0,628493
0,16,-4,0.5,0.422245,180,0,0,628509
0,15,-3,0.5,0.42427,180,0,0,628528
0,14,-2,0.5,0.42616,180,0,0,628543
0,25,0,0.5,0.429535,180,0,0,628563
0,0,0,0.5,0.429535,180,0,0,628574
0,18,1,0.5,0.431965,180,0,0,628600
0,8,2,0.5,0.433045,180,0,0,628613
0,7,2,0.5,0.43399,180,0,0,628626
0,9,2,0.5,0.435205,180,0,0,628644
0,10,1,0.5,0.436555,180,0,0,628659
0,14,1,0.5,0.438445,180,0,0,628676
0,19,0,0.5,0.44101,180,0,0,628692
0,20,0,0.5,0.44371,180,0,0,628709
0,22,0,0.5,0.44668,180,0,0,628726
0,23,0,0.5,0.449785,180,0,0,628742
0,25,-1,0.5,0.45316,180,0,0,628759
0,24,-1,0.5,0.4564,180,0,0,628778
0,24,-2,0.5,0.45964,180,0,0,628792
0,24,-2,0.5,0.46288,180,0,0,628809
0,26,-2,0.5,0.46639,180,0,0,628831
0,27,-2,0.5,0.470035,180,0,0,628845
0,25,-3,0.5,0.47341,180,0,0,628865
0,20,-3,0.5,0.47611,180,0,0,628877
0,18,-3,0.5,0.47854,180,0,0,628894
0,13,-3,0.5,0.480295,180,0,0,628912
0,10,-2,0.5,0.481645,180,0,0,628928
0,5,-1,0.5,0.48232,180,0,0,628944
0,3,0,0.5,0.482725,180,0,0,628965
0,0,0,0.5,0.482725,180,0,0,628978
0,0,0,0.5,0.482725,180,0,0,628992
0,-5,0,0.5,0.48205,180,0,0,629011
0,-13,-2,0.5,0.480295,180,0,0,629030
0,-11,-1,0.5,0.47881,180,0,0,629048
0,-10,-1,0.5,0.47746,180,0,0,629060
0,-10,-1,0.5,0.47611,180,0,0,629077
0,-9,0,0.5,0.474895,180,0,0,629095
0,-8,0,0.5,0.473815,180,0,0,629111
0,-9,0,0.5,0.4726,180,0,0,629127
0,-11,0,0.5,0.471115,180,0,0,629146
0,-13,-1,0.5,0.46936,180,0,0,629163
0,-12,0,0.5,0.46774,180,0,0,629177
0,-10,0,0.5,0.46639,180,0,0,629192
0,-8,0,0.5,0.46531,180,0,0,629212
0,-5,1,0.5,0.464635,180,0,0,629228
0,-6,1,0.5,0.463825,180,0,0,629244
0,-7,0,0.5,0.46288,180,0,0,629260
0,-7,-1,0.5,0.461935,180,0,0,629277
0,-5,-1,0.5,0.46126,180,0,0,629296
0,-2,-1,0.5,0.46099,180,0,0,629314
0,1,-2,0.5,0.461125,180,0,0,629330
0,0,-5,0.5,0.461125,180,0,0,629347
0,0,0,0.5,0.461125,180,0,0,629361
0,0,-4,0.5,0.461125,180,0,0,629379
0,-2,-8,0.5,0.460855,180,0,0,629398
0,-6,-3,0.5,0.460045,180,0,0,629415
0,-10,-2,0.5,0.458695,180,0,0,629428
0,-12,-2,0.5,0.457075,180,0,0,629448
0,-14,-2,0.5,0.455185,180,0,0,629461
0,-14,0,0.5,0.453295,180,0,0,629481
0,-12,0,0.5,0.451675,180,0,0,629493
0,-10,0,0.5,0.450325,180,0,0,629510
0,-6,2,0.5,0.449515,180,0,0,629528
0,-4,2,0.5,0.448975,180,0,0,629550
0,-3,3,0.5,0.44857,180,0,0,629564
0,0,2,0.5,0.44857,180,0,0,629578
0,0,1,0.5,0.44857,180,0,0,629595
0,1,0,0.5,0.448705,180,0,0,629614
0,4,0,0.5,0.449245,180,0,0,629628
0,4,0,0.5,0.449785,180,0,0,629646
0,4,0,0.5,0.450325,180,0,0,629660
0,3,0,0.5,0.45073,180,0,0,629678
0,1,0,0.5,0.450865,180,0,0,629694
0,0,0,0.5,0.450865,180,0,0,629710
0,-1,0,0.5,0.45073,180,0,0,629727
0,-1,0,0.5,0.450595,180,0,0,629744
0,0,0,0.5,0.450595,180,0,0,629762
0,1,3,0.5,0.45073,180,0,0,629778
0,0,1,0.5,0.45073,180,0,0,629795
0,0,0,0.5,0.45073,180,0,0,629810
0,0,0,0.5,0.45073,180,0,0,629828
0,0,0,0.5,0.45073,180,0,0,629845
0,2,0,0.5,0.451,180,0,0,629861
0,0,-1,0.5,0.451,180,0,0,629878
0,-1,-2,0.5,0.450865,180,0,0,629898
0,-4,-2,0.5,0.450325,180,0,0,629912
0,-7,-3,0.5,0.44938,180,0,0,629929
0,-9,-3,0.5,0.448165,180,0,0,629945
0,-8,-3,0.5,0.447085,180,0,0,629963
0,-8,-4,0.5,0.446005,180,0,0,629983
0,-7,-3,0.5,0.44506,180,0,0,630002
0,-4,-2,0.5,0.44452,180,0,0,630012
0,-4,-2,0.5,0.44398,180,0,0,630033
0,-1,-1,0.5,0.443845,180,0,0,630049
0,-1,-1,0.5,0.44371,180,0,0,630062
0,0,0,0.5,0.44371,180,0,0,630078
0,2,0,0.5,0.44398,180,0,0,630098
0,3,2,0.5,0.444385,180,0,0,630115
0,0,0,0.5,0.444385,180,0,0,630129
0,0,1,0.5,0.444385,180,0,0,630144
0,-6,0,0.5,0.443575,180,0,0,630163
0,-3,0,0.5,0.44317,180,0,0,630184
0,-4,1,0.5,0.44263,180,0,0,630196
0,-2,1,0.5,0.44236,180,0,0,630212
0,-1,0,0.5,0.442225,180,0,0,630230
0,0,0,0.5,0.442225,180,0,0,630244
0,4,0,0.5,0.442765,180,0,0,630261
0,3,0,0.5,0.44317,180,0,0,630279
0,2,2,0.5,0.44344,180,0,0,630297
0,2,2,0.5,0.44371,180,0,0,630314
0,0,3,0.5,0.44371,180,0,0,630332
0,-1,3,0.5,0.443575,180,0,0,630348
0,-2,2,0.5,0.443305,180,0,0,630362
0,-2,2,0.5,0.443035,180,0,0,630382
0,-3,1,0.5,0.44263,180,0,0,630395
0,-4,0,0.5,0.44209,180,0,0,630413
0,-2,0,0.5,0.44182,180,0,0,630428
0,-1,0,0.5,0.441685,180,0,0,630454
0,0,0,0.5,0.441685,180,0,0,630462
0,0,1,0.5,0.441685,180,0,0,630480
0,3,2,0.5,0.44209,180,0,31,630496
0,4,4,0.5,0.44263,180,0,31,630515
0,-1,2,0.5,0.442495,180,0,31,630533
0,-5,2,0.5,0.44182,180,0,31,630547
0,-8,2,0.5,0.44074,180,0,0,630563
0,-10,2,0.5,0.43939,180,0,0,630584
0,-9,2,0.5,0.438175,180,0,0,630597
0,-8,3,0.5,0.437095,180,0,0,630616
0,-6,2,0.5,0.436285,180,0,0,630631
0,-5,2,0.5,0.43561,180,0,0,630650
0,-2,1,0.5,0.43534,180,0,0,630663
0,0,0,0.5,0.43534,180,0,0,630679
0,0,0,0.5,0.43534,180,0,0,630697
0,0,0,0.5,0.43534,180,0,0,630714
0,-1,-2,0.5,0.435205,180,0,0,630732
0,-2,-2,0.5,0.434935,180,0,0,630747
0,-2,-2,0.5,0.434665,180,0,0,630764
0,-3,-2,0.5,0.43426,180,0,0,630780
0,-3,-3,0.5,0.433855,180,0,0,630797
0,-1,-2,0.5,0.43372,180,0,31,630813
0,0,-1,0.5,0.43372,180,0,31,630834
0,0,0,0.5,0.43372,180,0,31,630847
0,4,2,0.5,0.43426,180,0,31,630863
0,2,4,0.5,0.43453,180,0,31,630881
0,0,3,0.5,0.43453,180,0,31,630897
0,-3,8,0.5,0.434125,180,0,31,630917
0,-4,3,0.5,0.433585,180,0,31,630931
0,-6,3,0.5,0.432775,180,0,0,630947
0,-6,3,0.5,0.431965,180,0,0,630969
0,-6,3,0.5,0.431155,180,0,0,630982
0,-3,3,0.5,0.43075,180,0,0,631000
0,-3,4,0.5,0.430345,180,0,0,631016
0,-3,3,0.5,0.42994,180,0,0,631035
0,-6,2,0.5,0.42913,180,0,0,631048
0,-9,0,0.5,0.427915,180,0,0,631064
0,-11,-1,0.5,0.42643,180,0,0,631081
0,-13,-3,0.5,0.424675,180,0,0,631104
0,-16,-3,0.5,0.422515,180,0,0,631116
0,-14,-3,0.5,0.420625,180,0,0,631130
0,-14,-3,0.5,0.418735,180,0,0,631148
0,-11,-2,0.5,0.41725,180,0,0,631166
0,-8,-2,0.5,0.41617,180,0,0,631181
0,-5,-2,0.5,0.415495,180,0,0,631198
0,-3,-1,0.5,0.41509,180,0,0,631215
0,0,0,0.5,0.41509,180,0,0,631231
0,4,-1,0.5,0.41563,180,0,31,631248
0,8,1,0.5,0.41671,180,0,31,631263
0,6,2,0.5,0.41752,180,0,31,631281
0,5,6,0.5,0.418195,180,0,31,631301
0,-3,2,0.5,0.41779,180,0,31,631316
0,-7,2,0.5,0.416845,180,0,31,631333
0,-9,1,0.5,0.41563,180,0,31,631349
0,-10,0,0.5,0.41428,180,0,31,631367
0,-9,-1,0.5,0.413065,180,0,31,631385
0,-6,-2,0.5,0.412255,180,0,31,631402
0,-2,-3,0.5,0.411985,180,0,31,631416
0,1,-2,0.5,0.41212,180,0,0,631438
0,4,0,0.5,0.41266,180,0,0,631448
0,5,0,0.5,0.413335,180,0,0,631464
0,5,1,0.5,0.41401,180,0,0,631481
0,5,0,0.5,0.414685,180,0,0,631498
0,5,-1,0.5,0.41536,180,0,0,631522
0,3,-1,0.5,0.415765,180,0,0,631533
0,-1,-1,0.5,0.41563,180,0,0,631549
0,-6,-1,0.5,0.41482,180,0,0,631564
0,-11,0,0.5,0.413335,180,0,0,631581
0,-34,0,0.5,0.408745,180,0,0,631603
0,0,0,0.5,0.408745,180,0,0,631615
0,-23,0,0.5,0.40564,180,0,0,631631
0,-22,2,0.5,0.40267,180,0,0,631648
0,-18,2,0.5,0.40024,180,0,31,631667
0,-22,3,0.5,0.39727,180,0,31,631685
0,-3,1,0.5,0.396865,180,0,31,631699
0,-1,1,0.5,0.39673,180,0,0,631715
0,1,1,0.5,0.396865,180,0,0,631732
0,3,1,0.5,0.39727,180,0,0,631750
0,3,1,0.5,0.397675,180,0,0,631766
0,1,0,0.5,0.39781,180,0,0,631784
0,3,0,0.5,0.398215,180,0,0,631800
0,1,0,0.5,0.39835,180,0,0,631814
0,1,-1,0.5,0.398485,180,0,0,631834
0,0,-1,0.5,0.398485,180,0,0,631852
0,-2,-1,0.5,0.398215,180,0,31,631867
0,-3,-1,0.5,0.39781,180,0,31,631888
0,-2,-1,0.5,0.39754,180,0,31,631900
0,-1,0,0.5,0.397405,180,0,31,631916
0,0,0,0.5,0.397405,180,0,31,631935
0,0,0,0.5,0.397405,180,0,31,631950
0,0,1,0.5,0.397405,180,0,31,631965
0,-2,1,0.5,0.397135,180,0,31,631986
0,-2,1,0.5,0.396865,180,0,31,632000
0,-2,1,0.5,0.396595,180,0,31,632016
0,-2,1,0.5,0.396325,180,0,31,632033
0,-5,0,0.5,0.39565,180,0,31,632051
0,0,0,0.5,0.39565,180,0,31,632065
0,-4,-4,0.5,0.39511,180,0,31,632088
0,-2,-2,0.5,0.39484,180,0,0,632103
0,-1,-2,0.5,0.394705,180,0,0,632116
0,-4,-2,0.5,0.394165,180,0,0,632133
0,-3,-1,0.5,0.39376,180,0,0,632151
0,-3,-1,0.5,0.393355,180,0,0,632169
0,-2,-1,0.5,0.393085,180,0,0,632184
0,-1,0,0.5,0.39295,180,0,31,632204
0,0,-1,0.5,0.39295,180,0,31,632216
0,2,0,0.5,0.39322,180,0,31,632232
0,1,0,0.5,0.393355,180,0,31,632250
0,0,0,0.5,0.393355,180,0,31,632265
0,-2,0,0.5,0.393085,180,0,31,632285
0,-2,0,0.5,0.392815,180,0,31,632299
0,0,0,0.5,0.392815,180,0,31,632315
0,1,1,0.5,0.39295,180,0,31,632335
0,0,0,0.5,0.39295,180,0,31,632350
0,0,0,0.5,0.39295,180,0,0,632365
0,-3,1,0.5,0.392545,180,0,0,632383
0,-3,1,0.5,0.39214,180,0,0,632400
0,-4,2,0.5,0.3916,180,0,0,632418
0,-3,1,0.5,0.391195,180,0,0,632440
0,-2,3,0.5,0.390925,180,0,0,632460
0,0,0,0.5,0.390925,180,0,31,632469
0,0,0,0.5,0.390925,180,0,31,632485
0,4,-1,0.5,0.391465,180,0,31,632501
0,3,-1,0.5,0.39187,180,0,31,632517
0,3,-2,0.5,0.392275,180,0,31,632533
0,0,-2,0.5,0.392275,180,0,31,632554
0,0,-1,0.5,0.392275,180,0,31,632566
0,0,0,0.5,0.392275,180,0,31,632582
0,0,0,0.5,0.392275,180,0,31,632600
0,-1,1,0.5,0.39214,180,0,31,632619
0,-1,1,0.5,0.392005,180,0,31,632633
0,1,2,0.5,0.39214,180,0,31,632650
0,2,1,0.5,0.39241,180,0,31,632667
0,1,1,0.5,0.392545,180,0,31,632683
0,2,1,0.5,0.392815,180,0,31,632703
0,2,0,0.5,0.393085,180,0,31,632719
0,5,0,0.5,0.39376,180,0,31,632733
0,6,0,0.5,0.39457,180,0,31,632750
0,7,0,0.5,0.395515,180,0,0,632767
0,4,0,0.5,0.396055,180,0,0,632783
0,2,0,0.5,0.396325,180,0,0,632803
0,0,0,0.5,0.396325,180,0,0,632817
0,-4,-1,0.5,0.395785,180,0,0,632833
0,-17,0,0.5,0.39349,180,0,0,632850
0,-10,0,0.5,0.39214,180,0,0,632868
0,-8,0,0.5,0.39106,180,0,0,632886
0,-4,0,0.5,0.39052,180,0,31,632903
0,0,1,0.5,0.39052,180,0,31,632918
0,3,0,0.5,0.390925,180,0,31,632934
0,3,0,0.5,0.39133,180,0,31,632950
0,1,1,0.5,0.391465,180,0,31,632968
0,0,1,0.5,0.391465,180,0,31,632989
0,-1,0,0.5,0.39133,180,0,31,633001
0,-1,1,0.5,0.391195,180,0,31,633017
0,-1,1,0.5,0.39106,180,0,31,633035
0,1,1,0.5,0.391195,180,0,31,633052
0,1,0,0.5,0.39133,180,0,31,633068
0,4,0,0.5,0.39187,180,0,31,633084
0,3,-1,0.5,0.392275,180,0,31,633103
0,3,-1,0.5,0.39268,180,0,31,633118
0,0,-2,0.5,0.39268,180,0,31,633135
0,-2,-2,0.5,0.39241,180,0,0,633151
0,-11,-3,0.5,0.390925,180,0,0,633176
0,-6,-1,0.5,0.390115,180,0,0,633189
0,0,0,0.5,0.390115,180,0,0,633201
0,-5,-1,0.5,0.38944,180,0,0,633217
0,-5,0,0.5,0.388765,180,0,0,633234
0,1,3,0.5,0.3889,180,0,0,633253
0,3,3,0.5,0.389305,180,0,0,633269
0,4,4,0.5,0.389845,180,0,0,633294
0,1,4,0.5,0.38998,180,0,0,633308
0,0,4,0.5,0.38998,180,0,0,633322
0,-2,5,0.5,0.38971,180,0,0,633336
0,-4,4,0.5,0.38917,180,0,0,633353
0,-3,2,0.5,0.388765,180,0,0,633369
0,-2,0,0.5,0.388495,180,0,0,633385
0,0,0,0.5,0.388495,180,0,0,633404
0,0,-2,0.5,0.388495,180,0,0,633418
0,1,-2,0.5,0.38863,180,0,31,633435
0,0,-2,0.5,0.38863,180,0,31,633451
0,-1,-2,0.5,0.388495,180,0,31,633470
0,-1,-2,0.5,0.38836,180,0,31,633485
0,-1,-1,0.5,0.388225,180,0,0,633503
0,-3,0,0.5,0.38782,180,0,0,633518
0,-5,1,0.5,0.387145,180,0,0,633539
0,-9,2,0.5,0.38593,180,0,0,633556
0,0,1,0.5,0.38593,180,0,0,633568
0,-5,4,0.5,0.385255,180,0,0,633588
0,-3,3,0.5,0.38485,180,0,0,633603
0,-5,8,0.5,0.384175,180,0,0,633623
0,-1,3,0.5,0.38404,180,0,31,633636
0,0,2,0.5,0.38404,180,0,31,633652
0,2,2,0.5,0.38431,180,0,31,633674
0,3,0,0.5,0.384715,180,0,31,633685
0,2,0,0.5,0.384985,180,0,31,633702
0,0,-1,0.5,0.384985,180,0,31,633721
0,0,-2,0.5,0.384985,180,0,0,633738
0,-2,-2,0.5,0.384715,180,0,0,633753
0,-4,-2,0.5,0.384175,180,0,0,633769
0,-4,-2,0.5,0.383635,180,0,0,633789
0,-3,-1,0.5,0.38323,180,0,0,633803
0,-2,-1,0.5,0.38296,180,0,0,633821
0,-1,-1,0.5,0.382825,180,0,0,633836
0,-2,-1,0.5,0.382555,180,0,0,633852
0,-3,0,0.5,0.38215,180,0,0,633868
0,-2,0,0.5,0.38188,180,0,0,633887
0,-1,0,0.5,0.381745,180,0,0,633902
0,-1,1,0.5,0.38161,180,0,0,633919
0,0,0,0.5,0.38161,180,0,0,633938
0,1,1,0.5,0.381745,180,0,0,633954
0,0,0,0.5,0.381745,180,0,31,633970
0,1,0,0.5,0.38188,180,0,31,633985
0,1,0,0.5,0.382015,180,0,31,634003
0,0,0,0.5,0.382015,180,0,31,634020
0,0,0,0.5,0.382015,180,0,31,634036
0,3,-1,0.5,0.38242,180,0,31,634052
0,0,-1,0.5,0.38242,180,0,31,634070
0,0,-1,0.5,0.38242,180,0,31,634089
0,-1,0,0.5,0.382285,180,0,31,634103
0,0,0,0.5,0.382285,180,0,31,634119
0,0,0,0.5,0.382285,180,0,31,634136
0,-1,-1,0.5,0.38215,180,0,31,634154
0,0,0,0.5,0.38215,180,0,31,634173
0,0,0,0.5,0.38215,180,0,31,634185
0,1,0,0.5,0.382285,180,0,31,634202
0,3,0,0.5,0.38269,180,0,31,634219
0,3,0,0.5,0.383095,180,0,31,634240
0,4,1,0.5,0.383635,180,0,31,634253
0,8,6,0.5,0.384715,180,0,31,634277
0,0,0,0.5,0.384715,180,0,31,634287
0,1,2,0.5,0.38485,180,0,31,634303
0,-11,4,0.5,0.383365,180,0,0,634323
0,0,0,0.5,0.383365,180,0,0,634338
0,-11,2,0.5,0.38188,180,0,0,634353
0,-25,1,0.5,0.378505,180,0,0,634378
0,-12,0,0.5,0.376885,180,0,0,634391
0,-12,0,0.5,0.375265,180,0,0,634404
0,-9,-6,0.5,0.37405,180,0,0,634423
0,-6,-6,0.5,0.37324,180,0,0,634439
0,-2,-6,0.5,0.37297,180,0,0,634456
0,0,-7,0.5,0.37297,180,0,0,634473
0,2,-5,0.5,0.37324,180,0,0,634493
0,4,-4,0.5,0.37378,180,0,0,634511
0,2,-2,0.5,0.37405,180,0,0,634525
0,0,0,0.5,0.37405,180,0,0,634538
0,-1,0,0.5,0.373915,180,0,0,634553
0,-4,2,0.5,0.373375,180,0,0,634573
0,-6,3,0.5,0.372565,180,0,0,634592
0,-4,4,0.5,0.372025,180,0,0,634608
0,-3,4,0.5,0.37162,180,0,0,634622
0,0,3,0.5,0.37162,180,0,0,634639
0,2,3,0.5,0.37189,180,0,0,634655
0,4,3,0.5,0.37243,180,0,0,634673
0,4,2,0.5,0.37297,180,0,0,634689
0,4,2,0.5,0.37351,180,0,0,634704
0,6,2,0.5,0.37432,180,0,31,634721
0,4,2,0.5,0.37486,180,0,31,634738
0,0,0,0.5,0.37486,180,0,31,634754
0,0,0,0.5,0.37486,180,0,31,634773
0,0,0,0.5,0.37486,180,0,31,634787
0,0,-2,0.5,0.37486,180,0,31,634805
0,0,-2,0.5,0.37486,180,0,31,634821
0,-1,-2,0.5,0.374725,180,0,31,634840
0,-2,-3,0.5,0.374455,180,0,31,634855
0,-3,-3,0.5,0.37405,180,0,31,634873
0,-2,-2,0.5,0.37378,180,0,31,634888
0,-1,-1,0.5,0.373645,180,0,31,634904
0,0,0,0.5,0.373645,180,0,0,634921
0,1,0,0.5,0.37378,180,0,0,634939
0,0,1,0.5,0.37378,180,0,0,634955
0,-1,0,0.5,0.373645,180,0,0,634972
0,0,0,0.5,0.373645,180,0,0,634989
0,-3,0,0.5,0.37324,180,0,0,635005
0,-2,-1,0.5,0.37297,180,0,0,635023
0,-2,-2,0.5,0.3727,180,0,0,635039
0,-3,-2,0.5,0.372295,180,0,0,635057
0,-1,-2,0.5,0.37216,180,0,0,635073
0,-1,-3,0.5,0.372025,180,0,0,635095
0,0,0,0.5,0.372025,180,0,0,635105
0,0,0,0.5,0.372025,180,0,31,635121
0,0,0,0.5,0.372025,180,0,31,635137
0,6,1,0.5,0.372835,180,0,31,635156
0,3,2,0.5,0.37324,180,0,31,635173
0,2,1,0.5,0.37351,180,0,31,635189
0,2,1,0.5,0.37378,180,0,31,635206
0,1,0,0.5,0.373915,180,0,0,635224
0,1,0,0.5,0.37405,180,0,0,635241
0,0,0,0.5,0.37405,180,0,0,635254
0,0,0,0.5,0.37405,180,0,0,635273
0,0,0,0.5,0.37405,180,0,0,635291
0,0,-1,0.5,0.37405,180,0,0,635306
0,-1,0,0.5,0.373915,180,0,0,635322
0,-3,0,0.5,0.37351,180,0,0,635338
0,-5,0,0.5,0.372835,180,0,0,635356
0,-5,0,0.5,0.37216,180,0,0,635372
0,-4,0,0.5,0.37162,180,0,0,635392
0,-2,0,0.5,0.37135,180,0,0,635407
0,-1,0,0.5,0.371215,180,0,0,635422
0,0,1,0.5,0.371215,180,0,0,635439
0,0,1,0.5,0.371215,180,0,0,635455
0,1,0,0.5,0.37135,180,0,0,635471
0,0,0,0.5,0.37135,180,0,0,635489
0,0,0,0.5,0.37135,180,0,0,635508
0,0,-2,0.5,0.37135,180,0,0,635523
0,0,-1,0.5,0.37135,180,0,0,635540
0,0,0,0.5,0.37135,180,0,31,635555
0,-1,0,0.5,0.371215,180,0,31,635573
0,0,0,0.5,0.371215,180,0,31,635590
0,1,0,0.5,0.37135,180,0,31,635605
0,0,0,0.5,0.37135,180,0,31,635622
0,1,0,0.5,0.371485,180,0,31,635641
0,0,0,0.5,0.371485,180,0,31,635655
0,-2,0,0.5,0.371215,180,0,31,635673
0,-3,0,0.5,0.37081,180,0,31,635689
0,-3,0,0.5,0.370405,180,0,31,635705
0,-4,1,0.5,0.369865,180,0,31,635722
0,-1,0,0.5,0.36973,180,0,31,635742
0,-1,0,0.5,0.369595,180,0,31,635756
0,0,0,0.5,0.369595,180,0,31,635774
0,0,1,0.5,0.369595,180,0,31,635789
0,-1,0,0.5,0.36946,180,0,31,635806
0,2,1,0.5,0.36973,180,0,31,635823
0,2,1,0.5,0.37,180,0,31,635841
0,2,1,0.5,0.37027,180,0,31,635857
0,0,0,0.5,0.37027,180,0,0,635872
0,3,0,0.5,0.370675,180,0,0,635890
0,3,0,0.5,0.37108,180,0,31,635908
0,5,0,0.5,0.371755,180,0,0,635923
0,0,0,0.5,0.371755,180,0,0,635941
0,-3,0,0.5,0.37135,180,0,0,635959
0,-6,0,0.5,0.37054,180,0,0,635974
0,-7,0,0.5,0.369595,180,0,0,635989
0,-5,0,0.5,0.36892,180,0,0,636006
0,-3,1,0.5,0.368515,180,0,0,636024
0,-1,2,0.5,0.36838,180,0,0,636040
0,1,1,0.5,0.368515,180,0,0,636059
0,1,1,0.5,0.36865,180,0,0,636073
0,2,1,0.5,0.36892,180,0,0,636090
0,1,0,0.5,0.369055,180,0,31,636107
0,0,0,0.5,0.369055,180,0,31,636124
0,0,0,0.5,0.369055,180,0,31,636140
0,0,0,0.5,0.369055,180,0,31,636160
0,0,0,0.5,0.369055,180,0,0,636175
0,0,0,0.5,0.369055,180,0,0,636191
0,0,0,0.5,0.369055,180,0,0,636206
0,2,1,0.5,0.369325,180,0,0,636224
0,1,3,0.5,0.36946,180,0,0,636246
0,0,0,0.5,0.36946,180,0,0,636259
0,1,2,0.5,0.369595,180,0,0,636276
0,0,0,0.5,0.369595,180,0,0,636290
0,0,1,0.5,0.369595,180,0,31,636312
0,-1,0,0.5,0.36946,180,0,31,636324
0,0,0,0.5,0.36946,180,0,31,636340
0,0,0,0.5,0.36946,180,0,31,636357
0,-1,0,0.5,0.369325,180,0,31,636376
0,0,-2,0.5,0.369325,180,0,31,636392
0,1,-1,0.5,0.36946,180,0,31,636408
0,1,0,0.5,0.369595,180,0,31,636424
0,0,0,0.5,0.369595,180,0,31,636441
0,0,0,0.5,0.369595,180,0,31,636459
0,0,0,0.5,0.369595,180,0,31,636478
0,3,1,0.5,0.37,180,0,31,636491
0,5,1,0.5,0.370675,180,0,31,636509
0,8,1,0.5,0.371755,180,0,0,636525
0,9,0,0.5,0.37297,180,0,0,636542
0,6,0,0.5,0.37378,180,0,0,636557
0,3,0,0.5,0.374185,180,0,0,636574
0,1,0,0.5,0.37432,180,0,0,636591
0,-4,0,0.5,0.37378,180,0,0,636612
0,-5,0,0.5,0.373105,180,0,0,636624
0,-6,0,0.5,0.372295,180,0,0,636641
0,-6,-1,0.5,0.371485,180,0,0,636658
0,-7,-1,0.5,0.37054,180,0,0,636677
0,-1,-1,0.5,0.370405,180,0,0,636693
0,1,-2,0.5,0.37054,180,0,0,636712
0,3,-1,0.5,0.370945,180,0,0,636724
0,2,-1,0.5,0.371215,180,0,0,636746
0,3,0,0.5,0.37162,180,0,0,636761
0,2,0,0.5,0.37189,180,0,0,636774
0,1,0,0.5,0.372025,180,0,0,636791
0,1,0,0.5,0.37216,180,0,31,636809
0,2,2,0.5,0.37243,180,0,31,636824
0,1,2,0.5,0.372565,180,0,31,636842
0,2,2,0.5,0.372835,180,0,31,636858
0,2,2,0.5,0.373105,180,0,31,636876
0,1,2,0.5,0.37324,180,0,31,636897
0,0,2,0.5,0.37324,180,0,31,636914
0,0,1,0.5,0.37324,180,0,31,636925
0,0,0,0.5,0.37324,180,0,31,636941
0,1,0,0.5,0.373375,180,0,31,636960
0,4,0,0.5,0.373915,180,0,0,636976
0,6,1,0.5,0.374725,180,0,0,636992
0,14,1,0.5,0.376615,180,0,0,637013
0,0,0,0.5,0.376615,180,0,0,637027
0,5,0,0.5,0.37729,180,0,0,637044
0,0,0,0.5,0.37729,180,0,31,637058
0,-5,-1,0.5,0.376615,180,0,31,637078
0,-5,-1,0.5,0.37594,180,0,31,637095
0,-6,0,0.5,0.37513,180,0,0,637109
0,-7,-1,0.5,0.374185,180,0,0,637126
0,-9,-1,0.5,0.37297,180,0,0,637143
0,-7,-1,0.5,0.372025,180,0,0,637159
0,-6,-1,0.5,0.371215,180,0,0,637177
0,-3,-1,0.5,0.37081,180,0,0,637195
0,-2,0,0.5,0.37054,180,0,31,637208
0,0,0,0.5,0.37054,180,0,31,637227
0,3,0,0.5,0.370945,180,0,31,637245
0,4,0,0.5,0.371485,180,0,31,637261
0,4,1,0.5,0.372025,180,0,31,637275
0,3,1,0.5,0.37243,180,0,31,637292
0,1,1,0.5,0.372565,180,0,31,637310
0,3,1,0.5,0.37297,180,0,31,637328
0,2,0,0.5,0.37324,180,0,31,637344
0,2,0,0.5,0.37351,180,0,31,637359
0,0,0,0.5,0.37351,180,0,0,637382
0,-3,0,0.5,0.373105,180,0,0,637393
0,-6,0,0.5,0.372295,180,0,0,637409
0,-17,-2,0.5,0.37,180,0,0,637429
0,-6,-1,0.5,0.36919,180,0,31,637449
0,-2,0,0.5,0.36892,180,0,31,637462
0,0,-1,0.5,0.36892,180,0,31,637475
0,5,0,0.5,0.369595,180,0,31,637492
0,6,2,0.5,0.370405,180,0,31,637511
0,6,2,0.5,0.371215,180,0,31,637528
0,7,3,0.5,0.37216,180,0,31,637545
0,4,3,0.5,0.3727,180,0,31,637561
0,1,4,0.5,0.372835,180,0,0,637578
0,-3,3,0.5,0.37243,180,0,0,637593
0,-8,3,0.5,0.37135,180,0,0,637610
0,-11,2,0.5,0.369865,180,0,0,637631
0,-14,1,0.5,0.367975,180,0,0,637644
0,-16,0,0.5,0.365815,180,0,0,637660
0,-15,0,0.5,0.36379,180,0,31,637676
0,-13,0,0.5,0.362035,180,0,31,637694
0,-12,0,0.5,0.360415,180,0,31,637711
0,-10,0,0.5,0.359065,180,0,0,637728
0,-14,0,0.5,0.357175,180,0,0,637751
0,0,0,0.5,0.357175,180,0,0,637759
0,-4,0,0.5,0.356635,180,0,0,637776
0,-3,0,0.5,0.35623,180,0,0,637793
0,-2,0,0.5,0.35596,180,0,0,637810
0,-2,-3,0.5,0.35569,180,0,31,637834
0,1,-3,0.5,0.355825,180,0,31,637849
0,2,-2,0.5,0.356095,180,0,31,637860
0,3,-1,0.5,0.3565,180,0,31,637878
0,0,0,0.5,0.3565,180,0,0,637894
0,-1,0,0.5,0.356365,180,0,0,637910
0,-7,0,0.5,0.35542,180,0,0,637927
0,-10,0,0.5,0.35407,180,0,0,637944
0,-16,1,0.5,0.35191,180,0,0,637963
0,-16,2,0.5,0.34975,180,0,31,637978
0,-17,1,0.5,0.347455,180,0,31,637993
0,-13,1,0.5,0.3457,180,0,31,638012
0,-10,1,0.5,0.34435,180,0,31,638027
0,-7,0,0.5,0.343405,180,0,0,638043
0,-6,-1,0.5,0.342595,180,0,0,638060
0,-2,-2,0.5,0.342325,180,0,0,638078
0,-2,-2,0.5,0.342055,180,0,31,638096
0,-2,-2,0.5,0.341785,180,0,31,638113
0,-6,-6,0.5,0.340975,180,0,31,638136
0,-1,-2,0.5,0.34084,180,0,31,638153
0,0,0,0.5,0.34084,180,0,31,638162
0,0,-3,0.5,0.34084,180,0,0,638181
0,0,0,0.5,0.34084,180,0,0,638193
0,-12,0,0.5,0.33922,180,0,31,638210
0,-13,1,0.5,0.337465,180,0,31,638229
0,-16,1,0.5,0.335305,180,0,31,638244
0,-17,1,0.5,0.33301,180,0,31,638264
0,-16,0,0.5,0.33085,180,0,31,638282
0,-14,0,0.5,0.32896,180,0,0,638294
0,-12,0,0.5,0.32734,180,0,0,638310
0,-11,0,0.5,0.325855,180,0,31,638331
0,-10,0,0.5,0.324505,180,0,31,638344
0,-10,-1,0.5,0.323155,180,0,31,638362
0,-8,0,0.5,0.322075,180,0,31,638379
0,-5,0,0.5,0.3214,180,0,31,638394
0,-4,0,0.5,0.32086,180,0,31,638413
0,-3,0,0.5,0.320455,180,0,31,638431
0,-8,0,0.5,0.319375,180,0,0,638444
0,-11,-1,0.5,0.31789,180,0,0,638462
0,-28,-1,0.5,0.31411,180,0,0,638484
0,0,0,0.5,0.31411,180,0,0,638494
0,-16,0,0.5,0.31195,180,0,0,638512
0,-13,1,0.5,0.310195,180,0,0,638531
0,-10,1,0.5,0.308845,180,0,0,638548
0,-21,2,0.5,0.30601,180,0,0,638565
0,-9,0,0.5,0.304795,180,0,0,638579
0,-6,-1,0.5,0.303985,180,0,0,638595
0,-6,0,0.5,0.303175,180,0,0,638611
0,-4,1,0.5,0.302635,180,0,0,638632
0,-6,2,0.5,0.301825,180,0,0,638646
0,-8,2,0.5,0.300745,180,0,0,638662
0,-10,3,0.5,0.299395,180,0,0,638681
0,-11,2,0.5,0.29791,180,0,0,638696
0,-12,1,0.5,0.29629,180,0,0,638713
0,-12,0,0.5,0.29467,180,0,0,638728
0,-12,-1,0.5,0.29305,180,0,31,638751
0,-10,-1,0.5,0.2917,180,0,31,638768
0,-10,0,0.5,0.29035,180,0,31,638778
0,-9,1,0.5,0.289135,180,0,0,638796
0,-11,1,0.5,0.28765,180,0,0,638813
0,-12,1,0.5,0.28603,180,0,0,638831
0,-9,1,0.5,0.284815,180,0,0,638845
0,-7,0,0.5,0.28387,180,0,0,638869
0,0,0,0.5,0.28387,180,0,0,638880
0,-3,0,0.5,0.283465,180,0,0,638895
0,-3,0,0.5,0.28306,180,0,0,638912
0,-4,-2,0.5,0.28252,180,0,31,638929
0,-4,-4,0.5,0.28198,180,0,31,638951
0,-8,-7,0.5,0.2809,180,0,31,638965
0,-4,-1,0.5,0.28036,180,0,0,638981
0,-5,-1,0.5,0.279685,180,0,0,638997
0,-6,-1,0.5,0.278875,180,0,0,639014
0,-6,0,0.5,0.278065,180,0,0,639032
0,-6,0,0.5,0.277255,180,0,0,639047
0,-7,1,0.5,0.27631,180,0,0,639062
0,-7,2,0.5,0.275365,180,0,0,639081
0,-7,3,0.5,0.27442,180,0,0,639097
0,-9,3,0.5,0.273205,180,0,0,639114
0,-9,2,0.5,0.27199,180,0,31,639133
0,-6,0,0.5,0.27118,180,0,31,639151
0,-5,-2,0.5,0.270505,180,0,31,639163
0,-3,-2,0.5,0.2701,180,0,31,639181
0,-3,-2,0.5,0.269695,180,0,31,639196
0,-5,-2,0.5,0.26902,180,0,0,639215
0,-6,-1,0.5,0.26821,180,0,0,639230
0,-7,-1,0.5,0.267265,180,0,0,639246
0,-4,-1,0.5,0.266725,180,0,0,639262
0,-3,-1,0.5,0.26632,180,0,0,639281
0,-1,-1,0.5,0.266185,180,0,31,639301
0,0,-1,0.5,0.266185,180,0,31,639317
0,-1,0,0.5,0.26605,180,0,0,639331
0,-1,0,0.5,0.265915,180,0,0,639346
0,-4,1,0.5,0.265375,180,0,0,639363
0,-10,3,0.5,0.264025,180,0,0,639384
0,-3,2,0.5,0.26362,180,0,0,639402
0,-2,1,0.5,0.26335,180,0,0,639414
0,-5,1,0.5,0.262675,180,0,0,639430
0,-5,0,0.5,0.262,180,0,0,639446
0,-8,-1,0.5,0.26092,180,0,0,639463
0,-6,-1,0.5,0.26011,180,0,0,639484
0,-4,-2,0.5,0.25957,180,0,0,639501
0,-2,-3,0.5,0.2593,180,0,0,639514
0,0,-2,0.5,0.2593,180,0,0,639532
0,1,-3,0.5,0.259435,180,0,31,639549
0,-2,-2,0.5,0.259165,180,0,31,639565
0,-2,-2,0.5,0.258895,180,0,31,639581
0,-3,-3,0.5,0.25849,180,0,31,639597
0,-2,-4,0.5,0.25822,180,0,31,639615
0,-5,-4,0.5,0.257545,180,0,31,639631
0,-7,-3,0.5,0.2566,180,0,31,639647
0,-10,-2,0.5,0.25525,180,0,0,639669
0,-11,-1,0.5,0.253765,180,0,0,639682
0,-22,3,0.5,0.250795,180,0,0,639700
0,0,0,0.5,0.250795,180,0,0,639713
0,-11,2,0.5,0.24931,180,0,0,639736
0,-1,0,0.5,0.249175,180,0,0,639750
0,1,1,0.5,0.24931,180,0,0,639765
0,1,1,0.5,0.249445,180,0,0,639781
0,-1,1,0.5,0.24931,180,0,0,639801
0,-2,2,0.5,0.24904,180,0,0,639816
0,-4,1,0.5,0.2485,180,0,0,639833
0,-4,0,0.5,0.24796,180,0,0,639849
0,-4,0,0.5,0.24742,180,0,0,639865
0,-3,0,0.5,0.247015,180,0,0,639880
0,-2,0,0.5,0.246745,180,0,0,639899
0,-1,0,0.5,0.24661,180,0,0,639915
0,-1,0,0.5,0.246475,180,0,0,639932
0,0,-1,0.5,0.246475,180,0,0,639952
0,0,-1,0.5,0.246475,180,0,0,639963
0,1,-2,0.5,0.24661,180,0,0,639982
0,1,-2,0.5,0.246745,180,0,0,639999
0,0,-2,0.5,0.246745,180,0,0,640014
0,-1,-1,0.5,0.24661,180,0,0,640036
0,-1,0,0.5,0.246475,180,0,0,640047
0,-1,1,0.5,0.24634,180,0,0,640065
0,-4,2,0.5,0.2458,180,0,0,640084
0,-2,3,0.5,0.24553,180,0,0,640103
0,0,0,0.5,0.24553,180,0,0,640114
0,-1,1,0.5,0.245395,180,0,0,640131
0,0,0,0.5,0.245395,180,0,0,640150
0,1,0,0.5,0.24553,180,0,0,640167
0,0,0,0.5,0.24553,180,0,0,640181
0,0,0,0.5,0.24553,180,0,0,640198
0,2,-2,0.5,0.2458,180,0,0,640215
0,0,-1,0.5,0.2458,180,0,0,640232
0,0,-2,0.5,0.2458,180,0,0,640250
0,0,-2,0.5,0.2458,180,0,0,640268
0,0,0,0.5,0.2458,180,0,0,640281
0,-1,0,0.5,0.245665,180,0,0,640298
0,-1,0,0.5,0.24553,180,0,0,640314
0,-2,2,0.5,0.24526,180,0,0,640334
0,-1,1,0.5,0.245125,180,0,0,640350
0,-2,0,0.5,0.244855,180,0,0,640365
0,-1,0,0.5,0.24472,180,0,0,640382
0,0,0,0.5,0.24472,180,0,0,640399
0,0,0,0.5,0.24472,180,0,0,640414
0,0,0,0.5,0.24472,180,0,0,640431
0,0,0,0.5,0.24472,180,0,0,640448
0,2,1,0.5,0.24499,180,0,0,640466
0,1,0,0.5,0.245125,180,0,0,640482
0,1,0,0.5,0.24526,180,0,0,640498
0,1,0,0.5,0.245395,180,0,0,640516
0,0,0,0.5,0.245395,180,0,0,640534
0,0,-1,0.5,0.245395,180,0,0,640551
0,2,-1,0.5,0.245665,180,0,0,640568
0,0,0,0.5,0.245665,180,0,0,640582
0,0,0,0.5,0.245665,180,0,0,640601
0,-1,0,0.5,0.24553,180,0,0,640616
0,-1,0,0.5,0.245395,180,0,0,640632
0,-2,1,0.5,0.245125,180,0,0,640650
0,-2,0,0.5,0.244855,180,0,0,640666
0,-1,0,0.5,0.24472,180,0,0,640684
0,-1,0,0.5,0.244585,180,0,0,640701
0,0,-1,0.5,0.244585,180,0,0,640715
0,2,-2,0.5,0.244855,180,0,0,640732
0,1,-1,0.5,0.24499,180,0,0,640752
0,0,-2,0.5,0.24499,180,0,0,640767
0,0,-2,0.5,0.24499,180,0,0,640783
0,0,-1,0.5,0.24499,180,0,0,640799
0,-1,-1,0.5,0.244855,180,0,0,640820
0,0,0,0.5,0.244855,180,0,0,640834
0,0,0,0.5,0.244855,180,0,0,640849
0,0,0,0.5,0.244855,180,0,0,640865
0,1,2,0.5,0.24499,180,0,31,640883
0,3,3,0.5,0.245395,180,0,31,640902
0,1,1,0.5,0.24553,180,0,31,640917
0,0,1,0.5,0.24553,180,0,31,640932
0,0,1,0.5,0.24553,180,0,31,640950
0,0,0,0.5,0.24553,180,0,31,640967
0,-2,0,0.5,0.24526,180,0,31,640982
0,-1,0,0.5,0.245125,180,0,31,641004
0,0,0,0.5,0.245125,180,0,31,641016
0,1,-1,0.5,0.24526,180,0,0,641035
0,3,0,0.5,0.245665,180,0,0,641050
0,4,0,0.5,0.246205,180,0,0,641067
0,2,0,0.5,0.246475,180,0,0,641084
0,0,0,0.5,0.246475,180,0,0,641099
0,-2,2,0.5,0.246205,180,0,0,641120
0,-2,1,0.5,0.245935,180,0,0,641134
0,-2,1,0.5,0.245665,180,0,0,641151
0,-2,1,0.5,0.245395,180,0,0,641166
0,-1,1,0.5,0.24526,180,0,0,641183
0,0,1,0.5,0.24526,180,0,0,641202
0,1,1,0.5,0.245395,180,0,0,641218
0,1,0,0.5,0.24553,180,0,0,641233
0,1,0,0.5,0.245665,180,0,31,641253
0,2,0,0.5,0.245935,180,0,31,641272
0,0,0,0.5,0.245935,180,0,31,641286
0,0,-1,0.5,0.245935,180,0,31,641306
0,0,0,0.5,0.245935,180,0,31,641317
0,0,0,0.5,0.245935,180,0,31,641336
0,-2,0,0.5,0.245665,180,0,31,641354
0,0,0,0.5,0.245665,180,0,31,641366
0,0,0,0.5,0.245665,180,0,31,641383
0,3,0,0.5,0.24607,180,0,31,641400
0,2,0,0.5,0.24634,180,0,31,641419
0,3,0,0.5,0.246745,180,0,31,641434
0,1,0,0.5,0.24688,180,0,31,641450
0,1,0,0.5,0.247015,180,0,31,641468
0,0,0,0.5,0.247015,180,0,31,641483
0,0,0,0.5,0.247015,180,0,31,641500
0,1,0,0.5,0.24715,180,0,31,641517
0,2,0,0.5,0.24742,180,0,31,641534
0,0,0,0.5,0.24742,180,0,31,641550
0,0,0,0.5,0.24742,180,0,0,641567
0,1,0,0.5,0.247555,180,0,0,641583
0,1,0,0.5,0.24769,180,0,0,641600
0,1,0,0.5,0.247825,180,0,31,641617
0,1,-1,0.5,0.24796,180,0,31,641635
0,0,0,0.5,0.24796,180,0,0,641651
0,-3,0,0.5,0.247555,180,0,0,641667
0,-2,0,0.5,0.247285,180,0,0,641686
0,-1,0,0.5,0.24715,180,0,0,641702
0,0,1,0.5,0.24715,180,0,0,641720
0,0,1,0.5,0.24715,180,0,0,641734
0,0,1,0.5,0.24715,180,0,0,641751
0,2,1,0.5,0.24742,180,0,0,641770
0,1,0,0.5,0.247555,180,0,0,641785
0,0,0,0.5,0.247555,180,0,31,641802
0,0,0,0.5,0.247555,180,0,31,641817
0,0,0,0.5,0.247555,180,0,31,641834
0,-1,0,0.5,0.24742,180,0,31,641852
0,0,0,0.5,0.24742,180,0,31,641867
0,0,-1,0.5,0.24742,180,0,31,641887
0,3,0,0.5,0.247825,180,0,31,641901
0,2,0,0.5,0.248095,180,0,31,641918
0,1,0,0.5,0.24823,180,0,31,641936
0,0,0,0.5,0.24823,180,0,31,641951
0,0,0,0.5,0.24823,180,0,31,641967
0,-5,0,0.5,0.247555,180,0,31,641989
0,-2,0,0.5,0.247285,180,0,31,642003
0,0,0,0.5,0.247285,180,0,31,642017
0,-1,0,0.5,0.24715,180,0,0,642037
0,0,0,0.5,0.24715,180,0,0,642055
0,1,0,0.5,0.247285,180,0,0,642071
0,2,-1,0.5,0.247555,180,0,0,642085
0,1,0,0.5,0.24769,180,0,0,642101
0,1,0,0.5,0.247825,180,0,0,642118
0,1,0,0.5,0.24796,180,0,0,642142
0,0,0,0.5,0.24796,180,0,0,642153
0,0,0,0.5,0.24796,180,0,0,642173
0,0,0,0.5,0.24796,180,0,0,642187
0,-1,0,0.5,0.247825,180,0,0,642201
0,-1,0,0.5,0.24769,180,0,0,642218
0,-1,0,0.5,0.247555,180,0,0,642238
0,0,0,0.5,0.247555,180,0,0,642252
0,-1,0,0.5,0.24742,180,0,0,642269
0,-1,0,0.5,0.247285,180,0,31,642285
0,-1,-1,0.5,0.24715,180,0,31,642302
0,0,-1,0.5,0.24715,180,0,31,642319
0,1,-1,0.5,0.247285,180,0,31,642336
0,0,-1,0.5,0.247285,180,0,31,642351
0,-3,0,0.5,0.24688,180,0,31,642373
0,0,0,0.5,0.24688,180,0,31,642385
0,-2,0,0.5,0.24661,180,0,31,642402
0,-1,0,0.5,0.246475,180,0,31,642418
0,0,1,0.5,0.246475,180,0,31,642440
0,3,0,0.5,0.24688,180,0,31,642456
0,1,0,0.5,0.247015,180,0,31,642469
0,1,0,0.5,0.24715,180,0,31,642485
0,0,-1,0.5,0.24715,180,0,31,642502
0,1,-1,0.5,0.247285,180,0,31,642519
0,1,-1,0.5,0.24742,180,0,31,642543
0,0,0,0.5,0.24742,180,0,31,642554
0,0,-1,0.5,0.24742,180,0,31,642570
0,0,0,0.5,0.24742,180,0,31,642585
0,0,0,0.5,0.24742,180,0,31,642604
0,0,0,0.5,0.24742,180,0,31,642619
0,0,0,0.5,0.24742,180,0,31,642636
0,0,0,0.5,0.24742,180,0,31,642652
0,0,0,0.5,0.24742,180,0,31,642670
0,1,0,0.5,0.247555,180,0,31,642686
0,0,0,0.5,0.247555,180,0,31,642704
0,0,0,0.5,0.247555,180,0,31,642721
0,0,0,0.5,0.247555,180,0,31,642736
0,0,0,0.5,0.247555,180,0,31,642754
0,0,0,0.5,0.247555,180,0,31,642769
0,0,0,0.5,0.247555,180,0,31,642785
0,0,0,0.5,0.247555,180,0,31,642802
0,0,0,0.5,0.247555,180,0,0,642819
0,0,0,0.5,0.247555,180,0,0,642836
0,0,0,0.5,0.247555,180,0,0,642852
0,0,0,0.5,0.247555,180,0,0,642869
0,0,0,0.5,0.247555,180,0,0,642886
0,0,0,0.5,0.247555,180,0,0,642902
0,0,0,0.5,0.247555,180,0,0,642919
0,0,0,0.5,0.247555,180,0,0,642936
0,0,0,0.5,0.247555,180,0,0,642952
0,0,0,0.5,0.247555,180,0,0,642969
0,0,0,0.5,0.247555,180,0,0,642986
0,0,0,0.5,0.247555,180,0,0,643002
0,0,0,0.5,0.247555,180,0,0,643019
0,0,0,0.5,0.247555,180,0,0,643036
0,0,0,0.5,0.247555,180,0,0,643052
0,1,0,0.5,0.24769,180,0,0,643070
0,0,0,0.5,0.24769,180,0,0,643086
0,0,0,0.5,0.24769,180,0,0,643103
0,0,0,0.5,0.24769,180,0,0,643120
0,0,0,0.5,0.24769,180,0,0,643136
0,0,0,0.5,0.24769,180,0,0,643153
0,0,0,0.5,0.24769,180,0,0,643170
0,0,0,0.5,0.24769,180,0,0,643187
0,0,0,0.5,0.24769,180,0,0,643203
0,0,0,0.5,0.24769,180,0,0,643220
0,0,0,0.5,0.24769,180,0,0,643236
0,0,0,0.5,0.24769,180,0,0,643253
0,0,0,0.5,0.24769,180,0,0,643270
0,0,0,0.5,0.24769,180,0,0,643286
0,0,0,0.5,0.24769,180,0,0,643304
0,0,0,0.5,0.24769,180,0,0,643321
0,0,0,0.5,0.24769,180,0,0,643338
0,0,0,0.5,0.24769,180,0,0,643354
0,0,0,0.5,0.24769,180,0,0,643371
0,0,0,0.5,0.24769,180,0,0,643387
0,0,0,0.5,0.24769,180,0,0,643404
0,0,0,0.5,0.24769,180,0,0,643421
0,0,0,0.5,0.24769,180,0,0,643437
0,0,0,0.5,0.24769,180,0,0,643454
0,0,0,0.5,0.24769,180,0,0,643471
0,0,0,0.5,0.24769,180,0,0,643487
0,0,0,0.5,0.24769,180,0,0,643504
0,0,0,0.5,0.24769,180,0,0,643521
0,0,0,0.5,0.24769,180,0,0,643538
0,0,0,0.5,0.24769,180,0,0,643554
0,0,0,0.5,0.24769,180,0,0,643571
0,0,0,0.5,0.24769,180,0,0,643587
0,1,0,0.5,0.247825,180,0,0,643604
0,0,0,0.5,0.247825,180,0,0,643621
0,0,0,0.5,0.247825,180,0,0,643638
0,0,0,0.5,0.247825,180,0,0,643654
0,0,0,0.5,0.247825,180,0,0,643671
0,0,0,0.5,0.247825,180,0,0,643688
0,0,0,0.5,0.247825,180,0,0,643704
0,0,0,0.5,0.247825,180,0,0,643723
0,0,0,0.5,0.247825,180,0,0,643739
0,0,0,0.5,0.247825,180,0,0,643755
0,0,0,0.5,0.247825,180,0,0,643771
0,0,0,0.5,0.247825,180,0,0,643789
0,0,0,0.5,0.247825,180,0,0,643804
0,0,0,0.5,0.247825,180,0,0,643824
0,1,0,0.5,0.24796,180,0,0,643839
0,1,0,0.5,0.248095,180,0,0,643855
0,1,0,0.5,0.24823,180,0,0,643873
0,0,0,0.5,0.24823,180,0,0,643889
0,0,0,0.5,0.24823,180,0,0,643905
0,0,0,0.5,0.24823,180,0,0,643925
0,0,0,0.5,0.24823,180,0,0,643939
0,0,0,0.5,0.24823,180,0,0,643955
0,0,0,0.5,0.24823,180,0,0,643972
0,0,0,0.5,0.24823,180,0,0,643988
0,0,0,0.5,0.24823,180,0,0,644005
0,0,0,0.5,0.24823,180,0,0,644023
0,0,0,0.5,0.24823,180,0,0,644039
0,0,0,0.5,0.24823,180,0,0,644055
0,1,0,0.5,0.248365,180,0,0,644073
0,2,0,0.5,0.248635,180,0,0,644089
0,0,0,0.5,0.248635,180,0,0,644105
0,0,0,0.5,0.248635,180,0,0,644123
0,1,0,0.5,0.24877,180,0,0,644140
0,1,0,0.5,0.248905,180,0,0,644156
0,2,0,0.5,0.249175,180,0,0,644175
0,2,0,0.5,0.249445,180,0,0,644191
0,3,-1,0.5,0.24985,180,0,0,644210
0,2,0,0.5,0.25012,180,0,0,644222
0,0,-1,0.5,0.25012,180,0,0,644242
0,0,0,0.5,0.25012,180,0,0,644255
0,-4,0,0.5,0.24958,180,0,0,644272
0,-3,0,0.5,0.249175,180,0,0,644290
0,-1,0,0.5,0.24904,180,0,0,644306
0,-1,0,0.5,0.248905,180,0,0,644323
0,2,0,0.5,0.249175,180,0,0,644339
0,3,-1,0.5,0.24958,180,0,0,644362
0,9,-6,0.5,0.250795,180,0,0,644377
0,6,-4,0.5,0.251605,180,0,0,644392
0,3,-3,0.5,0.25201,180,0,0,644406
0,3,-3,0.5,0.252415,180,0,0,644423
0,3,-3,0.5,0.25282,180,0,0,644443
0,3,-2,0.5,0.253225,180,0,31,644459
0,4,-2,0.5,0.253765,180,0,31,644475
0,4,-2,0.5,0.254305,180,0,31,644494
0,3,-2,0.5,0.25471,180,0,31,644507
0,3,-2,0.5,0.255115,180,0,0,644524
0,2,-1,0.5,0.255385,180,0,0,644539
0,1,0,0.5,0.25552,180,0,0,644557
0,0,0,0.5,0.25552,180,0,0,644577
0,0,0,0.5,0.25552,180,0,0,644590
0,-5,0,0.5,0.254845,180,0,0,644607
0,-7,0,0.5,0.2539,180,0,0,644623
0,-10,0,0.5,0.25255,180,0,0,644640
0,-13,0,0.5,0.250795,180,0,0,644656
0,-15,0,0.5,0.24877,180,0,0,644672
0,-18,0,0.5,0.24634,180,0,0,644690
0,-42,2,0.5,0.24067,180,0,0,644710
0,-22,2,0.5,0.2377,180,0,0,644724
0,-21,2,0.5,0.234865,180,0,0,644740
0,-18,2,0.5,0.232435,180,0,0,644759
0,-13,1,0.5,0.23068,180,0,0,644774
0,-6,1,0.5,0.22987,180,0,0,644792
0,-1,0,0.5,0.229735,180,0,0,644810
0,7,1,0.5,0.23068,180,0,0,644832
0,9,0,0.5,0.231895,180,0,31,644841
0,6,0,0.5,0.232705,180,0,31,644859
0,3,0,0.5,0.23311,180,0,31,644874
0,0,0,0.5,0.23311,180,0,31,644892
0,-3,0,0.5,0.232705,180,0,31,644909
0,-4,0,0.5,0.232165,180,0,0,644924
0,-4,0,0.5,0.231625,180,0,0,644941
0,-4,0,0.5,0.231085,180,0,0,644957
0,-3,0,0.5,0.23068,180,0,0,644975
0,-4,1,0.5,0.23014,180,0,0,644991
0,-3,1,0.5,0.229735,180,0,0,645011
0,-2,0,0.5,0.229465,180,0,0,645024
0,0,-1,0.5,0.229465,180,0,0,645041
0,3,-2,0.5,0.22987,180,0,0,645060
0,5,-3,0.5,0.230545,180,0,0,645081
0,1,-2,0.5,0.23068,180,0,0,645096
0,-2,-2,0.5,0.23041,180,0,0,645112
0,-4,-1,0.5,0.22987,180,0,0,645126
0,-6,-1,0.5,0.22906,180,0,0,645141
0,-7,-1,0.5,0.228115,180,0,0,645159
0,-8,-1,0.5,0.227035,180,0,0,645174
0,-10,0,0.5,0.225685,180,0,31,645196
0,-10,0,0.5,0.224335,180,0,31,645209
0,-9,0,0.5,0.22312,180,0,31,645224
0,-9,0,0.5,0.221905,180,0,0,645241
0,-7,0,0.5,0.22096,180,0,0,645259
0,-6,0,0.5,0.22015,180,0,0,645276
0,-3,0,0.5,0.219745,180,0,0,645293
0,-1,0,0.5,0.21961,180,0,0,645307
0,3,-1,0.5,0.220015,180,0,0,645324
0,3,-2,0.5,0.22042,180,0,0,645342
0,4,-3,0.5,0.22096,180,0,31,645360
0,4,-3,0.5,0.2215,180,0,31,645376
0,10,-5,0.5,0.22285,180,0,31,645396
0,0,-1,0.5,0.22285,180,0,31,645408
0,11,-6,0.5,0.224335,180,0,31,645434
0,6,-3,0.5,0.225145,180,0,31,645445
0,0,0,0.5,0.225145,180,0,31,645459
0,7,-5,0.5,0.22609,180,0,0,645478
0,1,-1,0.5,0.226225,180,0,0,645493
0,-2,-1,0.5,0.225955,180,0,0,645512
0,-4,0,0.5,0.225415,180,0,0,645527
0,-5,0,0.5,0.22474,180,0,0,645541
0,-5,0,0.5,0.224065,180,0,0,645560
0,-6,0,0.5,0.223255,180,0,0,645575
0,-6,0,0.5,0.222445,180,0,0,645591
0,-7,0,0.5,0.2215,180,0,0,645609
0,-7,0,0.5,0.220555,180,0,0,645625
0,-5,0,0.5,0.21988,180,0,0,645645
0,-3,0,0.5,0.219475,180,0,0,645658
0,-3,-1,0.5,0.21907,180,0,0,645675
0,-1,-2,0.5,0.218935,180,0,31,645693
0,1,-1,0.5,0.21907,180,0,0,645708
0,0,-2,0.5,0.21907,180,0,0,645725
0,2,-1,0.5,0.21934,180,0,31,645742
0,1,-1,0.5,0.219475,180,0,31,645759
0,2,-1,0.5,0.219745,180,0,31,645776
0,1,-1,0.5,0.21988,180,0,31,645792
0,0,0,0.5,0.21988,180,0,31,645808
0,-1,0,0.5,0.219745,180,0,31,645831
0,-2,0,0.5,0.219475,180,0,31,645845
0,-3,0,0.5,0.21907,180,0,31,645859
0,-5,0,0.5,0.218395,180,0,31,645875
0,-4,0,0.5,0.217855,180,0,31,645892
0,-6,0,0.5,0.217045,180,0,31,645911
0,-5,0,0.5,0.21637,180,0,0,645926
0,-6,0,0.5,0.21556,180,0,0,645942
0,-4,0,0.5,0.21502,180,0,0,645961
0,-5,1,0.5,0.214345,180,0,0,645976
0,-5,1,0.5,0.21367,180,0,0,645994
0,-4,1,0.5,0.21313,180,0,0,646010
0,-5,2,0.5,0.212455,180,0,0,646028
0,-4,1,0.5,0.211915,180,0,0,646042
0,-2,1,0.5,0.211645,180,0,0,646064
0,-1,0,0.5,0.21151,180,0,0,646076
0,0,0,0.5,0.21151,180,0,31,646093
0,0,0,0.5,0.21151,180,0,31,646110
0,0,0,0.5,0.21151,180,0,31,646125
0,3,-1,0.5,0.211915,180,0,31,646146
0,0,0,0.5,0.211915,180,0,31,646160
0,1,-1,0.5,0.21205,180,0,31,646176
0,1,-1,0.5,0.212185,180,0,31,646193
0,1,-4,0.5,0.21232,180,0,31,646211
0,-1,-1,0.5,0.212185,180,0,31,646229
0,-2,-1,0.5,0.211915,180,0,31,646243
0,-2,-1,0.5,0.211645,180,0,31,646262
0,-3,0,0.5,0.21124,180,0,31,646280
0,-2,0,0.5,0.21097,180,0,31,646293
0,-2,0,0.5,0.2107,180,0,31,646310
0,-2,0,0.5,0.21043,180,0,31,646330
0,0,0,0.5,0.21043,180,0,31,646344
0,-1,0,0.5,0.210295,180,0,31,646361
0,0,0,0.5,0.210295,180,0,31,646377
0,0,0,0.5,0.210295,180,0,31,646393
0,0,0,0.5,0.210295,180,0,0,646409
0,0,0,0.5,0.210295,180,0,0,646426
0,-4,0,0.5,0.209755,180,0,0,646442
0,-4,0,0.5,0.209215,180,0,0,646461
0,-7,0,0.5,0.20827,180,0,0,646477
0,-5,1,0.5,0.207595,180,0,0,646493
0,-4,1,0.5,0.207055,180,0,0,646511
0,-3,1,0.5,0.20665,180,0,0,646526
0,-2,2,0.5,0.20638,180,0,0,646546
0,-2,2,0.5,0.20611,180,0,0,646562
0,0,1,0.5,0.20611,180,0,0,646578
0,0,0,0.5,0.20611,180,0,0,646593
0,0,0,0.5,0.20611,180,0,31,646612
0,2,-2,0.5,0.20638,180,0,31,646629
0,1,-2,0.5,0.206515,180,0,31,646645
0,1,-1,0.5,0.20665,180,0,31,646663
0,2,-2,0.5,0.20692,180,0,31,646680
0,3,-2,0.5,0.207325,180,0,31,646696
0,3,-2,0.5,0.20773,180,0,31,646710
0,1,-1,0.5,0.207865,180,0,31,646736
0,1,-1,0.5,0.208,180,0,31,646751
0,0,0,0.5,0.208,180,0,31,646761
0,0,0,0.5,0.208,180,0,31,646776
0,0,1,0.5,0.208,180,0,31,646798
0,-1,1,0.5,0.207865,180,0,31,646814
0,-1,1,0.5,0.20773,180,0,31,646829
0,0,2,0.5,0.20773,180,0,0,646844
0,4,1,0.5,0.20827,180,0,0,646861
0,6,2,0.5,0.20908,180,0,0,646878
0,8,1,0.5,0.21016,180,0,0,646894
0,8,1,0.5,0.21124,180,0,0,646913
0,4,0,0.5,0.21178,180,0,0,646929
0,2,0,0.5,0.21205,180,0,0,646948
0,-6,-1,0.5,0.21124,180,0,0,646963
0,-5,0,0.5,0.210565,180,0,0,646979
0,-6,0,0.5,0.209755,180,0,0,646996
0,-7,0,0.5,0.20881,180,0,0,647012
0,-5,1,0.5,0.208135,180,0,0,647028
0,-3,1,0.5,0.20773,180,0,0,647051
0,-1,0,0.5,0.207595,180,0,0,647068
0,0,1,0.5,0.207595,180,0,0,647081
0,3,0,0.5,0.208,180,0,0,647096
0,2,0,0.5,0.20827,180,0,0,647111
0,1,0,0.5,0.208405,180,0,0,647130
0,0,0,0.5,0.208405,180,0,0,647146
0,0,-1,0.5,0.208405,180,0,0,647165
0,0,0,0.5,0.208405,180,0,0,647178
0,-2,0,0.5,0.208135,180,0,0,647194
0,0,0,0.5,0.208135,180,0,0,647212
0,0,0,0.5,0.208135,180,0,0,647228
0,1,2,0.5,0.20827,180,0,0,647245
0,1,1,0.5,0.208405,180,0,0,647264
0,1,1,0.5,0.20854,180,0,0,647280
0,1,2,0.5,0.208675,180,0,0,647296
0,0,1,0.5,0.208675,180,0,0,647312
0,0,1,0.5,0.208675,180,0,0,647329
0,0,1,0.5,0.208675,180,0,0,647345
0,2,1,0.5,0.208945,180,0,0,647366
0,0,0,0.5,0.208945,180,0,0,647378
0,3,0,0.5,0.20935,180,0,0,647395
0,1,0,0.5,0.209485,180,0,0,647418
0,1,0,0.5,0.20962,180,0,0,647431
0,1,0,0.5,0.209755,180,0,0,647445
0,2,0,0.5,0.210025,180,0,0,647462
0,2,0,0.5,0.210295,180,0,0,647479
0,2,0,0.5,0.210565,180,0,0,647496
0,1,0,0.5,0.2107,180,0,0,647512
0,1,0,0.5,0.210835,180,0,0,647529
0,0,0,0.5,0.210835,180,0,0,647545
0,0,0,0.5,0.210835,180,0,0,647562
0,0,0,0.5,0.210835,180,0,0,647578
0,0,0,0.5,0.210835,180,0,0,647594
0,0,1,0.5,0.210835,180,0,0,647612
0,2,1,0.5,0.211105,180,0,0,647630
0,1,1,0.5,0.21124,180,0,0,647645
0,2,1,0.5,0.21151,180,0,0,647662
0,2,1,0.5,0.21178,180,0,0,647680
0,1,1,0.5,0.211915,180,0,0,647696
0,1,1,0.5,0.21205,180,0,0,647714
0,2,0,0.5,0.21232,180,0,0,647731
0,0,0,0.5,0.21232,180,0,0,647746
0,0,0,0.5,0.21232,180,0,0,647763
0,0,1,0.5,0.21232,180,0,0,647780
0,0,0,0.5,0.21232,180,0,0,647797
0,0,0,0.5,0.21232,180,0,0,647813
0,0,0,0.5,0.21232,180,0,0,647830
0,0,0,0.5,0.21232,180,0,0,647846
0,1,0,0.5,0.212455,180,0,0,647865
0,1,1,0.5,0.21259,180,0,0,647880
0,0,0,0.5,0.21259,180,0,0,647896
0,2,1,0.5,0.21286,180,0,0,647915
0,0,0,0.5,0.21286,180,0,0,647933
0,1,1,0.5,0.212995,180,0,0,647947
0,0,0,0.5,0.212995,180,0,0,647963
0,0,1,0.5,0.212995,180,0,0,647983
0,1,0,0.5,0.21313,180,0,0,647996
0,0,0,0.5,0.21313,180,0,0,648013
0,0,0,0.5,0.21313,180,0,0,648029
0,1,0,0.5,0.213265,180,0,0,648046
0,0,1,0.5,0.213265,180,0,0,648063
0,1,0,0.5,0.2134,180,0,0,648082
0,0,0,0.5,0.2134,180,0,0,648096
0,1,0,0.5,0.213535,180,0,0,648113
0,0,2,0.5,0.213535,180,0,0,648131
0,0,0,0.5,0.213535,180,0,0,648146
0,2,0,0.5,0.213805,180,0,0,648163
0,0,0,0.5,0.213805,180,0,0,648179
0,0,0,0.5,0.213805,180,0,0,648197
0,1,0,0.5,0.21394,180,0,0,648214
0,1,0,0.5,0.214075,180,0,0,648229
0,0,0,0.5,0.214075,180,0,0,648246
0,1,0,0.5,0.21421,180,0,0,648263
0,0,0,0.5,0.21421,180,0,0,648279
0,1,0,0.5,0.214345,180,0,0,648297
0,1,0,0.5,0.21448,180,0,0,648313
0,0,0,0.5,0.21448,180,0,0,648330
0,1,0,0.5,0.214615,180,0,0,648348
0,0,0,0.5,0.214615,180,0,0,648365
0,0,0,0.5,0.214615,180,0,0,648380
0,0,0,0.5,0.214615,180,0,0,648396
0,0,0,0.5,0.214615,180,0,0,648414
0,1,0,0.5,0.21475,180,0,0,648430
0,0,0,0.5,0.21475,180,0,0,648447
0,0,0,0.5,0.21475,180,0,0,648464
0,1,0,0.5,0.214885,180,0,0,648480
0,0,0,0.5,0.214885,180,0,0,648499
0,1,0,0.5,0.21502,180,0,0,648515
0,1,0,0.5,0.215155,180,0,0,648533
0,0,0,0.5,0.215155,180,0,0,648547
0,1,0,0.5,0.21529,180,0,0,648564
0,0,0,0.5,0.21529,180,0,0,648581
0,1,0,0.5,0.215425,180,0,0,648597
0,0,0,0.5,0.215425,180,0,0,648614
0,0,0,0.5,0.215425,180,0,0,648631
0,0,0,0.5,0.215425,180,0,0,648647
0,0,0,0.5,0.215425,180,0,0,648664
0,0,0,0.5,0.215425,180,0,0,648682
0,0,0,0.5,0.215425,180,0,0,648697
0,1,0,0.5,0.21556,180,0,0,648714
0,0,0,0.5,0.21556,180,0,0,648731
0,1,0,0.5,0.215695,180,0,0,648748
0,1,0,0.5,0.21583,180,0,0,648764
0,0,0,0.5,0.21583,180,0,0,648781
0,0,0,0.5,0.21583,180,0,0,648797
0,0,0,0.5,0.21583,180,0,0,648816
0,0,0,0.5,0.21583,180,0,0,648834
0,0,0,0.5,0.21583,180,0,0,648847
0,0,0,0.5,0.21583,180,0,0,648864
0,0,0,0.5,0.21583,180,0,0,648881
0,0,0,0.5,0.21583,180,0,0,648899
0,0,0,0.5,0.21583,180,0,0,648915
0,0,0,0.5,0.21583,180,0,0,648932
0,0,0,0.5,0.21583,180,0,0,648948
0,1,0,0.5,0.215965,180,0,0,648965
0,0,0,0.5,0.215965,180,0,0,648982
0,1,0,0.5,0.2161,180,0,0,648999
0,0,-2,0.5,0.2161,180,0,0,649015
0,0,-2,0.5,0.2161,180,0,0,649033
0,0,-2,0.5,0.2161,180,0,0,649053
0,0,-3,0.5,0.2161,180,0,0,649072
0,-1,-3,0.5,0.215965,180,0,0,649084
0,-1,-2,0.5,0.21583,180,0,0,649101
0,-2,-2,0.5,0.21556,180,0,0,649118
0,-1,-1,0.5,0.215425,180,0,0,649133
0,-4,-1,0.5,0.214885,180,0,0,649149
0,-4,0,0.5,0.214345,180,0,0,649166
0,-4,0,0.5,0.213805,180,0,0,649182
0,-5,0,0.5,0.21313,180,0,0,649198
0,-9,1,0.5,0.211915,180,0,0,649224
0,-2,0,0.5,0.211645,180,0,0,649236
0,-3,0,0.5,0.21124,180,0,0,649251
0,0,0,0.5,0.21124,180,0,0,649265
0,-2,0,0.5,0.21097,180,0,0,649281
0,-1,0,0.5,0.210835,180,0,0,649301
0,0,0,0.5,0.210835,180,0,0,649315
0,3,0,0.5,0.21124,180,0,0,649333
0,4,0,0.5,0.21178,180,0,0,649349
0,4,0,0.5,0.21232,180,0,0,649365
0,8,0,0.5,0.2134,180,0,0,649382
0,10,0,0.5,0.21475,180,0,0,649399
0,12,0,0.5,0.21637,180,0,0,649417
0,15,0,0.5,0.218395,180,0,0,649434
0,17,1,0.5,0.22069,180,0,0,649452
0,18,2,0.5,0.22312,180,0,0,649466
0,20,2,0.5,0.22582,180,0,0,649483
0,20,1,0.5,0.22852,180,0,0,649502
0,19,0,0.5,0.231085,180,0,0,649518
0,19,0,0.5,0.23365,180,0,31,649536
0,17,-1,0.5,0.235945,180,0,31,649550
0,34,-7,0.5,0.240535,180,0,31,649572
0,0,0,0.5,0.240535,180,0,31,649583
0,15,-5,0.5,0.24256,180,0,0,649602
0,30,-15,0.5,0.24661,180,0,0,649631
0,16,-11,0.5,0.24877,180,0,0,649647
0,16,-10,0.5,0.25093,180,0,0,649659
0,15,-10,0.5,0.252955,180,0,0,649672
0,13,-9,0.5,0.25471,180,0,0,649688
0,11,-7,0.5,0.256195,180,0,0,649704
0,13,-6,0.5,0.25795,180,0,0,649717
0,12,-4,0.5,0.25957,180,0,0,649738
0,14,-3,0.5,0.26146,180,0,0,649753
0,15,-3,0.5,0.263485,180,0,0,649767
0,14,-4,0.5,0.265375,180,0,0,649784
0,13,-4,0.5,0.26713,180,0,0,649802
0,10,-5,0.5,0.26848,180,0,0,649817
0,9,-5,0.5,0.269695,180,0,0,649837
0,7,-5,0.5,0.27064,180,0,0,649851
0,6,-6,0.5,0.27145,180,0,0,649869
0,7,-6,0.5,0.272395,180,0,0,649892
0,9,-6,0.5,0.27361,180,0,0,649903
0,14,-6,0.5,0.2755,180,0,0,649919
0,17,-7,0.5,0.277795,180,0,0,649936
0,20,-7,0.5,0.280495,180,0,0,649956
0,44,-17,0.5,0.286435,180,0,0,649977
0,0,0,0.5,0.286435,180,0,0,649985
0,22,-8,0.5,0.289405,180,0,0,650004
0,46,-13,0.5,0.295615,180,0,0,650022
0,22,-5,0.5,0.298585,180,0,0,650036
0,22,-5,0.5,0.301555,180,0,0,650055
0,20,-3,0.5,0.304255,180,0,0,650072
0,21,-4,0.5,0.30709,180,0,0,650088
0,22,-3,0.5,0.31006,180,0,0,650103
0,22,-3,0.5,0.31303,180,0,0,650119
0,21,-4,0.5,0.315865,180,0,0,650136
0,19,-4,0.5,0.31843,180,0,0,650155
0,13,-4,0.5,0.320185,180,0,0,650170
0,11,-4,0.5,0.32167,180,0,0,650185
0,9,-4,0.5,0.322885,180,0,0,650203
0,7,-4,0.5,0.32383,180,0,0,650222
0,7,-4,0.5,0.324775,180,0,0,650235
0,8,-5,0.5,0.325855,180,0,0,650256
0,13,-5,0.5,0.32761,180,0,31,650272
0,18,-6,0.5,0.33004,180,0,31,650286
0,21,-6,0.5,0.332875,180,0,31,650302
0,22,-6,0.5,0.335845,180,0,31,650321
0,20,-5,0.5,0.338545,180,0,0,650345
0,19,-5,0.5,0.34111,180,0,0,650355
0,18,-4,0.5,0.34354,180,0,0,650369
0,17,-4,0.5,0.345835,180,0,0,650385
0,16,-4,0.5,0.347995,180,0,0,650404
0,28,-5,0.5,0.351775,180,0,0,650423
0,15,-2,0.5,0.3538,180,0,0,650439
0,14,-1,0.5,0.35569,180,0,0,650455
0,10,-2,0.5,0.35704,180,0,0,650469
0,4,-1,0.5,0.35758,180,0,0,650484
0,-1,-1,0.5,0.357445,180,0,0,650503
0,-8,-1,0.5,0.356365,180,0,0,650523
0,-9,0,0.5,0.35515,180,0,0,650537
0,-8,0,0.5,0.35407,180,0,0,650552
0,-7,0,0.5,0.353125,180,0,0,650573
0,-6,0,0.5,0.352315,180,0,0,650587
0,-3,0,0.5,0.35191,180,0,0,650602
0,-1,0,0.5,0.351775,180,0,0,650619
0,3,0,0.5,0.35218,180,0,0,650635
0,8,-1,0.5,0.35326,180,0,0,650652
0,12,-1,0.5,0.35488,180,0,0,650669
0,15,-2,0.5,0.356905,180,0,0,650685
0,17,-3,0.5,0.3592,180,0,0,650704
0,37,-7,0.5,0.364195,180,0,0,650730
0,0,0,0.5,0.364195,180,0,0,650736
0,16,-3,0.5,0.366355,180,0,0,650751
0,14,-3,0.5,0.368245,180,0,0,650772
0,25,-2,0.5,0.37162,180,0,0,650787
0,12,0,0.5,0.37324,180,0,0,650802
0,0,0,0.5,0.37324,180,0,0,650817
0,28,0,0.5,0.37702,180,0,0,650839
0,19,0,0.5,0.379585,180,0,0,650852
0,21,0,0.5,0.38242,180,0,0,650868
0,24,0,0.5,0.38566,180,0,0,650886
0,23,0,0.5,0.388765,180,0,0,650905
0,24,0,0.5,0.392005,180,0,0,650919
0,24,0,0.5,0.395245,180,0,0,650935
0,24,0,0.5,0.398485,180,0,0,650954
0,25,0,0.5,0.40186,180,0,0,650969
0,28,0,0.5,0.40564,180,0,0,650985
0,30,0,0.5,0.40969,180,0,0,651001
0,28,0,0.5,0.41347,180,0,0,651019
0,25,-1,0.5,0.416845,180,0,0,651035
0,20,-3,0.5,0.419545,180,0,0,651054
0,14,-2,0.5,0.421435,180,0,0,651069
0,13,-2,0.5,0.42319,180,0,0,651086
0,12,-1,0.5,0.42481,180,0,0,651103
0,12,-1,0.5,0.42643,180,0,0,651121
0,12,-1,0.5,0.42805,180,0,0,651139
0,12,0,0.5,0.42967,180,0,0,651155
0,12,0,0.5,0.43129,180,0,0,651169
0,12,0,0.5,0.43291,180,0,0,651186
0,26,1,0.5,0.43642,180,0,0,651204
0,13,1,0.5,0.438175,180,0,0,651221
0,11,0,0.5,0.43966,180,0,0,651238
0,8,0,0.5,0.44074,180,0,0,651253
0,2,-1,0.5,0.44101,180,0,0,651270
0,-6,-2,0.5,0.4402,180,0,0,651286
0,-9,-2,0.5,0.438985,180,0,0,651308
0,-14,-3,0.5,0.437095,180,0,0,651324
0,-18,-3,0.5,0.434665,180,0,0,651342
0,-16,-3,0.5,0.432505,180,0,0,651354
0,-14,0,0.5,0.430615,180,0,0,651370
0,-9,0,0.5,0.4294,180,0,0,651388
0,-5,0,0.5,0.428725,180,0,0,651404
0,-2,0,0.5,0.428455,180,0,0,651420
0,1,0,0.5,0.42859,180,0,0,651439
0,6,-1,0.5,0.4294,180,0,0,651453
0,12,-1,0.5,0.43102,180,0,0,651470
0,17,0,0.5,0.433315,180,0,0,651486
0,21,0,0.5,0.43615,180,0,0,651503
0,24,0,0.5,0.43939,180,0,31,651521
0,23,0,0.5,0.442495,180,0,31,651538
0,20,0,0.5,0.445195,180,0,31,651554
0,14,0,0.5,0.447085,180,0,0,651577
0,14,0,0.5,0.448975,180,0,0,651587
0,0,0,0.5,0.448975,180,0,0,651604
0,4,1,0.5,0.449515,180,0,0,651621
0,0,0,0.5,0.449515,180,0,0,651637
0,0,0,0.5,0.449515,180,0,0,651656
0,-6,0,0.5,0.448705,180,0,0,651671
0,-5,-2,0.5,0.44803,180,0,0,651688
0,-6,-1,0.5,0.44722,180,0,0,651703
0,-7,-1,0.5,0.446275,180,0,0,651721
0,-11,0,0.5,0.44479,180,0,0,651737
0,-14,1,0.5,0.4429,180,0,0,651754
0,-19,1,0.5,0.440335,180,0,0,651773
0,-19,2,0.5,0.43777,180,0,0,651788
0,-20,2,0.5,0.43507,180,0,0,651805
0,-18,2,0.5,0.43264,180,0,0,651822
0,-17,2,0.5,0.430345,180,0,0,651841
0,-14,2,0.5,0.428455,180,0,0,651854
0,-10,3,0.5,0.427105,180,0,0,651874
0,-7,3,0.5,0.42616,180,0,0,651890
0,-3,3,0.5,0.425755,180,0,0,651906
0,-1,3,0.5,0.42562,180,0,0,651924
0,2,2,0.5,0.42589,180,0,0,651939
0,7,0,0.5,0.426835,180,0,0,651956
0,4,0,0.5,0.427375,180,0,0,651971
0,4,-3,0.5,0.427915,180,0,0,651990
0,3,-3,0.5,0.42832,180,0,0,652006
0,3,-5,0.5,0.428725,180,0,0,652026
0,2,-5,0.5,0.428995,180,0,0,652042
0,2,-6,0.5,0.429265,180,0,0,652056
0,1,-5,0.5,0.4294,180,0,0,652073
0,4,-5,0.5,0.42994,180,0,0,652092
0,3,-4,0.5,0.430345,180,0,0,652107
0,2,-3,0.5,0.430615,180,0,0,652130
0,1,-2,0.5,0.43075,180,0,0,652139
0,0,-1,0.5,0.43075,180,0,0,652154
0,1,-1,0.5,0.430885,180,0,0,652172
0,0,0,0.5,0.430885,180,0,0,652187
0,1,0,0.5,0.43102,180,0,0,652204
0,0,0,0.5,0.43102,180,0,0,652223
0,0,0,0.5,0.43102,180,0,0,652238
0,-2,0,0.5,0.43075,180,0,0,652254
0,-2,0,0.5,0.43048,180,0,0,652271
0,-3,0,0.5,0.430075,180,0,0,652290
0,-2,0,0.5,0.429805,180,0,0,652305
0,-1,0,0.5,0.42967,180,0,0,652322
0,-1,0,0.5,0.429535,180,0,0,652338
0,0,0,0.5,0.429535,180,0,0,652354
0,6,2,0.5,0.430345,180,0,0,652373
0,3,1,0.5,0.43075,180,0,0,652390
0,3,0,0.5,0.431155,180,0,0,652404
0,0,0,0.5,0.431155,180,0,0,652422
0,-1,-1,0.5,0.43102,180,0,0,652440
0,-4,-3,0.5,0.43048,180,0,0,652455
0,-3,-3,0.5,0.430075,180,0,0,652477
0,-3,-4,0.5,0.42967,180,0,0,652492
0,-2,-3,0.5,0.4294,180,0,0,652510
0,-1,-3,0.5,0.429265,180,0,0,652524
0,1,-2,0.5,0.4294,180,0,0,652541
0,5,-2,0.5,0.430075,180,0,0,652566
0,0,-1,0.5,0.430075,180,0,0,652572
0,3,0,0.5,0.43048,180,0,0,652592
0,2,0,0.5,0.43075,180,0,0,652605
0,1,0,0.5,0.430885,180,0,0,652622
0,0,0,0.5,0.430885,180,0,0,652642
0,0,0,0.5,0.430885,180,0,0,652655
0,-5,0,0.5,0.43021,180,0,0,652672
0,-3,0,0.5,0.429805,180,0,0,652689
0,-8,0,0.5,0.428725,180,0,0,652707
0,-5,2,0.5,0.42805,180,0,0,652724
0,-4,1,0.5,0.42751,180,0,0,652742
0,-2,1,0.5,0.42724,180,0,0,652756
0,0,1,0.5,0.42724,180,0,0,652774
0,3,1,0.5,0.427645,180,0,0,652790
0,4,0,0.5,0.428185,180,0,0,652805
0,3,0,0.5,0.42859,180,0,0,652822
0,2,0,0.5,0.42886,180,0,0,652839
0,0,-1,0.5,0.42886,180,0,0,652856
0,0,-1,0.5,0.42886,180,0,0,652877
0,-1,-1,0.5,0.428725,180,0,0,652891
0,0,0,0.5,0.428725,180,0,0,652905
0,0,0,0.5,0.428725,180,0,0,652922
0,0,0,0.5,0.428725,180,0,0,652938
0,0,0,0.5,0.428725,180,0,0,652956
0,0,0,0.5,0.428725,180,0,0,652972
0,0,0,0.5,0.428725,180,0,0,652989
0,1,0,0.5,0.42886,180,0,0,653006
0,0,-2,0.5,0.42886,180,0,0,653023
0,2,-2,0.5,0.42913,180,0,0,653040
0,3,-3,0.5,0.429535,180,0,0,653056
0,16,-3,0.5,0.431695,180,0,0,653076
0,0,-4,0.5,0.431695,180,0,0,653091
0,29,-5,0.5,0.43561,180,0,0,653112
0,16,-5,0.5,0.43777,180,0,0,653125
0,21,-2,0.5,0.440605,180,0,0,653142
0,22,-2,0.5,0.443575,180,0,0,653157
0,25,-1,0.5,0.44695,180,0,0,653174
0,25,-1,0.5,0.450325,180,0,0,653191
0,29,0,0.5,0.45424,180,0,0,653207
0,30,0,0.5,0.45829,180,0,0,653226
0,33,0,0.5,0.462745,180,0,0,653240
0,32,0,0.5,0.467065,180,0,0,653256
0,28,0,0.5,0.470845,180,0,31,653274
0,20,0,0.5,0.473545,180,0,31,653290
0,15,1,0.5,0.47557,180,0,31,653313
0,5,1,0.5,0.476245,180,0,31,653325
0,1,0,0.5,0.47638,180,0,0,653341
0,3,2,0.5,0.476785,180,0,0,653357
0,5,1,0.5,0.47746,180,0,0,653376
0,9,0,0.5,0.478675,180,0,0,653391
0,11,0,0.5,0.48016,180,0,0,653406
0,12,-2,0.5,0.48178,180,0,0,653423
0,25,-2,0.5,0.485155,180,0,0,653444
0,0,-2,0.5,0.485155,180,0,0,653459
0,10,-1,0.5,0.486505,180,0,0,653475
0,8,0,0.5,0.487585,180,0,0,653492
0,17,-1,0.5,0.48988,180,0,0,653509
0,8,-1,0.5,0.49096,180,0,0,653525
0,8,-3,0.5,0.49204,180,0,31,653543
0,6,-2,0.5,0.49285,180,0,31,653558
0,4,-2,0.5,0.49339,180,0,31,653574
0,4,-2,0.5,0.49393,180,0,31,653593
0,5,-2,0.5,0.494605,180,0,0,653608
0,7,-1,0.5,0.49555,180,0,0,653625
0,11,0,0.5,0.497035,180,0,0,653640
0,15,0,0.5,0.49906,180,0,0,653662
0,16,0,0.5,0.50122,180,0,0,653679
0,20,0,0.5,0.50392,180,0,0,653693
0,20,0,0.5,0.50662,180,0,0,653709
0,21,0,0.5,0.509455,180,0,0,653725
0,21,0,0.5,0.51229,180,0,0,653742
0,19,1,0.5,0.514855,180,0,0,653762
0,19,2,0.5,0.51742,180,0,0,653776
0,18,2,0.5,0.51985,180,0,0,653791
0,35,6,0.5,0.524575,180,0,0,653816
0,0,0,0.5,0.524575,180,0,0,653824
0,17,2,0.5,0.52687,180,0,0,653842
0,38,1,0.5,0.532,180,0,0,653862
0,22,0,0.5,0.53497,180,0,0,653875
0,23,-2,0.5,0.538075,180,0,0,653896
0,21,-3,0.5,0.54091,180,0,0,653910
0,19,-5,0.5,0.543475,180,0,0,653926
0,16,-6,0.5,0.545635,180,0,0,653943
0,15,-6,0.5,0.54766,180,0,0,653961
0,11,-5,0.5,0.549145,180,0,0,653978
0,10,-6,0.5,0.550495,180,0,0,653993
0,10,-5,0.5,0.551845,180,0,0,654009
0,14,-5,0.5,0.553735,180,0,0,654030
0,18,-5,0.5,0.556165,180,0,0,654044
0,22,-4,0.5,0.559135,180,0,0,654060
0,22,-3,0.5,0.562105,180,0,0,654075
0,22,-2,0.5,0.565075,180,0,0,654095
0,22,-1,0.5,0.568045,180,0,0,654109
0,21,0,0.5,0.57088,180,0,0,654125
0,22,0,0.5,0.57385,180,0,31,654142
0,22,0,0.5,0.57682,180,0,31,654161
0,21,0,0.5,0.579655,180,0,0,654177
0,22,0,0.5,0.582625,180,0,0,654194
0,23,0,0.5,0.58573,180,0,0,654211
0,24,0,0.5,0.58897,180,0,0,654228
0,43,-4,0.5,0.594775,180,0,0,654245
0,18,-4,0.5,0.597205,180,0,0,654263
0,18,-5,0.5,0.599635,180,0,0,654282
0,15,-5,0.5,0.60166,180,0,0,654296
0,15,-5,0.5,0.603685,180,0,0,654312
0,13,-5,0.5,0.60544,180,0,0,654326
0,13,-5,0.5,0.607195,180,0,0,654344
0,11,-5,0.5,0.60868,180,0,0,654363
0,10,-4,0.5,0.61003,180,0,0,654382
0,9,-3,0.5,0.611245,180,0,0,654398
0,6,-3,0.5,0.612055,180,0,0,654411
0,6,-2,0.5,0.612865,180,0,0,654426
0,7,0,0.5,0.61381,180,0,0,654443
0,6,0,0.5,0.61462,180,0,0,654461
0,4,1,0.5,0.61516,180,0,0,654477
0,1,0,0.5,0.615295,180,0,0,654497
0,0,1,0.5,0.615295,180,0,0,654509
0,0,0,0.5,0.615295,180,0,0,654525
0,0,0,0.5,0.615295,180,0,0,654542
0,-7,0,0.5,0.61435,180,0,0,654561
0,-7,-1,0.5,0.613405,180,0,0,654579
0,-11,-2,0.5,0.61192,180,0,0,654593
0,-29,-4,0.5,0.608005,180,0,0,654615
0,-18,-1,0.5,0.605575,180,0,0,654627
0,-17,-1,0.5,0.60328,180,0,0,654645
0,-17,0,0.5,0.600985,180,0,0,654661
0,-14,0,0.5,0.599095,180,0,0,654678
0,-13,0,0.5,0.59734,180,0,0,654693
0,-10,1,0.5,0.59599,180,0,0,654711
0,-7,2,0.5,0.595045,180,0,0,654730
0,-2,2,0.5,0.594775,180,0,0,654744
0,0,2,0.5,0.594775,180,0,0,654761
0,1,2,0.5,0.59491,180,0,0,654776
0,1,0,0.5,0.595045,180,0,0,654794
0,1,0,0.5,0.59518,180,0,0,654812
0,1,-1,0.5,0.595315,180,0,0,654827
0,0,-2,0.5,0.595315,180,0,0,654843
0,-2,-3,0.5,0.595045,180,0,0,654863
0,-2,-3,0.5,0.594775,180,0,0,654879
0,-2,-3,0.5,0.594505,180,0,0,654894
0,-2,-3,0.5,0.594235,180,0,30,654911
0,-2,-2,0.5,0.593965,180,0,30,654928
0,0,-1,0.5,0.593965,180,0,0,654947
0,0,-1,0.5,0.593965,180,0,0,654961
0,4,-1,0.5,0.594505,180,0,0,654977
0,2,0,0.5,0.594775,180,0,0,654994
0,0,0,0.5,0.594775,180,0,0,655011
0,0,0,0.5,0.594775,180,0,0,655027
0,0,0,0.5,0.594775,180,0,0,655043
0,-3,0,0.5,0.59437,180,0,0,655060
0,-2,0,0.5,0.5941,180,0,0,655079
0,-2,0,0.5,0.59383,180,0,0,655094
0,-2,0,0.5,0.59356,180,0,0,655110
0,-3,0,0.5,0.593155,180,0,0,655127
0,-2,0,0.5,0.592885,180,0,0,655144
0,-2,0,0.5,0.592615,180,0,0,655160
0,-1,0,0.5,0.59248,180,0,0,655179
0,-1,0,0.5,0.592345,180,0,31,655195
0,0,0,0.5,0.592345,180,0,0,655210
0,4,0,0.5,0.592885,180,0,0,655227
0,5,0,0.5,0.59356,180,0,0,655245
0,3,0,0.5,0.593965,180,0,0,655266
0,1,0,0.5,0.5941,180,0,0,655277
0,0,0,0.5,0.5941,180,0,0,655293
0,-1,-1,0.5,0.593965,180,0,0,655310
0,-2,-1,0.5,0.593695,180,0,0,655328
0,-1,-1,0.5,0.59356,180,0,0,655344
0,-1,0,0.5,0.593425,180,0,0,655361
0,1,0,0.5,0.59356,180,0,0,655381
0,2,2,0.5,0.59383,180,0,0,655398
0,1,1,0.5,0.593965,180,0,0,655413
0,1,1,0.5,0.5941,180,0,0,655431
0,1,0,0.5,0.594235,180,0,0,655445
0,1,0,0.5,0.59437,180,0,0,655463
0,2,0,0.5,0.59464,180,0,0,655477
0,4,0,0.5,0.59518,180,0,31,655496
0,6,0,0.5,0.59599,180,0,31,655516
0,9,0,0.5,0.597205,180,0,0,655529
0,11,-1,0.5,0.59869,180,0,0,655544
0,12,-1,0.5,0.60031,180,0,0,655561
0,13,-1,0.5,0.602065,180,0,0,655578
0,13,-2,0.5,0.60382,180,0,0,655595
0,14,-2,0.5,0.60571,180,0,0,655612
0,15,-3,0.5,0.607735,180,0,0,655632
0,17,-3,0.5,0.61003,180,0,0,655646
0,18,-3,0.5,0.61246,180,0,0,655662
0,21,-2,0.5,0.615295,180,0,0,655679
0,22,-2,0.5,0.618265,180,0,0,655697
0,26,-1,0.5,0.621775,180,0,0,655714
0,57,-1,0.5,0.62947,180,0,0,655733
0,0,0,0.5,0.62947,180,0,0,655744
0,32,0,0.5,0.63379,180,0,0,655761
0,31,0,0.5,0.637975,180,0,0,655779
0,61,0,0.5,0.64621,180,0,0,655795
0,28,2,0.5,0.64999,180,0,0,655812
0,24,2,0.5,0.65323,180,0,0,655830
0,21,3,0.5,0.656065,180,0,0,655849
0,20,4,0.5,0.658765,180,0,0,655863
0,19,4,0.5,0.66133,180,0,0,655881
0,17,4,0.5,0.663625,180,0,0,655898
0,15,4,0.5,0.66565,180,0,0,655915
0,16,4,0.5,0.66781,180,0,0,655931
0,18,4,0.5,0.67024,180,0,0,655947
0,21,2,0.5,0.673075,180,0,0,655962
0,21,2,0.5,0.67591,180,0,0,655985
0,21,0,0.5,0.678745,180,0,0,655996
0,19,0,0.5,0.68131,180,0,0,656014
0,19,-2,0.5,0.683875,180,0,0,656029
0,19,-3,0.5,0.68644,180,0,0,656047
0,19,-3,0.5,0.689005,180,0,0,656062
0,17,-4,0.5,0.6913,180,0,0,656082
0,17,-4,0.5,0.693595,180,0,0,656097
0,18,-4,0.5,0.696025,180,0,0,656116
0,19,-4,0.5,0.69859,180,0,0,656131
0,22,-4,0.5,0.70156,180,0,0,656151
0,45,-6,0.5,0.707635,180,0,0,656168
0,24,-1,0.5,0.71,180,0,0,656180
