0,103,2,0.5,-0.696095,180,0,0,1022220
0,8,3,0.5,-0.695015,180,0,0,1022234
0,10,3,0.5,-0.693665,180,0,0,1022242
0,0,0,0.5,-0.693665,180,0,0,1022252
0,12,4,0.5,-0.692045,180,0,0,1022271
0,12,4,0.5,-0.690425,180,0,0,1022289
0,28,10,0.5,-0.686645,180,0,0,1022305
0,14,7,0.5,-0.684755,180,0,0,1022321
0,15,6,0.5,-0.68273,180,0,0,1022338
0,16,6,0.5,-0.68057,180,0,0,1022355
0,17,6,0.5,-0.678275,180,0,0,1022371
0,21,8,0.5,-0.67544,180,0,0,1022389
0,22,8,0.5,-0.67247,180,0,0,1022406
0,26,7,0.5,-0.66896,180,0,0,1022422
0,29,7,0.5,-0.665045,180,0,0,1022439
0,28,5,0.5,-0.661265,180,0,0,1022454
0,25,5,0.5,-0.65789,180,0,0,1022471
0,24,5,0.5,-0.65465,180,0,0,1022489
0,21,4,0.5,-0.651815,180,0,0,1022507
0,19,3,0.5,-0.64925,180,0,0,1022520
0,19,4,0.5,-0.646685,180,0,0,1022538
0,21,3,0.5,-0.64385,180,0,0,1022555
0,22,4,0.5,-0.64088,180,0,0,1022571
0,25,4,0.5,-0.637505,180,0,0,1022589
0,30,4,0.5,-0.633455,180,0,0,1022605
0,28,4,0.5,-0.629675,180,0,0,1022621
0,23,4,0.5,-0.62657,180,0,0,1022639
0,20,4,0.5,-0.62387,180,0,0,1022655
0,17,4,0.5,-0.621575,180,0,0,1022671
0,17,5,0.5,-0.61928,180,0,0,1022689
0,35,8,0.5,-0.614555,180,0,0,1022705
0,20,6,0.5,-0.611855,180,0,0,1022724
0,19,3,0.5,-0.60929,180,0,0,1022739
0,19,2,0.5,-0.606725,180,0,0,1022757
0,18,2,0.5,-0.604295,180,0,0,1022770
0,16,3,0.5,-0.602135,180,0,0,1022787
0,13,3,0.5,-0.60038,180,0,0,1022804
0,13,4,0.5,-0.598625,180,0,0,1022821
0,13,5,0.5,-0.59687,180,0,0,1022838
0,12,5,0.5,-0.59525,180,0,0,1022855
0,13,7,0.5,-0.593495,180,0,0,1022871
0,13,7,0.5,-0.59174,180,0,0,1022890
0,13,9,0.5,-0.589985,180,0,0,1022907
0,13,9,0.5,-0.58823,180,0,0,1022924
0,12,10,0.5,-0.58661,180,0,0,1022941
0,10,11,0.5,-0.58526,180,0,0,1022958
0,10,12,0.5,-0.58391,180,0,0,1022972
0,10,12,0.5,-0.58256,180,0,0,1022989
0,12,12,0.5,-0.58094,180,0,0,1023007
0,17,12,0.5,-0.578645,180,0,0,1023024
0,18,11,0.5,-0.576215,180,0,0,1023040
0,20,10,0.5,-0.573515,180,0,0,1023056
0,19,7,0.5,-0.57095,180,0,0,1023072
0,20,8,0.5,-0.56825,180,0,0,1023088
0,17,6,0.5,-0.565955,180,0,0,1023105
0,32,12,0.5,-0.561635,180,0,0,1023123
0,13,6,0.5,-0.55988,180,0,0,1023141
0,8,5,0.5,-0.5588,180,0,0,1023155
0,4,5,0.5,-0.55826,180,0,0,1023171
0,-1,5,0.5,-0.558395,180,0,0,1023187
0,-5,5,0.5,-0.55907,180,0,0,1023203
0,-10,3,0.5,-0.56042,180,0,0,1023222
0,-15,3,0.5,-0.562445,180,0,0,1023239
0,-18,2,0.5,-0.564875,180,0,0,1023253
0,-20,2,0.5,-0.567575,180,0,0,1023270
0,-22,1,0.5,-0.570545,180,0,0,1023288
0,-22,1,0.5,-0.573515,180,0,0,1023304
0,-23,1,0.5,-0.57662,180,0,0,1023321
0,-21,0,0.5,-0.579455,180,0,0,1023336
0,-19,1,0.5,-0.58202,180,0,0,1023352
0,-19,2,0.5,-0.584585,180,0,0,1023370
0,-18,2,0.5,-0.587015,180,0,0,1023386
0,-18,2,0.5,-0.589445,180,0,0,1023405
0,-16,3,0.5,-0.591605,180,0,0,1023420
0,-15,5,0.5,-0.59363,180,0,0,1023437
0,-15,5,0.5,-0.595655,180,0,0,1023457
0,-15,6,0.5,-0.59768,180,0,0,1023472
0,-16,6,0.5,-0.59984,180,0,0,1023487
0,-17,5,0.5,-0.602135,180,0,0,1023505
0,-30,11,0.5,-0.606185,180,0,0,1023528
0,-15,7,0.5,-0.60821,180,0,0,1023539
0,-14,6,0.5,-0.6101,180,0,0,1023554
0,-13,6,0.5,-0.611855,180,0,0,1023572
0,-15,5,0.5,-0.61388,180,0,0,1023589
0,-16,5,0.5,-0.61604,180,0,0,1023604
0,-16,4,0.5,-0.6182,180,0,0,1023620
0,-16,4,0.5,-0.62036,180,0,0,1023637
0,-18,2,0.5,-0.62279,180,0,0,1023653
0,-16,2,0.5,-0.62495,180,0,0,1023670
0,-15,2,0.5,-0.626975,180,0,0,1023689
0,-13,2,0.5,-0.62873,180,0,0,1023705
0,-11,2,0.5,-0.630215,180,0,0,1023720
0,-10,2,0.5,-0.631565,180,0,0,1023737
0,-11,3,0.5,-0.63305,180,0,0,1023754
0,-10,4,0.5,-0.6344,180,0,0,1023773
0,-7,4,0.5,-0.635345,180,0,0,1023790
0,-5,5,0.5,-0.63602,180,0,0,1023804
0,-4,5,0.5,-0.63656,180,0,0,1023820
0,-5,5,0.5,-0.637235,180,0,0,1023840
0,-4,3,0.5,-0.637775,180,0,0,1023856
0,-6,3,0.5,-0.638585,180,0,0,1023871
0,-6,2,0.5,-0.639395,180,0,0,1023888
0,-7,3,0.5,-0.64034,180,0,0,1023904
0,-12,4,0.5,-0.64196,180,0,0,1023920
0,-5,9,0.5,-0.642635,180,0,0,1023938
0,-3,5,0.5,-0.64304,180,0,0,1023962
0,0,4,0.5,-0.64304,180,0,0,1023970
0,4,5,0.5,-0.6425,180,0,0,1023987
0,8,6,0.5,-0.64142,180,0,0,1024005
0,10,8,0.5,-0.64007,180,0,0,1024022
0,10,8,0.5,-0.63872,180,0,0,1024038
0,9,8,0.5,-0.637505,180,0,0,1024056
0,6,9,0.5,-0.636695,180,0,0,1024072
0,5,9,0.5,-0.63602,180,0,0,1024087
0,4,11,0.5,-0.63548,180,0,0,1024108
0,3,12,0.5,-0.635075,180,0,0,1024128
0,6,12,0.5,-0.634265,180,0,0,1024143
0,8,13,0.5,-0.633185,180,0,0,1024157
0,13,15,0.5,-0.63143,180,0,0,1024172
0,14,15,0.5,-0.62954,180,0,0,1024191
0,16,16,0.5,-0.62738,180,0,0,1024207
0,17,16,0.5,-0.625085,180,0,0,1024228
0,14,14,0.5,-0.623195,180,0,0,1024240
0,13,14,0.5,-0.62144,180,0,0,1024257
0,9,13,0.5,-0.620225,180,0,0,1024274
0,8,12,0.5,-0.619145,180,0,0,1024293
0,6,11,0.5,-0.618335,180,0,0,1024309
0,10,12,0.5,-0.616985,180,0,0,1024326
0,6,20,0.5,-0.616175,180,0,0,1024347
0,5,12,0.5,-0.6155,180,0,0,1024364
0,6,12,0.5,-0.61469,180,0,0,1024377
0,7,14,0.5,-0.613745,180,0,0,1024391
0,7,14,0.5,-0.6128,180,0,0,1024409
0,7,13,0.5,-0.611855,180,0,0,1024427
0,9,14,0.5,-0.61064,180,0,0,1024446
0,11,14,0.5,-0.609155,180,0,0,1024461
0,9,13,0.5,-0.60794,180,0,0,1024472
0,7,11,0.5,-0.606995,180,0,0,1024488
0,6,10,0.5,-0.606185,180,0,0,1024505
0,5,9,0.5,-0.60551,180,0,0,1024524
0,6,9,0.5,-0.6047,180,0,0,1024539
0,7,8,0.5,-0.603755,180,0,0,1024557
0,10,7,0.5,-0.602405,180,0,0,1024571
0,12,8,0.5,-0.600785,180,0,0,1024590
0,11,6,0.5,-0.5993,180,0,0,1024606
0,9,6,0.5,-0.598085,180,0,0,1024623
0,6,6,0.5,-0.597275,180,0,0,1024638
0,2,7,0.5,-0.597005,180,0,0,1024657
0,0,9,0.5,-0.597005,180,0,0,1024674
0,0,10,0.5,-0.597005,180,0,0,1024690
0,2,11,0.5,-0.596735,180,0,0,1024706
0,7,22,0.5,-0.59579,180,0,0,1024728
0,5,22,0.5,-0.595115,180,0,0,1024742
0,5,16,0.5,-0.59444,180,0,0,1024758
0,6,17,0.5,-0.59363,180,0,0,1024775
0,8,17,0.5,-0.59255,180,0,0,1024800
0,10,18,0.5,-0.5912,180,0,0,1024811
0,8,18,0.5,-0.59012,180,0,0,1024830
0,8,19,0.5,-0.58904,180,0,0,1024844
0,8,19,0.5,-0.58796,180,0,0,1024858
0,8,19,0.5,-0.58688,180,0,0,1024873
0,11,19,0.5,-0.585395,180,0,0,1024893
0,14,19,0.5,-0.583505,180,0,0,1024912
0,17,18,0.5,-0.58121,180,0,0,1024933
0,19,18,0.5,-0.578645,180,0,0,1024950
0,19,17,0.5,-0.57608,180,0,0,1024965
0,18,14,0.5,-0.57365,180,0,0,1024977
0,14,11,0.5,-0.57176,180,0,0,1024991
0,9,8,0.5,-0.570545,180,0,0,1025008
0,6,7,0.5,-0.569735,180,0,0,1025024
0,5,7,0.5,-0.56906,180,0,0,1025041
0,3,7,0.5,-0.568655,180,0,0,1025056
0,1,7,0.5,-0.56852,180,0,0,1025070
0,1,7,0.5,-0.568385,180,0,0,1025090
0,0,7,0.5,-0.568385,180,0,31,1025106
0,0,7,0.5,-0.568385,180,0,31,1025122
0,2,11,0.5,-0.568115,180,0,31,1025144
0,1,6,0.5,-0.56798,180,0,31,1025158
0,-1,7,0.5,-0.568115,180,0,0,1025171
0,-1,8,0.5,-0.56825,180,0,0,1025188
0,-3,9,0.5,-0.568655,180,0,0,1025206
0,-4,9,0.5,-0.569195,180,0,0,1025222
0,-4,10,0.5,-0.569735,180,0,0,1025239
0,-3,12,0.5,-0.57014,180,0,31,1025258
0,-1,12,0.5,-0.570275,180,0,31,1025275
0,0,12,0.5,-0.570275,180,0,31,1025288
0,0,13,0.5,-0.570275,180,0,31,1025306
0,3,13,0.5,-0.56987,180,0,0,1025324
0,6,14,0.5,-0.56906,180,0,0,1025341
0,6,15,0.5,-0.56825,180,0,0,1025359
0,7,15,0.5,-0.567305,180,0,0,1025372
0,8,17,0.5,-0.566225,180,0,0,1025392
0,12,17,0.5,-0.564605,180,0,0,1025409
0,14,18,0.5,-0.562715,180,0,0,1025427
0,16,18,0.5,-0.560555,180,0,0,1025443
0,23,17,0.5,-0.55745,180,0,0,1025460
0,24,17,0.5,-0.55421,180,0,0,1025474
0,25,15,0.5,-0.550835,180,0,0,1025490
0,22,14,0.5,-0.547865,180,0,0,1025507
0,39,16,0.5,-0.5426,180,0,0,1025525
0,16,21,0.5,-0.54044,180,0,0,1025543
0,16,11,0.5,-0.53828,180,0,0,1025555
0,14,11,0.5,-0.53639,180,0,0,1025573
0,15,10,0.5,-0.534365,180,0,0,1025590
0,15,11,0.5,-0.53234,180,0,0,1025606
0,15,11,0.5,-0.530315,180,0,0,1025624
0,14,11,0.5,-0.528425,180,0,0,1025643
0,15,11,0.5,-0.5264,180,0,0,1025659
0,13,10,0.5,-0.524645,180,0,0,1025672
0,14,10,0.5,-0.522755,180,0,0,1025689
0,15,11,0.5,-0.52073,180,0,0,1025705
0,18,10,0.5,-0.5183,180,0,0,1025723
0,22,11,0.5,-0.51533,180,0,0,1025742
0,23,9,0.5,-0.512225,180,0,0,1025761
0,24,9,0.5,-0.508985,180,0,0,1025775
0,25,8,0.5,-0.50561,180,0,0,1025788
0,26,7,0.5,-0.5021,180,0,0,1025809
0,23,6,0.5,-0.498995,180,0,0,1025822
0,22,5,0.5,-0.496025,180,0,0,1025839
0,19,4,0.5,-0.49346,180,0,0,1025856
0,17,3,0.5,-0.491165,180,0,0,1025873
0,15,3,0.5,-0.48914,180,0,0,1025887
0,16,3,0.5,-0.48698,180,0,0,1025904
0,39,8,0.5,-0.481715,180,0,0,1025923
0,0,0,0.5,-0.481715,180,0,0,1025936
0,47,11,0.5,-0.47537,180,0,0,1025956
0,24,7,0.5,-0.47213,180,0,0,1025971
0,25,7,0.5,-0.468755,180,0,0,1025988
0,27,7,0.5,-0.46511,180,0,0,1026007
0,26,6,0.5,-0.4616,180,0,0,1026022
0,30,7,0.5,-0.45755,180,0,0,1026037
0,29,5,0.5,-0.453635,180,0,0,1026055
0,32,5,0.5,-0.449315,180,0,0,1026071
0,31,3,0.5,-0.44513,180,0,0,1026087
0,31,3,0.5,-0.440945,180,0,0,1026104
0,25,2,0.5,-0.43757,180,0,0,1026119
0,22,2,0.5,-0.4346,180,0,0,1026136
0,20,2,0.5,-0.4319,180,0,0,1026153
0,19,2,0.5,-0.429335,180,0,0,1026170
0,21,3,0.5,-0.4265,180,0,0,1026189
0,23,4,0.5,-0.423395,180,0,0,1026206
0,28,5,0.5,-0.419615,180,0,0,1026221
0,29,5,0.5,-0.4157,180,0,0,1026237
0,31,5,0.5,-0.411515,180,0,0,1026256
0,31,5,0.5,-0.40733,180,0,0,1026270
0,60,7,0.5,-0.39923,180,0,0,1026289
0,0,3,0.5,-0.39923,180,0,0,1026305
0,28,5,0.5,-0.39545,180,0,0,1026320
0,57,7,0.5,-0.387755,180,0,0,1026338
0,25,2,0.5,-0.38438,180,0,0,1026355
0,22,2,0.5,-0.38141,180,0,0,1026370
0,20,2,0.5,-0.37871,180,0,0,1026388
0,18,4,0.5,-0.37628,180,0,0,1026406
0,18,5,0.5,-0.37385,180,0,0,1026424
0,21,6,0.5,-0.371015,180,0,0,1026442
0,25,7,0.5,-0.36764,180,0,0,1026453
0,27,7,0.5,-0.363995,180,0,0,1026478
0,29,8,0.5,-0.36008,180,0,0,1026488
0,32,7,0.5,-0.35576,180,0,0,1026505
0,35,8,0.5,-0.351035,180,0,0,1026525
0,34,8,0.5,-0.346445,180,0,0,1026542
0,34,8,0.5,-0.341855,180,0,0,1026554
0,31,7,0.5,-0.33767,180,0,0,1026573
0,27,6,0.5,-0.334025,180,0,0,1026587
0,24,5,0.5,-0.330785,180,0,0,1026605
0,21,4,0.5,-0.32795,180,0,0,1026624
0,16,3,0.5,-0.32579,180,0,0,1026637
0,15,4,0.5,-0.323765,180,0,0,1026654
0,15,4,0.5,-0.32174,180,0,0,1026670
0,15,4,0.5,-0.319715,180,0,0,1026687
0,16,4,0.5,-0.317555,180,0,0,1026705
0,31,6,0.5,-0.31337,180,0,0,1026724
0,16,3,0.5,-0.31121,180,0,0,1026737
0,18,1,0.5,-0.30878,180,0,0,1026752
0,18,5,0.5,-0.30635,180,0,0,1026771
0,20,4,0.5,-0.30365,180,0,0,1026789
0,22,4,0.5,-0.30068,180,0,0,1026807
0,25,4,0.5,-0.297305,180,0,0,1026823
0,28,5,0.5,-0.293525,180,0,0,1026837
0,30,4,0.5,-0.289475,180,0,0,1026853
0,30,3,0.5,-0.285425,180,0,0,1026870
0,30,3,0.5,-0.281375,180,0,0,1026889
0,27,2,0.5,-0.27773,180,0,0,1026903
0,24,1,0.5,-0.27449,180,0,0,1026919
0,21,3,0.5,-0.271655,180,0,0,1026937
0,16,5,0.5,-0.269495,180,0,0,1026955
0,15,6,0.5,-0.26747,180,0,0,1026971
0,16,6,0.5,-0.26531,180,0,0,1026988
0,36,11,0.5,-0.26045,180,0,0,1027023
0,20,4,0.5,-0.25775,180,0,0,1027034
0,0,0,0.5,-0.25775,180,0,0,1027038
0,20,4,0.5,-0.25505,180,0,0,1027053
0,20,4,0.5,-0.25235,180,0,0,1027074
0,40,6,0.5,-0.24695,180,0,0,1027090
0,20,4,0.5,-0.24425,180,0,0,1027109
0,0,0,0.5,-0.24425,180,0,0,1027119
0,44,7,0.5,-0.23831,180,0,0,1027139
0,27,4,0.5,-0.234665,180,0,31,1027154
0,28,4,0.5,-0.230885,180,0,31,1027171
0,29,2,0.5,-0.22697,180,0,0,1027188
0,26,1,0.5,-0.22346,180,0,0,1027203
0,24,0,0.5,-0.22022,180,0,0,1027220
0,19,0,0.5,-0.217655,180,0,0,1027237
0,14,2,0.5,-0.215765,180,0,0,1027255
0,7,2,0.5,-0.21482,180,0,31,1027270
0,3,3,0.5,-0.214415,180,0,31,1027288
0,-1,3,0.5,-0.21455,180,0,0,1027306
0,-3,3,0.5,-0.214955,180,0,0,1027321
0,-4,3,0.5,-0.215495,180,0,0,1027337
0,-4,3,0.5,-0.216035,180,0,0,1027353
0,-5,3,0.5,-0.21671,180,0,0,1027370
0,-4,4,0.5,-0.21725,180,0,31,1027390
0,-6,5,0.5,-0.21806,180,0,0,1027409
0,-5,6,0.5,-0.218735,180,0,0,1027423
0,-4,7,0.5,-0.219275,180,0,0,1027438
0,-3,7,0.5,-0.21968,180,0,0,1027454
0,0,7,0.5,-0.21968,180,0,0,1027471
0,0,17,0.5,-0.21968,180,0,0,1027497
0,0,9,0.5,-0.21968,180,0,0,1027510
0,-1,9,0.5,-0.219815,180,0,0,1027521
0,-1,10,0.5,-0.21995,180,0,0,1027540
0,-2,9,0.5,-0.22022,180,0,0,1027556
0,-1,9,0.5,-0.220355,180,0,0,1027572
0,-2,10,0.5,-0.220625,180,0,0,1027590
0,-2,10,0.5,-0.220895,180,0,0,1027605
0,0,10,0.5,-0.220895,180,0,0,1027624
0,0,10,0.5,-0.220895,180,0,0,1027639
0,-1,10,0.5,-0.22103,180,0,0,1027657
0,1,10,0.5,-0.220895,180,0,0,1027672
0,0,9,0.5,-0.220895,180,0,0,1027692
0,1,9,0.5,-0.22076,180,0,0,1027707
0,4,8,0.5,-0.22022,180,0,0,1027723
0,8,8,0.5,-0.21914,180,0,0,1027739
0,9,7,0.5,-0.217925,180,0,0,1027757
0,9,7,0.5,-0.21671,180,0,0,1027773
0,7,7,0.5,-0.215765,180,0,0,1027790
0,6,7,0.5,-0.214955,180,0,0,1027807
0,5,8,0.5,-0.21428,180,0,0,1027823
0,6,18,0.5,-0.21347,180,0,0,1027846
0,0,0,0.5,-0.21347,180,0,0,1027852
0,-1,16,0.5,-0.213605,180,0,0,1027875
0,0,16,0.5,-0.213605,180,0,0,1027891
0,0,12,0.5,-0.213605,180,0,0,1027907
0,0,12,0.5,-0.213605,180,0,0,1027925
0,1,12,0.5,-0.21347,180,0,0,1027939
0,2,13,0.5,-0.2132,180,0,0,1027957
0,6,13,0.5,-0.21239,180,0,0,1027979
0,7,13,0.5,-0.211445,180,0,0,1027994
0,7,13,0.5,-0.2105,180,0,0,1028010
0,7,13,0.5,-0.209555,180,0,0,1028027
0,7,12,0.5,-0.20861,180,0,0,1028044
0,8,10,0.5,-0.20753,180,0,0,1028056
0,9,9,0.5,-0.206315,180,0,0,1028074
0,9,8,0.5,-0.2051,180,0,0,1028091
0,10,9,0.5,-0.20375,180,0,0,1028110
0,13,9,0.5,-0.201995,180,0,0,1028128
0,16,11,0.5,-0.199835,180,0,0,1028142
0,18,12,0.5,-0.197405,180,0,0,1028162
0,22,13,0.5,-0.194435,180,0,0,1028180
0,29,15,0.5,-0.19052,180,0,0,1028194
0,64,29,0.5,-0.18188,180,0,0,1028223
0,34,13,0.5,-0.17729,180,0,0,1028234
0,33,13,0.5,-0.172835,180,0,0,1028249
0,0,0,0.5,-0.172835,180,0,0,1028254
0,54,21,0.5,-0.165545,180,0,0,1028279
0,23,8,0.5,-0.16244,180,0,0,1028290
0,17,6,0.5,-0.160145,180,0,0,1028306
0,15,5,0.5,-0.15812,180,0,0,1028324
0,13,5,0.5,-0.156365,180,0,0,1028342
0,11,5,0.5,-0.15488,180,0,0,1028354
0,8,5,0.5,-0.1538,180,0,0,1028371
0,4,6,0.5,-0.15326,180,0,0,1028393
0,0,5,0.5,-0.15326,180,0,31,1028406
0,1,5,0.5,-0.153125,180,0,31,1028422
0,0,5,0.5,-0.153125,180,0,0,1028438
0,0,6,0.5,-0.153125,180,0,0,1028455
0,0,6,0.5,-0.153125,180,0,0,1028473
0,0,7,0.5,-0.153125,180,0,0,1028491
0,0,9,0.5,-0.153125,180,0,0,1028507
0,0,10,0.5,-0.153125,180,0,0,1028523
0,0,10,0.5,-0.153125,180,0,0,1028544
0,1,11,0.5,-0.15299,180,0,0,1028560
0,1,11,0.5,-0.152855,180,0,0,1028576
0,3,12,0.5,-0.15245,180,0,0,1028591
0,0,12,0.5,-0.15245,180,0,0,1028608
0,0,13,0.5,-0.15245,180,0,0,1028624
0,0,25,0.5,-0.15245,180,0,0,1028648
0,0,13,0.5,-0.15245,180,0,0,1028664
0,-1,12,0.5,-0.152585,180,0,0,1028677
0,-3,10,0.5,-0.15299,180,0,0,1028691
0,-2,10,0.5,-0.15326,180,0,0,1028709
0,-1,9,0.5,-0.153395,180,0,0,1028724
0,1,8,0.5,-0.15326,180,0,0,1028750
0,1,7,0.5,-0.153125,180,0,0,1028757
0,3,6,0.5,-0.15272,180,0,0,1028774
0,5,5,0.5,-0.152045,180,0,0,1028792
0,6,4,0.5,-0.151235,180,0,0,1028806
0,8,3,0.5,-0.150155,180,0,0,1028823
0,13,2,0.5,-0.1484,180,0,0,1028839
0,14,0,0.5,-0.14651,180,0,0,1028857
0,12,-1,0.5,-0.14489,180,0,0,1028874
0,9,-1,0.5,-0.143675,180,0,0,1028893
0,6,0,0.5,-0.142865,180,0,0,1028905
0,1,0,0.5,-0.14273,180,0,0,1028923
0,1,2,0.5,-0.142595,180,0,0,1028942
0,1,5,0.5,-0.14246,180,0,0,1028956
0,2,8,0.5,-0.14219,180,0,0,1028975
0,1,21,0.5,-0.142055,180,0,0,1029001
0,0,12,0.5,-0.142055,180,0,0,1029011
0,0,10,0.5,-0.142055,180,0,0,1029027
0,0,4,0.5,-0.142055,180,0,0,1029041
0,0,29,0.5,-0.142055,180,0,0,1029064
0,4,15,0.5,-0.141515,180,0,0,1029077
0,6,15,0.5,-0.140705,180,0,0,1029094
0,9,16,0.5,-0.13949,180,0,0,1029110
0,9,17,0.5,-0.138275,180,0,0,1029129
0,8,16,0.5,-0.137195,180,0,0,1029142
0,7,16,0.5,-0.13625,180,0,0,1029162
0,8,16,0.5,-0.13517,180,0,0,1029179
0,7,14,0.5,-0.134225,180,0,0,1029198
0,6,13,0.5,-0.133415,180,0,0,1029214
0,6,12,0.5,-0.132605,180,0,0,1029226
0,5,11,0.5,-0.13193,180,0,0,1029241
0,5,10,0.5,-0.131255,180,0,0,1029263
0,5,8,0.5,-0.13058,180,0,0,1029275
0,2,6,0.5,-0.13031,180,0,0,1029290
0,1,5,0.5,-0.130175,180,0,0,1029308
0,2,5,0.5,-0.129905,180,0,0,1029324
0,2,6,0.5,-0.129635,180,0,0,1029343
0,4,7,0.5,-0.129095,180,0,0,1029361
0,6,8,0.5,-0.128285,180,0,0,1029377
0,19,10,0.5,-0.12572,180,0,0,1029397
0,13,18,0.5,-0.123965,180,0,0,1029416
0,17,11,0.5,-0.12167,180,0,0,1029431
0,19,10,0.5,-0.119105,180,0,0,1029446
0,23,11,0.5,-0.116,180,0,0,1029463
0,24,10,0.5,-0.11276,180,0,0,1029477
0,29,11,0.5,-0.108845,180,0,0,1029496
0,30,10,0.5,-0.104795,180,0,0,1029509
0,30,9,0.5,-0.100745,180,0,0,1029525
0,28,7,0.5,-0.096965,180,0,0,1029541
0,30,6,0.5,-0.092915,180,0,0,1029561
0,27,5,0.5,-0.08927,180,0,0,1029577
0,25,6,0.5,-0.085895,180,0,0,1029598
0,21,6,0.5,-0.08306,180,0,0,1029610
0,19,7,0.5,-0.080495,180,0,0,1029624
0,17,9,0.5,-0.0782,180,0,0,1029644
0,19,8,0.5,-0.075635,180,0,0,1029659
0,18,7,0.5,-0.073205,180,0,0,1029682
0,16,8,0.5,-0.071045,180,0,0,1029698
0,14,7,0.5,-0.069155,180,0,0,1029710
0,14,7,0.5,-0.067265,180,0,0,1029726
0,15,6,0.5,-0.06524,180,0,0,1029745
0,31,11,0.5,-0.061055,180,0,0,1029763
0,16,5,0.5,-0.058895,180,0,0,1029779
0,15,4,0.5,-0.05687,180,0,0,1029792
0,11,5,0.5,-0.055385,180,0,0,1029807
0,6,5,0.5,-0.054575,180,0,0,1029828
0,0,5,0.5,-0.054575,180,0,0,1029843
0,-4,6,0.5,-0.055115,180,0,0,1029863
0,-8,7,0.5,-0.056195,180,0,0,1029878
0,-5,8,0.5,-0.05687,180,0,0,1029894
0,-4,9,0.5,-0.05741,180,0,0,1029910
0,0,10,0.5,-0.05741,180,0,0,1029927
0,0,10,0.5,-0.05741,180,0,0,1029944
0,0,10,0.5,-0.05741,180,0,0,1029967
0,1,10,0.5,-0.057275,180,0,0,1029982
0,2,11,0.5,-0.057005,180,0,0,1029996
0,-1,9,0.5,-0.05714,180,0,0,1030009
0,-4,9,0.5,-0.05768,180,0,0,1030028
0,-6,9,0.5,-0.05849,180,0,0,1030046
0,-6,9,0.5,-0.0593,180,0,0,1030059
0,-4,10,0.5,-0.05984,180,0,0,1030077
0,0,10,0.5,-0.05984,180,0,0,1030098
0,2,10,0.5,-0.05957,180,0,0,1030116
0,10,21,0.5,-0.05822,180,0,0,1030133
0,8,11,0.5,-0.05714,180,0,0,1030147
0,0,0,0.5,-0.05714,180,0,0,1030158
0,19,23,0.5,-0.054575,180,0,0,1030181
0,11,12,0.5,-0.05309,180,0,0,1030197
0,12,12,0.5,-0.05147,180,0,0,1030214
0,12,12,0.5,-0.04985,180,0,0,1030229
0,11,13,0.5,-0.048365,180,0,0,1030244
0,11,12,0.5,-0.04688,180,0,0,1030269
0,11,12,0.5,-0.045395,180,0,0,1030287
0,13,12,0.5,-0.04364,180,0,0,1030303
0,15,11,0.5,-0.041615,180,0,0,1030319
0,17,11,0.5,-0.03932,180,0,0,1030334
0,17,11,0.5,-0.037025,180,0,0,1030350
0,15,9,0.5,-0.035,180,0,0,1030362
0,15,9,0.5,-0.032975,180,0,0,1030383
0,15,8,0.5,-0.03095,180,0,0,1030400
0,14,7,0.5,-0.02906,180,0,0,1030415
0,13,7,0.5,-0.027305,180,0,0,1030427
0,13,8,0.5,-0.02555,180,0,0,1030443
0,12,9,0.5,-0.02393,180,0,0,1030462
0,13,11,0.5,-0.022175,180,0,0,1030480
0,19,24,0.5,-0.01961,180,0,0,1030501
0,10,12,0.5,-0.01826,180,0,0,1030518
0,0,0,0.5,-0.01826,180,0,0,1030525
0,12,13,0.5,-0.01664,180,0,0,1030543
0,33,24,0.5,-0.012185,180,0,0,1030566
0,22,1,0.5,-0.009215,180,0,0,1030576
0,0,11,0.5,-0.009215,180,0,0,1030593
0,47,22,0.5,-0.00287,180,0,0,1030615
0,23,10,0.5,0.000235,180,0,0,1030630
0,23,7,0.5,0.00334,180,0,0,1030645
0,23,5,0.5,0.006445,180,0,0,1030661
0,18,3,0.5,0.008875,180,0,0,1030679
0,18,5,0.5,0.011305,180,0,0,1030695
0,13,5,0.5,0.01306,180,0,0,1030710
0,11,7,0.5,0.014545,180,0,0,1030726
0,8,9,0.5,0.015625,180,0,0,1030747
0,8,9,0.5,0.016705,180,0,0,1030763
0,6,9,0.5,0.017515,180,0,0,1030782
0,4,9,0.5,0.018055,180,0,0,1030796
0,3,9,0.5,0.01846,180,0,0,1030811
0,9,20,0.5,0.019675,180,0,0,1030838
0,0,0,0.5,0.019675,180,0,0,1030845
0,10,12,0.5,0.021025,180,0,0,1030867
0,29,25,0.5,0.02494,180,0,0,1030889
0,17,13,0.5,0.027235,180,0,0,1030902
0,0,0,0.5,0.027235,180,0,0,1030910
0,18,13,0.5,0.029665,180,0,0,1030928
0,33,29,0.5,0.03412,180,0,0,1030957
0,18,14,0.5,0.03655,180,0,0,1030976
0,22,15,0.5,0.03952,180,0,0,1030991
0,23,14,0.5,0.042625,180,0,0,1031005
0,27,13,0.5,0.04627,180,0,0,1031017
0,24,11,0.5,0.04951,180,0,0,1031032
0,24,9,0.5,0.05275,180,0,0,1031061
0,42,17,0.5,0.05842,180,0,0,1031078
0,0,0,0.5,0.05842,180,0,0,1031087
0,21,10,0.5,0.061255,180,0,0,1031096
0,21,11,0.5,0.06409,180,0,0,1031117
0,19,11,0.5,0.066655,180,0,0,1031131
0,16,10,0.5,0.068815,180,0,0,1031148
0,10,10,0.5,0.070165,180,0,0,1031161
0,9,9,0.5,0.07138,180,0,0,1031183
0,8,7,0.5,0.07246,180,0,0,1031194
0,6,7,0.5,0.07327,180,0,0,1031214
0,4,5,0.5,0.07381,180,0,0,1031232
0,4,5,0.5,0.07435,180,0,0,1031244
0,3,4,0.5,0.074755,180,0,0,1031261
0,2,4,0.5,0.075025,180,0,0,1031277
0,2,4,0.5,0.075295,180,0,0,1031300
0,8,8,0.5,0.076375,180,0,0,1031313
0,8,4,0.5,0.077455,180,0,0,1031332
0,9,3,0.5,0.07867,180,0,0,1031345
0,8,3,0.5,0.07975,180,0,0,1031361
0,5,3,0.5,0.080425,180,0,0,1031379
0,2,4,0.5,0.080695,180,0,0,1031395
0,-1,4,0.5,0.08056,180,0,0,1031415
0,-3,4,0.5,0.080155,180,0,0,1031431
0,-3,6,0.5,0.07975,180,0,31,1031445
0,-5,7,0.5,0.079075,180,0,31,1031466
0,-4,9,0.5,0.078535,180,0,0,1031482
0,-3,10,0.5,0.07813,180,0,0,1031496
0,-2,10,0.5,0.07786,180,0,0,1031514
0,0,11,0.5,0.07786,180,0,0,1031534
0,0,11,0.5,0.07786,180,0,0,1031553
0,0,10,0.5,0.07786,180,0,0,1031564
0,-3,9,0.5,0.077455,180,0,0,1031580
0,-4,7,0.5,0.076915,180,0,0,1031598
0,-6,7,0.5,0.076105,180,0,0,1031611
0,-6,6,0.5,0.075295,180,0,0,1031628
0,-5,5,0.5,0.07462,180,0,0,1031644
0,-6,5,0.5,0.07381,180,0,0,1031662
0,-5,4,0.5,0.073135,180,0,0,1031679
0,-12,6,0.5,0.071515,180,0,0,1031701
0,-9,1,0.5,0.0703,180,0,0,1031711
0,-11,0,0.5,0.068815,180,0,0,1031726
0,-13,1,0.5,0.06706,180,0,0,1031744
0,-13,3,0.5,0.065305,180,0,0,1031765
0,-15,3,0.5,0.06328,180,0,0,1031780
0,-16,4,0.5,0.06112,180,0,0,1031794
0,-15,3,0.5,0.059095,180,0,0,1031810
0,-16,3,0.5,0.056935,180,0,0,1031829
0,-13,4,0.5,0.05518,180,0,0,1031847
0,-13,5,0.5,0.053425,180,0,0,1031862
0,-12,7,0.5,0.051805,180,0,0,1031879
0,-11,7,0.5,0.05032,180,0,0,1031902
0,-13,8,0.5,0.048565,180,0,0,1031915
0,-13,9,0.5,0.04681,180,0,0,1031935
0,-13,8,0.5,0.045055,180,0,0,1031949
0,-13,8,0.5,0.0433,180,0,0,1031967
0,-14,8,0.5,0.04141,180,0,0,1031986
0,-21,16,0.5,0.038575,180,0,0,1032009
0,-9,8,0.5,0.03736,180,0,0,1032019
0,0,0,0.5,0.03736,180,0,0,1032030
0,-9,9,0.5,0.036145,180,0,0,1032048
0,-10,9,0.5,0.034795,180,0,0,1032065
0,-20,17,0.5,0.032095,180,0,0,1032085
0,-9,9,0.5,0.03088,180,0,0,1032104
0,-7,8,0.5,0.029935,180,0,0,1032118
0,-7,9,0.5,0.02899,180,0,0,1032142
0,-6,9,0.5,0.02818,180,0,0,1032153
0,-5,9,0.5,0.027505,180,0,0,1032164
0,-7,9,0.5,0.02656,180,0,0,1032185
0,-8,8,0.5,0.02548,180,0,0,1032199
0,-9,8,0.5,0.024265,180,0,0,1032213
0,-11,7,0.5,0.02278,180,0,0,1032237
0,-11,6,0.5,0.021295,180,0,0,1032249
0,-11,6,0.5,0.01981,180,0,0,1032263
0,-10,6,0.5,0.01846,180,0,0,1032279
0,-7,4,0.5,0.017515,180,0,0,1032300
0,-5,3,0.5,0.01684,180,0,0,1032316
0,-3,1,0.5,0.016435,180,0,0,1032330
0,-1,0,0.5,0.0163,180,0,0,1032345
0,-1,0,0.5,0.016165,180,0,0,1032360
0,0,0,0.5,0.016165,180,0,0,1032379
0,0,-1,0.5,0.016165,180,0,0,1032397
0,0,0,0.5,0.016165,180,0,0,1032413
0,-3,-1,0.5,0.01576,180,0,0,1032429
0,-4,0,0.5,0.01522,180,0,0,1032446
0,-2,2,0.5,0.01495,180,0,0,1032464
0,-4,4,0.5,0.01441,180,0,0,1032482
0,-7,5,0.5,0.013465,180,0,0,1032500
0,-11,5,0.5,0.01198,180,0,0,1032516
0,-14,6,0.5,0.01009,180,0,0,1032530
0,-15,6,0.5,0.008065,180,0,0,1032548
0,-14,6,0.5,0.006175,180,0,0,1032563
0,-12,6,0.5,0.004555,180,0,0,1032580
0,-12,7,0.5,0.002935,180,0,0,1032597
0,-8,7,0.5,0.001855,180,0,0,1032615
0,-7,7,0.5,0.00091,180,0,0,1032634
0,-4,8,0.5,0.00037,180,0,0,1032650
0,-2,8,0.5,0.0001,180,0,0,1032664
0,1,8,0.5,0.000235,180,0,0,1032681
0,4,9,0.5,0.000775,180,0,0,1032699
0,7,9,0.5,0.00172,180,0,0,1032721
0,11,9,0.5,0.003205,180,0,0,1032735
0,12,10,0.5,0.004825,180,0,0,1032748
0,13,10,0.5,0.00658,180,0,0,1032767
0,13,11,0.5,0.008335,180,0,0,1032787
0,20,20,0.5,0.011035,180,0,0,1032807
0,9,10,0.5,0.01225,180,0,0,1032821
0,7,7,0.5,0.013195,180,0,0,1032833
0,0,3,0.5,0.013195,180,0,0,1032847
0,14,20,0.5,0.015085,180,0,0,1032871
0,6,10,0.5,0.015895,180,0,0,1032884
0,5,11,0.5,0.01657,180,0,0,1032902
0,5,10,0.5,0.017245,180,0,0,1032918
0,5,11,0.5,0.01792,180,0,0,1032931
0,12,12,0.5,0.01954,180,0,0,1032963
0,0,10,0.5,0.01954,180,0,0,1032975
0,6,12,0.5,0.02035,180,0,0,1032990
0,7,12,0.5,0.021295,180,0,0,1033001
0,7,11,0.5,0.02224,180,0,0,1033018
0,6,11,0.5,0.02305,180,0,0,1033032
0,4,9,0.5,0.02359,180,0,0,1033051
0,6,17,0.5,0.0244,180,0,0,1033086
0,0,6,0.5,0.0244,180,0,0,1033096
0,1,6,0.5,0.024535,180,0,0,1033110
0,0,5,0.5,0.024535,180,0,0,1033124
0,0,0,0.5,0.024535,180,0,0,1033129
0,0,6,0.5,0.024535,180,0,0,1033147
0,3,7,0.5,0.02494,180,0,0,1033166
0,1,8,0.5,0.025075,180,0,0,1033182
0,3,10,0.5,0.02548,180,0,0,1033201
0,3,11,0.5,0.025885,180,0,0,1033220
0,1,12,0.5,0.02602,180,0,0,1033238
0,3,27,0.5,0.026425,180,0,0,1033256
0,2,15,0.5,0.026695,180,0,0,1033275
0,6,16,0.5,0.027505,180,0,0,1033292
0,8,16,0.5,0.028585,180,0,0,1033306
0,9,16,0.5,0.0298,180,0,0,1033320
0,5,14,0.5,0.030475,180,0,0,1033334
0,1,12,0.5,0.03061,180,0,0,1033352
0,0,9,0.5,0.03061,180,0,31,1033366
0,-1,7,0.5,0.030475,180,0,31,1033393
0,0,5,0.5,0.030475,180,0,0,1033416
0,-1,4,0.5,0.03034,180,0,0,1033425
0,1,5,0.5,0.030475,180,0,0,1033436
0,5,6,0.5,0.03115,180,0,0,1033449
0,7,6,0.5,0.032095,180,0,0,1033467
0,11,7,0.5,0.03358,180,0,0,1033484
0,13,7,0.5,0.035335,180,0,0,1033499
0,16,8,0.5,0.037495,180,0,0,1033517
0,13,7,0.5,0.03925,180,0,0,1033532
0,10,7,0.5,0.0406,180,0,0,1033551
0,5,7,0.5,0.041275,180,0,0,1033568
0,-5,14,0.5,0.0406,180,0,0,1033592
0,-6,8,0.5,0.03979,180,0,0,1033606
0,-8,0,0.5,0.03871,180,0,0,1033614
0,-7,18,0.5,0.037765,180,0,0,1033638
0,-5,12,0.5,0.03709,180,0,0,1033655
0,1,12,0.5,0.037225,180,0,0,1033670
0,0,13,0.5,0.037225,180,0,0,1033686
0,1,14,0.5,0.03736,180,0,0,1033703
0,5,14,0.5,0.038035,180,0,0,1033720
0,7,14,0.5,0.03898,180,0,0,1033736
0,8,15,0.5,0.04006,180,0,0,1033754
0,9,15,0.5,0.041275,180,0,0,1033773
0,10,17,0.5,0.042625,180,0,0,1033788
0,10,17,0.5,0.043975,180,0,0,1033804
0,8,17,0.5,0.045055,180,0,0,1033821
0,5,17,0.5,0.04573,180,0,0,1033840
0,0,18,0.5,0.04573,180,0,0,1033856
0,0,18,0.5,0.04573,180,0,0,1033869
0,3,17,0.5,0.046135,180,0,0,1033886
0,5,16,0.5,0.04681,180,0,0,1033906
0,7,15,0.5,0.047755,180,0,0,1033920
0,23,30,0.5,0.05086,180,0,0,1033944
0,14,14,0.5,0.05275,180,0,0,1033962
0,15,13,0.5,0.054775,180,0,0,1033974
0,0,0,0.5,0.054775,180,0,0,1033981
0,17,13,0.5,0.05707,180,0,0,1034002
0,36,25,0.5,0.06193,180,0,0,1034025
0,18,13,0.5,0.06436,180,0,0,1034041
0,16,12,0.5,0.06652,180,0,0,1034055
0,16,12,0.5,0.06868,180,0,0,1034070
0,17,13,0.5,0.070975,180,0,0,1034085
0,18,12,0.5,0.073405,180,0,0,1034101
0,18,12,0.5,0.075835,180,0,0,1034117
0,20,11,0.5,0.078535,180,0,0,1034134
0,20,11,0.5,0.081235,180,0,0,1034151
0,19,13,0.5,0.0838,180,0,0,1034172
0,18,14,0.5,0.08623,180,0,0,1034188
0,16,14,0.5,0.08839,180,0,0,1034202
0,17,15,0.5,0.090685,180,0,0,1034227
0,20,15,0.5,0.093385,180,0,0,1034235
0,23,15,0.5,0.09649,180,0,0,1034254
0,27,15,0.5,0.100135,180,0,0,1034269
0,29,14,0.5,0.10405,180,0,0,1034285
0,32,14,0.5,0.10837,180,0,0,1034308
0,35,13,0.5,0.113095,180,0,0,1034321
0,34,12,0.5,0.117685,180,0,0,1034338
0,58,18,0.5,0.125515,180,0,0,1034355
0,25,8,0.5,0.12889,180,0,0,1034372
0,26,8,0.5,0.1324,180,0,0,1034389
0,21,6,0.5,0.135235,180,0,0,1034401
0,22,8,0.5,0.138205,180,0,0,1034417
0,20,9,0.5,0.140905,180,0,0,1034436
0,22,10,0.5,0.143875,180,0,0,1034453
0,23,11,0.5,0.14698,180,0,0,1034472
0,23,11,0.5,0.150085,180,0,0,1034487
0,23,10,0.5,0.15319,180,0,0,1034502
0,23,9,0.5,0.156295,180,0,0,1034522
0,25,8,0.5,0.15967,180,0,0,1034536
0,24,9,0.5,0.16291,180,0,0,1034552
0,57,16,0.5,0.170605,180,0,0,1034582
0,33,8,0.5,0.17506,180,0,0,1034600
0,0,0,0.5,0.17506,180,0,0,1034604
0,32,7,0.5,0.17938,180,0,0,1034619
0,32,6,0.5,0.1837,180,0,0,1034636
0,27,5,0.5,0.187345,180,0,0,1034653
0,25,4,0.5,0.19072,180,0,0,1034668
0,24,5,0.5,0.19396,180,0,0,1034683
0,21,4,0.5,0.196795,180,0,0,1034701
0,20,5,0.5,0.199495,180,0,0,1034717
0,21,6,0.5,0.20233,180,0,0,1034740
0,47,14,0.5,0.208675,180,0,0,1034760
0,26,8,0.5,0.212185,180,0,0,1034770
0,30,8,0.5,0.216235,180,0,0,1034787
0,28,8,0.5,0.220015,180,0,0,1034807
0,32,8,0.5,0.224335,180,0,0,1034824
0,33,8,0.5,0.22879,180,0,0,1034837
0,35,7,0.5,0.233515,180,0,0,1034852
0,36,7,0.5,0.238375,180,0,0,1034868
0,34,6,0.5,0.242965,180,0,0,1034886
0,31,4,0.5,0.24715,180,0,0,1034907
0,30,4,0.5,0.2512,180,1,0,1034920
0,26,3,0.5,0.25471,180,1,0,1034936
0,24,4,0.5,0.25795,180,1,0,1034951
0,26,6,0.5,0.26146,180,0,0,1034968
0,26,7,0.5,0.26497,180,0,0,1034986
0,29,8,0.5,0.268885,180,0,0,1035004
0,28,8,0.5,0.272665,180,0,0,1035023
0,27,7,0.5,0.27631,180,0,0,1035036
0,26,7,0.5,0.27982,180,0,0,1035052
0,22,7,0.5,0.28279,180,0,31,1035069
0,18,6,0.5,0.28522,180,0,31,1035085
0,9,6,0.5,0.286435,180,0,31,1035104
0,-1,7,0.5,0.2863,180,0,31,1035125
0,0,0,0.5,0.2863,180,0,31,1035134
0,-21,5,0.5,0.283465,180,0,31,1035152
0,-13,3,0.5,0.28171,180,0,31,1035168
0,-12,4,0.5,0.28009,180,0,31,1035190
0,-9,4,0.5,0.278875,180,0,31,1035208
0,-8,4,0.5,0.277795,180,0,0,1035220
0,-5,3,0.5,0.27712,180,0,0,1035234
0,-5,2,0.5,0.276445,180,0,0,1035251
0,-2,2,0.5,0.276175,180,0,31,1035269
0,-1,1,0.5,0.27604,180,0,31,1035286
0,1,1,0.5,0.276175,180,0,0,1035302
0,1,1,0.5,0.27631,180,0,0,1035323
0,1,1,0.5,0.276445,180,0,0,1035336
0,0,0,0.5,0.276445,180,0,31,1035350
0,-2,1,0.5,0.276175,180,0,31,1035367
0,-1,1,0.5,0.27604,180,0,31,1035385
0,-2,2,0.5,0.27577,180,0,0,1035401
0,-1,2,0.5,0.275635,180,0,0,1035419
0,-1,1,0.5,0.2755,180,0,0,1035436
0,0,1,0.5,0.2755,180,0,0,1035452
0,-2,1,0.5,0.27523,180,0,31,1035471
0,0,1,0.5,0.27523,180,0,31,1035484
0,0,1,0.5,0.27523,180,0,0,1035501
0,1,1,0.5,0.275365,180,0,0,1035517
0,0,2,0.5,0.275365,180,0,0,1035536
0,-1,1,0.5,0.27523,180,0,0,1035551
0,-1,1,0.5,0.275095,180,0,31,1035569
0,-2,2,0.5,0.274825,180,0,31,1035588
0,-2,1,0.5,0.274555,180,0,31,1035602
0,-2,1,0.5,0.274285,180,0,0,1035617
0,-2,1,0.5,0.274015,180,0,0,1035638
0,-2,1,0.5,0.273745,180,0,0,1035653
0,-2,1,0.5,0.273475,180,0,31,1035669
0,0,1,0.5,0.273475,180,0,31,1035684
0,0,1,0.5,0.273475,180,0,31,1035701
0,2,1,0.5,0.273745,180,0,31,1035718
0,1,1,0.5,0.27388,180,0,31,1035735
0,1,1,0.5,0.274015,180,0,31,1035751
0,0,1,0.5,0.274015,180,0,31,1035770
0,0,0,0.5,0.274015,180,0,31,1035784
0,-2,1,0.5,0.273745,180,0,31,1035808
0,0,0,0.5,0.273745,180,0,31,1035817
0,0,0,0.5,0.273745,180,0,31,1035834
0,0,0,0.5,0.273745,180,0,31,1035852
0,-1,0,0.5,0.27361,180,0,31,1035868
0,0,0,0.5,0.27361,180,0,31,1035886
0,-2,0,0.5,0.27334,180,0,31,1035904
0,0,0,0.5,0.27334,180,0,31,1035920
0,0,0,0.5,0.27334,180,0,31,1035937
0,0,0,0.5,0.27334,180,0,31,1035951
0,-1,0,0.5,0.273205,180,0,31,1035967
0,-2,0,0.5,0.272935,180,0,0,1035986
0,0,0,0.5,0.272935,180,0,0,1036001
0,-1,0,0.5,0.2728,180,0,31,1036018
0,-1,0,0.5,0.272665,180,0,31,1036035
0,0,0,0.5,0.272665,180,0,31,1036051
0,0,-1,0.5,0.272665,180,0,31,1036068
0,1,0,0.5,0.2728,180,0,0,1036086
0,-1,0,0.5,0.272665,180,0,0,1036101
0,-3,0,0.5,0.27226,180,0,0,1036118
0,-3,0,0.5,0.271855,180,0,0,1036135
0,-2,-1,0.5,0.271585,180,0,31,1036156
0,-2,-1,0.5,0.271315,180,0,31,1036170
0,-1,-1,0.5,0.27118,180,0,31,1036188
0,-2,-2,0.5,0.27091,180,0,0,1036209
0,0,0,0.5,0.27091,180,0,0,1036219
0,-1,0,0.5,0.270775,180,0,0,1036237
0,-1,0,0.5,0.27064,180,0,0,1036253
0,-2,0,0.5,0.27037,180,0,31,1036270
0,-1,-1,0.5,0.270235,180,0,31,1036291
0,-1,-1,0.5,0.2701,180,0,31,1036304
0,0,0,0.5,0.2701,180,0,31,1036323
0,-3,-2,0.5,0.269695,180,0,0,1036339
0,-2,0,0.5,0.269425,180,0,0,1036355
0,-2,0,0.5,0.269155,180,0,0,1036373
0,-3,-1,0.5,0.26875,180,0,0,1036388
0,-2,-1,0.5,0.26848,180,0,31,1036404
0,-2,-1,0.5,0.26821,180,0,31,1036422
0,0,-1,0.5,0.26821,180,0,31,1036436
0,0,-1,0.5,0.26821,180,0,31,1036456
0,0,-1,0.5,0.26821,180,0,0,1036469
0,-1,-1,0.5,0.268075,180,0,0,1036488
0,-2,-1,0.5,0.267805,180,0,0,1036505
0,-2,0,0.5,0.267535,180,0,0,1036521
0,-2,-1,0.5,0.267265,180,0,31,1036537
0,0,0,0.5,0.267265,180,0,31,1036552
0,-1,-1,0.5,0.26713,180,0,31,1036569
0,0,0,0.5,0.26713,180,0,31,1036587
0,1,0,0.5,0.267265,180,0,31,1036603
0,1,0,0.5,0.2674,180,0,0,1036620
0,0,-1,0.5,0.2674,180,0,0,1036637
0,-2,0,0.5,0.26713,180,0,0,1036654
0,-2,0,0.5,0.26686,180,0,31,1036670
0,-2,0,0.5,0.26659,180,0,31,1036686
0,-1,-1,0.5,0.266455,180,0,31,1036705
0,0,-1,0.5,0.266455,180,0,31,1036723
0,1,-1,0.5,0.26659,180,0,0,1036741
0,-1,-1,0.5,0.266455,180,0,0,1036757
0,-2,-1,0.5,0.266185,180,0,0,1036769
0,-2,-1,0.5,0.265915,180,0,31,1036790
0,-1,-1,0.5,0.26578,180,0,31,1036804
0,0,-1,0.5,0.26578,180,0,31,1036822
0,1,-1,0.5,0.265915,180,0,31,1036839
0,0,0,0.5,0.265915,180,0,31,1036855
0,1,0,0.5,0.26605,180,0,0,1036870
0,0,-1,0.5,0.26605,180,0,0,1036889
0,-1,-1,0.5,0.265915,180,0,0,1036905
0,-1,0,0.5,0.26578,180,0,0,1036923
0,-1,0,0.5,0.265645,180,0,31,1036937
0,0,-1,0.5,0.265645,180,0,31,1036954
0,4,0,0.5,0.266185,180,0,31,1036975
0,0,0,0.5,0.266185,180,0,31,1036987
0,0,0,0.5,0.266185,180,0,31,1037003
0,0,0,0.5,0.266185,180,0,0,1037020
0,-1,-1,0.5,0.26605,180,0,0,1037037
0,-3,-2,0.5,0.265645,180,0,0,1037057
0,0,0,0.5,0.265645,180,0,31,1037070
0,-2,-2,0.5,0.265375,180,0,31,1037088
0,1,-1,0.5,0.26551,180,0,31,1037107
0,2,0,0.5,0.26578,180,0,31,1037121
0,1,-1,0.5,0.265915,180,0,31,1037138
0,1,-1,0.5,0.26605,180,0,0,1037154
0,0,0,0.5,0.26605,180,0,0,1037173
0,-2,-1,0.5,0.26578,180,0,0,1037189
0,-2,0,0.5,0.26551,180,0,0,1037204
0,-1,-1,0.5,0.265375,180,0,0,1037223
0,0,0,0.5,0.265375,180,0,31,1037238
0,0,0,0.5,0.265375,180,0,31,1037254
0,1,0,0.5,0.26551,180,0,31,1037272
0,1,-1,0.5,0.265645,180,0,31,1037288
0,0,-1,0.5,0.265645,180,0,0,1037304
0,0,0,0.5,0.265645,180,0,0,1037323
0,-2,-1,0.5,0.265375,180,0,0,1037337
0,-1,-1,0.5,0.26524,180,0,0,1037355
0,-1,-1,0.5,0.265105,180,0,31,1037371
0,-1,-1,0.5,0.26497,180,0,31,1037389
0,-1,-1,0.5,0.264835,180,0,31,1037409
0,0,0,0.5,0.264835,180,0,31,1037421
0,1,0,0.5,0.26497,180,0,31,1037438
0,1,0,0.5,0.265105,180,0,0,1037455
0,0,-2,0.5,0.265105,180,0,0,1037473
0,-1,-1,0.5,0.26497,180,0,0,1037489
0,-1,-1,0.5,0.264835,180,0,0,1037505
0,-1,0,0.5,0.2647,180,0,31,1037521
0,-1,0,0.5,0.264565,180,0,31,1037539
0,0,0,0.5,0.264565,180,0,31,1037555
0,0,0,0.5,0.264565,180,0,31,1037572
0,0,0,0.5,0.264565,180,0,31,1037587
0,3,0,0.5,0.26497,180,0,0,1037608
0,0,0,0.5,0.26497,180,0,0,1037622
0,0,-1,0.5,0.26497,180,0,0,1037638
0,-1,-1,0.5,0.264835,180,0,0,1037657
0,-1,0,0.5,0.2647,180,0,0,1037672
0,-1,-1,0.5,0.264565,180,0,0,1037689
0,0,0,0.5,0.264565,180,0,0,1037705
0,-2,-1,0.5,0.264295,180,0,0,1037723
0,-3,0,0.5,0.26389,180,0,0,1037739
0,-2,0,0.5,0.26362,180,0,0,1037756
0,-3,0,0.5,0.263215,180,0,0,1037772
0,-4,0,0.5,0.262675,180,0,0,1037788
0,-5,0,0.5,0.262,180,0,0,1037806
0,-6,0,0.5,0.26119,180,0,0,1037822
0,-14,1,0.5,0.2593,180,0,0,1037841
0,-8,0,0.5,0.25822,180,0,0,1037856
0,-7,0,0.5,0.257275,180,0,0,1037872
0,-8,0,0.5,0.256195,180,0,0,1037893
0,-8,0,0.5,0.255115,180,0,0,1037911
0,-8,0,0.5,0.254035,180,0,0,1037922
0,-6,1,0.5,0.253225,180,0,0,1037941
0,-5,1,0.5,0.25255,180,0,0,1037958
0,-5,1,0.5,0.251875,180,0,0,1037973
0,-5,2,0.5,0.2512,180,0,0,1037991
0,-2,1,0.5,0.25093,180,0,0,1038005
0,-2,2,0.5,0.25066,180,0,0,1038023
0,-2,1,0.5,0.25039,180,0,0,1038041
0,-3,1,0.5,0.249985,180,0,0,1038058
0,-5,0,0.5,0.24931,180,0,0,1038077
0,-5,0,0.5,0.248635,180,0,0,1038091
0,-5,0,0.5,0.24796,180,0,0,1038106
0,-3,0,0.5,0.247555,180,0,0,1038123
0,-2,-1,0.5,0.247285,180,0,0,1038145
0,-1,-1,0.5,0.24715,180,0,0,1038161
0,0,0,0.5,0.24715,180,0,0,1038174
0,1,-1,0.5,0.247285,180,0,0,1038189
0,4,0,0.5,0.247825,180,0,31,1038206
0,11,4,0.5,0.24931,180,0,31,1038227
0,6,4,0.5,0.25012,180,0,31,1038244
0,7,4,0.5,0.251065,180,0,31,1038260
0,7,3,0.5,0.25201,180,0,0,1038274
0,5,2,0.5,0.252685,180,0,0,1038293
0,5,1,0.5,0.25336,180,0,0,1038308
0,4,1,0.5,0.2539,180,0,0,1038328
0,5,1,0.5,0.254575,180,0,0,1038343
0,5,2,0.5,0.25525,180,0,31,1038362
0,4,1,0.5,0.25579,180,0,31,1038374
0,4,1,0.5,0.25633,180,0,31,1038390
0,4,1,0.5,0.25687,180,0,0,1038407
0,6,1,0.5,0.25768,180,0,0,1038427
0,7,2,0.5,0.258625,180,0,0,1038443
0,10,3,0.5,0.259975,180,0,0,1038457
0,13,4,0.5,0.26173,180,0,0,1038474
0,16,5,0.5,0.26389,180,0,0,1038491
0,34,11,0.5,0.26848,180,0,0,1038514
0,0,0,0.5,0.26848,180,0,0,1038526
0,16,5,0.5,0.27064,180,0,0,1038544
0,15,4,0.5,0.272665,180,0,0,1038558
0,19,6,0.5,0.27523,180,0,0,1038577
0,4,3,0.5,0.27577,180,0,0,1038592
0,0,0,0.5,0.27577,180,0,0,1038606
0,-1,6,0.5,0.275635,180,0,0,1038633
0,-1,3,0.5,0.2755,180,0,0,1038645
0,-2,3,0.5,0.27523,180,0,0,1038659
0,-4,2,0.5,0.27469,180,0,0,1038674
0,-6,3,0.5,0.27388,180,0,0,1038691
0,-5,3,0.5,0.273205,180,0,0,1038709
0,-4,3,0.5,0.272665,180,0,0,1038729
0,-3,3,0.5,0.27226,180,0,0,1038746
0,0,3,0.5,0.27226,180,0,0,1038759
0,0,2,0.5,0.27226,180,0,0,1038775
0,2,2,0.5,0.27253,180,0,0,1038791
0,2,2,0.5,0.2728,180,0,0,1038808
0,3,2,0.5,0.273205,180,0,0,1038827
0,3,3,0.5,0.27361,180,0,0,1038842
0,6,4,0.5,0.27442,180,0,0,1038866
0,21,11,0.5,0.277255,180,0,0,1038882
0,0,0,0.5,0.277255,180,0,0,1038892
0,17,7,0.5,0.27955,180,0,0,1038908
0,21,8,0.5,0.282385,180,0,0,1038932
0,23,8,0.5,0.28549,180,0,0,1038947
0,48,14,0.5,0.29197,180,0,0,1038963
0,27,6,0.5,0.295615,180,0,0,1038977
0,0,0,0.5,0.295615,180,0,0,1038990
0,46,9,0.5,0.301825,180,0,0,1039018
0,18,4,0.5,0.304255,180,0,0,1039030
0,12,5,0.5,0.305875,180,0,0,1039043
0,10,5,0.5,0.307225,180,0,0,1039059
0,10,5,0.5,0.308575,180,0,0,1039081
0,12,6,0.5,0.310195,180,0,0,1039098
0,13,7,0.5,0.31195,180,0,0,1039112
0,15,6,0.5,0.313975,180,0,31,1039126
0,17,7,0.5,0.31627,180,0,31,1039143
0,17,7,0.5,0.318565,180,0,31,1039161
0,17,7,0.5,0.32086,180,0,0,1039181
0,19,7,0.5,0.323425,180,0,0,1039200
0,19,8,0.5,0.32599,180,0,0,1039218
0,19,9,0.5,0.328555,180,0,0,1039229
0,20,9,0.5,0.331255,180,0,0,1039243
0,21,10,0.5,0.33409,180,0,0,1039265
0,19,10,0.5,0.336655,180,0,0,1039283
0,19,9,0.5,0.33922,180,0,0,1039296
0,18,8,0.5,0.34165,180,0,0,1039312
0,36,12,0.5,0.34651,180,0,0,1039333
0,17,6,0.5,0.348805,180,0,0,1039347
0,17,6,0.5,0.3511,180,0,0,1039364
0,16,7,0.5,0.35326,180,0,0,1039380
0,11,7,0.5,0.354745,180,0,0,1039395
0,10,8,0.5,0.356095,180,0,0,1039411
0,7,8,0.5,0.35704,180,0,0,1039431
0,4,8,0.5,0.35758,180,0,0,1039445
0,4,8,0.5,0.35812,180,0,0,1039464
0,5,7,0.5,0.358795,180,0,0,1039480
0,5,7,0.5,0.35947,180,0,0,1039495
0,8,7,0.5,0.36055,180,0,0,1039512
0,9,7,0.5,0.361765,180,0,0,1039528
0,11,8,0.5,0.36325,180,0,0,1039550
0,11,9,0.5,0.364735,180,0,0,1039564
0,12,9,0.5,0.366355,180,0,0,1039580
0,13,10,0.5,0.36811,180,0,0,1039595
0,12,9,0.5,0.36973,180,0,0,1039612
0,11,9,0.5,0.371215,180,0,0,1039629
0,8,9,0.5,0.372295,180,0,0,1039651
0,7,9,0.5,0.37324,180,0,0,1039663
0,2,8,0.5,0.37351,180,0,0,1039679
0,0,7,0.5,0.37351,180,0,0,1039702
0,-4,7,0.5,0.37297,180,0,0,1039711
0,-6,7,0.5,0.37216,180,0,0,1039731
0,-20,14,0.5,0.36946,180,0,0,1039749
0,0,0,0.5,0.36946,180,0,0,1039759
0,-28,10,0.5,0.36568,180,0,0,1039780
0,-17,3,0.5,0.363385,180,0,0,1039794
0,-18,3,0.5,0.360955,180,0,0,1039811
0,-20,2,0.5,0.358255,180,0,0,1039829
0,-20,2,0.5,0.355555,180,0,0,1039843
0,-19,1,0.5,0.35299,180,0,0,1039868
0,-20,1,0.5,0.35029,180,0,0,1039878
0,-22,2,0.5,0.34732,180,0,0,1039893
0,-21,3,0.5,0.344485,180,0,0,1039910
0,-22,3,0.5,0.341515,180,0,0,1039930
0,-22,3,0.5,0.338545,180,0,0,1039947
0,-20,3,0.5,0.335845,180,0,0,1039960
0,-19,3,0.5,0.33328,180,0,0,1039978
0,-17,3,0.5,0.330985,180,0,0,1039994
0,-13,3,0.5,0.32923,180,0,0,1040012
0,-8,2,0.5,0.32815,180,0,0,1040032
0,-5,1,0.5,0.327475,180,0,0,1040046
0,0,0,0.5,0.327475,180,0,0,1040061
0,0,0,0.5,0.327475,180,0,0,1040075
0,0,-2,0.5,0.327475,180,0,0,1040097
0,-1,-1,0.5,0.32734,180,0,0,1040112
0,-3,-1,0.5,0.326935,180,0,0,1040128
0,-3,0,0.5,0.32653,180,0,0,1040145
0,-4,-1,0.5,0.32599,180,0,0,1040163
0,-3,0,0.5,0.325585,180,0,0,1040176
0,-5,1,0.5,0.32491,180,0,0,1040194
0,-3,2,0.5,0.324505,180,0,0,1040212
0,-2,2,0.5,0.324235,180,0,0,1040231
0,0,2,0.5,0.324235,180,0,31,1040245
0,2,4,0.5,0.324505,180,0,31,1040261
0,3,4,0.5,0.32491,180,0,31,1040281
0,3,5,0.5,0.325315,180,0,31,1040299
0,3,5,0.5,0.32572,180,0,31,1040320
0,1,5,0.5,0.325855,180,0,31,1040328
0,1,4,0.5,0.32599,180,0,31,1040344
0,0,3,0.5,0.32599,180,0,31,1040361
0,1,2,0.5,0.326125,180,0,31,1040379
0,2,2,0.5,0.326395,180,0,31,1040398
0,5,2,0.5,0.32707,180,0,31,1040418
0,8,2,0.5,0.32815,180,0,31,1040430
0,8,3,0.5,0.32923,180,0,31,1040451
0,10,3,0.5,0.33058,180,0,31,1040464
0,20,8,0.5,0.33328,180,0,31,1040485
0,0,0,0.5,0.33328,180,0,31,1040495
0,24,12,0.5,0.33652,180,0,31,1040517
0,11,9,0.5,0.338005,180,0,31,1040534
0,10,10,0.5,0.339355,180,0,31,1040552
0,6,11,0.5,0.340165,180,0,31,1040568
0,5,11,0.5,0.34084,180,0,31,1040581
0,3,12,0.5,0.341245,180,0,31,1040601
0,1,12,0.5,0.34138,180,0,31,1040615
0,4,14,0.5,0.34192,180,0,0,1040635
0,5,14,0.5,0.342595,180,0,0,1040656
0,6,15,0.5,0.343405,180,0,0,1040669
0,6,14,0.5,0.344215,180,0,0,1040682
0,8,14,0.5,0.345295,180,0,0,1040698
0,8,15,0.5,0.346375,180,0,0,1040717
0,11,14,0.5,0.34786,180,0,0,1040733
0,12,13,0.5,0.34948,180,0,0,1040751
0,15,13,0.5,0.351505,180,0,0,1040771
0,15,13,0.5,0.35353,180,0,0,1040785
0,16,12,0.5,0.35569,180,0,0,1040800
0,14,10,0.5,0.35758,180,0,0,1040815
0,15,10,0.5,0.359605,180,0,0,1040834
0,13,9,0.5,0.36136,180,0,0,1040853
0,12,8,0.5,0.36298,180,0,0,1040867
0,25,8,0.5,0.366355,180,0,0,1040882
0,13,14,0.5,0.36811,180,0,0,1040902
0,11,6,0.5,0.369595,180,0,0,1040915
0,10,5,0.5,0.370945,180,0,0,1040932
0,0,0,0.5,0.370945,180,0,0,1040944
0,9,7,0.5,0.37216,180,0,0,1040965
0,3,3,0.5,0.372565,180,0,31,1040981
0,2,4,0.5,0.372835,180,0,31,1040996
0,1,5,0.5,0.37297,180,0,31,1041014
0,-1,6,0.5,0.372835,180,0,0,1041032
0,1,7,0.5,0.37297,180,0,0,1041047
0,0,8,0.5,0.37297,180,0,0,1041064
0,-2,7,0.5,0.3727,180,0,0,1041086
0,-4,7,0.5,0.37216,180,0,0,1041101
0,-6,7,0.5,0.37135,180,0,0,1041114
0,-8,6,0.5,0.37027,180,0,0,1041130
0,-12,6,0.5,0.36865,180,0,0,1041149
0,-16,4,0.5,0.36649,180,0,0,1041165
0,-19,3,0.5,0.363925,180,0,0,1041182
0,-23,2,0.5,0.36082,180,0,0,1041196
0,-25,3,0.5,0.357445,180,0,0,1041214
0,-25,3,0.5,0.35407,180,0,0,1041232
0,-47,8,0.5,0.347725,180,0,0,1041253
0,0,0,0.5,0.347725,180,0,0,1041263
0,-19,5,0.5,0.34516,180,0,0,1041280
0,-27,8,0.5,0.341515,180,0,0,1041298
0,-10,10,0.5,0.340165,180,0,0,1041314
0,-9,6,0.5,0.33895,180,0,0,1041334
0,-8,5,0.5,0.33787,180,0,0,1041351
0,-6,4,0.5,0.33706,180,0,0,1041363
0,-4,3,0.5,0.33652,180,0,0,1041382
0,-2,3,0.5,0.33625,180,0,0,1041398
0,0,1,0.5,0.33625,180,0,0,1041421
0,0,1,0.5,0.33625,180,0,0,1041435
0,1,1,0.5,0.336385,180,0,0,1041447
0,2,1,0.5,0.336655,180,0,0,1041465
0,0,0,0.5,0.336655,180,0,0,1041480
0,2,1,0.5,0.336925,180,0,0,1041497
0,0,2,0.5,0.336925,180,0,0,1041513
0,2,3,0.5,0.337195,180,0,0,1041530
0,5,4,0.5,0.33787,180,0,0,1041552
0,7,5,0.5,0.338815,180,0,0,1041565
0,7,5,0.5,0.33976,180,0,0,1041582
0,5,5,0.5,0.340435,180,0,0,1041598
0,2,6,0.5,0.340705,180,0,0,1041617
0,0,6,0.5,0.340705,180,0,0,1041633
0,-3,7,0.5,0.3403,180,0,0,1041649
0,-6,7,0.5,0.33949,180,0,0,1041667
0,-15,13,0.5,0.337465,180,0,0,1041687
0,-7,6,0.5,0.33652,180,0,0,1041701
0,-5,5,0.5,0.335845,180,0,0,1041715
0,-3,4,0.5,0.33544,180,0,0,1041735
0,0,4,0.5,0.33544,180,0,0,1041747
0,1,3,0.5,0.335575,180,0,0,1041764
0,4,3,0.5,0.336115,180,0,0,1041783
0,6,3,0.5,0.336925,180,0,0,1041797
0,7,3,0.5,0.33787,180,0,0,1041814
0,7,4,0.5,0.338815,180,0,0,1041839
0,6,4,0.5,0.339625,180,0,0,1041854
0,9,9,0.5,0.34084,180,0,0,1041877
0,0,0,0.5,0.34084,180,0,0,1041886
0,4,5,0.5,0.34138,180,0,0,1041898
0,5,6,0.5,0.342055,180,0,0,1041916
0,6,5,0.5,0.342865,180,0,0,1041932
0,7,6,0.5,0.34381,180,0,0,1041948
0,11,14,0.5,0.345295,180,0,0,1041972
0,0,0,0.5,0.345295,180,0,0,1041981
0,5,8,0.5,0.34597,180,0,0,1041998
0,11,19,0.5,0.347455,180,0,0,1042022
0,6,10,0.5,0.348265,180,0,0,1042035
0,6,10,0.5,0.349075,180,0,0,1042055
0,7,5,0.5,0.35002,180,0,0,1042065
0,8,15,0.5,0.3511,180,0,0,1042089
0,10,10,0.5,0.35245,180,0,0,1042103
0,11,10,0.5,0.353935,180,0,0,1042118
0,13,9,0.5,0.35569,180,0,0,1042133
0,16,9,0.5,0.35785,180,0,0,1042153
0,18,9,0.5,0.36028,180,0,0,1042170
0,20,9,0.5,0.36298,180,0,0,1042184
0,20,8,0.5,0.36568,180,0,0,1042200
0,22,8,0.5,0.36865,180,0,0,1042217
0,22,7,0.5,0.37162,180,0,0,1042234
0,21,8,0.5,0.374455,180,0,0,1042250
0,18,8,0.5,0.376885,180,0,0,1042268
0,16,9,0.5,0.379045,180,0,0,1042285
0,14,9,0.5,0.380935,180,0,0,1042300
0,11,8,0.5,0.38242,180,0,0,1042317
0,11,8,0.5,0.383905,180,0,0,1042337
0,11,8,0.5,0.38539,180,0,0,1042350
0,12,8,0.5,0.38701,180,0,0,1042366
0,12,9,0.5,0.38863,180,0,0,1042385
0,24,19,0.5,0.39187,180,0,0,1042407
0,10,10,0.5,0.39322,180,0,0,1042422
0,9,11,0.5,0.394435,180,0,0,1042437
0,10,11,0.5,0.395785,180,0,0,1042453
0,10,2,0.5,0.397135,180,0,0,1042466
0,12,19,0.5,0.398755,180,0,0,1042488
0,14,11,0.5,0.400645,180,0,0,1042501
0,17,11,0.5,0.40294,180,0,0,1042520
0,19,12,0.5,0.405505,180,0,0,1042536
0,22,11,0.5,0.408475,180,0,0,1042552
0,22,10,0.5,0.411445,180,0,0,1042569
0,21,9,0.5,0.41428,180,0,0,1042585
0,21,8,0.5,0.417115,180,0,0,1042602
0,19,7,0.5,0.41968,180,0,0,1042618
0,19,7,0.5,0.422245,180,0,0,1042635
0,22,8,0.5,0.425215,180,0,0,1042664
0,46,17,0.5,0.431425,180,0,0,1042686
0,24,8,0.5,0.434665,180,0,0,1042693
0,25,9,0.5,0.43804,180,0,0,1042707
0,0,0,0.5,0.43804,180,0,0,1042716
0,26,9,0.5,0.44155,180,0,0,1042736
0,25,10,0.5,0.444925,180,0,0,1042752
0,26,10,0.5,0.448435,180,0,0,1042771
0,26,9,0.5,0.451945,180,0,0,1042785
0,25,8,0.5,0.45532,180,0,0,1042803
0,47,10,0.5,0.461665,180,0,0,1042822
0,22,4,0.5,0.464635,180,0,0,1042836
0,21,3,0.5,0.46747,180,0,0,1042850
0,19,4,0.5,0.470035,180,0,0,1042867
0,16,5,0.5,0.472195,180,0,0,1042883
0,13,6,0.5,0.47395,180,0,0,1042905
0,13,7,0.5,0.475705,180,0,0,1042922
0,15,8,0.5,0.47773,180,0,0,1042935
0,17,9,0.5,0.480025,180,0,0,1042951
0,20,10,0.5,0.482725,180,0,0,1042976
0,20,10,0.5,0.485425,180,0,0,1042989
0,17,9,0.5,0.48772,180,0,0,1043002
0,14,10,0.5,0.48961,180,0,0,1043019
0,12,10,0.5,0.49123,180,0,0,1043038
0,11,10,0.5,0.492715,180,0,0,1043056
0,11,9,0.5,0.4942,180,0,0,1043068
0,13,9,0.5,0.495955,180,0,0,1043087
0,14,8,0.5,0.497845,180,0,0,1043106
0,17,8,0.5,0.50014,180,0,0,1043123
0,14,8,0.5,0.50203,180,0,0,1043136
0,10,8,0.5,0.50338,180,0,0,1043153
0,6,7,0.5,0.50419,180,0,0,1043170
0,-2,16,0.5,0.50392,180,0,0,1043189
0,-5,0,0.5,0.503245,180,0,0,1043200
0,0,8,0.5,0.503245,180,0,0,1043217
0,-11,19,0.5,0.50176,180,0,0,1043241
0,-4,11,0.5,0.50122,180,0,0,1043258
0,-3,12,0.5,0.500815,180,0,0,1043276
0,0,13,0.5,0.500815,180,0,0,1043291
0,0,14,0.5,0.500815,180,0,0,1043303
0,1,14,0.5,0.50095,180,0,0,1043327
0,7,15,0.5,0.501895,180,0,0,1043339
0,10,15,0.5,0.503245,180,0,0,1043357
0,11,15,0.5,0.50473,180,0,0,1043374
0,12,13,0.5,0.50635,180,0,0,1043392
0,12,13,0.5,0.50797,180,0,0,1043409
0,9,11,0.5,0.509185,180,0,0,1043424
0,9,10,0.5,0.5104,180,0,0,1043440
0,9,9,0.5,0.511615,180,0,0,1043452
0,9,9,0.5,0.51283,180,0,0,1043468
0,7,8,0.5,0.513775,180,0,0,1043486
0,10,14,0.5,0.515125,180,0,0,1043509
0,0,0,0.5,0.515125,180,0,0,1043517
0,2,8,0.5,0.515395,180,0,0,1043539
0,1,6,0.5,0.51553,180,0,0,1043553
0,1,7,0.5,0.515665,180,0,0,1043568
0,-1,17,0.5,0.51553,180,0,0,1043591
0,0,10,0.5,0.51553,180,0,0,1043607
0,0,11,0.5,0.51553,180,0,0,1043623
0,-1,11,0.5,0.515395,180,0,0,1043642
0,-3,11,0.5,0.51499,180,0,0,1043655
0,-3,12,0.5,0.514585,180,0,0,1043672
0,-1,13,0.5,0.51445,180,0,0,1043689
0,0,13,0.5,0.51445,180,0,0,1043703
0,0,13,0.5,0.51445,180,0,0,1043724
0,0,13,0.5,0.51445,180,0,0,1043742
0,0,14,0.5,0.51445,180,0,0,1043759
0,0,14,0.5,0.51445,180,0,0,1043773
0,0,15,0.5,0.51445,180,0,0,1043789
0,0,15,0.5,0.51445,180,0,0,1043806
0,1,16,0.5,0.514585,180,0,0,1043823
0,0,17,0.5,0.514585,180,0,0,1043843
0,5,18,0.5,0.51526,180,0,0,1043860
0,7,18,0.5,0.516205,180,0,0,1043874
0,11,18,0.5,0.51769,180,0,0,1043893
0,10,18,0.5,0.51904,180,0,0,1043906
0,12,17,0.5,0.52066,180,0,0,1043927
0,13,16,0.5,0.522415,180,0,0,1043944
0,25,29,0.5,0.52579,180,0,0,1043964
0,10,14,0.5,0.52714,180,0,0,1043976
0,9,13,0.5,0.528355,180,0,0,1043992
0,7,14,0.5,0.5293,180,0,0,1044006
0,8,14,0.5,0.53038,180,0,0,1044024
0,9,15,0.5,0.531595,180,0,0,1044044
0,7,15,0.5,0.53254,180,0,0,1044058
0,7,15,0.5,0.533485,180,0,0,1044076
0,7,15,0.5,0.53443,180,0,0,1044088
0,9,15,0.5,0.535645,180,0,0,1044107
0,11,15,0.5,0.53713,180,0,0,1044124
0,14,15,0.5,0.53902,180,0,0,1044141
0,16,15,0.5,0.54118,180,0,0,1044163
0,18,15,0.5,0.54361,180,0,0,1044173
0,19,15,0.5,0.546175,180,0,0,1044189
0,20,13,0.5,0.548875,180,0,0,1044204
0,35,15,0.5,0.5536,180,0,0,1044230
0,0,8,0.5,0.5536,180,0,0,1044237
0,14,11,0.5,0.55549,180,0,0,1044254
0,13,11,0.5,0.557245,180,0,0,1044271
0,11,12,0.5,0.55873,180,0,0,1044290
0,13,13,0.5,0.560485,180,0,0,1044309
0,11,14,0.5,0.56197,180,0,0,1044325
0,12,13,0.5,0.56359,180,0,0,1044339
0,11,14,0.5,0.565075,180,0,0,1044354
0,16,21,0.5,0.567235,180,0,0,1044378
0,7,10,0.5,0.56818,180,0,0,1044388
0,5,8,0.5,0.568855,180,0,0,1044411
0,5,6,0.5,0.56953,180,0,0,1044419
0,6,5,0.5,0.57034,180,0,0,1044436
0,7,5,0.5,0.571285,180,0,0,1044458
0,9,4,0.5,0.5725,180,0,0,1044470
0,9,4,0.5,0.573715,180,0,0,1044488
0,11,3,0.5,0.5752,180,0,0,1044504
0,12,3,0.5,0.57682,180,0,0,1044524
0,11,2,0.5,0.578305,180,0,0,1044541
0,9,3,0.5,0.57952,180,0,0,1044553
0,4,5,0.5,0.58006,180,0,0,1044570
0,2,5,0.5,0.58033,180,0,0,1044587
0,-1,7,0.5,0.580195,180,0,0,1044607
0,-4,9,0.5,0.579655,180,0,0,1044621
0,-5,9,0.5,0.57898,180,0,0,1044642
0,-6,11,0.5,0.57817,180,0,0,1044656
0,-7,11,0.5,0.577225,180,0,0,1044673
0,-8,12,0.5,0.576145,180,0,0,1044697
0,-19,21,0.5,0.57358,180,0,0,1044719
0,-12,9,0.5,0.57196,180,0,0,1044730
0,-15,8,0.5,0.569935,180,0,0,1044741
0,-15,7,0.5,0.56791,180,0,0,1044760
0,-13,7,0.5,0.566155,180,0,0,1044777
0,-12,8,0.5,0.564535,180,0,0,1044790
0,-9,9,0.5,0.56332,180,0,0,1044807
0,-8,11,0.5,0.56224,180,0,0,1044823
0,-7,10,0.5,0.561295,180,0,0,1044840
0,-5,10,0.5,0.56062,180,0,0,1044858
0,-3,10,0.5,0.560215,180,0,0,1044872
0,0,10,0.5,0.560215,180,0,0,1044891
0,1,10,0.5,0.56035,180,0,0,1044907
0,2,11,0.5,0.56062,180,0,0,1044930
0,5,11,0.5,0.561295,180,0,0,1044943
0,6,10,0.5,0.562105,180,0,0,1044955
0,4,9,0.5,0.562645,180,0,0,1044972
0,6,7,0.5,0.563455,180,0,0,1044992
0,6,7,0.5,0.564265,180,0,0,1045004
0,5,6,0.5,0.56494,180,0,0,1045021
0,4,5,0.5,0.56548,180,0,0,1045037
0,5,4,0.5,0.566155,180,0,0,1045053
0,4,4,0.5,0.566695,180,0,0,1045071
0,3,4,0.5,0.5671,180,0,0,1045088
0,10,10,0.5,0.56845,180,0,0,1045110
0,8,1,0.5,0.56953,180,0,0,1045123
0,9,10,0.5,0.570745,180,0,0,1045144
0,10,7,0.5,0.572095,180,0,0,1045157
0,11,7,0.5,0.57358,180,0,0,1045172
0,14,8,0.5,0.57547,180,0,0,1045190
0,16,8,0.5,0.57763,180,0,0,1045208
0,17,8,0.5,0.579925,180,0,0,1045222
0,19,8,0.5,0.58249,180,0,0,1045239
0,20,8,0.5,0.58519,180,0,0,1045256
0,22,7,0.5,0.58816,180,0,0,1045272
0,21,6,0.5,0.590995,180,0,0,1045292
0,18,5,0.5,0.593425,180,0,0,1045309
0,14,5,0.5,0.595315,180,0,0,1045321
0,10,5,0.5,0.596665,180,0,0,1045338
0,4,5,0.5,0.597205,180,0,0,1045356
0,3,8,0.5,0.59761,180,0,0,1045376
0,2,10,0.5,0.59788,180,0,0,1045390
0,2,22,0.5,0.59815,180,0,0,1045417
0,-1,12,0.5,0.598015,180,0,0,1045431
0,0,0,0.5,0.598015,180,0,0,1045438
0,-4,12,0.5,0.597475,180,0,0,1045459
0,-6,11,0.5,0.596665,180,0,0,1045474
0,-15,20,0.5,0.59464,180,0,0,1045495
0,-6,9,0.5,0.59383,180,0,0,1045509
0,-4,11,0.5,0.59329,180,0,0,1045531
0,-6,10,0.5,0.59248,180,0,0,1045547
0,-7,8,0.5,0.591535,180,0,0,1045562
0,-9,7,0.5,0.59032,180,0,0,1045577
0,-8,6,0.5,0.58924,180,0,0,1045595
0,-9,5,0.5,0.588025,180,0,0,1045611
0,-8,4,0.5,0.586945,180,0,0,1045623
0,-9,3,0.5,0.58573,180,0,0,1045638
0,-9,2,0.5,0.584515,180,0,0,1045654
0,-6,2,0.5,0.583705,180,0,0,1045671
0,-6,2,0.5,0.582895,180,0,0,1045690
0,-4,3,0.5,0.582355,180,0,0,1045705
0,-2,4,0.5,0.582085,180,0,0,1045725
0,-2,4,0.5,0.581815,180,0,0,1045739
0,-2,4,0.5,0.581545,180,0,0,1045756
0,-2,5,0.5,0.581275,180,0,0,1045777
0,-3,4,0.5,0.58087,180,0,0,1045789
0,-5,5,0.5,0.580195,180,0,0,1045807
0,-6,6,0.5,0.579385,180,0,0,1045822
0,-6,6,0.5,0.578575,180,0,0,1045839
0,-7,7,0.5,0.57763,180,0,0,1045856
0,-11,9,0.5,0.576145,180,0,0,1045874
0,-3,18,0.5,0.57574,180,0,0,1045895
0,-2,12,0.5,0.57547,180,0,0,1045908
0,0,13,0.5,0.57547,180,0,0,1045925
0,0,13,0.5,0.57547,180,0,0,1045946
0,0,13,0.5,0.57547,180,0,0,1045961
0,0,13,0.5,0.57547,180,0,0,1045975
0,0,12,0.5,0.57547,180,0,0,1045996
0,-1,11,0.5,0.575335,180,0,0,1046009
0,-2,10,0.5,0.575065,180,0,0,1046027
0,1,10,0.5,0.5752,180,0,0,1046043
0,1,9,0.5,0.575335,180,0,0,1046059
0,4,8,0.5,0.575875,180,0,0,1046074
0,6,8,0.5,0.576685,180,0,0,1046092
0,4,8,0.5,0.577225,180,0,0,1046110
0,5,8,0.5,0.5779,180,0,0,1046128
0,6,7,0.5,0.57871,180,0,0,1046141
0,8,8,0.5,0.57979,180,0,0,1046158
0,8,9,0.5,0.58087,180,0,0,1046176
0,6,9,0.5,0.58168,180,0,0,1046190
0,17,12,0.5,0.583975,180,0,0,1046213
0,0,5,0.5,0.583975,180,0,0,1046224
0,12,10,0.5,0.585595,180,0,0,1046243
0,24,18,0.5,0.588835,180,0,0,1046267
0,11,8,0.5,0.59032,180,0,0,1046277
0,10,8,0.5,0.59167,180,0,0,1046298
0,9,7,0.5,0.592885,180,0,0,1046309
0,6,7,0.5,0.593695,180,0,0,1046327
0,6,8,0.5,0.594505,180,0,0,1046344
0,5,8,0.5,0.59518,180,0,0,1046361
0,7,8,0.5,0.596125,180,0,0,1046376
0,9,9,0.5,0.59734,180,0,0,1046400
0,13,9,0.5,0.599095,180,0,0,1046416
0,14,9,0.5,0.600985,180,0,0,1046427
0,17,10,0.5,0.60328,180,0,0,1046442
0,19,10,0.5,0.605845,180,0,0,1046461
0,22,10,0.5,0.608815,180,0,0,1046477
0,21,9,0.5,0.61165,180,0,0,1046494
0,25,9,0.5,0.615025,180,0,0,1046510
0,27,8,0.5,0.61867,180,0,0,1046524
0,25,7,0.5,0.622045,180,0,0,1046541
0,25,6,0.5,0.62542,180,0,0,1046560
0,21,4,0.5,0.628255,180,0,0,1046573
0,18,4,0.5,0.630685,180,0,0,1046594
0,27,8,0.5,0.63433,180,0,0,1046611
0,8,5,0.5,0.63541,180,0,0,1046627
0,6,9,0.5,0.63622,180,0,0,1046645
0,0,0,0.5,0.63622,180,0,0,1046657
0,13,18,0.5,0.637975,180,0,0,1046677
0,7,15,0.5,0.63892,180,0,0,1046699
0,7,11,0.5,0.639865,180,0,0,1046723
0,9,11,0.5,0.64108,180,0,0,1046732
0,10,10,0.5,0.64243,180,0,0,1046744
0,12,10,0.5,0.64405,180,0,0,1046761
0,12,10,0.5,0.64567,180,0,0,1046779
0,12,10,0.5,0.64729,180,0,0,1046793
0,11,11,0.5,0.648775,180,0,0,1046810
0,12,13,0.5,0.650395,180,0,0,1046828
0,12,13,0.5,0.652015,180,0,0,1046847
0,12,13,0.5,0.653635,180,0,0,1046863
0,13,13,0.5,0.65539,180,0,0,1046878
0,14,14,0.5,0.65728,180,0,0,1046896
0,15,12,0.5,0.659305,180,0,0,1046914
0,16,12,0.5,0.661465,180,0,0,1046931
0,14,10,0.5,0.663355,180,0,0,1046949
0,13,9,0.5,0.66511,180,0,0,1046961
0,11,7,0.5,0.666595,180,0,0,1046977
0,20,16,0.5,0.669295,180,0,0,1046998
0,11,10,0.5,0.67078,180,0,0,1047014
0,0,0,0.5,0.67078,180,0,0,1047025
0,26,21,0.5,0.67429,180,0,0,1047051
0,15,10,0.5,0.676315,180,0,0,1047062
0,15,10,0.5,0.67834,180,0,0,1047077
0,15,9,0.5,0.680365,180,0,0,1047094
0,17,10,0.5,0.68266,180,0,0,1047112
0,18,10,0.5,0.68509,180,0,0,1047131
0,22,10,0.5,0.68806,180,0,0,1047149
0,24,10,0.5,0.6913,180,0,0,1047161
0,28,10,0.5,0.69508,180,0,0,1047177
0,29,9,0.5,0.698995,180,0,0,1047193
0,29,8,0.5,0.70291,180,0,0,1047211
0,29,7,0.5,0.706825,180,0,0,1047228
0,25,6,0.5,0.71,180,0,0,1047243
