0,93,17,0.5,-0.697445,180,0,0,559284
0,44,9,0.5,-0.691505,180,0,0,559298
0,0,0,0.5,-0.691505,180,0,0,559310
0,19,2,0.5,-0.68894,180,0,0,559317
0,20,1,0.5,-0.68624,180,0,0,559329
0,16,0,0.5,-0.68408,180,0,0,559345
0,15,-1,0.5,-0.682055,180,0,0,559362
0,14,-1,0.5,-0.680165,180,0,0,559379
0,12,-1,0.5,-0.678545,180,0,0,559396
0,11,0,0.5,-0.67706,180,0,0,559411
0,11,0,0.5,-0.675575,180,0,0,559427
0,10,0,0.5,-0.674225,180,0,0,559444
0,9,0,0.5,-0.67301,180,0,0,559462
0,6,-1,0.5,-0.6722,180,0,0,559478
0,6,-1,0.5,-0.67139,180,0,0,559494
0,8,-2,0.5,-0.67031,180,0,0,559511
0,8,-1,0.5,-0.66923,180,0,0,559528
0,10,-1,0.5,-0.66788,180,0,0,559547
0,12,-2,0.5,-0.66626,180,0,0,559561
0,12,-1,0.5,-0.66464,180,0,0,559577
0,14,-1,0.5,-0.66275,180,0,0,559595
0,30,-1,0.5,-0.6587,180,0,0,559612
0,16,0,0.5,-0.65654,180,0,0,559629
0,17,0,0.5,-0.654245,180,0,0,559644
0,18,1,0.5,-0.651815,180,0,0,559661
0,17,1,0.5,-0.64952,180,0,0,559678
0,17,1,0.5,-0.647225,180,0,0,559695
0,16,1,0.5,-0.645065,180,0,0,559712
0,16,0,0.5,-0.642905,180,0,31,559729
0,16,0,0.5,-0.640745,180,0,31,559744
0,16,0,0.5,-0.638585,180,0,31,559761
0,16,-1,0.5,-0.636425,180,0,0,559778
0,16,-1,0.5,-0.634265,180,0,0,559794
0,15,-1,0.5,-0.63224,180,0,0,559815
0,17,-2,0.5,-0.629945,180,0,0,559834
0,18,-2,0.5,-0.627515,180,0,0,559845
0,17,-3,0.5,-0.62522,180,0,0,559862
0,18,-3,0.5,-0.62279,180,0,0,559879
0,17,-4,0.5,-0.620495,180,0,0,559895
0,16,-4,0.5,-0.618335,180,0,0,559912
0,17,-4,0.5,-0.61604,180,0,0,559929
0,20,-4,0.5,-0.61334,180,0,0,559947
0,22,-4,0.5,-0.61037,180,0,0,559962
0,23,-4,0.5,-0.607265,180,0,0,559979
0,22,-4,0.5,-0.604295,180,0,0,560000
0,33,-7,0.5,-0.59984,180,0,0,560014
0,0,-3,0.5,-0.59984,180,0,0,560029
0,28,-11,0.5,-0.59606,180,0,0,560049
0,12,-5,0.5,-0.59444,180,0,0,560064
0,13,-4,0.5,-0.592685,180,0,0,560083
0,15,-3,0.5,-0.59066,180,0,0,560095
0,16,-3,0.5,-0.5885,180,0,0,560111
0,20,-4,0.5,-0.5858,180,0,0,560128
0,21,-3,0.5,-0.582965,180,0,0,560145
0,24,-4,0.5,-0.579725,180,0,0,560166
0,25,-5,0.5,-0.57635,180,0,0,560180
0,25,-5,0.5,-0.572975,180,0,0,560197
0,26,-5,0.5,-0.569465,180,0,0,560215
0,26,-5,0.5,-0.565955,180,0,0,560229
0,26,-5,0.5,-0.562445,180,0,0,560245
0,25,-5,0.5,-0.55907,180,0,0,560266
0,27,-4,0.5,-0.555425,180,0,0,560278
0,27,-3,0.5,-0.55178,180,0,0,560295
0,27,-3,0.5,-0.548135,180,0,0,560311
0,25,-3,0.5,-0.54476,180,0,0,560329
0,26,-3,0.5,-0.54125,180,0,0,560346
0,25,-3,0.5,-0.537875,180,0,0,560365
0,49,-4,0.5,-0.53126,180,0,0,560381
0,0,0,0.5,-0.53126,180,0,0,560394
0,22,-2,0.5,-0.52829,180,0,0,560414
0,39,-4,0.5,-0.523025,180,0,0,560430
0,20,-2,0.5,-0.520325,180,0,0,560445
0,19,-2,0.5,-0.51776,180,0,0,560461
0,16,-2,0.5,-0.5156,180,0,0,560478
0,15,-2,0.5,-0.513575,180,0,0,560495
0,11,-2,0.5,-0.51209,180,0,0,560512
0,9,-1,0.5,-0.510875,180,0,0,560529
0,5,-2,0.5,-0.5102,180,0,0,560546
0,2,-2,0.5,-0.50993,180,0,0,560562
0,-1,-3,0.5,-0.510065,180,0,0,560578
0,-4,-2,0.5,-0.510605,180,0,0,560595
0,-5,-3,0.5,-0.51128,180,0,0,560612
0,-6,-3,0.5,-0.51209,180,0,0,560628
0,-4,-3,0.5,-0.51263,180,0,0,560647
0,-3,-3,0.5,-0.513035,180,0,0,560661
0,-2,-3,0.5,-0.513305,180,0,0,560680
0,0,-2,0.5,-0.513305,180,0,0,560695
0,-1,-2,0.5,-0.51344,180,0,0,560712
0,0,-1,0.5,-0.51344,180,0,0,560730
0,0,-1,0.5,-0.51344,180,0,0,560744
0,4,0,0.5,-0.5129,180,0,0,560763
0,5,0,0.5,-0.512225,180,0,0,560779
0,6,-1,0.5,-0.511415,180,0,0,560794
0,5,-1,0.5,-0.51074,180,0,0,560812
0,6,-2,0.5,-0.50993,180,0,0,560831
0,2,-1,0.5,-0.50966,180,0,0,560849
0,1,-1,0.5,-0.509525,180,0,0,560861
0,1,0,0.5,-0.50939,180,0,0,560879
0,3,0,0.5,-0.508985,180,0,0,560894
0,7,1,0.5,-0.50804,180,0,0,560911
0,8,2,0.5,-0.50696,180,0,0,560930
0,11,2,0.5,-0.505475,180,0,0,560946
0,12,3,0.5,-0.503855,180,0,0,560962
0,12,2,0.5,-0.502235,180,0,0,560979
0,12,3,0.5,-0.500615,180,0,0,560995
0,12,3,0.5,-0.498995,180,0,0,561013
0,11,3,0.5,-0.49751,180,0,0,561028
0,10,3,0.5,-0.49616,180,0,0,561045
0,9,3,0.5,-0.494945,180,0,0,561062
0,5,2,0.5,-0.49427,180,0,0,561078
0,4,1,0.5,-0.49373,180,0,0,561095
0,2,0,0.5,-0.49346,180,0,0,561111
0,1,0,0.5,-0.493325,180,0,0,561128
0,3,-2,0.5,-0.49292,180,0,0,561144
0,3,-2,0.5,-0.492515,180,0,0,561161
0,12,-4,0.5,-0.490895,180,0,0,561183
0,0,0,0.5,-0.490895,180,0,0,561195
0,17,-1,0.5,-0.4886,180,0,0,561212
0,0,0,0.5,-0.4886,180,0,0,561227
0,26,1,0.5,-0.48509,180,0,0,561245
0,17,2,0.5,-0.482795,180,0,0,561264
0,20,3,0.5,-0.480095,180,0,0,561279
0,24,4,0.5,-0.476855,180,0,0,561296
0,28,4,0.5,-0.473075,180,0,0,561315
0,29,4,0.5,-0.46916,180,0,0,561331
0,29,3,0.5,-0.465245,180,0,0,561345
0,28,3,0.5,-0.461465,180,0,0,561363
0,25,2,0.5,-0.45809,180,0,0,561379
0,22,1,0.5,-0.45512,180,0,0,561395
0,20,1,0.5,-0.45242,180,0,0,561411
0,17,2,0.5,-0.450125,180,0,0,561429
0,14,3,0.5,-0.448235,180,0,0,561446
0,9,3,0.5,-0.44702,180,0,0,561463
0,6,2,0.5,-0.44621,180,0,0,561478
0,3,3,0.5,-0.445805,180,0,0,561495
0,3,2,0.5,-0.4454,180,0,0,561513
0,3,2,0.5,-0.444995,180,0,0,561530
0,13,2,0.5,-0.44324,180,0,0,561549
0,0,0,0.5,-0.44324,180,0,0,561560
0,11,1,0.5,-0.441755,180,0,0,561578
0,35,2,0.5,-0.43703,180,0,0,561595
0,0,0,0.5,-0.43703,180,0,0,561611
0,43,4,0.5,-0.431225,180,0,0,561629
0,20,3,0.5,-0.428525,180,0,0,561646
0,16,4,0.5,-0.426365,180,0,0,561663
0,16,5,0.5,-0.424205,180,0,0,561682
0,16,6,0.5,-0.422045,180,0,0,561700
0,17,6,0.5,-0.41975,180,0,0,561715
0,17,4,0.5,-0.417455,180,0,0,561728
0,17,4,0.5,-0.41516,180,0,0,561749
0,16,4,0.5,-0.413,180,0,0,561763
0,16,3,0.5,-0.41084,180,0,0,561781
0,15,3,0.5,-0.408815,180,0,0,561797
0,17,3,0.5,-0.40652,180,0,0,561814
0,16,3,0.5,-0.40436,180,0,0,561830
0,17,3,0.5,-0.402065,180,0,0,561845
0,17,2,0.5,-0.39977,180,0,0,561862
0,15,2,0.5,-0.397745,180,0,0,561878
0,19,2,0.5,-0.39518,180,0,0,561900
0,17,3,0.5,-0.392885,180,0,0,561913
0,19,3,0.5,-0.39032,180,0,0,561928
0,16,4,0.5,-0.38816,180,0,0,561945
0,15,5,0.5,-0.386135,180,0,0,561962
0,26,10,0.5,-0.382625,180,0,0,561979
0,0,0,0.5,-0.382625,180,0,0,561996
0,30,11,0.5,-0.378575,180,0,0,562020
0,16,6,0.5,-0.376415,180,0,0,562030
0,17,7,0.5,-0.37412,180,0,0,562056
0,15,6,0.5,-0.372095,180,0,0,562069
0,18,7,0.5,-0.369665,180,0,0,562080
0,19,6,0.5,-0.3671,180,0,0,562096
0,23,5,0.5,-0.363995,180,0,0,562112
0,25,4,0.5,-0.36062,180,0,0,562131
0,25,4,0.5,-0.357245,180,0,0,562146
0,25,4,0.5,-0.35387,180,0,0,562165
0,24,3,0.5,-0.35063,180,0,0,562180
0,22,3,0.5,-0.34766,180,0,0,562203
0,20,3,0.5,-0.34496,180,0,0,562212
0,16,1,0.5,-0.3428,180,0,0,562229
0,14,1,0.5,-0.34091,180,0,0,562244
0,13,0,0.5,-0.339155,180,0,0,562262
0,13,1,0.5,-0.3374,180,0,0,562280
0,13,2,0.5,-0.335645,180,0,0,562294
0,14,2,0.5,-0.333755,180,0,0,562312
0,15,2,0.5,-0.33173,180,0,0,562329
0,16,3,0.5,-0.32957,180,0,0,562345
0,33,8,0.5,-0.325115,180,0,0,562366
0,0,0,0.5,-0.325115,180,0,0,562378
0,35,11,0.5,-0.32039,180,0,0,562398
0,18,6,0.5,-0.31796,180,0,0,562419
0,16,6,0.5,-0.3158,180,0,0,562435
0,16,6,0.5,-0.31364,180,0,0,562450
0,15,7,0.5,-0.311615,180,0,0,562464
0,16,5,0.5,-0.309455,180,0,0,562480
0,17,4,0.5,-0.30716,180,0,0,562495
0,19,2,0.5,-0.304595,180,0,0,562515
0,19,1,0.5,-0.30203,180,0,0,562530
0,19,1,0.5,-0.299465,180,0,0,562545
0,18,0,0.5,-0.297035,180,0,0,562561
0,16,1,0.5,-0.294875,180,0,0,562582
0,14,0,0.5,-0.292985,180,0,0,562595
0,12,0,0.5,-0.291365,180,0,0,562611
0,11,0,0.5,-0.28988,180,0,0,562632
0,9,0,0.5,-0.288665,180,0,0,562649
0,3,0,0.5,-0.28826,180,0,0,562661
0,1,1,0.5,-0.288125,180,0,0,562678
0,-4,3,0.5,-0.288665,180,0,0,562695
0,-5,2,0.5,-0.28934,180,0,0,562713
0,-25,5,0.5,-0.292715,180,0,0,562733
0,0,0,0.5,-0.292715,180,0,0,562745
0,-36,1,0.5,-0.297575,180,0,0,562762
0,-21,0,0.5,-0.30041,180,0,0,562778
0,0,0,0.5,-0.30041,180,0,0,562793
0,-45,0,0.5,-0.306485,180,0,0,562813
0,-19,0,0.5,-0.30905,180,0,0,562829
0,-17,0,0.5,-0.311345,180,0,0,562845
0,-13,0,0.5,-0.3131,180,0,0,562866
0,-10,1,0.5,-0.31445,180,0,0,562878
0,-4,1,0.5,-0.31499,180,0,0,562898
0,-2,1,0.5,-0.31526,180,0,0,562914
0,-1,1,0.5,-0.315395,180,0,0,562928
0,3,1,0.5,-0.31499,180,0,0,562950
0,5,2,0.5,-0.314315,180,0,0,562964
0,5,2,0.5,-0.31364,180,0,0,562980
0,5,4,0.5,-0.312965,180,0,0,562996
0,4,3,0.5,-0.312425,180,0,0,563012
0,3,3,0.5,-0.31202,180,0,0,563030
0,2,2,0.5,-0.31175,180,0,0,563045
0,3,2,0.5,-0.311345,180,0,0,563065
0,2,1,0.5,-0.311075,180,0,0,563078
0,3,0,0.5,-0.31067,180,0,0,563094
0,1,0,0.5,-0.310535,180,0,0,563112
0,0,-1,0.5,-0.310535,180,0,0,563130
0,-1,-1,0.5,-0.31067,180,0,0,563145
0,-4,-1,0.5,-0.31121,180,0,0,563162
0,-12,-1,0.5,-0.31283,180,0,0,563181
0,0,0,0.5,-0.31283,180,0,0,563195
0,-14,1,0.5,-0.31472,180,0,0,563212
0,-6,2,0.5,-0.31553,180,0,0,563228
0,-5,3,0.5,-0.316205,180,0,0,563251
0,-3,3,0.5,-0.31661,180,0,0,563265
0,-2,3,0.5,-0.31688,180,0,0,563281
0,-1,3,0.5,-0.317015,180,0,0,563302
0,-1,2,0.5,-0.31715,180,0,0,563314
0,0,2,0.5,-0.31715,180,0,0,563329
0,1,1,0.5,-0.317015,180,0,0,563347
0,0,0,0.5,-0.317015,180,0,0,563364
0,0,0,0.5,-0.317015,180,0,0,563381
0,3,0,0.5,-0.31661,180,0,0,563397
0,0,0,0.5,-0.31661,180,0,0,563413
0,0,0,0.5,-0.31661,180,0,0,563430
0,0,0,0.5,-0.31661,180,0,0,563445
0,-3,0,0.5,-0.317015,180,0,0,563462
0,-1,0,0.5,-0.31715,180,0,0,563480
0,-2,0,0.5,-0.31742,180,0,0,563497
0,-1,1,0.5,-0.317555,180,0,0,563512
0,-1,1,0.5,-0.31769,180,0,0,563530
0,-1,1,0.5,-0.317825,180,0,0,563546
0,-2,2,0.5,-0.318095,180,0,0,563568
0,-1,1,0.5,-0.31823,180,0,0,563582
0,0,2,0.5,-0.31823,180,0,0,563599
0,0,2,0.5,-0.31823,180,0,0,563615
0,1,2,0.5,-0.318095,180,0,0,563631
0,1,2,0.5,-0.31796,180,0,0,563647
0,0,2,0.5,-0.31796,180,0,0,563663
0,-1,2,0.5,-0.318095,180,0,0,563680
0,-2,2,0.5,-0.318365,180,0,0,563698
0,-1,2,0.5,-0.3185,180,0,0,563721
0,-1,1,0.5,-0.318635,180,0,0,563732
0,-1,1,0.5,-0.31877,180,0,0,563748
0,0,0,0.5,-0.31877,180,0,0,563765
0,0,0,0.5,-0.31877,180,0,0,563781
0,1,1,0.5,-0.318635,180,0,0,563797
0,3,2,0.5,-0.31823,180,0,0,563813
0,7,3,0.5,-0.317285,180,0,0,563834
0,6,3,0.5,-0.316475,180,0,0,563851
0,7,3,0.5,-0.31553,180,0,0,563867
0,7,5,0.5,-0.314585,180,0,0,563883
0,4,9,0.5,-0.314045,180,0,0,563903
0,-3,5,0.5,-0.31445,180,0,0,563915
0,-5,5,0.5,-0.315125,180,0,0,563932
0,-6,5,0.5,-0.315935,180,0,0,563950
0,-7,5,0.5,-0.31688,180,0,0,563966
0,-5,4,0.5,-0.317555,180,0,0,563982
0,-4,3,0.5,-0.318095,180,0,0,564000
0,-2,3,0.5,-0.318365,180,0,0,564014
0,0,2,0.5,-0.318365,180,0,0,564031
0,2,1,0.5,-0.318095,180,0,0,564047
0,2,1,0.5,-0.317825,180,0,0,564064
0,4,0,0.5,-0.317285,180,0,0,564082
0,4,-1,0.5,-0.316745,180,0,0,564098
0,1,-2,0.5,-0.31661,180,0,0,564114
0,2,-3,0.5,-0.31634,180,0,0,564130
0,-1,-2,0.5,-0.316475,180,0,0,564151
0,-2,-2,0.5,-0.316745,180,0,0,564168
0,-5,-1,0.5,-0.31742,180,0,0,564189
0,0,0,0.5,-0.31742,180,0,0,564201
0,-4,1,0.5,-0.31796,180,0,0,564214
0,-5,2,0.5,-0.318635,180,0,0,564230
0,-5,5,0.5,-0.31931,180,0,0,564250
0,-4,4,0.5,-0.31985,180,0,0,564266
0,-5,4,0.5,-0.320525,180,0,0,564282
0,-5,6,0.5,-0.3212,180,0,0,564300
0,-1,0,0.5,-0.321335,180,0,0,564316
0,0,0,0.5,-0.321335,180,0,0,564330
0,0,-1,0.5,-0.321335,180,0,0,564348
0,2,-1,0.5,-0.321065,180,0,0,564369
0,2,-2,0.5,-0.320795,180,0,0,564385
0,1,-1,0.5,-0.32066,180,0,0,564401
0,1,-1,0.5,-0.320525,180,0,0,564415
0,-1,-1,0.5,-0.32066,180,0,0,564431
0,0,0,0.5,-0.32066,180,0,0,564451
0,1,1,0.5,-0.320525,180,0,0,564468
0,3,2,0.5,-0.32012,180,0,0,564482
0,7,4,0.5,-0.319175,180,0,0,564502
0,7,5,0.5,-0.31823,180,0,0,564519
0,9,6,0.5,-0.317015,180,0,0,564534
0,8,6,0.5,-0.315935,180,0,0,564553
0,7,7,0.5,-0.31499,180,0,0,564571
0,6,8,0.5,-0.31418,180,0,0,564588
0,6,9,0.5,-0.31337,180,0,0,564603
0,4,8,0.5,-0.31283,180,0,0,564617
0,6,10,0.5,-0.31202,180,0,0,564637
0,0,9,0.5,-0.31202,180,0,0,564654
0,0,17,0.5,-0.31202,180,0,0,564671
0,0,12,0.5,-0.31202,180,0,0,564687
0,0,10,0.5,-0.31202,180,0,0,564701
0,1,8,0.5,-0.311885,180,0,0,564720
0,3,8,0.5,-0.31148,180,0,0,564738
0,4,7,0.5,-0.31094,180,0,0,564754
0,6,6,0.5,-0.31013,180,0,0,564769
0,6,6,0.5,-0.30932,180,0,0,564789
0,7,5,0.5,-0.308375,180,0,0,564801
0,9,5,0.5,-0.30716,180,0,0,564817
0,11,5,0.5,-0.305675,180,0,0,564833
0,11,4,0.5,-0.30419,180,0,0,564852
0,12,6,0.5,-0.30257,180,0,0,564869
0,12,6,0.5,-0.30095,180,0,0,564883
0,12,6,0.5,-0.29933,180,0,0,564903
0,15,7,0.5,-0.297305,180,0,0,564921
0,15,7,0.5,-0.29528,180,0,0,564938
0,16,7,0.5,-0.29312,180,0,0,564951
0,18,7,0.5,-0.29069,180,0,0,564973
0,19,8,0.5,-0.288125,180,0,0,564988
0,36,15,0.5,-0.283265,180,0,0,565007
0,0,0,0.5,-0.283265,180,0,0,565017
0,18,6,0.5,-0.280835,180,0,0,565035
0,35,12,0.5,-0.27611,180,0,0,565055
0,18,6,0.5,-0.27368,180,0,0,565070
0,18,8,0.5,-0.27125,180,0,0,565088
0,14,9,0.5,-0.26936,180,0,0,565104
0,12,10,0.5,-0.26774,180,0,0,565122
0,9,11,0.5,-0.266525,180,0,0,565141
0,8,12,0.5,-0.265445,180,0,0,565155
0,7,12,0.5,-0.2645,180,0,0,565173
0,7,13,0.5,-0.263555,180,0,0,565186
0,9,11,0.5,-0.26234,180,0,0,565201
0,11,11,0.5,-0.260855,180,0,0,565220
0,13,11,0.5,-0.2591,180,0,0,565241
0,15,11,0.5,-0.257075,180,0,0,565253
0,16,10,0.5,-0.254915,180,0,0,565271
0,16,10,0.5,-0.252755,180,0,0,565286
0,19,9,0.5,-0.25019,180,0,0,565303
0,22,10,0.5,-0.24722,180,1,0,565320
0,23,9,0.5,-0.244115,180,1,0,565336
0,25,9,0.5,-0.24074,180,1,0,565355
0,24,7,0.5,-0.2375,180,0,0,565371
0,23,6,0.5,-0.234395,180,0,0,565385
0,22,5,0.5,-0.231425,180,0,0,565402
0,42,12,0.5,-0.225755,180,0,0,565431
0,18,8,0.5,-0.223325,180,0,0,565446
0,12,8,0.5,-0.221705,180,0,0,565464
0,11,9,0.5,-0.22022,180,0,0,565480
0,9,8,0.5,-0.219005,180,0,0,565492
0,12,8,0.5,-0.217385,180,0,0,565503
0,11,8,0.5,-0.2159,180,0,0,565520
0,8,7,0.5,-0.21482,180,0,0,565542
0,7,7,0.5,-0.213875,180,0,0,565554
0,6,7,0.5,-0.213065,180,0,0,565572
0,5,6,0.5,-0.21239,180,0,0,565588
0,3,5,0.5,-0.211985,180,0,0,565603
0,3,4,0.5,-0.21158,180,0,0,565619
0,1,3,0.5,-0.211445,180,0,0,565637
0,1,3,0.5,-0.21131,180,0,0,565650
0,1,2,0.5,-0.211175,180,0,0,565668
0,1,1,0.5,-0.21104,180,0,0,565684
0,1,1,0.5,-0.210905,180,0,0,565700
0,4,1,0.5,-0.210365,180,0,0,565720
0,5,1,0.5,-0.20969,180,0,0,565734
0,5,0,0.5,-0.209015,180,0,31,565751
0,5,0,0.5,-0.20834,180,0,31,565767
0,2,0,0.5,-0.20807,180,0,31,565786
0,-1,3,0.5,-0.208205,180,0,31,565810
0,0,2,0.5,-0.208205,180,0,0,565819
0,0,0,0.5,-0.208205,180,0,0,565833
0,-3,8,0.5,-0.20861,180,0,0,565854
0,-1,4,0.5,-0.208745,180,0,0,565870
0,-1,4,0.5,-0.20888,180,0,0,565888
0,0,0,0.5,-0.20888,180,0,0,565901
0,0,6,0.5,-0.20888,180,0,0,565919
0,1,2,0.5,-0.208745,180,0,0,565935
0,1,3,0.5,-0.20861,180,0,0,565952
0,2,2,0.5,-0.20834,180,0,31,565970
0,4,1,0.5,-0.2078,180,0,31,565984
0,3,1,0.5,-0.207395,180,0,31,566002
0,3,1,0.5,-0.20699,180,0,0,566019
0,2,1,0.5,-0.20672,180,0,0,566035
0,1,1,0.5,-0.206585,180,0,0,566051
0,1,1,0.5,-0.20645,180,0,0,566068
0,0,0,0.5,-0.20645,180,0,0,566087
0,2,0,0.5,-0.20618,180,0,0,566106
0,0,0,0.5,-0.20618,180,0,0,566118
0,1,0,0.5,-0.206045,180,0,0,566134
0,1,1,0.5,-0.20591,180,0,0,566151
0,3,1,0.5,-0.205505,180,0,31,566169
0,5,2,0.5,-0.20483,180,0,31,566189
0,0,0,0.5,-0.20483,180,0,31,566201
0,2,2,0.5,-0.20456,180,0,0,566222
0,0,2,0.5,-0.20456,180,0,0,566237
0,0,0,0.5,-0.20456,180,0,0,566251
0,0,0,0.5,-0.20456,180,0,0,566268
0,0,0,0.5,-0.20456,180,0,0,566283
0,0,0,0.5,-0.20456,180,0,31,566303
0,0,0,0.5,-0.20456,180,0,0,566318
0,0,-1,0.5,-0.20456,180,0,0,566334
0,0,0,0.5,-0.20456,180,0,0,566351
0,0,-1,0.5,-0.20456,180,0,0,566372
0,0,-1,0.5,-0.20456,180,0,0,566386
0,1,-1,0.5,-0.204425,180,0,31,566403
0,2,-1,0.5,-0.204155,180,0,31,566420
0,1,-1,0.5,-0.20402,180,0,0,566436
0,0,0,0.5,-0.20402,180,0,0,566454
0,0,0,0.5,-0.20402,180,0,0,566468
0,0,0,0.5,-0.20402,180,0,0,566485
0,0,0,0.5,-0.20402,180,0,0,566504
0,-1,-1,0.5,-0.204155,180,0,31,566520
0,0,0,0.5,-0.204155,180,0,0,566535
0,1,0,0.5,-0.20402,180,0,0,566552
0,0,-1,0.5,-0.20402,180,0,0,566570
0,-1,0,0.5,-0.204155,180,0,0,566585
0,-1,-2,0.5,-0.20429,180,0,0,566603
0,1,-1,0.5,-0.204155,180,0,31,566619
0,1,-1,0.5,-0.20402,180,0,0,566639
0,0,-1,0.5,-0.20402,180,0,0,566654
0,0,-1,0.5,-0.20402,180,0,0,566672
0,-1,-1,0.5,-0.204155,180,0,0,566685
0,-1,-1,0.5,-0.20429,180,0,0,566703
0,1,-1,0.5,-0.204155,180,0,31,566719
0,2,-1,0.5,-0.203885,180,0,31,566737
0,3,-1,0.5,-0.20348,180,0,0,566756
0,1,0,0.5,-0.203345,180,0,0,566773
0,0,-1,0.5,-0.203345,180,0,0,566785
0,0,0,0.5,-0.203345,180,0,0,566807
0,-1,-1,0.5,-0.20348,180,0,0,566820
0,1,-1,0.5,-0.203345,180,0,31,566836
0,2,-1,0.5,-0.203075,180,0,31,566852
0,3,-2,0.5,-0.20267,180,0,0,566874
0,0,0,0.5,-0.20267,180,0,0,566888
0,0,-1,0.5,-0.20267,180,0,0,566904
0,-1,-1,0.5,-0.202805,180,0,0,566920
0,0,-1,0.5,-0.202805,180,0,0,566935
0,1,-1,0.5,-0.20267,180,0,31,566953
0,3,-2,0.5,-0.202265,180,0,0,566970
0,2,-4,0.5,-0.201995,180,0,0,566987
0,1,-1,0.5,-0.20186,180,0,0,567005
0,0,-2,0.5,-0.20186,180,0,0,567023
0,2,-2,0.5,-0.20159,180,0,0,567041
0,4,-2,0.5,-0.20105,180,0,31,567056
0,4,-2,0.5,-0.20051,180,0,31,567070
0,3,-2,0.5,-0.200105,180,0,31,567087
0,1,-2,0.5,-0.19997,180,0,0,567103
0,-1,-2,0.5,-0.200105,180,0,0,567121
0,-1,-2,0.5,-0.20024,180,0,0,567139
0,0,-2,0.5,-0.20024,180,0,0,567153
0,1,-2,0.5,-0.200105,180,0,31,567170
0,2,-2,0.5,-0.199835,180,0,31,567188
0,3,-2,0.5,-0.19943,180,0,0,567203
0,3,-2,0.5,-0.199025,180,0,0,567223
0,1,-2,0.5,-0.19889,180,0,0,567237
0,2,-2,0.5,-0.19862,180,0,0,567259
0,3,-2,0.5,-0.198215,180,0,0,567272
0,7,-5,0.5,-0.19727,180,0,31,567292
0,0,0,0.5,-0.19727,180,0,31,567304
0,3,-3,0.5,-0.196865,180,0,31,567322
0,4,-3,0.5,-0.196325,180,0,0,567341
0,5,-6,0.5,-0.19565,180,0,0,567358
0,3,-3,0.5,-0.195245,180,0,0,567371
0,4,-3,0.5,-0.194705,180,0,0,567389
0,5,-3,0.5,-0.19403,180,0,0,567405
0,7,-2,0.5,-0.193085,180,0,31,567421
0,6,-2,0.5,-0.192275,180,0,31,567438
0,5,-1,0.5,-0.1916,180,0,0,567454
0,5,-1,0.5,-0.190925,180,0,0,567472
0,5,-2,0.5,-0.19025,180,0,0,567490
0,6,-1,0.5,-0.18944,180,0,0,567506
0,7,-1,0.5,-0.188495,180,0,31,567520
0,9,-1,0.5,-0.18728,180,0,31,567537
0,8,-1,0.5,-0.1862,180,0,31,567554
0,6,-2,0.5,-0.18539,180,0,0,567572
0,5,-1,0.5,-0.184715,180,0,0,567589
0,4,-2,0.5,-0.184175,180,0,0,567608
0,3,-2,0.5,-0.18377,180,0,0,567623
0,4,-2,0.5,-0.18323,180,0,0,567639
0,5,-2,0.5,-0.182555,180,0,31,567655
0,5,-1,0.5,-0.18188,180,0,31,567674
0,5,-2,0.5,-0.181205,180,0,0,567689
0,5,-1,0.5,-0.18053,180,0,0,567705
0,4,-2,0.5,-0.17999,180,0,0,567722
0,9,-2,0.5,-0.178775,180,0,0,567741
0,4,0,0.5,-0.178235,180,0,0,567754
0,7,-1,0.5,-0.17729,180,0,31,567772
0,7,0,0.5,-0.176345,180,0,31,567791
0,7,0,0.5,-0.1754,180,0,31,567807
0,7,0,0.5,-0.174455,180,0,31,567821
0,4,0,0.5,-0.173915,180,0,0,567837
0,2,0,0.5,-0.173645,180,0,0,567854
0,0,0,0.5,-0.173645,180,0,0,567870
0,0,-1,0.5,-0.173645,180,0,0,567889
0,1,-1,0.5,-0.17351,180,0,0,567907
0,3,-2,0.5,-0.173105,180,0,31,567922
0,4,-2,0.5,-0.172565,180,0,31,567939
0,6,-2,0.5,-0.171755,180,0,0,567955
0,6,-2,0.5,-0.170945,180,0,0,567972
0,6,-2,0.5,-0.170135,180,0,0,567988
0,7,-2,0.5,-0.16919,180,0,0,568008
0,8,-2,0.5,-0.16811,180,0,31,568023
0,10,-1,0.5,-0.16676,180,0,31,568039
0,11,-2,0.5,-0.165275,180,0,31,568054
0,10,-2,0.5,-0.163925,180,0,0,568074
0,17,-2,0.5,-0.16163,180,0,0,568092
0,0,0,0.5,-0.16163,180,0,0,568104
0,12,-1,0.5,-0.16001,180,0,0,568124
0,5,0,0.5,-0.159335,180,0,0,568140
0,5,0,0.5,-0.15866,180,0,31,568155
0,4,-1,0.5,-0.15812,180,0,31,568174
0,3,-1,0.5,-0.157715,180,0,31,568190
0,1,-2,0.5,-0.15758,180,0,0,568205
0,1,-2,0.5,-0.157445,180,0,0,568223
0,0,-2,0.5,-0.157445,180,0,0,568241
0,-1,-2,0.5,-0.15758,180,0,0,568258
0,2,-1,0.5,-0.15731,180,0,0,568273
0,4,-1,0.5,-0.15677,180,0,0,568290
0,5,-1,0.5,-0.156095,180,0,31,568306
0,6,-1,0.5,-0.155285,180,0,31,568327
0,5,-1,0.5,-0.15461,180,0,0,568342
0,3,-1,0.5,-0.154205,180,0,0,568356
0,2,-2,0.5,-0.153935,180,0,0,568374
0,0,-1,0.5,-0.153935,180,0,0,568389
0,-2,-2,0.5,-0.154205,180,0,0,568406
0,-1,-1,0.5,-0.15434,180,0,0,568423
0,0,-1,0.5,-0.15434,180,0,31,568440
0,1,0,0.5,-0.154205,180,0,31,568456
0,2,0,0.5,-0.153935,180,0,31,568472
0,6,0,0.5,-0.153125,180,0,0,568490
0,3,-1,0.5,-0.15272,180,0,0,568507
0,0,0,0.5,-0.15272,180,0,0,568523
0,6,-2,0.5,-0.15191,180,0,0,568544
0,5,-1,0.5,-0.151235,180,0,31,568559
0,3,0,0.5,-0.15083,180,0,31,568572
0,4,-1,0.5,-0.15029,180,0,31,568591
0,3,-1,0.5,-0.149885,180,0,31,568610
0,1,-1,0.5,-0.14975,180,0,0,568630
0,2,-1,0.5,-0.14948,180,0,0,568641
0,0,-1,0.5,-0.14948,180,0,0,568656
0,0,0,0.5,-0.14948,180,0,0,568672
0,1,0,0.5,-0.149345,180,0,0,568689
0,1,0,0.5,-0.14921,180,0,31,568706
0,0,0,0.5,-0.14921,180,0,31,568723
0,0,0,0.5,-0.14921,180,0,31,568739
0,0,0,0.5,-0.14921,180,0,0,568755
0,0,1,0.5,-0.14921,180,0,0,568777
0,-6,0,0.5,-0.15002,180,0,0,568790
0,-7,-1,0.5,-0.150965,180,0,0,568806
0,-8,-1,0.5,-0.152045,180,0,0,568825
0,-9,-1,0.5,-0.15326,180,0,0,568841
0,-10,-1,0.5,-0.15461,180,0,0,568859
0,-14,-1,0.5,-0.1565,180,0,0,568875
0,-2,0,0.5,-0.15677,180,0,0,568891
0,0,1,0.5,-0.15677,180,0,0,568907
0,6,1,0.5,-0.15596,180,0,0,568925
0,8,1,0.5,-0.15488,180,0,0,568941
0,12,1,0.5,-0.15326,180,0,0,568957
0,14,1,0.5,-0.15137,180,0,0,568973
0,17,2,0.5,-0.149075,180,0,0,568991
0,21,2,0.5,-0.14624,180,0,0,569008
0,21,3,0.5,-0.143405,180,0,0,569027
0,21,3,0.5,-0.14057,180,0,0,569042
0,18,3,0.5,-0.13814,180,0,0,569058
0,16,3,0.5,-0.13598,180,0,0,569074
0,15,2,0.5,-0.133955,180,0,0,569091
0,12,2,0.5,-0.132335,180,0,0,569109
0,11,2,0.5,-0.13085,180,0,0,569125
0,8,2,0.5,-0.12977,180,0,0,569141
0,6,2,0.5,-0.12896,180,0,0,569158
0,4,1,0.5,-0.12842,180,0,0,569175
0,7,4,0.5,-0.127475,180,0,0,569198
0,0,0,0.5,-0.127475,180,0,0,569210
0,3,2,0.5,-0.12707,180,0,0,569224
0,4,1,0.5,-0.12653,180,0,0,569242
0,5,1,0.5,-0.125855,180,0,0,569258
0,15,2,0.5,-0.12383,180,0,0,569275
0,8,3,0.5,-0.12275,180,0,0,569291
0,9,2,0.5,-0.121535,180,0,0,569311
0,9,3,0.5,-0.12032,180,0,0,569324
0,8,3,0.5,-0.11924,180,0,0,569342
0,6,3,0.5,-0.11843,180,0,0,569360
0,6,3,0.5,-0.11762,180,0,0,569376
0,6,4,0.5,-0.11681,180,0,0,569392
0,8,5,0.5,-0.11573,180,0,0,569416
0,9,5,0.5,-0.114515,180,0,0,569428
0,10,6,0.5,-0.113165,180,0,0,569443
0,13,6,0.5,-0.11141,180,0,0,569459
0,14,6,0.5,-0.10952,180,0,0,569479
0,15,7,0.5,-0.107495,180,0,0,569493
0,17,7,0.5,-0.1052,180,0,0,569519
0,17,7,0.5,-0.102905,180,0,0,569526
0,19,7,0.5,-0.10034,180,0,0,569545
0,20,7,0.5,-0.09764,180,0,0,569559
0,22,7,0.5,-0.09467,180,0,0,569582
0,25,7,0.5,-0.091295,180,0,0,569597
0,26,7,0.5,-0.087785,180,0,0,569616
0,29,8,0.5,-0.08387,180,0,0,569628
0,26,7,0.5,-0.08036,180,0,0,569643
0,44,9,0.5,-0.07442,180,0,0,569672
0,15,3,0.5,-0.072395,180,0,0,569684
0,12,3,0.5,-0.070775,180,0,0,569694
0,4,2,0.5,-0.070235,180,0,0,569708
0,2,3,0.5,-0.069965,180,0,0,569727
0,1,2,0.5,-0.06983,180,0,0,569743
0,2,3,0.5,-0.06956,180,0,0,569763
0,4,3,0.5,-0.06902,180,0,0,569775
0,9,3,0.5,-0.067805,180,0,0,569796
0,12,4,0.5,-0.066185,180,0,0,569810
0,14,4,0.5,-0.064295,180,0,0,569828
0,15,3,0.5,-0.06227,180,0,0,569849
0,15,3,0.5,-0.060245,180,0,0,569868
0,15,3,0.5,-0.05822,180,0,0,569877
0,16,3,0.5,-0.05606,180,0,0,569900
0,14,2,0.5,-0.05417,180,0,0,569914
0,16,2,0.5,-0.05201,180,0,0,569927
0,15,2,0.5,-0.049985,180,0,0,569943
0,16,1,0.5,-0.047825,180,0,0,569963
0,16,1,0.5,-0.045665,180,0,0,569977
0,15,2,0.5,-0.04364,180,0,0,569992
0,17,2,0.5,-0.041345,180,0,0,570009
0,16,2,0.5,-0.039185,180,0,0,570025
0,15,2,0.5,-0.03716,180,0,31,570043
0,25,2,0.5,-0.033785,180,0,31,570062
0,10,1,0.5,-0.032435,180,0,31,570075
0,8,0,0.5,-0.031355,180,0,31,570091
0,3,0,0.5,-0.03095,180,0,0,570111
0,1,0,0.5,-0.030815,180,0,0,570126
0,-1,2,0.5,-0.03095,180,0,0,570147
0,-4,2,0.5,-0.03149,180,0,0,570162
0,-5,3,0.5,-0.032165,180,0,0,570176
0,-6,4,0.5,-0.032975,180,0,0,570193
0,-6,4,0.5,-0.033785,180,0,0,570209
0,-6,5,0.5,-0.034595,180,0,0,570232
0,-6,6,0.5,-0.035405,180,0,0,570246
0,-5,6,0.5,-0.03608,180,0,0,570262
0,-2,5,0.5,-0.03635,180,0,0,570281
0,0,6,0.5,-0.03635,180,0,0,570297
0,4,6,0.5,-0.03581,180,0,0,570311
0,9,5,0.5,-0.034595,180,0,0,570331
0,12,6,0.5,-0.032975,180,0,0,570350
0,14,6,0.5,-0.031085,180,0,0,570364
0,18,6,0.5,-0.028655,180,0,0,570379
0,18,5,0.5,-0.026225,180,0,0,570394
0,19,6,0.5,-0.02366,180,0,0,570413
0,38,11,0.5,-0.01853,180,0,0,570430
0,21,5,0.5,-0.015695,180,0,0,570451
0,18,4,0.5,-0.013265,180,0,0,570466
0,18,4,0.5,-0.010835,180,0,0,570484
0,14,3,0.5,-0.008945,180,0,0,570498
0,11,2,0.5,-0.00746,180,0,0,570512
0,8,1,0.5,-0.00638,180,0,0,570530
0,8,1,0.5,-0.0053,180,0,0,570545
0,8,2,0.5,-0.00422,180,0,0,570562
0,7,2,0.5,-0.003275,180,0,0,570578
0,8,3,0.5,-0.002195,180,0,0,570593
0,8,3,0.5,-0.001115,180,0,0,570612
0,17,8,0.5,0.00118,180,0,0,570637
0,0,0,0.5,0.00118,180,0,0,570644
0,12,5,0.5,0.0028,180,0,0,570666
0,13,5,0.5,0.004555,180,0,0,570682
0,14,6,0.5,0.006445,180,0,0,570697
0,32,12,0.5,0.010765,180,0,0,570719
0,0,2,0.5,0.010765,180,0,0,570727
0,15,6,0.5,0.01279,180,0,0,570744
0,17,6,0.5,0.015085,180,0,0,570764
0,37,12,0.5,0.02008,180,0,0,570787
0,0,0,0.5,0.02008,180,0,0,570794
0,42,10,0.5,0.02575,180,0,0,570816
0,21,4,0.5,0.028585,180,0,0,570831
0,16,3,0.5,0.030745,180,0,0,570846
0,15,1,0.5,0.03277,180,0,0,570862
0,10,0,0.5,0.03412,180,0,0,570878
0,9,0,0.5,0.035335,180,0,0,570893
0,7,0,0.5,0.03628,180,0,0,570912
0,5,0,0.5,0.036955,180,0,0,570928
0,6,0,0.5,0.037765,180,0,0,570944
0,7,1,0.5,0.03871,180,0,31,570963
0,8,1,0.5,0.03979,180,0,31,570979
0,7,1,0.5,0.040735,180,0,31,570994
0,8,1,0.5,0.041815,180,0,0,571014
0,9,1,0.5,0.04303,180,0,0,571032
0,11,1,0.5,0.044515,180,0,0,571046
0,12,2,0.5,0.046135,180,0,0,571061
0,14,3,0.5,0.048025,180,0,0,571084
0,15,4,0.5,0.05005,180,0,0,571098
0,13,3,0.5,0.051805,180,0,0,571113
0,16,4,0.5,0.053965,180,0,0,571131
0,17,4,0.5,0.05626,180,0,0,571145
0,38,6,0.5,0.06139,180,0,0,571167
0,21,3,0.5,0.064225,180,0,0,571180
0,21,2,0.5,0.06706,180,0,0,571196
0,21,2,0.5,0.069895,180,0,0,571212
0,22,0,0.5,0.072865,180,0,0,571231
0,20,0,0.5,0.075565,180,0,0,571244
0,19,0,0.5,0.07813,180,0,0,571261
0,20,0,0.5,0.08083,180,0,0,571279
0,19,0,0.5,0.083395,180,0,0,571297
0,19,0,0.5,0.08596,180,0,0,571311
0,19,0,0.5,0.088525,180,0,0,571329
0,19,0,0.5,0.09109,180,0,0,571347
0,20,1,0.5,0.09379,180,0,0,571363
0,18,2,0.5,0.09622,180,0,0,571380
0,17,3,0.5,0.098515,180,0,0,571396
0,16,3,0.5,0.100675,180,0,0,571412
0,16,3,0.5,0.102835,180,0,0,571432
0,17,4,0.5,0.10513,180,0,0,571445
0,15,4,0.5,0.107155,180,0,0,571465
0,15,4,0.5,0.10918,180,0,0,571483
0,13,4,0.5,0.110935,180,0,0,571499
0,14,4,0.5,0.112825,180,0,0,571514
0,16,4,0.5,0.114985,180,0,0,571531
0,16,3,0.5,0.117145,180,0,0,571555
0,20,2,0.5,0.119845,180,0,0,571564
0,22,2,0.5,0.122815,180,0,0,571579
0,43,1,0.5,0.12862,180,0,0,571596
0,19,0,0.5,0.131185,180,0,0,571613
0,16,0,0.5,0.133345,180,0,0,571630
0,15,0,0.5,0.13537,180,0,0,571645
0,15,-1,0.5,0.137395,180,0,0,571662
0,13,-1,0.5,0.13915,180,0,0,571679
0,14,-1,0.5,0.14104,180,0,0,571698
0,15,-1,0.5,0.143065,180,0,0,571713
0,18,-1,0.5,0.145495,180,0,0,571731
0,21,0,0.5,0.14833,180,0,0,571747
0,22,0,0.5,0.1513,180,0,0,571763
0,21,0,0.5,0.154135,180,0,0,571779
0,21,0,0.5,0.15697,180,0,0,571795
0,17,0,0.5,0.159265,180,0,0,571815
0,17,0,0.5,0.16156,180,0,0,571830
0,15,1,0.5,0.163585,180,0,0,571847
0,16,1,0.5,0.165745,180,0,0,571862
0,17,1,0.5,0.16804,180,0,0,571879
0,19,1,0.5,0.170605,180,0,0,571896
0,22,1,0.5,0.173575,180,0,0,571915
0,53,2,0.5,0.18073,180,0,0,571935
0,0,0,0.5,0.18073,180,0,0,571945
0,53,0,0.5,0.187885,180,0,0,571964
0,0,0,0.5,0.187885,180,0,0,571979
0,38,0,0.5,0.193015,180,0,0,571996
0,14,-1,0.5,0.194905,180,0,0,572014
0,12,-2,0.5,0.196525,180,0,0,572029
0,11,-3,0.5,0.19801,180,0,0,572051
0,9,-2,0.5,0.199225,180,0,0,572064
0,7,-2,0.5,0.20017,180,0,0,572080
0,8,-2,0.5,0.20125,180,0,0,572098
0,8,-1,0.5,0.20233,180,0,0,572115
0,9,-1,0.5,0.203545,180,0,0,572130
0,11,-1,0.5,0.20503,180,0,31,572147
0,12,-1,0.5,0.20665,180,0,0,572164
0,12,-1,0.5,0.20827,180,0,0,572181
0,12,-2,0.5,0.20989,180,0,0,572197
0,10,-1,0.5,0.21124,180,0,0,572213
0,10,0,0.5,0.21259,180,0,0,572230
0,9,0,0.5,0.213805,180,0,0,572247
0,9,0,0.5,0.21502,180,0,0,572265
0,11,1,0.5,0.216505,180,0,0,572280
0,13,1,0.5,0.21826,180,0,31,572297
0,14,1,0.5,0.22015,180,0,31,572313
0,15,0,0.5,0.222175,180,0,0,572329
0,31,0,0.5,0.22636,180,0,0,572351
0,17,0,0.5,0.228655,180,0,0,572365
0,17,0,0.5,0.23095,180,0,0,572381
0,18,0,0.5,0.23338,180,0,0,572398
0,16,0,0.5,0.23554,180,0,0,572414
0,14,0,0.5,0.23743,180,0,0,572433
0,12,0,0.5,0.23905,180,0,0,572450
0,9,-1,0.5,0.240265,180,0,0,572464
0,8,-3,0.5,0.241345,180,0,0,572481
0,6,-2,0.5,0.242155,180,0,0,572498
0,6,-2,0.5,0.242965,180,0,31,572515
0,6,-2,0.5,0.243775,180,0,31,572531
0,5,-2,0.5,0.24445,180,0,0,572548
0,5,-2,0.5,0.245125,180,0,0,572566
0,3,-3,0.5,0.24553,180,0,0,572582
0,6,-3,0.5,0.24634,180,0,0,572599
0,5,-3,0.5,0.247015,180,0,0,572615
0,6,-3,0.5,0.247825,180,0,0,572633
0,8,-3,0.5,0.248905,180,0,0,572652
0,6,-3,0.5,0.249715,180,0,0,572666
0,6,-1,0.5,0.250525,180,0,0,572682
0,4,0,0.5,0.251065,180,0,0,572697
0,2,0,0.5,0.251335,180,0,0,572713
0,-3,0,0.5,0.25093,180,0,0,572735
0,-5,1,0.5,0.250255,180,0,0,572749
0,-3,0,0.5,0.24985,180,0,0,572764
0,-1,0,0.5,0.249715,180,0,0,572780
0,2,1,0.5,0.249985,180,0,0,572800
0,6,1,0.5,0.250795,180,0,0,572820
0,7,0,0.5,0.25174,180,0,0,572835
0,10,0,0.5,0.25309,180,0,0,572848
0,12,0,0.5,0.25471,180,0,0,572864
0,12,0,0.5,0.25633,180,0,0,572881
0,13,0,0.5,0.258085,180,0,0,572897
0,14,0,0.5,0.259975,180,0,0,572916
0,14,0,0.5,0.261865,180,0,0,572933
0,15,1,0.5,0.26389,180,0,0,572947
0,14,2,0.5,0.26578,180,0,0,572966
0,15,2,0.5,0.267805,180,0,0,572985
0,15,2,0.5,0.26983,180,0,0,573000
0,14,2,0.5,0.27172,180,0,0,573015
0,14,4,0.5,0.27361,180,0,0,573032
0,14,4,0.5,0.2755,180,0,0,573051
0,14,4,0.5,0.27739,180,0,0,573068
0,15,5,0.5,0.279415,180,0,0,573083
0,14,5,0.5,0.281305,180,0,0,573101
0,20,10,0.5,0.284005,180,0,0,573124
0,5,4,0.5,0.28468,180,0,0,573134
0,2,4,0.5,0.28495,180,0,0,573151
0,1,3,0.5,0.285085,180,0,0,573167
0,-2,2,0.5,0.284815,180,0,0,573184
0,0,1,0.5,0.284815,180,0,0,573200
0,1,1,0.5,0.28495,180,0,0,573220
0,6,0,0.5,0.28576,180,0,0,573231
0,8,0,0.5,0.28684,180,0,0,573248
0,9,1,0.5,0.288055,180,0,0,573266
0,10,1,0.5,0.289405,180,0,0,573282
0,9,1,0.5,0.29062,180,0,0,573299
0,9,2,0.5,0.291835,180,0,0,573316
0,8,2,0.5,0.292915,180,0,0,573333
0,6,1,0.5,0.293725,180,0,0,573351
0,4,1,0.5,0.294265,180,0,0,573365
0,3,0,0.5,0.29467,180,0,0,573387
0,1,0,0.5,0.294805,180,0,0,573402
0,1,0,0.5,0.29494,180,0,0,573415
0,0,-1,0.5,0.29494,180,0,31,573431
0,1,-1,0.5,0.295075,180,0,31,573451
0,0,-1,0.5,0.295075,180,0,0,573466
0,2,-1,0.5,0.295345,180,0,0,573481
0,1,-1,0.5,0.29548,180,0,0,573499
0,1,-2,0.5,0.295615,180,0,0,573516
0,3,-1,0.5,0.29602,180,0,0,573538
0,3,-1,0.5,0.296425,180,0,31,573552
0,3,0,0.5,0.29683,180,0,31,573568
0,2,0,0.5,0.2971,180,0,31,573582
0,0,0,0.5,0.2971,180,0,31,573598
0,0,0,0.5,0.2971,180,0,0,573618
0,0,1,0.5,0.2971,180,0,0,573633
0,1,1,0.5,0.297235,180,0,0,573649
0,3,1,0.5,0.29764,180,0,0,573665
0,3,2,0.5,0.298045,180,0,0,573683
0,4,1,0.5,0.298585,180,0,31,573701
0,2,0,0.5,0.298855,180,0,31,573715
0,1,0,0.5,0.29899,180,0,31,573738
0,0,0,0.5,0.29899,180,0,0,573750
0,0,0,0.5,0.29899,180,0,0,573766
0,-1,0,0.5,0.298855,180,0,0,573782
0,0,1,0.5,0.298855,180,0,0,573799
0,-1,1,0.5,0.29872,180,0,0,573816
0,-1,0,0.5,0.298585,180,0,0,573832
0,-1,1,0.5,0.29845,180,0,0,573849
0,0,1,0.5,0.29845,180,0,0,573866
0,-1,1,0.5,0.298315,180,0,0,573883
0,1,4,0.5,0.29845,180,0,0,573904
0,5,2,0.5,0.299125,180,0,0,573919
0,6,3,0.5,0.299935,180,0,0,573933
0,9,2,0.5,0.30115,180,0,0,573954
0,13,4,0.5,0.302905,180,0,0,573970
0,15,3,0.5,0.30493,180,0,0,573988
0,19,5,0.5,0.307495,180,0,0,574001
0,23,5,0.5,0.3106,180,0,0,574022
0,24,6,0.5,0.31384,180,0,0,574039
0,27,6,0.5,0.317485,180,0,0,574052
0,28,6,0.5,0.321265,180,0,0,574068
0,28,6,0.5,0.325045,180,0,0,574089
0,22,4,0.5,0.328015,180,0,0,574104
0,16,4,0.5,0.330175,180,0,0,574121
0,9,2,0.5,0.33139,180,0,0,574134
0,5,1,0.5,0.332065,180,0,0,574152
0,1,0,0.5,0.3322,180,0,0,574166
0,0,0,0.5,0.3322,180,0,0,574183
0,0,0,0.5,0.3322,180,0,0,574200
0,3,0,0.5,0.332605,180,0,0,574216
0,6,2,0.5,0.333415,180,0,0,574234
0,15,1,0.5,0.33544,180,0,0,574253
0,10,2,0.5,0.33679,180,0,0,574268
0,10,5,0.5,0.33814,180,0,0,574285
0,10,3,0.5,0.33949,180,0,0,574302
0,10,4,0.5,0.34084,180,0,0,574319
0,12,4,0.5,0.34246,180,0,0,574338
0,14,4,0.5,0.34435,180,0,0,574352
0,17,5,0.5,0.346645,180,0,0,574369
0,19,5,0.5,0.34921,180,0,0,574385
0,23,6,0.5,0.352315,180,0,0,574404
0,25,5,0.5,0.35569,180,0,0,574423
0,26,4,0.5,0.3592,180,0,0,574437
0,26,3,0.5,0.36271,180,0,0,574452
0,26,1,0.5,0.36622,180,0,0,574468
0,24,0,0.5,0.36946,180,0,0,574485
0,23,0,0.5,0.372565,180,0,0,574505
0,21,0,0.5,0.3754,180,0,0,574517
0,19,1,0.5,0.377965,180,0,0,574534
0,15,3,0.5,0.37999,180,0,0,574551
0,13,4,0.5,0.381745,180,0,0,574571
0,11,5,0.5,0.38323,180,0,0,574585
0,9,6,0.5,0.384445,180,0,0,574605
0,8,6,0.5,0.385525,180,0,0,574620
0,14,6,0.5,0.387415,180,0,0,574636
0,8,13,0.5,0.388495,180,0,0,574658
0,8,6,0.5,0.389575,180,0,0,574676
0,8,6,0.5,0.390655,180,0,0,574694
0,9,6,0.5,0.39187,180,0,0,574704
0,9,5,0.5,0.393085,180,0,0,574721
0,6,4,0.5,0.393895,180,0,0,574738
0,2,3,0.5,0.394165,180,0,0,574760
0,-2,2,0.5,0.393895,180,0,0,574770
0,-3,1,0.5,0.39349,180,0,0,574785
0,-9,1,0.5,0.392275,180,0,0,574802
0,-9,1,0.5,0.39106,180,0,0,574822
0,-11,1,0.5,0.389575,180,0,0,574835
0,-13,1,0.5,0.38782,180,0,0,574851
0,-14,3,0.5,0.38593,180,0,0,574869
0,-16,2,0.5,0.38377,180,0,0,574889
0,-16,2,0.5,0.38161,180,0,0,574905
0,-17,2,0.5,0.379315,180,0,0,574919
0,-15,2,0.5,0.37729,180,0,0,574938
0,-14,1,0.5,0.3754,180,0,0,574951
0,-11,0,0.5,0.373915,180,0,0,574970
0,-8,0,0.5,0.372835,180,0,0,574986
0,-4,0,0.5,0.372295,180,0,0,575001
0,-2,0,0.5,0.372025,180,0,0,575018
0,0,0,0.5,0.372025,180,0,0,575035
0,2,0,0.5,0.372295,180,0,0,575055
0,1,1,0.5,0.37243,180,0,0,575072
0,1,1,0.5,0.372565,180,0,0,575087
0,0,2,0.5,0.372565,180,0,0,575105
0,-2,2,0.5,0.372295,180,0,0,575119
0,-5,3,0.5,0.37162,180,0,0,575137
0,-5,4,0.5,0.370945,180,0,0,575153
0,-6,4,0.5,0.370135,180,0,0,575173
0,-6,5,0.5,0.369325,180,0,0,575190
0,-7,5,0.5,0.36838,180,0,0,575204
0,-5,5,0.5,0.367705,180,0,0,575220
0,-4,4,0.5,0.367165,180,0,0,575243
0,-1,3,0.5,0.36703,180,0,0,575254
0,0,1,0.5,0.36703,180,0,0,575268
0,0,0,0.5,0.36703,180,0,0,575285
0,1,0,0.5,0.367165,180,0,0,575303
0,0,0,0.5,0.367165,180,0,0,575318
0,-1,-2,0.5,0.36703,180,0,0,575337
0,-1,-1,0.5,0.366895,180,0,0,575353
0,0,0,0.5,0.366895,180,0,0,575369
0,0,0,0.5,0.366895,180,0,0,575386
0,-3,0,0.5,0.36649,180,0,0,575403
0,0,1,0.5,0.36649,180,0,0,575420
0,0,0,0.5,0.36649,180,0,0,575435
0,1,1,0.5,0.366625,180,0,0,575452
0,1,0,0.5,0.36676,180,0,0,575469
0,2,1,0.5,0.36703,180,0,0,575487
0,3,0,0.5,0.367435,180,0,0,575502
0,1,2,0.5,0.36757,180,0,0,575520
0,1,2,0.5,0.367705,180,0,0,575538
0,1,3,0.5,0.36784,180,0,0,575555
0,-1,3,0.5,0.367705,180,0,0,575572
0,0,3,0.5,0.367705,180,0,31,575588
0,-1,4,0.5,0.36757,180,0,31,575605
0,-2,4,0.5,0.3673,180,0,31,575622
0,-2,4,0.5,0.36703,180,0,0,575643
0,-3,4,0.5,0.366625,180,0,0,575654
0,-4,4,0.5,0.366085,180,0,0,575671
0,-3,4,0.5,0.36568,180,0,0,575689
0,-2,3,0.5,0.36541,180,0,0,575706
0,-3,3,0.5,0.365005,180,0,0,575723
0,-1,3,0.5,0.36487,180,0,0,575739
0,0,3,0.5,0.36487,180,0,0,575758
0,2,5,0.5,0.36514,180,0,0,575771
0,0,10,0.5,0.36514,180,0,0,575791
0,-5,5,0.5,0.364465,180,0,0,575807
0,0,0,0.5,0.364465,180,0,0,575820
0,-18,11,0.5,0.362035,180,0,0,575844
0,-10,5,0.5,0.360685,180,0,0,575859
0,-10,5,0.5,0.359335,180,0,0,575871
0,-9,5,0.5,0.35812,180,0,0,575892
0,-8,4,0.5,0.35704,180,0,0,575909
0,-5,4,0.5,0.356365,180,0,0,575921
0,-4,3,0.5,0.355825,180,0,0,575940
0,-2,3,0.5,0.355555,180,0,0,575958
0,-1,3,0.5,0.35542,180,0,0,575971
0,0,2,0.5,0.35542,180,0,0,575991
0,1,2,0.5,0.355555,180,0,0,576008
0,0,2,0.5,0.355555,180,0,0,576021
0,0,2,0.5,0.355555,180,0,0,576038
0,0,1,0.5,0.355555,180,0,0,576059
0,-1,1,0.5,0.35542,180,0,0,576071
0,-3,1,0.5,0.355015,180,0,0,576089
0,-5,0,0.5,0.35434,180,0,0,576103
0,-5,0,0.5,0.353665,180,0,0,576123
0,-5,-1,0.5,0.35299,180,0,0,576142
0,-2,0,0.5,0.35272,180,0,0,576158
0,-1,-4,0.5,0.352585,180,0,0,576173
0,-1,-2,0.5,0.35245,180,0,0,576188
0,0,-2,0.5,0.35245,180,0,0,576204
0,1,-2,0.5,0.352585,180,0,0,576221
0,1,-1,0.5,0.35272,180,0,0,576239
0,1,0,0.5,0.352855,180,0,0,576255
0,1,0,0.5,0.35299,180,0,0,576271
0,0,0,0.5,0.35299,180,0,0,576288
0,0,0,0.5,0.35299,180,0,0,576304
0,3,0,0.5,0.353395,180,0,0,576322
0,1,2,0.5,0.35353,180,0,0,576338
0,1,2,0.5,0.353665,180,0,0,576355
0,1,2,0.5,0.3538,180,0,0,576373
0,2,3,0.5,0.35407,180,0,0,576388
0,2,4,0.5,0.35434,180,0,0,576406
0,3,5,0.5,0.354745,180,0,0,576431
0,2,6,0.5,0.355015,180,0,0,576443
0,0,5,0.5,0.355015,180,0,0,576457
0,-3,6,0.5,0.35461,180,0,0,576473
0,-5,5,0.5,0.353935,180,0,0,576492
0,-5,5,0.5,0.35326,180,0,0,576506
0,-3,5,0.5,0.352855,180,0,0,576526
0,-2,5,0.5,0.352585,180,0,0,576540
0,-1,10,0.5,0.35245,180,0,0,576558
0,0,3,0.5,0.35245,180,0,0,576578
0,0,0,0.5,0.35245,180,0,0,576588
0,5,5,0.5,0.353125,180,0,0,576608
0,3,0,0.5,0.35353,180,0,0,576623
0,2,0,0.5,0.3538,180,0,0,576639
0,2,0,0.5,0.35407,180,0,0,576658
0,1,0,0.5,0.354205,180,0,0,576675
0,0,0,0.5,0.354205,180,0,0,576690
0,1,0,0.5,0.35434,180,0,0,576705
0,3,0,0.5,0.354745,180,0,0,576722
0,3,0,0.5,0.35515,180,0,0,576739
0,1,0,0.5,0.355285,180,0,0,576756
0,0,0,0.5,0.355285,180,0,0,576771
0,0,0,0.5,0.355285,180,0,0,576787
0,1,0,0.5,0.35542,180,0,0,576807
0,0,-1,0.5,0.35542,180,0,0,576824
0,1,-2,0.5,0.355555,180,0,0,576838
0,0,-2,0.5,0.355555,180,0,0,576858
0,-1,-2,0.5,0.35542,180,0,0,576875
0,-2,-1,0.5,0.35515,180,0,0,576890
0,-3,-1,0.5,0.354745,180,0,0,576905
0,-2,-1,0.5,0.354475,180,0,0,576922
0,-4,0,0.5,0.353935,180,0,0,576938
0,-3,0,0.5,0.35353,180,0,0,576957
0,-2,2,0.5,0.35326,180,0,0,576975
0,-1,2,0.5,0.353125,180,0,0,576989
0,-1,2,0.5,0.35299,180,0,0,577011
0,-1,2,0.5,0.352855,180,0,0,577025
0,1,3,0.5,0.35299,180,0,0,577042
0,4,4,0.5,0.35353,180,0,0,577060
0,5,4,0.5,0.354205,180,0,0,577073
0,7,5,0.5,0.35515,180,0,0,577091
0,7,6,0.5,0.356095,180,0,0,577111
0,5,6,0.5,0.35677,180,0,0,577128
0,5,7,0.5,0.357445,180,0,0,577145
0,3,7,0.5,0.35785,180,0,0,577159
0,2,8,0.5,0.35812,180,0,0,577174
0,2,8,0.5,0.35839,180,0,0,577193
0,-1,7,0.5,0.358255,180,0,0,577216
0,0,14,0.5,0.358255,180,0,0,577235
0,0,0,0.5,0.358255,180,0,0,577242
0,0,5,0.5,0.358255,180,0,0,577258
0,3,4,0.5,0.35866,180,0,0,577275
0,11,7,0.5,0.360145,180,0,0,577299
0,9,3,0.5,0.36136,180,0,0,577312
0,0,0,0.5,0.36136,180,0,0,577322
0,15,3,0.5,0.363385,180,0,0,577340
0,10,6,0.5,0.364735,180,0,0,577358
0,9,4,0.5,0.36595,180,0,0,577375
0,8,4,0.5,0.36703,180,0,0,577394
0,7,5,0.5,0.367975,180,0,0,577408
0,8,5,0.5,0.369055,180,0,0,577425
0,9,6,0.5,0.37027,180,0,0,577443
0,11,7,0.5,0.371755,180,0,0,577461
0,12,8,0.5,0.373375,180,0,0,577476
0,17,8,0.5,0.37567,180,0,0,577494
0,19,9,0.5,0.378235,180,0,0,577513
0,21,10,0.5,0.38107,180,0,0,577527
0,25,9,0.5,0.384445,180,0,0,577543
0,25,9,0.5,0.38782,180,0,0,577559
0,25,8,0.5,0.391195,180,0,0,577579
0,26,7,0.5,0.394705,180,0,0,577593
0,27,6,0.5,0.39835,180,0,0,577610
0,29,6,0.5,0.402265,180,0,0,577625
0,26,6,0.5,0.405775,180,0,0,577642
0,25,6,0.5,0.40915,180,0,0,577659
0,22,6,0.5,0.41212,180,0,0,577675
0,19,6,0.5,0.414685,180,0,0,577691
0,38,12,0.5,0.419815,180,0,0,577715
0,0,0,0.5,0.419815,180,0,0,577725
0,41,14,0.5,0.42535,180,0,0,577745
0,24,8,0.5,0.42859,180,0,0,577768
0,25,7,0.5,0.431965,180,0,0,577780
0,26,6,0.5,0.435475,180,0,0,577793
0,30,4,0.5,0.439525,180,0,0,577808
0,31,5,0.5,0.44371,180,0,0,577829
0,32,5,0.5,0.44803,180,0,0,577846
0,33,5,0.5,0.452485,180,0,0,577861
0,34,6,0.5,0.457075,180,0,0,577875
0,34,5,0.5,0.461665,180,0,0,577895
0,31,4,0.5,0.46585,180,0,0,577912
0,30,4,0.5,0.4699,180,0,0,577929
0,27,6,0.5,0.473545,180,0,0,577944
0,26,7,0.5,0.477055,180,0,0,577960
0,25,8,0.5,0.48043,180,0,0,577980
0,23,8,0.5,0.483535,180,0,0,577997
0,22,9,0.5,0.486505,180,0,0,578015
0,21,8,0.5,0.48934,180,0,0,578029
0,22,9,0.5,0.49231,180,0,0,578043
0,22,9,0.5,0.49528,180,0,0,578061
0,41,14,0.5,0.500815,180,0,0,578081
0,14,0,0.5,0.502705,180,0,0,578093
0,13,8,0.5,0.50446,180,0,0,578112
0,7,3,0.5,0.505405,180,0,0,578128
0,3,3,0.5,0.50581,180,0,0,578142
0,-1,2,0.5,0.505675,180,0,0,578159
0,-6,1,0.5,0.504865,180,0,0,578176
0,-7,2,0.5,0.50392,180,0,0,578193
0,-8,2,0.5,0.50284,180,0,0,578211
0,-11,4,0.5,0.501355,180,0,0,578229
0,-10,4,0.5,0.500005,180,0,0,578242
0,-11,5,0.5,0.49852,180,0,0,578267
0,-10,4,0.5,0.49717,180,0,0,578276
0,-7,3,0.5,0.496225,180,0,0,578292
0,-5,3,0.5,0.49555,180,0,0,578309
0,-5,3,0.5,0.494875,180,0,0,578327
0,-3,2,0.5,0.49447,180,0,0,578344
0,-2,2,0.5,0.4942,180,0,0,578362
0,-4,2,0.5,0.49366,180,0,0,578378
0,-4,0,0.5,0.49312,180,0,0,578391
0,-14,-2,0.5,0.49123,180,0,0,578418
0,-9,-3,0.5,0.490015,180,0,0,578430
0,0,0,0.5,0.490015,180,0,0,578442
0,-21,-8,0.5,0.48718,180,0,0,578463
0,-11,-6,0.5,0.485695,180,0,0,578478
0,-10,-5,0.5,0.484345,180,0,0,578494
0,-9,-4,0.5,0.48313,180,0,0,578510
0,-6,-3,0.5,0.48232,180,0,0,578526
0,-3,-3,0.5,0.481915,180,0,0,578543
0,-1,-2,0.5,0.48178,180,0,0,578561
0,1,-1,0.5,0.481915,180,0,0,578575
0,7,0,0.5,0.48286,180,0,0,578591
0,6,1,0.5,0.48367,180,0,0,578610
0,6,3,0.5,0.48448,180,0,0,578626
0,7,5,0.5,0.485425,180,0,0,578643
0,6,6,0.5,0.486235,180,0,0,578661
0,3,8,0.5,0.48664,180,0,0,578678
0,0,8,0.5,0.48664,180,0,0,578699
0,-2,8,0.5,0.48637,180,0,0,578712
0,-4,8,0.5,0.48583,180,0,0,578730
0,-6,7,0.5,0.48502,180,0,0,578745
0,-7,8,0.5,0.484075,180,0,0,578762
0,-7,7,0.5,0.48313,180,0,0,578778
0,-7,6,0.5,0.482185,180,0,0,578794
0,-6,5,0.5,0.481375,180,0,0,578810
0,-4,3,0.5,0.480835,180,0,0,578831
0,-4,3,0.5,0.480295,180,0,0,578844
0,-1,2,0.5,0.48016,180,0,0,578862
0,0,0,0.5,0.48016,180,0,0,578876
0,0,0,0.5,0.48016,180,0,0,578895
0,0,-3,0.5,0.48016,180,0,0,578912
0,0,-2,0.5,0.48016,180,0,0,578927
0,0,-2,0.5,0.48016,180,0,0,578943
0,0,-2,0.5,0.48016,180,0,0,578960
0,3,-2,0.5,0.480565,180,0,0,578977
0,5,-1,0.5,0.48124,180,0,0,578993
0,7,0,0.5,0.482185,180,0,0,579010
0,10,0,0.5,0.483535,180,0,0,579026
0,11,1,0.5,0.48502,180,0,0,579043
0,13,2,0.5,0.486775,180,0,0,579060
0,15,2,0.5,0.4888,180,0,0,579076
0,17,2,0.5,0.491095,180,0,0,579098
0,18,3,0.5,0.493525,180,0,0,579111
0,17,4,0.5,0.49582,180,0,0,579129
0,18,4,0.5,0.49825,180,0,0,579149
0,18,5,0.5,0.50068,180,0,0,579161
0,18,5,0.5,0.50311,180,0,0,579179
0,20,5,0.5,0.50581,180,0,0,579197
0,21,5,0.5,0.508645,180,0,0,579211
0,23,5,0.5,0.51175,180,0,0,579232
0,46,6,0.5,0.51796,180,0,0,579247
0,0,3,0.5,0.51796,180,0,0,579260
0,46,8,0.5,0.52417,180,0,0,579283
0,22,3,0.5,0.52714,180,0,0,579296
0,23,3,0.5,0.530245,180,0,0,579315
0,23,4,0.5,0.53335,180,0,0,579331
0,23,4,0.5,0.536455,180,0,0,579344
0,22,4,0.5,0.539425,180,0,0,579363
0,22,3,0.5,0.542395,180,0,0,579380
0,21,2,0.5,0.54523,180,0,0,579397
0,20,2,0.5,0.54793,180,0,0,579412
0,19,2,0.5,0.550495,180,0,0,579431
0,18,3,0.5,0.552925,180,0,0,579445
0,16,4,0.5,0.555085,180,0,0,579462
0,13,5,0.5,0.55684,180,0,0,579478
0,12,5,0.5,0.55846,180,0,0,579499
0,10,4,0.5,0.55981,180,0,0,579515
0,8,4,0.5,0.56089,180,0,0,579528
0,8,4,0.5,0.56197,180,0,0,579545
0,8,4,0.5,0.56305,180,0,0,579562
0,8,4,0.5,0.56413,180,0,0,579581
0,10,4,0.5,0.56548,180,0,0,579599
0,11,4,0.5,0.566965,180,0,0,579612
0,13,4,0.5,0.56872,180,0,0,579629
0,38,8,0.5,0.57385,180,0,0,579650
0,24,3,0.5,0.57709,180,0,0,579664
0,25,3,0.5,0.580465,180,0,0,579682
0,26,2,0.5,0.583975,180,0,0,579699
0,25,1,0.5,0.58735,180,0,0,579711
0,23,0,0.5,0.590455,180,0,0,579729
0,19,0,0.5,0.59302,180,0,0,579744
0,20,0,0.5,0.59572,180,0,0,579761
0,19,0,0.5,0.598285,180,0,0,579783
0,17,-1,0.5,0.60058,180,0,0,579795
0,15,-2,0.5,0.602605,180,0,0,579813
0,14,-2,0.5,0.604495,180,0,0,579829
0,13,-3,0.5,0.60625,180,0,0,579845
0,12,-2,0.5,0.60787,180,0,0,579862
0,13,-2,0.5,0.609625,180,0,0,579881
0,13,0,0.5,0.61138,180,0,0,579895
0,13,0,0.5,0.613135,180,0,0,579911
0,15,2,0.5,0.61516,180,0,0,579930
0,19,2,0.5,0.617725,180,0,0,579946
0,20,2,0.5,0.620425,180,0,0,579962
0,25,3,0.5,0.6238,180,0,0,579982
0,27,3,0.5,0.627445,180,0,0,579999
0,56,6,0.5,0.635005,180,0,0,580015
0,28,4,0.5,0.638785,180,0,0,580036
0,26,4,0.5,0.642295,180,0,0,580051
0,24,3,0.5,0.645535,180,0,0,580063
0,24,1,0.5,0.648775,180,0,0,580078
0,21,0,0.5,0.65161,180,0,0,580099
0,19,-1,0.5,0.654175,180,0,0,580113
0,16,-1,0.5,0.656335,180,0,0,580132
0,13,-2,0.5,0.65809,180,0,0,580148
0,10,-1,0.5,0.65944,180,0,0,580164
0,7,-2,0.5,0.660385,180,0,0,580179
0,5,-2,0.5,0.66106,180,0,0,580197
0,4,-2,0.5,0.6616,180,0,0,580214
0,4,-1,0.5,0.66214,180,0,0,580231
0,2,0,0.5,0.66241,180,0,0,580246
0,0,0,0.5,0.66241,180,0,0,580261
0,0,0,0.5,0.66241,180,0,0,580280
0,0,0,0.5,0.66241,180,0,0,580295
0,0,0,0.5,0.66241,180,0,0,580312
0,-3,0,0.5,0.662005,180,0,0,580329
0,0,0,0.5,0.662005,180,0,0,580345
0,1,1,0.5,0.66214,180,0,0,580363
0,3,1,0.5,0.662545,180,0,0,580379
0,13,0,0.5,0.6643,180,0,0,580396
0,8,0,0.5,0.66538,180,0,0,580412
0,8,0,0.5,0.66646,180,0,0,580429
0,9,0,0.5,0.667675,180,0,0,580447
0,11,0,0.5,0.66916,180,0,0,580464
0,12,-1,0.5,0.67078,180,0,0,580480
0,14,-1,0.5,0.67267,180,0,0,580497
0,18,-1,0.5,0.6751,180,0,0,580514
0,19,0,0.5,0.677665,180,0,0,580529
0,19,0,0.5,0.68023,180,0,0,580548
0,21,0,0.5,0.683065,180,0,0,580563
0,18,0,0.5,0.685495,180,0,0,580580
0,16,0,0.5,0.687655,180,0,0,580597
0,15,0,0.5,0.68968,180,0,0,580612
0,15,0,0.5,0.691705,180,0,0,580630
0,15,0,0.5,0.69373,180,0,0,580647
0,17,0,0.5,0.696025,180,0,0,580663
0,20,0,0.5,0.698725,180,0,0,580680
0,20,0,0.5,0.701425,180,0,0,580698
0,21,0,0.5,0.70426,180,0,0,580715
0,21,0,0.5,0.707095,180,0,0,580729
0,21,0,0.5,0.70993,180,0,0,580746
0,20,0,0.5,0.71,180,0,0,580764
