0,127,24,0.5,-0.692855,180,0,0,638892
0,19,5,0.5,-0.69029,180,0,0,638900
0,0,0,0.5,-0.69029,180,0,0,638907
0,17,5,0.5,-0.687995,180,0,0,638917
0,16,6,0.5,-0.685835,180,0,0,638936
0,17,5,0.5,-0.68354,180,0,0,638952
0,18,4,0.5,-0.68111,180,0,0,638968
0,21,4,0.5,-0.678275,180,0,0,638986
0,25,4,0.5,-0.6749,180,0,0,639001
0,25,3,0.5,-0.671525,180,0,0,639019
0,27,3,0.5,-0.66788,180,0,0,639035
0,29,2,0.5,-0.663965,180,0,0,639051
0,28,2,0.5,-0.660185,180,0,0,639067
0,27,1,0.5,-0.65654,180,0,0,639083
0,27,0,0.5,-0.652895,180,0,0,639103
0,25,0,0.5,-0.64952,180,0,0,639116
0,20,0,0.5,-0.64682,180,0,0,639136
0,17,0,0.5,-0.644525,180,0,0,639150
0,11,1,0.5,-0.64304,180,0,0,639167
0,5,2,0.5,-0.642365,180,0,0,639186
0,-1,1,0.5,-0.6425,180,0,0,639202
0,-1,1,0.5,-0.642635,180,0,0,639217
0,0,0,0.5,-0.642635,180,0,0,639233
0,2,0,0.5,-0.642365,180,0,0,639251
0,4,0,0.5,-0.641825,180,0,0,639270
0,5,0,0.5,-0.64115,180,0,0,639284
0,5,-1,0.5,-0.640475,180,0,0,639301
0,6,-1,0.5,-0.639665,180,0,0,639319
0,5,-1,0.5,-0.63899,180,0,0,639338
0,5,-1,0.5,-0.638315,180,0,0,639352
0,5,-1,0.5,-0.63764,180,0,0,639367
0,4,-1,0.5,-0.6371,180,0,0,639383
0,4,-1,0.5,-0.63656,180,0,0,639403
0,3,-1,0.5,-0.636155,180,0,0,639420
0,3,-1,0.5,-0.63575,180,0,0,639433
0,2,-1,0.5,-0.63548,180,0,0,639452
0,1,-2,0.5,-0.635345,180,0,0,639468
0,1,-1,0.5,-0.63521,180,0,0,639485
0,3,-1,0.5,-0.634805,180,0,0,639501
0,5,-1,0.5,-0.63413,180,0,0,639516
0,14,-4,0.5,-0.63224,180,0,0,639537
0,0,0,0.5,-0.63224,180,0,0,639549
0,7,-2,0.5,-0.631295,180,0,0,639572
0,12,-2,0.5,-0.629675,180,0,0,639587
0,7,-5,0.5,-0.62873,180,0,0,639606
0,6,-3,0.5,-0.62792,180,0,0,639617
0,8,-3,0.5,-0.62684,180,0,0,639636
0,8,-4,0.5,-0.62576,180,0,0,639654
0,10,-5,0.5,-0.62441,180,0,0,639669
0,9,-5,0.5,-0.623195,180,0,0,639685
0,12,-5,0.5,-0.621575,180,0,0,639702
0,13,-5,0.5,-0.61982,180,0,0,639718
0,17,-5,0.5,-0.617525,180,0,0,639734
0,20,-5,0.5,-0.614825,180,0,0,639751
0,23,-4,0.5,-0.61172,180,0,0,639768
0,23,-3,0.5,-0.608615,180,0,0,639784
0,22,-3,0.5,-0.605645,180,0,0,639801
0,20,-2,0.5,-0.602945,180,0,0,639817
0,21,-1,0.5,-0.60011,180,0,0,639834
0,19,-2,0.5,-0.597545,180,0,0,639851
0,18,-4,0.5,-0.595115,180,0,0,639869
0,18,-4,0.5,-0.592685,180,0,0,639885
0,17,-5,0.5,-0.59039,180,0,0,639901
0,15,-5,0.5,-0.588365,180,0,0,639923
0,14,-5,0.5,-0.586475,180,0,0,639937
0,20,-8,0.5,-0.583775,180,0,0,639955
0,0,0,0.5,-0.583775,180,0,0,639966
0,8,-3,0.5,-0.582695,180,0,0,639985
0,8,-1,0.5,-0.581615,180,0,0,640000
0,3,2,0.5,-0.58121,180,0,0,640017
0,3,3,0.5,-0.580805,180,0,0,640035
0,2,3,0.5,-0.580535,180,0,0,640051
0,2,4,0.5,-0.580265,180,0,31,640072
0,4,3,0.5,-0.579725,180,0,31,640086
0,5,2,0.5,-0.57905,180,0,0,640104
0,8,1,0.5,-0.57797,180,0,0,640117
0,6,0,0.5,-0.57716,180,0,0,640133
0,4,0,0.5,-0.57662,180,0,0,640150
0,2,0,0.5,-0.57635,180,0,0,640166
0,0,0,0.5,-0.57635,180,0,0,640184
0,0,0,0.5,-0.57635,180,0,0,640200
0,-1,-2,0.5,-0.576485,180,0,31,640217
0,-1,-2,0.5,-0.57662,180,0,31,640233
0,0,-2,0.5,-0.57662,180,0,31,640250
0,2,-2,0.5,-0.57635,180,0,0,640268
0,3,-2,0.5,-0.575945,180,0,0,640284
0,7,-2,0.5,-0.575,180,0,0,640300
0,10,-1,0.5,-0.57365,180,0,0,640324
0,13,0,0.5,-0.571895,180,0,0,640334
0,30,0,0.5,-0.567845,180,0,0,640354
0,15,1,0.5,-0.56582,180,0,0,640368
0,0,0,0.5,-0.56582,180,0,0,640383
0,30,5,0.5,-0.56177,180,0,0,640405
0,17,4,0.5,-0.559475,180,0,0,640419
0,18,4,0.5,-0.557045,180,0,0,640435
0,19,5,0.5,-0.55448,180,0,31,640453
0,16,4,0.5,-0.55232,180,0,31,640468
0,17,4,0.5,-0.550025,180,0,31,640485
0,16,4,0.5,-0.547865,180,0,0,640503
0,15,3,0.5,-0.54584,180,0,0,640517
0,14,4,0.5,-0.54395,180,0,0,640534
0,12,4,0.5,-0.54233,180,0,0,640557
0,10,4,0.5,-0.54098,180,0,0,640572
0,10,5,0.5,-0.53963,180,0,0,640585
0,9,3,0.5,-0.538415,180,0,0,640602
0,7,2,0.5,-0.53747,180,0,0,640618
0,4,1,0.5,-0.53693,180,0,0,640633
0,0,0,0.5,-0.53693,180,0,0,640652
0,0,0,0.5,-0.53693,180,0,0,640666
0,-3,-1,0.5,-0.537335,180,0,0,640683
0,-2,-2,0.5,-0.537605,180,0,0,640701
0,-1,-3,0.5,-0.53774,180,0,0,640718
0,-2,-3,0.5,-0.53801,180,0,0,640734
0,-2,-5,0.5,-0.53828,180,0,0,640754
0,3,-2,0.5,-0.537875,180,0,0,640768
0,0,0,0.5,-0.537875,180,0,0,640783
0,15,-2,0.5,-0.53585,180,0,0,640800
0,9,-1,0.5,-0.534635,180,0,0,640818
0,9,-1,0.5,-0.53342,180,0,0,640840
0,11,0,0.5,-0.531935,180,0,0,640850
0,12,0,0.5,-0.530315,180,0,31,640871
0,12,0,0.5,-0.528695,180,0,31,640888
0,12,0,0.5,-0.527075,180,0,31,640902
0,10,0,0.5,-0.525725,180,0,31,640918
0,8,0,0.5,-0.524645,180,0,0,640935
0,8,0,0.5,-0.523565,180,0,0,640949
0,7,0,0.5,-0.52262,180,0,0,640966
0,7,0,0.5,-0.521675,180,0,0,640984
0,6,0,0.5,-0.520865,180,0,0,641000
0,8,-1,0.5,-0.519785,180,0,0,641017
0,8,0,0.5,-0.518705,180,0,0,641033
0,8,-1,0.5,-0.517625,180,0,0,641051
0,10,0,0.5,-0.516275,180,0,0,641067
0,12,0,0.5,-0.514655,180,0,0,641083
0,12,0,0.5,-0.513035,180,0,0,641101
0,11,1,0.5,-0.51155,180,0,0,641119
0,12,2,0.5,-0.50993,180,0,0,641136
0,11,4,0.5,-0.508445,180,0,0,641154
0,18,12,0.5,-0.506015,180,0,0,641172
0,10,7,0.5,-0.504665,180,0,0,641186
0,11,7,0.5,-0.50318,180,0,0,641206
0,12,6,0.5,-0.50156,180,0,0,641223
0,15,5,0.5,-0.499535,180,0,0,641242
0,17,4,0.5,-0.49724,180,0,0,641251
0,19,3,0.5,-0.494675,180,0,0,641268
0,21,2,0.5,-0.49184,180,0,0,641284
0,21,1,0.5,-0.489005,180,0,0,641305
0,22,2,0.5,-0.486035,180,0,0,641324
0,23,1,0.5,-0.48293,180,0,0,641334
0,24,1,0.5,-0.47969,180,0,0,641352
0,23,2,0.5,-0.476585,180,0,0,641368
0,23,2,0.5,-0.47348,180,0,0,641385
0,21,3,0.5,-0.470645,180,0,0,641406
0,16,3,0.5,-0.468485,180,0,0,641418
0,14,3,0.5,-0.466595,180,0,0,641436
0,12,4,0.5,-0.464975,180,0,0,641453
0,10,3,0.5,-0.463625,180,0,0,641469
0,12,3,0.5,-0.462005,180,0,0,641488
0,14,2,0.5,-0.460115,180,0,0,641504
0,16,2,0.5,-0.457955,180,0,0,641518
0,36,4,0.5,-0.453095,180,0,0,641537
0,0,0,0.5,-0.453095,180,0,0,641551
0,36,3,0.5,-0.448235,180,0,0,641572
0,19,1,0.5,-0.44567,180,0,0,641590
0,20,1,0.5,-0.44297,180,0,0,641604
0,22,0,0.5,-0.44,180,0,0,641622
0,21,0,0.5,-0.437165,180,0,0,641638
0,27,1,0.5,-0.43352,180,0,0,641654
0,25,2,0.5,-0.430145,180,0,0,641668
0,23,3,0.5,-0.42704,180,0,0,641686
0,19,4,0.5,-0.424475,180,0,0,641708
0,17,5,0.5,-0.42218,180,0,0,641723
0,14,5,0.5,-0.42029,180,0,0,641737
0,13,5,0.5,-0.418535,180,0,0,641755
0,13,4,0.5,-0.41678,180,0,0,641773
0,13,5,0.5,-0.415025,180,0,0,641787
0,15,4,0.5,-0.413,180,0,0,641803
0,17,5,0.5,-0.410705,180,0,0,641822
0,17,5,0.5,-0.40841,180,0,0,641839
0,16,5,0.5,-0.40625,180,0,0,641854
0,16,4,0.5,-0.40409,180,0,0,641875
0,17,4,0.5,-0.401795,180,0,0,641888
0,17,4,0.5,-0.3995,180,0,0,641904
0,17,4,0.5,-0.397205,180,0,0,641921
0,42,7,0.5,-0.391535,180,0,0,641940
0,0,0,0.5,-0.391535,180,0,0,641953
0,48,8,0.5,-0.385055,180,0,0,641976
0,25,4,0.5,-0.38168,180,0,0,641987
0,23,5,0.5,-0.378575,180,0,0,642004
0,20,5,0.5,-0.375875,180,0,0,642020
0,19,5,0.5,-0.37331,180,0,0,642040
0,16,6,0.5,-0.37115,180,0,0,642059
0,17,6,0.5,-0.368855,180,0,0,642071
0,15,4,0.5,-0.36683,180,0,0,642086
0,16,2,0.5,-0.36467,180,0,0,642108
0,15,2,0.5,-0.362645,180,0,0,642122
0,14,0,0.5,-0.360755,180,0,0,642136
0,14,0,0.5,-0.358865,180,0,0,642153
0,13,0,0.5,-0.35711,180,0,0,642170
0,14,0,0.5,-0.35522,180,0,0,642187
0,13,1,0.5,-0.353465,180,0,0,642207
0,14,1,0.5,-0.351575,180,0,0,642221
0,13,2,0.5,-0.34982,180,0,0,642239
0,13,3,0.5,-0.348065,180,0,0,642255
0,13,3,0.5,-0.34631,180,0,0,642271
0,13,4,0.5,-0.344555,180,0,0,642286
0,30,5,0.5,-0.340505,180,0,0,642308
0,0,6,0.5,-0.340505,180,0,0,642322
0,32,15,0.5,-0.336185,180,0,0,642344
0,14,9,0.5,-0.334295,180,0,0,642358
0,15,8,0.5,-0.33227,180,0,0,642373
0,14,7,0.5,-0.33038,180,0,0,642393
0,13,5,0.5,-0.328625,180,0,0,642404
0,12,3,0.5,-0.327005,180,0,0,642423
0,11,3,0.5,-0.32552,180,0,0,642438
0,10,3,0.5,-0.32417,180,0,0,642453
0,9,4,0.5,-0.322955,180,0,0,642472
0,7,3,0.5,-0.32201,180,0,0,642491
0,7,4,0.5,-0.321065,180,0,0,642507
0,7,4,0.5,-0.32012,180,0,0,642521
0,6,4,0.5,-0.31931,180,0,0,642538
0,8,4,0.5,-0.31823,180,0,0,642554
0,9,4,0.5,-0.317015,180,0,0,642573
0,8,4,0.5,-0.315935,180,0,0,642591
0,6,4,0.5,-0.315125,180,0,0,642607
0,2,3,0.5,-0.314855,180,0,0,642626
0,-2,4,0.5,-0.315125,180,0,0,642641
0,-4,3,0.5,-0.315665,180,0,0,642654
0,-6,3,0.5,-0.316475,180,0,0,642670
0,-10,3,0.5,-0.317825,180,0,0,642687
0,-15,5,0.5,-0.31985,180,0,0,642706
0,-6,3,0.5,-0.32066,180,0,0,642734
0,-4,3,0.5,-0.3212,180,0,0,642747
0,-2,0,0.5,-0.32147,180,0,0,642758
0,-2,9,0.5,-0.32174,180,0,0,642777
0,0,5,0.5,-0.32174,180,0,0,642790
0,2,6,0.5,-0.32147,180,0,0,642806
0,4,6,0.5,-0.32093,180,0,0,642824
0,3,7,0.5,-0.320525,180,0,0,642843
0,2,6,0.5,-0.320255,180,0,0,642857
0,0,5,0.5,-0.320255,180,0,0,642874
0,-1,6,0.5,-0.32039,180,0,0,642889
0,-1,4,0.5,-0.320525,180,0,0,642906
0,-3,3,0.5,-0.32093,180,0,0,642922
0,-2,2,0.5,-0.3212,180,0,0,642937
0,-2,2,0.5,-0.32147,180,0,0,642954
0,0,2,0.5,-0.32147,180,0,0,642972
0,2,2,0.5,-0.3212,180,0,0,642987
0,5,3,0.5,-0.320525,180,0,0,643004
0,5,3,0.5,-0.31985,180,0,0,643022
0,5,4,0.5,-0.319175,180,0,0,643040
0,3,6,0.5,-0.31877,180,0,0,643055
0,6,15,0.5,-0.31796,180,0,0,643084
0,4,9,0.5,-0.31742,180,0,0,643092
0,2,10,0.5,-0.31715,180,0,0,643108
0,3,10,0.5,-0.316745,180,0,0,643125
0,1,11,0.5,-0.31661,180,0,0,643143
0,0,11,0.5,-0.31661,180,0,0,643161
0,0,10,0.5,-0.31661,180,0,0,643176
0,0,10,0.5,-0.31661,180,0,0,643192
0,0,9,0.5,-0.31661,180,0,0,643209
0,2,9,0.5,-0.31634,180,0,0,643225
0,5,8,0.5,-0.315665,180,0,0,643242
0,8,8,0.5,-0.314585,180,0,0,643266
0,10,7,0.5,-0.313235,180,0,0,643280
0,13,6,0.5,-0.31148,180,0,0,643294
0,15,6,0.5,-0.309455,180,0,0,643307
0,17,5,0.5,-0.30716,180,0,0,643325
0,16,5,0.5,-0.305,180,0,0,643339
0,16,5,0.5,-0.30284,180,0,0,643356
0,13,4,0.5,-0.301085,180,0,0,643372
0,11,4,0.5,-0.2996,180,0,0,643393
0,10,5,0.5,-0.29825,180,0,0,643406
0,8,7,0.5,-0.29717,180,0,0,643425
0,7,8,0.5,-0.296225,180,0,0,643442
0,6,9,0.5,-0.295415,180,0,0,643458
0,12,22,0.5,-0.293795,180,0,0,643481
0,4,11,0.5,-0.293255,180,0,0,643494
0,3,11,0.5,-0.29285,180,0,0,643508
0,4,10,0.5,-0.29231,180,0,0,643526
0,5,10,0.5,-0.291635,180,0,0,643543
0,3,10,0.5,-0.29123,180,0,0,643557
0,5,10,0.5,-0.290555,180,0,0,643575
0,6,10,0.5,-0.289745,180,0,0,643593
0,5,9,0.5,-0.28907,180,0,0,643608
0,6,9,0.5,-0.28826,180,0,0,643628
0,6,9,0.5,-0.28745,180,0,0,643643
0,5,9,0.5,-0.286775,180,0,0,643658
0,6,9,0.5,-0.285965,180,0,0,643674
0,6,11,0.5,-0.285155,180,0,0,643697
0,8,12,0.5,-0.284075,180,0,0,643714
0,10,12,0.5,-0.282725,180,0,0,643728
0,13,12,0.5,-0.28097,180,0,0,643742
0,15,11,0.5,-0.278945,180,0,0,643762
0,36,22,0.5,-0.274085,180,0,0,643783
0,21,11,0.5,-0.27125,180,0,0,643799
0,0,0,0.5,-0.27125,180,0,0,643806
0,21,10,0.5,-0.268415,180,0,0,643824
0,23,10,0.5,-0.26531,180,0,0,643841
0,39,17,0.5,-0.260045,180,0,0,643864
0,17,7,0.5,-0.25775,180,0,0,643879
0,16,7,0.5,-0.25559,180,0,0,643891
0,16,7,0.5,-0.25343,180,0,0,643910
0,14,8,0.5,-0.25154,180,0,0,643925
0,16,10,0.5,-0.24938,180,1,0,643943
0,15,10,0.5,-0.247355,180,1,0,643961
0,15,11,0.5,-0.24533,180,1,0,643979
0,14,11,0.5,-0.24344,180,0,0,643992
0,13,10,0.5,-0.241685,180,0,0,644009
0,11,11,0.5,-0.2402,180,0,0,644026
0,10,10,0.5,-0.23885,180,0,0,644045
0,11,10,0.5,-0.237365,180,0,0,644063
0,11,9,0.5,-0.23588,180,0,0,644076
0,9,10,0.5,-0.234665,180,0,0,644093
0,8,10,0.5,-0.233585,180,0,0,644109
0,4,10,0.5,-0.233045,180,0,0,644129
0,3,10,0.5,-0.23264,180,0,0,644145
0,1,8,0.5,-0.232505,180,0,0,644162
0,2,8,0.5,-0.232235,180,0,0,644175
0,3,7,0.5,-0.23183,180,0,0,644192
0,4,5,0.5,-0.23129,180,0,0,644208
0,4,5,0.5,-0.23075,180,0,0,644225
0,5,7,0.5,-0.230075,180,0,31,644250
0,2,2,0.5,-0.229805,180,0,31,644259
0,1,1,0.5,-0.22967,180,0,31,644274
0,0,0,0.5,-0.22967,180,0,0,644289
0,-1,0,0.5,-0.229805,180,0,0,644306
0,-7,0,0.5,-0.23075,180,0,0,644324
0,-7,1,0.5,-0.231695,180,0,0,644340
0,-7,2,0.5,-0.23264,180,0,0,644361
0,-6,2,0.5,-0.23345,180,0,0,644373
0,-5,3,0.5,-0.234125,180,0,0,644391
0,-4,4,0.5,-0.234665,180,0,0,644408
0,-2,4,0.5,-0.234935,180,0,0,644427
0,-1,4,0.5,-0.23507,180,0,0,644445
0,1,4,0.5,-0.234935,180,0,0,644459
0,0,4,0.5,-0.234935,180,0,0,644474
0,0,3,0.5,-0.234935,180,0,0,644493
0,-1,4,0.5,-0.23507,180,0,0,644509
0,-1,4,0.5,-0.235205,180,0,0,644525
0,-1,3,0.5,-0.23534,180,0,0,644541
0,-1,4,0.5,-0.235475,180,0,0,644557
0,0,4,0.5,-0.235475,180,0,0,644577
0,1,5,0.5,-0.23534,180,0,0,644592
0,8,10,0.5,-0.23426,180,0,0,644616
0,7,5,0.5,-0.233315,180,0,0,644627
0,10,5,0.5,-0.231965,180,0,0,644643
0,10,4,0.5,-0.230615,180,0,0,644658
0,10,3,0.5,-0.229265,180,0,0,644675
0,7,3,0.5,-0.22832,180,0,0,644691
0,4,3,0.5,-0.22778,180,0,0,644708
0,4,3,0.5,-0.22724,180,0,0,644726
0,6,4,0.5,-0.22643,180,0,0,644743
0,7,5,0.5,-0.225485,180,0,0,644764
0,10,6,0.5,-0.224135,180,0,0,644780
0,14,8,0.5,-0.222245,180,0,0,644794
0,14,8,0.5,-0.220355,180,0,0,644814
0,16,9,0.5,-0.218195,180,0,0,644829
0,15,9,0.5,-0.21617,180,0,0,644845
0,14,10,0.5,-0.21428,180,0,0,644866
0,14,10,0.5,-0.21239,180,0,0,644881
0,31,22,0.5,-0.208205,180,0,0,644906
0,15,11,0.5,-0.20618,180,0,0,644926
0,15,11,0.5,-0.204155,180,0,0,644941
0,14,10,0.5,-0.202265,180,0,0,644953
0,13,10,0.5,-0.20051,180,0,0,644968
0,0,0,0.5,-0.20051,180,0,0,644976
0,11,9,0.5,-0.199025,180,0,0,644994
0,20,8,0.5,-0.196325,180,0,0,645012
0,10,19,0.5,-0.194975,180,0,0,645031
0,12,9,0.5,-0.193355,180,0,0,645045
0,14,9,0.5,-0.191465,180,0,0,645066
0,16,9,0.5,-0.189305,180,0,0,645082
0,17,8,0.5,-0.18701,180,0,0,645094
0,16,7,0.5,-0.18485,180,0,0,645110
0,15,6,0.5,-0.182825,180,0,0,645129
0,10,5,0.5,-0.181475,180,0,0,645146
0,9,5,0.5,-0.18026,180,0,0,645161
0,6,6,0.5,-0.17945,180,0,0,645178
0,5,7,0.5,-0.178775,180,0,0,645196
0,3,7,0.5,-0.17837,180,0,0,645215
0,3,9,0.5,-0.177965,180,0,0,645227
0,3,9,0.5,-0.17756,180,0,0,645244
0,0,10,0.5,-0.17756,180,0,0,645261
0,-1,10,0.5,-0.177695,180,0,0,645279
0,0,10,0.5,-0.177695,180,0,0,645294
0,0,10,0.5,-0.177695,180,0,0,645311
0,0,10,0.5,-0.177695,180,0,0,645328
0,0,9,0.5,-0.177695,180,0,0,645344
0,0,9,0.5,-0.177695,180,0,0,645361
0,1,8,0.5,-0.17756,180,0,0,645377
0,-1,18,0.5,-0.177695,180,0,0,645397
0,0,0,0.5,-0.177695,180,0,0,645408
0,2,18,0.5,-0.177425,180,0,0,645429
0,4,9,0.5,-0.176885,180,0,0,645444
0,5,9,0.5,-0.17621,180,0,0,645461
0,7,9,0.5,-0.175265,180,0,0,645479
0,7,10,0.5,-0.17432,180,0,0,645496
0,9,10,0.5,-0.173105,180,0,0,645513
0,10,10,0.5,-0.171755,180,0,0,645528
0,13,10,0.5,-0.17,180,0,0,645546
0,15,10,0.5,-0.167975,180,0,0,645562
0,17,9,0.5,-0.16568,180,0,0,645582
0,18,8,0.5,-0.16325,180,0,0,645596
0,20,8,0.5,-0.16055,180,0,0,645613
0,18,6,0.5,-0.15812,180,0,0,645628
0,19,6,0.5,-0.155555,180,0,0,645645
0,20,4,0.5,-0.152855,180,0,0,645661
0,19,4,0.5,-0.15029,180,0,0,645676
0,20,4,0.5,-0.14759,180,0,0,645693
0,22,4,0.5,-0.14462,180,0,0,645711
0,23,5,0.5,-0.141515,180,0,0,645733
0,48,11,0.5,-0.135035,180,0,0,645751
0,23,0,0.5,-0.13193,180,0,0,645761
0,23,15,0.5,-0.128825,180,0,0,645785
0,23,9,0.5,-0.12572,180,0,0,645796
0,22,9,0.5,-0.12275,180,0,0,645813
0,22,9,0.5,-0.11978,180,0,0,645829
0,20,9,0.5,-0.11708,180,0,0,645860
0,41,15,0.5,-0.111545,180,0,0,645879
0,0,0,0.5,-0.111545,180,0,0,645884
0,21,7,0.5,-0.10871,180,0,0,645894
0,21,6,0.5,-0.105875,180,0,0,645913
0,20,4,0.5,-0.103175,180,0,0,645933
0,21,5,0.5,-0.10034,180,0,0,645946
0,21,6,0.5,-0.097505,180,0,0,645961
0,21,6,0.5,-0.09467,180,0,0,645978
0,21,8,0.5,-0.091835,180,0,0,645998
0,22,8,0.5,-0.088865,180,0,0,646013
0,21,8,0.5,-0.08603,180,0,0,646029
0,22,8,0.5,-0.08306,180,0,0,646047
0,23,8,0.5,-0.079955,180,0,0,646064
0,21,8,0.5,-0.07712,180,0,0,646080
0,20,9,0.5,-0.07442,180,0,0,646097
0,35,19,0.5,-0.069695,180,0,0,646121
0,15,8,0.5,-0.06767,180,0,0,646133
0,11,7,0.5,-0.066185,180,0,0,646147
0,9,6,0.5,-0.06497,180,0,0,646164
0,6,5,0.5,-0.06416,180,0,0,646184
0,3,4,0.5,-0.063755,180,0,31,646200
0,0,4,0.5,-0.063755,180,0,31,646213
0,0,3,0.5,-0.063755,180,0,31,646229
0,-1,4,0.5,-0.06389,180,0,0,646250
0,-3,4,0.5,-0.064295,180,0,0,646267
0,-3,4,0.5,-0.0647,180,0,0,646279
0,-3,4,0.5,-0.065105,180,0,0,646295
0,-2,4,0.5,-0.065375,180,0,31,646316
0,-2,3,0.5,-0.065645,180,0,31,646332
0,0,3,0.5,-0.065645,180,0,31,646349
0,0,2,0.5,-0.065645,180,0,0,646363
0,0,2,0.5,-0.065645,180,0,0,646378
0,1,1,0.5,-0.06551,180,0,0,646393
0,0,2,0.5,-0.06551,180,0,0,646412
0,-1,2,0.5,-0.065645,180,0,0,646428
0,-4,3,0.5,-0.066185,180,0,30,646447
0,-5,3,0.5,-0.06686,180,0,30,646461
0,-2,4,0.5,-0.06713,180,0,30,646479
0,-1,4,0.5,-0.067265,180,0,0,646501
0,1,5,0.5,-0.06713,180,0,0,646516
0,3,4,0.5,-0.066725,180,0,0,646533
0,9,9,0.5,-0.06551,180,0,0,646547
0,6,4,0.5,-0.0647,180,0,0,646563
0,6,5,0.5,-0.06389,180,0,31,646579
0,6,4,0.5,-0.06308,180,0,31,646596
0,5,4,0.5,-0.062405,180,0,31,646612
0,4,3,0.5,-0.061865,180,0,0,646632
0,2,3,0.5,-0.061595,180,0,0,646646
0,1,3,0.5,-0.06146,180,0,0,646665
0,1,3,0.5,-0.061325,180,0,0,646681
0,0,2,0.5,-0.061325,180,0,0,646695
0,0,2,0.5,-0.061325,180,0,0,646712
0,-1,2,0.5,-0.06146,180,0,0,646729
0,0,2,0.5,-0.06146,180,0,0,646746
0,1,3,0.5,-0.061325,180,0,0,646766
0,1,4,0.5,-0.06119,180,0,0,646780
0,5,5,0.5,-0.060515,180,0,0,646797
0,6,6,0.5,-0.059705,180,0,0,646813
0,9,6,0.5,-0.05849,180,0,0,646831
0,10,6,0.5,-0.05714,180,0,0,646850
0,11,6,0.5,-0.055655,180,0,0,646862
0,13,6,0.5,-0.0539,180,0,0,646880
0,15,7,0.5,-0.051875,180,0,0,646898
0,36,13,0.5,-0.047015,180,0,0,646919
0,20,13,0.5,-0.044315,180,0,0,646933
0,22,10,0.5,-0.041345,180,0,0,646949
0,21,10,0.5,-0.03851,180,0,0,646967
0,22,9,0.5,-0.03554,180,0,0,646984
0,21,9,0.5,-0.032705,180,0,0,647000
0,21,9,0.5,-0.02987,180,0,0,647016
0,22,9,0.5,-0.0269,180,0,0,647035
0,23,9,0.5,-0.023795,180,0,0,647051
0,24,9,0.5,-0.020555,180,0,0,647065
0,24,9,0.5,-0.017315,180,0,0,647083
0,24,8,0.5,-0.014075,180,0,0,647098
0,22,8,0.5,-0.011105,180,0,0,647115
0,20,7,0.5,-0.008405,180,0,0,647132
0,20,6,0.5,-0.005705,180,0,0,647148
0,18,5,0.5,-0.003275,180,0,0,647167
0,16,4,0.5,-0.001115,180,0,0,647182
0,13,3,0.5,0.00064,180,0,0,647197
0,13,3,0.5,0.002395,180,0,0,647215
0,20,6,0.5,0.005095,180,0,0,647235
0,0,0,0.5,0.005095,180,0,0,647247
0,9,4,0.5,0.00631,180,0,0,647263
0,20,8,0.5,0.00901,180,0,0,647285
0,10,4,0.5,0.01036,180,0,0,647304
0,11,4,0.5,0.011845,180,0,0,647315
0,9,1,0.5,0.01306,180,0,0,647330
0,9,7,0.5,0.014275,180,0,0,647349
0,7,4,0.5,0.01522,180,0,0,647363
0,6,5,0.5,0.01603,180,0,0,647382
0,5,5,0.5,0.016705,180,0,0,647398
0,7,5,0.5,0.01765,180,0,0,647417
0,7,5,0.5,0.018595,180,0,0,647432
0,7,5,0.5,0.01954,180,0,0,647451
0,9,5,0.5,0.020755,180,0,0,647467
0,10,6,0.5,0.022105,180,0,0,647483
0,11,6,0.5,0.02359,180,0,0,647498
0,13,6,0.5,0.025345,180,0,0,647515
0,15,5,0.5,0.02737,180,0,0,647533
0,16,5,0.5,0.02953,180,0,0,647550
0,19,5,0.5,0.032095,180,0,0,647565
0,21,4,0.5,0.03493,180,0,0,647582
0,24,4,0.5,0.03817,180,0,0,647600
0,25,4,0.5,0.041545,180,0,0,647614
0,28,4,0.5,0.045325,180,0,0,647633
0,25,4,0.5,0.0487,180,0,0,647649
0,51,10,0.5,0.055585,180,0,0,647677
0,21,5,0.5,0.05842,180,0,0,647694
0,18,5,0.5,0.06085,180,0,0,647705
0,0,0,0.5,0.06085,180,0,0,647712
0,27,10,0.5,0.064495,180,0,0,647733
0,10,6,0.5,0.065845,180,0,0,647750
0,10,5,0.5,0.067195,180,0,0,647765
0,11,5,0.5,0.06868,180,0,0,647782
0,12,4,0.5,0.0703,180,0,0,647799
0,12,4,0.5,0.07192,180,0,0,647815
0,13,4,0.5,0.073675,180,0,0,647834
0,11,4,0.5,0.07516,180,0,0,647851
0,12,5,0.5,0.07678,180,0,0,647869
0,9,5,0.5,0.077995,180,0,0,647885
0,9,4,0.5,0.07921,180,0,0,647899
0,8,5,0.5,0.08029,180,0,0,647915
0,7,4,0.5,0.081235,180,0,0,647934
0,6,4,0.5,0.082045,180,0,0,647949
0,7,5,0.5,0.08299,180,0,0,647969
0,13,11,0.5,0.084745,180,0,0,647993
0,6,7,0.5,0.085555,180,0,31,648006
0,0,0,0.5,0.085555,180,0,31,648015
0,9,17,0.5,0.08677,180,0,31,648039
0,5,9,0.5,0.087445,180,0,31,648053
0,6,9,0.5,0.088255,180,0,0,648076
0,7,7,0.5,0.0892,180,0,0,648094
0,7,7,0.5,0.090145,180,0,0,648110
0,8,7,0.5,0.091225,180,0,0,648118
0,7,6,0.5,0.09217,180,0,0,648137
0,9,6,0.5,0.093385,180,0,0,648151
0,8,5,0.5,0.094465,180,0,0,648168
0,9,5,0.5,0.09568,180,0,0,648183
0,9,4,0.5,0.096895,180,0,31,648199
0,12,5,0.5,0.098515,180,0,31,648217
0,12,4,0.5,0.100135,180,0,0,648237
0,12,4,0.5,0.101755,180,0,0,648250
0,13,3,0.5,0.10351,180,0,0,648265
0,13,3,0.5,0.105265,180,0,0,648284
0,12,2,0.5,0.106885,180,0,0,648299
0,12,1,0.5,0.108505,180,0,0,648316
0,9,0,0.5,0.10972,180,0,0,648332
0,8,0,0.5,0.1108,180,0,0,648348
0,6,0,0.5,0.11161,180,0,0,648365
0,3,1,0.5,0.112015,180,0,0,648383
0,1,1,0.5,0.11215,180,0,0,648400
0,-3,3,0.5,0.111745,180,0,0,648416
0,-3,5,0.5,0.11134,180,0,0,648441
0,0,0,0.5,0.11134,180,0,0,648447
0,-13,6,0.5,0.109585,180,0,0,648468
0,-11,3,0.5,0.1081,180,0,0,648487
0,-14,3,0.5,0.10621,180,0,0,648504
0,-17,4,0.5,0.103915,180,0,0,648522
0,-18,4,0.5,0.101485,180,0,0,648535
0,-17,4,0.5,0.09919,180,0,0,648555
0,-17,4,0.5,0.096895,180,0,0,648569
0,-16,4,0.5,0.094735,180,0,0,648588
0,-13,4,0.5,0.09298,180,0,0,648605
0,-11,4,0.5,0.091495,180,0,0,648617
0,-8,4,0.5,0.090415,180,0,0,648635
0,-4,5,0.5,0.089875,180,0,0,648651
0,-2,4,0.5,0.089605,180,0,0,648667
0,-1,5,0.5,0.08947,180,0,0,648687
0,-1,6,0.5,0.089335,180,0,0,648704
0,2,8,0.5,0.089605,180,0,0,648717
0,3,8,0.5,0.09001,180,0,0,648734
0,1,7,0.5,0.090145,180,0,0,648750
0,-1,8,0.5,0.09001,180,0,0,648771
0,-7,16,0.5,0.089065,180,0,0,648791
0,0,0,0.5,0.089065,180,0,0,648799
0,-6,8,0.5,0.088255,180,0,0,648817
0,-14,14,0.5,0.086365,180,0,31,648842
0,-6,6,0.5,0.085555,180,0,31,648854
0,0,0,0.5,0.085555,180,0,31,648866
0,-10,10,0.5,0.084205,180,0,31,648887
0,-4,3,0.5,0.083665,180,0,31,648901
0,-3,2,0.5,0.08326,180,0,31,648916
0,-2,1,0.5,0.08299,180,0,31,648933
0,0,0,0.5,0.08299,180,0,31,648948
0,-1,0,0.5,0.082855,180,0,31,648970
0,-1,-1,0.5,0.08272,180,0,31,648982
0,-4,-1,0.5,0.08218,180,0,0,648999
0,-4,-1,0.5,0.08164,180,0,0,649018
0,-5,-1,0.5,0.080965,180,0,0,649037
0,-5,-1,0.5,0.08029,180,0,0,649050
0,-3,0,0.5,0.079885,180,0,0,649066
0,-3,3,0.5,0.07948,180,0,0,649083
0,0,4,0.5,0.07948,180,0,0,649102
0,-1,5,0.5,0.079345,180,0,0,649119
0,0,5,0.5,0.079345,180,0,0,649134
0,1,5,0.5,0.07948,180,0,0,649159
0,3,9,0.5,0.079885,180,0,0,649174
0,0,0,0.5,0.079885,180,0,0,649183
0,4,4,0.5,0.080425,180,0,0,649201
0,4,3,0.5,0.080965,180,0,0,649217
0,8,5,0.5,0.082045,180,0,0,649236
0,3,1,0.5,0.08245,180,0,0,649254
0,3,0,0.5,0.082855,180,0,0,649271
0,3,0,0.5,0.08326,180,0,0,649284
0,3,0,0.5,0.083665,180,0,0,649301
0,3,0,0.5,0.08407,180,0,0,649317
0,1,0,0.5,0.084205,180,0,0,649335
0,0,-1,0.5,0.084205,180,0,0,649350
0,-1,-1,0.5,0.08407,180,0,0,649366
0,-2,-1,0.5,0.0838,180,0,0,649387
0,-3,-1,0.5,0.083395,180,0,0,649403
0,-3,-1,0.5,0.08299,180,0,0,649420
0,-3,-1,0.5,0.082585,180,0,0,649435
0,-2,-1,0.5,0.082315,180,0,0,649451
0,-4,0,0.5,0.081775,180,0,0,649466
0,0,0,0.5,0.081775,180,0,0,649483
0,0,0,0.5,0.081775,180,0,0,649501
0,1,1,0.5,0.08191,180,0,0,649520
0,6,2,0.5,0.08272,180,0,0,649540
0,8,2,0.5,0.0838,180,0,0,649555
0,9,3,0.5,0.085015,180,0,0,649567
0,14,4,0.5,0.086905,180,0,0,649585
0,16,5,0.5,0.089065,180,0,0,649601
0,35,12,0.5,0.09379,180,0,0,649625
0,18,7,0.5,0.09622,180,0,0,649638
0,17,8,0.5,0.098515,180,0,0,649653
0,20,9,0.5,0.101215,180,0,0,649673
0,21,9,0.5,0.10405,180,0,0,649689
0,22,9,0.5,0.10702,180,0,0,649704
0,23,8,0.5,0.110125,180,0,0,649722
0,22,7,0.5,0.113095,180,0,0,649737
0,21,7,0.5,0.11593,180,0,0,649754
0,17,5,0.5,0.118225,180,0,0,649769
0,15,4,0.5,0.12025,180,0,0,649787
0,14,3,0.5,0.12214,180,0,0,649807
0,11,3,0.5,0.123625,180,0,0,649820
0,9,2,0.5,0.12484,180,0,0,649835
0,9,1,0.5,0.126055,180,0,0,649852
0,9,0,0.5,0.12727,180,0,0,649869
0,19,0,0.5,0.129835,180,0,0,649890
0,0,0,0.5,0.129835,180,0,0,649905
0,13,0,0.5,0.13159,180,0,0,649920
0,16,-1,0.5,0.13375,180,0,0,649934
0,19,0,0.5,0.136315,180,0,0,649951
0,22,0,0.5,0.139285,180,0,0,649967
0,23,0,0.5,0.14239,180,0,0,649984
0,43,2,0.5,0.148195,180,0,0,650002
0,17,0,0.5,0.15049,180,0,0,650017
0,18,5,0.5,0.15292,180,0,0,650036
0,18,2,0.5,0.15535,180,0,0,650054
0,20,2,0.5,0.15805,180,0,0,650068
0,25,1,0.5,0.161425,180,0,0,650085
0,27,0,0.5,0.16507,180,0,0,650104
0,31,0,0.5,0.169255,180,0,0,650118
0,32,0,0.5,0.173575,180,0,0,650135
0,34,0,0.5,0.178165,180,0,0,650152
0,34,0,0.5,0.182755,180,0,0,650167
0,33,0,0.5,0.18721,180,0,0,650185
0,31,0,0.5,0.191395,180,0,0,650202
0,30,0,0.5,0.195445,180,0,0,650218
0,26,0,0.5,0.198955,180,0,0,650234
0,22,0,0.5,0.201925,180,0,0,650252
0,18,2,0.5,0.204355,180,0,0,650269
0,17,3,0.5,0.20665,180,0,0,650285
0,15,4,0.5,0.208675,180,0,0,650303
0,13,3,0.5,0.21043,180,0,0,650318
0,34,5,0.5,0.21502,180,0,0,650346
0,21,2,0.5,0.217855,180,0,0,650355
0,0,0,0.5,0.217855,180,0,0,650368
0,46,3,0.5,0.224065,180,0,0,650387
0,27,2,0.5,0.22771,180,0,0,650406
0,26,1,0.5,0.23122,180,0,0,650420
0,26,0,0.5,0.23473,180,0,0,650437
0,26,0,0.5,0.23824,180,0,0,650451
0,26,0,0.5,0.24175,180,0,0,650468
0,25,-1,0.5,0.245125,180,0,0,650485
0,24,-1,0.5,0.248365,180,0,0,650504
0,24,-2,0.5,0.251605,180,0,0,650523
0,19,0,0.5,0.25417,180,0,0,650535
0,17,0,0.5,0.256465,180,0,0,650552
0,13,0,0.5,0.25822,180,0,0,650572
0,11,2,0.5,0.259705,180,0,0,650588
0,10,2,0.5,0.261055,180,0,0,650604
0,9,2,0.5,0.26227,180,0,0,650620
0,12,2,0.5,0.26389,180,0,0,650635
0,14,1,0.5,0.26578,180,0,0,650655
0,15,1,0.5,0.267805,180,0,0,650669
0,17,1,0.5,0.2701,180,0,0,650686
0,19,0,0.5,0.272665,180,0,0,650702
0,19,0,0.5,0.27523,180,0,0,650719
0,20,0,0.5,0.27793,180,0,0,650735
0,19,1,0.5,0.280495,180,0,0,650753
0,41,0,0.5,0.28603,180,0,0,650769
0,21,0,0.5,0.288865,180,0,0,650788
0,21,0,0.5,0.2917,180,0,0,650804
0,21,-1,0.5,0.294535,180,0,0,650823
0,21,-2,0.5,0.29737,180,0,0,650838
0,20,-1,0.5,0.30007,180,0,0,650853
0,15,0,0.5,0.302095,180,0,0,650869
0,10,1,0.5,0.303445,180,0,0,650886
0,6,1,0.5,0.304255,180,0,0,650907
0,4,3,0.5,0.304795,180,0,0,650922
0,0,1,0.5,0.304795,180,0,0,650939
0,-1,1,0.5,0.30466,180,0,0,650952
0,-1,0,0.5,0.304525,180,0,0,650969
0,-4,0,0.5,0.303985,180,0,0,650986
0,-5,0,0.5,0.30331,180,0,0,651003
0,-4,0,0.5,0.30277,180,0,0,651020
0,-4,-1,0.5,0.30223,180,0,0,651038
0,-3,-1,0.5,0.301825,180,0,0,651054
0,-1,0,0.5,0.30169,180,0,0,651070
0,-2,0,0.5,0.30142,180,0,0,651087
0,-1,0,0.5,0.301285,180,0,0,651103
0,-1,1,0.5,0.30115,180,0,0,651122
0,-1,3,0.5,0.301015,180,0,0,651145
0,0,0,0.5,0.301015,180,0,31,651158
0,4,3,0.5,0.301555,180,0,31,651172
0,1,1,0.5,0.30169,180,0,31,651187
0,4,0,0.5,0.30223,180,0,31,651204
0,2,0,0.5,0.3025,180,0,0,651220
0,0,0,0.5,0.3025,180,0,0,651236
0,1,-2,0.5,0.302635,180,0,0,651254
0,0,-1,0.5,0.302635,180,0,0,651272
0,-1,-1,0.5,0.3025,180,0,0,651287
0,0,0,0.5,0.3025,180,0,0,651305
0,0,0,0.5,0.3025,180,0,0,651320
0,-1,1,0.5,0.302365,180,0,0,651336
0,-1,1,0.5,0.30223,180,0,0,651354
0,-2,1,0.5,0.30196,180,0,0,651371
0,-1,2,0.5,0.301825,180,0,0,651387
0,-1,1,0.5,0.30169,180,0,0,651404
0,0,2,0.5,0.30169,180,0,0,651422
0,0,2,0.5,0.30169,180,0,0,651436
0,0,1,0.5,0.30169,180,0,0,651460
0,2,4,0.5,0.30196,180,0,0,651477
0,4,3,0.5,0.3025,180,0,0,651491
0,0,0,0.5,0.3025,180,0,0,651503
0,7,2,0.5,0.303445,180,0,0,651521
0,20,2,0.5,0.306145,180,0,0,651539
0,7,0,0.5,0.30709,180,0,0,651554
0,5,-2,0.5,0.307765,180,0,0,651572
0,2,-3,0.5,0.308035,180,0,0,651591
0,0,-4,0.5,0.308035,180,0,0,651607
0,0,-2,0.5,0.308035,180,0,0,651623
0,4,-2,0.5,0.308575,180,0,0,651642
0,7,-1,0.5,0.30952,180,0,0,651654
0,10,0,0.5,0.31087,180,0,0,651672
0,11,1,0.5,0.312355,180,0,0,651692
0,11,0,0.5,0.31384,180,0,0,651704
0,13,1,0.5,0.315595,180,0,0,651722
0,13,0,0.5,0.31735,180,0,0,651740
0,13,1,0.5,0.319105,180,0,0,651756
0,12,1,0.5,0.320725,180,0,0,651771
0,12,1,0.5,0.322345,180,0,0,651788
0,10,0,0.5,0.323695,180,0,0,651805
0,8,1,0.5,0.324775,180,0,0,651822
0,19,4,0.5,0.32734,180,0,0,651844
0,0,0,0.5,0.32734,180,0,0,651855
0,12,3,0.5,0.32896,180,0,0,651873
0,13,3,0.5,0.330715,180,0,0,651890
0,35,6,0.5,0.33544,180,0,0,651908
0,21,3,0.5,0.338275,180,0,0,651928
0,22,1,0.5,0.341245,180,0,0,651944
0,21,0,0.5,0.34408,180,0,0,651954
0,20,0,0.5,0.34678,180,0,0,651972
0,17,0,0.5,0.349075,180,0,0,651987
0,14,-1,0.5,0.350965,180,0,0,652005
0,11,-1,0.5,0.35245,180,0,0,652026
0,10,0,0.5,0.3538,180,0,0,652038
0,10,0,0.5,0.35515,180,0,0,652055
0,11,0,0.5,0.356635,180,0,0,652072
0,11,0,0.5,0.35812,180,0,0,652088
0,9,0,0.5,0.359335,180,0,31,652105
0,7,-1,0.5,0.36028,180,0,0,652129
0,6,-2,0.5,0.36109,180,0,0,652143
0,4,-2,0.5,0.36163,180,0,0,652157
0,7,-2,0.5,0.362575,180,0,0,652175
0,8,-1,0.5,0.363655,180,0,0,652193
0,31,0,0.5,0.36784,180,0,0,652214
0,0,0,0.5,0.36784,180,0,0,652226
0,21,0,0.5,0.370675,180,0,0,652239
0,54,2,0.5,0.377965,180,0,0,652256
0,32,1,0.5,0.382285,180,0,0,652274
0,32,0,0.5,0.386605,180,0,0,652288
0,0,0,0.5,0.386605,180,0,0,652306
0,65,0,0.5,0.39538,180,0,0,652321
0,28,0,0.5,0.39916,180,0,0,652338
0,28,1,0.5,0.40294,180,0,0,652360
0,24,2,0.5,0.40618,180,0,0,652372
0,23,3,0.5,0.409285,180,0,0,652393
0,22,3,0.5,0.412255,180,0,0,652407
0,20,3,0.5,0.414955,180,0,0,652423
0,23,3,0.5,0.41806,180,0,0,652442
0,24,3,0.5,0.4213,180,0,0,652460
0,27,2,0.5,0.424945,180,0,0,652475
0,30,2,0.5,0.428995,180,0,0,652489
0,31,1,0.5,0.43318,180,0,0,652505
0,33,0,0.5,0.437635,180,0,0,652525
0,32,0,0.5,0.441955,180,0,0,652540
0,31,0,0.5,0.44614,180,0,0,652558
0,33,0,0.5,0.450595,180,0,0,652572
0,31,0,0.5,0.45478,180,0,0,652592
0,29,0,0.5,0.458695,180,0,0,652606
0,29,0,0.5,0.46261,180,0,0,652623
0,26,0,0.5,0.46612,180,0,0,652640
0,50,0,0.5,0.47287,180,0,0,652657
0,0,0,0.5,0.47287,180,0,0,652672
0,45,0,0.5,0.478945,180,0,0,652689
0,20,0,0.5,0.481645,180,0,0,652707
0,21,0,0.5,0.48448,180,0,0,652722
0,21,-1,0.5,0.487315,180,0,0,652740
0,23,-1,0.5,0.49042,180,0,0,652758
0,20,-2,0.5,0.49312,180,0,0,652775
0,20,-3,0.5,0.49582,180,0,0,652790
0,18,-4,0.5,0.49825,180,0,0,652808
0,18,-4,0.5,0.50068,180,0,0,652824
0,17,-5,0.5,0.502975,180,0,0,652841
0,18,-5,0.5,0.505405,180,0,0,652858
0,18,-5,0.5,0.507835,180,0,0,652877
0,17,-5,0.5,0.51013,180,0,0,652893
0,16,-5,0.5,0.51229,180,0,0,652910
0,17,-5,0.5,0.514585,180,0,0,652927
0,15,-5,0.5,0.51661,180,0,0,652944
0,14,-6,0.5,0.5185,180,0,0,652962
0,13,-6,0.5,0.520255,180,0,0,652976
0,12,-6,0.5,0.521875,180,0,0,652993
0,24,-12,0.5,0.525115,180,0,0,653013
0,13,-6,0.5,0.52687,180,0,0,653028
0,15,-7,0.5,0.528895,180,0,0,653047
0,17,-7,0.5,0.53119,180,0,0,653063
0,19,-7,0.5,0.533755,180,0,0,653079
0,21,-8,0.5,0.53659,180,0,0,653093
0,22,-8,0.5,0.53956,180,0,0,653112
0,21,-8,0.5,0.542395,180,0,0,653129
0,20,-9,0.5,0.545095,180,0,0,653143
0,20,-9,0.5,0.547795,180,0,0,653161
0,20,-9,0.5,0.550495,180,0,0,653178
0,20,-7,0.5,0.553195,180,0,0,653194
0,17,-7,0.5,0.55549,180,0,0,653211
0,15,-6,0.5,0.557515,180,0,0,653228
0,13,-5,0.5,0.55927,180,0,0,653242
0,12,-4,0.5,0.56089,180,0,0,653260
0,14,-5,0.5,0.56278,180,0,0,653275
0,14,-4,0.5,0.56467,180,0,0,653292
0,14,-4,0.5,0.56656,180,0,0,653308
0,17,-5,0.5,0.568855,180,0,0,653329
0,18,-6,0.5,0.571285,180,0,0,653349
0,19,-7,0.5,0.57385,180,0,0,653361
0,18,-7,0.5,0.57628,180,0,0,653377
0,21,-9,0.5,0.579115,180,0,0,653399
0,39,-18,0.5,0.58438,180,0,0,653418
0,0,0,0.5,0.58438,180,0,0,653427
0,33,-20,0.5,0.588835,180,0,0,653448
0,13,-10,0.5,0.59059,180,0,0,653466
0,13,-9,0.5,0.592345,180,0,0,653479
0,13,-8,0.5,0.5941,180,0,0,653501
0,13,-7,0.5,0.595855,180,0,0,653512
0,16,-6,0.5,0.598015,180,0,0,653530
0,16,-6,0.5,0.600175,180,0,0,653543
0,16,-6,0.5,0.602335,180,0,0,653560
0,17,-6,0.5,0.60463,180,0,0,653577
0,16,-5,0.5,0.60679,180,0,0,653594
0,15,-4,0.5,0.608815,180,0,0,653612
0,17,-5,0.5,0.61111,180,0,0,653632
0,17,-5,0.5,0.613405,180,0,0,653645
0,18,-6,0.5,0.615835,180,0,0,653661
0,20,-7,0.5,0.618535,180,0,0,653677
0,22,-8,0.5,0.621505,180,0,0,653699
0,22,-8,0.5,0.624475,180,0,0,653715
0,22,-8,0.5,0.627445,180,0,0,653731
0,20,-8,0.5,0.630145,180,0,0,653744
0,39,-18,0.5,0.63541,180,0,0,653765
0,0,0,0.5,0.63541,180,0,0,653776
0,34,-15,0.5,0.64,180,0,0,653804
0,16,-6,0.5,0.64216,180,0,0,653819
0,14,-5,0.5,0.64405,180,0,0,653830
0,13,-5,0.5,0.645805,180,0,0,653843
0,11,-7,0.5,0.64729,180,0,0,653864
0,11,-7,0.5,0.648775,180,0,0,653882
0,10,-7,0.5,0.650125,180,0,0,653896
0,12,-8,0.5,0.651745,180,0,0,653912
0,13,-8,0.5,0.6535,180,0,0,653927
0,15,-9,0.5,0.655525,180,0,0,653945
0,17,-10,0.5,0.65782,180,0,0,653962
0,17,-9,0.5,0.660115,180,0,0,653984
0,20,-10,0.5,0.662815,180,0,0,653998
0,24,-10,0.5,0.666055,180,0,0,654013
0,26,-10,0.5,0.669565,180,0,0,654029
0,26,-10,0.5,0.673075,180,0,0,654052
0,25,-10,0.5,0.67645,180,0,0,654067
0,41,-17,0.5,0.681985,180,0,0,654087
0,15,-7,0.5,0.68401,180,0,0,654102
0,0,0,0.5,0.68401,180,0,0,654110
0,11,-5,0.5,0.685495,180,0,0,654127
0,15,-10,0.5,0.68752,180,0,0,654146
0,0,0,0.5,0.68752,180,0,0,654159
0,15,-13,0.5,0.689545,180,0,0,654182
0,7,-8,0.5,0.69049,180,0,0,654196
0,7,-9,0.5,0.691435,180,0,0,654212
0,5,-9,0.5,0.69211,180,0,0,654231
0,5,-9,0.5,0.692785,180,0,0,654250
0,7,-9,0.5,0.69373,180,0,31,654264
0,10,-8,0.5,0.69508,180,0,31,654284
0,13,-7,0.5,0.696835,180,0,31,654295
0,16,-6,0.5,0.698995,180,0,0,654313
0,19,-5,0.5,0.70156,180,0,0,654332
0,21,-4,0.5,0.704395,180,0,0,654345
0,25,-4,0.5,0.70777,180,0,0,654364
0,28,-4,0.5,0.71,180,0,0,654377
