0,99,-15,0.5,-0.696635,180,0,0,376149
0,23,-1,0.5,-0.69353,180,0,0,376156
0,0,0,0.5,-0.69353,180,0,0,376162
0,23,0,0.5,-0.690425,180,0,0,376175
0,22,0,0.5,-0.687455,180,0,0,376193
0,21,0,0.5,-0.68462,180,0,0,376209
0,17,0,0.5,-0.682325,180,0,0,376229
0,15,2,0.5,-0.6803,180,0,0,376247
0,12,2,0.5,-0.67868,180,0,0,376260
0,9,2,0.5,-0.677465,180,0,0,376277
0,7,2,0.5,-0.67652,180,0,0,376293
0,10,4,0.5,-0.67517,180,0,0,376316
0,0,0,0.5,-0.67517,180,0,0,376325
0,5,0,0.5,-0.674495,180,0,0,376345
0,4,-2,0.5,-0.673955,180,0,0,376361
0,6,-3,0.5,-0.673145,180,0,0,376378
0,7,-9,0.5,-0.6722,180,0,0,376394
0,1,-5,0.5,-0.672065,180,0,0,376413
0,0,-5,0.5,-0.672065,180,0,0,376428
0,2,-5,0.5,-0.671795,180,0,0,376445
0,4,-4,0.5,-0.671255,180,0,0,376463
0,6,-4,0.5,-0.670445,180,0,31,376479
0,8,-3,0.5,-0.669365,180,0,31,376493
0,8,-3,0.5,-0.668285,180,0,0,376510
0,6,-3,0.5,-0.667475,180,0,0,376530
0,2,-2,0.5,-0.667205,180,0,0,376544
0,1,-3,0.5,-0.66707,180,0,0,376561
0,-3,-3,0.5,-0.667475,180,0,0,376576
0,-6,-3,0.5,-0.668285,180,0,0,376593
0,-10,-4,0.5,-0.669635,180,0,0,376615
0,-11,-3,0.5,-0.67112,180,0,0,376627
0,-10,-3,0.5,-0.67247,180,0,0,376646
0,-9,-2,0.5,-0.673685,180,0,0,376661
0,-6,-2,0.5,-0.674495,180,0,0,376676
0,-1,0,0.5,-0.67463,180,0,0,376692
0,1,-1,0.5,-0.674495,180,0,0,376711
0,8,0,0.5,-0.673415,180,0,31,376726
0,10,0,0.5,-0.672065,180,0,31,376742
0,10,-1,0.5,-0.670715,180,0,31,376762
0,21,-1,0.5,-0.66788,180,0,0,376776
0,9,-1,0.5,-0.666665,180,0,0,376794
0,11,-1,0.5,-0.66518,180,0,0,376811
0,13,-1,0.5,-0.663425,180,0,0,376826
0,15,-2,0.5,-0.6614,180,0,0,376843
0,14,-2,0.5,-0.65951,180,0,0,376863
0,13,-2,0.5,-0.657755,180,0,0,376880
0,11,-1,0.5,-0.65627,180,0,0,376893
0,9,0,0.5,-0.655055,180,0,0,376909
0,7,0,0.5,-0.65411,180,0,0,376926
0,4,0,0.5,-0.65357,180,0,0,376943
0,1,0,0.5,-0.653435,180,0,0,376960
0,0,0,0.5,-0.653435,180,0,0,376975
0,-3,0,0.5,-0.65384,180,0,0,376992
0,-4,-1,0.5,-0.65438,180,0,0,377009
0,-7,0,0.5,-0.655325,180,0,0,377026
0,-9,0,0.5,-0.65654,180,0,0,377043
0,-14,0,0.5,-0.65843,180,0,0,377060
0,-17,-2,0.5,-0.660725,180,0,0,377076
0,-19,-3,0.5,-0.66329,180,0,0,377093
0,-18,-3,0.5,-0.66572,180,0,0,377109
0,-17,-4,0.5,-0.668015,180,0,0,377127
0,-12,-3,0.5,-0.669635,180,0,0,377143
0,-12,-8,0.5,-0.671255,180,0,0,377167
0,-2,-4,0.5,-0.671525,180,0,0,377183
0,3,-4,0.5,-0.67112,180,0,0,377193
0,4,-4,0.5,-0.67058,180,0,0,377212
0,6,-4,0.5,-0.66977,180,0,0,377226
0,7,-4,0.5,-0.668825,180,0,0,377248
0,7,-4,0.5,-0.66788,180,0,0,377262
0,7,-4,0.5,-0.666935,180,0,0,377276
0,5,-3,0.5,-0.66626,180,0,0,377293
0,3,-2,0.5,-0.665855,180,0,0,377310
0,1,-1,0.5,-0.66572,180,0,0,377326
0,-1,0,0.5,-0.665855,180,0,0,377343
0,-2,0,0.5,-0.666125,180,0,0,377359
0,-2,2,0.5,-0.666395,180,0,0,377376
0,-5,1,0.5,-0.66707,180,0,0,377394
0,-6,2,0.5,-0.66788,180,0,0,377410
0,-6,1,0.5,-0.66869,180,0,0,377430
0,-7,1,0.5,-0.669635,180,0,0,377447
0,-4,0,0.5,-0.670175,180,0,0,377459
0,-4,0,0.5,-0.670715,180,0,0,377476
0,0,0,0.5,-0.670715,180,0,0,377492
0,0,-1,0.5,-0.670715,180,0,0,377509
0,4,-1,0.5,-0.670175,180,0,0,377526
0,5,-2,0.5,-0.6695,180,0,0,377543
0,4,-2,0.5,-0.66896,180,0,0,377560
0,2,-2,0.5,-0.66869,180,0,0,377577
0,-2,-3,0.5,-0.66896,180,0,0,377594
0,-6,-1,0.5,-0.66977,180,0,0,377611
0,-6,-2,0.5,-0.67058,180,0,0,377629
0,-3,-1,0.5,-0.670985,180,0,0,377644
0,-1,-1,0.5,-0.67112,180,0,0,377659
0,2,-1,0.5,-0.67085,180,0,0,377677
0,6,-2,0.5,-0.67004,180,0,0,377696
0,8,-2,0.5,-0.66896,180,0,0,377711
0,10,-1,0.5,-0.66761,180,0,0,377727
0,12,-1,0.5,-0.66599,180,0,0,377743
0,10,0,0.5,-0.66464,180,0,0,377759
0,6,-1,0.5,-0.66383,180,0,0,377776
0,1,0,0.5,-0.663695,180,0,0,377792
0,-3,0,0.5,-0.6641,180,0,0,377809
0,-7,0,0.5,-0.665045,180,0,0,377826
0,-9,0,0.5,-0.66626,180,0,0,377842
0,-11,0,0.5,-0.667745,180,0,0,377860
0,-12,0,0.5,-0.669365,180,0,0,377875
0,-11,0,0.5,-0.67085,180,0,0,377892
0,-8,0,0.5,-0.67193,180,0,0,377909
0,-5,0,0.5,-0.672605,180,0,0,377925
0,-1,0,0.5,-0.67274,180,0,0,377942
0,0,0,0.5,-0.67274,180,0,0,377959
0,15,-3,0.5,-0.670715,180,0,0,377977
0,8,-3,0.5,-0.669635,180,0,0,377993
0,10,-3,0.5,-0.668285,180,0,0,378016
0,10,-4,0.5,-0.666935,180,0,0,378029
0,10,-3,0.5,-0.665585,180,0,0,378046
0,10,-3,0.5,-0.664235,180,0,0,378059
0,7,-1,0.5,-0.66329,180,0,0,378075
0,6,0,0.5,-0.66248,180,0,0,378093
0,2,0,0.5,-0.66221,180,0,0,378110
0,0,1,0.5,-0.66221,180,0,0,378130
0,-1,2,0.5,-0.662345,180,0,0,378143
0,-5,3,0.5,-0.66302,180,0,0,378159
0,-5,2,0.5,-0.663695,180,0,0,378179
0,-10,3,0.5,-0.665045,180,0,0,378194
0,-11,2,0.5,-0.66653,180,0,0,378209
0,-11,2,0.5,-0.668015,180,0,0,378226
0,-11,2,0.5,-0.6695,180,0,0,378244
0,-11,1,0.5,-0.670985,180,0,0,378260
0,-10,1,0.5,-0.672335,180,0,0,378276
0,-7,0,0.5,-0.67328,180,0,0,378292
0,-3,0,0.5,-0.673685,180,0,0,378309
0,0,0,0.5,-0.673685,180,0,0,378327
0,3,0,0.5,-0.67328,180,0,0,378342
0,9,-1,0.5,-0.672065,180,0,0,378361
0,11,-1,0.5,-0.67058,180,0,0,378376
0,25,-2,0.5,-0.667205,180,0,0,378393
0,7,-2,0.5,-0.66626,180,0,0,378413
0,2,-2,0.5,-0.66599,180,0,0,378428
0,-3,-3,0.5,-0.666395,180,0,0,378443
0,-6,-3,0.5,-0.667205,180,0,0,378461
0,-12,-3,0.5,-0.668825,180,0,0,378476
0,-12,-3,0.5,-0.670445,180,0,0,378494
0,-10,-2,0.5,-0.671795,180,0,0,378509
0,-7,-1,0.5,-0.67274,180,0,0,378527
0,-5,0,0.5,-0.673415,180,0,0,378542
0,-1,0,0.5,-0.67355,180,0,0,378559
0,1,2,0.5,-0.673415,180,0,0,378576
0,2,1,0.5,-0.673145,180,0,0,378595
0,2,1,0.5,-0.672875,180,0,0,378611
0,4,0,0.5,-0.672335,180,0,0,378626
0,3,0,0.5,-0.67193,180,0,0,378642
0,4,0,0.5,-0.67139,180,0,0,378659
0,2,-1,0.5,-0.67112,180,0,0,378677
0,1,-2,0.5,-0.670985,180,0,0,378693
0,1,-2,0.5,-0.67085,180,0,0,378709
0,-1,-3,0.5,-0.670985,180,0,0,378731
0,-1,-3,0.5,-0.67112,180,0,0,378744
0,0,-4,0.5,-0.67112,180,0,0,378763
0,0,-2,0.5,-0.67112,180,0,0,378777
0,0,-1,0.5,-0.67112,180,0,0,378793
0,0,0,0.5,-0.67112,180,0,0,378809
0,1,-1,0.5,-0.670985,180,0,0,378827
0,1,0,0.5,-0.67085,180,0,0,378843
0,0,0,0.5,-0.67085,180,0,0,378859
0,0,0,0.5,-0.67085,180,0,0,378876
0,-1,0,0.5,-0.670985,180,0,0,378892
0,-1,0,0.5,-0.67112,180,0,0,378910
0,1,-1,0.5,-0.670985,180,0,0,378927
0,2,-3,0.5,-0.670715,180,0,0,378943
0,2,-5,0.5,-0.670445,180,0,0,378959
0,2,-5,0.5,-0.670175,180,0,0,378976
0,2,-6,0.5,-0.669905,180,0,0,378994
0,0,-7,0.5,-0.669905,180,0,0,379010
0,-3,-7,0.5,-0.67031,180,0,0,379030
0,-2,-7,0.5,-0.67058,180,0,0,379046
0,-4,-6,0.5,-0.67112,180,0,0,379064
0,-4,-4,0.5,-0.67166,180,0,0,379088
0,-3,-3,0.5,-0.672065,180,0,0,379096
0,-9,-1,0.5,-0.67328,180,0,0,379115
0,-5,0,0.5,-0.673955,180,0,0,379130
0,0,0,0.5,-0.673955,180,0,0,379142
0,-4,2,0.5,-0.674495,180,0,0,379160
0,-5,9,0.5,-0.67517,180,0,0,379181
0,-2,7,0.5,-0.67544,180,0,0,379197
0,-2,7,0.5,-0.67571,180,0,0,379211
0,-1,7,0.5,-0.675845,180,0,0,379230
0,-2,7,0.5,-0.676115,180,0,0,379249
0,-1,6,0.5,-0.67625,180,0,0,379265
0,-1,4,0.5,-0.676385,180,0,0,379279
0,1,3,0.5,-0.67625,180,0,0,379294
0,0,1,0.5,-0.67625,180,0,0,379310
0,0,0,0.5,-0.67625,180,0,0,379325
0,2,-3,0.5,-0.67598,180,0,0,379343
0,0,-5,0.5,-0.67598,180,0,0,379362
0,0,-6,0.5,-0.67598,180,0,0,379379
0,0,-6,0.5,-0.67598,180,0,0,379395
0,-1,-6,0.5,-0.676115,180,0,0,379412
0,-1,-6,0.5,-0.67625,180,0,0,379427
0,-1,-6,0.5,-0.676385,180,0,0,379444
0,-2,-4,0.5,-0.676655,180,0,0,379459
0,-1,-3,0.5,-0.67679,180,0,0,379478
0,0,-1,0.5,-0.67679,180,0,0,379492
0,0,0,0.5,-0.67679,180,0,0,379508
0,0,0,0.5,-0.67679,180,0,0,379527
0,1,2,0.5,-0.676655,180,0,0,379545
0,1,3,0.5,-0.67652,180,0,0,379560
0,1,2,0.5,-0.676385,180,0,0,379577
0,0,6,0.5,-0.676385,180,0,0,379594
0,0,3,0.5,-0.676385,180,0,0,379609
0,1,2,0.5,-0.67625,180,0,31,379629
0,3,2,0.5,-0.675845,180,0,31,379645
0,2,2,0.5,-0.675575,180,0,31,379659
0,1,1,0.5,-0.67544,180,0,31,379677
0,0,1,0.5,-0.67544,180,0,31,379692
0,1,1,0.5,-0.675305,180,0,31,379710
0,0,0,0.5,-0.675305,180,0,0,379727
0,0,0,0.5,-0.675305,180,0,0,379742
0,3,0,0.5,-0.6749,180,0,0,379759
0,1,-2,0.5,-0.674765,180,0,0,379779
0,0,-2,0.5,-0.674765,180,0,0,379794
0,-2,-2,0.5,-0.675035,180,0,0,379811
0,-3,-1,0.5,-0.67544,180,0,0,379826
0,-3,-1,0.5,-0.675845,180,0,0,379843
0,-6,0,0.5,-0.676655,180,0,0,379859
0,-4,0,0.5,-0.677195,180,0,0,379875
0,-2,0,0.5,-0.677465,180,0,0,379892
0,-1,0,0.5,-0.6776,180,0,31,379909
0,0,2,0.5,-0.6776,180,0,31,379927
0,1,1,0.5,-0.677465,180,0,31,379943
0,5,1,0.5,-0.67679,180,0,31,379961
0,3,1,0.5,-0.676385,180,0,31,379977
0,5,1,0.5,-0.67571,180,0,0,379996
0,1,0,0.5,-0.675575,180,0,0,380009
0,1,0,0.5,-0.67544,180,0,0,380026
0,3,0,0.5,-0.675035,180,0,0,380042
0,3,-1,0.5,-0.67463,180,0,0,380062
0,2,-1,0.5,-0.67436,180,0,0,380077
0,1,-1,0.5,-0.674225,180,0,0,380093
0,-1,-1,0.5,-0.67436,180,0,0,380109
0,-3,-2,0.5,-0.674765,180,0,0,380126
0,-5,-1,0.5,-0.67544,180,0,0,380144
0,-5,-2,0.5,-0.676115,180,0,0,380160
0,-4,-2,0.5,-0.676655,180,0,0,380177
0,-3,-3,0.5,-0.67706,180,0,0,380193
0,-3,-2,0.5,-0.677465,180,0,31,380211
0,-1,-2,0.5,-0.6776,180,0,31,380226
0,0,-1,0.5,-0.6776,180,0,31,380243
0,0,0,0.5,-0.6776,180,0,31,380260
0,0,0,0.5,-0.6776,180,0,31,380275
0,0,2,0.5,-0.6776,180,0,31,380292
0,0,2,0.5,-0.6776,180,0,31,380310
0,-1,2,0.5,-0.677735,180,0,31,380326
0,0,2,0.5,-0.677735,180,0,31,380343
0,-1,1,0.5,-0.67787,180,0,31,380359
0,0,0,0.5,-0.67787,180,0,0,380375
0,0,0,0.5,-0.67787,180,0,0,380392
0,0,-1,0.5,-0.67787,180,0,0,380409
0,0,0,0.5,-0.67787,180,0,0,380426
0,0,-3,0.5,-0.67787,180,0,0,380443
0,-1,-2,0.5,-0.678005,180,0,0,380460
0,-2,-2,0.5,-0.678275,180,0,0,380476
0,-3,-2,0.5,-0.67868,180,0,0,380494
0,-2,-2,0.5,-0.67895,180,0,0,380509
0,-2,-2,0.5,-0.67922,180,0,0,380530
0,-1,0,0.5,-0.679355,180,0,0,380543
0,-2,0,0.5,-0.679625,180,0,0,380560
0,-1,0,0.5,-0.67976,180,0,0,380576
0,-1,0,0.5,-0.679895,180,0,31,380592
0,0,0,0.5,-0.679895,180,0,31,380608
0,0,1,0.5,-0.679895,180,0,31,380627
0,1,0,0.5,-0.67976,180,0,31,380642
0,2,0,0.5,-0.67949,180,0,31,380658
0,1,0,0.5,-0.679355,180,0,0,380676
0,0,-1,0.5,-0.679355,180,0,0,380694
0,-1,-1,0.5,-0.67949,180,0,0,380710
0,-1,-2,0.5,-0.679625,180,0,0,380727
0,0,-1,0.5,-0.679625,180,0,0,380743
0,-1,-2,0.5,-0.67976,180,0,0,380759
0,0,-1,0.5,-0.67976,180,0,0,380777
0,-3,-3,0.5,-0.680165,180,0,0,380797
0,-1,0,0.5,-0.6803,180,0,0,380810
0,0,-1,0.5,-0.6803,180,0,0,380825
0,0,0,0.5,-0.6803,180,0,0,380842
0,0,0,0.5,-0.6803,180,0,0,380859
0,0,0,0.5,-0.6803,180,0,0,380876
0,0,0,0.5,-0.6803,180,0,0,380892
0,1,0,0.5,-0.680165,180,0,0,380909
0,0,0,0.5,-0.680165,180,0,0,380925
0,1,0,0.5,-0.68003,180,0,0,380943
0,0,0,0.5,-0.68003,180,0,0,380958
0,1,0,0.5,-0.679895,180,0,0,380977
0,1,0,0.5,-0.67976,180,0,0,380992
0,1,0,0.5,-0.679625,180,0,0,381008
0,1,0,0.5,-0.67949,180,0,0,381025
0,0,0,0.5,-0.67949,180,0,0,381042
0,0,-1,0.5,-0.67949,180,0,0,381059
0,0,-1,0.5,-0.67949,180,0,0,381077
0,0,0,0.5,-0.67949,180,0,0,381093
0,0,-1,0.5,-0.67949,180,0,0,381109
0,1,0,0.5,-0.679355,180,0,0,381126
0,1,0,0.5,-0.67922,180,0,0,381142
0,1,0,0.5,-0.679085,180,0,0,381159
0,0,0,0.5,-0.679085,180,0,0,381175
0,1,0,0.5,-0.67895,180,0,0,381192
0,0,0,0.5,-0.67895,180,0,0,381208
0,0,0,0.5,-0.67895,180,0,0,381225
0,0,0,0.5,-0.67895,180,0,0,381242
0,0,0,0.5,-0.67895,180,0,0,381258
0,0,0,0.5,-0.67895,180,0,0,381275
0,0,0,0.5,-0.67895,180,0,0,381293
0,1,0,0.5,-0.678815,180,0,0,381308
0,1,0,0.5,-0.67868,180,0,0,381325
0,1,0,0.5,-0.678545,180,0,0,381342
0,0,0,0.5,-0.678545,180,0,0,381358
0,0,0,0.5,-0.678545,180,0,0,381375
0,1,0,0.5,-0.67841,180,0,0,381392
0,0,0,0.5,-0.67841,180,0,0,381408
0,1,0,0.5,-0.678275,180,0,0,381425
0,0,0,0.5,-0.678275,180,0,0,381441
0,1,0,0.5,-0.67814,180,0,0,381458
0,0,0,0.5,-0.67814,180,0,0,381475
0,0,0,0.5,-0.67814,180,0,0,381492
0,0,0,0.5,-0.67814,180,0,0,381508
0,0,0,0.5,-0.67814,180,0,0,381525
0,0,0,0.5,-0.67814,180,0,0,381541
0,0,0,0.5,-0.67814,180,0,0,381558
0,0,0,0.5,-0.67814,180,0,0,381575
0,0,0,0.5,-0.67814,180,0,0,381592
0,1,0,0.5,-0.678005,180,0,0,381609
0,0,0,0.5,-0.678005,180,0,0,381625
0,1,0,0.5,-0.67787,180,0,0,381642
0,0,0,0.5,-0.67787,180,0,0,381658
0,0,0,0.5,-0.67787,180,0,0,381675
0,0,0,0.5,-0.67787,180,0,0,381691
0,0,0,0.5,-0.67787,180,0,0,381708
0,0,0,0.5,-0.67787,180,0,0,381725
0,0,0,0.5,-0.67787,180,0,0,381741
0,0,0,0.5,-0.67787,180,0,0,381758
0,0,0,0.5,-0.67787,180,0,0,381775
0,0,0,0.5,-0.67787,180,0,0,381792
0,0,0,0.5,-0.67787,180,0,0,381808
0,0,0,0.5,-0.67787,180,0,0,381825
0,0,0,0.5,-0.67787,180,0,0,381841
0,1,0,0.5,-0.677735,180,0,0,381858
0,0,0,0.5,-0.677735,180,0,0,381875
0,0,0,0.5,-0.677735,180,0,0,381891
0,0,0,0.5,-0.677735,180,0,0,381908
0,0,0,0.5,-0.677735,180,0,0,381925
0,0,0,0.5,-0.677735,180,0,0,381942
0,0,0,0.5,-0.677735,180,0,0,381958
0,0,0,0.5,-0.677735,180,0,0,381975
0,0,0,0.5,-0.677735,180,0,0,381992
0,0,0,0.5,-0.677735,180,0,0,382008
0,0,0,0.5,-0.677735,180,0,0,382025
0,0,0,0.5,-0.677735,180,0,0,382041
0,0,0,0.5,-0.677735,180,0,0,382058
0,0,0,0.5,-0.677735,180,0,0,382075
0,0,0,0.5,-0.677735,180,0,0,382091
0,0,1,0.5,-0.677735,180,0,0,382109
0,0,0,0.5,-0.677735,180,0,0,382125
0,0,0,0.5,-0.677735,180,0,0,382141
0,0,0,0.5,-0.677735,180,0,0,382158
0,0,0,0.5,-0.677735,180,0,0,382175
0,0,0,0.5,-0.677735,180,0,0,382192
0,0,0,0.5,-0.677735,180,0,0,382208
0,0,0,0.5,-0.677735,180,0,0,382225
0,0,0,0.5,-0.677735,180,0,0,382241
0,0,0,0.5,-0.677735,180,0,0,382259
0,0,0,0.5,-0.677735,180,0,0,382275
0,0,0,0.5,-0.677735,180,0,0,382292
0,0,0,0.5,-0.677735,180,0,0,382308
0,0,0,0.5,-0.677735,180,0,0,382325
0,0,0,0.5,-0.677735,180,0,0,382342
0,0,0,0.5,-0.677735,180,0,0,382358
0,-1,0,0.5,-0.67787,180,0,0,382375
0,0,0,0.5,-0.67787,180,0,0,382392
0,0,0,0.5,-0.67787,180,0,0,382408
0,1,0,0.5,-0.677735,180,0,0,382426
0,1,0,0.5,-0.6776,180,0,0,382443
0,0,0,0.5,-0.6776,180,0,0,382458
0,0,0,0.5,-0.6776,180,0,0,382475
0,0,0,0.5,-0.6776,180,0,0,382491
0,0,0,0.5,-0.6776,180,0,0,382508
0,-1,0,0.5,-0.677735,180,0,0,382525
0,0,0,0.5,-0.677735,180,0,0,382541
0,0,0,0.5,-0.677735,180,0,0,382558
0,0,0,0.5,-0.677735,180,0,0,382575
0,0,0,0.5,-0.677735,180,0,0,382591
0,0,0,0.5,-0.677735,180,0,0,382608
0,0,0,0.5,-0.677735,180,0,0,382625
0,0,0,0.5,-0.677735,180,0,0,382642
0,0,0,0.5,-0.677735,180,0,0,382658
0,0,0,0.5,-0.677735,180,0,0,382675
0,0,0,0.5,-0.677735,180,0,0,382692
0,0,0,0.5,-0.677735,180,0,0,382708
0,0,0,0.5,-0.677735,180,0,0,382725
0,0,0,0.5,-0.677735,180,0,0,382742
0,0,0,0.5,-0.677735,180,0,0,382758
0,1,0,0.5,-0.6776,180,0,0,382776
0,0,0,0.5,-0.6776,180,0,0,382792
0,0,0,0.5,-0.6776,180,0,0,382809
0,0,0,0.5,-0.6776,180,0,0,382826
0,0,0,0.5,-0.6776,180,0,0,382842
0,0,0,0.5,-0.6776,180,0,0,382859
0,0,0,0.5,-0.6776,180,0,0,382875
0,0,0,0.5,-0.6776,180,0,0,382892
0,0,0,0.5,-0.6776,180,0,0,382909
0,0,0,0.5,-0.6776,180,0,0,382925
0,0,0,0.5,-0.6776,180,0,0,382941
0,0,0,0.5,-0.6776,180,0,0,382959
0,0,0,0.5,-0.6776,180,0,0,382975
0,0,0,0.5,-0.6776,180,0,0,382992
0,0,0,0.5,-0.6776,180,0,0,383009
0,0,0,0.5,-0.6776,180,0,0,383026
0,-1,0,0.5,-0.677735,180,0,0,383042
0,0,0,0.5,-0.677735,180,0,0,383060
0,1,0,0.5,-0.6776,180,0,0,383075
0,0,0,0.5,-0.6776,180,0,0,383092
0,1,0,0.5,-0.677465,180,0,0,383109
0,0,0,0.5,-0.677465,180,0,0,383127
0,0,0,0.5,-0.677465,180,0,0,383143
0,0,0,0.5,-0.677465,180,0,0,383159
0,0,0,0.5,-0.677465,180,0,0,383176
0,0,0,0.5,-0.677465,180,0,0,383193
0,0,0,0.5,-0.677465,180,0,0,383209
0,0,0,0.5,-0.677465,180,0,0,383225
0,0,0,0.5,-0.677465,180,0,0,383242
0,0,0,0.5,-0.677465,180,0,0,383259
0,0,0,0.5,-0.677465,180,0,0,383277
0,0,0,0.5,-0.677465,180,0,0,383294
0,0,0,0.5,-0.677465,180,0,0,383309
0,0,0,0.5,-0.677465,180,0,0,383326
0,0,0,0.5,-0.677465,180,0,0,383343
0,0,0,0.5,-0.677465,180,0,0,383359
0,0,0,0.5,-0.677465,180,0,0,383376
0,0,0,0.5,-0.677465,180,0,0,383394
0,0,0,0.5,-0.677465,180,0,0,383409
0,0,0,0.5,-0.677465,180,0,0,383426
0,0,0,0.5,-0.677465,180,0,0,383443
0,1,0,0.5,-0.67733,180,0,0,383460
0,0,0,0.5,-0.67733,180,0,0,383476
0,0,0,0.5,-0.67733,180,0,0,383493
0,0,0,0.5,-0.67733,180,0,0,383509
0,0,0,0.5,-0.67733,180,0,0,383526
0,0,0,0.5,-0.67733,180,0,0,383544
0,0,0,0.5,-0.67733,180,0,0,383560
0,0,0,0.5,-0.67733,180,0,0,383577
0,0,0,0.5,-0.67733,180,0,0,383593
0,0,0,0.5,-0.67733,180,0,0,383610
0,0,0,0.5,-0.67733,180,0,0,383627
0,0,0,0.5,-0.67733,180,0,0,383644
0,0,0,0.5,-0.67733,180,0,0,383661
0,0,0,0.5,-0.67733,180,0,0,383677
0,0,0,0.5,-0.67733,180,0,0,383693
0,0,0,0.5,-0.67733,180,0,0,383710
0,0,0,0.5,-0.67733,180,0,0,383727
0,0,0,0.5,-0.67733,180,0,0,383744
0,0,0,0.5,-0.67733,180,0,0,383760
0,0,0,0.5,-0.67733,180,0,0,383777
0,0,0,0.5,-0.67733,180,0,0,383794
0,0,0,0.5,-0.67733,180,0,0,383812
0,0,0,0.5,-0.67733,180,0,0,383828
0,0,0,0.5,-0.67733,180,0,0,383845
0,0,0,0.5,-0.67733,180,0,0,383861
0,0,0,0.5,-0.67733,180,0,0,383878
0,0,0,0.5,-0.67733,180,0,0,383894
0,0,0,0.5,-0.67733,180,0,0,383912
0,0,0,0.5,-0.67733,180,0,0,383929
0,0,0,0.5,-0.67733,180,0,0,383944
0,0,0,0.5,-0.67733,180,0,0,383960
0,0,0,0.5,-0.67733,180,0,0,383978
0,0,0,0.5,-0.67733,180,0,0,383994
0,0,0,0.5,-0.67733,180,0,0,384011
0,0,0,0.5,-0.67733,180,0,0,384028
0,0,0,0.5,-0.67733,180,0,0,384045
0,0,0,0.5,-0.67733,180,0,0,384061
0,0,0,0.5,-0.67733,180,0,0,384077
0,0,0,0.5,-0.67733,180,0,0,384094
0,0,0,0.5,-0.67733,180,0,0,384111
0,0,0,0.5,-0.67733,180,0,0,384128
0,0,0,0.5,-0.67733,180,0,0,384144
0,0,0,0.5,-0.67733,180,0,0,384162
0,0,0,0.5,-0.67733,180,0,0,384177
0,0,0,0.5,-0.67733,180,0,0,384194
0,0,0,0.5,-0.67733,180,0,0,384211
0,0,0,0.5,-0.67733,180,0,0,384228
0,0,-1,0.5,-0.67733,180,0,0,384245
0,0,0,0.5,-0.67733,180,0,0,384262
0,0,0,0.5,-0.67733,180,0,0,384278
0,0,0,0.5,-0.67733,180,0,0,384294
0,0,0,0.5,-0.67733,180,0,0,384311
0,-1,0,0.5,-0.677465,180,0,0,384328
0,0,0,0.5,-0.677465,180,0,0,384346
0,0,0,0.5,-0.677465,180,0,0,384362
0,0,0,0.5,-0.677465,180,0,0,384378
0,0,0,0.5,-0.677465,180,0,0,384395
0,0,0,0.5,-0.677465,180,0,0,384411
0,0,0,0.5,-0.677465,180,0,0,384428
0,-1,0,0.5,-0.6776,180,0,0,384447
0,0,0,0.5,-0.6776,180,0,0,384461
0,0,0,0.5,-0.6776,180,0,0,384478
0,0,0,0.5,-0.6776,180,0,0,384495
0,1,0,0.5,-0.677465,180,0,0,384511
0,0,0,0.5,-0.677465,180,0,0,384529
0,0,0,0.5,-0.677465,180,0,0,384545
0,0,0,0.5,-0.677465,180,0,0,384562
0,0,0,0.5,-0.677465,180,0,0,384578
0,0,0,0.5,-0.677465,180,0,0,384596
0,0,0,0.5,-0.677465,180,0,0,384612
0,0,0,0.5,-0.677465,180,0,0,384628
0,0,0,0.5,-0.677465,180,0,0,384645
0,0,0,0.5,-0.677465,180,0,0,384663
0,0,0,0.5,-0.677465,180,0,0,384679
0,0,0,0.5,-0.677465,180,0,0,384696
0,-2,0,0.5,-0.677735,180,0,0,384714
0,-1,0,0.5,-0.67787,180,0,0,384731
0,0,0,0.5,-0.67787,180,0,0,384748
0,0,0,0.5,-0.67787,180,0,0,384762
0,0,0,0.5,-0.67787,180,0,0,384783
0,0,0,0.5,-0.67787,180,0,0,384797
0,0,0,0.5,-0.67787,180,0,0,384812
0,0,0,0.5,-0.67787,180,0,0,384829
0,0,0,0.5,-0.67787,180,0,0,384846
0,0,0,0.5,-0.67787,180,0,0,384862
0,0,0,0.5,-0.67787,180,0,0,384879
0,0,0,0.5,-0.67787,180,0,0,384895
0,0,0,0.5,-0.67787,180,0,0,384913
0,0,0,0.5,-0.67787,180,0,0,384929
0,0,0,0.5,-0.67787,180,0,0,384946
0,0,0,0.5,-0.67787,180,0,0,384963
0,0,0,0.5,-0.67787,180,0,0,384979
0,0,0,0.5,-0.67787,180,0,0,384996
0,0,0,0.5,-0.67787,180,0,0,385013
0,0,0,0.5,-0.67787,180,0,0,385029
0,0,0,0.5,-0.67787,180,0,0,385048
0,0,0,0.5,-0.67787,180,0,0,385065
0,0,0,0.5,-0.67787,180,0,0,385079
0,0,0,0.5,-0.67787,180,0,0,385098
0,0,0,0.5,-0.67787,180,0,0,385112
0,0,0,0.5,-0.67787,180,0,0,385129
0,0,0,0.5,-0.67787,180,0,0,385150
0,0,0,0.5,-0.67787,180,0,0,385163
0,0,0,0.5,-0.67787,180,0,0,385179
0,0,0,0.5,-0.67787,180,0,0,385197
0,0,0,0.5,-0.67787,180,0,0,385214
0,0,0,0.5,-0.67787,180,0,0,385229
0,0,0,0.5,-0.67787,180,0,0,385246
0,0,0,0.5,-0.67787,180,0,0,385264
0,0,0,0.5,-0.67787,180,0,0,385280
0,0,0,0.5,-0.67787,180,0,0,385297
0,0,0,0.5,-0.67787,180,0,0,385313
0,0,0,0.5,-0.67787,180,0,0,385329
0,0,0,0.5,-0.67787,180,0,0,385348
0,0,0,0.5,-0.67787,180,0,0,385363
0,0,0,0.5,-0.67787,180,0,0,385380
0,0,0,0.5,-0.67787,180,0,0,385396
0,0,0,0.5,-0.67787,180,0,0,385414
0,0,0,0.5,-0.67787,180,0,0,385430
0,0,0,0.5,-0.67787,180,0,0,385447
0,0,0,0.5,-0.67787,180,0,0,385463
0,0,0,0.5,-0.67787,180,0,0,385481
0,0,0,0.5,-0.67787,180,0,0,385498
0,0,0,0.5,-0.67787,180,0,0,385514
0,0,0,0.5,-0.67787,180,0,0,385531
0,0,0,0.5,-0.67787,180,0,0,385547
0,0,0,0.5,-0.67787,180,0,0,385564
0,0,0,0.5,-0.67787,180,0,0,385581
0,0,0,0.5,-0.67787,180,0,0,385598
0,0,0,0.5,-0.67787,180,0,0,385614
0,0,0,0.5,-0.67787,180,0,0,385631
0,0,0,0.5,-0.67787,180,0,0,385648
0,0,0,0.5,-0.67787,180,0,0,385664
0,0,0,0.5,-0.67787,180,0,0,385681
0,0,0,0.5,-0.67787,180,0,0,385698
0,0,0,0.5,-0.67787,180,0,0,385715
0,0,0,0.5,-0.67787,180,0,0,385731
0,0,0,0.5,-0.67787,180,0,0,385748
0,0,0,0.5,-0.67787,180,0,0,385765
0,0,0,0.5,-0.67787,180,0,0,385781
0,0,0,0.5,-0.67787,180,0,0,385798
0,0,0,0.5,-0.67787,180,0,0,385816
0,0,0,0.5,-0.67787,180,0,0,385831
0,0,0,0.5,-0.67787,180,0,0,385848
0,0,0,0.5,-0.67787,180,0,0,385864
0,0,0,0.5,-0.67787,180,0,0,385882
0,0,0,0.5,-0.67787,180,0,0,385898
0,0,0,0.5,-0.67787,180,0,0,385915
0,0,0,0.5,-0.67787,180,0,0,385931
0,0,0,0.5,-0.67787,180,0,0,385949
0,0,0,0.5,-0.67787,180,0,0,385965
0,0,0,0.5,-0.67787,180,0,0,385982
0,0,0,0.5,-0.67787,180,0,0,385998
0,0,0,0.5,-0.67787,180,0,0,386015
0,0,0,0.5,-0.67787,180,0,0,386031
0,0,0,0.5,-0.67787,180,0,0,386049
0,0,0,0.5,-0.67787,180,0,0,386065
0,0,0,0.5,-0.67787,180,0,0,386081
0,0,0,0.5,-0.67787,180,0,0,386100
0,0,0,0.5,-0.67787,180,0,0,386116
0,0,0,0.5,-0.67787,180,0,0,386132
0,0,0,0.5,-0.67787,180,0,0,386148
0,0,0,0.5,-0.67787,180,0,0,386165
0,2,0,0.5,-0.6776,180,0,0,386182
0,0,0,0.5,-0.6776,180,0,0,386198
0,0,0,0.5,-0.6776,180,0,0,386216
0,0,0,0.5,-0.6776,180,0,0,386231
0,0,0,0.5,-0.6776,180,0,0,386249
0,0,0,0.5,-0.6776,180,0,0,386265
0,0,0,0.5,-0.6776,180,0,0,386281
0,0,0,0.5,-0.6776,180,0,0,386299
0,0,0,0.5,-0.6776,180,0,0,386317
0,0,0,0.5,-0.6776,180,0,0,386332
0,0,0,0.5,-0.6776,180,0,0,386349
0,0,0,0.5,-0.6776,180,0,0,386366
0,0,0,0.5,-0.6776,180,0,0,386382
0,0,0,0.5,-0.6776,180,0,0,386401
0,0,0,0.5,-0.6776,180,0,0,386416
0,0,0,0.5,-0.6776,180,0,0,386432
0,0,0,0.5,-0.6776,180,0,0,386449
0,0,0,0.5,-0.6776,180,0,0,386466
0,0,0,0.5,-0.6776,180,0,0,386483
0,0,0,0.5,-0.6776,180,0,0,386498
0,0,0,0.5,-0.6776,180,0,0,386516
0,0,0,0.5,-0.6776,180,0,0,386532
0,0,0,0.5,-0.6776,180,0,0,386549
0,0,0,0.5,-0.6776,180,0,0,386566
0,0,0,0.5,-0.6776,180,0,0,386583
0,0,0,0.5,-0.6776,180,0,0,386599
0,0,0,0.5,-0.6776,180,0,0,386616
0,0,0,0.5,-0.6776,180,0,0,386632
0,0,0,0.5,-0.6776,180,0,0,386649
0,0,0,0.5,-0.6776,180,0,0,386666
0,0,0,0.5,-0.6776,180,0,0,386682
0,0,0,0.5,-0.6776,180,0,0,386699
0,0,0,0.5,-0.6776,180,0,0,386716
0,0,0,0.5,-0.6776,180,0,0,386732
0,0,0,0.5,-0.6776,180,0,0,386749
0,0,0,0.5,-0.6776,180,0,0,386768
0,0,0,0.5,-0.6776,180,0,0,386783
0,0,0,0.5,-0.6776,180,0,0,386800
0,0,0,0.5,-0.6776,180,0,0,386817
0,0,0,0.5,-0.6776,180,0,0,386833
0,0,0,0.5,-0.6776,180,0,0,386852
0,0,0,0.5,-0.6776,180,0,0,386868
0,0,0,0.5,-0.6776,180,0,0,386883
0,0,0,0.5,-0.6776,180,0,0,386900
0,0,0,0.5,-0.6776,180,0,0,386918
0,0,0,0.5,-0.6776,180,0,0,386933
0,0,0,0.5,-0.6776,180,0,0,386951
0,0,0,0.5,-0.6776,180,0,0,386967
0,0,0,0.5,-0.6776,180,0,0,386984
0,0,0,0.5,-0.6776,180,0,0,387000
0,0,0,0.5,-0.6776,180,0,0,387018
0,0,0,0.5,-0.6776,180,0,0,387034
0,0,0,0.5,-0.6776,180,0,0,387051
0,0,0,0.5,-0.6776,180,0,0,387068
0,0,0,0.5,-0.6776,180,0,0,387084
0,0,0,0.5,-0.6776,180,0,0,387100
0,0,0,0.5,-0.6776,180,0,0,387117
0,0,0,0.5,-0.6776,180,0,0,387134
0,0,0,0.5,-0.6776,180,0,0,387150
0,0,0,0.5,-0.6776,180,0,0,387167
0,0,0,0.5,-0.6776,180,0,0,387183
0,0,0,0.5,-0.6776,180,0,0,387200
0,0,0,0.5,-0.6776,180,0,0,387218
0,0,0,0.5,-0.6776,180,0,0,387233
0,0,0,0.5,-0.6776,180,0,0,387250
0,0,0,0.5,-0.6776,180,0,0,387267
0,0,0,0.5,-0.6776,180,0,0,387283
0,0,0,0.5,-0.6776,180,0,0,387300
0,0,0,0.5,-0.6776,180,0,0,387318
0,0,0,0.5,-0.6776,180,0,0,387333
0,0,0,0.5,-0.6776,180,0,0,387350
0,0,0,0.5,-0.6776,180,0,0,387367
0,0,0,0.5,-0.6776,180,0,0,387384
0,0,0,0.5,-0.6776,180,0,0,387400
0,0,0,0.5,-0.6776,180,0,0,387418
0,0,0,0.5,-0.6776,180,0,0,387434
0,0,0,0.5,-0.6776,180,0,0,387450
0,0,0,0.5,-0.6776,180,0,0,387468
0,0,0,0.5,-0.6776,180,0,0,387484
0,0,0,0.5,-0.6776,180,0,0,387501
0,0,0,0.5,-0.6776,180,0,0,387518
0,0,0,0.5,-0.6776,180,0,0,387534
0,0,0,0.5,-0.6776,180,0,0,387550
0,0,0,0.5,-0.6776,180,0,0,387567
0,0,0,0.5,-0.6776,180,0,0,387584
0,0,0,0.5,-0.6776,180,0,0,387601
0,0,0,0.5,-0.6776,180,0,0,387618
0,0,0,0.5,-0.6776,180,0,0,387634
0,0,0,0.5,-0.6776,180,0,0,387651
0,0,0,0.5,-0.6776,180,0,0,387668
0,0,0,0.5,-0.6776,180,0,0,387684
0,0,0,0.5,-0.6776,180,0,0,387701
0,0,0,0.5,-0.6776,180,0,0,387718
0,0,0,0.5,-0.6776,180,0,0,387734
0,0,0,0.5,-0.6776,180,0,0,387751
0,0,0,0.5,-0.6776,180,0,0,387768
0,0,0,0.5,-0.6776,180,0,0,387785
0,0,0,0.5,-0.6776,180,0,0,387802
0,0,0,0.5,-0.6776,180,0,0,387819
0,0,1,0.5,-0.6776,180,0,0,387836
0,0,0,0.5,-0.6776,180,0,0,387856
0,0,0,0.5,-0.6776,180,0,0,387869
0,0,0,0.5,-0.6776,180,0,0,387885
0,0,0,0.5,-0.6776,180,0,0,387902
0,0,0,0.5,-0.6776,180,0,0,387918
0,0,0,0.5,-0.6776,180,0,0,387935
0,0,0,0.5,-0.6776,180,0,0,387952
0,0,0,0.5,-0.6776,180,0,0,387968
0,0,0,0.5,-0.6776,180,0,0,387985
0,0,0,0.5,-0.6776,180,0,0,388001
0,0,0,0.5,-0.6776,180,0,0,388019
0,0,0,0.5,-0.6776,180,0,0,388035
0,0,0,0.5,-0.6776,180,0,0,388052
0,0,0,0.5,-0.6776,180,0,0,388069
0,0,0,0.5,-0.6776,180,0,0,388086
0,0,0,0.5,-0.6776,180,0,0,388102
0,0,0,0.5,-0.6776,180,0,0,388120
0,0,0,0.5,-0.6776,180,0,0,388135
0,0,0,0.5,-0.6776,180,0,0,388152
0,0,0,0.5,-0.6776,180,0,0,388169
0,0,0,0.5,-0.6776,180,0,0,388186
0,0,0,0.5,-0.6776,180,0,0,388202
0,0,0,0.5,-0.6776,180,0,0,388220
0,0,0,0.5,-0.6776,180,0,0,388236
0,0,0,0.5,-0.6776,180,0,0,388252
0,0,0,0.5,-0.6776,180,0,0,388269
0,0,0,0.5,-0.6776,180,0,0,388286
0,0,0,0.5,-0.6776,180,0,0,388302
0,0,0,0.5,-0.6776,180,0,0,388320
0,0,0,0.5,-0.6776,180,0,0,388335
0,0,0,0.5,-0.6776,180,0,0,388352
0,0,0,0.5,-0.6776,180,0,0,388369
0,0,0,0.5,-0.6776,180,0,0,388386
0,0,0,0.5,-0.6776,180,0,0,388402
0,0,0,0.5,-0.6776,180,0,0,388421
0,0,0,0.5,-0.6776,180,0,0,388436
0,0,0,0.5,-0.6776,180,0,0,388452
0,0,0,0.5,-0.6776,180,0,0,388469
0,0,0,0.5,-0.6776,180,0,0,388486
0,0,0,0.5,-0.6776,180,0,0,388502
0,0,0,0.5,-0.6776,180,0,0,388520
0,0,0,0.5,-0.6776,180,0,0,388536
0,0,0,0.5,-0.6776,180,0,0,388552
0,0,0,0.5,-0.6776,180,0,0,388569
0,0,0,0.5,-0.6776,180,0,0,388587
0,0,0,0.5,-0.6776,180,0,0,388603
0,-1,0,0.5,-0.677735,180,0,0,388620
0,0,0,0.5,-0.677735,180,0,0,388637
0,0,0,0.5,-0.677735,180,0,0,388653
0,0,0,0.5,-0.677735,180,0,0,388671
0,1,0,0.5,-0.6776,180,0,0,388689
0,0,0,0.5,-0.6776,180,0,0,388704
0,0,0,0.5,-0.6776,180,0,0,388720
0,0,0,0.5,-0.6776,180,0,0,388736
0,0,0,0.5,-0.6776,180,0,0,388753
0,0,0,0.5,-0.6776,180,0,0,388770
0,0,0,0.5,-0.6776,180,0,0,388789
0,0,0,0.5,-0.6776,180,0,0,388804
0,0,0,0.5,-0.6776,180,0,0,388820
0,0,0,0.5,-0.6776,180,0,0,388837
0,0,0,0.5,-0.6776,180,0,0,388854
0,0,0,0.5,-0.6776,180,0,0,388870
0,0,0,0.5,-0.6776,180,0,0,388887
0,0,0,0.5,-0.6776,180,0,0,388903
0,0,0,0.5,-0.6776,180,0,0,388920
0,0,0,0.5,-0.6776,180,0,0,388937
0,0,0,0.5,-0.6776,180,0,0,388954
0,0,0,0.5,-0.6776,180,0,0,388970
0,0,0,0.5,-0.6776,180,0,0,388989
0,0,0,0.5,-0.6776,180,0,0,389004
0,0,0,0.5,-0.6776,180,0,0,389021
0,0,0,0.5,-0.6776,180,0,0,389039
0,0,0,0.5,-0.6776,180,0,0,389057
0,0,0,0.5,-0.6776,180,0,0,389071
0,0,0,0.5,-0.6776,180,0,0,389088
0,0,0,0.5,-0.6776,180,0,0,389104
0,0,0,0.5,-0.6776,180,0,0,389121
0,0,0,0.5,-0.6776,180,0,0,389137
0,0,0,0.5,-0.6776,180,0,0,389153
0,0,0,0.5,-0.6776,180,0,0,389170
0,0,0,0.5,-0.6776,180,0,0,389187
0,-1,0,0.5,-0.677735,180,0,0,389204
0,0,0,0.5,-0.677735,180,0,0,389221
0,0,0,0.5,-0.677735,180,0,0,389237
0,0,0,0.5,-0.677735,180,0,0,389254
0,0,0,0.5,-0.677735,180,0,0,389271
0,0,0,0.5,-0.677735,180,0,0,389287
0,0,0,0.5,-0.677735,180,0,0,389304
0,0,0,0.5,-0.677735,180,0,0,389321
0,0,0,0.5,-0.677735,180,0,0,389337
0,0,0,0.5,-0.677735,180,0,0,389354
0,0,0,0.5,-0.677735,180,0,0,389371
0,0,0,0.5,-0.677735,180,0,0,389388
0,0,0,0.5,-0.677735,180,0,0,389405
0,0,0,0.5,-0.677735,180,0,0,389421
0,0,0,0.5,-0.677735,180,0,0,389438
0,0,0,0.5,-0.677735,180,0,0,389455
0,0,0,0.5,-0.677735,180,0,0,389471
0,1,0,0.5,-0.6776,180,0,0,389488
0,0,0,0.5,-0.6776,180,0,0,389506
0,0,0,0.5,-0.6776,180,0,0,389522
0,0,0,0.5,-0.6776,180,0,0,389539
0,0,0,0.5,-0.6776,180,0,0,389557
0,0,0,0.5,-0.6776,180,0,0,389571
0,0,0,0.5,-0.6776,180,0,0,389588
0,0,0,0.5,-0.6776,180,0,0,389604
0,0,0,0.5,-0.6776,180,0,0,389621
0,0,0,0.5,-0.6776,180,0,0,389638
0,0,0,0.5,-0.6776,180,0,0,389655
0,0,0,0.5,-0.6776,180,0,0,389671
0,0,0,0.5,-0.6776,180,0,0,389688
0,0,0,0.5,-0.6776,180,0,0,389705
0,0,0,0.5,-0.6776,180,0,0,389721
0,0,0,0.5,-0.6776,180,0,0,389738
0,0,0,0.5,-0.6776,180,0,0,389755
0,0,0,0.5,-0.6776,180,0,0,389772
0,0,0,0.5,-0.6776,180,0,0,389789
0,0,0,0.5,-0.6776,180,0,0,389807
0,0,0,0.5,-0.6776,180,0,0,389822
0,0,0,0.5,-0.6776,180,0,0,389839
0,0,0,0.5,-0.6776,180,0,0,389856
0,0,0,0.5,-0.6776,180,0,0,389873
0,0,0,0.5,-0.6776,180,0,0,389890
0,0,0,0.5,-0.6776,180,0,0,389907
0,0,0,0.5,-0.6776,180,0,0,389923
0,0,0,0.5,-0.6776,180,0,0,389940
0,0,0,0.5,-0.6776,180,0,0,389957
0,0,0,0.5,-0.6776,180,0,0,389973
0,0,0,0.5,-0.6776,180,0,0,389989
0,0,0,0.5,-0.6776,180,0,0,390006
0,0,0,0.5,-0.6776,180,0,0,390022
0,0,0,0.5,-0.6776,180,0,0,390039
0,0,0,0.5,-0.6776,180,0,0,390057
0,0,0,0.5,-0.6776,180,0,0,390073
0,0,0,0.5,-0.6776,180,0,0,390090
0,0,0,0.5,-0.6776,180,0,0,390107
0,0,0,0.5,-0.6776,180,0,0,390123
0,0,0,0.5,-0.6776,180,0,0,390140
0,0,0,0.5,-0.6776,180,0,0,390156
0,0,0,0.5,-0.6776,180,0,0,390172
0,0,0,0.5,-0.6776,180,0,0,390189
0,0,0,0.5,-0.6776,180,0,0,390206
0,0,0,0.5,-0.6776,180,0,0,390222
0,0,0,0.5,-0.6776,180,0,0,390239
0,0,0,0.5,-0.6776,180,0,0,390256
0,0,0,0.5,-0.6776,180,0,0,390272
0,0,0,0.5,-0.6776,180,0,0,390289
0,0,0,0.5,-0.6776,180,0,0,390306
0,0,0,0.5,-0.6776,180,0,0,390322
0,0,0,0.5,-0.6776,180,0,0,390339
0,0,0,0.5,-0.6776,180,0,0,390356
0,0,0,0.5,-0.6776,180,0,0,390373
0,0,0,0.5,-0.6776,180,0,0,390389
0,0,0,0.5,-0.6776,180,0,0,390406
0,0,0,0.5,-0.6776,180,0,0,390423
0,0,0,0.5,-0.6776,180,0,0,390440
0,0,0,0.5,-0.6776,180,0,0,390456
0,0,0,0.5,-0.6776,180,0,0,390473
0,0,0,0.5,-0.6776,180,0,0,390490
0,0,0,0.5,-0.6776,180,0,0,390507
0,0,0,0.5,-0.6776,180,0,0,390523
0,0,0,0.5,-0.6776,180,0,0,390540
0,0,0,0.5,-0.6776,180,0,0,390557
0,0,0,0.5,-0.6776,180,0,0,390573
0,0,0,0.5,-0.6776,180,0,0,390590
0,0,0,0.5,-0.6776,180,0,0,390606
0,-1,0,0.5,-0.677735,180,0,0,390624
0,0,0,0.5,-0.677735,180,0,0,390641
0,0,0,0.5,-0.677735,180,0,0,390658
0,0,0,0.5,-0.677735,180,0,0,390676
0,0,0,0.5,-0.677735,180,0,0,390691
0,0,0,0.5,-0.677735,180,0,0,390708
0,0,0,0.5,-0.677735,180,0,0,390724
0,0,0,0.5,-0.677735,180,0,0,390741
0,0,0,0.5,-0.677735,180,0,0,390757
0,-2,0,0.5,-0.678005,180,0,0,390775
0,-2,0,0.5,-0.678275,180,0,0,390791
0,-1,0,0.5,-0.67841,180,0,0,390810
0,-2,1,0.5,-0.67868,180,0,0,390826
0,-2,1,0.5,-0.67895,180,0,0,390842
0,0,0,0.5,-0.67895,180,0,0,390858
0,0,0,0.5,-0.67895,180,0,0,390874
0,1,0,0.5,-0.678815,180,0,0,390897
0,0,0,0.5,-0.678815,180,0,0,390907
0,0,0,0.5,-0.678815,180,0,31,390924
0,2,0,0.5,-0.678545,180,0,31,390943
0,1,0,0.5,-0.67841,180,0,31,390960
0,0,0,0.5,-0.67841,180,0,31,390975
0,0,-1,0.5,-0.67841,180,0,0,390994
0,-1,0,0.5,-0.678545,180,0,0,391010
0,0,0,0.5,-0.678545,180,0,0,391024
0,0,0,0.5,-0.678545,180,0,0,391042
0,-4,0,0.5,-0.679085,180,0,0,391062
0,0,0,0.5,-0.679085,180,0,0,391075
0,1,1,0.5,-0.67895,180,0,0,391092
0,6,1,0.5,-0.67814,180,0,0,391108
0,9,2,0.5,-0.676925,180,0,0,391127
0,8,2,0.5,-0.675845,180,0,0,391143
0,10,2,0.5,-0.674495,180,0,0,391159
0,8,1,0.5,-0.673415,180,0,0,391178
0,10,1,0.5,-0.672065,180,0,0,391192
0,11,1,0.5,-0.67058,180,0,0,391210
0,13,1,0.5,-0.668825,180,0,0,391228
0,31,-1,0.5,-0.66464,180,0,0,391242
0,16,-2,0.5,-0.66248,180,0,0,391262
0,14,-2,0.5,-0.66059,180,0,0,391278
0,13,-2,0.5,-0.658835,180,0,0,391293
0,15,-2,0.5,-0.65681,180,0,0,391313
0,17,-2,0.5,-0.654515,180,0,0,391326
0,18,-1,0.5,-0.652085,180,0,0,391342
0,19,-2,0.5,-0.64952,180,0,0,391360
0,19,-3,0.5,-0.646955,180,0,0,391378
0,17,-4,0.5,-0.64466,180,0,0,391395
0,16,-4,0.5,-0.6425,180,0,0,391419
0,15,-5,0.5,-0.640475,180,0,0,391427
0,14,-4,0.5,-0.638585,180,0,0,391445
0,14,-5,0.5,-0.636695,180,0,0,391461
0,10,-3,0.5,-0.635345,180,0,0,391477
0,9,-3,0.5,-0.63413,180,0,0,391498
0,5,-2,0.5,-0.633455,180,0,0,391512
0,3,-3,0.5,-0.63305,180,0,0,391527
0,2,-2,0.5,-0.63278,180,0,0,391545
0,0,-1,0.5,-0.63278,180,0,0,391560
0,-1,-2,0.5,-0.632915,180,0,31,391581
0,2,-1,0.5,-0.632645,180,0,31,391599
0,3,-2,0.5,-0.63224,180,0,31,391611
0,3,-2,0.5,-0.631835,180,0,31,391627
0,2,-2,0.5,-0.631565,180,0,0,391644
0,1,-1,0.5,-0.63143,180,0,0,391665
0,0,-2,0.5,-0.63143,180,0,0,391679
0,0,-2,0.5,-0.63143,180,0,0,391694
0,3,-2,0.5,-0.631025,180,0,0,391711
0,1,-2,0.5,-0.63089,180,0,0,391728
0,0,-2,0.5,-0.63089,180,0,0,391745
0,-1,-3,0.5,-0.631025,180,0,0,391760
0,-6,-4,0.5,-0.631835,180,0,0,391779
0,-7,-5,0.5,-0.63278,180,0,0,391795
0,-11,-6,0.5,-0.634265,180,0,0,391812
0,-13,-7,0.5,-0.63602,180,0,0,391833
0,-13,-6,0.5,-0.637775,180,0,0,391850
0,-12,-6,0.5,-0.639395,180,0,0,391863
0,-8,-5,0.5,-0.640475,180,0,0,391882
0,-5,-3,0.5,-0.64115,180,0,0,391901
0,-2,-2,0.5,-0.64142,180,0,0,391912
0,-1,-1,0.5,-0.641555,180,0,0,391931
0,-1,-1,0.5,-0.64169,180,0,0,391945
0,-3,-1,0.5,-0.642095,180,0,0,391960
0,-4,-3,0.5,-0.642635,180,0,0,391978
0,-5,-10,0.5,-0.64331,180,0,0,392001
0,5,-8,0.5,-0.642635,180,0,0,392016
0,6,-9,0.5,-0.641825,180,0,0,392031
0,3,-11,0.5,-0.64142,180,0,0,392049
0,2,-10,0.5,-0.64115,180,0,0,392065
0,5,-11,0.5,-0.640475,180,0,0,392082
0,8,-10,0.5,-0.639395,180,0,0,392097
0,10,-8,0.5,-0.638045,180,0,0,392114
0,11,-7,0.5,-0.63656,180,0,0,392131
0,11,-5,0.5,-0.635075,180,0,0,392145
0,12,-5,0.5,-0.633455,180,0,0,392165
0,10,-4,0.5,-0.632105,180,0,0,392182
0,14,-5,0.5,-0.630215,180,0,0,392198
0,13,-5,0.5,-0.62846,180,0,0,392213
0,16,-5,0.5,-0.6263,180,0,0,392231
0,17,-5,0.5,-0.624005,180,0,0,392246
0,19,-5,0.5,-0.62144,180,0,0,392268
0,18,-4,0.5,-0.61901,180,0,0,392288
0,17,-4,0.5,-0.616715,180,0,0,392298
0,17,-3,0.5,-0.61442,180,0,0,392312
0,14,-4,0.5,-0.61253,180,0,0,392329
0,11,-3,0.5,-0.611045,180,0,0,392348
0,10,-4,0.5,-0.609695,180,0,0,392362
0,19,-4,0.5,-0.60713,180,0,0,392382
0,10,-8,0.5,-0.60578,180,0,0,392404
0,8,-5,0.5,-0.6047,180,0,0,392417
0,7,-4,0.5,-0.603755,180,0,0,392434
0,8,-8,0.5,-0.602675,180,0,0,392452
0,8,-7,0.5,-0.601595,180,0,0,392465
0,9,-8,0.5,-0.60038,180,0,0,392481
0,8,-8,0.5,-0.5993,180,0,0,392499
0,10,-8,0.5,-0.59795,180,0,0,392514
0,10,-8,0.5,-0.5966,180,0,0,392530
0,12,-7,0.5,-0.59498,180,0,0,392549
0,13,-8,0.5,-0.593225,180,0,0,392568
0,13,-9,0.5,-0.59147,180,0,0,392585
0,16,-9,0.5,-0.58931,180,0,0,392598
0,17,-8,0.5,-0.587015,180,0,0,392621
0,20,-8,0.5,-0.584315,180,0,0,392633
0,22,-6,0.5,-0.581345,180,0,0,392648
0,22,-5,0.5,-0.578375,180,0,0,392664
0,22,-5,0.5,-0.575405,180,0,0,392682
0,19,-4,0.5,-0.57284,180,0,0,392696
0,16,-4,0.5,-0.57068,180,0,0,392713
0,15,-4,0.5,-0.568655,180,0,0,392730
0,13,-5,0.5,-0.5669,180,0,0,392747
0,28,-10,0.5,-0.56312,180,0,0,392765
0,14,-5,0.5,-0.56123,180,0,0,392780
0,15,-5,0.5,-0.559205,180,0,0,392802
0,14,-6,0.5,-0.557315,180,0,0,392817
0,12,-6,0.5,-0.555695,180,0,0,392831
0,13,-7,0.5,-0.55394,180,0,0,392848
0,14,-9,0.5,-0.55205,180,0,0,392868
0,17,-9,0.5,-0.549755,180,0,0,392883
0,20,-9,0.5,-0.547055,180,0,0,392901
0,23,-8,0.5,-0.54395,180,0,0,392918
0,25,-7,0.5,-0.540575,180,0,0,392932
0,26,-5,0.5,-0.537065,180,0,0,392950
0,26,-5,0.5,-0.533555,180,0,0,392967
0,25,-4,0.5,-0.53018,180,0,0,392981
0,23,-4,0.5,-0.527075,180,0,0,393000
0,20,-4,0.5,-0.524375,180,0,0,393018
0,17,-5,0.5,-0.52208,180,0,0,393030
0,14,-5,0.5,-0.52019,180,0,0,393047
0,10,-6,0.5,-0.51884,180,0,0,393063
0,7,-7,0.5,-0.517895,180,0,0,393084
0,3,-7,0.5,-0.51749,180,0,0,393099
0,-1,-8,0.5,-0.517625,180,0,0,393116
0,-4,-8,0.5,-0.518165,180,0,0,393132
0,-14,-15,0.5,-0.520055,180,0,0,393150
0,-8,-7,0.5,-0.521135,180,0,0,393171
0,-5,-6,0.5,-0.52181,180,0,0,393184
0,-5,-5,0.5,-0.522485,180,0,0,393201
0,-5,-5,0.5,-0.52316,180,0,0,393215
0,-3,-5,0.5,-0.523565,180,0,0,393231
0,0,-4,0.5,-0.523565,180,0,0,393248
0,3,-4,0.5,-0.52316,180,0,0,393263
0,7,-3,0.5,-0.522215,180,0,0,393286
0,11,-3,0.5,-0.52073,180,0,0,393300
0,15,-3,0.5,-0.518705,180,0,0,393314
0,16,-2,0.5,-0.516545,180,0,0,393330
0,19,-2,0.5,-0.51398,180,0,0,393350
0,16,-1,0.5,-0.51182,180,0,0,393364
0,11,0,0.5,-0.510335,180,0,0,393381
0,10,0,0.5,-0.508985,180,0,0,393399
0,10,-2,0.5,-0.507635,180,0,0,393415
0,11,-3,0.5,-0.50615,180,0,31,393432
0,12,-4,0.5,-0.50453,180,0,31,393451
0,12,-5,0.5,-0.50291,180,0,31,393465
0,11,-6,0.5,-0.501425,180,0,0,393481
0,11,-8,0.5,-0.49994,180,0,0,393501
0,24,-17,0.5,-0.4967,180,0,0,393520
0,14,-9,0.5,-0.49481,180,0,0,393533
0,17,-9,0.5,-0.492515,180,0,0,393551
0,19,-9,0.5,-0.48995,180,0,0,393570
0,18,-8,0.5,-0.48752,180,0,0,393581
0,20,-7,0.5,-0.48482,180,0,0,393600
0,21,-6,0.5,-0.481985,180,0,0,393616
0,21,-5,0.5,-0.47915,180,0,0,393641
0,20,-4,0.5,-0.47645,180,0,0,393655
0,18,-4,0.5,-0.47402,180,0,0,393666
0,16,-3,0.5,-0.47186,180,0,0,393681
0,13,-4,0.5,-0.470105,180,0,0,393698
0,11,-5,0.5,-0.46862,180,0,0,393716
0,11,-5,0.5,-0.467135,180,0,31,393733
0,12,-6,0.5,-0.465515,180,0,31,393750
0,11,-7,0.5,-0.46403,180,0,31,393765
0,10,-7,0.5,-0.46268,180,0,0,393783
0,9,-7,0.5,-0.461465,180,0,0,393800
0,11,-7,0.5,-0.45998,180,0,0,393819
0,26,-17,0.5,-0.45647,180,0,0,393838
0,15,-10,0.5,-0.454445,180,0,0,393854
0,17,-11,0.5,-0.45215,180,0,0,393870
0,18,-11,0.5,-0.44972,180,0,0,393885
0,0,0,0.5,-0.44972,180,0,0,393898
0,32,-17,0.5,-0.4454,180,0,0,393922
0,12,-8,0.5,-0.44378,180,0,0,393935
0,11,-7,0.5,-0.442295,180,0,0,393950
0,10,-7,0.5,-0.440945,180,0,0,393966
0,9,-6,0.5,-0.43973,180,0,0,393984
0,7,-7,0.5,-0.438785,180,0,0,394000
0,4,-7,0.5,-0.438245,180,0,0,394018
0,2,-7,0.5,-0.437975,180,0,0,394041
0,-3,-7,0.5,-0.43838,180,0,0,394059
0,-18,-16,0.5,-0.44081,180,0,0,394084
0,-15,-9,0.5,-0.442835,180,0,0,394102
0,-17,-9,0.5,-0.44513,180,0,0,394113
0,0,0,0.5,-0.44513,180,0,0,394119
0,-17,-8,0.5,-0.447425,180,0,0,394138
0,-17,-8,0.5,-0.44972,180,0,0,394155
0,-29,-13,0.5,-0.453635,180,0,0,394172
0,0,0,0.5,-0.453635,180,0,0,394184
0,-20,-7,0.5,-0.456335,180,0,0,394203
0,0,0,0.5,-0.456335,180,0,0,394218
0,-4,-2,0.5,-0.456875,180,0,0,394235
0,0,-2,0.5,-0.456875,180,0,0,394252
0,5,-1,0.5,-0.4562,180,0,0,394270
0,4,0,0.5,-0.45566,180,0,0,394284
0,3,0,0.5,-0.455255,180,0,0,394301
0,2,0,0.5,-0.454985,180,0,0,394317
0,1,0,0.5,-0.45485,180,0,0,394338
0,2,0,0.5,-0.45458,180,0,0,394350
0,1,-1,0.5,-0.454445,180,0,0,394368
0,0,-2,0.5,-0.454445,180,0,0,394386
0,1,-2,0.5,-0.45431,180,0,0,394404
0,3,-1,0.5,-0.453905,180,0,0,394418
0,4,-1,0.5,-0.453365,180,0,0,394434
0,6,-2,0.5,-0.452555,180,0,0,394453
0,5,-1,0.5,-0.45188,180,0,0,394468
0,5,0,0.5,-0.451205,180,0,0,394484
0,6,-1,0.5,-0.450395,180,0,0,394502
0,6,-1,0.5,-0.449585,180,0,0,394518
0,10,-1,0.5,-0.448235,180,0,0,394534
0,12,-1,0.5,-0.446615,180,0,0,394551
0,30,-2,0.5,-0.442565,180,0,0,394573
0,18,-1,0.5,-0.440135,180,0,0,394589
0,19,-2,0.5,-0.43757,180,0,0,394601
0,19,-1,0.5,-0.435005,180,0,0,394617
0,18,-1,0.5,-0.432575,180,0,0,394636
0,16,-1,0.5,-0.430415,180,0,0,394651
0,14,-1,0.5,-0.428525,180,0,0,394669
0,13,-1,0.5,-0.42677,180,0,0,394685
0,13,-3,0.5,-0.425015,180,0,0,394701
0,14,-3,0.5,-0.423125,180,0,0,394718
0,13,-4,0.5,-0.42137,180,0,0,394737
0,12,-5,0.5,-0.41975,180,0,0,394753
0,11,-5,0.5,-0.418265,180,0,0,394770
0,10,-6,0.5,-0.416915,180,0,0,394791
0,9,-5,0.5,-0.4157,180,0,0,394802
0,10,-4,0.5,-0.41435,180,0,0,394820
0,10,-4,0.5,-0.413,180,0,0,394834
0,13,-4,0.5,-0.411245,180,0,0,394853
0,14,-4,0.5,-0.409355,180,0,0,394870
0,14,-4,0.5,-0.407465,180,0,0,394884
0,15,-4,0.5,-0.40544,180,0,0,394902
0,15,-4,0.5,-0.403415,180,0,0,394922
0,33,-7,0.5,-0.39896,180,0,0,394941
0,0,0,0.5,-0.39896,180,0,0,394951
0,17,-3,0.5,-0.396665,180,0,0,394969
0,18,-2,0.5,-0.394235,180,0,0,394985
0,32,-3,0.5,-0.389915,180,0,0,395003
0,14,0,0.5,-0.388025,180,0,0,395018
0,12,0,0.5,-0.386405,180,0,0,395034
0,10,0,0.5,-0.385055,180,0,0,395050
0,8,0,0.5,-0.383975,180,0,0,395068
0,5,-1,0.5,-0.3833,180,0,0,395084
0,4,-1,0.5,-0.38276,180,0,0,395101
0,4,-2,0.5,-0.38222,180,0,0,395119
0,5,-3,0.5,-0.381545,180,0,0,395135
0,8,-4,0.5,-0.380465,180,0,0,395157
0,9,-4,0.5,-0.37925,180,0,0,395170
0,12,-4,0.5,-0.37763,180,0,0,395185
0,12,-4,0.5,-0.37601,180,0,31,395203
0,12,-4,0.5,-0.37439,180,0,31,395220
0,11,-3,0.5,-0.372905,180,0,31,395237
0,10,-3,0.5,-0.371555,180,0,0,395251
0,11,-3,0.5,-0.37007,180,0,0,395270
0,10,-4,0.5,-0.36872,180,0,0,395284
0,9,-5,0.5,-0.367505,180,0,0,395303
0,18,-14,0.5,-0.365075,180,0,0,395327
0,0,0,0.5,-0.365075,180,0,0,395335
0,9,-7,0.5,-0.36386,180,0,0,395354
0,19,-14,0.5,-0.361295,180,0,0,395372
0,9,-6,0.5,-0.36008,180,0,0,395389
0,8,-6,0.5,-0.359,180,0,0,395408
0,7,-6,0.5,-0.358055,180,0,0,395419
0,3,-5,0.5,-0.35765,180,0,0,395438
0,-1,-4,0.5,-0.357785,180,0,0,395453
0,-7,-4,0.5,-0.35873,180,0,0,395471
0,-11,-3,0.5,-0.360215,180,0,0,395486
0,-14,-3,0.5,-0.362105,180,0,0,395504
0,-15,-3,0.5,-0.36413,180,0,0,395518
0,-19,-4,0.5,-0.366695,180,0,0,395538
0,-18,-4,0.5,-0.369125,180,0,0,395553
0,-18,-4,0.5,-0.371555,180,0,0,395569
0,-15,-4,0.5,-0.37358,180,0,0,395586
0,-11,-3,0.5,-0.375065,180,0,0,395607
0,-7,-3,0.5,-0.37601,180,0,0,395620
0,-3,-4,0.5,-0.376415,180,0,0,395635
0,0,-3,0.5,-0.376415,180,0,0,395653
0,4,-5,0.5,-0.375875,180,0,0,395677
0,12,-12,0.5,-0.374255,180,0,0,395693
0,7,-7,0.5,-0.37331,180,0,0,395711
0,0,0,0.5,-0.37331,180,0,0,395719
0,5,-7,0.5,-0.372635,180,0,0,395738
0,5,-7,0.5,-0.37196,180,0,0,395753
0,4,-13,0.5,-0.37142,180,0,0,395776
0,-1,-5,0.5,-0.371555,180,0,0,395787
0,-2,-4,0.5,-0.371825,180,0,0,395805
0,-4,-3,0.5,-0.372365,180,0,0,395820
0,-4,-2,0.5,-0.372905,180,0,0,395835
0,-5,-1,0.5,-0.37358,180,0,0,395852
0,-3,0,0.5,-0.373985,180,0,0,395869
0,-4,0,0.5,-0.374525,180,0,0,395887
0,-2,0,0.5,-0.374795,180,0,0,395903
0,-2,0,0.5,-0.375065,180,0,0,395919
0,0,0,0.5,-0.375065,180,0,0,395935
0,5,-1,0.5,-0.37439,180,0,0,395952
0,7,0,0.5,-0.373445,180,0,0,395972
0,9,0,0.5,-0.37223,180,0,0,395986
0,9,0,0.5,-0.371015,180,0,0,396002
0,8,-1,0.5,-0.369935,180,0,0,396018
0,9,-2,0.5,-0.36872,180,0,0,396039
0,7,-3,0.5,-0.367775,180,0,0,396051
0,7,-3,0.5,-0.36683,180,0,0,396070
0,6,-4,0.5,-0.36602,180,0,0,396087
0,13,-9,0.5,-0.364265,180,0,0,396109
0,0,0,0.5,-0.364265,180,0,0,396120
0,5,-5,0.5,-0.36359,180,0,0,396140
0,9,-5,0.5,-0.362375,180,0,0,396156
0,6,-11,0.5,-0.361565,180,0,0,396174
0,8,-6,0.5,-0.360485,180,0,0,396190
0,11,-7,0.5,-0.359,180,0,0,396203
0,11,-7,0.5,-0.357515,180,0,0,396223
0,14,-7,0.5,-0.355625,180,0,0,396242
0,16,-8,0.5,-0.353465,180,0,0,396262
0,18,-8,0.5,-0.351035,180,0,0,396281
0,16,-8,0.5,-0.348875,180,0,0,396298
0,18,-7,0.5,-0.346445,180,0,0,396309
0,19,-6,0.5,-0.34388,180,0,0,396323
0,20,-6,0.5,-0.34118,180,0,0,396341
0,20,-6,0.5,-0.33848,180,0,0,396356
0,19,-5,0.5,-0.335915,180,0,0,396370
0,14,-4,0.5,-0.334025,180,0,0,396388
0,11,-5,0.5,-0.33254,180,0,0,396406
0,6,-5,0.5,-0.33173,180,0,0,396422
0,4,-5,0.5,-0.33119,180,0,0,396440
0,4,-5,0.5,-0.33065,180,0,0,396456
0,5,-7,0.5,-0.329975,180,0,0,396471
0,7,-7,0.5,-0.32903,180,0,0,396489
0,7,-9,0.5,-0.328085,180,0,0,396509
0,15,-9,0.5,-0.32606,180,0,0,396525
0,7,-13,0.5,-0.325115,180,0,0,396545
0,7,-13,0.5,-0.32417,180,0,0,396560
0,6,-7,0.5,-0.32336,180,0,0,396572
0,8,-7,0.5,-0.32228,180,0,0,396589
0,9,-8,0.5,-0.321065,180,0,0,396604
0,9,-7,0.5,-0.31985,180,0,0,396624
0,10,-7,0.5,-0.3185,180,0,0,396637
0,14,-7,0.5,-0.31661,180,0,0,396661
0,16,-7,0.5,-0.31445,180,0,0,396677
0,16,-6,0.5,-0.31229,180,0,0,396692
0,19,-5,0.5,-0.309725,180,0,0,396707
0,18,-5,0.5,-0.307295,180,0,0,396724
0,17,-5,0.5,-0.305,180,0,0,396741
0,14,-4,0.5,-0.30311,180,0,0,396755
0,12,-3,0.5,-0.30149,180,0,0,396771
0,11,-3,0.5,-0.300005,180,0,0,396787
0,25,-7,0.5,-0.29663,180,0,0,396812
0,0,0,0.5,-0.29663,180,0,0,396820
0,13,-5,0.5,-0.294875,180,0,0,396838
0,14,-6,0.5,-0.292985,180,0,0,396855
0,11,-7,0.5,-0.2915,180,0,0,396871
0,19,-20,0.5,-0.288935,180,0,0,396898
0,0,0,0.5,-0.288935,180,0,0,396904
0,20,-23,0.5,-0.286235,180,0,0,396934
0,12,-11,0.5,-0.284615,180,0,0,396943
0,14,-10,0.5,-0.282725,180,0,0,396959
0,15,-10,0.5,-0.2807,180,0,0,396972
0,19,-10,0.5,-0.278135,180,0,0,396993
0,21,-9,0.5,-0.2753,180,0,0,397020
0,24,-8,0.5,-0.27206,180,0,0,397033
0,25,-7,0.5,-0.268685,180,0,0,397041
0,24,-6,0.5,-0.265445,180,0,0,397058
0,22,-6,0.5,-0.262475,180,0,0,397079
0,18,-5,0.5,-0.260045,180,0,0,397094
0,15,-5,0.5,-0.25802,180,0,0,397108
0,13,-5,0.5,-0.256265,180,0,0,397122
0,13,-6,0.5,-0.25451,180,0,0,397140
0,13,-6,0.5,-0.252755,180,0,0,397156
0,14,-7,0.5,-0.250865,180,0,0,397174
0,11,-6,0.5,-0.24938,180,0,0,397190
0,12,-7,0.5,-0.24776,180,0,0,397207
0,11,-9,0.5,-0.246275,180,0,0,397229
0,11,-10,0.5,-0.24479,180,0,0,397241
0,10,-10,0.5,-0.24344,180,0,0,397259
0,12,-10,0.5,-0.24182,180,0,0,397274
0,14,-10,0.5,-0.23993,180,0,0,397292
0,26,-19,0.5,-0.23642,180,0,0,397314
0,13,-9,0.5,-0.234665,180,0,0,397328
0,14,-9,0.5,-0.232775,180,0,0,397341
0,14,-8,0.5,-0.230885,180,0,0,397357
0,12,-7,0.5,-0.229265,180,0,0,397376
0,10,-7,0.5,-0.227915,180,0,0,397391
0,8,-7,0.5,-0.226835,180,0,0,397409
0,5,-6,0.5,-0.22616,180,0,0,397428
0,7,-7,0.5,-0.225215,180,0,0,397443
0,6,-7,0.5,-0.224405,180,0,0,397459
0,5,-9,0.5,-0.22373,180,0,0,397478
0,3,-8,0.5,-0.223325,180,0,0,397494
0,2,-9,0.5,-0.223055,180,0,0,397510
0,-1,-9,0.5,-0.22319,180,0,0,397524
0,-3,-9,0.5,-0.223595,180,0,0,397544
0,-2,-9,0.5,-0.223865,180,0,0,397559
0,0,-9,0.5,-0.223865,180,0,0,397575
0,1,-9,0.5,-0.22373,180,0,0,397592
0,4,-8,0.5,-0.22319,180,0,0,397610
0,9,-8,0.5,-0.221975,180,0,0,397623
0,11,-8,0.5,-0.22049,180,0,0,397642
0,28,-16,0.5,-0.21671,180,0,0,397665
0,15,-9,0.5,-0.214685,180,0,0,397679
0,0,0,0.5,-0.214685,180,0,0,397689
0,27,-20,0.5,-0.21104,180,0,0,397710
0,13,-13,0.5,-0.209285,180,0,0,397731
0,14,-12,0.5,-0.207395,180,0,0,397742
0,15,-13,0.5,-0.20537,180,0,0,397763
0,16,-13,0.5,-0.20321,180,0,0,397774
0,17,-13,0.5,-0.200915,180,0,0,397793
0,18,-12,0.5,-0.198485,180,0,0,397808
0,19,-12,0.5,-0.19592,180,0,0,397825
0,19,-11,0.5,-0.193355,180,0,0,397852
0,18,-10,0.5,-0.190925,180,0,0,397864
0,16,-10,0.5,-0.188765,180,0,0,397875
0,14,-8,0.5,-0.186875,180,0,0,397894
0,13,-8,0.5,-0.18512,180,0,0,397909
0,12,-8,0.5,-0.1835,180,0,0,397930
0,9,-7,0.5,-0.182285,180,0,0,397943
0,9,-6,0.5,-0.18107,180,0,0,397957
0,9,-7,0.5,-0.179855,180,0,0,397974
0,7,-8,0.5,-0.17891,180,0,0,397992
0,7,-9,0.5,-0.177965,180,0,0,398009
0,6,-11,0.5,-0.177155,180,0,0,398027
0,11,-24,0.5,-0.17567,180,0,0,398053
0,5,-11,0.5,-0.174995,180,0,0,398066
0,0,0,0.5,-0.174995,180,0,0,398073
0,13,-23,0.5,-0.17324,180,0,0,398106
0,8,-12,0.5,-0.17216,180,0,0,398119
0,9,-11,0.5,-0.170945,180,0,0,398133
0,9,-12,0.5,-0.16973,180,0,0,398146
0,10,-12,0.5,-0.16838,180,0,0,398162
0,11,-12,0.5,-0.166895,180,0,0,398177
0,13,-12,0.5,-0.16514,180,0,0,398193
0,15,-12,0.5,-0.163115,180,0,0,398210
0,17,-12,0.5,-0.16082,180,0,0,398228
0,17,-12,0.5,-0.158525,180,0,0,398243
0,18,-11,0.5,-0.156095,180,0,0,398262
0,21,-10,0.5,-0.15326,180,0,0,398276
0,22,-9,0.5,-0.15029,180,0,0,398293
0,26,-9,0.5,-0.14678,180,0,0,398313
0,25,-9,0.5,-0.143405,180,0,0,398325
0,24,-8,0.5,-0.140165,180,0,0,398342
0,23,-8,0.5,-0.13706,180,0,0,398362
0,18,-8,0.5,-0.13463,180,0,0,398379
0,14,-8,0.5,-0.13274,180,0,0,398394
0,12,-8,0.5,-0.13112,180,0,0,398414
0,11,-8,0.5,-0.129635,180,0,0,398429
0,15,-19,0.5,-0.12761,180,0,0,398451
0,3,-12,0.5,-0.127205,180,0,0,398465
0,0,-12,0.5,-0.127205,180,0,0,398484
0,0,-12,0.5,-0.127205,180,0,0,398499
0,0,-11,0.5,-0.127205,180,0,0,398515
0,3,-11,0.5,-0.1268,180,0,0,398529
0,6,-11,0.5,-0.12599,180,0,0,398543
0,8,-11,0.5,-0.12491,180,0,0,398560
0,11,-11,0.5,-0.123425,180,0,0,398580
0,12,-11,0.5,-0.121805,180,0,0,398597
0,16,-12,0.5,-0.119645,180,0,0,398613
0,18,-12,0.5,-0.117215,180,0,0,398626
0,19,-12,0.5,-0.11465,180,0,0,398645
0,20,-12,0.5,-0.11195,180,0,0,398661
0,18,-12,0.5,-0.10952,180,0,0,398679
0,17,-12,0.5,-0.107225,180,0,0,398692
0,15,-11,0.5,-0.1052,180,0,0,398711
0,13,-10,0.5,-0.103445,180,0,0,398731
0,14,-10,0.5,-0.101555,180,0,0,398743
0,14,-9,0.5,-0.099665,180,0,0,398762
0,15,-10,0.5,-0.09764,180,0,0,398776
0,15,-9,0.5,-0.095615,180,0,0,398797
0,16,-9,0.5,-0.093455,180,0,0,398811
0,18,-9,0.5,-0.091025,180,0,0,398829
0,39,-18,0.5,-0.08576,180,0,0,398848
0,19,-9,0.5,-0.083195,180,0,0,398863
0,19,-10,0.5,-0.08063,180,0,0,398881
0,18,-10,0.5,-0.0782,180,0,0,398895
0,19,-12,0.5,-0.075635,180,0,0,398913
0,20,-11,0.5,-0.072935,180,0,0,398931
0,22,-10,0.5,-0.069965,180,0,0,398949
0,23,-9,0.5,-0.06686,180,0,0,398966
0,23,-8,0.5,-0.063755,180,0,0,398978
0,22,-8,0.5,-0.060785,180,0,0,398992
0,20,-7,0.5,-0.058085,180,0,0,399016
0,17,-6,0.5,-0.05579,180,0,0,399033
0,12,-7,0.5,-0.05417,180,0,0,399045
0,10,-6,0.5,-0.05282,180,0,0,399060
0,7,-7,0.5,-0.051875,180,0,0,399076
0,7,-7,0.5,-0.05093,180,0,0,399092
0,6,-7,0.5,-0.05012,180,0,0,399113
0,8,-8,0.5,-0.04904,180,0,0,399132
0,8,-9,0.5,-0.04796,180,0,0,399143
0,17,-18,0.5,-0.045665,180,0,0,399167
0,0,0,0.5,-0.045665,180,0,0,399176
0,22,-17,0.5,-0.042695,180,0,0,399199
0,15,-9,0.5,-0.04067,180,0,0,399219
0,18,-9,0.5,-0.03824,180,0,0,399234
0,18,-9,0.5,-0.03581,180,0,0,399247
0,21,-9,0.5,-0.032975,180,0,0,399265
0,24,-9,0.5,-0.029735,180,0,0,399280
0,26,-10,0.5,-0.026225,180,0,0,399309
0,26,-9,0.5,-0.022715,180,0,0,399318
0,23,-9,0.5,-0.01961,180,0,0,399331
0,20,-8,0.5,-0.01691,180,0,0,399344
0,17,-7,0.5,-0.014615,180,0,0,399364
0,13,-8,0.5,-0.01286,180,0,0,399378
0,13,-8,0.5,-0.011105,180,0,0,399395
0,15,-9,0.5,-0.00908,180,0,0,399412
0,16,-10,0.5,-0.00692,180,0,0,399432
0,19,-11,0.5,-0.004355,180,0,0,399450
0,21,-11,0.5,-0.00152,180,0,0,399463
0,23,-10,0.5,0.001585,180,0,0,399480
0,25,-11,0.5,0.00496,180,0,0,399495
0,26,-10,0.5,0.00847,180,0,0,399514
0,28,-10,0.5,0.01225,180,0,0,399529
0,27,-10,0.5,0.015895,180,0,0,399546
0,25,-10,0.5,0.01927,180,0,0,399562
0,23,-8,0.5,0.022375,180,0,0,399578
0,18,-7,0.5,0.024805,180,0,0,399594
0,25,-15,0.5,0.02818,180,0,0,399618
0,8,-7,0.5,0.02926,180,0,0,399634
0,5,-8,0.5,0.029935,180,0,0,399647
0,4,-9,0.5,0.030475,180,0,0,399662
0,0,-10,0.5,0.030475,180,0,0,399679
0,0,-11,0.5,0.030475,180,0,0,399699
0,-1,-11,0.5,0.03034,180,0,0,399719
0,0,-11,0.5,0.03034,180,0,0,399734
0,0,-10,0.5,0.03034,180,0,0,399747
0,1,-10,0.5,0.030475,180,0,0,399762
0,1,-9,0.5,0.03061,180,0,0,399780
0,1,-10,0.5,0.030745,180,0,0,399797
0,4,-10,0.5,0.031285,180,0,0,399812
0,7,-11,0.5,0.03223,180,0,0,399839
0,26,-21,0.5,0.03574,180,0,0,399860
0,18,-11,0.5,0.03817,180,0,0,399871
0,22,-10,0.5,0.04114,180,0,0,399887
0,0,0,0.5,0.04114,180,0,0,399894
0,23,-9,0.5,0.044245,180,0,0,399912
0,26,-10,0.5,0.047755,180,0,0,399930
0,49,-21,0.5,0.05437,180,0,0,399954
0,27,-11,0.5,0.058015,180,0,0,399968
0,0,0,0.5,0.058015,180,0,0,399976
0,51,-20,0.5,0.0649,180,0,0,400003
0,22,-10,0.5,0.06787,180,0,0,400016
0,17,-10,0.5,0.070165,180,0,0,400031
0,14,-10,0.5,0.072055,180,0,0,400046
0,11,-9,0.5,0.07354,180,0,0,400062
0,7,-9,0.5,0.074485,180,0,0,400080
0,5,-9,0.5,0.07516,180,0,0,400098
0,2,-9,0.5,0.07543,180,0,0,400114
0,2,-10,0.5,0.0757,180,0,0,400131
0,0,-9,0.5,0.0757,180,0,0,400154
0,0,-10,0.5,0.0757,180,0,0,400165
0,-1,-10,0.5,0.075565,180,0,0,400180
0,1,-10,0.5,0.0757,180,0,0,400202
0,-1,-11,0.5,0.075565,180,0,0,400217
0,1,-11,0.5,0.0757,180,0,0,400233
0,0,-11,0.5,0.0757,180,0,0,400248
0,1,-10,0.5,0.075835,180,0,0,400268
0,2,-9,0.5,0.076105,180,0,0,400283
0,6,-9,0.5,0.076915,180,0,0,400308
0,19,-17,0.5,0.07948,180,0,0,400323
0,14,-8,0.5,0.08137,180,0,0,400334
0,0,0,0.5,0.08137,180,0,0,400348
0,34,-13,0.5,0.08596,180,0,0,400366
0,19,-5,0.5,0.088525,180,0,0,400384
0,0,0,0.5,0.088525,180,0,0,400393
0,44,-10,0.5,0.094465,180,0,0,400414
0,24,-6,0.5,0.097705,180,0,0,400429
0,26,-6,0.5,0.101215,180,0,0,400445
0,23,-5,0.5,0.10432,180,0,0,400464
0,21,-4,0.5,0.107155,180,0,0,400480
0,18,-5,0.5,0.109585,180,0,0,400500
0,14,-4,0.5,0.111475,180,0,0,400514
0,12,-5,0.5,0.113095,180,0,0,400528
0,11,-6,0.5,0.11458,180,0,0,400549
0,10,-6,0.5,0.11593,180,0,0,400563
0,13,-7,0.5,0.117685,180,0,0,400580
0,16,-8,0.5,0.119845,180,0,0,400599
0,16,-8,0.5,0.122005,180,0,0,400614
0,15,-9,0.5,0.12403,180,0,0,400631
0,13,-10,0.5,0.125785,180,0,0,400648
0,13,-9,0.5,0.12754,180,0,0,400664
0,16,-10,0.5,0.1297,180,0,0,400682
0,40,-22,0.5,0.1351,180,0,0,400702
0,0,0,0.5,0.1351,180,0,0,400714
0,51,-11,0.5,0.141985,180,0,0,400734
0,26,-13,0.5,0.145495,180,0,0,400749
0,27,-18,0.5,0.14914,180,0,0,400767
0,26,-11,0.5,0.15265,180,0,0,400784
0,26,-9,0.5,0.15616,180,0,0,400799
0,24,-8,0.5,0.1594,180,0,0,400820
0,21,-8,0.5,0.162235,180,0,0,400830
0,16,-9,0.5,0.164395,180,0,0,400847
0,10,-8,0.5,0.165745,180,0,0,400864
0,9,-9,0.5,0.16696,180,0,0,400884
0,7,-8,0.5,0.167905,180,0,0,400901
0,6,-9,0.5,0.168715,180,0,0,400920
0,3,-9,0.5,0.16912,180,0,0,400934
0,0,-8,0.5,0.16912,180,0,0,400948
0,0,-8,0.5,0.16912,180,0,0,400963
0,-1,-9,0.5,0.168985,180,0,0,400981
0,0,-10,0.5,0.168985,180,0,0,401000
0,-1,-10,0.5,0.16885,180,0,0,401017
0,1,-9,0.5,0.168985,180,0,0,401032
0,4,-8,0.5,0.169525,180,0,0,401047
0,7,-8,0.5,0.17047,180,0,0,401065
0,9,-7,0.5,0.171685,180,0,0,401083
0,14,-11,0.5,0.173575,180,0,0,401102
0,7,-4,0.5,0.17452,180,0,0,401116
0,7,-4,0.5,0.175465,180,0,0,401133
0,0,0,0.5,0.175465,180,0,0,401145
0,20,-11,0.5,0.178165,180,0,0,401164
0,13,-7,0.5,0.17992,180,0,0,401181
0,15,-8,0.5,0.181945,180,0,0,401199
0,18,-8,0.5,0.184375,180,0,0,401214
0,18,-9,0.5,0.186805,180,0,0,401238
0,17,-9,0.5,0.1891,180,0,0,401252
0,15,-10,0.5,0.191125,180,0,0,401267
0,16,-10,0.5,0.193285,180,0,0,401288
0,18,-9,0.5,0.195715,180,0,0,401302
0,21,-8,0.5,0.19855,180,0,0,401319
0,20,-7,0.5,0.20125,180,0,0,401336
0,22,-7,0.5,0.20422,180,0,0,401348
0,20,-6,0.5,0.20692,180,0,0,401364
0,19,-5,0.5,0.209485,180,0,0,401380
0,17,-5,0.5,0.21178,180,0,0,401401
0,14,-4,0.5,0.21367,180,0,0,401417
0,12,-3,0.5,0.21529,180,0,0,401435
0,10,-4,0.5,0.21664,180,0,0,401447
0,7,-4,0.5,0.217585,180,0,0,401463
0,9,-5,0.5,0.2188,180,0,0,401484
0,19,-11,0.5,0.221365,180,0,0,401502
0,12,-5,0.5,0.222985,180,0,0,401519
0,13,-6,0.5,0.22474,180,0,0,401536
0,14,-6,0.5,0.22663,180,0,0,401548
0,0,0,0.5,0.22663,180,0,0,401562
0,27,-11,0.5,0.230275,180,0,0,401588
0,15,-7,0.5,0.2323,180,0,0,401603
0,16,-7,0.5,0.23446,180,0,0,401614
0,17,-8,0.5,0.236755,180,0,0,401637
0,19,-8,0.5,0.23932,180,0,0,401654
0,20,-7,0.5,0.24202,180,0,0,401667
0,23,-7,0.5,0.245125,180,0,0,401683
0,23,-7,0.5,0.24823,180,0,0,401700
0,20,-6,0.5,0.25093,180,1,0,401714
0,18,-6,0.5,0.25336,180,1,0,401734
0,16,-6,0.5,0.25552,180,1,0,401748
0,13,-5,0.5,0.257275,180,0,0,401769
0,13,-6,0.5,0.25903,180,0,0,401784
0,7,-5,0.5,0.259975,180,0,0,401798
0,5,-5,0.5,0.26065,180,0,0,401817
0,5,-6,0.5,0.261325,180,0,0,401844
0,13,-14,0.5,0.26308,180,0,0,401859
0,7,-8,0.5,0.264025,180,0,0,401873
0,0,0,0.5,0.264025,180,0,0,401880
0,7,-7,0.5,0.26497,180,0,31,401902
0,9,-16,0.5,0.266185,180,0,31,401920
0,1,-8,0.5,0.26632,180,0,31,401935
0,-2,-7,0.5,0.26605,180,0,31,401950
0,-4,-7,0.5,0.26551,180,0,31,401965
0,-4,-6,0.5,0.26497,180,0,0,401982
0,-5,-6,0.5,0.264295,180,0,0,401998
0,-4,-6,0.5,0.263755,180,0,0,402016
0,-2,-5,0.5,0.263485,180,0,0,402032
0,-3,-5,0.5,0.26308,180,0,0,402050
0,-2,-5,0.5,0.26281,180,0,0,402067
0,-2,-4,0.5,0.26254,180,0,0,402081
0,-1,-4,0.5,0.262405,180,0,0,402098
0,-2,-3,0.5,0.262135,180,0,0,402114
0,-1,-2,0.5,0.262,180,0,0,402131
0,0,-2,0.5,0.262,180,0,0,402149
0,-1,-2,0.5,0.261865,180,0,0,402165
0,-1,-2,0.5,0.26173,180,0,0,402180
0,0,-1,0.5,0.26173,180,0,0,402198
0,0,-1,0.5,0.26173,180,0,31,402215
0,0,-1,0.5,0.26173,180,0,31,402230
0,1,-1,0.5,0.261865,180,0,31,402251
0,0,0,0.5,0.261865,180,0,0,402264
0,0,0,0.5,0.261865,180,0,0,402280
0,-5,0,0.5,0.26119,180,0,0,402300
0,0,0,0.5,0.26119,180,0,0,402313
0,-6,0,0.5,0.26038,180,0,31,402334
0,-3,1,0.5,0.259975,180,0,31,402348
0,-2,1,0.5,0.259705,180,0,1,402364
0,-1,3,0.5,0.25957,180,0,1,402384
0,0,2,0.5,0.25957,180,0,1,402402
0,1,2,0.5,0.259705,180,0,1,402418
0,0,2,0.5,0.259705,180,0,1,402431
0,3,2,0.5,0.26011,180,0,31,402449
0,3,2,0.5,0.260515,180,0,31,402468
0,3,2,0.5,0.26092,180,0,31,402482
0,5,2,0.5,0.261595,180,0,0,402499
0,3,1,0.5,0.262,180,0,0,402515
0,4,1,0.5,0.26254,180,0,0,402532
0,2,0,0.5,0.26281,180,0,0,402547
0,0,0,0.5,0.26281,180,0,31,402566
0,-1,-1,0.5,0.262675,180,0,31,402580
0,-4,-2,0.5,0.262135,180,0,31,402601
0,-4,-3,0.5,0.261595,180,0,0,402615
0,-1,-3,0.5,0.26146,180,0,0,402632
0,1,-3,0.5,0.261595,180,0,0,402651
0,11,-4,0.5,0.26308,180,0,0,402676
0,7,-1,0.5,0.264025,180,0,0,402682
0,7,-1,0.5,0.26497,180,0,31,402699
0,4,0,0.5,0.26551,180,0,31,402716
0,3,0,0.5,0.265915,180,0,31,402732
0,1,0,0.5,0.26605,180,0,0,402751
0,0,0,0.5,0.26605,180,0,0,402764
0,-2,2,0.5,0.26578,180,0,0,402781
0,-4,2,0.5,0.26524,180,0,0,402804
0,-3,1,0.5,0.264835,180,0,0,402815
0,-1,1,0.5,0.2647,180,0,31,402832
0,0,1,0.5,0.2647,180,0,31,402849
0,1,0,0.5,0.264835,180,0,0,402867
0,2,0,0.5,0.265105,180,0,0,402884
0,2,0,0.5,0.265375,180,0,0,402901
0,3,0,0.5,0.26578,180,0,0,402915
0,4,0,0.5,0.26632,180,0,0,402931
0,5,0,0.5,0.266995,180,0,0,402950
0,6,0,0.5,0.267805,180,0,31,402966
0,8,0,0.5,0.268885,180,0,31,402982
0,9,0,0.5,0.2701,180,0,0,403000
0,8,0,0.5,0.27118,180,0,0,403014
0,9,0,0.5,0.272395,180,0,0,403031
0,8,0,0.5,0.273475,180,0,0,403049
0,8,0,0.5,0.274555,180,0,0,403065
0,24,1,0.5,0.277795,180,0,0,403082
0,13,1,0.5,0.27955,180,0,0,403105
0,11,1,0.5,0.281035,180,0,0,403118
0,8,1,0.5,0.282115,180,0,0,403133
0,5,1,0.5,0.28279,180,0,0,403150
0,5,1,0.5,0.283465,180,0,0,403169
0,4,1,0.5,0.284005,180,0,0,403190
0,5,1,0.5,0.28468,180,0,0,403199
0,6,1,0.5,0.28549,180,0,31,403215
0,6,1,0.5,0.2863,180,0,31,403234
0,4,0,0.5,0.28684,180,0,31,403251
0,2,0,0.5,0.28711,180,0,0,403267
0,1,0,0.5,0.287245,180,0,0,403290
0,0,0,0.5,0.287245,180,0,0,403299
0,0,0,0.5,0.287245,180,0,0,403316
0,0,0,0.5,0.287245,180,0,0,403332
0,-2,-2,0.5,0.286975,180,0,0,403353
0,-1,-2,0.5,0.28684,180,0,0,403368
0,0,-1,0.5,0.28684,180,0,0,403382
0,7,-4,0.5,0.287785,180,0,31,403408
0,0,0,0.5,0.287785,180,0,31,403415
0,17,-2,0.5,0.29008,180,0,0,403439
0,11,-1,0.5,0.291565,180,0,0,403451
0,14,-1,0.5,0.293455,180,0,0,403470
0,14,0,0.5,0.295345,180,0,0,403483
0,14,0,0.5,0.297235,180,0,0,403500
0,15,0,0.5,0.29926,180,0,0,403516
0,12,0,0.5,0.30088,180,0,0,403536
0,9,-1,0.5,0.302095,180,0,0,403553
0,8,-1,0.5,0.303175,180,0,0,403568
0,7,-1,0.5,0.30412,180,0,0,403583
0,7,-2,0.5,0.305065,180,0,0,403599
0,6,-2,0.5,0.305875,180,0,0,403617
0,7,-2,0.5,0.30682,180,0,0,403634
0,8,-2,0.5,0.3079,180,0,0,403651
0,9,-2,0.5,0.309115,180,0,0,403668
0,11,-2,0.5,0.3106,180,0,0,403686
0,12,-3,0.5,0.31222,180,0,0,403701
0,11,-3,0.5,0.313705,180,0,0,403719
0,11,-4,0.5,0.31519,180,0,0,403734
0,21,-6,0.5,0.318025,180,0,0,403758
0,0,0,0.5,0.318025,180,0,0,403768
0,9,-2,0.5,0.31924,180,0,0,403788
0,7,-2,0.5,0.320185,180,0,0,403803
0,5,-4,0.5,0.32086,180,0,0,403821
0,0,-1,0.5,0.32086,180,0,0,403837
0,0,0,0.5,0.32086,180,0,0,403849
0,-2,0,0.5,0.32059,180,0,0,403867
0,-2,0,0.5,0.32032,180,0,0,403884
0,-2,0,0.5,0.32005,180,0,0,403900
0,-1,0,0.5,0.319915,180,0,0,403916
0,0,0,0.5,0.319915,180,0,0,403932
0,0,0,0.5,0.319915,180,0,31,403952
0,4,0,0.5,0.320455,180,0,31,403970
0,3,0,0.5,0.32086,180,0,31,403987
0,2,0,0.5,0.32113,180,0,31,404000
0,0,0,0.5,0.32113,180,0,0,404019
0,-1,-1,0.5,0.320995,180,0,0,404034
0,-1,0,0.5,0.32086,180,0,0,404050
0,-4,-1,0.5,0.32032,180,0,0,404067
0,-2,-1,0.5,0.32005,180,0,0,404086
0,-4,-1,0.5,0.31951,180,0,0,404102
0,-4,-1,0.5,0.31897,180,0,0,404118
0,-5,-1,0.5,0.318295,180,0,0,404134
0,-5,0,0.5,0.31762,180,0,0,404152
0,-10,-1,0.5,0.31627,180,0,0,404171
0,0,0,0.5,0.31627,180,0,0,404184
0,-3,0,0.5,0.315865,180,0,0,404200
0,-2,0,0.5,0.315595,180,0,0,404218
0,-2,0,0.5,0.315325,180,0,0,404235
0,0,0,0.5,0.315325,180,0,0,404252
0,3,0,0.5,0.31573,180,0,0,404272
0,2,0,0.5,0.316,180,0,0,404284
0,1,0,0.5,0.316135,180,0,0,404301
0,3,0,0.5,0.31654,180,0,0,404317
0,3,0,0.5,0.316945,180,0,0,404341
0,5,0,0.5,0.31762,180,0,0,404351
0,7,0,0.5,0.318565,180,0,0,404367
0,8,-1,0.5,0.319645,180,0,0,404385
0,7,-1,0.5,0.32059,180,0,0,404401
0,9,-1,0.5,0.321805,180,0,0,404418
0,10,-1,0.5,0.323155,180,0,0,404435
0,10,-1,0.5,0.324505,180,0,0,404453
0,10,-2,0.5,0.325855,180,0,0,404472
0,9,-2,0.5,0.32707,180,0,0,404489
0,7,-2,0.5,0.328015,180,0,0,404501
0,5,-3,0.5,0.32869,180,0,0,404520
0,4,-3,0.5,0.32923,180,0,0,404537
0,2,-6,0.5,0.3295,180,0,0,404556
0,0,0,0.5,0.3295,180,0,0,404568
0,-3,-2,0.5,0.329095,180,0,0,404586
0,-8,-3,0.5,0.328015,180,0,0,404604
0,-4,0,0.5,0.327475,180,0,0,404621
0,-4,0,0.5,0.326935,180,0,0,404638
0,-4,0,0.5,0.326395,180,0,0,404652
0,-3,0,0.5,0.32599,180,0,0,404671
0,-3,0,0.5,0.325585,180,0,0,404684
0,-3,0,0.5,0.32518,180,0,0,404701
0,-1,0,0.5,0.325045,180,0,0,404725
0,-1,0,0.5,0.32491,180,0,0,404735
0,1,-1,0.5,0.325045,180,0,0,404751
0,1,-2,0.5,0.32518,180,0,0,404769
0,2,-3,0.5,0.32545,180,0,0,404787
0,1,-4,0.5,0.325585,180,0,0,404805
0,2,-5,0.5,0.325855,180,0,0,404822
0,0,-5,0.5,0.325855,180,0,0,404842
0,0,-6,0.5,0.325855,180,0,0,404854
0,0,-7,0.5,0.325855,180,0,0,404870
0,2,-7,0.5,0.326125,180,0,0,404890
0,4,-7,0.5,0.326665,180,0,0,404904
0,8,-7,0.5,0.327745,180,0,0,404920
0,7,-7,0.5,0.32869,180,0,0,404940
0,8,-7,0.5,0.32977,180,0,0,404960
0,19,-15,0.5,0.332335,180,0,0,404978
0,11,-7,0.5,0.33382,180,0,0,404990
0,11,-6,0.5,0.335305,180,0,0,405006
0,12,-6,0.5,0.336925,180,0,0,405022
0,11,-5,0.5,0.33841,180,0,0,405040
0,11,-5,0.5,0.339895,180,0,0,405055
0,10,-5,0.5,0.341245,180,0,0,405073
0,13,-5,0.5,0.343,180,0,0,405088
0,11,-4,0.5,0.344485,180,0,0,405104
0,12,-3,0.5,0.346105,180,0,0,405122
0,11,-3,0.5,0.34759,180,0,0,405137
0,12,-2,0.5,0.34921,180,0,0,405155
0,10,-2,0.5,0.35056,180,0,0,405170
0,7,-2,0.5,0.351505,180,0,0,405187
0,6,-2,0.5,0.352315,180,0,0,405205
0,7,-2,0.5,0.35326,180,0,0,405221
0,7,-3,0.5,0.354205,180,0,31,405241
0,9,-4,0.5,0.35542,180,0,31,405256
0,7,-3,0.5,0.356365,180,0,31,405271
0,10,-4,0.5,0.357715,180,0,31,405287
0,12,-4,0.5,0.359335,180,0,0,405304
0,13,-5,0.5,0.36109,180,0,0,405323
0,30,-10,0.5,0.36514,180,0,0,405342
0,0,0,0.5,0.36514,180,0,0,405355
0,28,-11,0.5,0.36892,180,0,0,405373
0,11,-7,0.5,0.370405,180,0,0,405390
0,11,-9,0.5,0.37189,180,0,0,405408
0,10,-10,0.5,0.37324,180,0,0,405428
0,11,-10,0.5,0.374725,180,0,0,405442
0,11,-9,0.5,0.37621,180,0,0,405461
0,13,-9,0.5,0.377965,180,0,0,405474
0,15,-8,0.5,0.37999,180,0,0,405490
0,16,-7,0.5,0.38215,180,0,0,405505
0,15,-6,0.5,0.384175,180,0,0,405522
0,17,-7,0.5,0.38647,180,0,0,405548
0,17,-6,0.5,0.388765,180,0,0,405556
0,15,-5,0.5,0.39079,180,0,0,405575
0,16,-6,0.5,0.39295,180,0,0,405591
0,14,-5,0.5,0.39484,180,0,0,405608
0,14,-5,0.5,0.39673,180,0,0,405625
0,16,-5,0.5,0.39889,180,0,0,405638
0,17,-4,0.5,0.401185,180,0,0,405656
0,20,-5,0.5,0.403885,180,0,0,405672
0,19,-6,0.5,0.40645,180,0,0,405691
0,17,-8,0.5,0.408745,180,0,0,405706
0,13,-9,0.5,0.4105,180,0,0,405725
0,24,-11,0.5,0.41374,180,0,0,405741
0,13,-21,0.5,0.415495,180,0,0,405761
0,13,-10,0.5,0.41725,180,0,0,405774
0,14,-9,0.5,0.41914,180,0,0,405794
0,14,-9,0.5,0.42103,180,0,0,405811
0,13,-7,0.5,0.422785,180,0,0,405824
0,14,-6,0.5,0.424675,180,0,0,405839
0,13,-5,0.5,0.42643,180,0,0,405857
0,13,-4,0.5,0.428185,180,0,0,405873
0,12,-5,0.5,0.429805,180,0,0,405888
0,10,-4,0.5,0.431155,180,0,0,405911
0,8,-4,0.5,0.432235,180,0,0,405927
0,6,-3,0.5,0.433045,180,0,0,405940
0,7,-4,0.5,0.43399,180,0,0,405955
0,8,-5,0.5,0.43507,180,0,0,405971
0,8,-6,0.5,0.43615,180,0,0,405991
0,8,-7,0.5,0.43723,180,0,0,406012
0,5,-7,0.5,0.437905,180,0,31,406027
0,5,-6,0.5,0.43858,180,0,31,406039
0,11,-13,0.5,0.440065,180,0,0,406067
0,9,-6,0.5,0.44128,180,0,0,406084
0,11,-5,0.5,0.442765,180,0,0,406099
0,0,0,0.5,0.442765,180,0,0,406104
0,13,-5,0.5,0.44452,180,0,0,406122
0,33,-8,0.5,0.448975,180,0,0,406143
0,18,-4,0.5,0.451405,180,0,0,406157
0,19,-5,0.5,0.45397,180,0,0,406174
0,22,-6,0.5,0.45694,180,0,0,406194
0,24,-7,0.5,0.46018,180,0,0,406208
0,23,-6,0.5,0.463285,180,0,0,406223
0,21,-5,0.5,0.46612,180,0,0,406244
0,21,-4,0.5,0.468955,180,0,0,406260
0,19,-3,0.5,0.47152,180,0,0,406276
0,16,-3,0.5,0.47368,180,0,0,406289
0,15,-3,0.5,0.475705,180,0,0,406305
0,14,-4,0.5,0.477595,180,0,0,406323
0,13,-4,0.5,0.47935,180,0,0,406340
0,11,-4,0.5,0.480835,180,0,0,406356
0,8,-5,0.5,0.481915,180,0,0,406373
0,3,-6,0.5,0.48232,180,0,0,406393
0,0,-6,0.5,0.48232,180,0,0,406408
0,-5,-7,0.5,0.481645,180,0,0,406424
0,-8,-7,0.5,0.480565,180,0,0,406444
0,-8,-7,0.5,0.479485,180,0,0,406461
0,-13,-11,0.5,0.47773,180,0,0,406478
0,0,0,0.5,0.47773,180,0,0,406489
0,-4,-4,0.5,0.47719,180,0,0,406508
0,4,-7,0.5,0.47773,180,0,0,406529
0,9,-3,0.5,0.478945,180,0,0,406542
0,12,-3,0.5,0.480565,180,0,0,406559
0,15,-3,0.5,0.48259,180,0,0,406572
0,18,-3,0.5,0.48502,180,0,0,406589
0,22,-3,0.5,0.48799,180,0,0,406610
0,25,-3,0.5,0.491365,180,0,0,406625
0,26,-4,0.5,0.494875,180,0,0,406641
0,27,-4,0.5,0.49852,180,0,0,406658
0,29,-5,0.5,0.502435,180,0,0,406681
0,27,-4,0.5,0.50608,180,0,0,406694
0,27,-4,0.5,0.509725,180,0,0,406708
0,25,-3,0.5,0.5131,180,0,0,406724
0,23,-3,0.5,0.516205,180,0,0,406743
0,22,-3,0.5,0.519175,180,0,0,406757
0,19,-3,0.5,0.52174,180,0,0,406777
0,16,-2,0.5,0.5239,180,0,0,406789
0,14,-2,0.5,0.52579,180,0,0,406811
0,11,-2,0.5,0.527275,180,0,0,406824
0,11,-2,0.5,0.52876,180,0,0,406839
0,12,-3,0.5,0.53038,180,0,0,406857
0,14,-3,0.5,0.53227,180,0,0,406874
0,34,-8,0.5,0.53686,180,0,0,406893
0,16,-5,0.5,0.53902,180,0,0,406908
0,14,-4,0.5,0.54091,180,0,0,406924
0,14,-5,0.5,0.5428,180,0,0,406947
0,12,-6,0.5,0.54442,180,0,0,406961
0,13,-6,0.5,0.546175,180,0,31,406981
0,13,-6,0.5,0.54793,180,0,31,406993
0,14,-6,0.5,0.54982,180,0,0,407010
0,18,-6,0.5,0.55225,180,0,0,407025
0,21,-5,0.5,0.555085,180,0,0,407043
0,24,-5,0.5,0.558325,180,0,0,407062
0,24,-3,0.5,0.561565,180,0,0,407076
0,23,-3,0.5,0.56467,180,0,0,407090
0,20,-1,0.5,0.56737,180,0,0,407106
0,20,-2,0.5,0.57007,180,0,0,407126
0,17,-1,0.5,0.572365,180,0,0,407144
0,16,-2,0.5,0.574525,180,0,0,407160
0,12,-2,0.5,0.576145,180,0,0,407174
0,9,-1,0.5,0.57736,180,0,0,407190
0,9,-2,0.5,0.578575,180,0,0,407208
0,9,-3,0.5,0.57979,180,0,0,407225
0,10,-7,0.5,0.58114,180,0,0,407244
0,0,-3,0.5,0.58114,180,0,0,407261
0,0,0,0.5,0.58114,180,0,0,407273
0,-8,-6,0.5,0.58006,180,0,0,407292
0,-10,-5,0.5,0.57871,180,0,0,407314
0,-10,-5,0.5,0.57736,180,0,0,407330
0,-11,-4,0.5,0.575875,180,0,0,407343
0,-10,-4,0.5,0.574525,180,0,0,407358
0,-11,-4,0.5,0.57304,180,0,0,407374
0,-9,-3,0.5,0.571825,180,0,0,407397
0,-6,-2,0.5,0.571015,180,0,0,407410
0,-4,-1,0.5,0.570475,180,0,0,407424
0,-1,-1,0.5,0.57034,180,0,0,407441
0,0,0,0.5,0.57034,180,0,0,407458
0,6,0,0.5,0.57115,180,0,0,407474
0,6,1,0.5,0.57196,180,0,0,407492
0,5,0,0.5,0.572635,180,0,0,407507
0,6,-1,0.5,0.573445,180,0,0,407524
0,6,-2,0.5,0.574255,180,0,0,407542
0,8,-3,0.5,0.575335,180,0,0,407562
0,9,-3,0.5,0.57655,180,0,0,407580
0,10,-3,0.5,0.5779,180,0,0,407592
0,10,-4,0.5,0.57925,180,0,0,407610
0,11,-6,0.5,0.580735,180,0,0,407626
0,11,-7,0.5,0.58222,180,0,0,407643
0,21,-17,0.5,0.585055,180,0,0,407663
0,12,-10,0.5,0.586675,180,0,0,407681
0,13,-10,0.5,0.58843,180,0,0,407695
0,14,-10,0.5,0.59032,180,0,0,407712
0,15,-10,0.5,0.592345,180,0,0,407728
0,15,-9,0.5,0.59437,180,0,0,407744
0,19,-8,0.5,0.596935,180,0,0,407762
0,19,-6,0.5,0.5995,180,0,0,407781
0,22,-5,0.5,0.60247,180,0,0,407792
0,24,-5,0.5,0.60571,180,0,0,407809
0,23,-5,0.5,0.608815,180,0,0,407829
0,25,-5,0.5,0.61219,180,0,0,407845
0,25,-4,0.5,0.615565,180,0,0,407861
0,23,-3,0.5,0.61867,180,0,0,407878
0,21,-3,0.5,0.621505,180,0,0,407892
0,17,-2,0.5,0.6238,180,0,0,407908
0,14,-2,0.5,0.62569,180,0,0,407926
0,10,-2,0.5,0.62704,180,0,0,407943
0,10,-2,0.5,0.62839,180,0,0,407961
0,8,-3,0.5,0.62947,180,0,0,407976
0,8,-4,0.5,0.63055,180,0,0,407993
0,14,-10,0.5,0.63244,180,0,0,408015
0,4,-5,0.5,0.63298,180,0,0,408030
0,2,-6,0.5,0.63325,180,0,0,408045
0,0,-7,0.5,0.63325,180,0,0,408064
0,0,-8,0.5,0.63325,180,0,0,408083
0,0,-8,0.5,0.63325,180,0,0,408096
0,0,-8,0.5,0.63325,180,0,0,408113
0,2,-7,0.5,0.63352,180,0,0,408128
0,3,-7,0.5,0.633925,180,0,0,408143
0,3,-7,0.5,0.63433,180,0,0,408161
0,5,-8,0.5,0.635005,180,0,0,408177
0,6,-8,0.5,0.635815,180,0,0,408196
0,9,-8,0.5,0.63703,180,0,0,408214
0,11,-7,0.5,0.638515,180,0,0,408228
0,15,-7,0.5,0.64054,180,0,0,408243
0,15,-6,0.5,0.642565,180,0,0,408263
0,18,-7,0.5,0.644995,180,0,0,408278
0,19,-7,0.5,0.64756,180,0,0,408295
0,16,-6,0.5,0.64972,180,0,0,408310
0,13,-6,0.5,0.651475,180,0,0,408332
0,10,-6,0.5,0.652825,180,0,0,408350
0,10,-5,0.5,0.654175,180,0,0,408361
0,9,-5,0.5,0.65539,180,0,0,408379
0,9,-5,0.5,0.656605,180,0,0,408394
0,22,-11,0.5,0.659575,180,0,0,408416
0,0,0,0.5,0.659575,180,0,0,408427
0,34,-14,0.5,0.664165,180,0,0,408452
0,20,-6,0.5,0.666865,180,0,0,408461
0,23,-7,0.5,0.66997,180,0,0,408478
0,25,-7,0.5,0.673345,180,0,0,408496
0,25,-7,0.5,0.67672,180,0,0,408511
0,27,-7,0.5,0.680365,180,0,0,408528
0,27,-7,0.5,0.68401,180,0,0,408548
0,30,-7,0.5,0.68806,180,0,0,408562
0,28,-6,0.5,0.69184,180,0,0,408581
0,25,-5,0.5,0.695215,180,0,0,408594
0,22,-5,0.5,0.698185,180,0,0,408618
0,17,-5,0.5,0.70048,180,0,0,408629
0,13,-6,0.5,0.702235,180,0,0,408643
0,8,-7,0.5,0.703315,180,0,0,408665
0,7,-8,0.5,0.70426,180,0,0,408680
0,2,-8,0.5,0.70453,180,0,0,408694
0,1,-9,0.5,0.704665,180,0,0,408717
0,1,-8,0.5,0.7048,180,0,0,408730
0,2,-8,0.5,0.70507,180,0,0,408745
0,5,-8,0.5,0.705745,180,0,0,408763
0,8,-7,0.5,0.706825,180,0,0,408782
0,22,-15,0.5,0.709795,180,0,31,408804
0,12,-8,0.5,0.71,180,0,0,408819
