0,138,20,0.5,-0.69137,180,0,0,334116
0,17,5,0.5,-0.689075,180,0,0,334124
0,14,0,0.5,-0.687185,180,0,0,334129
0,0,5,0.5,-0.687185,180,0,0,334144
0,13,5,0.5,-0.68543,180,0,0,334162
0,11,4,0.5,-0.683945,180,0,0,334183
0,27,5,0.5,-0.6803,180,0,0,334195
0,16,1,0.5,-0.67814,180,0,0,334211
0,17,1,0.5,-0.675845,180,0,0,334227
0,17,0,0.5,-0.67355,180,0,0,334243
0,17,0,0.5,-0.671255,180,0,0,334260
0,17,-1,0.5,-0.66896,180,0,0,334277
0,14,-1,0.5,-0.66707,180,0,0,334295
0,13,-1,0.5,-0.665315,180,0,0,334312
0,14,-1,0.5,-0.663425,180,0,0,334327
0,13,-1,0.5,-0.66167,180,0,0,334344
0,15,-1,0.5,-0.659645,180,0,0,334361
0,15,-1,0.5,-0.65762,180,0,0,334377
0,18,0,0.5,-0.65519,180,0,0,334394
0,19,0,0.5,-0.652625,180,0,0,334411
0,20,0,0.5,-0.649925,180,0,0,334427
0,19,0,0.5,-0.64736,180,0,0,334446
0,19,1,0.5,-0.644795,180,0,0,334461
0,15,1,0.5,-0.64277,180,0,0,334479
0,10,1,0.5,-0.64142,180,0,0,334497
0,4,0,0.5,-0.64088,180,0,0,334511
0,0,0,0.5,-0.64088,180,0,0,334527
0,-14,0,0.5,-0.64277,180,0,0,334546
0,0,0,0.5,-0.64277,180,0,0,334560
0,-9,0,0.5,-0.643985,180,0,0,334579
0,-21,-2,0.5,-0.64682,180,0,0,334596
0,-11,-1,0.5,-0.648305,180,0,0,334610
0,-8,-2,0.5,-0.649385,180,0,0,334627
0,-7,-1,0.5,-0.65033,180,0,0,334645
0,-3,-1,0.5,-0.650735,180,0,0,334662
0,-1,-1,0.5,-0.65087,180,0,0,334677
0,0,-1,0.5,-0.65087,180,0,0,334695
0,6,0,0.5,-0.65006,180,0,0,334710
0,9,0,0.5,-0.648845,180,0,0,334727
0,10,0,0.5,-0.647495,180,0,0,334744
0,13,1,0.5,-0.64574,180,0,0,334760
0,16,2,0.5,-0.64358,180,0,0,334777
0,17,2,0.5,-0.641285,180,0,0,334794
0,19,3,0.5,-0.63872,180,0,31,334812
0,20,3,0.5,-0.63602,180,0,31,334828
0,22,4,0.5,-0.63305,180,0,0,334845
0,22,3,0.5,-0.63008,180,0,0,334863
0,21,3,0.5,-0.627245,180,0,0,334879
0,19,3,0.5,-0.62468,180,0,0,334895
0,18,3,0.5,-0.62225,180,0,0,334911
0,14,2,0.5,-0.62036,180,0,0,334932
0,13,1,0.5,-0.618605,180,0,0,334946
0,21,0,0.5,-0.61577,180,0,0,334963
0,0,0,0.5,-0.61577,180,0,0,334977
0,23,0,0.5,-0.612665,180,0,0,334993
0,11,0,0.5,-0.61118,180,0,0,335010
0,10,-1,0.5,-0.60983,180,0,0,335028
0,8,-2,0.5,-0.60875,180,0,0,335045
0,5,-2,0.5,-0.608075,180,0,0,335062
0,4,-3,0.5,-0.607535,180,0,0,335078
0,3,-3,0.5,-0.60713,180,0,31,335097
0,5,-3,0.5,-0.606455,180,0,31,335112
0,5,-3,0.5,-0.60578,180,0,0,335129
0,6,-3,0.5,-0.60497,180,0,0,335146
0,6,-3,0.5,-0.60416,180,0,0,335161
0,4,-4,0.5,-0.60362,180,0,0,335178
0,4,-4,0.5,-0.60308,180,0,0,335194
0,5,-3,0.5,-0.602405,180,0,31,335216
0,5,-3,0.5,-0.60173,180,0,31,335229
0,6,-3,0.5,-0.60092,180,0,31,335249
0,7,-3,0.5,-0.599975,180,0,31,335262
0,4,-2,0.5,-0.599435,180,0,0,335278
0,4,-2,0.5,-0.598895,180,0,0,335296
0,3,-3,0.5,-0.59849,180,0,0,335312
0,2,-2,0.5,-0.59822,180,0,0,335332
0,3,-2,0.5,-0.597815,180,0,0,335345
0,3,-2,0.5,-0.59741,180,0,0,335362
0,3,-2,0.5,-0.597005,180,0,0,335378
0,5,-2,0.5,-0.59633,180,0,31,335398
0,0,0,0.5,-0.59633,180,0,31,335412
0,5,-3,0.5,-0.595655,180,0,31,335428
0,1,-2,0.5,-0.59552,180,0,0,335445
0,2,-2,0.5,-0.59525,180,0,0,335461
0,3,-2,0.5,-0.594845,180,0,0,335478
0,3,-1,0.5,-0.59444,180,0,0,335495
0,3,-1,0.5,-0.594035,180,0,0,335513
0,2,0,0.5,-0.593765,180,0,0,335527
0,3,0,0.5,-0.59336,180,0,0,335543
0,3,0,0.5,-0.592955,180,0,0,335562
0,5,0,0.5,-0.59228,180,0,0,335578
0,7,0,0.5,-0.591335,180,0,0,335594
0,11,1,0.5,-0.58985,180,0,31,335611
0,14,2,0.5,-0.58796,180,0,0,335631
0,18,3,0.5,-0.58553,180,0,0,335646
0,18,4,0.5,-0.5831,180,0,0,335663
0,20,4,0.5,-0.5804,180,0,0,335679
0,21,4,0.5,-0.577565,180,0,0,335696
0,22,3,0.5,-0.574595,180,0,0,335712
0,22,3,0.5,-0.571625,180,0,0,335729
0,36,6,0.5,-0.566765,180,0,0,335747
0,0,0,0.5,-0.566765,180,0,0,335761
0,14,3,0.5,-0.564875,180,0,0,335778
0,20,5,0.5,-0.562175,180,0,0,335795
0,6,1,0.5,-0.561365,180,0,0,335811
0,3,0,0.5,-0.56096,180,0,0,335827
0,3,0,0.5,-0.560555,180,0,0,335843
0,2,0,0.5,-0.560285,180,0,0,335863
0,4,0,0.5,-0.559745,180,0,0,335878
0,8,0,0.5,-0.558665,180,0,0,335893
0,12,0,0.5,-0.557045,180,0,0,335910
0,17,0,0.5,-0.55475,180,0,0,335927
0,18,0,0.5,-0.55232,180,0,0,335944
0,22,1,0.5,-0.54935,180,0,0,335962
0,25,1,0.5,-0.545975,180,0,0,335977
0,25,2,0.5,-0.5426,180,0,0,335995
0,28,3,0.5,-0.53882,180,0,0,336012
0,27,3,0.5,-0.535175,180,0,0,336028
0,24,3,0.5,-0.531935,180,0,0,336045
0,23,3,0.5,-0.52883,180,0,0,336062
0,23,2,0.5,-0.525725,180,0,0,336077
0,21,2,0.5,-0.52289,180,0,0,336095
0,21,1,0.5,-0.520055,180,0,0,336112
0,20,0,0.5,-0.517355,180,0,0,336127
0,16,0,0.5,-0.515195,180,0,0,336145
0,16,0,0.5,-0.513035,180,0,0,336161
0,14,0,0.5,-0.511145,180,0,0,336177
0,26,2,0.5,-0.507635,180,0,0,336195
0,13,1,0.5,-0.50588,180,0,0,336211
0,10,0,0.5,-0.50453,180,0,0,336228
0,9,0,0.5,-0.503315,180,0,0,336244
0,8,1,0.5,-0.502235,180,0,0,336261
0,9,1,0.5,-0.50102,180,0,0,336279
0,11,1,0.5,-0.499535,180,0,0,336294
0,14,1,0.5,-0.497645,180,0,0,336312
0,16,2,0.5,-0.495485,180,0,0,336327
0,20,2,0.5,-0.492785,180,0,0,336345
0,23,2,0.5,-0.48968,180,0,0,336362
0,25,2,0.5,-0.486305,180,0,0,336380
0,26,3,0.5,-0.482795,180,0,0,336396
0,26,3,0.5,-0.479285,180,0,0,336412
0,23,2,0.5,-0.47618,180,0,0,336428
0,22,2,0.5,-0.47321,180,0,0,336444
0,17,0,0.5,-0.470915,180,0,0,336460
0,17,0,0.5,-0.46862,180,0,0,336479
0,14,0,0.5,-0.46673,180,0,0,336495
0,15,0,0.5,-0.464705,180,0,0,336510
0,14,-1,0.5,-0.462815,180,0,0,336527
0,14,-1,0.5,-0.460925,180,0,0,336544
0,14,-1,0.5,-0.459035,180,0,0,336561
0,13,-1,0.5,-0.45728,180,0,0,336580
0,23,-1,0.5,-0.454175,180,0,0,336594
0,9,-2,0.5,-0.45296,180,0,0,336611
0,8,-4,0.5,-0.45188,180,0,0,336629
0,10,0,0.5,-0.45053,180,0,0,336644
0,11,-4,0.5,-0.449045,180,0,0,336661
0,12,-1,0.5,-0.447425,180,0,31,336679
0,12,-2,0.5,-0.445805,180,0,31,336695
0,14,-2,0.5,-0.443915,180,0,0,336712
0,13,-1,0.5,-0.44216,180,0,0,336727
0,15,-2,0.5,-0.440135,180,0,0,336746
0,17,-1,0.5,-0.43784,180,0,0,336761
0,19,0,0.5,-0.435275,180,0,0,336777
0,23,0,0.5,-0.43217,180,0,0,336794
0,24,0,0.5,-0.42893,180,0,0,336812
0,26,0,0.5,-0.42542,180,0,0,336827
0,26,0,0.5,-0.42191,180,0,0,336843
0,26,0,0.5,-0.4184,180,0,0,336860
0,22,-2,0.5,-0.41543,180,0,0,336878
0,20,-2,0.5,-0.41273,180,0,0,336895
0,17,-2,0.5,-0.410435,180,0,0,336911
0,12,-3,0.5,-0.408815,180,0,0,336929
0,6,-2,0.5,-0.408005,180,0,0,336944
0,4,-5,0.5,-0.407465,180,0,0,336962
0,2,-3,0.5,-0.407195,180,0,0,336978
0,4,-2,0.5,-0.406655,180,0,0,336995
0,6,-2,0.5,-0.405845,180,0,0,337011
0,6,-2,0.5,-0.405035,180,0,0,337028
0,8,-1,0.5,-0.403955,180,0,0,337044
0,10,-1,0.5,-0.402605,180,0,0,337061
0,14,0,0.5,-0.400715,180,0,0,337078
0,17,0,0.5,-0.39842,180,0,0,337094
0,21,0,0.5,-0.395585,180,0,0,337113
0,23,0,0.5,-0.39248,180,0,0,337127
0,24,0,0.5,-0.38924,180,0,0,337144
0,22,1,0.5,-0.38627,180,0,0,337162
0,16,1,0.5,-0.38411,180,0,0,337179
0,12,2,0.5,-0.38249,180,0,0,337194
0,8,1,0.5,-0.38141,180,0,0,337210
0,6,1,0.5,-0.3806,180,0,0,337228
0,2,0,0.5,-0.38033,180,0,0,337245
0,0,0,0.5,-0.38033,180,0,0,337260
0,-1,-1,0.5,-0.380465,180,0,0,337281
0,-2,-1,0.5,-0.380735,180,0,0,337294
0,-6,-2,0.5,-0.381545,180,0,0,337311
0,-8,-2,0.5,-0.382625,180,0,0,337327
0,-9,-1,0.5,-0.38384,180,0,0,337345
0,-10,-1,0.5,-0.38519,180,0,0,337361
0,-12,-1,0.5,-0.38681,180,0,0,337377
0,-25,-2,0.5,-0.390185,180,0,0,337394
0,-13,-2,0.5,-0.39194,180,0,0,337413
0,-13,-1,0.5,-0.393695,180,0,0,337428
0,-11,-1,0.5,-0.39518,180,0,0,337447
0,-7,-1,0.5,-0.396125,180,0,0,337464
0,-6,-1,0.5,-0.396935,180,0,0,337477
0,-3,-2,0.5,-0.39734,180,0,0,337494
0,-1,-1,0.5,-0.397475,180,0,0,337511
0,0,-1,0.5,-0.397475,180,0,0,337527
0,2,-1,0.5,-0.397205,180,0,0,337544
0,3,0,0.5,-0.3968,180,0,0,337562
0,1,0,0.5,-0.396665,180,0,0,337577
0,1,0,0.5,-0.39653,180,0,0,337594
0,1,2,0.5,-0.396395,180,0,0,337613
0,0,1,0.5,-0.396395,180,0,0,337631
0,-1,0,0.5,-0.39653,180,0,0,337643
0,-2,0,0.5,-0.3968,180,0,0,337660
0,-2,0,0.5,-0.39707,180,0,0,337677
0,-5,0,0.5,-0.397745,180,0,0,337694
0,-5,0,0.5,-0.39842,180,0,0,337711
0,-7,1,0.5,-0.399365,180,0,0,337727
0,-6,2,0.5,-0.400175,180,0,0,337745
0,-6,3,0.5,-0.400985,180,0,0,337762
0,-5,2,0.5,-0.40166,180,0,0,337778
0,0,0,0.5,-0.40166,180,0,0,337793
0,3,0,0.5,-0.401255,180,0,0,337811
0,2,0,0.5,-0.400985,180,0,0,337828
0,3,-1,0.5,-0.40058,180,0,0,337844
0,1,-2,0.5,-0.400445,180,0,0,337861
0,0,-1,0.5,-0.400445,180,0,0,337879
0,-1,-1,0.5,-0.40058,180,0,0,337897
0,-1,-1,0.5,-0.400715,180,0,0,337911
0,0,0,0.5,-0.400715,180,0,0,337926
0,-2,0,0.5,-0.400985,180,0,0,337943
0,0,2,0.5,-0.400985,180,0,0,337961
0,1,3,0.5,-0.40085,180,0,0,337980
0,3,3,0.5,-0.400445,180,0,0,337994
0,4,4,0.5,-0.399905,180,0,0,338012
0,4,4,0.5,-0.399365,180,0,0,338030
0,6,5,0.5,-0.398555,180,0,0,338046
0,8,5,0.5,-0.397475,180,0,0,338062
0,6,5,0.5,-0.396665,180,0,0,338082
0,10,6,0.5,-0.395315,180,0,0,338099
0,12,7,0.5,-0.393695,180,0,0,338114
0,13,8,0.5,-0.39194,180,0,0,338130
0,15,9,0.5,-0.389915,180,0,0,338146
0,32,14,0.5,-0.385595,180,0,0,338166
0,0,0,0.5,-0.385595,180,0,0,338178
0,15,6,0.5,-0.38357,180,0,0,338197
0,28,5,0.5,-0.37979,180,0,0,338214
0,11,0,0.5,-0.378305,180,0,31,338227
0,8,0,0.5,-0.377225,180,0,31,338243
0,7,-1,0.5,-0.37628,180,0,0,338260
0,7,0,0.5,-0.375335,180,0,0,338277
0,7,0,0.5,-0.37439,180,0,0,338295
0,9,0,0.5,-0.373175,180,0,0,338310
0,10,0,0.5,-0.371825,180,0,0,338327
0,12,1,0.5,-0.370205,180,0,0,338345
0,13,1,0.5,-0.36845,180,0,0,338361
0,15,2,0.5,-0.366425,180,0,0,338379
0,18,3,0.5,-0.363995,180,0,0,338396
0,21,5,0.5,-0.36116,180,0,0,338411
0,22,5,0.5,-0.35819,180,0,0,338433
0,26,6,0.5,-0.35468,180,0,0,338452
0,24,6,0.5,-0.35144,180,0,0,338463
0,25,5,0.5,-0.348065,180,0,0,338485
0,46,7,0.5,-0.341855,180,0,0,338502
0,0,0,0.5,-0.341855,180,0,0,338510
0,20,2,0.5,-0.339155,180,0,0,338527
0,18,2,0.5,-0.336725,180,0,0,338545
0,30,6,0.5,-0.332675,180,0,0,338566
0,10,3,0.5,-0.331325,180,0,0,338581
0,8,3,0.5,-0.330245,180,0,0,338594
0,9,3,0.5,-0.32903,180,0,0,338617
0,10,2,0.5,-0.32768,180,0,0,338628
0,11,2,0.5,-0.326195,180,0,0,338645
0,12,2,0.5,-0.324575,180,0,31,338662
0,13,2,0.5,-0.32282,180,0,31,338680
0,13,2,0.5,-0.321065,180,0,31,338694
0,14,3,0.5,-0.319175,180,0,0,338712
0,18,2,0.5,-0.316745,180,0,0,338727
0,19,3,0.5,-0.31418,180,0,0,338750
0,22,3,0.5,-0.31121,180,0,0,338764
0,24,3,0.5,-0.30797,180,0,0,338777
0,24,3,0.5,-0.30473,180,0,0,338795
0,47,2,0.5,-0.298385,180,0,0,338817
0,0,1,0.5,-0.298385,180,0,0,338827
0,43,0,0.5,-0.29258,180,0,0,338849
0,0,0,0.5,-0.29258,180,0,0,338860
0,21,0,0.5,-0.289745,180,0,0,338877
0,19,0,0.5,-0.28718,180,0,0,338893
0,20,0,0.5,-0.28448,180,0,0,338912
0,20,0,0.5,-0.28178,180,0,0,338928
0,21,0,0.5,-0.278945,180,0,0,338944
0,42,2,0.5,-0.273275,180,0,0,338965
0,19,2,0.5,-0.27071,180,0,0,338982
0,19,2,0.5,-0.268145,180,0,0,338997
0,19,2,0.5,-0.26558,180,0,0,339012
0,18,2,0.5,-0.26315,180,0,0,339027
0,18,2,0.5,-0.26072,180,0,0,339044
0,20,2,0.5,-0.25802,180,0,0,339061
0,22,2,0.5,-0.25505,180,0,0,339077
0,23,2,0.5,-0.251945,180,0,0,339094
0,26,2,0.5,-0.248435,180,1,0,339111
0,28,2,0.5,-0.244655,180,1,0,339129
0,28,1,0.5,-0.240875,180,1,0,339143
0,24,0,0.5,-0.237635,180,0,0,339160
0,20,0,0.5,-0.234935,180,0,0,339177
0,19,0,0.5,-0.23237,180,0,0,339198
0,19,0,0.5,-0.229805,180,0,0,339212
0,18,-1,0.5,-0.227375,180,0,0,339229
0,19,-1,0.5,-0.22481,180,0,0,339244
0,16,-1,0.5,-0.22265,180,0,0,339265
0,16,0,0.5,-0.22049,180,0,0,339281
0,14,0,0.5,-0.2186,180,0,0,339294
0,10,1,0.5,-0.21725,180,0,0,339312
0,4,1,0.5,-0.21671,180,0,0,339327
0,3,2,0.5,-0.216305,180,0,0,339344
0,0,1,0.5,-0.216305,180,0,0,339361
0,-2,2,0.5,-0.216575,180,0,0,339377
0,-1,0,0.5,-0.21671,180,0,0,339393
0,-2,1,0.5,-0.21698,180,0,0,339412
0,-4,1,0.5,-0.21752,180,0,0,339427
0,-2,0,0.5,-0.21779,180,0,0,339449
0,-2,1,0.5,-0.21806,180,0,0,339464
0,0,0,0.5,-0.21806,180,0,31,339480
0,0,1,0.5,-0.21806,180,0,31,339499
0,2,1,0.5,-0.21779,180,0,0,339512
0,1,1,0.5,-0.217655,180,0,0,339528
0,1,0,0.5,-0.21752,180,0,0,339544
0,2,1,0.5,-0.21725,180,0,0,339561
0,2,1,0.5,-0.21698,180,0,0,339577
0,5,1,0.5,-0.216305,180,0,31,339596
0,5,1,0.5,-0.21563,180,0,31,339611
0,2,0,0.5,-0.21536,180,0,0,339631
0,2,0,0.5,-0.21509,180,0,0,339650
0,0,0,0.5,-0.21509,180,0,0,339663
0,0,0,0.5,-0.21509,180,0,0,339677
0,0,0,0.5,-0.21509,180,0,0,339694
0,0,0,0.5,-0.21509,180,0,0,339709
0,0,0,0.5,-0.21509,180,0,0,339727
0,0,-2,0.5,-0.21509,180,0,0,339745
0,0,-1,0.5,-0.21509,180,0,0,339762
0,1,-1,0.5,-0.214955,180,0,0,339777
0,2,-1,0.5,-0.214685,180,0,0,339796
0,2,0,0.5,-0.214415,180,0,31,339811
0,0,0,0.5,-0.214415,180,0,31,339827
0,0,0,0.5,-0.214415,180,0,0,339845
0,0,0,0.5,-0.214415,180,0,0,339860
0,-1,0,0.5,-0.21455,180,0,0,339879
0,-1,0,0.5,-0.214685,180,0,0,339895
0,-1,0,0.5,-0.21482,180,0,0,339911
0,0,0,0.5,-0.21482,180,0,31,339927
0,2,0,0.5,-0.21455,180,0,31,339947
0,0,0,0.5,-0.21455,180,0,0,339964
0,0,0,0.5,-0.21455,180,0,0,339977
0,0,0,0.5,-0.21455,180,0,0,339996
0,0,0,0.5,-0.21455,180,0,0,340010
0,0,0,0.5,-0.21455,180,0,0,340028
0,-1,0,0.5,-0.214685,180,0,31,340046
0,1,0,0.5,-0.21455,180,0,0,340061
0,0,0,0.5,-0.21455,180,0,0,340077
0,0,0,0.5,-0.21455,180,0,0,340095
0,0,0,0.5,-0.21455,180,0,0,340111
0,0,0,0.5,-0.21455,180,0,0,340127
0,0,0,0.5,-0.21455,180,0,31,340145
0,1,-1,0.5,-0.214415,180,0,31,340161
0,1,0,0.5,-0.21428,180,0,0,340178
0,0,0,0.5,-0.21428,180,0,0,340194
0,-1,0,0.5,-0.214415,180,0,0,340214
0,-1,0,0.5,-0.21455,180,0,0,340233
0,-1,0,0.5,-0.214685,180,0,0,340245
0,-1,0,0.5,-0.21482,180,0,31,340263
0,0,0,0.5,-0.21482,180,0,0,340282
0,0,0,0.5,-0.21482,180,0,0,340296
0,0,0,0.5,-0.21482,180,0,0,340311
0,0,0,0.5,-0.21482,180,0,0,340329
0,-1,0,0.5,-0.214955,180,0,0,340345
0,0,0,0.5,-0.214955,180,0,0,340361
0,0,0,0.5,-0.214955,180,0,31,340379
0,1,0,0.5,-0.21482,180,0,0,340394
0,0,0,0.5,-0.21482,180,0,0,340411
0,0,0,0.5,-0.21482,180,0,0,340428
0,0,0,0.5,-0.21482,180,0,0,340445
0,-1,0,0.5,-0.214955,180,0,0,340462
0,0,0,0.5,-0.214955,180,0,31,340479
0,0,0,0.5,-0.214955,180,0,31,340495
0,1,0,0.5,-0.21482,180,0,0,340513
0,0,0,0.5,-0.21482,180,0,0,340529
0,0,0,0.5,-0.21482,180,0,0,340545
0,0,0,0.5,-0.21482,180,0,0,340562
0,0,0,0.5,-0.21482,180,0,0,340578
0,0,0,0.5,-0.21482,180,0,31,340596
0,0,0,0.5,-0.21482,180,0,31,340612
0,-1,0,0.5,-0.214955,180,0,0,340629
0,0,0,0.5,-0.214955,180,0,0,340645
0,-1,0,0.5,-0.21509,180,0,0,340662
0,-1,0,0.5,-0.215225,180,0,0,340679
0,0,0,0.5,-0.215225,180,0,0,340695
0,1,0,0.5,-0.21509,180,0,31,340716
0,1,0,0.5,-0.214955,180,0,31,340731
0,0,0,0.5,-0.214955,180,0,0,340746
0,0,0,0.5,-0.214955,180,0,0,340763
0,0,0,0.5,-0.214955,180,0,0,340780
0,0,0,0.5,-0.214955,180,0,0,340796
0,0,0,0.5,-0.214955,180,0,31,340814
0,1,0,0.5,-0.21482,180,0,31,340832
0,1,0,0.5,-0.214685,180,0,0,340847
0,0,0,0.5,-0.214685,180,0,0,340862
0,0,0,0.5,-0.214685,180,0,0,340879
0,0,0,0.5,-0.214685,180,0,0,340895
0,-1,0,0.5,-0.21482,180,0,0,340912
0,0,0,0.5,-0.21482,180,0,31,340929
0,2,0,0.5,-0.21455,180,0,31,340946
0,0,0,0.5,-0.21455,180,0,31,340962
0,0,0,0.5,-0.21455,180,0,0,340980
0,1,0,0.5,-0.214415,180,0,0,340996
0,-1,0,0.5,-0.21455,180,0,0,341012
0,0,0,0.5,-0.21455,180,0,0,341029
0,1,0,0.5,-0.214415,180,0,31,341046
0,2,0,0.5,-0.214145,180,0,31,341062
0,1,0,0.5,-0.21401,180,0,31,341079
0,1,0,0.5,-0.213875,180,0,0,341096
0,0,0,0.5,-0.213875,180,0,0,341112
0,0,0,0.5,-0.213875,180,0,0,341130
0,0,0,0.5,-0.213875,180,0,0,341146
0,0,0,0.5,-0.213875,180,0,0,341162
0,0,0,0.5,-0.213875,180,0,0,341180
0,0,0,0.5,-0.213875,180,0,31,341196
0,0,0,0.5,-0.213875,180,0,31,341213
0,0,0,0.5,-0.213875,180,0,0,341229
0,0,0,0.5,-0.213875,180,0,0,341246
0,-2,-1,0.5,-0.214145,180,0,0,341263
0,-4,0,0.5,-0.214685,180,0,0,341280
0,0,0,0.5,-0.214685,180,0,0,341296
0,0,0,0.5,-0.214685,180,0,0,341313
0,0,0,0.5,-0.214685,180,0,0,341330
0,0,1,0.5,-0.214685,180,0,0,341347
0,-1,0,0.5,-0.21482,180,0,0,341364
0,0,0,0.5,-0.21482,180,0,0,341379
0,-1,0,0.5,-0.214955,180,0,0,341396
0,0,0,0.5,-0.214955,180,0,0,341415
0,-1,-1,0.5,-0.21509,180,0,0,341433
0,0,0,0.5,-0.21509,180,0,0,341447
0,-1,-1,0.5,-0.215225,180,0,0,341463
0,-1,0,0.5,-0.21536,180,0,0,341481
0,-3,0,0.5,-0.215765,180,0,0,341497
0,-4,0,0.5,-0.216305,180,0,0,341513
0,-5,0,0.5,-0.21698,180,0,0,341535
0,-4,0,0.5,-0.21752,180,0,0,341549
0,-2,0,0.5,-0.21779,180,0,0,341567
0,-1,2,0.5,-0.217925,180,0,0,341581
0,0,1,0.5,-0.217925,180,0,0,341598
0,-2,1,0.5,-0.218195,180,0,0,341615
0,-4,1,0.5,-0.218735,180,0,0,341631
0,-6,0,0.5,-0.219545,180,0,0,341647
0,-15,0,0.5,-0.22157,180,0,0,341667
0,-8,0,0.5,-0.22265,180,0,0,341684
0,-5,0,0.5,-0.223325,180,0,0,341698
0,-2,0,0.5,-0.223595,180,0,0,341714
0,-1,0,0.5,-0.22373,180,0,0,341730
0,-2,0,0.5,-0.224,180,0,0,341749
0,-3,-1,0.5,-0.224405,180,0,0,341766
0,-6,-2,0.5,-0.225215,180,0,0,341783
0,-8,-2,0.5,-0.226295,180,0,0,341799
0,-9,-2,0.5,-0.22751,180,0,0,341818
0,-8,-2,0.5,-0.22859,180,0,0,341835
0,-5,-2,0.5,-0.229265,180,0,0,341851
0,-5,-2,0.5,-0.22994,180,0,31,341866
0,-1,0,0.5,-0.230075,180,0,31,341882
0,0,0,0.5,-0.230075,180,0,31,341898
0,2,1,0.5,-0.229805,180,0,0,341915
0,4,0,0.5,-0.229265,180,0,0,341932
0,3,0,0.5,-0.22886,180,0,0,341950
0,3,0,0.5,-0.228455,180,0,0,341966
0,2,0,0.5,-0.228185,180,0,0,341985
0,1,0,0.5,-0.22805,180,0,0,341999
0,2,-1,0.5,-0.22778,180,0,0,342015
0,3,-2,0.5,-0.227375,180,0,0,342038
0,1,-1,0.5,-0.22724,180,0,0,342049
0,2,-1,0.5,-0.22697,180,0,0,342066
0,0,-1,0.5,-0.22697,180,0,0,342084
0,1,-1,0.5,-0.226835,180,0,0,342102
0,1,0,0.5,-0.2267,180,0,0,342118
0,0,0,0.5,-0.2267,180,0,0,342131
0,1,0,0.5,-0.226565,180,0,0,342148
0,0,0,0.5,-0.226565,180,0,0,342167
0,0,0,0.5,-0.226565,180,0,0,342182
0,-3,0,0.5,-0.22697,180,0,0,342199
0,-1,0,0.5,-0.227105,180,0,0,342215
0,0,0,0.5,-0.227105,180,0,0,342235
0,-1,0,0.5,-0.22724,180,0,0,342249
0,-2,0,0.5,-0.22751,180,0,0,342266
0,-2,0,0.5,-0.22778,180,0,0,342286
0,-4,-1,0.5,-0.22832,180,0,0,342299
0,-3,-1,0.5,-0.228725,180,0,0,342315
0,-4,0,0.5,-0.229265,180,0,0,342335
0,-3,0,0.5,-0.22967,180,0,0,342350
0,-1,0,0.5,-0.229805,180,0,0,342366
0,0,0,0.5,-0.229805,180,0,0,342383
0,0,0,0.5,-0.229805,180,0,0,342400
0,0,0,0.5,-0.229805,180,0,0,342416
0,-2,-1,0.5,-0.230075,180,0,0,342434
0,-2,-1,0.5,-0.230345,180,0,0,342450
0,-2,-1,0.5,-0.230615,180,0,0,342466
0,0,-1,0.5,-0.230615,180,0,0,342483
0,0,0,0.5,-0.230615,180,0,0,342502
0,3,0,0.5,-0.23021,180,0,0,342516
0,2,0,0.5,-0.22994,180,0,0,342533
0,1,0,0.5,-0.229805,180,0,0,342555
0,0,0,0.5,-0.229805,180,0,0,342570
0,-3,0,0.5,-0.23021,180,0,0,342583
0,-4,0,0.5,-0.23075,180,0,0,342599
0,-4,0,0.5,-0.23129,180,0,0,342615
0,-2,0,0.5,-0.23156,180,0,0,342633
0,-1,0,0.5,-0.231695,180,0,0,342650
0,0,0,0.5,-0.231695,180,0,0,342666
0,0,0,0.5,-0.231695,180,0,0,342682
0,2,0,0.5,-0.231425,180,0,0,342699
0,1,1,0.5,-0.23129,180,0,0,342721
0,0,0,0.5,-0.23129,180,0,0,342734
0,0,0,0.5,-0.23129,180,0,0,342749
0,0,-1,0.5,-0.23129,180,0,0,342770
0,-3,0,0.5,-0.231695,180,0,0,342786
0,0,0,0.5,-0.231695,180,0,0,342800
0,0,0,0.5,-0.231695,180,0,0,342816
0,1,1,0.5,-0.23156,180,0,0,342834
0,1,0,0.5,-0.231425,180,0,0,342852
0,0,0,0.5,-0.231425,180,0,0,342868
0,-1,0,0.5,-0.23156,180,0,0,342884
0,-2,0,0.5,-0.23183,180,0,0,342902
0,-4,0,0.5,-0.23237,180,0,0,342916
0,-3,0,0.5,-0.232775,180,0,0,342935
0,-2,1,0.5,-0.233045,180,0,0,342951
0,-1,1,0.5,-0.23318,180,0,31,342967
0,-1,0,0.5,-0.233315,180,0,31,342984
0,0,1,0.5,-0.233315,180,0,0,343002
0,0,0,0.5,-0.233315,180,0,0,343017
0,0,0,0.5,-0.233315,180,0,0,343033
0,1,0,0.5,-0.23318,180,0,0,343052
0,1,0,0.5,-0.233045,180,0,0,343069
0,3,0,0.5,-0.23264,180,0,0,343083
0,3,0,0.5,-0.232235,180,0,31,343100
0,4,0,0.5,-0.231695,180,0,0,343117
0,4,0,0.5,-0.231155,180,0,0,343134
0,4,0,0.5,-0.230615,180,0,0,343152
0,4,0,0.5,-0.230075,180,0,0,343169
0,1,0,0.5,-0.22994,180,0,0,343186
0,1,0,0.5,-0.229805,180,0,0,343202
0,1,0,0.5,-0.22967,180,0,0,343217
0,0,0,0.5,-0.22967,180,0,0,343236
0,-1,1,0.5,-0.229805,180,0,0,343250
0,-3,1,0.5,-0.23021,180,0,0,343267
0,-3,0,0.5,-0.230615,180,0,0,343283
0,-2,1,0.5,-0.230885,180,0,0,343302
0,0,1,0.5,-0.230885,180,0,0,343319
0,0,0,0.5,-0.230885,180,0,31,343336
0,0,0,0.5,-0.230885,180,0,31,343351
0,0,0,0.5,-0.230885,180,0,0,343368
0,0,0,0.5,-0.230885,180,0,0,343386
0,0,0,0.5,-0.230885,180,0,0,343401
0,2,0,0.5,-0.230615,180,0,0,343417
0,2,0,0.5,-0.230345,180,0,0,343435
0,3,0,0.5,-0.22994,180,0,0,343454
0,4,0,0.5,-0.2294,180,0,0,343468
0,4,0,0.5,-0.22886,180,0,0,343484
0,2,0,0.5,-0.22859,180,0,0,343503
0,0,0,0.5,-0.22859,180,0,0,343517
0,1,0,0.5,-0.228455,180,0,0,343538
0,0,0,0.5,-0.228455,180,0,0,343551
0,-3,0,0.5,-0.22886,180,0,0,343568
0,-2,2,0.5,-0.22913,180,0,0,343585
0,-1,1,0.5,-0.229265,180,0,0,343604
0,-1,0,0.5,-0.2294,180,0,0,343618
0,-3,0,0.5,-0.229805,180,0,0,343635
0,-2,0,0.5,-0.230075,180,0,0,343652
0,-3,0,0.5,-0.23048,180,0,0,343668
0,-1,0,0.5,-0.230615,180,0,0,343685
0,0,0,0.5,-0.230615,180,0,0,343707
0,3,0,0.5,-0.23021,180,0,0,343718
0,4,0,0.5,-0.22967,180,0,31,343738
0,5,0,0.5,-0.228995,180,0,31,343752
0,5,-1,0.5,-0.22832,180,0,0,343769
0,3,-1,0.5,-0.227915,180,0,0,343794
0,3,-1,0.5,-0.22751,180,0,0,343803
0,4,-1,0.5,-0.22697,180,0,0,343820
0,3,0,0.5,-0.226565,180,0,0,343841
0,6,0,0.5,-0.225755,180,0,31,343852
0,5,1,0.5,-0.22508,180,0,31,343868
0,6,0,0.5,-0.22427,180,0,31,343886
0,3,0,0.5,-0.223865,180,0,0,343902
0,3,-1,0.5,-0.22346,180,0,0,343918
0,2,0,0.5,-0.22319,180,0,0,343935
0,2,-1,0.5,-0.22292,180,0,0,343956
0,2,-2,0.5,-0.22265,180,0,31,343977
0,2,0,0.5,-0.22238,180,0,31,343991
0,2,0,0.5,-0.22211,180,0,0,344004
0,3,-1,0.5,-0.221705,180,0,0,344021
0,2,0,0.5,-0.221435,180,0,0,344035
0,0,0,0.5,-0.221435,180,0,0,344055
0,0,0,0.5,-0.221435,180,0,0,344071
0,0,0,0.5,-0.221435,180,0,31,344086
0,1,0,0.5,-0.2213,180,0,31,344105
0,0,0,0.5,-0.2213,180,0,0,344125
0,0,0,0.5,-0.2213,180,0,0,344137
0,0,0,0.5,-0.2213,180,0,0,344152
0,0,0,0.5,-0.2213,180,0,0,344170
0,0,0,0.5,-0.2213,180,0,0,344185
0,1,-1,0.5,-0.221165,180,0,0,344202
0,1,0,0.5,-0.22103,180,0,31,344220
0,1,-1,0.5,-0.220895,180,0,31,344236
0,2,-1,0.5,-0.220625,180,0,0,344254
0,3,-2,0.5,-0.22022,180,0,0,344276
0,0,0,0.5,-0.22022,180,0,0,344287
0,1,0,0.5,-0.220085,180,0,0,344308
0,0,0,0.5,-0.220085,180,0,0,344321
0,0,0,0.5,-0.220085,180,0,31,344336
0,1,0,0.5,-0.21995,180,0,31,344352
0,0,0,0.5,-0.21995,180,0,31,344371
0,0,-1,0.5,-0.21995,180,0,31,344387
0,1,0,0.5,-0.219815,180,0,0,344405
0,0,0,0.5,-0.219815,180,0,0,344420
0,0,0,0.5,-0.219815,180,0,0,344436
0,0,0,0.5,-0.219815,180,0,0,344455
0,1,0,0.5,-0.21968,180,0,31,344473
0,2,0,0.5,-0.21941,180,0,31,344486
0,2,0,0.5,-0.21914,180,0,31,344503
0,3,-1,0.5,-0.218735,180,0,31,344521
0,4,-1,0.5,-0.218195,180,0,0,344537
0,3,-1,0.5,-0.21779,180,0,0,344555
0,3,-1,0.5,-0.217385,180,0,0,344571
0,2,-1,0.5,-0.217115,180,0,0,344586
0,3,-1,0.5,-0.21671,180,0,31,344604
0,3,-1,0.5,-0.216305,180,0,31,344621
0,4,0,0.5,-0.215765,180,0,31,344637
0,5,0,0.5,-0.21509,180,0,0,344653
0,4,-1,0.5,-0.21455,180,0,0,344677
0,2,-1,0.5,-0.21428,180,0,0,344687
0,3,-1,0.5,-0.213875,180,0,0,344704
0,3,0,0.5,-0.21347,180,0,0,344720
0,4,0,0.5,-0.21293,180,0,0,344738
0,8,0,0.5,-0.21185,180,0,31,344754
0,3,-1,0.5,-0.211445,180,0,0,344771
0,1,-1,0.5,-0.21131,180,0,0,344790
0,0,-1,0.5,-0.21131,180,0,0,344803
0,-1,-1,0.5,-0.211445,180,0,0,344823
0,-4,0,0.5,-0.211985,180,0,0,344838
0,-5,0,0.5,-0.21266,180,0,0,344853
0,-7,0,0.5,-0.213605,180,0,0,344871
0,-6,0,0.5,-0.214415,180,0,0,344892
0,-5,0,0.5,-0.21509,180,0,0,344911
0,-5,0,0.5,-0.215765,180,0,0,344921
0,-3,0,0.5,-0.21617,180,0,0,344937
0,-2,0,0.5,-0.21644,180,0,0,344954
0,-1,0,0.5,-0.216575,180,0,0,344970
0,-2,0,0.5,-0.216845,180,0,0,344988
0,0,0,0.5,-0.216845,180,0,0,345003
0,0,1,0.5,-0.216845,180,0,0,345020
0,4,0,0.5,-0.216305,180,0,31,345037
0,5,0,0.5,-0.21563,180,0,31,345054
0,6,0,0.5,-0.21482,180,0,31,345070
0,6,-1,0.5,-0.21401,180,0,31,345088
0,10,-4,0.5,-0.21266,180,0,0,345106
0,0,0,0.5,-0.21266,180,0,0,345121
0,9,-4,0.5,-0.211445,180,0,0,345147
0,5,-2,0.5,-0.21077,180,0,0,345156
0,6,-1,0.5,-0.20996,180,0,0,345171
0,6,-1,0.5,-0.20915,180,0,31,345189
0,5,-1,0.5,-0.208475,180,0,31,345207
0,4,-1,0.5,-0.207935,180,0,31,345221
0,3,-1,0.5,-0.20753,180,0,31,345240
0,3,-1,0.5,-0.207125,180,0,0,345255
0,2,0,0.5,-0.206855,180,0,0,345273
0,1,0,0.5,-0.20672,180,0,0,345287
0,1,0,0.5,-0.206585,180,0,0,345305
0,1,0,0.5,-0.20645,180,0,0,345322
0,2,0,0.5,-0.20618,180,0,0,345341
0,3,-1,0.5,-0.205775,180,0,31,345355
0,5,-1,0.5,-0.2051,180,0,31,345372
0,8,-2,0.5,-0.20402,180,0,31,345388
0,9,-1,0.5,-0.202805,180,0,0,345407
0,10,-1,0.5,-0.201455,180,0,0,345425
0,21,-1,0.5,-0.19862,180,0,0,345444
0,0,0,0.5,-0.19862,180,0,0,345455
0,9,0,0.5,-0.197405,180,0,0,345472
0,9,0,0.5,-0.19619,180,0,0,345488
0,9,0,0.5,-0.194975,180,0,31,345505
0,15,0,0.5,-0.19295,180,0,31,345523
0,6,-1,0.5,-0.19214,180,0,31,345539
0,5,-2,0.5,-0.191465,180,0,0,345555
0,4,-1,0.5,-0.190925,180,0,0,345572
0,3,-1,0.5,-0.19052,180,0,0,345590
0,2,-1,0.5,-0.19025,180,0,0,345606
0,2,-1,0.5,-0.18998,180,0,31,345625
0,2,-1,0.5,-0.18971,180,0,31,345638
0,3,-1,0.5,-0.189305,180,0,31,345657
0,3,-1,0.5,-0.1889,180,0,31,345674
0,3,-1,0.5,-0.188495,180,0,0,345694
0,3,-1,0.5,-0.18809,180,0,0,345705
0,4,0,0.5,-0.18755,180,0,0,345722
0,4,0,0.5,-0.18701,180,0,0,345740
0,5,0,0.5,-0.186335,180,0,0,345756
0,6,0,0.5,-0.185525,180,0,31,345774
0,7,-1,0.5,-0.18458,180,0,31,345792
0,10,0,0.5,-0.18323,180,0,31,345807
0,11,0,0.5,-0.181745,180,0,31,345823
0,10,0,0.5,-0.180395,180,0,0,345840
0,11,0,0.5,-0.17891,180,0,0,345855
0,10,0,0.5,-0.17756,180,0,0,345872
0,16,-1,0.5,-0.1754,180,0,0,345892
0,8,0,0.5,-0.17432,180,0,0,345906
0,11,0,0.5,-0.172835,180,0,31,345922
0,10,0,0.5,-0.171485,180,0,31,345939
0,11,0,0.5,-0.17,180,0,31,345958
0,9,0,0.5,-0.168785,180,0,0,345977
0,9,0,0.5,-0.16757,180,0,0,345990
0,7,0,0.5,-0.166625,180,0,0,346005
0,6,0,0.5,-0.165815,180,0,0,346023
0,3,0,0.5,-0.16541,180,0,0,346040
0,2,1,0.5,-0.16514,180,0,0,346057
0,2,0,0.5,-0.16487,180,0,0,346074
0,2,0,0.5,-0.1646,180,0,31,346091
0,3,0,0.5,-0.164195,180,0,31,346106
0,4,1,0.5,-0.163655,180,0,31,346124
0,6,1,0.5,-0.162845,180,0,0,346139
0,5,1,0.5,-0.16217,180,0,0,346156
0,4,0,0.5,-0.16163,180,0,0,346177
0,3,0,0.5,-0.161225,180,0,0,346190
0,1,0,0.5,-0.16109,180,0,0,346207
0,0,0,0.5,-0.16109,180,0,0,346222
0,-4,0,0.5,-0.16163,180,0,0,346241
0,-3,-1,0.5,-0.162035,180,0,31,346258
0,0,-1,0.5,-0.162035,180,0,31,346280
0,4,0,0.5,-0.161495,180,0,31,346291
0,2,0,0.5,-0.161225,180,0,0,346306
0,2,0,0.5,-0.160955,180,0,0,346323
0,2,1,0.5,-0.160685,180,0,0,346342
0,3,0,0.5,-0.16028,180,0,0,346359
0,5,0,0.5,-0.159605,180,0,0,346373
0,6,0,0.5,-0.158795,180,0,0,346390
0,4,0,0.5,-0.158255,180,0,31,346409
0,6,-1,0.5,-0.157445,180,0,31,346428
0,4,-1,0.5,-0.156905,180,0,31,346443
0,0,-2,0.5,-0.156905,180,0,31,346457
0,-1,-1,0.5,-0.15704,180,0,0,346474
0,-3,-2,0.5,-0.157445,180,0,0,346492
0,-8,-2,0.5,-0.158525,180,0,0,346509
0,-7,-1,0.5,-0.15947,180,0,0,346525
0,-7,-1,0.5,-0.160415,180,0,0,346543
0,-6,-1,0.5,-0.161225,180,0,0,346557
0,-3,0,0.5,-0.16163,180,0,0,346574
0,-1,0,0.5,-0.161765,180,0,0,346591
0,0,0,0.5,-0.161765,180,0,31,346608
0,7,2,0.5,-0.16082,180,0,0,346629
0,6,2,0.5,-0.16001,180,0,0,346646
0,7,2,0.5,-0.159065,180,0,0,346663
0,10,2,0.5,-0.157715,180,0,0,346675
0,11,2,0.5,-0.15623,180,0,0,346695
0,14,3,0.5,-0.15434,180,0,0,346709
0,16,2,0.5,-0.15218,180,0,0,346726
0,16,2,0.5,-0.15002,180,0,0,346745
0,15,2,0.5,-0.147995,180,0,0,346763
0,14,1,0.5,-0.146105,180,0,31,346775
0,11,0,0.5,-0.14462,180,0,31,346793
0,6,-1,0.5,-0.14381,180,0,31,346808
0,4,-2,0.5,-0.14327,180,0,0,346826
0,1,-2,0.5,-0.143135,180,0,0,346845
0,0,-2,0.5,-0.143135,180,0,0,346861
0,0,-2,0.5,-0.143135,180,0,0,346875
0,-1,-2,0.5,-0.14327,180,0,0,346893
0,-1,-2,0.5,-0.143405,180,0,0,346908
0,-1,-1,0.5,-0.14354,180,0,0,346925
0,-2,-1,0.5,-0.14381,180,0,0,346942
0,-6,0,0.5,-0.14462,180,0,0,346957
0,-7,0,0.5,-0.145565,180,0,0,346974
0,-6,1,0.5,-0.146375,180,0,0,346995
0,-7,1,0.5,-0.14732,180,0,0,347009
0,-9,2,0.5,-0.148535,180,0,0,347026
0,-4,1,0.5,-0.149075,180,0,0,347043
0,-2,1,0.5,-0.149345,180,0,0,347058
0,-1,1,0.5,-0.14948,180,0,0,347076
0,0,1,0.5,-0.14948,180,0,0,347094
0,2,1,0.5,-0.14921,180,0,0,347113
0,4,2,0.5,-0.14867,180,0,0,347129
0,5,1,0.5,-0.147995,180,0,0,347141
0,2,1,0.5,-0.147725,180,0,0,347160
0,2,1,0.5,-0.147455,180,0,0,347176
0,0,2,0.5,-0.147455,180,0,0,347193
0,-1,1,0.5,-0.14759,180,0,0,347208
0,-1,1,0.5,-0.147725,180,0,0,347225
0,-7,1,0.5,-0.14867,180,0,0,347245
0,-5,1,0.5,-0.149345,180,0,0,347261
0,-7,0,0.5,-0.15029,180,0,0,347279
0,-9,0,0.5,-0.151505,180,0,0,347293
0,-10,0,0.5,-0.152855,180,0,0,347308
0,-10,1,0.5,-0.154205,180,0,0,347328
0,-10,1,0.5,-0.155555,180,0,0,347343
0,-8,1,0.5,-0.156635,180,0,0,347359
0,-6,1,0.5,-0.157445,180,0,0,347377
0,-4,2,0.5,-0.157985,180,0,0,347394
0,-4,2,0.5,-0.158525,180,0,0,347410
0,-2,3,0.5,-0.158795,180,0,0,347427
0,1,2,0.5,-0.15866,180,0,0,347443
0,3,1,0.5,-0.158255,180,0,0,347460
0,4,1,0.5,-0.157715,180,0,0,347476
0,6,2,0.5,-0.156905,180,0,0,347493
0,5,1,0.5,-0.15623,180,0,31,347509
0,4,1,0.5,-0.15569,180,0,31,347528
0,3,1,0.5,-0.155285,180,0,31,347544
0,3,1,0.5,-0.15488,180,0,0,347563
0,2,1,0.5,-0.15461,180,0,0,347575
0,0,1,0.5,-0.15461,180,0,0,347594
0,0,1,0.5,-0.15461,180,0,0,347611
0,-2,2,0.5,-0.15488,180,0,0,347628
0,-4,2,0.5,-0.15542,180,0,0,347652
0,-5,2,0.5,-0.156095,180,0,0,347661
0,-10,2,0.5,-0.157445,180,0,0,347676
0,-12,2,0.5,-0.159065,180,0,0,347693
0,-13,1,0.5,-0.16082,180,0,0,347713
0,-15,1,0.5,-0.162845,180,0,0,347727
0,-15,1,0.5,-0.16487,180,0,0,347744
0,-17,1,0.5,-0.167165,180,0,0,347761
0,-15,1,0.5,-0.16919,180,0,0,347778
0,-21,2,0.5,-0.172025,180,0,0,347797
0,-3,1,0.5,-0.17243,180,0,0,347813
0,-1,3,0.5,-0.172565,180,0,0,347829
0,3,3,0.5,-0.17216,180,0,0,347843
0,8,3,0.5,-0.17108,180,0,0,347862
0,9,3,0.5,-0.169865,180,0,0,347878
0,12,3,0.5,-0.168245,180,0,0,347894
0,12,3,0.5,-0.166625,180,0,31,347915
0,10,2,0.5,-0.165275,180,0,31,347930
0,5,3,0.5,-0.1646,180,0,0,347944
0,3,2,0.5,-0.164195,180,0,0,347961
0,-1,2,0.5,-0.16433,180,0,0,347982
0,-5,1,0.5,-0.165005,180,0,0,347995
0,-6,1,0.5,-0.165815,180,0,0,348014
0,-7,0,0.5,-0.16676,180,0,0,348028
0,-6,0,0.5,-0.16757,180,0,0,348043
0,-5,1,0.5,-0.168245,180,0,0,348060
0,-2,2,0.5,-0.168515,180,0,0,348077
0,1,2,0.5,-0.16838,180,0,0,348097
0,3,1,0.5,-0.167975,180,0,0,348119
0,16,5,0.5,-0.165815,180,0,0,348138
0,0,0,0.5,-0.165815,180,0,0,348144
0,9,3,0.5,-0.1646,180,0,0,348160
0,8,3,0.5,-0.16352,180,0,0,348178
0,13,6,0.5,-0.161765,180,0,0,348200
0,4,3,0.5,-0.161225,180,0,0,348214
0,4,4,0.5,-0.160685,180,0,0,348235
0,1,3,0.5,-0.16055,180,0,0,348246
0,2,4,0.5,-0.16028,180,0,0,348262
0,3,4,0.5,-0.159875,180,0,0,348283
0,5,4,0.5,-0.1592,180,0,0,348295
0,9,5,0.5,-0.157985,180,0,0,348312
0,12,5,0.5,-0.156365,180,0,0,348331
0,16,6,0.5,-0.154205,180,0,0,348345
0,18,7,0.5,-0.151775,180,0,0,348365
0,23,6,0.5,-0.14867,180,0,0,348382
0,24,6,0.5,-0.14543,180,0,0,348396
0,26,6,0.5,-0.14192,180,0,0,348413
0,26,5,0.5,-0.13841,180,0,0,348431
0,23,4,0.5,-0.135305,180,0,0,348447
0,21,3,0.5,-0.13247,180,0,0,348464
0,20,2,0.5,-0.12977,180,0,0,348479
0,15,2,0.5,-0.127745,180,0,0,348495
0,11,1,0.5,-0.12626,180,0,0,348513
0,11,0,0.5,-0.124775,180,0,0,348531
0,0,0,0.5,-0.124775,180,0,0,348545
0,4,0,0.5,-0.124235,180,0,0,348563
0,5,0,0.5,-0.12356,180,0,0,348580
0,2,0,0.5,-0.12329,180,0,0,348595
0,5,1,0.5,-0.122615,180,0,31,348612
0,7,0,0.5,-0.12167,180,0,0,348628
0,9,1,0.5,-0.120455,180,0,0,348646
0,9,1,0.5,-0.11924,180,0,0,348663
0,10,1,0.5,-0.11789,180,0,0,348681
0,10,0,0.5,-0.11654,180,0,0,348695
0,10,0,0.5,-0.11519,180,0,0,348712
0,11,0,0.5,-0.113705,180,0,0,348729
0,10,0,0.5,-0.112355,180,0,31,348745
0,12,0,0.5,-0.110735,180,0,31,348764
0,14,0,0.5,-0.108845,180,0,0,348780
0,15,0,0.5,-0.10682,180,0,0,348795
0,15,0,0.5,-0.104795,180,0,0,348812
0,18,1,0.5,-0.102365,180,0,0,348830
0,18,0,0.5,-0.099935,180,0,0,348845
0,20,0,0.5,-0.097235,180,0,0,348862
0,20,0,0.5,-0.094535,180,0,0,348878
0,18,0,0.5,-0.092105,180,0,0,348895
0,16,1,0.5,-0.089945,180,0,0,348912
0,17,0,0.5,-0.08765,180,0,0,348932
0,0,0,0.5,-0.08765,180,0,0,348945
0,7,0,0.5,-0.086705,180,0,0,348962
0,0,0,0.5,-0.086705,180,0,0,348979
0,-4,1,0.5,-0.087245,180,0,0,348996
0,-4,0,0.5,-0.087785,180,0,0,349016
0,-4,1,0.5,-0.088325,180,0,0,349030
0,-3,0,0.5,-0.08873,180,0,0,349045
0,0,1,0.5,-0.08873,180,0,0,349062
0,1,1,0.5,-0.088595,180,0,0,349078
0,3,1,0.5,-0.08819,180,0,0,349095
0,4,2,0.5,-0.08765,180,0,31,349113
0,5,3,0.5,-0.086975,180,0,0,349129
0,5,3,0.5,-0.0863,180,0,0,349153
0,7,2,0.5,-0.085355,180,0,0,349162
0,18,4,0.5,-0.082925,180,0,0,349187
0,0,0,0.5,-0.082925,180,0,0,349197
0,11,2,0.5,-0.08144,180,0,0,349213
0,11,3,0.5,-0.079955,180,0,0,349230
0,14,3,0.5,-0.078065,180,0,0,349249
0,15,3,0.5,-0.07604,180,0,0,349265
0,17,3,0.5,-0.073745,180,0,0,349281
0,20,4,0.5,-0.071045,180,0,0,349296
0,22,4,0.5,-0.068075,180,0,0,349314
0,46,8,0.5,-0.061865,180,0,0,349337
0,23,4,0.5,-0.05876,180,0,0,349349
0,21,4,0.5,-0.055925,180,0,0,349365
0,20,5,0.5,-0.053225,180,0,0,349381
0,18,5,0.5,-0.050795,180,0,0,349400
0,16,5,0.5,-0.048635,180,0,0,349416
0,12,4,0.5,-0.047015,180,0,0,349432
0,10,3,0.5,-0.045665,180,0,0,349446
0,6,1,0.5,-0.044855,180,0,0,349466
0,6,0,0.5,-0.044045,180,0,0,349481
0,4,0,0.5,-0.043505,180,0,0,349496
0,3,-1,0.5,-0.0431,180,0,0,349515
0,2,-1,0.5,-0.04283,180,0,0,349533
0,4,-2,0.5,-0.04229,180,0,31,349554
0,5,-2,0.5,-0.041615,180,0,0,349564
0,6,-1,0.5,-0.040805,180,0,0,349580
0,7,-1,0.5,-0.03986,180,0,0,349596
0,10,0,0.5,-0.03851,180,0,0,349616
0,13,0,0.5,-0.036755,180,0,0,349630
0,14,0,0.5,-0.034865,180,0,0,349646
0,18,0,0.5,-0.032435,180,0,0,349663
0,18,1,0.5,-0.030005,180,0,0,349679
0,19,1,0.5,-0.02744,180,0,0,349698
0,43,2,0.5,-0.021635,180,0,0,349715
0,27,1,0.5,-0.01799,180,0,0,349734
0,27,2,0.5,-0.014345,180,0,0,349747
0,25,1,0.5,-0.01097,180,0,0,349764
0,25,2,0.5,-0.007595,180,0,0,349781
0,26,3,0.5,-0.004085,180,0,0,349798
0,22,3,0.5,-0.001115,180,0,0,349818
0,23,2,0.5,0.00199,180,0,0,349834
0,24,0,0.5,0.00523,180,0,0,349847
0,24,0,0.5,0.00847,180,0,0,349865
0,22,0,0.5,0.01144,180,0,0,349880
0,20,-1,0.5,0.01414,180,0,0,349898
0,14,-1,0.5,0.01603,180,0,0,349917
0,12,-1,0.5,0.01765,180,0,0,349933
0,8,-1,0.5,0.01873,180,0,0,349947
0,8,-2,0.5,0.01981,180,0,0,349965
0,6,-1,0.5,0.02062,180,0,0,349980
0,7,-1,0.5,0.021565,180,0,0,349999
0,9,-1,0.5,0.02278,180,0,0,350015
0,11,0,0.5,0.024265,180,0,0,350031
0,14,0,0.5,0.026155,180,0,0,350047
0,15,0,0.5,0.02818,180,0,0,350063
0,15,0,0.5,0.030205,180,0,0,350081
0,16,-1,0.5,0.032365,180,0,31,350102
0,28,-1,0.5,0.036145,180,0,0,350119
0,11,0,0.5,0.03763,180,0,0,350132
0,6,0,0.5,0.03844,180,0,0,350147
0,2,0,0.5,0.03871,180,0,0,350167
0,0,0,0.5,0.03871,180,0,0,350182
0,-2,-2,0.5,0.03844,180,0,0,350198
0,-4,-1,0.5,0.0379,180,0,0,350219
0,-4,-1,0.5,0.03736,180,0,0,350234
0,-2,-1,0.5,0.03709,180,0,0,350247
0,-2,-1,0.5,0.03682,180,0,0,350266
0,0,0,0.5,0.03682,180,0,0,350286
0,8,0,0.5,0.0379,180,0,0,350301
0,10,0,0.5,0.03925,180,0,0,350316
0,13,1,0.5,0.041005,180,0,0,350332
0,15,1,0.5,0.04303,180,0,0,350348
0,16,2,0.5,0.04519,180,0,0,350366
0,17,2,0.5,0.047485,180,0,0,350383
0,20,3,0.5,0.050185,180,0,0,350404
0,22,4,0.5,0.053155,180,0,0,350420
0,25,4,0.5,0.05653,180,0,0,350435
0,27,5,0.5,0.060175,180,0,0,350452
0,25,3,0.5,0.06355,180,0,0,350465
0,37,5,0.5,0.068545,180,0,0,350485
0,13,1,0.5,0.0703,180,0,0,350501
0,10,0,0.5,0.07165,180,0,0,350515
0,7,0,0.5,0.072595,180,0,0,350537
0,5,0,0.5,0.07327,180,0,0,350548
0,4,1,0.5,0.07381,180,0,0,350565
0,5,1,0.5,0.074485,180,0,0,350583
0,7,0,0.5,0.07543,180,0,0,350602
0,10,0,0.5,0.07678,180,0,0,350618
0,13,0,0.5,0.078535,180,0,0,350638
0,14,0,0.5,0.080425,180,0,0,350652
0,15,0,0.5,0.08245,180,0,0,350665
0,17,0,0.5,0.084745,180,0,0,350683
0,18,0,0.5,0.087175,180,0,0,350699
0,22,1,0.5,0.090145,180,0,0,350718
0,24,0,0.5,0.093385,180,0,0,350735
0,24,1,0.5,0.096625,180,0,0,350748
0,25,1,0.5,0.1,180,0,0,350765
0,26,0,0.5,0.10351,180,0,0,350783
0,27,1,0.5,0.107155,180,0,0,350801
0,23,2,0.5,0.11026,180,0,0,350815
0,22,3,0.5,0.11323,180,0,0,350835
0,17,1,0.5,0.115525,180,0,0,350849
0,16,1,0.5,0.117685,180,0,0,350866
0,2,-1,0.5,0.117955,180,0,0,350886
0,-1,-2,0.5,0.11782,180,0,0,350900
0,0,-1,0.5,0.11782,180,0,0,350922
0,0,-1,0.5,0.11782,180,0,0,350935
0,3,0,0.5,0.118225,180,0,0,350950
0,6,0,0.5,0.119035,180,0,0,350967
0,6,0,0.5,0.119845,180,0,0,350983
0,8,0,0.5,0.120925,180,0,0,350999
0,6,-1,0.5,0.121735,180,0,0,351016
0,6,-1,0.5,0.122545,180,0,0,351037
0,6,-1,0.5,0.123355,180,0,0,351054
0,7,-1,0.5,0.1243,180,0,0,351067
0,10,0,0.5,0.12565,180,0,0,351088
0,11,0,0.5,0.127135,180,0,31,351103
0,12,0,0.5,0.128755,180,0,31,351118
0,10,0,0.5,0.130105,180,0,31,351133
0,9,0,0.5,0.13132,180,0,0,351149
0,5,0,0.5,0.131995,180,0,0,351167
0,4,-1,0.5,0.132535,180,0,0,351184
0,1,-1,0.5,0.13267,180,0,0,351202
0,2,-1,0.5,0.13294,180,0,0,351216
0,0,-1,0.5,0.13294,180,0,0,351234
0,2,-2,0.5,0.13321,180,0,0,351252
0,1,0,0.5,0.133345,180,0,0,351267
0,2,-1,0.5,0.133615,180,0,31,351285
0,1,0,0.5,0.13375,180,0,31,351300
0,3,0,0.5,0.134155,180,0,0,351316
0,4,0,0.5,0.134695,180,0,0,351334
0,5,0,0.5,0.13537,180,0,0,351351
0,7,-1,0.5,0.136315,180,0,0,351366
0,8,-1,0.5,0.137395,180,0,0,351386
0,10,-1,0.5,0.138745,180,0,0,351400
0,11,-1,0.5,0.14023,180,0,0,351417
0,12,-1,0.5,0.14185,180,0,31,351433
0,15,0,0.5,0.143875,180,0,31,351454
0,17,0,0.5,0.14617,180,0,31,351469
0,19,-1,0.5,0.148735,180,0,0,351485
0,19,-1,0.5,0.1513,180,0,0,351502
0,17,0,0.5,0.153595,180,0,0,351519
0,35,0,0.5,0.15832,180,0,0,351541
0,16,1,0.5,0.16048,180,0,0,351556
0,0,0,0.5,0.16048,180,0,0,351566
0,16,1,0.5,0.16264,180,0,0,351583
0,26,4,0.5,0.16615,180,0,0,351604
0,12,1,0.5,0.16777,180,0,0,351618
0,13,1,0.5,0.169525,180,0,0,351636
0,14,0,0.5,0.171415,180,0,0,351651
0,15,-1,0.5,0.17344,180,0,0,351669
0,16,0,0.5,0.1756,180,0,0,351683
0,16,0,0.5,0.17776,180,0,31,351702
0,18,0,0.5,0.18019,180,0,31,351718
0,15,-1,0.5,0.182215,180,0,31,351735
0,13,-1,0.5,0.18397,180,0,31,351751
0,11,-2,0.5,0.185455,180,0,0,351768
0,9,-2,0.5,0.18667,180,0,0,351784
0,11,-2,0.5,0.188155,180,0,0,351806
0,13,-1,0.5,0.18991,180,0,0,351818
0,15,-1,0.5,0.191935,180,0,0,351834
0,17,0,0.5,0.19423,180,0,0,351850
0,17,0,0.5,0.196525,180,0,0,351868
0,16,0,0.5,0.198685,180,0,0,351885
0,16,0,0.5,0.200845,180,0,0,351906
0,14,0,0.5,0.202735,180,0,0,351918
0,13,0,0.5,0.20449,180,0,0,351934
0,17,0,0.5,0.206785,180,0,0,351956
0,6,0,0.5,0.207595,180,0,0,351971
0,6,0,0.5,0.208405,180,0,0,351988
0,0,0,0.5,0.208405,180,0,0,352000
0,9,-1,0.5,0.20962,180,0,0,352017
0,26,-1,0.5,0.21313,180,0,31,352037
0,15,0,0.5,0.215155,180,0,31,352051
0,17,0,0.5,0.21745,180,0,0,352068
0,15,0,0.5,0.219475,180,0,0,352084
0,14,0,0.5,0.221365,180,0,0,352101
0,12,0,0.5,0.222985,180,0,0,352119
0,10,0,0.5,0.224335,180,0,0,352136
0,10,-2,0.5,0.225685,180,0,0,352151
0,8,-3,0.5,0.226765,180,0,0,352170
0,7,-2,0.5,0.22771,180,0,0,352186
0,6,-3,0.5,0.22852,180,0,0,352202
0,4,-3,0.5,0.22906,180,0,0,352218
0,2,-3,0.5,0.22933,180,0,0,352236
0,2,-3,0.5,0.2296,180,0,0,352254
0,1,-3,0.5,0.229735,180,0,0,352270
0,0,-3,0.5,0.229735,180,0,0,352286
0,1,-2,0.5,0.22987,180,0,0,352302
0,3,-2,0.5,0.230275,180,0,0,352320
0,3,-2,0.5,0.23068,180,0,0,352336
0,6,-3,0.5,0.23149,180,0,0,352352
0,6,-3,0.5,0.2323,180,0,31,352369
0,14,-8,0.5,0.23419,180,0,31,352391
0,7,-5,0.5,0.235135,180,0,0,352406
0,7,-4,0.5,0.23608,180,0,0,352421
0,8,-3,0.5,0.23716,180,0,0,352441
0,6,-3,0.5,0.23797,180,0,0,352453
0,5,-2,0.5,0.238645,180,0,0,352469
0,4,0,0.5,0.239185,180,0,0,352485
0,4,0,0.5,0.239725,180,0,0,352503
0,3,0,0.5,0.24013,180,0,0,352519
0,1,2,0.5,0.240265,180,0,0,352540
0,0,2,0.5,0.240265,180,0,0,352553
0,-2,3,0.5,0.239995,180,0,0,352570
0,-4,3,0.5,0.239455,180,0,0,352586
0,-4,3,0.5,0.238915,180,0,0,352603
0,-3,3,0.5,0.23851,180,0,0,352623
0,-4,3,0.5,0.23797,180,0,0,352636
0,-1,2,0.5,0.237835,180,0,0,352653
0,3,2,0.5,0.23824,180,0,0,352671
0,6,2,0.5,0.23905,180,0,0,352690
0,10,2,0.5,0.2404,180,0,0,352709
0,12,2,0.5,0.24202,180,0,0,352720
0,14,2,0.5,0.24391,180,0,0,352736
0,14,2,0.5,0.2458,180,0,0,352753
0,27,4,0.5,0.249445,180,0,0,352775
0,12,2,0.5,0.251065,180,0,0,352792
0,10,2,0.5,0.252415,180,0,0,352805
0,6,1,0.5,0.253225,180,0,0,352823
0,5,0,0.5,0.2539,180,0,0,352835
0,1,-1,0.5,0.254035,180,0,0,352852
0,-2,-3,0.5,0.253765,180,0,0,352871
0,-3,-3,0.5,0.25336,180,0,0,352889
0,-1,-2,0.5,0.253225,180,0,0,352904
0,0,-2,0.5,0.253225,180,0,0,352923
0,3,-1,0.5,0.25363,180,0,31,352936
0,6,0,0.5,0.25444,180,0,0,352954
0,6,0,0.5,0.25525,180,0,0,352970
0,9,0,0.5,0.256465,180,0,0,352989
0,12,1,0.5,0.258085,180,0,0,353007
0,13,2,0.5,0.25984,180,0,0,353020
0,15,1,0.5,0.261865,180,0,0,353037
0,19,3,0.5,0.26443,180,0,0,353054
0,23,3,0.5,0.267535,180,0,0,353074
0,26,3,0.5,0.271045,180,0,0,353089
0,30,4,0.5,0.275095,180,0,0,353107
0,30,4,0.5,0.279145,180,0,0,353123
0,55,6,0.5,0.28657,180,0,0,353142
0,0,0,0.5,0.28657,180,0,0,353153
0,43,7,0.5,0.292375,180,0,0,353173
0,19,4,0.5,0.29494,180,0,0,353190
0,16,4,0.5,0.2971,180,0,0,353205
0,16,4,0.5,0.29926,180,0,0,353224
0,15,3,0.5,0.301285,180,0,0,353238
0,18,2,0.5,0.303715,180,0,0,353253
0,20,1,0.5,0.306415,180,0,0,353270
0,18,0,0.5,0.308845,180,0,0,353287
0,17,0,0.5,0.31114,180,0,0,353303
0,15,0,0.5,0.313165,180,0,0,353322
0,12,0,0.5,0.314785,180,0,0,353336
0,11,-1,0.5,0.31627,180,0,0,353354
0,12,-1,0.5,0.31789,180,0,0,353371
0,12,-1,0.5,0.31951,180,0,0,353388
0,13,-1,0.5,0.321265,180,0,0,353406
0,15,-1,0.5,0.32329,180,0,0,353422
0,15,-1,0.5,0.325315,180,0,0,353438
0,16,0,0.5,0.327475,180,0,0,353454
0,15,0,0.5,0.3295,180,0,0,353471
0,13,-1,0.5,0.331255,180,0,30,353491
0,14,-2,0.5,0.333145,180,0,0,353509
0,4,-1,0.5,0.333685,180,0,0,353527
0,0,0,0.5,0.333685,180,0,0,353537
0,3,-1,0.5,0.33409,180,0,0,353554
0,6,-1,0.5,0.3349,180,0,0,353570
0,11,0,0.5,0.336385,180,0,0,353589
0,5,0,0.5,0.33706,180,0,0,353604
0,1,0,0.5,0.337195,180,0,31,353626
0,1,0,0.5,0.33733,180,0,31,353641
0,1,0,0.5,0.337465,180,0,31,353654
0,1,0,0.5,0.3376,180,0,0,353671
0,2,0,0.5,0.33787,180,0,0,353688
0,5,0,0.5,0.338545,180,0,0,353705
0,6,0,0.5,0.339355,180,0,0,353721
0,7,1,0.5,0.3403,180,0,31,353740
0,7,1,0.5,0.341245,180,0,31,353755
0,7,1,0.5,0.34219,180,0,31,353772
0,5,0,0.5,0.342865,180,0,0,353788
0,4,0,0.5,0.343405,180,0,0,353803
0,4,0,0.5,0.343945,180,0,0,353822
0,4,0,0.5,0.344485,180,0,0,353840
0,6,0,0.5,0.345295,180,0,0,353856
0,8,1,0.5,0.346375,180,0,0,353871
0,9,1,0.5,0.34759,180,0,0,353891
0,11,1,0.5,0.349075,180,0,0,353905
0,31,2,0.5,0.35326,180,0,0,353924
0,17,0,0.5,0.355555,180,0,0,353938
0,18,2,0.5,0.357985,180,0,0,353958
0,18,1,0.5,0.360415,180,0,0,353975
0,22,1,0.5,0.363385,180,0,0,353989
0,20,1,0.5,0.366085,180,0,0,354006
0,20,1,0.5,0.368785,180,0,0,354031
0,20,2,0.5,0.371485,180,0,0,354044
0,20,2,0.5,0.374185,180,0,0,354057
0,18,1,0.5,0.376615,180,0,0,354073
0,18,0,0.5,0.379045,180,0,0,354089
0,19,0,0.5,0.38161,180,0,0,354107
0,19,-1,0.5,0.384175,180,0,0,354124
0,22,-1,0.5,0.387145,180,0,0,354138
0,22,-1,0.5,0.390115,180,0,0,354156
0,21,-1,0.5,0.39295,180,0,0,354172
0,20,0,0.5,0.39565,180,0,0,354189
0,18,0,0.5,0.39808,180,0,0,354205
0,18,0,0.5,0.40051,180,0,0,354223
0,17,0,0.5,0.402805,180,0,0,354239
0,18,0,0.5,0.405235,180,0,0,354255
0,34,0,0.5,0.409825,180,0,0,354275
0,17,0,0.5,0.41212,180,0,0,354294
0,0,0,0.5,0.41212,180,0,0,354310
0,42,1,0.5,0.41779,180,0,0,354323
0,26,1,0.5,0.4213,180,0,0,354339
0,28,1,0.5,0.42508,180,0,0,354357
0,25,0,0.5,0.428455,180,0,0,354375
0,23,0,0.5,0.43156,180,0,0,354391
0,20,-1,0.5,0.43426,180,0,0,354405
0,16,-2,0.5,0.43642,180,0,0,354426
0,16,-2,0.5,0.43858,180,0,0,354441
0,16,-2,0.5,0.44074,180,0,0,354460
0,16,-3,0.5,0.4429,180,0,0,354474
0,18,-4,0.5,0.44533,180,0,0,354495
0,21,-3,0.5,0.448165,180,0,0,354507
0,22,-2,0.5,0.451135,180,0,0,354524
0,22,-2,0.5,0.454105,180,0,0,354541
0,22,-1,0.5,0.457075,180,0,0,354556
0,20,-1,0.5,0.459775,180,0,0,354576
0,19,0,0.5,0.46234,180,0,0,354590
0,17,0,0.5,0.464635,180,0,0,354606
0,17,0,0.5,0.46693,180,0,0,354622
0,15,0,0.5,0.468955,180,0,0,354639
0,34,-2,0.5,0.473545,180,0,0,354664
0,0,0,0.5,0.473545,180,0,0,354673
0,20,-2,0.5,0.476245,180,0,31,354690
0,41,-2,0.5,0.48178,180,0,0,354710
0,19,-1,0.5,0.484345,180,0,0,354723
0,17,-1,0.5,0.48664,180,0,0,354742
0,15,-2,0.5,0.488665,180,0,0,354757
0,14,-3,0.5,0.490555,180,0,0,354774
0,10,-3,0.5,0.491905,180,0,0,354791
0,7,-5,0.5,0.49285,180,0,0,354810
0,0,-4,0.5,0.49285,180,0,0,354827
0,-7,-5,0.5,0.491905,180,0,0,354842
0,-11,-4,0.5,0.49042,180,0,0,354858
0,-14,-4,0.5,0.48853,180,0,0,354878
0,-16,-4,0.5,0.48637,180,0,0,354893
0,-16,-4,0.5,0.48421,180,0,0,354908
0,-13,-2,0.5,0.482455,180,0,0,354925
0,-12,-3,0.5,0.480835,180,0,0,354943
0,-10,-2,0.5,0.479485,180,0,0,354957
0,-9,-1,0.5,0.47827,180,0,0,354975
0,-8,0,0.5,0.47719,180,0,0,354993
0,-8,0,0.5,0.47611,180,0,0,355007
0,-7,1,0.5,0.475165,180,0,0,355024
0,-7,1,0.5,0.47422,180,0,0,355043
0,-6,2,0.5,0.47341,180,0,0,355060
0,-5,2,0.5,0.472735,180,0,0,355076
0,2,4,0.5,0.473005,180,0,0,355094
0,7,2,0.5,0.47395,180,0,0,355110
0,10,2,0.5,0.4753,180,0,0,355124
0,11,1,0.5,0.476785,180,0,0,355141
0,13,1,0.5,0.47854,180,0,0,355160
0,13,0,0.5,0.480295,180,0,0,355174
0,13,0,0.5,0.48205,180,0,0,355197
0,14,0,0.5,0.48394,180,0,0,355211
0,13,0,0.5,0.485695,180,0,0,355224
0,13,0,0.5,0.48745,180,0,0,355243
0,14,0,0.5,0.48934,180,0,0,355259
0,13,1,0.5,0.491095,180,0,0,355275
0,13,1,0.5,0.49285,180,0,0,355293
0,11,1,0.5,0.494335,180,0,0,355307
0,9,1,0.5,0.49555,180,0,0,355325
0,9,2,0.5,0.496765,180,0,0,355343
0,7,2,0.5,0.49771,180,0,0,355358
0,5,2,0.5,0.498385,180,0,0,355378
0,8,1,0.5,0.499465,180,0,0,355393
0,9,1,0.5,0.50068,180,0,0,355408
0,27,1,0.5,0.504325,180,0,0,355434
0,0,0,0.5,0.504325,180,0,0,355443
0,38,4,0.5,0.509455,180,0,0,355464
0,24,3,0.5,0.512695,180,0,0,355478
0,25,3,0.5,0.51607,180,0,0,355495
0,26,4,0.5,0.51958,180,0,0,355509
0,26,4,0.5,0.52309,180,0,0,355525
0,26,4,0.5,0.5266,180,0,0,355543
0,24,3,0.5,0.52984,180,0,0,355560
0,22,2,0.5,0.53281,180,0,0,355583
0,22,2,0.5,0.53578,180,0,0,355597
0,22,1,0.5,0.53875,180,0,0,355610
0,21,0,0.5,0.541585,180,0,0,355625
0,19,0,0.5,0.54415,180,0,0,355642
0,19,0,0.5,0.546715,180,0,0,355658
0,16,0,0.5,0.548875,180,0,0,355675
0,15,0,0.5,0.5509,180,0,0,355692
0,14,2,0.5,0.55279,180,0,0,355710
0,11,2,0.5,0.554275,180,0,0,355726
0,9,2,0.5,0.55549,180,0,0,355745
0,7,2,0.5,0.556435,180,0,0,355759
0,4,2,0.5,0.556975,180,0,0,355775
0,3,4,0.5,0.55738,180,0,0,355796
0,0,0,0.5,0.55738,180,0,0,355810
0,-4,4,0.5,0.55684,180,0,0,355830
0,-3,2,0.5,0.556435,180,0,0,355844
0,0,0,0.5,0.556435,180,0,0,355857
0,-6,1,0.5,0.555625,180,0,0,355875
0,-2,0,0.5,0.555355,180,0,0,355892
0,0,-2,0.5,0.555355,180,0,0,355909
0,1,-1,0.5,0.55549,180,0,0,355926
0,6,-1,0.5,0.5563,180,0,0,355943
0,9,0,0.5,0.557515,180,0,0,355961
0,10,0,0.5,0.558865,180,0,0,355977
0,9,0,0.5,0.56008,180,0,31,355992
0,10,0,0.5,0.56143,180,0,31,356009
0,10,0,0.5,0.56278,180,0,0,356033
0,11,1,0.5,0.564265,180,0,0,356043
0,12,1,0.5,0.565885,180,0,0,356063
0,12,2,0.5,0.567505,180,0,0,356076
0,16,2,0.5,0.569665,180,0,0,356093
0,18,2,0.5,0.572095,180,0,0,356112
0,21,2,0.5,0.57493,180,0,0,356126
0,47,6,0.5,0.581275,180,0,0,356149
0,0,0,0.5,0.581275,180,0,0,356160
0,26,4,0.5,0.584785,180,0,0,356176
0,57,8,0.5,0.59248,180,0,0,356203
0,27,2,0.5,0.596125,180,0,0,356213
0,0,0,0.5,0.596125,180,0,0,356225
0,26,2,0.5,0.599635,180,0,0,356244
0,41,2,0.5,0.60517,180,0,0,356265
0,16,2,0.5,0.60733,180,0,0,356279
0,13,3,0.5,0.609085,180,0,0,356293
0,10,2,0.5,0.610435,180,0,0,356313
0,8,2,0.5,0.611515,180,0,0,356330
0,10,2,0.5,0.612865,180,0,0,356346
0,10,1,0.5,0.614215,180,0,0,356365
0,13,1,0.5,0.61597,180,0,0,356376
0,17,1,0.5,0.618265,180,0,0,356395
0,20,2,0.5,0.620965,180,0,0,356410
0,24,2,0.5,0.624205,180,0,0,356428
0,29,2,0.5,0.62812,180,0,0,356445
0,30,3,0.5,0.63217,180,0,0,356463
0,30,3,0.5,0.63622,180,0,0,356476
0,29,3,0.5,0.640135,180,0,0,356494
0,23,3,0.5,0.64324,180,0,0,356514
0,18,1,0.5,0.64567,180,0,0,356529
0,13,0,0.5,0.647425,180,0,0,356546
0,11,0,0.5,0.64891,180,0,0,356561
0,10,-1,0.5,0.65026,180,0,0,356577
0,10,-1,0.5,0.65161,180,0,0,356595
0,16,-1,0.5,0.65377,180,0,0,356613
0,7,0,0.5,0.654715,180,0,0,356629
0,7,0,0.5,0.65566,180,0,0,356645
0,7,-1,0.5,0.656605,180,0,0,356662
0,7,-1,0.5,0.65755,180,0,0,356677
0,5,-2,0.5,0.658225,180,0,31,356694
0,8,-2,0.5,0.659305,180,0,0,356714
0,7,-2,0.5,0.66025,180,0,0,356730
0,9,-1,0.5,0.661465,180,0,0,356747
0,12,-1,0.5,0.663085,180,0,0,356768
0,14,-1,0.5,0.664975,180,0,0,356778
0,16,-1,0.5,0.667135,180,0,0,356796
0,18,-1,0.5,0.669565,180,0,0,356812
0,20,0,0.5,0.672265,180,0,0,356828
0,22,0,0.5,0.675235,180,0,0,356843
0,22,0,0.5,0.678205,180,0,0,356862
0,24,0,0.5,0.681445,180,0,0,356877
0,25,0,0.5,0.68482,180,0,0,356893
0,52,3,0.5,0.69184,180,0,0,356916
0,0,0,0.5,0.69184,180,0,0,356929
0,52,0,0.5,0.69886,180,0,0,356945
0,0,0,0.5,0.69886,180,0,0,356961
0,25,0,0.5,0.702235,180,0,0,356977
0,21,0,0.5,0.70507,180,0,0,356993
0,19,-1,0.5,0.707635,180,0,0,357012
0,28,-1,0.5,0.71,180,0,0,357031
