0,55,19,0.5,-0.702575,180,0,0,288232
0,19,5,0.5,-0.70001,180,0,0,288238
0,0,0,0.5,-0.70001,180,0,0,288243
0,21,4,0.5,-0.697175,180,0,0,288261
0,20,3,0.5,-0.694475,180,0,0,288278
0,21,2,0.5,-0.69164,180,0,0,288292
0,19,2,0.5,-0.689075,180,0,0,288310
0,18,1,0.5,-0.686645,180,0,0,288325
0,18,1,0.5,-0.684215,180,0,0,288343
0,18,1,0.5,-0.681785,180,0,0,288358
0,18,0,0.5,-0.679355,180,0,0,288375
0,22,1,0.5,-0.676385,180,0,0,288392
0,22,2,0.5,-0.673415,180,0,0,288411
0,23,3,0.5,-0.67031,180,0,0,288427
0,22,4,0.5,-0.66734,180,0,0,288443
0,22,6,0.5,-0.66437,180,0,0,288460
0,39,16,0.5,-0.659105,180,0,0,288490
0,18,9,0.5,-0.656675,180,0,0,288504
0,18,9,0.5,-0.654245,180,0,0,288517
0,19,8,0.5,-0.65168,180,0,0,288527
0,23,8,0.5,-0.648575,180,0,0,288550
0,25,7,0.5,-0.6452,180,0,0,288569
0,25,6,0.5,-0.641825,180,0,0,288582
0,24,5,0.5,-0.638585,180,0,0,288597
0,22,3,0.5,-0.635615,180,0,0,288611
0,20,3,0.5,-0.632915,180,0,0,288626
0,16,2,0.5,-0.630755,180,0,0,288642
0,14,2,0.5,-0.628865,180,0,0,288661
0,11,1,0.5,-0.62738,180,0,0,288676
0,10,2,0.5,-0.62603,180,0,0,288693
0,9,2,0.5,-0.624815,180,0,31,288710
0,9,2,0.5,-0.6236,180,0,31,288725
0,9,2,0.5,-0.622385,180,0,31,288742
0,8,2,0.5,-0.621305,180,0,0,288760
0,10,1,0.5,-0.619955,180,0,0,288775
0,9,1,0.5,-0.61874,180,0,0,288793
0,10,1,0.5,-0.61739,180,0,0,288810
0,12,1,0.5,-0.61577,180,0,0,288825
0,12,2,0.5,-0.61415,180,0,0,288843
0,13,3,0.5,-0.612395,180,0,0,288861
0,27,9,0.5,-0.60875,180,0,0,288878
0,0,0,0.5,-0.60875,180,0,0,288891
0,28,11,0.5,-0.60497,180,0,31,288915
0,15,5,0.5,-0.602945,180,0,31,288926
0,18,5,0.5,-0.600515,180,0,31,288943
0,20,4,0.5,-0.597815,180,0,0,288960
0,23,4,0.5,-0.59471,180,0,0,288976
0,25,4,0.5,-0.591335,180,0,0,288994
0,27,3,0.5,-0.58769,180,0,0,289011
0,26,2,0.5,-0.58418,180,0,0,289027
0,26,1,0.5,-0.58067,180,0,0,289043
0,25,0,0.5,-0.577295,180,0,0,289059
0,23,0,0.5,-0.57419,180,0,0,289075
0,22,0,0.5,-0.57122,180,0,0,289092
0,22,0,0.5,-0.56825,180,0,0,289113
0,21,0,0.5,-0.565415,180,0,0,289125
0,19,0,0.5,-0.56285,180,0,0,289143
0,17,2,0.5,-0.560555,180,0,0,289160
0,14,2,0.5,-0.558665,180,0,0,289177
0,14,3,0.5,-0.556775,180,0,0,289195
0,14,3,0.5,-0.554885,180,0,0,289209
0,14,3,0.5,-0.552995,180,0,0,289228
0,18,3,0.5,-0.550565,180,0,0,289244
0,20,2,0.5,-0.547865,180,0,0,289259
0,49,4,0.5,-0.54125,180,0,0,289278
0,30,2,0.5,-0.5372,180,0,0,289292
0,32,2,0.5,-0.53288,180,0,0,289311
0,34,0,0.5,-0.52829,180,0,0,289326
0,34,0,0.5,-0.5237,180,0,0,289343
0,31,0,0.5,-0.519515,180,0,0,289360
0,27,0,0.5,-0.51587,180,0,0,289375
0,25,0,0.5,-0.512495,180,0,0,289392
0,19,0,0.5,-0.50993,180,0,0,289410
0,15,1,0.5,-0.507905,180,0,0,289426
0,15,2,0.5,-0.50588,180,0,0,289446
0,14,2,0.5,-0.50399,180,0,0,289462
0,12,1,0.5,-0.50237,180,0,0,289475
0,10,0,0.5,-0.50102,180,0,0,289492
0,11,0,0.5,-0.499535,180,0,31,289509
0,9,0,0.5,-0.49832,180,0,31,289525
0,10,0,0.5,-0.49697,180,0,31,289542
0,8,0,0.5,-0.49589,180,0,0,289559
0,9,-1,0.5,-0.494675,180,0,0,289580
0,11,-1,0.5,-0.49319,180,0,0,289592
0,13,-1,0.5,-0.491435,180,0,0,289611
0,16,-1,0.5,-0.489275,180,0,0,289626
0,19,0,0.5,-0.48671,180,0,0,289642
0,50,0,0.5,-0.47996,180,0,0,289660
0,29,-1,0.5,-0.476045,180,0,0,289676
0,30,0,0.5,-0.471995,180,0,0,289691
0,30,0,0.5,-0.467945,180,0,0,289713
0,28,0,0.5,-0.464165,180,0,31,289726
0,23,0,0.5,-0.46106,180,0,31,289742
0,20,-1,0.5,-0.45836,180,0,31,289759
0,16,-2,0.5,-0.4562,180,0,0,289775
0,15,-3,0.5,-0.454175,180,0,0,289800
0,11,-3,0.5,-0.45269,180,0,0,289810
0,9,-3,0.5,-0.451475,180,0,0,289826
0,7,-2,0.5,-0.45053,180,0,0,289842
0,7,-2,0.5,-0.449585,180,0,0,289865
0,8,-3,0.5,-0.448505,180,0,0,289878
0,8,-3,0.5,-0.447425,180,0,0,289893
0,10,-2,0.5,-0.446075,180,0,0,289909
0,10,-3,0.5,-0.444725,180,0,0,289927
0,13,-3,0.5,-0.44297,180,0,0,289946
0,14,-3,0.5,-0.44108,180,0,0,289959
0,18,-3,0.5,-0.43865,180,0,0,289977
0,23,-3,0.5,-0.435545,180,0,0,289994
0,23,-3,0.5,-0.43244,180,0,0,290009
0,43,-3,0.5,-0.426635,180,0,0,290028
0,19,0,0.5,-0.42407,180,0,31,290046
0,0,0,0.5,-0.42407,180,0,31,290058
0,18,0,0.5,-0.42164,180,0,31,290076
0,33,0,0.5,-0.417185,180,0,0,290095
0,17,-1,0.5,-0.41489,180,0,0,290110
0,16,0,0.5,-0.41273,180,0,0,290135
0,16,0,0.5,-0.41057,180,0,0,290142
0,16,0,0.5,-0.40841,180,0,0,290160
0,15,0,0.5,-0.406385,180,0,0,290175
0,13,0,0.5,-0.40463,180,0,0,290193
0,12,1,0.5,-0.40301,180,0,0,290208
0,13,0,0.5,-0.401255,180,0,0,290229
0,12,0,0.5,-0.399635,180,0,0,290243
0,14,0,0.5,-0.397745,180,0,0,290260
0,16,0,0.5,-0.395585,180,0,0,290275
0,17,1,0.5,-0.39329,180,0,0,290292
0,20,1,0.5,-0.39059,180,0,0,290310
0,20,2,0.5,-0.38789,180,0,0,290327
0,21,4,0.5,-0.385055,180,0,0,290344
0,19,5,0.5,-0.38249,180,0,0,290361
0,18,6,0.5,-0.38006,180,0,0,290377
0,13,6,0.5,-0.378305,180,0,0,290398
0,14,7,0.5,-0.376415,180,0,0,290414
0,30,7,0.5,-0.372365,180,0,0,290429
0,0,6,0.5,-0.372365,180,0,0,290444
0,43,11,0.5,-0.36656,180,0,0,290464
0,25,5,0.5,-0.363185,180,0,0,290477
0,27,4,0.5,-0.35954,180,0,0,290498
0,27,3,0.5,-0.355895,180,0,0,290513
0,28,2,0.5,-0.352115,180,0,0,290529
0,28,1,0.5,-0.348335,180,0,0,290547
0,26,0,0.5,-0.344825,180,0,0,290563
0,25,0,0.5,-0.34145,180,0,0,290578
0,24,0,0.5,-0.33821,180,0,0,290597
0,22,0,0.5,-0.33524,180,0,0,290610
0,21,0,0.5,-0.332405,180,0,0,290626
0,17,2,0.5,-0.33011,180,0,0,290644
0,15,3,0.5,-0.328085,180,0,0,290660
0,14,3,0.5,-0.326195,180,0,0,290677
0,14,4,0.5,-0.324305,180,0,0,290702
0,16,2,0.5,-0.322145,180,0,0,290717
0,16,2,0.5,-0.319985,180,0,0,290728
0,20,0,0.5,-0.317285,180,0,0,290742
0,23,0,0.5,-0.31418,180,0,0,290759
0,25,0,0.5,-0.310805,180,0,0,290778
0,26,0,0.5,-0.307295,180,0,0,290794
0,29,1,0.5,-0.30338,180,0,0,290809
0,31,1,0.5,-0.299195,180,0,0,290826
0,58,0,0.5,-0.291365,180,0,0,290843
0,27,0,0.5,-0.28772,180,0,0,290862
0,23,0,0.5,-0.284615,180,0,0,290878
0,21,0,0.5,-0.28178,180,0,0,290893
0,17,0,0.5,-0.279485,180,0,0,290910
0,14,2,0.5,-0.277595,180,0,0,290926
0,13,3,0.5,-0.27584,180,0,0,290946
0,11,2,0.5,-0.274355,180,0,0,290963
0,13,2,0.5,-0.2726,180,0,0,290978
0,13,1,0.5,-0.270845,180,0,0,290993
0,14,0,0.5,-0.268955,180,0,0,291012
0,15,0,0.5,-0.26693,180,0,31,291030
0,16,0,0.5,-0.26477,180,0,31,291044
0,16,0,0.5,-0.26261,180,0,0,291062
0,17,0,0.5,-0.260315,180,0,0,291077
0,15,0,0.5,-0.25829,180,0,0,291094
0,18,0,0.5,-0.25586,180,0,0,291114
0,21,1,0.5,-0.253025,180,0,0,291127
0,24,2,0.5,-0.249785,180,0,0,291143
0,27,2,0.5,-0.24614,180,0,0,291161
0,28,1,0.5,-0.24236,180,0,0,291180
0,53,0,0.5,-0.235205,180,0,0,291197
0,0,0,0.5,-0.235205,180,0,0,291210
0,42,0,0.5,-0.229535,180,0,0,291227
0,20,1,0.5,-0.226835,180,0,0,291246
0,16,3,0.5,-0.224675,180,0,0,291267
0,16,3,0.5,-0.222515,180,0,0,291280
0,16,3,0.5,-0.220355,180,0,0,291298
0,18,2,0.5,-0.217925,180,0,0,291315
0,19,1,0.5,-0.21536,180,0,0,291328
0,22,1,0.5,-0.21239,180,0,0,291346
0,23,1,0.5,-0.209285,180,0,0,291361
0,26,1,0.5,-0.205775,180,0,0,291380
0,28,1,0.5,-0.201995,180,0,0,291395
0,30,2,0.5,-0.197945,180,0,0,291412
0,31,1,0.5,-0.19376,180,0,0,291428
0,29,2,0.5,-0.189845,180,0,0,291447
0,28,1,0.5,-0.186065,180,0,0,291463
0,28,0,0.5,-0.182285,180,0,0,291477
0,24,0,0.5,-0.179045,180,0,0,291497
0,23,1,0.5,-0.17594,180,0,0,291515
0,19,2,0.5,-0.173375,180,0,0,291530
0,18,4,0.5,-0.170945,180,0,0,291546
0,14,4,0.5,-0.169055,180,0,0,291562
0,12,5,0.5,-0.167435,180,0,0,291580
0,21,7,0.5,-0.1646,180,0,0,291599
0,8,3,0.5,-0.16352,180,0,0,291616
0,9,3,0.5,-0.162305,180,0,0,291629
0,10,3,0.5,-0.160955,180,0,0,291650
0,10,3,0.5,-0.159605,180,0,0,291663
0,12,3,0.5,-0.157985,180,0,0,291680
0,10,3,0.5,-0.156635,180,0,0,291696
0,10,2,0.5,-0.155285,180,1,31,291714
0,10,2,0.5,-0.153935,180,1,31,291728
0,9,1,0.5,-0.15272,180,1,0,291746
0,9,1,0.5,-0.151505,180,0,0,291764
0,9,2,0.5,-0.15029,180,0,0,291778
0,7,1,0.5,-0.149345,180,0,0,291798
0,6,2,0.5,-0.148535,180,0,0,291816
0,6,1,0.5,-0.147725,180,0,0,291829
0,8,2,0.5,-0.146645,180,0,0,291846
0,10,2,0.5,-0.145295,180,0,31,291864
0,11,2,0.5,-0.14381,180,0,31,291882
0,10,2,0.5,-0.14246,180,0,31,291900
0,7,1,0.5,-0.141515,180,0,31,291913
0,1,0,0.5,-0.14138,180,0,31,291928
0,0,0,0.5,-0.14138,180,0,0,291945
0,-2,-2,0.5,-0.14165,180,0,0,291963
0,-8,-1,0.5,-0.14273,180,0,0,291980
0,-5,-2,0.5,-0.143405,180,0,31,291997
0,-3,0,0.5,-0.14381,180,0,31,292012
0,-1,0,0.5,-0.143945,180,0,0,292028
0,-1,0,0.5,-0.14408,180,0,0,292045
0,0,0,0.5,-0.14408,180,0,0,292062
0,0,1,0.5,-0.14408,180,0,0,292082
0,0,0,0.5,-0.14408,180,0,31,292097
0,2,0,0.5,-0.14381,180,0,31,292113
0,2,0,0.5,-0.14354,180,0,0,292129
0,1,0,0.5,-0.143405,180,0,0,292145
0,2,-1,0.5,-0.143135,180,0,0,292163
0,1,0,0.5,-0.143,180,0,0,292179
0,1,0,0.5,-0.142865,180,0,31,292199
0,2,-1,0.5,-0.142595,180,0,0,292215
0,2,0,0.5,-0.142325,180,0,0,292229
0,1,0,0.5,-0.14219,180,0,0,292245
0,1,0,0.5,-0.142055,180,0,0,292264
0,0,0,0.5,-0.142055,180,0,0,292282
0,1,0,0.5,-0.14192,180,0,31,292298
0,1,0,0.5,-0.141785,180,0,31,292312
0,2,-1,0.5,-0.141515,180,0,0,292332
0,1,0,0.5,-0.14138,180,0,0,292350
0,0,0,0.5,-0.14138,180,0,0,292367
0,0,0,0.5,-0.14138,180,0,0,292381
0,2,-1,0.5,-0.14111,180,0,0,292397
0,2,0,0.5,-0.14084,180,0,31,292412
0,3,0,0.5,-0.140435,180,0,31,292430
0,2,0,0.5,-0.140165,180,0,0,292446
0,1,0,0.5,-0.14003,180,0,0,292462
0,1,0,0.5,-0.139895,180,0,0,292480
0,1,0,0.5,-0.13976,180,0,0,292496
0,4,0,0.5,-0.13922,180,0,0,292520
0,5,0,0.5,-0.138545,180,0,31,292531
0,4,0,0.5,-0.138005,180,0,31,292547
0,2,0,0.5,-0.137735,180,0,0,292564
0,1,0,0.5,-0.1376,180,0,0,292580
0,0,0,0.5,-0.1376,180,0,0,292596
0,0,0,0.5,-0.1376,180,0,0,292613
0,2,0,0.5,-0.13733,180,0,31,292632
0,2,0,0.5,-0.13706,180,0,31,292646
0,3,0,0.5,-0.136655,180,0,31,292663
0,1,0,0.5,-0.13652,180,0,0,292681
0,1,0,0.5,-0.136385,180,0,0,292696
0,1,0,0.5,-0.13625,180,0,0,292713
0,1,0,0.5,-0.136115,180,0,0,292730
0,3,0,0.5,-0.13571,180,0,31,292747
0,4,0,0.5,-0.13517,180,0,31,292763
0,11,0,0.5,-0.133685,180,0,31,292781
0,3,0,0.5,-0.13328,180,0,0,292797
0,1,1,0.5,-0.133145,180,0,0,292813
0,2,1,0.5,-0.132875,180,0,0,292832
0,2,0,0.5,-0.132605,180,0,0,292846
0,4,1,0.5,-0.132065,180,0,31,292863
0,5,0,0.5,-0.13139,180,0,31,292879
0,4,0,0.5,-0.13085,180,0,31,292900
0,2,0,0.5,-0.13058,180,0,0,292914
0,1,0,0.5,-0.130445,180,0,0,292930
0,0,0,0.5,-0.130445,180,0,0,292949
0,0,0,0.5,-0.130445,180,0,0,292964
0,0,0,0.5,-0.130445,180,0,0,292980
0,3,1,0.5,-0.13004,180,0,31,293000
0,5,0,0.5,-0.129365,180,0,31,293016
0,6,1,0.5,-0.128555,180,0,31,293032
0,7,1,0.5,-0.12761,180,0,0,293048
0,5,1,0.5,-0.126935,180,0,0,293067
0,5,1,0.5,-0.12626,180,0,0,293084
0,3,1,0.5,-0.125855,180,0,0,293100
0,3,2,0.5,-0.12545,180,0,0,293117
0,3,3,0.5,-0.125045,180,0,31,293131
0,7,4,0.5,-0.1241,180,0,31,293150
0,4,1,0.5,-0.12356,180,0,31,293165
0,2,1,0.5,-0.12329,180,0,0,293184
0,0,1,0.5,-0.12329,180,0,0,293199
0,0,2,0.5,-0.12329,180,0,0,293216
0,0,2,0.5,-0.12329,180,0,0,293233
0,0,2,0.5,-0.12329,180,0,0,293249
0,-2,2,0.5,-0.12356,180,0,31,293270
0,-2,2,0.5,-0.12383,180,0,31,293283
0,-3,2,0.5,-0.124235,180,0,0,293299
0,-3,1,0.5,-0.12464,180,0,0,293317
0,-4,1,0.5,-0.12518,180,0,0,293334
0,-5,1,0.5,-0.125855,180,0,0,293353
0,-5,0,0.5,-0.12653,180,0,0,293368
0,-2,0,0.5,-0.1268,180,0,0,293383
0,0,0,0.5,-0.1268,180,0,0,293398
0,4,-1,0.5,-0.12626,180,0,0,293421
0,5,-1,0.5,-0.125585,180,0,31,293436
0,7,-1,0.5,-0.12464,180,0,31,293449
0,6,-1,0.5,-0.12383,180,0,0,293467
0,4,-1,0.5,-0.12329,180,0,0,293484
0,3,0,0.5,-0.122885,180,0,0,293498
0,1,0,0.5,-0.12275,180,0,0,293516
0,0,2,0.5,-0.12275,180,0,0,293531
0,0,5,0.5,-0.12275,180,0,31,293553
0,2,4,0.5,-0.12248,180,0,31,293567
0,2,4,0.5,-0.12221,180,0,31,293582
0,3,4,0.5,-0.121805,180,0,0,293600
0,4,4,0.5,-0.121265,180,0,0,293625
0,7,4,0.5,-0.12032,180,0,0,293634
0,6,3,0.5,-0.11951,180,0,0,293650
0,8,3,0.5,-0.11843,180,0,0,293666
0,8,2,0.5,-0.11735,180,0,0,293683
0,8,1,0.5,-0.11627,180,0,0,293699
0,9,1,0.5,-0.115055,180,0,0,293720
0,10,1,0.5,-0.113705,180,0,0,293733
0,10,0,0.5,-0.112355,180,0,0,293748
0,11,0,0.5,-0.11087,180,0,0,293767
0,10,-1,0.5,-0.10952,180,0,0,293785
0,12,-1,0.5,-0.1079,180,0,0,293800
0,11,0,0.5,-0.106415,180,0,0,293816
0,13,0,0.5,-0.10466,180,0,0,293835
0,14,0,0.5,-0.10277,180,0,0,293852
0,34,3,0.5,-0.09818,180,0,0,293869
0,17,2,0.5,-0.095885,180,0,0,293884
0,0,0,0.5,-0.095885,180,0,0,293900
0,35,6,0.5,-0.09116,180,0,0,293917
0,18,4,0.5,-0.08873,180,0,0,293935
0,16,4,0.5,-0.08657,180,0,0,293951
0,16,5,0.5,-0.08441,180,0,0,293968
0,13,5,0.5,-0.082655,180,0,0,293984
0,13,5,0.5,-0.0809,180,0,0,294001
0,12,5,0.5,-0.07928,180,0,0,294017
0,12,4,0.5,-0.07766,180,0,0,294035
0,14,3,0.5,-0.07577,180,0,0,294053
0,16,2,0.5,-0.07361,180,0,0,294067
0,16,2,0.5,-0.07145,180,0,0,294085
0,16,1,0.5,-0.06929,180,0,0,294101
0,15,0,0.5,-0.067265,180,0,0,294116
0,15,0,0.5,-0.06524,180,0,0,294135
0,14,0,0.5,-0.06335,180,0,0,294149
0,15,0,0.5,-0.061325,180,0,0,294168
0,17,0,0.5,-0.05903,180,0,0,294184
0,18,0,0.5,-0.0566,180,0,0,294200
0,19,0,0.5,-0.054035,180,0,0,294216
0,20,0,0.5,-0.051335,180,0,0,294232
0,22,2,0.5,-0.048365,180,0,0,294251
0,41,6,0.5,-0.04283,180,0,0,294272
0,20,4,0.5,-0.04013,180,0,0,294289
0,19,5,0.5,-0.037565,180,0,0,294301
0,19,5,0.5,-0.035,180,0,0,294322
0,19,5,0.5,-0.032435,180,0,0,294337
0,21,5,0.5,-0.0296,180,0,0,294353
0,22,4,0.5,-0.02663,180,0,0,294370
0,24,4,0.5,-0.02339,180,0,0,294390
0,25,3,0.5,-0.020015,180,0,0,294401
0,24,2,0.5,-0.016775,180,0,0,294421
0,20,2,0.5,-0.014075,180,0,0,294437
0,19,2,0.5,-0.01151,180,0,0,294453
0,16,2,0.5,-0.00935,180,0,0,294468
0,14,2,0.5,-0.00746,180,0,0,294485
0,13,1,0.5,-0.005705,180,0,31,294504
0,10,1,0.5,-0.004355,180,0,0,294522
0,11,1,0.5,-0.00287,180,0,0,294536
0,10,2,0.5,-0.00152,180,0,0,294554
0,10,2,0.5,-0.00017,180,0,0,294574
0,6,3,0.5,0.00064,180,0,0,294585
0,3,4,0.5,0.001045,180,0,0,294604
0,2,4,0.5,0.001315,180,0,0,294625
0,1,5,0.5,0.00145,180,0,31,294637
0,0,3,0.5,0.00145,180,0,31,294652
0,1,4,0.5,0.001585,180,0,31,294668
0,5,10,0.5,0.00226,180,0,0,294686
0,4,7,0.5,0.0028,180,0,0,294706
0,4,5,0.5,0.00334,180,0,0,294720
0,8,6,0.5,0.00442,180,0,0,294736
0,12,5,0.5,0.00604,180,0,0,294759
0,15,5,0.5,0.008065,180,0,0,294771
0,17,5,0.5,0.01036,180,0,0,294787
0,15,5,0.5,0.012385,180,0,0,294807
0,14,6,0.5,0.014275,180,0,0,294823
0,11,7,0.5,0.01576,180,0,0,294840
0,8,5,0.5,0.01684,180,0,0,294858
0,7,4,0.5,0.017785,180,0,0,294870
0,5,2,0.5,0.01846,180,0,0,294887
0,0,2,0.5,0.01846,180,0,0,294902
0,-2,2,0.5,0.01819,180,0,0,294919
0,-9,3,0.5,0.016975,180,0,0,294935
0,-13,3,0.5,0.01522,180,0,0,294954
0,-16,2,0.5,0.01306,180,0,0,294971
0,-18,1,0.5,0.01063,180,0,0,294985
0,-19,0,0.5,0.008065,180,0,0,295003
0,-20,0,0.5,0.005365,180,0,0,295017
0,-17,0,0.5,0.00307,180,0,0,295034
0,-13,-1,0.5,0.001315,180,0,0,295055
0,-16,-4,0.5,-0.000845,180,0,0,295073
0,-3,-1,0.5,-0.00125,180,0,0,295085
0,-1,0,0.5,-0.001385,180,0,0,295102
0,0,0,0.5,-0.001385,180,0,0,295117
0,5,0,0.5,-0.00071,180,0,0,295137
0,6,1,0.5,0.0001,180,0,0,295157
0,5,1,0.5,0.000775,180,0,0,295169
0,6,2,0.5,0.001585,180,0,0,295186
0,5,2,0.5,0.00226,180,0,0,295202
0,5,2,0.5,0.002935,180,0,0,295219
0,4,2,0.5,0.003475,180,0,0,295235
0,3,2,0.5,0.00388,180,0,0,295253
0,2,1,0.5,0.00415,180,0,0,295273
0,1,1,0.5,0.004285,180,0,0,295287
0,0,2,0.5,0.004285,180,0,0,295302
0,1,3,0.5,0.00442,180,0,0,295325
0,1,4,0.5,0.004555,180,0,0,295342
0,3,5,0.5,0.00496,180,0,0,295355
0,5,5,0.5,0.005635,180,0,0,295374
0,5,4,0.5,0.00631,180,0,0,295386
0,5,3,0.5,0.006985,180,0,0,295404
0,5,3,0.5,0.00766,180,0,0,295419
0,14,2,0.5,0.00955,180,0,0,295441
0,11,1,0.5,0.011035,180,0,0,295455
0,14,1,0.5,0.012925,180,0,0,295470
0,20,2,0.5,0.015625,180,0,0,295487
0,22,1,0.5,0.018595,180,0,0,295502
0,27,1,0.5,0.02224,180,0,0,295523
0,27,1,0.5,0.025885,180,0,0,295540
0,29,2,0.5,0.0298,180,0,0,295555
0,30,3,0.5,0.03385,180,0,0,295571
0,28,5,0.5,0.03763,180,0,0,295588
0,23,7,0.5,0.040735,180,0,0,295604
0,21,9,0.5,0.04357,180,0,0,295628
0,20,10,0.5,0.04627,180,0,0,295641
0,21,12,0.5,0.049105,180,0,0,295656
0,22,13,0.5,0.052075,180,0,0,295673
0,24,12,0.5,0.055315,180,0,0,295692
0,26,11,0.5,0.058825,180,0,0,295710
0,23,10,0.5,0.06193,180,0,0,295728
0,39,19,0.5,0.067195,180,0,0,295755
0,16,9,0.5,0.069355,180,0,0,295768
0,17,8,0.5,0.07165,180,0,0,295785
0,22,8,0.5,0.07462,180,0,0,295798
0,28,9,0.5,0.0784,180,0,0,295812
0,35,2,0.5,0.083125,180,0,0,295821
0,37,18,0.5,0.08812,180,0,0,295847
0,40,11,0.5,0.09352,180,0,0,295858
0,38,10,0.5,0.09865,180,0,0,295872
0,36,8,0.5,0.10351,180,0,0,295888
0,33,7,0.5,0.107965,180,0,0,295908
0,31,6,0.5,0.11215,180,0,0,295921
0,28,5,0.5,0.11593,180,0,0,295941
0,21,5,0.5,0.118765,180,0,0,295957
0,19,6,0.5,0.12133,180,0,0,295971
0,17,6,0.5,0.123625,180,0,0,295990
0,21,7,0.5,0.12646,180,0,0,296010
0,27,7,0.5,0.130105,180,0,0,296022
0,34,8,0.5,0.134695,180,0,0,296038
0,38,7,0.5,0.139825,180,0,0,296058
0,37,8,0.5,0.14482,180,0,0,296079
0,35,7,0.5,0.149545,180,0,0,296091
0,31,5,0.5,0.15373,180,0,0,296105
0,25,5,0.5,0.157105,180,0,0,296125
0,18,4,0.5,0.159535,180,0,0,296140
0,19,8,0.5,0.1621,180,0,0,296160
0,2,3,0.5,0.16237,180,0,0,296175
0,0,0,0.5,0.16237,180,0,0,296186
0,-1,1,0.5,0.162235,180,0,0,296204
0,-2,1,0.5,0.161965,180,0,0,296222
0,2,0,0.5,0.162235,180,0,0,296237
0,4,0,0.5,0.162775,180,0,0,296253
0,6,0,0.5,0.163585,180,0,0,296270
0,8,0,0.5,0.164665,180,0,31,296292
0,8,0,0.5,0.165745,180,0,31,296304
0,9,0,0.5,0.16696,180,0,31,296322
0,7,0,0.5,0.167905,180,0,0,296337
0,8,1,0.5,0.168985,180,0,0,296356
0,6,2,0.5,0.169795,180,0,0,296374
0,5,3,0.5,0.17047,180,0,0,296392
0,5,4,0.5,0.171145,180,0,0,296404
0,4,5,0.5,0.171685,180,0,0,296426
0,4,5,0.5,0.172225,180,0,0,296439
0,6,6,0.5,0.173035,180,0,0,296455
0,6,6,0.5,0.173845,180,0,0,296474
0,7,6,0.5,0.17479,180,0,0,296490
0,9,7,0.5,0.176005,180,0,0,296506
0,11,7,0.5,0.17749,180,0,0,296523
0,13,7,0.5,0.179245,180,0,0,296543
0,34,15,0.5,0.183835,180,0,0,296563
0,20,0,0.5,0.186535,180,0,0,296572
0,23,12,0.5,0.18964,180,0,0,296598
0,24,6,0.5,0.19288,180,0,31,296617
0,22,4,0.5,0.19585,180,0,31,296624
0,20,4,0.5,0.19855,180,0,31,296643
0,19,3,0.5,0.201115,180,0,31,296657
0,18,3,0.5,0.203545,180,0,0,296674
0,17,3,0.5,0.20584,180,0,0,296690
0,17,2,0.5,0.208135,180,0,0,296706
0,18,3,0.5,0.210565,180,0,0,296726
0,18,3,0.5,0.212995,180,0,0,296742
0,17,3,0.5,0.21529,180,0,0,296755
0,16,4,0.5,0.21745,180,0,0,296775
0,16,4,0.5,0.21961,180,0,0,296792
0,14,4,0.5,0.2215,180,0,0,296806
0,15,5,0.5,0.223525,180,0,0,296825
0,13,5,0.5,0.22528,180,0,0,296844
0,14,4,0.5,0.22717,180,0,0,296861
0,15,4,0.5,0.229195,180,0,0,296874
0,15,2,0.5,0.23122,180,0,0,296890
0,16,1,0.5,0.23338,180,0,0,296907
0,15,0,0.5,0.235405,180,0,0,296923
0,17,0,0.5,0.2377,180,0,0,296938
0,18,0,0.5,0.24013,180,0,0,296955
0,33,0,0.5,0.244585,180,0,31,296972
0,14,1,0.5,0.246475,180,0,31,296992
0,12,1,0.5,0.248095,180,0,31,297005
0,9,0,0.5,0.24931,180,0,0,297026
0,5,0,0.5,0.249985,180,0,0,297038
0,3,0,0.5,0.25039,180,0,0,297056
0,2,0,0.5,0.25066,180,0,0,297074
0,1,0,0.5,0.250795,180,0,0,297089
0,2,0,0.5,0.251065,180,0,0,297108
0,4,1,0.5,0.251605,180,0,0,297122
0,5,1,0.5,0.25228,180,0,0,297138
0,7,2,0.5,0.253225,180,0,31,297159
0,7,2,0.5,0.25417,180,0,31,297175
0,9,2,0.5,0.255385,180,0,31,297190
0,10,1,0.5,0.256735,180,0,31,297207
0,10,1,0.5,0.258085,180,0,0,297223
0,12,1,0.5,0.259705,180,0,0,297239
0,25,5,0.5,0.26308,180,0,0,297266
0,0,0,0.5,0.26308,180,0,0,297275
0,13,5,0.5,0.264835,180,0,0,297294
0,12,5,0.5,0.266455,180,0,0,297308
0,21,11,0.5,0.26929,180,0,0,297336
0,11,5,0.5,0.270775,180,0,0,297351
0,12,4,0.5,0.272395,180,0,0,297360
0,13,4,0.5,0.27415,180,0,0,297373
0,16,4,0.5,0.27631,180,0,0,297391
0,17,3,0.5,0.278605,180,0,0,297408
0,18,2,0.5,0.281035,180,0,0,297424
0,18,1,0.5,0.283465,180,0,0,297439
0,19,1,0.5,0.28603,180,0,0,297456
0,19,0,0.5,0.288595,180,0,0,297475
0,20,0,0.5,0.291295,180,0,0,297490
0,20,0,0.5,0.293995,180,0,0,297508
0,21,0,0.5,0.29683,180,0,0,297523
0,22,-1,0.5,0.2998,180,0,0,297539
0,23,0,0.5,0.302905,180,0,0,297556
0,24,0,0.5,0.306145,180,0,0,297572
0,24,0,0.5,0.309385,180,0,0,297592
0,22,1,0.5,0.312355,180,0,0,297609
0,21,3,0.5,0.31519,180,0,0,297625
0,19,3,0.5,0.317755,180,0,0,297641
0,19,3,0.5,0.32032,180,0,0,297657
0,18,4,0.5,0.32275,180,0,0,297677
0,41,7,0.5,0.328285,180,0,0,297695
0,22,2,0.5,0.331255,180,0,0,297712
0,0,0,0.5,0.331255,180,0,0,297726
0,46,1,0.5,0.337465,180,0,0,297740
0,22,0,0.5,0.340435,180,0,0,297756
0,20,-1,0.5,0.343135,180,0,0,297773
0,21,-1,0.5,0.34597,180,0,0,297791
0,19,-1,0.5,0.348535,180,0,0,297807
0,20,-1,0.5,0.351235,180,0,0,297824
0,20,-1,0.5,0.353935,180,0,0,297840
0,21,0,0.5,0.35677,180,0,0,297861
0,21,0,0.5,0.359605,180,0,0,297873
0,21,0,0.5,0.36244,180,0,0,297891
0,19,2,0.5,0.365005,180,0,0,297910
0,17,2,0.5,0.3673,180,0,0,297925
0,14,3,0.5,0.36919,180,0,31,297941
0,13,4,0.5,0.370945,180,0,31,297959
0,13,3,0.5,0.3727,180,0,0,297976
0,16,3,0.5,0.37486,180,0,0,297993
0,17,2,0.5,0.377155,180,0,0,298007
0,19,3,0.5,0.37972,180,0,0,298029
0,22,3,0.5,0.38269,180,0,0,298044
0,53,6,0.5,0.389845,180,0,0,298062
0,0,0,0.5,0.389845,180,0,0,298073
0,30,2,0.5,0.393895,180,0,0,298090
0,56,2,0.5,0.401455,180,0,0,298109
0,26,0,0.5,0.404965,180,0,0,298124
0,25,0,0.5,0.40834,180,0,0,298141
0,0,0,0.5,0.40834,180,0,0,298160
0,44,1,0.5,0.41428,180,0,0,298180
0,18,3,0.5,0.41671,180,0,0,298192
0,15,4,0.5,0.418735,180,0,0,298210
0,14,5,0.5,0.420625,180,0,0,298226
0,15,5,0.5,0.42265,180,0,0,298243
0,15,4,0.5,0.424675,180,0,0,298262
0,17,4,0.5,0.42697,180,0,0,298276
0,21,3,0.5,0.429805,180,0,0,298292
0,24,2,0.5,0.433045,180,0,0,298308
0,25,3,0.5,0.43642,180,0,0,298331
0,25,2,0.5,0.439795,180,0,0,298345
0,26,2,0.5,0.443305,180,0,0,298364
0,26,2,0.5,0.446815,180,0,0,298375
0,25,1,0.5,0.45019,180,0,0,298392
0,26,0,0.5,0.4537,180,0,0,298407
0,24,0,0.5,0.45694,180,0,0,298425
0,23,0,0.5,0.460045,180,0,31,298443
0,21,0,0.5,0.46288,180,0,31,298457
0,17,0,0.5,0.465175,180,0,0,298474
0,13,1,0.5,0.46693,180,0,0,298491
0,18,2,0.5,0.46936,180,0,0,298510
0,6,8,0.5,0.47017,180,0,0,298532
0,7,5,0.5,0.471115,180,0,0,298547
0,5,4,0.5,0.47179,180,0,0,298564
0,6,5,0.5,0.4726,180,0,0,298576
0,7,5,0.5,0.473545,180,0,0,298592
0,9,5,0.5,0.47476,180,0,0,298615
0,13,5,0.5,0.476515,180,0,0,298630
0,17,5,0.5,0.47881,180,0,0,298646
0,21,5,0.5,0.481645,180,0,0,298659
0,22,5,0.5,0.484615,180,0,0,298677
0,25,4,0.5,0.48799,180,0,0,298693
0,30,4,0.5,0.49204,180,0,0,298710
0,30,3,0.5,0.49609,180,0,0,298727
0,28,2,0.5,0.49987,180,0,0,298746
0,28,2,0.5,0.50365,180,0,0,298760
0,25,0,0.5,0.507025,180,0,0,298775
0,24,0,0.5,0.510265,180,0,0,298793
0,24,0,0.5,0.513505,180,0,0,298808
0,25,0,0.5,0.51688,180,0,0,298826
0,25,1,0.5,0.520255,180,0,0,298843
0,43,3,0.5,0.52606,180,0,0,298862
0,0,2,0.5,0.52606,180,0,0,298878
0,32,6,0.5,0.53038,180,0,0,298899
0,15,3,0.5,0.532405,180,0,0,298913
0,15,3,0.5,0.53443,180,0,0,298927
0,17,2,0.5,0.536725,180,0,0,298943
0,17,2,0.5,0.53902,180,0,0,298959
0,18,1,0.5,0.54145,180,0,0,298979
0,18,0,0.5,0.54388,180,0,0,298994
0,18,0,0.5,0.54631,180,0,0,299008
0,17,0,0.5,0.548605,180,0,31,299026
0,16,0,0.5,0.550765,180,0,31,299045
0,14,0,0.5,0.552655,180,0,0,299060
0,12,0,0.5,0.554275,180,0,0,299077
0,10,0,0.5,0.555625,180,0,0,299093
0,11,0,0.5,0.55711,180,0,0,299114
0,12,0,0.5,0.55873,180,0,0,299125
0,13,0,0.5,0.560485,180,0,0,299142
0,15,0,0.5,0.56251,180,0,0,299158
0,16,0,0.5,0.56467,180,0,0,299177
0,20,0,0.5,0.56737,180,0,0,299193
0,22,0,0.5,0.57034,180,0,0,299211
0,23,0,0.5,0.573445,180,0,0,299227
0,23,0,0.5,0.57655,180,0,0,299243
0,46,2,0.5,0.58276,180,0,0,299267
0,24,2,0.5,0.586,180,0,0,299284
0,23,2,0.5,0.589105,180,0,0,299296
0,21,3,0.5,0.59194,180,0,0,299313
0,22,2,0.5,0.59491,180,0,0,299327
0,20,2,0.5,0.59761,180,0,0,299353
0,20,0,0.5,0.60031,180,0,0,299367
0,19,0,0.5,0.602875,180,0,0,299383
0,17,-1,0.5,0.60517,180,0,0,299393
0,17,-2,0.5,0.607465,180,0,31,299411
0,14,-1,0.5,0.609355,180,0,31,299430
0,14,-2,0.5,0.611245,180,0,0,299445
0,16,-1,0.5,0.613405,180,0,0,299462
0,17,-2,0.5,0.6157,180,0,0,299480
0,20,-1,0.5,0.6184,180,0,0,299494
0,23,-1,0.5,0.621505,180,0,0,299513
0,24,0,0.5,0.624745,180,0,0,299527
0,23,0,0.5,0.62785,180,0,0,299543
0,22,1,0.5,0.63082,180,0,0,299562
0,22,2,0.5,0.63379,180,0,0,299579
0,22,2,0.5,0.63676,180,0,0,299594
0,22,3,0.5,0.63973,180,0,0,299612
0,21,2,0.5,0.642565,180,0,0,299628
0,44,5,0.5,0.648505,180,0,0,299649
0,24,2,0.5,0.651745,180,0,0,299664
0,24,1,0.5,0.654985,180,0,0,299678
0,24,0,0.5,0.658225,180,0,0,299693
0,24,0,0.5,0.661465,180,0,0,299713
0,25,0,0.5,0.66484,180,0,0,299727
0,26,-1,0.5,0.66835,180,0,0,299744
0,26,-1,0.5,0.67186,180,0,0,299768
0,27,-2,0.5,0.675505,180,0,0,299781
0,29,-2,0.5,0.67942,180,0,0,299795
0,30,-2,0.5,0.68347,180,0,0,299811
0,31,0,0.5,0.687655,180,0,0,299835
0,30,0,0.5,0.691705,180,0,0,299849
0,30,0,0.5,0.695755,180,0,0,299861
0,28,1,0.5,0.699535,180,0,0,299878
0,27,0,0.5,0.70318,180,0,0,299893
0,25,2,0.5,0.706555,180,0,0,299913
0,25,2,0.5,0.70993,180,0,0,299929
0,25,2,0.5,0.71,180,0,0,299945
