0,114,-1,0.5,-0.69461,180,0,0,816546
0,19,-1,0.5,-0.692045,180,0,0,816557
0,0,0,0.5,-0.692045,180,0,0,816564
0,19,0,0.5,-0.68948,180,0,0,816579
0,18,1,0.5,-0.68705,180,0,0,816597
0,20,1,0.5,-0.68435,180,0,0,816616
0,21,2,0.5,-0.681515,180,0,0,816633
0,23,2,0.5,-0.67841,180,0,0,816645
0,29,2,0.5,-0.674495,180,0,0,816668
0,32,2,0.5,-0.670175,180,0,0,816679
0,36,0,0.5,-0.665315,180,0,0,816695
0,38,0,0.5,-0.660185,180,0,0,816711
0,40,0,0.5,-0.654785,180,0,0,816728
0,35,0,0.5,-0.65006,180,0,0,816745
0,60,0,0.5,-0.64196,180,0,0,816762
0,24,0,0.5,-0.63872,180,0,0,816781
0,23,0,0.5,-0.635615,180,0,0,816797
0,21,0,0.5,-0.63278,180,0,0,816812
0,18,1,0.5,-0.63035,180,0,0,816829
0,18,1,0.5,-0.62792,180,0,0,816847
0,16,1,0.5,-0.62576,180,0,0,816862
0,16,0,0.5,-0.6236,180,0,0,816878
0,16,0,0.5,-0.62144,180,0,0,816897
0,16,0,0.5,-0.61928,180,0,0,816916
0,13,0,0.5,-0.617525,180,0,0,816929
0,9,1,0.5,-0.61631,180,0,0,816946
0,8,2,0.5,-0.61523,180,0,0,816967
0,6,3,0.5,-0.61442,180,0,0,816979
0,3,5,0.5,-0.614015,180,0,0,816999
0,1,6,0.5,-0.61388,180,0,0,817017
0,0,7,0.5,-0.61388,180,0,0,817035
0,1,7,0.5,-0.613745,180,0,0,817049
0,3,8,0.5,-0.61334,180,0,0,817065
0,4,8,0.5,-0.6128,180,0,0,817081
0,3,8,0.5,-0.612395,180,0,0,817102
0,3,7,0.5,-0.61199,180,0,0,817117
0,-2,13,0.5,-0.61226,180,0,0,817133
0,0,3,0.5,-0.61226,180,0,0,817147
0,-13,19,0.5,-0.614015,180,0,0,817172
0,-11,9,0.5,-0.6155,180,0,0,817186
0,-13,8,0.5,-0.617255,180,0,0,817204
0,-18,7,0.5,-0.619685,180,0,0,817216
0,-20,5,0.5,-0.622385,180,0,0,817230
0,-22,4,0.5,-0.625355,180,0,0,817249
0,-22,2,0.5,-0.628325,180,0,0,817268
0,-21,2,0.5,-0.63116,180,0,0,817279
0,-22,1,0.5,-0.63413,180,0,0,817297
0,-20,0,0.5,-0.63683,180,0,0,817313
0,-19,0,0.5,-0.639395,180,0,0,817330
0,-18,0,0.5,-0.641825,180,0,0,817347
0,-17,0,0.5,-0.64412,180,0,0,817362
0,-14,0,0.5,-0.64601,180,0,0,817379
0,-11,0,0.5,-0.647495,180,0,0,817395
0,-8,-1,0.5,-0.648575,180,0,0,817412
0,-4,-2,0.5,-0.649115,180,0,0,817433
0,-1,-6,0.5,-0.64925,180,0,0,817451
0,0,0,0.5,-0.64925,180,0,0,817464
0,1,-3,0.5,-0.649115,180,0,0,817480
0,2,-3,0.5,-0.648845,180,0,0,817497
0,1,-2,0.5,-0.64871,180,0,0,817513
0,0,-3,0.5,-0.64871,180,0,0,817532
0,-1,0,0.5,-0.648845,180,0,0,817548
0,-2,0,0.5,-0.649115,180,0,0,817566
0,-2,1,0.5,-0.649385,180,0,0,817580
0,-1,2,0.5,-0.64952,180,0,0,817597
0,-1,1,0.5,-0.649655,180,0,0,817613
0,0,1,0.5,-0.649655,180,0,0,817633
0,0,1,0.5,-0.649655,180,0,0,817646
0,2,1,0.5,-0.649385,180,0,0,817663
0,3,2,0.5,-0.64898,180,0,0,817681
0,2,2,0.5,-0.64871,180,0,0,817697
0,2,2,0.5,-0.64844,180,0,0,817714
0,2,3,0.5,-0.64817,180,0,0,817731
0,1,4,0.5,-0.648035,180,0,0,817755
0,1,6,0.5,-0.6479,180,0,0,817771
0,0,6,0.5,-0.6479,180,0,0,817781
0,-1,7,0.5,-0.648035,180,0,0,817798
0,-1,6,0.5,-0.64817,180,0,0,817815
0,-5,6,0.5,-0.648845,180,0,0,817833
0,-8,6,0.5,-0.649925,180,0,0,817849
0,-17,7,0.5,-0.65222,180,0,0,817870
0,-10,2,0.5,-0.65357,180,0,0,817885
0,-9,1,0.5,-0.654785,180,0,0,817900
0,-8,0,0.5,-0.655865,180,0,0,817915
0,-4,0,0.5,-0.656405,180,0,0,817930
0,-2,0,0.5,-0.656675,180,0,0,817947
0,-1,0,0.5,-0.65681,180,0,0,817965
0,0,-1,0.5,-0.65681,180,0,0,817980
0,2,-2,0.5,-0.65654,180,0,0,817997
0,1,-2,0.5,-0.656405,180,0,0,818016
0,1,-3,0.5,-0.65627,180,0,0,818036
0,2,-4,0.5,-0.656,180,0,0,818049
0,1,-4,0.5,-0.655865,180,0,0,818065
0,2,-3,0.5,-0.655595,180,0,0,818081
0,1,-3,0.5,-0.65546,180,0,0,818098
0,1,-2,0.5,-0.655325,180,0,0,818119
0,0,0,0.5,-0.655325,180,0,0,818133
0,3,0,0.5,-0.65492,180,0,0,818149
0,2,1,0.5,-0.65465,180,0,0,818165
0,2,4,0.5,-0.65438,180,0,0,818184
0,1,3,0.5,-0.654245,180,0,0,818201
0,0,4,0.5,-0.654245,180,0,0,818215
0,-1,3,0.5,-0.65438,180,0,0,818231
0,-2,3,0.5,-0.65465,180,0,0,818250
0,-2,5,0.5,-0.65492,180,0,0,818268
0,0,0,0.5,-0.65492,180,0,0,818281
0,2,2,0.5,-0.65465,180,0,0,818298
0,10,7,0.5,-0.6533,180,0,0,818321
0,8,5,0.5,-0.65222,180,0,0,818333
0,8,7,0.5,-0.65114,180,0,0,818350
0,7,8,0.5,-0.650195,180,0,0,818366
0,7,9,0.5,-0.64925,180,0,0,818387
0,8,10,0.5,-0.64817,180,0,0,818401
0,7,10,0.5,-0.647225,180,0,0,818426
0,8,11,0.5,-0.646145,180,0,0,818444
0,16,16,0.5,-0.643985,180,0,0,818467
0,8,17,0.5,-0.642905,180,0,0,818486
0,9,10,0.5,-0.64169,180,0,0,818505
0,9,9,0.5,-0.640475,180,0,0,818520
0,10,10,0.5,-0.639125,180,0,0,818532
0,12,9,0.5,-0.637505,180,0,0,818544
0,14,7,0.5,-0.635615,180,0,0,818558
0,0,1,0.5,-0.635615,180,0,0,818567
0,14,7,0.5,-0.633725,180,0,0,818586
0,18,7,0.5,-0.631295,180,0,0,818603
0,37,14,0.5,-0.6263,180,0,0,818621
0,20,6,0.5,-0.6236,180,0,0,818639
0,21,5,0.5,-0.620765,180,0,0,818652
0,21,5,0.5,-0.61793,180,0,0,818668
0,21,4,0.5,-0.615095,180,0,0,818685
0,21,4,0.5,-0.61226,180,0,0,818702
0,22,4,0.5,-0.60929,180,0,0,818719
0,22,3,0.5,-0.60632,180,0,0,818739
0,23,4,0.5,-0.603215,180,0,0,818751
0,21,3,0.5,-0.60038,180,0,0,818767
0,22,5,0.5,-0.59741,180,0,0,818788
0,20,5,0.5,-0.59471,180,0,0,818804
0,20,6,0.5,-0.59201,180,0,0,818824
0,18,6,0.5,-0.58958,180,0,0,818841
0,17,6,0.5,-0.587285,180,0,0,818853
0,17,6,0.5,-0.58499,180,0,0,818869
0,17,6,0.5,-0.582695,180,0,0,818886
0,17,5,0.5,-0.5804,180,0,0,818903
0,19,5,0.5,-0.577835,180,0,0,818922
0,20,4,0.5,-0.575135,180,0,0,818934
0,22,4,0.5,-0.572165,180,0,0,818951
0,22,3,0.5,-0.569195,180,0,0,818970
0,46,2,0.5,-0.562985,180,0,0,818990
0,20,0,0.5,-0.560285,180,0,0,819003
0,19,0,0.5,-0.55772,180,0,0,819021
0,0,0,0.5,-0.55772,180,0,0,819034
0,30,0,0.5,-0.55367,180,0,0,819050
0,10,0,0.5,-0.55232,180,0,0,819068
0,10,1,0.5,-0.55097,180,0,0,819088
0,7,3,0.5,-0.550025,180,0,0,819102
0,9,5,0.5,-0.54881,180,0,0,819118
0,7,6,0.5,-0.547865,180,0,0,819139
0,7,7,0.5,-0.54692,180,0,0,819154
0,8,9,0.5,-0.54584,180,0,0,819170
0,8,9,0.5,-0.54476,180,0,0,819190
0,9,10,0.5,-0.543545,180,0,0,819209
0,9,10,0.5,-0.54233,180,0,0,819224
0,10,9,0.5,-0.54098,180,0,0,819236
0,14,10,0.5,-0.53909,180,0,0,819253
0,15,9,0.5,-0.537065,180,0,0,819270
0,15,9,0.5,-0.53504,180,0,0,819290
0,10,7,0.5,-0.53369,180,0,0,819308
0,6,12,0.5,-0.53288,180,0,0,819326
0,0,0,0.5,-0.53288,180,0,0,819334
0,-5,5,0.5,-0.533555,180,0,0,819352
0,-17,13,0.5,-0.53585,180,0,0,819378
0,-9,6,0.5,-0.537065,180,0,0,819394
0,-13,7,0.5,-0.53882,180,0,0,819403
0,-13,5,0.5,-0.540575,180,0,0,819418
0,-15,4,0.5,-0.5426,180,0,0,819437
0,-17,3,0.5,-0.544895,180,0,0,819451
0,-18,2,0.5,-0.547325,180,0,0,819471
0,-21,2,0.5,-0.55016,180,0,0,819488
0,-17,3,0.5,-0.552455,180,0,0,819504
0,-11,3,0.5,-0.55394,180,0,0,819520
0,-7,3,0.5,-0.554885,180,0,0,819535
0,-3,3,0.5,-0.55529,180,0,0,819550
0,0,3,0.5,-0.55529,180,0,0,819567
0,3,3,0.5,-0.554885,180,0,0,819587
0,6,2,0.5,-0.554075,180,0,0,819601
0,9,1,0.5,-0.55286,180,0,0,819621
0,9,0,0.5,-0.551645,180,0,0,819633
0,10,0,0.5,-0.550295,180,0,0,819650
0,12,-1,0.5,-0.548675,180,0,0,819668
0,12,-2,0.5,-0.547055,180,0,0,819684
0,14,-2,0.5,-0.545165,180,0,0,819701
0,15,-1,0.5,-0.54314,180,0,0,819722
0,16,-1,0.5,-0.54098,180,0,0,819734
0,17,0,0.5,-0.538685,180,0,0,819752
0,17,0,0.5,-0.53639,180,0,0,819768
0,17,1,0.5,-0.534095,180,0,0,819784
0,42,4,0.5,-0.528425,180,0,0,819806
0,23,2,0.5,-0.52532,180,0,0,819825
0,24,2,0.5,-0.52208,180,0,0,819835
0,28,1,0.5,-0.5183,180,0,0,819860
0,27,1,0.5,-0.514655,180,0,0,819869
0,27,0,0.5,-0.51101,180,0,0,819885
0,25,0,0.5,-0.507635,180,0,0,819903
0,26,0,0.5,-0.504125,180,0,0,819919
0,21,0,0.5,-0.50129,180,0,0,819934
0,19,-2,0.5,-0.498725,180,0,0,819955
0,18,-2,0.5,-0.496295,180,0,0,819970
0,15,-2,0.5,-0.49427,180,0,0,819985
0,14,-3,0.5,-0.49238,180,0,0,820003
0,14,-1,0.5,-0.49049,180,0,0,820018
0,15,-1,0.5,-0.488465,180,0,0,820036
0,17,0,0.5,-0.48617,180,0,0,820051
0,20,0,0.5,-0.48347,180,0,0,820067
0,21,0,0.5,-0.480635,180,0,0,820084
0,25,0,0.5,-0.47726,180,0,0,820106
0,27,0,0.5,-0.473615,180,0,0,820122
0,29,0,0.5,-0.4697,180,0,0,820134
0,31,0,0.5,-0.465515,180,0,0,820151
0,30,0,0.5,-0.461465,180,0,0,820167
0,53,0,0.5,-0.45431,180,0,0,820189
0,22,-2,0.5,-0.45134,180,0,0,820205
0,22,-3,0.5,-0.44837,180,0,0,820219
0,20,-3,0.5,-0.44567,180,0,0,820235
0,20,-4,0.5,-0.44297,180,0,0,820252
0,16,-2,0.5,-0.44081,180,0,0,820270
0,17,-3,0.5,-0.438515,180,0,0,820288
0,17,-2,0.5,-0.43622,180,0,0,820302
0,20,-2,0.5,-0.43352,180,0,0,820321
0,23,-2,0.5,-0.430415,180,0,0,820338
0,26,-3,0.5,-0.426905,180,0,0,820353
0,30,-3,0.5,-0.422855,180,0,0,820370
0,31,-3,0.5,-0.41867,180,0,0,820385
0,32,-3,0.5,-0.41435,180,0,0,820403
0,27,-3,0.5,-0.410705,180,0,0,820421
0,23,-2,0.5,-0.4076,180,0,0,820438
0,22,-3,0.5,-0.40463,180,0,0,820457
0,19,-3,0.5,-0.402065,180,0,0,820472
0,18,-3,0.5,-0.399635,180,0,0,820488
0,16,-3,0.5,-0.397475,180,0,0,820507
0,16,-2,0.5,-0.395315,180,0,0,820521
0,33,-3,0.5,-0.39086,180,0,0,820538
0,17,0,0.5,-0.388565,180,0,0,820553
0,0,0,0.5,-0.388565,180,0,0,820570
0,32,0,0.5,-0.384245,180,0,0,820589
0,13,0,0.5,-0.38249,180,0,0,820602
0,14,-1,0.5,-0.3806,180,0,0,820619
0,15,0,0.5,-0.378575,180,0,0,820636
0,17,0,0.5,-0.37628,180,0,0,820656
0,19,1,0.5,-0.373715,180,0,0,820669
0,19,2,0.5,-0.37115,180,0,0,820686
0,19,3,0.5,-0.368585,180,0,0,820703
0,17,3,0.5,-0.36629,180,0,0,820720
0,16,3,0.5,-0.36413,180,0,0,820739
0,15,3,0.5,-0.362105,180,0,0,820756
0,13,3,0.5,-0.36035,180,0,0,820774
0,10,1,0.5,-0.359,180,0,0,820787
0,9,1,0.5,-0.357785,180,0,0,820803
0,7,0,0.5,-0.35684,180,0,0,820819
0,6,0,0.5,-0.35603,180,0,0,820836
0,4,0,0.5,-0.35549,180,0,0,820854
0,2,0,0.5,-0.35522,180,0,0,820871
0,0,0,0.5,-0.35522,180,0,0,820886
0,-1,1,0.5,-0.355355,180,0,0,820902
0,-9,4,0.5,-0.35657,180,0,0,820926
0,0,0,0.5,-0.35657,180,0,0,820937
0,-8,4,0.5,-0.35765,180,0,0,820953
0,-15,8,0.5,-0.359675,180,0,0,820975
0,-8,6,0.5,-0.360755,180,0,0,820992
0,-8,5,0.5,-0.361835,180,0,0,821005
0,-6,5,0.5,-0.362645,180,0,0,821021
0,-6,5,0.5,-0.363455,180,0,0,821041
0,-4,5,0.5,-0.363995,180,0,0,821056
0,-3,5,0.5,-0.3644,180,0,0,821073
0,-3,4,0.5,-0.364805,180,0,0,821088
0,-3,4,0.5,-0.36521,180,0,0,821104
0,-5,3,0.5,-0.365885,180,0,0,821123
0,-4,2,0.5,-0.366425,180,0,0,821138
0,-6,3,0.5,-0.367235,180,0,0,821158
0,-4,2,0.5,-0.367775,180,0,0,821170
0,-3,3,0.5,-0.36818,180,0,0,821188
0,0,2,0.5,-0.36818,180,0,0,821205
0,6,3,0.5,-0.36737,180,0,0,821221
0,7,3,0.5,-0.366425,180,0,0,821240
0,7,3,0.5,-0.36548,180,0,0,821257
0,7,4,0.5,-0.364535,180,0,0,821273
0,5,5,0.5,-0.36386,180,0,0,821289
0,3,6,0.5,-0.363455,180,0,0,821306
0,3,7,0.5,-0.36305,180,0,0,821322
0,0,16,0.5,-0.36305,180,0,0,821343
0,0,9,0.5,-0.36305,180,0,0,821361
0,0,9,0.5,-0.36305,180,0,0,821375
0,0,10,0.5,-0.36305,180,0,0,821390
0,0,10,0.5,-0.36305,180,0,0,821409
0,0,9,0.5,-0.36305,180,0,0,821423
0,0,9,0.5,-0.36305,180,0,0,821441
0,0,9,0.5,-0.36305,180,0,0,821464
0,1,8,0.5,-0.362915,180,0,0,821474
0,4,8,0.5,-0.362375,180,0,0,821490
0,4,7,0.5,-0.361835,180,0,0,821506
0,9,8,0.5,-0.36062,180,0,0,821524
0,9,8,0.5,-0.359405,180,0,0,821540
0,14,10,0.5,-0.357515,180,0,0,821557
0,15,9,0.5,-0.35549,180,0,0,821574
0,19,10,0.5,-0.352925,180,0,0,821592
0,21,9,0.5,-0.35009,180,0,0,821612
0,22,8,0.5,-0.34712,180,0,0,821625
0,23,7,0.5,-0.344015,180,0,0,821640
0,23,6,0.5,-0.34091,180,0,0,821660
0,42,12,0.5,-0.33524,180,0,0,821678
0,0,0,0.5,-0.33524,180,0,0,821688
0,40,9,0.5,-0.32984,180,0,0,821709
0,18,3,0.5,-0.32741,180,0,0,821728
0,17,3,0.5,-0.325115,180,0,0,821740
0,14,3,0.5,-0.323225,180,0,0,821759
0,12,5,0.5,-0.321605,180,0,0,821774
0,12,6,0.5,-0.319985,180,0,0,821790
0,12,6,0.5,-0.318365,180,0,0,821807
0,13,7,0.5,-0.31661,180,0,0,821825
0,13,7,0.5,-0.314855,180,0,0,821840
0,10,7,0.5,-0.313505,180,0,0,821861
0,10,8,0.5,-0.312155,180,0,0,821875
0,8,8,0.5,-0.311075,180,0,0,821890
0,9,8,0.5,-0.30986,180,0,0,821906
0,7,9,0.5,-0.308915,180,0,0,821924
0,8,9,0.5,-0.307835,180,0,0,821943
0,8,10,0.5,-0.306755,180,0,0,821960
0,9,11,0.5,-0.30554,180,0,0,821981
0,10,12,0.5,-0.30419,180,0,0,821991
0,12,12,0.5,-0.30257,180,0,0,822008
0,14,11,0.5,-0.30068,180,0,0,822036
0,27,19,0.5,-0.297035,180,0,0,822055
0,10,7,0.5,-0.295685,180,0,0,822066
0,7,7,0.5,-0.29474,180,0,0,822080
0,0,0,0.5,-0.29474,180,0,0,822089
0,4,11,0.5,-0.2942,180,0,0,822109
0,0,14,0.5,-0.2942,180,0,0,822127
0,3,10,0.5,-0.293795,180,0,0,822147
0,4,12,0.5,-0.293255,180,0,0,822166
0,2,12,0.5,-0.292985,180,0,0,822178
0,2,13,0.5,-0.292715,180,0,0,822194
0,0,13,0.5,-0.292715,180,0,0,822215
0,2,13,0.5,-0.292445,180,0,0,822227
0,6,14,0.5,-0.291635,180,0,0,822248
0,7,13,0.5,-0.29069,180,0,0,822262
0,8,13,0.5,-0.28961,180,0,0,822275
0,11,14,0.5,-0.288125,180,0,0,822293
0,13,14,0.5,-0.28637,180,0,0,822309
0,15,14,0.5,-0.284345,180,0,0,822331
0,19,14,0.5,-0.28178,180,0,0,822348
0,21,13,0.5,-0.278945,180,0,0,822363
0,24,12,0.5,-0.275705,180,0,0,822378
0,24,10,0.5,-0.272465,180,0,0,822393
0,23,8,0.5,-0.26936,180,0,0,822409
0,21,7,0.5,-0.266525,180,0,0,822425
0,36,9,0.5,-0.261665,180,0,0,822444
0,18,5,0.5,-0.259235,180,0,0,822460
0,17,6,0.5,-0.25694,180,0,0,822475
0,17,7,0.5,-0.254645,180,0,0,822492
0,17,8,0.5,-0.25235,180,0,0,822510
0,17,8,0.5,-0.250055,180,0,0,822527
0,18,9,0.5,-0.247625,180,0,0,822542
0,20,8,0.5,-0.244925,180,0,0,822558
0,21,9,0.5,-0.24209,180,0,0,822576
0,22,7,0.5,-0.23912,180,0,0,822592
0,25,6,0.5,-0.235745,180,0,0,822612
0,25,5,0.5,-0.23237,180,0,0,822629
0,24,4,0.5,-0.22913,180,0,0,822642
0,23,3,0.5,-0.226025,180,0,0,822657
0,19,1,0.5,-0.22346,180,0,0,822674
0,16,1,0.5,-0.2213,180,0,0,822690
0,13,1,0.5,-0.219545,180,0,0,822706
0,10,2,0.5,-0.218195,180,0,0,822727
0,9,2,0.5,-0.21698,180,0,0,822740
0,10,3,0.5,-0.21563,180,0,0,822760
0,9,4,0.5,-0.214415,180,0,0,822774
0,8,5,0.5,-0.213335,180,0,0,822794
0,14,10,0.5,-0.211445,180,0,0,822814
0,0,0,0.5,-0.211445,180,0,0,822824
0,6,5,0.5,-0.210635,180,0,0,822841
0,17,12,0.5,-0.20834,180,0,0,822863
0,10,7,0.5,-0.20699,180,0,0,822880
0,8,7,0.5,-0.20591,180,0,0,822896
0,8,9,0.5,-0.20483,180,0,0,822910
0,7,9,0.5,-0.203885,180,0,0,822929
0,8,10,0.5,-0.202805,180,0,0,822944
0,10,11,0.5,-0.201455,180,0,0,822960
0,12,10,0.5,-0.199835,180,0,0,822978
0,13,11,0.5,-0.19808,180,0,0,822995
0,15,9,0.5,-0.196055,180,0,0,823009
0,16,9,0.5,-0.193895,180,0,0,823025
0,19,9,0.5,-0.19133,180,0,0,823044
0,21,8,0.5,-0.188495,180,0,0,823061
0,23,7,0.5,-0.18539,180,0,0,823075
0,26,7,0.5,-0.18188,180,0,0,823095
0,27,6,0.5,-0.178235,180,0,0,823109
0,25,5,0.5,-0.17486,180,0,0,823125
0,24,4,0.5,-0.17162,180,0,0,823142
0,19,3,0.5,-0.169055,180,0,0,823157
0,17,2,0.5,-0.16676,180,0,0,823177
0,16,3,0.5,-0.1646,180,0,0,823193
0,14,3,0.5,-0.16271,180,0,0,823209
0,15,3,0.5,-0.160685,180,0,0,823224
0,29,5,0.5,-0.15677,180,0,0,823244
0,17,3,0.5,-0.154475,180,0,0,823261
0,18,3,0.5,-0.152045,180,0,0,823279
0,21,4,0.5,-0.14921,180,0,0,823294
0,23,4,0.5,-0.146105,180,0,0,823310
0,23,4,0.5,-0.143,180,0,0,823328
0,20,3,0.5,-0.1403,180,0,0,823343
0,21,3,0.5,-0.137465,180,0,0,823359
0,17,1,0.5,-0.13517,180,0,0,823377
0,15,0,0.5,-0.133145,180,0,0,823392
0,13,-1,0.5,-0.13139,180,0,0,823408
0,12,-1,0.5,-0.12977,180,0,0,823426
0,8,0,0.5,-0.12869,180,0,0,823443
0,7,2,0.5,-0.127745,180,0,0,823459
0,6,3,0.5,-0.126935,180,0,0,823477
0,7,5,0.5,-0.12599,180,0,0,823495
0,9,5,0.5,-0.124775,180,0,0,823511
0,11,6,0.5,-0.12329,180,0,0,823528
0,13,6,0.5,-0.121535,180,0,0,823544
0,15,6,0.5,-0.11951,180,0,0,823562
0,15,6,0.5,-0.117485,180,0,0,823577
0,15,6,0.5,-0.11546,180,0,0,823594
0,15,5,0.5,-0.113435,180,0,0,823609
0,22,7,0.5,-0.110465,180,0,0,823626
0,7,3,0.5,-0.10952,180,0,0,823643
0,6,4,0.5,-0.10871,180,0,0,823662
0,1,4,0.5,-0.108575,180,0,0,823679
0,-3,4,0.5,-0.10898,180,0,0,823692
0,-5,4,0.5,-0.109655,180,0,0,823709
0,-7,3,0.5,-0.1106,180,0,0,823728
0,-9,3,0.5,-0.111815,180,0,0,823744
0,-8,2,0.5,-0.112895,180,0,0,823762
0,-7,1,0.5,-0.11384,180,0,0,823776
0,-7,1,0.5,-0.114785,180,0,0,823791
0,-8,2,0.5,-0.115865,180,0,0,823809
0,-8,2,0.5,-0.116945,180,0,0,823827
0,-7,4,0.5,-0.11789,180,0,0,823843
0,-7,3,0.5,-0.118835,180,0,0,823866
0,-7,4,0.5,-0.11978,180,0,0,823881
0,-8,4,0.5,-0.12086,180,0,0,823894
0,-6,4,0.5,-0.12167,180,0,0,823910
0,-9,4,0.5,-0.122885,180,0,0,823928
0,-9,4,0.5,-0.1241,180,0,0,823945
0,-21,7,0.5,-0.126935,180,0,0,823967
0,0,0,0.5,-0.126935,180,0,0,823975
0,-12,2,0.5,-0.128555,180,0,0,823992
0,-24,5,0.5,-0.131795,180,0,0,824011
0,-10,3,0.5,-0.133145,180,0,0,824027
0,-10,3,0.5,-0.134495,180,0,0,824045
0,-7,2,0.5,-0.13544,180,0,0,824059
0,-6,2,0.5,-0.13625,180,0,0,824079
0,-5,2,0.5,-0.136925,180,0,0,824092
0,-5,3,0.5,-0.1376,180,0,0,824111
0,-5,4,0.5,-0.138275,180,0,0,824128
0,-3,4,0.5,-0.13868,180,0,0,824146
0,-5,4,0.5,-0.139355,180,0,0,824160
0,-7,4,0.5,-0.1403,180,0,0,824176
0,-10,4,0.5,-0.14165,180,0,0,824195
0,-13,4,0.5,-0.143405,180,0,0,824209
0,-17,3,0.5,-0.1457,180,0,0,824230
0,-18,3,0.5,-0.14813,180,0,0,824247
0,-17,3,0.5,-0.150425,180,0,0,824260
0,-17,4,0.5,-0.15272,180,0,0,824280
0,-15,3,0.5,-0.154745,180,0,0,824304
0,-20,6,0.5,-0.157445,180,0,0,824317
0,0,0,0.5,-0.157445,180,0,0,824325
0,-6,2,0.5,-0.158255,180,0,0,824343
0,-4,2,0.5,-0.158795,180,0,0,824362
0,0,4,0.5,-0.158795,180,0,0,824380
0,2,1,0.5,-0.158525,180,0,0,824396
0,2,1,0.5,-0.158255,180,0,0,824409
0,1,1,0.5,-0.15812,180,0,0,824428
0,2,1,0.5,-0.15785,180,0,0,824443
0,1,1,0.5,-0.157715,180,0,0,824460
0,1,1,0.5,-0.15758,180,0,0,824476
0,1,0,0.5,-0.157445,180,0,0,824498
0,1,0,0.5,-0.15731,180,0,0,824511
0,0,0,0.5,-0.15731,180,0,0,824528
0,0,0,0.5,-0.15731,180,0,0,824542
0,0,0,0.5,-0.15731,180,0,0,824564
0,-1,1,0.5,-0.157445,180,0,0,824583
0,-1,1,0.5,-0.15758,180,0,0,824594
0,0,3,0.5,-0.15758,180,0,0,824613
0,-1,2,0.5,-0.157715,180,0,0,824628
0,-1,3,0.5,-0.15785,180,0,0,824645
0,-3,3,0.5,-0.158255,180,0,0,824662
0,-5,3,0.5,-0.15893,180,0,0,824679
0,-16,3,0.5,-0.16109,180,0,0,824698
0,0,3,0.5,-0.16109,180,0,0,824711
0,-7,3,0.5,-0.162035,180,0,0,824731
0,-10,5,0.5,-0.163385,180,0,0,824749
0,-2,2,0.5,-0.163655,180,0,0,824761
0,-1,1,0.5,-0.16379,180,0,0,824777
0,0,0,0.5,-0.16379,180,0,0,824797
0,0,1,0.5,-0.16379,180,0,0,824810
0,3,0,0.5,-0.163385,180,0,0,824828
0,1,0,0.5,-0.16325,180,0,0,824843
0,0,-1,0.5,-0.16325,180,0,0,824862
0,0,-1,0.5,-0.16325,180,0,0,824877
0,0,-1,0.5,-0.16325,180,0,0,824893
0,0,-1,0.5,-0.16325,180,0,0,824911
0,0,0,0.5,-0.16325,180,0,0,824929
0,0,0,0.5,-0.16325,180,0,0,824944
0,-4,0,0.5,-0.16379,180,0,0,824960
0,-3,0,0.5,-0.164195,180,0,0,824977
0,-3,1,0.5,-0.1646,180,0,0,824995
0,-1,0,0.5,-0.164735,180,0,0,825010
0,-1,0,0.5,-0.16487,180,0,0,825027
0,0,0,0.5,-0.16487,180,0,0,825046
0,0,0,0.5,-0.16487,180,0,0,825061
0,3,0,0.5,-0.164465,180,0,0,825077
0,0,0,0.5,-0.164465,180,0,0,825094
0,0,1,0.5,-0.164465,180,0,0,825110
0,-1,0,0.5,-0.1646,180,0,0,825127
0,0,1,0.5,-0.1646,180,0,0,825144
0,-1,1,0.5,-0.164735,180,0,0,825161
0,0,0,0.5,-0.164735,180,0,0,825179
0,0,-1,0.5,-0.164735,180,0,0,825197
0,0,0,0.5,-0.164735,180,0,0,825210
0,0,0,0.5,-0.164735,180,0,0,825227
0,0,1,0.5,-0.164735,180,0,0,825247
0,-2,2,0.5,-0.165005,180,0,0,825265
0,0,3,0.5,-0.165005,180,0,0,825284
0,0,2,0.5,-0.165005,180,0,0,825298
0,1,2,0.5,-0.16487,180,0,0,825312
0,2,2,0.5,-0.1646,180,0,0,825328
0,4,1,0.5,-0.16406,180,0,0,825347
0,5,1,0.5,-0.163385,180,0,0,825362
0,6,1,0.5,-0.162575,180,0,0,825381
0,7,1,0.5,-0.16163,180,0,0,825397
0,5,2,0.5,-0.160955,180,0,0,825412
0,4,2,0.5,-0.160415,180,0,0,825429
0,4,2,0.5,-0.159875,180,0,0,825449
0,4,3,0.5,-0.159335,180,0,0,825464
0,5,4,0.5,-0.15866,180,0,0,825480
0,5,4,0.5,-0.157985,180,0,0,825497
0,5,5,0.5,-0.15731,180,0,0,825516
0,4,5,0.5,-0.15677,180,0,0,825532
0,9,11,0.5,-0.155555,180,0,0,825551
0,5,5,0.5,-0.15488,180,0,0,825566
0,5,6,0.5,-0.154205,180,0,0,825582
0,4,4,0.5,-0.153665,180,0,0,825601
0,4,5,0.5,-0.153125,180,0,0,825616
0,2,3,0.5,-0.152855,180,0,0,825631
0,0,3,0.5,-0.152855,180,0,0,825651
0,-2,1,0.5,-0.153125,180,0,0,825663
0,-6,1,0.5,-0.153935,180,0,0,825678
0,-6,1,0.5,-0.154745,180,0,0,825700
0,-8,0,0.5,-0.155825,180,0,0,825717
0,-7,0,0.5,-0.15677,180,0,0,825728
0,-9,0,0.5,-0.157985,180,0,0,825747
0,-9,0,0.5,-0.1592,180,0,0,825764
0,-9,0,0.5,-0.160415,180,0,0,825779
0,-10,0,0.5,-0.161765,180,0,0,825796
0,-11,0,0.5,-0.16325,180,0,0,825812
0,-11,0,0.5,-0.164735,180,0,0,825831
0,-11,-1,0.5,-0.16622,180,0,0,825847
0,-11,-1,0.5,-0.167705,180,0,0,825863
0,-11,-2,0.5,-0.16919,180,0,0,825881
0,-9,-2,0.5,-0.170405,180,0,0,825897
0,-11,-4,0.5,-0.17189,180,0,0,825916
0,-3,0,0.5,-0.172295,180,0,0,825929
0,-1,-3,0.5,-0.17243,180,0,0,825947
0,-1,-2,0.5,-0.172565,180,0,0,825966
0,-1,0,0.5,-0.1727,180,0,0,825979
0,0,0,0.5,-0.1727,180,0,0,825997
0,0,0,0.5,-0.1727,180,0,0,826014
0,0,1,0.5,-0.1727,180,0,0,826029
0,1,2,0.5,-0.172565,180,0,0,826047
0,2,2,0.5,-0.172295,180,0,0,826065
0,1,2,0.5,-0.17216,180,0,0,826080
0,0,1,0.5,-0.17216,180,0,0,826097
0,0,1,0.5,-0.17216,180,0,0,826115
0,-1,0,0.5,-0.172295,180,0,0,826130
0,-1,0,0.5,-0.17243,180,0,0,826147
0,-1,0,0.5,-0.172565,180,0,0,826162
0,0,0,0.5,-0.172565,180,0,0,826180
0,0,-2,0.5,-0.172565,180,0,0,826198
0,0,-1,0.5,-0.172565,180,0,0,826213
0,1,-1,0.5,-0.17243,180,0,0,826229
0,1,-1,0.5,-0.172295,180,0,0,826249
0,1,-1,0.5,-0.17216,180,0,0,826265
0,0,0,0.5,-0.17216,180,0,0,826280
0,0,0,0.5,-0.17216,180,0,0,826295
0,2,3,0.5,-0.17189,180,0,0,826314
0,3,6,0.5,-0.171485,180,0,0,826334
0,-1,3,0.5,-0.17162,180,0,0,826351
0,0,3,0.5,-0.17162,180,0,0,826365
0,-2,2,0.5,-0.17189,180,0,0,826385
0,-3,1,0.5,-0.172295,180,0,0,826399
0,-4,1,0.5,-0.172835,180,0,0,826413
0,-3,0,0.5,-0.17324,180,0,0,826433
0,-2,0,0.5,-0.17351,180,0,0,826450
0,0,0,0.5,-0.17351,180,0,0,826463
0,0,0,0.5,-0.17351,180,0,0,826480
0,3,0,0.5,-0.173105,180,0,0,826499
0,2,1,0.5,-0.172835,180,0,0,826514
0,2,2,0.5,-0.172565,180,0,0,826531
0,2,3,0.5,-0.172295,180,0,0,826548
0,2,4,0.5,-0.172025,180,0,0,826564
0,2,4,0.5,-0.171755,180,0,0,826583
0,2,3,0.5,-0.171485,180,0,0,826601
0,1,4,0.5,-0.17135,180,0,0,826614
0,0,3,0.5,-0.17135,180,0,0,826635
0,0,3,0.5,-0.17135,180,0,0,826650
0,-1,2,0.5,-0.171485,180,0,0,826666
0,-1,1,0.5,-0.17162,180,0,0,826681
0,-3,1,0.5,-0.172025,180,0,0,826698
0,-2,0,0.5,-0.172295,180,0,0,826716
0,-3,0,0.5,-0.1727,180,0,0,826732
0,-1,0,0.5,-0.172835,180,0,0,826747
0,-1,0,0.5,-0.17297,180,0,0,826764
0,-2,-1,0.5,-0.17324,180,0,0,826783
0,0,0,0.5,-0.17324,180,0,0,826798
0,0,0,0.5,-0.17324,180,0,0,826813
0,2,0,0.5,-0.17297,180,0,0,826832
0,2,0,0.5,-0.1727,180,0,0,826850
0,2,0,0.5,-0.17243,180,0,0,826864
0,3,0,0.5,-0.172025,180,0,0,826881
0,4,0,0.5,-0.171485,180,0,0,826898
0,3,0,0.5,-0.17108,180,0,0,826914
0,4,0,0.5,-0.17054,180,0,0,826935
0,6,0,0.5,-0.16973,180,0,0,826949
0,4,0,0.5,-0.16919,180,0,0,826964
0,6,0,0.5,-0.16838,180,0,0,826983
0,6,0,0.5,-0.16757,180,0,0,826997
0,7,0,0.5,-0.166625,180,0,0,827014
0,7,0,0.5,-0.16568,180,0,0,827033
0,8,0,0.5,-0.1646,180,0,0,827048
0,8,0,0.5,-0.16352,180,0,0,827064
0,15,0,0.5,-0.161495,180,0,0,827081
0,6,-1,0.5,-0.160685,180,0,0,827099
0,7,-2,0.5,-0.15974,180,0,0,827118
0,8,-2,0.5,-0.15866,180,0,0,827134
0,7,-2,0.5,-0.157715,180,0,0,827149
0,9,-3,0.5,-0.1565,180,0,0,827168
0,11,-3,0.5,-0.155015,180,0,0,827182
0,10,-2,0.5,-0.153665,180,0,0,827199
0,8,-1,0.5,-0.152585,180,0,0,827217
0,9,0,0.5,-0.15137,180,0,0,827232
0,7,0,0.5,-0.150425,180,0,0,827248
0,5,0,0.5,-0.14975,180,0,0,827265
0,3,2,0.5,-0.149345,180,0,0,827283
0,2,2,0.5,-0.149075,180,0,0,827300
0,0,2,0.5,-0.149075,180,0,0,827317
0,-3,2,0.5,-0.14948,180,0,0,827333
0,-4,2,0.5,-0.15002,180,0,0,827349
0,-7,3,0.5,-0.150965,180,0,0,827368
0,-7,2,0.5,-0.15191,180,0,0,827383
0,-10,2,0.5,-0.15326,180,0,0,827399
0,-23,4,0.5,-0.156365,180,0,0,827424
0,0,0,0.5,-0.156365,180,0,0,827433
0,-14,1,0.5,-0.158255,180,0,0,827450
0,-32,2,0.5,-0.162575,180,0,0,827474
0,-16,1,0.5,-0.164735,180,0,0,827484
0,-19,1,0.5,-0.1673,180,0,0,827499
0,-17,1,0.5,-0.169595,180,0,0,827516
0,-16,1,0.5,-0.171755,180,0,0,827534
0,-15,0,0.5,-0.17378,180,0,0,827549
0,-12,0,0.5,-0.1754,180,0,0,827567
0,-10,0,0.5,-0.17675,180,0,0,827582
0,-7,0,0.5,-0.177695,180,0,0,827599
0,-6,0,0.5,-0.178505,180,0,0,827616
0,-3,0,0.5,-0.17891,180,0,0,827633
0,-1,0,0.5,-0.179045,180,0,0,827649
0,0,0,0.5,-0.179045,180,0,0,827669
0,0,0,0.5,-0.179045,180,0,0,827683
0,-1,0,0.5,-0.17918,180,0,0,827701
0,-2,0,0.5,-0.17945,180,0,0,827718
0,-5,1,0.5,-0.180125,180,0,0,827733
0,-4,1,0.5,-0.180665,180,0,0,827751
0,-5,3,0.5,-0.18134,180,0,0,827770
0,-5,4,0.5,-0.182015,180,0,0,827783
0,-5,5,0.5,-0.18269,180,0,0,827803
0,-5,8,0.5,-0.183365,180,0,0,827819
0,-7,15,0.5,-0.18431,180,0,0,827845
0,-4,16,0.5,-0.18485,180,0,0,827857
0,-7,10,0.5,-0.185795,180,0,0,827872
0,-8,8,0.5,-0.186875,180,0,0,827890
0,-11,8,0.5,-0.18836,180,0,0,827903
0,-13,6,0.5,-0.190115,180,0,0,827922
0,-13,5,0.5,-0.19187,180,0,0,827935
0,-15,4,0.5,-0.193895,180,0,0,827951
0,-15,5,0.5,-0.19592,180,0,0,827969
0,-15,4,0.5,-0.197945,180,0,0,827986
0,-12,6,0.5,-0.199565,180,0,0,828003
0,-10,7,0.5,-0.200915,180,0,0,828019
0,-7,8,0.5,-0.20186,180,0,0,828035
0,-6,9,0.5,-0.20267,180,0,0,828054
0,-5,10,0.5,-0.203345,180,0,0,828071
0,-2,11,0.5,-0.203615,180,0,0,828090
0,0,12,0.5,-0.203615,180,0,0,828106
0,0,12,0.5,-0.203615,180,0,0,828123
0,1,13,0.5,-0.20348,180,0,0,828141
0,0,13,0.5,-0.20348,180,0,0,828157
0,-1,24,0.5,-0.203615,180,0,0,828177
0,0,0,0.5,-0.203615,180,0,0,828185
0,-2,20,0.5,-0.203885,180,0,0,828211
0,-3,9,0.5,-0.20429,180,0,0,828222
0,-5,8,0.5,-0.204965,180,0,0,828237
0,-6,8,0.5,-0.205775,180,0,0,828253
0,-8,8,0.5,-0.206855,180,0,0,828270
0,-7,9,0.5,-0.2078,180,0,0,828289
0,-5,9,0.5,-0.208475,180,0,0,828303
0,-5,10,0.5,-0.20915,180,0,0,828321
0,-5,10,0.5,-0.209825,180,0,0,828338
0,-4,11,0.5,-0.210365,180,0,0,828355
0,-3,13,0.5,-0.21077,180,0,0,828372
0,-1,13,0.5,-0.210905,180,0,0,828389
0,1,14,0.5,-0.21077,180,0,0,828413
0,0,31,0.5,-0.21077,180,0,0,828436
0,0,17,0.5,-0.21077,180,0,0,828452
0,0,18,0.5,-0.21077,180,0,0,828469
0,0,18,0.5,-0.21077,180,0,0,828482
0,0,18,0.5,-0.21077,180,0,0,828497
0,0,19,0.5,-0.21077,180,0,0,828512
0,0,0,0.5,-0.21077,180,0,0,828518
0,0,18,0.5,-0.21077,180,0,0,828539
0,-1,19,0.5,-0.210905,180,0,0,828559
0,0,19,0.5,-0.210905,180,0,0,828576
0,1,39,0.5,-0.21077,180,0,0,828597
0,0,19,0.5,-0.21077,180,0,0,828610
0,4,19,0.5,-0.21023,180,0,0,828624
0,8,19,0.5,-0.20915,180,0,0,828640
0,9,18,0.5,-0.207935,180,0,0,828656
0,11,18,0.5,-0.20645,180,0,0,828676
0,12,17,0.5,-0.20483,180,0,0,828689
0,11,16,0.5,-0.203345,180,0,0,828706
0,12,15,0.5,-0.201725,180,0,0,828724
0,12,13,0.5,-0.200105,180,0,0,828741
0,9,11,0.5,-0.19889,180,0,0,828756
0,7,10,0.5,-0.197945,180,0,0,828775
0,5,9,0.5,-0.19727,180,0,0,828789
0,1,8,0.5,-0.197135,180,0,0,828805
0,0,8,0.5,-0.197135,180,0,0,828822
0,-2,8,0.5,-0.197405,180,0,0,828839
0,-6,16,0.5,-0.198215,180,0,0,828862
0,-4,10,0.5,-0.198755,180,0,0,828877
0,0,0,0.5,-0.198755,180,0,0,828886
0,0,12,0.5,-0.198755,180,0,0,828904
0,0,13,0.5,-0.198755,180,0,0,828928
0,3,31,0.5,-0.19835,180,0,0,828951
0,-1,17,0.5,-0.198485,180,0,0,828964
0,0,16,0.5,-0.198485,180,0,0,828979
0,0,18,0.5,-0.198485,180,0,0,828991
0,0,18,0.5,-0.198485,180,0,0,829015
0,0,19,0.5,-0.198485,180,0,0,829031
0,0,19,0.5,-0.198485,180,0,0,829046
0,0,19,0.5,-0.198485,180,0,0,829057
0,0,20,0.5,-0.198485,180,0,0,829074
0,0,21,0.5,-0.198485,180,0,0,829093
0,0,20,0.5,-0.198485,180,0,0,829110
0,1,20,0.5,-0.19835,180,0,0,829128
0,5,20,0.5,-0.197675,180,0,0,829143
0,9,19,0.5,-0.19646,180,0,0,829158
0,10,19,0.5,-0.19511,180,0,0,829174
0,14,18,0.5,-0.19322,180,0,0,829196
0,14,18,0.5,-0.19133,180,0,0,829215
0,14,18,0.5,-0.18944,180,0,0,829229
0,14,18,0.5,-0.18755,180,0,0,829240
0,12,19,0.5,-0.18593,180,0,0,829268
0,19,24,0.5,-0.183365,180,0,0,829287
0,9,31,0.5,-0.18215,180,0,0,829308
0,10,18,0.5,-0.1808,180,0,0,829325
0,7,16,0.5,-0.179855,180,0,0,829336
0,7,14,0.5,-0.17891,180,0,0,829351
0,6,15,0.5,-0.1781,180,0,0,829365
0,5,13,0.5,-0.177425,180,0,0,829378
0,0,0,0.5,-0.177425,180,0,0,829386
0,6,26,0.5,-0.176615,180,0,0,829410
0,0,13,0.5,-0.176615,180,0,0,829430
0,1,14,0.5,-0.17648,180,0,0,829446
0,-1,15,0.5,-0.176615,180,0,0,829463
0,0,17,0.5,-0.176615,180,0,0,829478
0,0,16,0.5,-0.176615,180,0,0,829491
0,0,16,0.5,-0.176615,180,0,0,829509
0,1,16,0.5,-0.17648,180,0,0,829523
0,3,17,0.5,-0.176075,180,0,0,829541
0,5,17,0.5,-0.1754,180,0,0,829557
0,6,18,0.5,-0.17459,180,0,0,829575
0,7,18,0.5,-0.173645,180,0,0,829600
0,8,19,0.5,-0.172565,180,0,0,829614
0,7,19,0.5,-0.17162,180,0,0,829629
0,5,19,0.5,-0.170945,180,0,0,829643
0,6,20,0.5,-0.170135,180,0,0,829660
0,7,19,0.5,-0.16919,180,0,0,829675
0,6,20,0.5,-0.16838,180,0,0,829694
0,9,18,0.5,-0.167165,180,0,0,829714
0,24,27,0.5,-0.163925,180,0,0,829730
0,16,28,0.5,-0.161765,180,0,0,829751
0,17,18,0.5,-0.15947,180,0,0,829767
0,19,16,0.5,-0.156905,180,0,0,829779
0,20,16,0.5,-0.154205,180,0,0,829795
0,17,16,0.5,-0.15191,180,0,0,829809
0,15,14,0.5,-0.149885,180,0,0,829828
0,17,16,0.5,-0.14759,180,0,0,829844
0,17,15,0.5,-0.145295,180,0,0,829859
0,17,14,0.5,-0.143,180,0,0,829876
0,18,15,0.5,-0.14057,180,0,0,829895
0,18,14,0.5,-0.13814,180,0,0,829907
0,19,14,0.5,-0.135575,180,0,0,829927
0,20,14,0.5,-0.132875,180,0,0,829941
0,23,14,0.5,-0.12977,180,0,0,829959
0,23,14,0.5,-0.126665,180,0,0,829977
0,24,15,0.5,-0.123425,180,0,0,829993
0,23,15,0.5,-0.12032,180,0,0,830011
0,25,15,0.5,-0.116945,180,0,0,830028
0,26,14,0.5,-0.113435,180,0,0,830043
0,28,14,0.5,-0.109655,180,0,0,830058
0,31,14,0.5,-0.10547,180,0,0,830077
0,56,19,0.5,-0.09791,180,0,0,830098
0,25,8,0.5,-0.094535,180,0,0,830114
0,0,0,0.5,-0.094535,180,0,0,830121
0,23,7,0.5,-0.09143,180,0,0,830143
0,36,13,0.5,-0.08657,180,0,0,830159
0,15,7,0.5,-0.084545,180,0,0,830174
0,14,9,0.5,-0.082655,180,0,0,830191
0,15,11,0.5,-0.08063,180,0,0,830207
0,16,12,0.5,-0.07847,180,0,0,830229
0,19,13,0.5,-0.075905,180,0,0,830242
0,19,13,0.5,-0.07334,180,0,0,830259
0,25,15,0.5,-0.069965,180,0,0,830276
0,25,13,0.5,-0.06659,180,0,0,830292
0,29,15,0.5,-0.062675,180,0,0,830315
0,33,14,0.5,-0.05822,180,0,0,830329
0,34,12,0.5,-0.05363,180,0,0,830342
0,32,11,0.5,-0.04931,180,0,0,830356
0,33,9,0.5,-0.044855,180,0,0,830377
0,30,7,0.5,-0.040805,180,0,0,830397
0,28,6,0.5,-0.037025,180,0,0,830407
0,24,4,0.5,-0.033785,180,0,0,830422
0,21,4,0.5,-0.03095,180,0,0,830439
0,17,5,0.5,-0.028655,180,0,0,830457
0,13,5,0.5,-0.0269,180,0,0,830474
0,22,14,0.5,-0.02393,180,0,0,830497
0,13,15,0.5,-0.022175,180,0,0,830513
0,12,13,0.5,-0.020555,180,0,0,830527
0,12,2,0.5,-0.018935,180,0,0,830540
0,13,25,0.5,-0.01718,180,0,0,830564
0,15,13,0.5,-0.015155,180,0,0,830578
0,18,13,0.5,-0.012725,180,0,0,830599
0,22,14,0.5,-0.009755,180,0,0,830616
0,27,13,0.5,-0.00611,180,0,0,830626
0,30,13,0.5,-0.00206,180,0,0,830645
0,34,12,0.5,0.00253,180,0,0,830664
0,36,11,0.5,0.00739,180,0,0,830676
0,39,10,0.5,0.012655,180,0,0,830692
0,39,8,0.5,0.01792,180,0,0,830707
0,37,7,0.5,0.022915,180,0,0,830724
0,36,6,0.5,0.027775,180,0,0,830744
0,34,6,0.5,0.032365,180,0,0,830759
0,29,5,0.5,0.03628,180,0,0,830775
0,26,6,0.5,0.03979,180,0,0,830794
0,25,6,0.5,0.043165,180,0,0,830807
0,25,7,0.5,0.04654,180,0,0,830824
0,27,8,0.5,0.050185,180,0,0,830843
0,28,8,0.5,0.053965,180,0,0,830860
0,54,15,0.5,0.061255,180,0,0,830879
0,27,7,0.5,0.0649,180,0,0,830892
0,25,6,0.5,0.068275,180,0,0,830910
0,24,4,0.5,0.071515,180,0,0,830926
0,23,3,0.5,0.07462,180,0,0,830941
0,18,2,0.5,0.07705,180,0,0,830956
0,15,1,0.5,0.079075,180,0,0,830973
0,13,1,0.5,0.08083,180,0,0,830990
0,12,2,0.5,0.08245,180,0,0,831008
0,12,4,0.5,0.08407,180,0,0,831026
0,11,5,0.5,0.085555,180,0,0,831044
0,13,7,0.5,0.08731,180,0,0,831059
0,15,7,0.5,0.089335,180,0,0,831076
0,17,7,0.5,0.09163,180,0,0,831093
0,20,7,0.5,0.09433,180,0,0,831110
0,23,7,0.5,0.097435,180,0,0,831128
0,26,8,0.5,0.100945,180,0,0,831142
0,29,6,0.5,0.10486,180,0,0,831163
0,30,5,0.5,0.10891,180,0,0,831175
0,31,4,0.5,0.113095,180,0,0,831192
0,30,3,0.5,0.117145,180,0,0,831206
0,46,3,0.5,0.123355,180,0,0,831231
0,0,0,0.5,0.123355,180,0,0,831241
0,18,1,0.5,0.125785,180,0,0,831256
0,18,1,0.5,0.128215,180,0,0,831273
0,32,4,0.5,0.132535,180,0,0,831290
0,15,6,0.5,0.13456,180,0,0,831310
0,15,5,0.5,0.136585,180,0,0,831331
0,14,5,0.5,0.138475,180,0,0,831341
0,20,5,0.5,0.141175,180,0,0,831361
0,22,4,0.5,0.144145,180,0,0,831376
0,26,3,0.5,0.147655,180,0,0,831392
0,28,3,0.5,0.151435,180,0,0,831408
0,32,2,0.5,0.155755,180,0,0,831429
0,33,0,0.5,0.16021,180,0,0,831441
0,34,0,0.5,0.1648,180,0,0,831456
0,33,0,0.5,0.169255,180,0,0,831473
0,27,-2,0.5,0.1729,180,0,0,831490
0,22,-2,0.5,0.17587,180,0,0,831509
0,17,-2,0.5,0.178165,180,0,0,831527
0,14,0,0.5,0.180055,180,0,0,831541
0,13,1,0.5,0.18181,180,0,0,831557
0,12,2,0.5,0.18343,180,0,0,831575
0,10,2,0.5,0.18478,180,0,0,831594
0,14,6,0.5,0.18667,180,0,0,831612
0,0,0,0.5,0.18667,180,0,0,831624
0,6,3,0.5,0.18748,180,0,0,831644
0,9,3,0.5,0.188695,180,0,0,831660
0,23,4,0.5,0.1918,180,0,0,831676
0,15,9,0.5,0.193825,180,0,0,831700
0,14,6,0.5,0.195715,180,0,0,831709
0,15,7,0.5,0.19774,180,0,0,831728
0,14,8,0.5,0.19963,180,0,0,831742
0,17,8,0.5,0.201925,180,0,0,831760
0,18,8,0.5,0.204355,180,0,0,831778
0,23,8,0.5,0.20746,180,0,0,831794
0,24,8,0.5,0.2107,180,0,0,831811
0,24,6,0.5,0.21394,180,0,0,831831
0,23,4,0.5,0.217045,180,0,0,831842
0,19,2,0.5,0.21961,180,0,0,831859
0,18,1,0.5,0.22204,180,0,0,831876
0,17,0,0.5,0.224335,180,0,0,831892
0,19,0,0.5,0.2269,180,0,0,831912
0,21,1,0.5,0.229735,180,0,0,831929
0,19,2,0.5,0.2323,180,0,0,831940
0,18,4,0.5,0.23473,180,0,0,831960
0,17,5,0.5,0.237025,180,0,0,831976
0,19,5,0.5,0.23959,180,0,0,831994
0,22,6,0.5,0.24256,180,0,0,832011
0,47,8,0.5,0.248905,180,0,0,832034
0,0,1,0.5,0.248905,180,0,0,832042
0,24,2,0.5,0.252145,180,0,0,832058
0,47,1,0.5,0.25849,180,0,0,832080
0,21,0,0.5,0.261325,180,0,0,832093
0,18,-1,0.5,0.263755,180,0,0,832109
0,16,-2,0.5,0.265915,180,0,0,832125
0,14,-2,0.5,0.267805,180,0,0,832144
0,14,-1,0.5,0.269695,180,0,0,832160
0,17,0,0.5,0.27199,180,0,0,832177
0,20,0,0.5,0.27469,180,0,0,832192
0,26,0,0.5,0.2782,180,0,0,832211
0,30,0,0.5,0.28225,180,0,0,832225
0,35,0,0.5,0.286975,180,0,0,832241
0,37,0,0.5,0.29197,180,0,0,832258
0,35,0,0.5,0.296695,180,0,0,832275
0,31,0,0.5,0.30088,180,0,0,832296
0,30,0,0.5,0.30493,180,0,0,832307
0,24,0,0.5,0.30817,180,0,0,832326
0,21,0,0.5,0.311005,180,0,0,832341
0,17,-1,0.5,0.3133,180,0,0,832358
0,13,-1,0.5,0.315055,180,0,0,832375
0,12,1,0.5,0.316675,180,0,0,832393
0,10,2,0.5,0.318025,180,0,0,832412
0,9,3,0.5,0.31924,180,0,0,832425
0,8,4,0.5,0.32032,180,0,0,832443
0,22,10,0.5,0.32329,180,0,0,832464
0,14,5,0.5,0.32518,180,0,0,832481
0,18,5,0.5,0.32761,180,0,0,832497
0,20,4,0.5,0.33031,180,0,0,832513
0,22,4,0.5,0.33328,180,0,0,832526
0,23,3,0.5,0.336385,180,0,0,832543
0,23,1,0.5,0.33949,180,0,0,832560
0,23,0,0.5,0.342595,180,0,0,832577
0,20,-1,0.5,0.345295,180,0,0,832597
0,19,-2,0.5,0.34786,180,0,0,832613
0,18,-3,0.5,0.35029,180,0,0,832628
0,18,-4,0.5,0.35272,180,0,0,832643
0,18,-3,0.5,0.35515,180,0,0,832662
0,20,-2,0.5,0.35785,180,0,0,832678
0,23,-1,0.5,0.360955,180,0,0,832696
0,23,0,0.5,0.36406,180,0,0,832708
0,25,0,0.5,0.367435,180,0,0,832728
0,27,0,0.5,0.37108,180,0,0,832742
0,55,0,0.5,0.378505,180,0,0,832763
0,0,0,0.5,0.378505,180,0,0,832776
0,55,0,0.5,0.38593,180,0,0,832796
0,25,-1,0.5,0.389305,180,0,0,832814
0,23,0,0.5,0.39241,180,0,0,832826
0,20,-6,0.5,0.39511,180,0,0,832845
0,18,-4,0.5,0.39754,180,0,0,832860
0,19,-3,0.5,0.400105,180,0,0,832880
0,19,-1,0.5,0.40267,180,0,0,832893
0,21,-1,0.5,0.405505,180,0,0,832910
0,24,0,0.5,0.408745,180,0,0,832930
0,24,0,0.5,0.411985,180,0,0,832945
0,26,-1,0.5,0.415495,180,0,0,832961
0,27,-2,0.5,0.41914,180,0,0,832976
0,28,-2,0.5,0.42292,180,0,0,832995
0,30,-2,0.5,0.42697,180,0,0,833012
0,31,-2,0.5,0.431155,180,0,0,833029
0,28,-2,0.5,0.434935,180,0,0,833047
0,26,-3,0.5,0.438445,180,0,0,833062
0,25,-4,0.5,0.44182,180,0,0,833079
0,19,-5,0.5,0.444385,180,0,0,833094
0,19,-6,0.5,0.44695,180,0,0,833112
0,15,-5,0.5,0.448975,180,0,0,833127
0,30,-6,0.5,0.453025,180,0,0,833149
0,0,-2,0.5,0.453025,180,0,0,833161
0,18,-3,0.5,0.455455,180,0,0,833177
0,22,-3,0.5,0.458425,180,0,0,833196
0,58,-6,0.5,0.466255,180,0,0,833211
0,34,-2,0.5,0.470845,180,0,0,833229
0,34,-2,0.5,0.475435,180,0,0,833245
0,33,0,0.5,0.47989,180,0,0,833260
0,31,0,0.5,0.484075,180,0,0,833279
0,29,0,0.5,0.48799,180,0,0,833294
0,28,-2,0.5,0.49177,180,0,0,833312
0,25,-3,0.5,0.495145,180,0,0,833328
0,24,-4,0.5,0.498385,180,0,0,833348
0,23,-5,0.5,0.50149,180,0,0,833362
0,19,-4,0.5,0.504055,180,0,0,833381
0,16,-4,0.5,0.506215,180,0,0,833398
0,15,-2,0.5,0.50824,180,0,0,833411
0,16,-1,0.5,0.5104,180,0,0,833428
0,19,0,0.5,0.512965,180,0,0,833443
0,20,0,0.5,0.515665,180,0,0,833460
0,23,0,0.5,0.51877,180,0,0,833478
0,23,0,0.5,0.521875,180,0,0,833495
0,21,0,0.5,0.52471,180,0,0,833512
0,21,0,0.5,0.527545,180,0,0,833529
0,21,1,0.5,0.53038,180,0,0,833547
0,22,2,0.5,0.53335,180,0,0,833561
0,20,2,0.5,0.53605,180,0,0,833578
0,19,1,0.5,0.538615,180,0,0,833595
0,39,-1,0.5,0.54388,180,0,0,833612
0,15,-1,0.5,0.545905,180,0,0,833629
0,12,-2,0.5,0.547525,180,0,0,833649
0,6,-1,0.5,0.548335,180,0,0,833663
0,0,-1,0.5,0.548335,180,0,0,833680
0,-5,-1,0.5,0.54766,180,0,0,833696
0,-9,0,0.5,0.546445,180,0,0,833711
0,-12,0,0.5,0.544825,180,0,0,833727
0,-14,0,0.5,0.542935,180,0,0,833744
0,-18,1,0.5,0.540505,180,0,0,833761
0,-19,0,0.5,0.53794,180,0,0,833778
0,-22,0,0.5,0.53497,180,0,0,833794
0,-25,0,0.5,0.531595,180,0,0,833815
0,-28,0,0.5,0.527815,180,0,0,833827
0,-32,1,0.5,0.523495,180,0,0,833849
0,-30,0,0.5,0.519445,180,0,0,833863
0,-30,0,0.5,0.515395,180,0,0,833878
0,-27,0,0.5,0.51175,180,0,0,833894
0,-23,0,0.5,0.508645,180,0,0,833912
0,-21,0,0.5,0.50581,180,0,0,833928
0,-15,1,0.5,0.503785,180,0,0,833944
0,-10,2,0.5,0.502435,180,0,0,833961
0,-6,3,0.5,0.501625,180,0,0,833978
0,-2,6,0.5,0.501355,180,0,0,834001
0,2,3,0.5,0.501625,180,0,0,834019
0,5,3,0.5,0.5023,180,0,0,834029
0,4,3,0.5,0.50284,180,0,0,834046
0,4,3,0.5,0.50338,180,0,0,834064
0,4,3,0.5,0.50392,180,0,0,834082
0,1,2,0.5,0.504055,180,0,0,834098
0,-1,1,0.5,0.50392,180,0,0,834112
0,-5,0,0.5,0.503245,180,0,0,834128
0,-6,0,0.5,0.502435,180,0,0,834146
0,-8,-1,0.5,0.501355,180,0,0,834162
0,-8,-3,0.5,0.500275,180,0,0,834181
0,-6,-2,0.5,0.499465,180,0,0,834201
0,-5,-4,0.5,0.49879,180,0,0,834215
0,-4,-4,0.5,0.49825,180,0,0,834232
0,-2,-4,0.5,0.49798,180,0,0,834247
0,-1,-5,0.5,0.497845,180,0,0,834262
0,1,-5,0.5,0.49798,180,0,0,834280
0,1,-5,0.5,0.498115,180,0,0,834301
0,2,-6,0.5,0.498385,180,0,0,834322
0,3,-9,0.5,0.49879,180,0,0,834334
0,0,0,0.5,0.49879,180,0,0,834346
0,2,-4,0.5,0.49906,180,0,0,834364
0,0,0,0.5,0.49906,180,0,0,834381
0,0,0,0.5,0.49906,180,0,0,834395
0,0,1,0.5,0.49906,180,0,0,834413
0,0,2,0.5,0.49906,180,0,31,834429
0,-1,4,0.5,0.498925,180,0,31,834449
0,-2,5,0.5,0.498655,180,0,31,834464
0,-4,6,0.5,0.498115,180,0,31,834488
0,-3,7,0.5,0.49771,180,0,31,834498
0,-3,7,0.5,0.497305,180,0,31,834513
0,-3,7,0.5,0.4969,180,0,31,834540
0,-1,5,0.5,0.496765,180,0,31,834549
0,-1,4,0.5,0.49663,180,0,31,834564
0,0,3,0.5,0.49663,180,0,0,834581
0,1,2,0.5,0.496765,180,0,0,834600
0,2,3,0.5,0.497035,180,0,0,834615
0,3,2,0.5,0.49744,180,0,0,834630
0,4,3,0.5,0.49798,180,0,0,834647
0,6,4,0.5,0.49879,180,0,0,834664
0,5,4,0.5,0.499465,180,0,0,834681
0,6,5,0.5,0.500275,180,0,0,834697
0,5,5,0.5,0.50095,180,0,0,834716
0,13,13,0.5,0.502705,180,0,0,834733
0,7,7,0.5,0.50365,180,0,0,834750
0,7,7,0.5,0.504595,180,0,0,834764
0,7,7,0.5,0.50554,180,0,0,834788
0,8,8,0.5,0.50662,180,0,0,834805
0,7,8,0.5,0.507565,180,0,0,834815
0,8,7,0.5,0.508645,180,0,0,834832
0,9,9,0.5,0.50986,180,0,0,834853
0,8,9,0.5,0.51094,180,0,0,834868
0,10,9,0.5,0.51229,180,0,0,834887
0,11,9,0.5,0.513775,180,0,0,834902
0,12,8,0.5,0.515395,180,0,0,834918
0,12,8,0.5,0.517015,180,0,0,834931
0,14,8,0.5,0.518905,180,0,0,834952
0,16,8,0.5,0.521065,180,0,0,834968
0,16,8,0.5,0.523225,180,0,0,834984
0,19,8,0.5,0.52579,180,0,0,835001
0,19,8,0.5,0.528355,180,0,0,835016
0,20,9,0.5,0.531055,180,0,0,835032
0,47,18,0.5,0.5374,180,0,0,835056
0,0,0,0.5,0.5374,180,0,0,835066
0,24,9,0.5,0.54064,180,0,0,835082
0,48,18,0.5,0.54712,180,0,0,835105
0,20,7,0.5,0.54982,180,0,0,835117
0,18,10,0.5,0.55225,180,0,0,835136
0,14,8,0.5,0.55414,180,0,0,835149
0,11,7,0.5,0.555625,180,0,0,835166
0,10,6,0.5,0.556975,180,0,0,835181
0,9,5,0.5,0.55819,180,0,0,835198
0,11,6,0.5,0.559675,180,0,0,835221
0,13,5,0.5,0.56143,180,0,0,835237
0,15,5,0.5,0.563455,180,0,0,835249
0,19,4,0.5,0.56602,180,0,0,835265
0,20,4,0.5,0.56872,180,0,0,835281
0,23,3,0.5,0.571825,180,0,0,835300
0,24,3,0.5,0.575065,180,0,0,835317
0,25,2,0.5,0.57844,180,0,0,835331
0,25,2,0.5,0.581815,180,0,0,835350
0,23,0,0.5,0.58492,180,0,0,835365
0,22,0,0.5,0.58789,180,0,0,835383
0,19,-1,0.5,0.590455,180,0,0,835402
0,18,-1,0.5,0.592885,180,0,0,835415
0,16,0,0.5,0.595045,180,0,0,835431
0,19,1,0.5,0.59761,180,0,0,835448
0,18,3,0.5,0.60004,180,0,0,835466
0,44,9,0.5,0.60598,180,0,0,835489
0,25,5,0.5,0.609355,180,0,0,835504
0,25,5,0.5,0.61273,180,0,0,835518
0,28,5,0.5,0.61651,180,0,0,835532
0,30,4,0.5,0.62056,180,0,0,835549
0,30,4,0.5,0.62461,180,0,0,835571
0,30,4,0.5,0.62866,180,0,0,835588
0,29,2,0.5,0.632575,180,0,0,835600
0,29,0,0.5,0.63649,180,0,0,835614
0,26,0,0.5,0.64,180,0,0,835631
0,23,0,0.5,0.643105,180,0,0,835649
0,19,0,0.5,0.64567,180,0,0,835666
0,18,0,0.5,0.6481,180,0,0,835683
0,16,1,0.5,0.65026,180,0,0,835701
0,18,3,0.5,0.65269,180,0,0,835716
0,20,3,0.5,0.65539,180,0,0,835734
0,22,3,0.5,0.65836,180,0,0,835752
0,24,2,0.5,0.6616,180,0,0,835772
0,27,2,0.5,0.665245,180,0,0,835785
0,26,0,0.5,0.668755,180,0,0,835799
0,30,0,0.5,0.672805,180,0,0,835815
0,32,0,0.5,0.677125,180,0,0,835833
0,35,0,0.5,0.68185,180,0,0,835849
0,68,0,0.5,0.69103,180,0,0,835867
0,0,0,0.5,0.69103,180,0,0,835881
0,30,-2,0.5,0.69508,180,0,0,835898
0,55,-5,0.5,0.702505,180,0,0,835921
0,21,-3,0.5,0.70534,180,0,0,835936
0,20,-2,0.5,0.70804,180,0,0,835951
0,19,-2,0.5,0.71,180,0,0,835966
