0,71,2,0.5,-0.700415,180,0,0,571302
0,37,1,0.5,-0.69542,180,0,0,571311
0,0,0,0.5,-0.69542,180,0,0,571317
0,36,0,0.5,-0.69056,180,0,0,571332
0,37,0,0.5,-0.685565,180,0,0,571349
0,37,-2,0.5,-0.68057,180,0,0,571367
0,35,-3,0.5,-0.675845,180,0,0,571383
0,35,-4,0.5,-0.67112,180,0,0,571399
0,64,-6,0.5,-0.66248,180,0,0,571417
0,30,-2,0.5,-0.65843,180,0,0,571432
0,33,-2,0.5,-0.653975,180,0,0,571452
0,27,0,0.5,-0.65033,180,0,0,571465
0,24,0,0.5,-0.64709,180,0,0,571484
0,20,1,0.5,-0.64439,180,0,0,571498
0,14,1,0.5,-0.6425,180,0,0,571515
0,9,1,0.5,-0.641285,180,0,0,571534
0,6,1,0.5,-0.640475,180,0,0,571550
0,4,0,0.5,-0.639935,180,0,0,571567
0,3,0,0.5,-0.63953,180,0,0,571582
0,2,0,0.5,-0.63926,180,0,0,571598
0,0,0,0.5,-0.63926,180,0,0,571614
0,1,1,0.5,-0.639125,180,0,0,571633
0,2,1,0.5,-0.638855,180,0,0,571649
0,3,1,0.5,-0.63845,180,0,0,571667
0,5,1,0.5,-0.637775,180,0,0,571682
0,3,1,0.5,-0.63737,180,0,0,571698
0,6,1,0.5,-0.63656,180,0,31,571715
0,5,0,0.5,-0.635885,180,0,31,571731
0,5,1,0.5,-0.63521,180,0,31,571748
0,5,1,0.5,-0.634535,180,0,0,571765
0,6,1,0.5,-0.633725,180,0,0,571782
0,6,2,0.5,-0.632915,180,0,0,571798
0,7,2,0.5,-0.63197,180,0,0,571816
0,14,5,0.5,-0.63008,180,0,0,571835
0,8,3,0.5,-0.629,180,0,0,571849
0,11,3,0.5,-0.627515,180,0,0,571865
0,14,3,0.5,-0.625625,180,0,0,571885
0,19,3,0.5,-0.62306,180,0,0,571899
0,20,3,0.5,-0.62036,180,0,0,571917
0,20,2,0.5,-0.61766,180,0,0,571937
0,21,2,0.5,-0.614825,180,0,0,571957
0,17,3,0.5,-0.61253,180,0,0,571972
0,16,4,0.5,-0.61037,180,0,0,571983
0,12,4,0.5,-0.60875,180,0,0,572002
0,10,4,0.5,-0.6074,180,0,0,572020
0,8,4,0.5,-0.60632,180,0,0,572033
0,7,4,0.5,-0.605375,180,0,0,572050
0,8,2,0.5,-0.604295,180,0,0,572066
0,10,2,0.5,-0.602945,180,0,0,572082
0,10,2,0.5,-0.601595,180,0,0,572100
0,13,2,0.5,-0.59984,180,0,0,572116
0,13,4,0.5,-0.598085,180,0,0,572135
0,14,5,0.5,-0.596195,180,0,0,572152
0,16,5,0.5,-0.594035,180,0,0,572166
0,18,5,0.5,-0.591605,180,0,0,572182
0,24,6,0.5,-0.588365,180,0,0,572201
0,56,10,0.5,-0.580805,180,0,0,572222
0,0,0,0.5,-0.580805,180,0,0,572231
0,61,10,0.5,-0.57257,180,0,0,572252
0,28,6,0.5,-0.56879,180,0,0,572267
0,24,7,0.5,-0.56555,180,0,0,572283
0,22,7,0.5,-0.56258,180,0,0,572299
0,19,7,0.5,-0.560015,180,0,0,572318
0,17,6,0.5,-0.55772,180,0,0,572333
0,17,6,0.5,-0.555425,180,0,0,572350
0,19,5,0.5,-0.55286,180,0,0,572369
0,22,4,0.5,-0.54989,180,0,0,572384
0,23,4,0.5,-0.546785,180,0,0,572401
0,27,3,0.5,-0.54314,180,0,0,572416
0,28,2,0.5,-0.53936,180,0,0,572432
0,30,2,0.5,-0.53531,180,0,0,572448
0,31,3,0.5,-0.531125,180,0,0,572466
0,32,2,0.5,-0.526805,180,0,0,572483
0,34,3,0.5,-0.522215,180,0,0,572500
0,33,3,0.5,-0.51776,180,0,0,572515
0,31,5,0.5,-0.513575,180,0,0,572533
0,28,5,0.5,-0.509795,180,0,0,572550
0,25,6,0.5,-0.50642,180,0,0,572566
0,21,6,0.5,-0.503585,180,0,0,572586
0,17,6,0.5,-0.50129,180,0,0,572601
0,35,12,0.5,-0.496565,180,0,0,572619
0,20,5,0.5,-0.493865,180,0,0,572633
0,21,4,0.5,-0.49103,180,0,0,572650
0,24,4,0.5,-0.48779,180,0,0,572665
0,26,4,0.5,-0.48428,180,0,0,572684
0,29,4,0.5,-0.480365,180,0,0,572699
0,30,4,0.5,-0.476315,180,0,0,572716
0,35,5,0.5,-0.47159,180,0,0,572740
0,36,5,0.5,-0.46673,180,0,0,572752
0,36,5,0.5,-0.46187,180,0,0,572765
0,35,5,0.5,-0.457145,180,0,0,572783
0,32,6,0.5,-0.452825,180,0,0,572800
0,28,8,0.5,-0.449045,180,0,0,572818
0,26,7,0.5,-0.445535,180,0,0,572836
0,24,8,0.5,-0.442295,180,0,0,572851
0,22,9,0.5,-0.439325,180,0,0,572869
0,22,8,0.5,-0.436355,180,0,0,572884
0,22,7,0.5,-0.433385,180,0,0,572903
0,27,6,0.5,-0.42974,180,0,0,572917
0,29,4,0.5,-0.425825,180,0,0,572934
0,34,4,0.5,-0.421235,180,0,0,572949
0,35,4,0.5,-0.41651,180,0,0,572967
0,35,3,0.5,-0.411785,180,0,0,572983
0,74,8,0.5,-0.401795,180,0,0,573002
0,34,4,0.5,-0.397205,180,0,0,573016
0,36,0,0.5,-0.392345,180,0,0,573031
0,31,10,0.5,-0.38816,180,0,0,573051
0,29,4,0.5,-0.384245,180,0,0,573066
0,25,8,0.5,-0.38087,180,0,0,573083
0,24,8,0.5,-0.37763,180,0,0,573103
0,20,7,0.5,-0.37493,180,0,0,573118
0,20,7,0.5,-0.37223,180,0,0,573133
0,21,6,0.5,-0.369395,180,0,0,573152
0,24,5,0.5,-0.366155,180,0,0,573167
0,25,4,0.5,-0.36278,180,0,0,573182
0,29,4,0.5,-0.358865,180,0,0,573199
0,30,4,0.5,-0.354815,180,0,0,573216
0,33,5,0.5,-0.35036,180,0,0,573234
0,32,5,0.5,-0.34604,180,0,0,573252
0,32,5,0.5,-0.34172,180,0,0,573268
0,32,6,0.5,-0.3374,180,0,0,573283
0,28,5,0.5,-0.33362,180,0,0,573300
0,29,7,0.5,-0.329705,180,0,0,573323
0,25,8,0.5,-0.32633,180,0,0,573335
0,22,9,0.5,-0.32336,180,0,0,573354
0,19,9,0.5,-0.320795,180,0,0,573372
0,16,9,0.5,-0.318635,180,0,0,573383
0,15,9,0.5,-0.31661,180,0,0,573401
0,32,13,0.5,-0.31229,180,0,0,573419
0,0,0,0.5,-0.31229,180,0,0,573431
0,43,11,0.5,-0.306485,180,0,0,573453
0,25,5,0.5,-0.30311,180,0,0,573471
0,26,5,0.5,-0.2996,180,0,0,573483
0,30,6,0.5,-0.29555,180,0,0,573501
0,29,6,0.5,-0.291635,180,0,0,573521
0,31,6,0.5,-0.28745,180,0,0,573536
0,31,5,0.5,-0.283265,180,0,0,573551
0,30,5,0.5,-0.279215,180,0,0,573566
0,32,6,0.5,-0.274895,180,0,0,573583
0,29,7,0.5,-0.27098,180,0,0,573600
0,27,9,0.5,-0.267335,180,0,0,573622
0,24,9,0.5,-0.264095,180,0,0,573639
0,23,10,0.5,-0.26099,180,0,0,573651
0,20,10,0.5,-0.25829,180,0,0,573667
0,19,10,0.5,-0.255725,180,0,0,573684
0,19,9,0.5,-0.25316,180,0,0,573700
0,22,8,0.5,-0.25019,180,0,0,573721
0,51,12,0.5,-0.243305,180,0,0,573745
0,0,0,0.5,-0.243305,180,0,0,573750
0,30,7,0.5,-0.239255,180,0,0,573766
0,31,6,0.5,-0.23507,180,0,0,573786
0,29,6,0.5,-0.231155,180,0,0,573799
0,27,5,0.5,-0.22751,180,0,0,573820
0,43,5,0.5,-0.221705,180,0,0,573832
0,18,7,0.5,-0.219275,180,0,0,573850
0,15,4,0.5,-0.21725,180,0,0,573865
0,15,5,0.5,-0.215225,180,0,0,573886
0,15,4,0.5,-0.2132,180,0,0,573900
0,14,4,0.5,-0.21131,180,0,0,573916
0,15,3,0.5,-0.209285,180,0,0,573932
0,14,3,0.5,-0.207395,180,1,31,573953
0,12,4,0.5,-0.205775,180,1,31,573967
0,9,4,0.5,-0.20456,180,1,0,573983
0,7,5,0.5,-0.203615,180,0,0,574000
0,6,5,0.5,-0.202805,180,0,0,574016
0,6,5,0.5,-0.201995,180,0,0,574033
0,6,4,0.5,-0.201185,180,0,0,574050
0,8,4,0.5,-0.200105,180,0,0,574065
0,9,4,0.5,-0.19889,180,0,0,574083
0,12,4,0.5,-0.19727,180,0,31,574101
0,11,4,0.5,-0.195785,180,0,31,574116
0,11,4,0.5,-0.1943,180,0,31,574132
0,10,4,0.5,-0.19295,180,0,0,574149
0,11,4,0.5,-0.191465,180,0,0,574167
0,10,4,0.5,-0.190115,180,0,0,574183
0,11,4,0.5,-0.18863,180,0,31,574200
0,9,3,0.5,-0.187415,180,0,31,574216
0,9,2,0.5,-0.1862,180,0,0,574232
0,16,4,0.5,-0.18404,180,0,0,574250
0,7,1,0.5,-0.183095,180,0,0,574265
0,7,0,0.5,-0.18215,180,0,0,574282
0,5,0,0.5,-0.181475,180,0,31,574298
0,4,-1,0.5,-0.180935,180,0,31,574315
0,2,0,0.5,-0.180665,180,0,0,574334
0,0,-1,0.5,-0.180665,180,0,0,574349
0,0,0,0.5,-0.180665,180,0,0,574365
0,0,0,0.5,-0.180665,180,0,0,574381
0,1,1,0.5,-0.18053,180,0,31,574399
0,3,2,0.5,-0.180125,180,0,31,574415
0,3,2,0.5,-0.17972,180,0,31,574432
0,3,2,0.5,-0.179315,180,0,0,574450
0,3,3,0.5,-0.17891,180,0,0,574465
0,4,2,0.5,-0.17837,180,0,0,574482
0,4,3,0.5,-0.17783,180,0,31,574498
0,4,4,0.5,-0.17729,180,0,31,574517
0,4,3,0.5,-0.17675,180,0,31,574533
0,2,4,0.5,-0.17648,180,0,0,574550
0,1,3,0.5,-0.176345,180,0,0,574566
0,1,3,0.5,-0.17621,180,0,0,574583
0,0,2,0.5,-0.17621,180,0,0,574598
0,1,2,0.5,-0.176075,180,0,31,574616
0,1,1,0.5,-0.17594,180,0,31,574632
0,0,3,0.5,-0.17594,180,0,0,574648
0,0,1,0.5,-0.17594,180,0,0,574665
0,0,1,0.5,-0.17594,180,0,0,574682
0,2,1,0.5,-0.17567,180,0,0,574698
0,3,1,0.5,-0.175265,180,0,31,574714
0,5,1,0.5,-0.17459,180,0,31,574731
0,3,1,0.5,-0.174185,180,0,31,574749
0,3,2,0.5,-0.17378,180,0,0,574765
0,1,2,0.5,-0.173645,180,0,0,574783
0,1,2,0.5,-0.17351,180,0,0,574802
0,1,3,0.5,-0.173375,180,0,0,574816
0,1,2,0.5,-0.17324,180,0,0,574832
0,3,3,0.5,-0.172835,180,0,31,574850
0,3,2,0.5,-0.17243,180,0,31,574865
0,3,3,0.5,-0.172025,180,0,31,574883
0,2,3,0.5,-0.171755,180,0,0,574902
0,2,2,0.5,-0.171485,180,0,0,574917
0,2,2,0.5,-0.171215,180,0,0,574935
0,4,1,0.5,-0.170675,180,0,0,574948
0,5,1,0.5,-0.17,180,0,0,574965
0,5,0,0.5,-0.169325,180,0,0,574981
0,7,0,0.5,-0.16838,180,0,0,574998
0,8,0,0.5,-0.1673,180,0,0,575015
0,20,-1,0.5,-0.1646,180,0,0,575034
0,12,0,0.5,-0.16298,180,0,0,575049
0,13,0,0.5,-0.161225,180,0,0,575065
0,13,0,0.5,-0.15947,180,0,0,575081
0,14,1,0.5,-0.15758,180,0,0,575100
0,17,1,0.5,-0.155285,180,0,0,575118
0,17,1,0.5,-0.15299,180,0,0,575132
0,16,0,0.5,-0.15083,180,0,0,575148
0,16,0,0.5,-0.14867,180,0,0,575165
0,15,-1,0.5,-0.146645,180,0,0,575182
0,13,-1,0.5,-0.14489,180,0,0,575199
0,12,-1,0.5,-0.14327,180,0,0,575216
0,11,-1,0.5,-0.141785,180,0,0,575237
0,11,-2,0.5,-0.1403,180,0,0,575251
0,10,-1,0.5,-0.13895,180,0,0,575266
0,13,-1,0.5,-0.137195,180,0,0,575281
0,16,0,0.5,-0.135035,180,0,0,575299
0,20,0,0.5,-0.132335,180,0,0,575315
0,22,0,0.5,-0.129365,180,0,0,575331
0,26,0,0.5,-0.125855,180,0,0,575348
0,25,0,0.5,-0.12248,180,0,0,575365
0,28,2,0.5,-0.1187,180,0,0,575382
0,28,2,0.5,-0.11492,180,0,0,575399
0,28,3,0.5,-0.11114,180,0,0,575415
0,26,2,0.5,-0.10763,180,0,0,575432
0,50,4,0.5,-0.10088,180,0,0,575452
0,0,0,0.5,-0.10088,180,0,0,575464
0,45,0,0.5,-0.094805,180,0,0,575481
0,23,-2,0.5,-0.0917,180,0,0,575498
0,24,-2,0.5,-0.08846,180,0,0,575518
0,24,-2,0.5,-0.08522,180,0,0,575533
0,25,-3,0.5,-0.081845,180,0,0,575548
0,25,-3,0.5,-0.07847,180,0,0,575568
0,26,-3,0.5,-0.07496,180,0,0,575584
0,28,-3,0.5,-0.07118,180,0,0,575599
0,31,-2,0.5,-0.066995,180,0,0,575615
0,32,-1,0.5,-0.062675,180,0,0,575633
0,35,0,0.5,-0.05795,180,0,0,575649
0,34,0,0.5,-0.05336,180,0,0,575667
0,34,0,0.5,-0.04877,180,0,0,575681
0,34,0,0.5,-0.04418,180,0,0,575697
0,34,0,0.5,-0.03959,180,0,0,575717
0,34,2,0.5,-0.035,180,0,0,575732
0,32,0,0.5,-0.03068,180,0,0,575749
0,32,0,0.5,-0.02636,180,0,0,575765
0,60,-4,0.5,-0.01826,180,0,0,575788
0,28,-3,0.5,-0.01448,180,0,0,575801
0,0,0,0.5,-0.01448,180,0,0,575815
0,28,-4,0.5,-0.0107,180,0,0,575832
0,55,-8,0.5,-0.003275,180,0,0,575854
0,26,-3,0.5,0.000235,180,0,0,575869
0,28,-3,0.5,0.004015,180,0,0,575882
0,27,-3,0.5,0.00766,180,0,0,575900
0,27,-3,0.5,0.011305,180,0,0,575923
0,27,-2,0.5,0.01495,180,0,0,575932
0,29,-3,0.5,0.018865,180,0,0,575949
0,29,-2,0.5,0.02278,180,0,0,575968
0,31,-3,0.5,0.026965,180,0,0,575983
0,31,-3,0.5,0.03115,180,0,0,575999
0,31,-5,0.5,0.035335,180,0,0,576017
0,29,-6,0.5,0.03925,180,0,0,576035
0,28,-6,0.5,0.04303,180,0,0,576052
0,24,-7,0.5,0.04627,180,0,0,576067
0,23,-7,0.5,0.049375,180,0,0,576085
0,24,-7,0.5,0.052615,180,0,0,576102
0,26,-5,0.5,0.056125,180,0,0,576119
0,29,-4,0.5,0.06004,180,0,0,576133
0,32,-3,0.5,0.06436,180,0,0,576149
0,35,-3,0.5,0.069085,180,0,0,576169
0,77,-8,0.5,0.07948,180,0,0,576187
0,0,0,0.5,0.07948,180,0,0,576200
0,81,-7,0.5,0.090415,180,0,0,576221
0,39,-4,0.5,0.09568,180,0,0,576233
0,37,-4,0.5,0.100675,180,0,0,576249
0,36,-5,0.5,0.105535,180,0,0,576273
0,32,-5,0.5,0.109855,180,0,0,576292
0,30,-5,0.5,0.113905,180,0,0,576304
0,29,-6,0.5,0.11782,180,0,0,576317
0,30,-5,0.5,0.12187,180,0,0,576338
0,31,-4,0.5,0.126055,180,0,0,576353
0,30,-3,0.5,0.130105,180,0,0,576366
0,30,-2,0.5,0.134155,180,0,0,576383
0,31,-2,0.5,0.13834,180,0,0,576400
0,32,0,0.5,0.14266,180,0,0,576417
0,32,0,0.5,0.14698,180,0,0,576433
0,31,0,0.5,0.151165,180,0,0,576448
0,31,0,0.5,0.15535,180,0,0,576469
0,32,0,0.5,0.15967,180,0,0,576482
0,32,-2,0.5,0.16399,180,0,0,576501
0,31,-3,0.5,0.168175,180,0,0,576518
0,31,-4,0.5,0.17236,180,0,0,576533
0,63,-6,0.5,0.180865,180,0,0,576553
0,0,-2,0.5,0.180865,180,0,0,576571
0,32,-4,0.5,0.185185,180,0,0,576583
0,68,-6,0.5,0.194365,180,0,0,576603
0,37,-1,0.5,0.19936,180,0,0,576617
0,38,0,0.5,0.20449,180,0,0,576634
0,37,0,0.5,0.209485,180,0,0,576649
0,40,0,0.5,0.214885,180,0,0,576665
0,39,0,0.5,0.22015,180,0,0,576684
0,39,0,0.5,0.225415,180,0,0,576699
0,36,0,0.5,0.230275,180,0,0,576720
0,37,-1,0.5,0.23527,180,0,0,576735
0,36,-2,0.5,0.24013,180,0,0,576754
0,37,-3,0.5,0.245125,180,0,0,576767
0,38,-4,0.5,0.250255,180,0,0,576788
0,40,-4,0.5,0.255655,180,0,0,576803
0,38,-2,0.5,0.260785,180,0,0,576818
0,41,-1,0.5,0.26632,180,0,0,576835
0,40,0,0.5,0.27172,180,0,0,576850
0,41,0,0.5,0.277255,180,0,0,576866
0,40,0,0.5,0.282655,180,0,0,576883
0,38,1,0.5,0.287785,180,0,0,576900
0,38,2,0.5,0.292915,180,0,0,576916
0,72,2,0.5,0.302635,180,0,0,576938
0,0,0,0.5,0.302635,180,0,0,576951
0,38,0,0.5,0.307765,180,0,0,576966
0,77,-1,0.5,0.31816,180,0,0,576985
0,0,0,0.5,0.31816,180,0,0,577000
0,73,-1,0.5,0.328015,180,0,0,577019
0,38,0,0.5,0.333145,180,0,0,577033
0,37,1,0.5,0.33814,180,0,0,577053
0,37,3,0.5,0.343135,180,0,0,577068
0,36,3,0.5,0.347995,180,0,0,577086
0,34,4,0.5,0.352585,180,0,0,577103
0,33,3,0.5,0.35704,180,0,0,577118
0,34,4,0.5,0.36163,180,0,0,577136
0,34,2,0.5,0.36622,180,0,0,577152
0,37,1,0.5,0.371215,180,0,0,577166
0,39,0,0.5,0.37648,180,0,0,577187
0,39,0,0.5,0.381745,180,0,0,577200
0,40,1,0.5,0.387145,180,0,0,577217
0,39,0,0.5,0.39241,180,0,0,577234
0,37,1,0.5,0.397405,180,0,0,577251
0,36,3,0.5,0.402265,180,0,0,577269
0,34,4,0.5,0.406855,180,0,0,577286
0,32,5,0.5,0.411175,180,0,0,577303
0,27,6,0.5,0.41482,180,0,0,577323
0,50,11,0.5,0.42157,180,0,0,577341
0,0,0,0.5,0.42157,180,0,0,577351
0,28,4,0.5,0.42535,180,0,0,577368
0,62,7,0.5,0.43372,180,0,0,577387
0,36,3,0.5,0.43858,180,0,0,577405
0,36,4,0.5,0.44344,180,0,0,577420
0,39,4,0.5,0.448705,180,0,0,577435
0,38,4,0.5,0.453835,180,0,0,577455
0,36,4,0.5,0.458695,180,0,0,577469
0,35,3,0.5,0.46342,180,0,0,577489
0,31,4,0.5,0.467605,180,0,0,577508
0,26,4,0.5,0.471115,180,0,0,577520
0,21,4,0.5,0.47395,180,0,0,577545
0,36,8,0.5,0.47881,180,0,0,577565
0,18,3,0.5,0.48124,180,0,0,577577
0,0,0,0.5,0.48124,180,0,0,577584
0,20,2,0.5,0.48394,180,0,0,577602
0,23,2,0.5,0.487045,180,0,0,577622
0,25,1,0.5,0.49042,180,0,0,577637
0,27,2,0.5,0.494065,180,0,0,577655
0,28,3,0.5,0.497845,180,0,0,577672
0,29,3,0.5,0.50176,180,0,0,577690
0,33,4,0.5,0.506215,180,0,0,577704
0,70,8,0.5,0.515665,180,0,0,577726
0,32,5,0.5,0.519985,180,0,0,577740
0,30,2,0.5,0.524035,180,0,0,577753
0,27,11,0.5,0.52768,180,0,0,577779
0,25,7,0.5,0.531055,180,0,0,577791
0,23,7,0.5,0.53416,180,0,0,577809
0,22,7,0.5,0.53713,180,0,0,577823
0,22,5,0.5,0.5401,180,0,0,577840
0,26,5,0.5,0.54361,180,0,0,577854
0,31,5,0.5,0.547795,180,0,0,577874
0,33,4,0.5,0.55225,180,0,0,577887
0,36,5,0.5,0.55711,180,0,0,577906
0,38,5,0.5,0.56224,180,0,0,577922
0,37,5,0.5,0.567235,180,0,0,577937
0,37,4,0.5,0.57223,180,0,0,577952
0,33,5,0.5,0.576685,180,0,0,577970
0,30,6,0.5,0.580735,180,0,0,577988
0,27,6,0.5,0.58438,180,0,0,578006
0,24,6,0.5,0.58762,180,0,0,578021
0,20,6,0.5,0.59032,180,0,0,578037
0,18,7,0.5,0.59275,180,0,0,578054
0,19,5,0.5,0.595315,180,0,0,578072
0,22,5,0.5,0.598285,180,0,0,578089
0,23,4,0.5,0.60139,180,0,0,578103
0,28,5,0.5,0.60517,180,0,0,578120
0,62,8,0.5,0.61354,180,0,0,578139
0,33,5,0.5,0.617995,180,0,0,578154
0,34,4,0.5,0.622585,180,0,0,578172
0,30,5,0.5,0.626635,180,0,0,578194
0,28,5,0.5,0.630415,180,0,0,578205
0,26,7,0.5,0.633925,180,0,0,578224
0,23,7,0.5,0.63703,180,0,0,578240
0,18,7,0.5,0.63946,180,0,0,578256
0,14,7,0.5,0.64135,180,0,0,578271
0,12,7,0.5,0.64297,180,0,0,578293
0,12,6,0.5,0.64459,180,0,0,578307
0,14,5,0.5,0.64648,180,0,0,578323
0,17,4,0.5,0.648775,180,0,0,578337
0,22,4,0.5,0.651745,180,0,0,578354
0,23,4,0.5,0.65485,180,0,0,578377
0,26,4,0.5,0.65836,180,0,0,578391
0,27,5,0.5,0.662005,180,0,0,578410
0,29,5,0.5,0.66592,180,0,0,578422
0,30,6,0.5,0.66997,180,0,0,578438
0,29,5,0.5,0.673885,180,0,0,578455
0,52,10,0.5,0.680905,180,0,0,578478
0,0,0,0.5,0.680905,180,0,0,578486
0,24,6,0.5,0.684145,180,0,0,578505
0,20,8,0.5,0.686845,180,0,0,578523
0,28,16,0.5,0.690625,180,0,0,578543
0,9,8,0.5,0.69184,180,0,0,578560
0,6,6,0.5,0.69265,180,0,0,578575
0,7,4,0.5,0.693595,180,0,0,578592
0,7,4,0.5,0.69454,180,0,0,578604
0,9,3,0.5,0.695755,180,0,0,578622
0,9,3,0.5,0.69697,180,0,0,578637
0,8,4,0.5,0.69805,180,0,0,578655
0,8,3,0.5,0.69913,180,0,0,578672
0,9,4,0.5,0.700345,180,0,0,578692
0,8,4,0.5,0.701425,180,0,0,578704
0,11,4,0.5,0.70291,180,0,0,578720
0,12,4,0.5,0.70453,180,0,0,578738
0,10,4,0.5,0.70588,180,0,0,578756
0,12,5,0.5,0.7075,180,0,0,578774
0,12,5,0.5,0.70912,180,0,0,578793
0,12,5,0.5,0.71,180,0,0,578805
