0,173,19,0.5,-0.686645,180,0,0,374694
0,33,2,0.5,-0.68219,180,0,0,374702
0,0,0,0.5,-0.68219,180,0,0,374707
0,29,2,0.5,-0.678275,180,0,0,374720
0,25,1,0.5,-0.6749,180,0,0,374735
0,22,2,0.5,-0.67193,180,0,0,374752
0,21,4,0.5,-0.669095,180,0,0,374770
0,20,5,0.5,-0.666395,180,0,0,374787
0,22,7,0.5,-0.663425,180,0,0,374804
0,24,8,0.5,-0.660185,180,0,0,374821
0,26,8,0.5,-0.656675,180,0,0,374839
0,28,7,0.5,-0.652895,180,0,0,374856
0,35,7,0.5,-0.64817,180,0,0,374870
0,36,7,0.5,-0.64331,180,0,0,374886
0,69,8,0.5,-0.633995,180,0,0,374904
0,28,12,0.5,-0.630215,180,0,0,374924
0,27,6,0.5,-0.62657,180,0,0,374937
0,24,6,0.5,-0.62333,180,0,0,374955
0,21,5,0.5,-0.620495,180,0,0,374972
0,15,4,0.5,-0.61847,180,0,0,374986
0,10,5,0.5,-0.61712,180,0,0,375005
0,3,4,0.5,-0.616715,180,0,0,375021
0,-1,4,0.5,-0.61685,180,0,0,375038
0,-4,5,0.5,-0.61739,180,0,0,375054
0,-7,6,0.5,-0.618335,180,0,0,375070
0,-10,7,0.5,-0.619685,180,0,0,375095
0,-13,7,0.5,-0.62144,180,0,0,375111
0,-15,5,0.5,-0.623465,180,0,0,375119
0,-17,5,0.5,-0.62576,180,0,0,375136
0,-20,4,0.5,-0.62846,180,0,0,375159
0,-21,3,0.5,-0.631295,180,0,0,375170
0,-22,3,0.5,-0.634265,180,0,0,375185
0,-21,5,0.5,-0.6371,180,0,0,375205
0,-21,5,0.5,-0.639935,180,0,0,375220
0,-21,5,0.5,-0.64277,180,0,0,375237
0,-19,5,0.5,-0.645335,180,0,0,375254
0,-18,5,0.5,-0.647765,180,0,0,375272
0,-30,9,0.5,-0.651815,180,0,0,375288
0,-10,2,0.5,-0.653165,180,0,0,375304
0,-9,2,0.5,-0.65438,180,0,0,375321
0,-6,2,0.5,-0.65519,180,0,0,375336
0,-3,0,0.5,-0.655595,180,0,0,375352
0,-3,0,0.5,-0.656,180,0,0,375368
0,-2,0,0.5,-0.65627,180,0,0,375385
0,-1,0,0.5,-0.656405,180,0,0,375403
0,-1,0,0.5,-0.65654,180,0,0,375420
0,-1,0,0.5,-0.656675,180,0,0,375435
0,0,0,0.5,-0.656675,180,0,0,375451
0,2,0,0.5,-0.656405,180,0,0,375469
0,0,3,0.5,-0.656405,180,0,0,375486
0,1,4,0.5,-0.65627,180,0,0,375504
0,2,5,0.5,-0.656,180,0,0,375519
0,0,7,0.5,-0.656,180,0,0,375537
0,-1,6,0.5,-0.656135,180,0,0,375557
0,-3,6,0.5,-0.65654,180,0,0,375571
0,-5,6,0.5,-0.657215,180,0,0,375586
0,-6,6,0.5,-0.658025,180,0,0,375605
0,-7,6,0.5,-0.65897,180,0,0,375625
0,-9,7,0.5,-0.660185,180,0,0,375640
0,-9,6,0.5,-0.6614,180,0,0,375655
0,-18,12,0.5,-0.66383,180,0,0,375674
0,0,0,0.5,-0.66383,180,0,0,375684
0,-14,9,0.5,-0.66572,180,0,0,375706
0,0,0,0.5,-0.66572,180,0,0,375718
0,-8,5,0.5,-0.6668,180,0,0,375743
0,-1,1,0.5,-0.666935,180,0,0,375751
0,0,0,0.5,-0.666935,180,0,0,375768
0,0,0,0.5,-0.666935,180,0,0,375784
0,0,0,0.5,-0.666935,180,0,0,375802
0,0,0,0.5,-0.666935,180,0,0,375821
0,-2,0,0.5,-0.667205,180,0,0,375837
0,-2,0,0.5,-0.667475,180,0,0,375853
0,-2,0,0.5,-0.667745,180,0,0,375869
0,-1,0,0.5,-0.66788,180,0,0,375886
0,1,0,0.5,-0.667745,180,0,0,375902
0,0,0,0.5,-0.667745,180,0,0,375917
0,0,0,0.5,-0.667745,180,0,0,375934
0,2,0,0.5,-0.667475,180,0,0,375951
0,-1,1,0.5,-0.66761,180,0,0,375969
0,7,3,0.5,-0.666665,180,0,0,375985
0,2,3,0.5,-0.666395,180,0,0,376002
0,3,3,0.5,-0.66599,180,0,0,376019
0,2,4,0.5,-0.66572,180,0,0,376036
0,1,4,0.5,-0.665585,180,0,0,376053
0,2,6,0.5,-0.665315,180,0,0,376073
0,-1,7,0.5,-0.66545,180,0,0,376088
0,-1,14,0.5,-0.665585,180,0,0,376108
0,-5,7,0.5,-0.66626,180,0,0,376124
0,-5,6,0.5,-0.666935,180,0,0,376136
0,-4,6,0.5,-0.667475,180,0,0,376154
0,-6,7,0.5,-0.668285,180,0,0,376170
0,-7,6,0.5,-0.66923,180,0,0,376188
0,-9,6,0.5,-0.670445,180,0,0,376207
0,-11,6,0.5,-0.67193,180,0,0,376220
0,-9,5,0.5,-0.673145,180,0,0,376236
0,-9,4,0.5,-0.67436,180,0,0,376252
0,-5,3,0.5,-0.675035,180,0,0,376270
0,-2,2,0.5,-0.675305,180,0,0,376287
0,-1,2,0.5,-0.67544,180,0,0,376302
0,0,1,0.5,-0.67544,180,0,0,376318
0,1,0,0.5,-0.675305,180,0,0,376334
0,1,0,0.5,-0.67517,180,0,0,376352
0,1,-2,0.5,-0.675035,180,0,0,376369
0,2,-1,0.5,-0.674765,180,0,0,376385
0,2,-2,0.5,-0.674495,180,0,0,376403
0,3,-1,0.5,-0.67409,180,0,0,376419
0,0,-2,0.5,-0.67409,180,0,0,376436
0,1,-1,0.5,-0.673955,180,0,0,376452
0,0,0,0.5,-0.673955,180,0,0,376471
0,0,2,0.5,-0.673955,180,0,0,376488
0,5,9,0.5,-0.67328,180,0,0,376504
0,3,6,0.5,-0.672875,180,0,0,376525
0,4,7,0.5,-0.672335,180,0,0,376537
0,4,5,0.5,-0.671795,180,0,0,376554
0,5,9,0.5,-0.67112,180,0,0,376571
0,4,7,0.5,-0.67058,180,0,0,376589
0,5,8,0.5,-0.669905,180,0,0,376607
0,4,8,0.5,-0.669365,180,0,0,376623
0,2,8,0.5,-0.669095,180,0,0,376638
0,1,8,0.5,-0.66896,180,0,0,376654
0,-1,7,0.5,-0.669095,180,0,0,376670
0,-1,7,0.5,-0.66923,180,0,0,376686
0,-3,6,0.5,-0.669635,180,0,0,376706
0,-5,6,0.5,-0.67031,180,0,0,376719
0,-6,6,0.5,-0.67112,180,0,0,376737
0,-6,6,0.5,-0.67193,180,0,0,376754
0,-6,6,0.5,-0.67274,180,0,0,376772
0,-7,5,0.5,-0.673685,180,0,0,376788
0,-6,3,0.5,-0.674495,180,0,0,376804
0,-8,2,0.5,-0.675575,180,0,0,376820
0,-8,2,0.5,-0.676655,180,0,0,376835
0,-10,1,0.5,-0.678005,180,0,0,376852
0,-8,1,0.5,-0.679085,180,0,0,376868
0,-7,0,0.5,-0.68003,180,0,0,376884
0,-9,-1,0.5,-0.681245,180,0,0,376902
0,-1,0,0.5,-0.68138,180,0,0,376919
0,0,-1,0.5,-0.68138,180,0,0,376937
0,4,-1,0.5,-0.68084,180,0,0,376952
0,4,0,0.5,-0.6803,180,0,0,376970
0,5,0,0.5,-0.679625,180,0,0,376985
0,3,0,0.5,-0.67922,180,0,0,377002
0,3,0,0.5,-0.678815,180,0,0,377019
0,1,0,0.5,-0.67868,180,0,0,377035
0,0,2,0.5,-0.67868,180,0,0,377057
0,0,3,0.5,-0.67868,180,0,0,377068
0,0,4,0.5,-0.67868,180,0,0,377086
0,0,6,0.5,-0.67868,180,0,0,377104
0,-3,6,0.5,-0.679085,180,0,0,377119
0,-6,7,0.5,-0.679895,180,0,0,377143
0,-6,7,0.5,-0.680705,180,0,0,377157
0,-7,7,0.5,-0.68165,180,0,0,377174
0,-7,7,0.5,-0.682595,180,0,0,377186
0,-5,6,0.5,-0.68327,180,0,0,377206
0,-3,6,0.5,-0.683675,180,0,0,377221
0,-3,5,0.5,-0.68408,180,0,0,377235
0,-2,5,0.5,-0.68435,180,0,0,377252
0,0,4,0.5,-0.68435,180,0,0,377270
0,1,4,0.5,-0.684215,180,0,0,377287
0,3,5,0.5,-0.68381,180,0,0,377303
0,1,1,0.5,-0.683675,180,0,0,377319
0,0,1,0.5,-0.683675,180,0,0,377335
0,-1,1,0.5,-0.68381,180,0,0,377351
0,0,1,0.5,-0.68381,180,0,0,377370
0,0,1,0.5,-0.68381,180,0,31,377385
0,1,2,0.5,-0.683675,180,0,31,377402
0,2,2,0.5,-0.683405,180,0,0,377419
0,1,3,0.5,-0.68327,180,0,0,377435
0,1,4,0.5,-0.683135,180,0,0,377452
0,-2,4,0.5,-0.683405,180,0,0,377469
0,-6,5,0.5,-0.684215,180,0,0,377487
0,-8,4,0.5,-0.685295,180,0,0,377505
0,-10,5,0.5,-0.686645,180,0,0,377521
0,-12,6,0.5,-0.688265,180,0,0,377538
0,-11,7,0.5,-0.68975,180,0,0,377557
0,-11,7,0.5,-0.691235,180,0,0,377571
0,-10,5,0.5,-0.692585,180,0,0,377585
0,-7,3,0.5,-0.69353,180,0,0,377603
0,-8,1,0.5,-0.69461,180,0,0,377620
0,-6,1,0.5,-0.69542,180,0,0,377636
0,-2,0,0.5,-0.69569,180,0,0,377651
0,0,0,0.5,-0.69569,180,0,0,377667
0,0,0,0.5,-0.69569,180,0,0,377684
0,1,-3,0.5,-0.695555,180,0,0,377702
0,0,0,0.5,-0.695555,180,0,0,377720
0,0,0,0.5,-0.695555,180,0,31,377734
0,0,0,0.5,-0.695555,180,0,31,377753
0,0,2,0.5,-0.695555,180,0,31,377769
0,1,2,0.5,-0.69542,180,0,31,377785
0,1,2,0.5,-0.695285,180,0,31,377802
0,2,3,0.5,-0.695015,180,0,31,377819
0,1,3,0.5,-0.69488,180,0,31,377835
0,2,4,0.5,-0.69461,180,0,31,377852
0,2,3,0.5,-0.69434,180,0,31,377869
0,2,4,0.5,-0.69407,180,0,31,377890
0,3,3,0.5,-0.693665,180,0,31,377904
0,3,3,0.5,-0.69326,180,0,31,377919
0,4,3,0.5,-0.69272,180,0,31,377937
0,4,4,0.5,-0.69218,180,0,31,377954
0,5,4,0.5,-0.691505,180,0,31,377971
0,6,5,0.5,-0.690695,180,0,31,377986
0,4,6,0.5,-0.690155,180,0,31,378002
0,3,6,0.5,-0.68975,180,0,31,378023
0,2,6,0.5,-0.68948,180,0,31,378039
0,-1,7,0.5,-0.689615,180,0,31,378054
0,0,7,0.5,-0.689615,180,0,31,378075
0,-1,7,0.5,-0.68975,180,0,31,378087
0,0,7,0.5,-0.68975,180,0,31,378103
0,-5,13,0.5,-0.690425,180,0,0,378123
0,-3,6,0.5,-0.69083,180,0,0,378136
0,-5,5,0.5,-0.691505,180,0,0,378155
0,-6,5,0.5,-0.692315,180,0,0,378169
0,-7,4,0.5,-0.69326,180,0,0,378186
0,-8,4,0.5,-0.69434,180,0,0,378206
0,-8,2,0.5,-0.69542,180,0,0,378219
0,-7,1,0.5,-0.696365,180,0,0,378235
0,-7,1,0.5,-0.69731,180,0,0,378253
0,-5,1,0.5,-0.697985,180,0,0,378269
0,-5,1,0.5,-0.69866,180,0,0,378285
0,-4,0,0.5,-0.6992,180,0,0,378301
0,-3,0,0.5,-0.699605,180,0,0,378318
0,-3,-1,0.5,-0.70001,180,0,0,378336
0,-3,-1,0.5,-0.700415,180,0,0,378352
0,-3,-2,0.5,-0.70082,180,0,0,378369
0,-2,-3,0.5,-0.70109,180,0,0,378386
0,-2,-3,0.5,-0.70136,180,0,0,378402
0,-1,-2,0.5,-0.701495,180,0,0,378418
0,-1,-2,0.5,-0.70163,180,0,0,378436
0,0,-1,0.5,-0.70163,180,0,31,378455
0,0,0,0.5,-0.70163,180,0,31,378467
0,1,2,0.5,-0.701495,180,0,31,378486
0,4,7,0.5,-0.700955,180,0,0,378505
0,1,4,0.5,-0.70082,180,0,0,378520
0,0,5,0.5,-0.70082,180,0,0,378537
0,0,5,0.5,-0.70082,180,0,0,378553
0,0,4,0.5,-0.70082,180,0,0,378569
0,0,4,0.5,-0.70082,180,0,0,378585
0,0,4,0.5,-0.70082,180,0,0,378603
0,0,4,0.5,-0.70082,180,0,0,378619
0,0,6,0.5,-0.70082,180,0,0,378639
0,0,6,0.5,-0.70082,180,0,0,378654
0,-3,7,0.5,-0.701225,180,0,0,378670
0,-6,7,0.5,-0.702035,180,0,0,378687
0,-6,6,0.5,-0.702845,180,0,0,378702
0,-10,5,0.5,-0.704195,180,0,0,378719
0,-9,4,0.5,-0.70541,180,0,0,378736
0,-8,4,0.5,-0.70649,180,0,0,378753
0,-7,2,0.5,-0.707435,180,0,0,378770
0,-5,2,0.5,-0.70811,180,0,0,378786
0,-2,1,0.5,-0.70838,180,0,0,378803
0,-1,0,0.5,-0.708515,180,0,31,378819
0,0,0,0.5,-0.708515,180,0,31,378834
0,0,0,0.5,-0.708515,180,0,31,378851
0,0,0,0.5,-0.708515,180,0,31,378868
0,3,0,0.5,-0.70811,180,0,31,378886
0,1,0,0.5,-0.707975,180,0,31,378902
0,1,1,0.5,-0.70784,180,0,31,378919
0,2,2,0.5,-0.70757,180,0,31,378935
0,1,3,0.5,-0.707435,180,0,31,378952
0,2,4,0.5,-0.707165,180,0,31,378969
0,3,4,0.5,-0.70676,180,0,31,378986
0,3,4,0.5,-0.706355,180,0,31,379003
0,4,4,0.5,-0.705815,180,0,31,379019
0,5,4,0.5,-0.70514,180,0,31,379036
0,5,4,0.5,-0.704465,180,0,31,379052
0,4,3,0.5,-0.703925,180,0,31,379070
0,4,4,0.5,-0.703385,180,0,31,379086
0,2,3,0.5,-0.703115,180,0,31,379103
0,2,4,0.5,-0.702845,180,0,31,379122
0,2,4,0.5,-0.702575,180,0,31,379135
0,2,3,0.5,-0.702305,180,0,31,379152
0,1,4,0.5,-0.70217,180,0,31,379173
0,1,2,0.5,-0.702035,180,0,0,379187
0,0,3,0.5,-0.702035,180,0,0,379202
0,-1,2,0.5,-0.70217,180,0,0,379218
0,-2,3,0.5,-0.70244,180,0,0,379235
0,-2,2,0.5,-0.70271,180,0,0,379251
0,-2,2,0.5,-0.70298,180,0,0,379268
0,-3,2,0.5,-0.703385,180,0,0,379286
0,-7,6,0.5,-0.70433,180,0,0,379305
0,-2,4,0.5,-0.7046,180,0,0,379319
0,-4,2,0.5,-0.70514,180,0,0,379338
0,-6,6,0.5,-0.70595,180,0,0,379355
0,-4,4,0.5,-0.70649,180,0,0,379372
0,-4,5,0.5,-0.70703,180,0,0,379387
0,-4,5,0.5,-0.70757,180,0,0,379403
0,-3,5,0.5,-0.707975,180,0,0,379419
0,-4,4,0.5,-0.708515,180,0,0,379437
0,-4,3,0.5,-0.709055,180,0,0,379455
0,-4,3,0.5,-0.709595,180,0,0,379469
0,-4,3,0.5,-0.71,180,0,0,379486
0,-2,2,0.5,-0.71,180,0,0,379507
0,-3,2,0.5,-0.71,180,0,0,379518
0,-3,2,0.5,-0.71,180,0,0,379536
0,-1,1,0.5,-0.71,180,0,0,379551
0,-2,1,0.5,-0.71,180,0,0,379570
0,0,1,0.5,-0.71,180,0,0,379585
0,0,1,0.5,-0.71,180,0,0,379601
0,1,1,0.5,-0.709865,180,0,0,379618
0,0,1,0.5,-0.709865,180,0,0,379636
0,1,1,0.5,-0.70973,180,0,0,379652
0,3,1,0.5,-0.709325,180,0,0,379668
0,3,2,0.5,-0.70892,180,0,0,379686
0,6,2,0.5,-0.70811,180,0,0,379703
0,0,1,0.5,-0.70811,180,0,0,379720
0,7,3,0.5,-0.707165,180,0,0,379735
0,3,3,0.5,-0.70676,180,0,0,379753
0,2,2,0.5,-0.70649,180,0,0,379770
0,2,3,0.5,-0.70622,180,0,0,379785
0,1,2,0.5,-0.706085,180,0,0,379802
0,0,3,0.5,-0.706085,180,0,0,379819
0,0,2,0.5,-0.706085,180,0,0,379835
0,-1,3,0.5,-0.70622,180,0,0,379852
0,-2,3,0.5,-0.70649,180,0,0,379869
0,-1,3,0.5,-0.706625,180,0,0,379885
0,1,3,0.5,-0.70649,180,0,0,379904
0,-1,4,0.5,-0.706625,180,0,0,379918
0,-2,5,0.5,-0.706895,180,0,0,379937
0,0,6,0.5,-0.706895,180,0,0,379953
0,0,8,0.5,-0.706895,180,0,0,379969
0,1,8,0.5,-0.70676,180,0,0,379987
0,-1,8,0.5,-0.706895,180,0,0,380004
0,0,9,0.5,-0.706895,180,0,0,380037
0,-1,18,0.5,-0.70703,180,0,0,380052
0,-3,9,0.5,-0.707435,180,0,0,380062
0,0,0,0.5,-0.707435,180,0,0,380067
0,-1,9,0.5,-0.70757,180,0,0,380087
0,-1,9,0.5,-0.707705,180,0,0,380107
0,-3,16,0.5,-0.70811,180,0,0,380122
0,-2,6,0.5,-0.70838,180,0,0,380138
0,0,5,0.5,-0.70838,180,0,0,380153
0,0,4,0.5,-0.70838,180,0,0,380170
0,2,3,0.5,-0.70811,180,0,0,380187
0,2,3,0.5,-0.70784,180,0,0,380205
0,1,2,0.5,-0.707705,180,0,0,380218
0,0,2,0.5,-0.707705,180,0,0,380235
0,0,1,0.5,-0.707705,180,0,0,380252
0,-1,0,0.5,-0.70784,180,0,0,380269
0,-1,0,0.5,-0.707975,180,0,0,380286
0,-2,0,0.5,-0.708245,180,0,0,380301
0,-5,0,0.5,-0.70892,180,0,0,380318
0,-5,1,0.5,-0.709595,180,0,0,380335
0,-5,1,0.5,-0.71,180,0,0,380352
0,-5,2,0.5,-0.71,180,0,0,380369
0,-4,2,0.5,-0.71,180,0,0,380387
0,-2,4,0.5,-0.71,180,0,0,380403
0,-1,4,0.5,-0.71,180,0,0,380419
0,-2,4,0.5,-0.71,180,0,0,380436
0,-2,5,0.5,-0.71,180,0,0,380455
0,-4,6,0.5,-0.71,180,0,0,380470
0,-3,6,0.5,-0.71,180,0,0,380487
0,-4,13,0.5,-0.71,180,0,0,380507
0,-2,6,0.5,-0.71,180,0,31,380520
0,0,5,0.5,-0.71,180,0,31,380535
0,0,4,0.5,-0.71,180,0,31,380552
0,0,3,0.5,-0.71,180,0,31,380571
0,1,3,0.5,-0.709865,180,0,31,380586
0,1,2,0.5,-0.70973,180,0,31,380602
0,1,2,0.5,-0.709595,180,0,31,380618
0,2,2,0.5,-0.709325,180,0,31,380635
0,1,2,0.5,-0.70919,180,0,31,380653
0,1,2,0.5,-0.709055,180,0,31,380668
0,2,2,0.5,-0.708785,180,0,31,380693
0,5,5,0.5,-0.70811,180,0,31,380712
0,0,0,0.5,-0.70811,180,0,31,380725
0,3,3,0.5,-0.707705,180,0,31,380737
0,3,3,0.5,-0.7073,180,0,31,380752
0,4,3,0.5,-0.70676,180,0,31,380769
0,4,3,0.5,-0.70622,180,0,31,380785
0,4,4,0.5,-0.70568,180,0,31,380804
0,6,5,0.5,-0.70487,180,0,31,380823
0,7,5,0.5,-0.703925,180,0,31,380835
0,7,5,0.5,-0.70298,180,0,31,380854
0,5,5,0.5,-0.702305,180,0,31,380870
0,2,5,0.5,-0.702035,180,0,31,380887
0,-1,5,0.5,-0.70217,180,0,31,380903
0,-6,5,0.5,-0.70298,180,0,31,380924
0,-4,10,0.5,-0.70352,180,0,31,380938
0,-4,5,0.5,-0.70406,180,0,31,380957
0,-3,6,0.5,-0.704465,180,0,0,380979
0,-3,7,0.5,-0.70487,180,0,0,380991
0,-1,8,0.5,-0.705005,180,0,0,381006
0,0,7,0.5,-0.705005,180,0,0,381020
0,0,8,0.5,-0.705005,180,0,0,381038
0,0,8,0.5,-0.705005,180,0,0,381054
0,0,8,0.5,-0.705005,180,0,0,381074
0,0,8,0.5,-0.705005,180,0,0,381088
0,0,9,0.5,-0.705005,180,0,0,381105
0,1,9,0.5,-0.70487,180,0,0,381120
0,1,8,0.5,-0.704735,180,0,0,381138
0,3,9,0.5,-0.70433,180,0,0,381155
0,4,9,0.5,-0.70379,180,0,0,381169
0,6,9,0.5,-0.70298,180,0,0,381186
0,8,9,0.5,-0.7019,180,0,0,381213
0,18,17,0.5,-0.69947,180,0,0,381231
0,10,5,0.5,-0.69812,180,0,0,381239
0,0,4,0.5,-0.69812,180,0,0,381253
0,10,8,0.5,-0.69677,180,0,0,381271
0,9,8,0.5,-0.695555,180,0,0,381287
0,17,11,0.5,-0.69326,180,0,0,381305
0,0,6,0.5,-0.69326,180,0,0,381320
0,13,16,0.5,-0.691505,180,0,0,381338
0,5,9,0.5,-0.69083,180,0,0,381355
0,5,9,0.5,-0.690155,180,0,0,381374
0,5,9,0.5,-0.68948,180,0,0,381387
0,7,9,0.5,-0.688535,180,0,0,381408
0,7,10,0.5,-0.68759,180,0,0,381424
0,9,9,0.5,-0.686375,180,0,0,381437
0,10,9,0.5,-0.685025,180,0,0,381458
0,11,10,0.5,-0.68354,180,0,0,381474
0,13,10,0.5,-0.681785,180,0,0,381492
0,13,9,0.5,-0.68003,180,0,0,381506
0,13,9,0.5,-0.678275,180,0,0,381524
0,15,10,0.5,-0.67625,180,0,0,381538
0,14,9,0.5,-0.67436,180,0,0,381554
0,14,10,0.5,-0.67247,180,0,0,381571
0,14,10,0.5,-0.67058,180,0,0,381588
0,13,10,0.5,-0.668825,180,0,0,381604
0,13,11,0.5,-0.66707,180,0,0,381622
0,14,12,0.5,-0.66518,180,0,0,381637
0,13,12,0.5,-0.663425,180,0,0,381656
0,11,12,0.5,-0.66194,180,0,0,381672
0,28,26,0.5,-0.65816,180,0,0,381715
0,37,26,0.5,-0.653165,180,0,0,381735
0,19,12,0.5,-0.6506,180,0,0,381749
0,18,10,0.5,-0.64817,180,0,0,381759
0,17,9,0.5,-0.645875,180,0,0,381774
0,0,0,0.5,-0.645875,180,0,0,381783
0,16,8,0.5,-0.643715,180,0,0,381799
0,15,6,0.5,-0.64169,180,0,0,381815
0,13,5,0.5,-0.639935,180,0,0,381835
0,21,9,0.5,-0.6371,180,0,0,381850
0,0,0,0.5,-0.6371,180,0,0,381865
0,6,9,0.5,-0.63629,180,0,0,381886
0,-1,5,0.5,-0.636425,180,0,0,381898
0,-2,6,0.5,-0.636695,180,0,0,381915
0,-3,6,0.5,-0.6371,180,0,0,381931
0,-3,6,0.5,-0.637505,180,0,0,381950
0,-2,5,0.5,-0.637775,180,0,0,381965
0,0,5,0.5,-0.637775,180,0,0,381982
0,0,5,0.5,-0.637775,180,0,0,381998
0,1,4,0.5,-0.63764,180,0,0,382014
0,2,3,0.5,-0.63737,180,0,0,382031
0,2,3,0.5,-0.6371,180,0,0,382047
0,2,2,0.5,-0.63683,180,0,0,382064
0,1,3,0.5,-0.636695,180,0,0,382081
0,1,2,0.5,-0.63656,180,0,0,382097
0,0,2,0.5,-0.63656,180,0,0,382114
0,1,2,0.5,-0.636425,180,0,0,382130
0,0,2,0.5,-0.636425,180,0,0,382147
0,1,3,0.5,-0.63629,180,0,0,382166
0,2,2,0.5,-0.63602,180,0,0,382180
0,2,3,0.5,-0.63575,180,0,0,382198
0,2,3,0.5,-0.63548,180,0,0,382214
0,2,3,0.5,-0.63521,180,0,0,382231
0,3,8,0.5,-0.634805,180,0,0,382249
0,-1,4,0.5,-0.63494,180,0,0,382264
0,0,5,0.5,-0.63494,180,0,0,382283
0,0,5,0.5,-0.63494,180,0,0,382300
0,0,5,0.5,-0.63494,180,0,0,382315
0,3,5,0.5,-0.634535,180,0,0,382333
0,3,5,0.5,-0.63413,180,0,0,382348
0,6,7,0.5,-0.63332,180,0,0,382365
0,6,6,0.5,-0.63251,180,0,0,382384
0,7,8,0.5,-0.631565,180,0,0,382404
0,7,9,0.5,-0.63062,180,0,0,382416
0,7,9,0.5,-0.629675,180,0,0,382433
0,8,9,0.5,-0.628595,180,0,0,382454
0,6,10,0.5,-0.627785,180,0,0,382467
0,6,11,0.5,-0.626975,180,0,0,382484
0,6,11,0.5,-0.626165,180,0,0,382504
0,7,12,0.5,-0.62522,180,0,0,382519
0,6,11,0.5,-0.62441,180,0,0,382535
0,7,12,0.5,-0.623465,180,0,0,382554
0,9,12,0.5,-0.62225,180,0,0,382569
0,10,12,0.5,-0.6209,180,0,0,382586
0,10,11,0.5,-0.61955,180,0,0,382601
0,13,10,0.5,-0.617795,180,0,0,382617
0,29,19,0.5,-0.61388,180,0,0,382640
0,15,8,0.5,-0.611855,180,0,0,382654
0,19,9,0.5,-0.60929,180,0,0,382670
0,20,8,0.5,-0.60659,180,0,0,382686
0,22,9,0.5,-0.60362,180,0,0,382701
0,23,9,0.5,-0.600515,180,0,0,382718
0,24,9,0.5,-0.597275,180,0,0,382737
0,26,10,0.5,-0.593765,180,0,0,382753
0,26,9,0.5,-0.590255,180,0,0,382765
0,22,8,0.5,-0.587285,180,0,0,382785
0,21,7,0.5,-0.58445,180,0,0,382800
0,19,7,0.5,-0.581885,180,0,0,382817
0,15,7,0.5,-0.57986,180,0,0,382836
0,12,6,0.5,-0.57824,180,0,0,382848
0,15,8,0.5,-0.576215,180,0,0,382866
0,15,8,0.5,-0.57419,180,0,0,382884
0,20,9,0.5,-0.57149,180,0,0,382899
0,23,9,0.5,-0.568385,180,0,0,382917
0,25,9,0.5,-0.56501,180,0,0,382938
0,27,10,0.5,-0.561365,180,0,0,382952
0,27,10,0.5,-0.55772,180,0,0,382967
0,26,9,0.5,-0.55421,180,0,0,382982
0,26,10,0.5,-0.5507,180,0,0,383001
0,27,9,0.5,-0.547055,180,0,0,383017
0,24,7,0.5,-0.543815,180,0,0,383032
0,50,10,0.5,-0.537065,180,0,0,383048
0,23,4,0.5,-0.53396,180,0,0,383065
0,21,4,0.5,-0.531125,180,0,0,383081
0,21,4,0.5,-0.52829,180,0,0,383102
0,19,3,0.5,-0.525725,180,0,0,383114
0,20,4,0.5,-0.523025,180,0,0,383131
0,22,5,0.5,-0.520055,180,0,0,383148
0,20,4,0.5,-0.517355,180,0,0,383164
0,21,7,0.5,-0.51452,180,0,0,383184
0,14,6,0.5,-0.51263,180,0,0,383198
0,10,6,0.5,-0.51128,180,0,0,383215
0,4,5,0.5,-0.51074,180,0,0,383231
0,1,4,0.5,-0.510605,180,0,0,383247
0,-4,4,0.5,-0.511145,180,0,0,383265
0,-6,3,0.5,-0.511955,180,0,0,383282
0,-7,1,0.5,-0.5129,180,0,0,383297
0,-13,2,0.5,-0.514655,180,0,0,383314
0,-16,1,0.5,-0.516815,180,0,0,383330
0,-18,2,0.5,-0.519245,180,0,0,383347
0,-21,2,0.5,-0.52208,180,0,0,383365
0,-22,4,0.5,-0.52505,180,0,0,383385
0,-22,4,0.5,-0.52802,180,0,0,383398
0,-21,4,0.5,-0.530855,180,0,0,383414
0,-19,4,0.5,-0.53342,180,0,0,383431
0,-29,8,0.5,-0.537335,180,0,0,383448
0,-9,4,0.5,-0.53855,180,0,0,383464
0,-5,4,0.5,-0.539225,180,0,0,383487
0,-3,4,0.5,-0.53963,180,0,0,383498
0,0,3,0.5,-0.53963,180,0,0,383515
0,1,3,0.5,-0.539495,180,0,0,383530
0,1,3,0.5,-0.53936,180,0,0,383548
0,2,3,0.5,-0.53909,180,0,0,383569
0,3,3,0.5,-0.538685,180,0,31,383582
0,2,3,0.5,-0.538415,180,0,31,383598
0,3,3,0.5,-0.53801,180,0,31,383615
0,3,3,0.5,-0.537605,180,0,31,383630
0,3,3,0.5,-0.5372,180,0,31,383648
0,5,3,0.5,-0.536525,180,0,31,383664
0,3,3,0.5,-0.53612,180,0,31,383680
0,3,2,0.5,-0.535715,180,0,31,383697
0,4,3,0.5,-0.535175,180,0,31,383716
0,3,3,0.5,-0.53477,180,0,31,383731
0,4,4,0.5,-0.53423,180,0,31,383747
0,2,4,0.5,-0.53396,180,0,31,383765
0,2,6,0.5,-0.53369,180,0,31,383782
0,0,7,0.5,-0.53369,180,0,0,383798
0,-1,7,0.5,-0.533825,180,0,0,383814
0,-3,8,0.5,-0.53423,180,0,0,383832
0,-12,12,0.5,-0.53585,180,0,0,383849
0,-6,11,0.5,-0.53666,180,0,0,383865
0,-7,7,0.5,-0.537605,180,0,0,383881
0,-7,6,0.5,-0.53855,180,0,0,383898
0,-4,5,0.5,-0.53909,180,0,0,383916
0,-3,5,0.5,-0.539495,180,0,0,383933
0,-1,4,0.5,-0.53963,180,0,0,383947
0,0,2,0.5,-0.53963,180,0,0,383964
0,3,2,0.5,-0.539225,180,0,0,383980
0,2,1,0.5,-0.538955,180,0,0,383998
0,2,1,0.5,-0.538685,180,0,0,384013
0,2,1,0.5,-0.538415,180,0,31,384030
0,1,2,0.5,-0.53828,180,0,0,384049
0,1,2,0.5,-0.538145,180,0,0,384064
0,1,3,0.5,-0.53801,180,0,0,384080
0,1,3,0.5,-0.537875,180,0,0,384097
0,2,4,0.5,-0.537605,180,0,0,384118
0,1,4,0.5,-0.53747,180,0,0,384132
0,0,3,0.5,-0.53747,180,0,0,384147
0,1,4,0.5,-0.537335,180,0,0,384171
0,0,4,0.5,-0.537335,180,0,0,384183
0,1,4,0.5,-0.5372,180,0,0,384199
0,1,4,0.5,-0.537065,180,0,0,384214
0,5,7,0.5,-0.53639,180,0,0,384235
0,3,3,0.5,-0.535985,180,0,0,384250
0,3,3,0.5,-0.53558,180,0,0,384265
0,2,2,0.5,-0.53531,180,0,0,384280
0,1,1,0.5,-0.535175,180,0,0,384298
0,2,1,0.5,-0.534905,180,0,0,384315
0,0,1,0.5,-0.534905,180,0,0,384329
0,1,0,0.5,-0.53477,180,0,0,384346
0,0,0,0.5,-0.53477,180,0,0,384362
0,1,0,0.5,-0.534635,180,0,0,384379
0,1,0,0.5,-0.5345,180,0,0,384396
0,0,1,0.5,-0.5345,180,0,0,384415
0,3,0,0.5,-0.534095,180,0,0,384429
0,0,1,0.5,-0.534095,180,0,0,384447
0,2,1,0.5,-0.533825,180,0,0,384464
0,2,1,0.5,-0.533555,180,0,0,384480
0,2,1,0.5,-0.533285,180,0,0,384497
0,1,1,0.5,-0.53315,180,0,0,384513
0,1,2,0.5,-0.533015,180,0,0,384536
0,1,1,0.5,-0.53288,180,0,0,384548
0,1,1,0.5,-0.532745,180,0,0,384564
0,1,1,0.5,-0.53261,180,0,0,384585
0,2,1,0.5,-0.53234,180,0,0,384597
0,1,1,0.5,-0.532205,180,0,0,384614
0,1,1,0.5,-0.53207,180,0,0,384631
0,2,2,0.5,-0.5318,180,0,0,384647
0,0,0,0.5,-0.5318,180,0,0,384663
0,0,0,0.5,-0.5318,180,0,0,384679
0,0,0,0.5,-0.5318,180,0,0,384696
0,1,0,0.5,-0.531665,180,0,0,384714
0,2,0,0.5,-0.531395,180,0,0,384730
0,5,-1,0.5,-0.53072,180,0,0,384747
0,7,0,0.5,-0.529775,180,0,0,384763
0,10,0,0.5,-0.528425,180,0,0,384780
0,11,0,0.5,-0.52694,180,0,0,384797
0,12,0,0.5,-0.52532,180,0,0,384814
0,13,1,0.5,-0.523565,180,0,0,384832
0,13,2,0.5,-0.52181,180,0,0,384846
0,13,4,0.5,-0.520055,180,0,0,384864
0,12,4,0.5,-0.518435,180,0,0,384881
0,11,5,0.5,-0.51695,180,0,0,384898
0,10,5,0.5,-0.5156,180,0,0,384914
0,9,6,0.5,-0.514385,180,0,0,384935
0,8,6,0.5,-0.513305,180,0,0,384950
0,6,5,0.5,-0.512495,180,0,0,384964
0,5,6,0.5,-0.51182,180,0,0,384983
0,4,5,0.5,-0.51128,180,0,0,384999
0,1,5,0.5,-0.511145,180,0,0,385015
0,0,5,0.5,-0.511145,180,0,0,385031
0,-1,5,0.5,-0.51128,180,0,0,385048
0,3,12,0.5,-0.510875,180,0,0,385066
0,6,8,0.5,-0.510065,180,0,0,385081
0,6,9,0.5,-0.509255,180,0,0,385098
0,6,8,0.5,-0.508445,180,0,0,385118
0,5,9,0.5,-0.50777,180,0,0,385133
0,6,8,0.5,-0.50696,180,0,0,385148
0,5,8,0.5,-0.506285,180,0,0,385166
0,5,7,0.5,-0.50561,180,0,0,385184
0,6,7,0.5,-0.5048,180,0,0,385199
0,6,7,0.5,-0.50399,180,0,0,385215
0,6,7,0.5,-0.50318,180,0,0,385234
0,6,7,0.5,-0.50237,180,0,0,385251
0,6,6,0.5,-0.50156,180,0,0,385266
0,5,6,0.5,-0.500885,180,0,0,385282
0,6,6,0.5,-0.500075,180,0,0,385298
0,6,4,0.5,-0.499265,180,0,0,385316
0,7,5,0.5,-0.49832,180,0,0,385331
0,9,4,0.5,-0.497105,180,0,0,385347
0,11,4,0.5,-0.49562,180,0,0,385364
0,12,4,0.5,-0.494,180,0,0,385381
0,13,3,0.5,-0.492245,180,0,0,385399
0,14,3,0.5,-0.490355,180,0,0,385414
0,16,3,0.5,-0.488195,180,0,0,385431
0,36,3,0.5,-0.483335,180,0,0,385447
0,18,4,0.5,-0.480905,180,0,0,385465
0,0,0,0.5,-0.480905,180,0,0,385480
0,37,1,0.5,-0.47591,180,0,0,385500
0,17,0,0.5,-0.473615,180,0,0,385513
0,15,0,0.5,-0.47159,180,0,0,385530
0,15,0,0.5,-0.469565,180,0,0,385546
0,16,0,0.5,-0.467405,180,0,0,385563
0,20,0,0.5,-0.464705,180,0,0,385580
0,24,0,0.5,-0.461465,180,0,0,385596
0,29,1,0.5,-0.45755,180,0,0,385614
0,30,2,0.5,-0.4535,180,0,0,385630
0,29,3,0.5,-0.449585,180,0,0,385647
0,30,3,0.5,-0.445535,180,0,0,385668
0,30,3,0.5,-0.441485,180,0,0,385680
0,30,2,0.5,-0.437435,180,0,0,385697
0,30,2,0.5,-0.433385,180,0,0,385714
0,30,1,0.5,-0.429335,180,0,0,385731
0,30,0,0.5,-0.425285,180,0,0,385747
0,29,-1,0.5,-0.42137,180,0,0,385763
0,26,-2,0.5,-0.41786,180,0,0,385780
0,24,-2,0.5,-0.41462,180,0,0,385796
0,21,-2,0.5,-0.411785,180,0,0,385815
0,20,-1,0.5,-0.409085,180,0,0,385832
0,22,0,0.5,-0.406115,180,0,0,385848
0,43,0,0.5,-0.40031,180,0,0,385866
0,15,1,0.5,-0.398285,180,0,0,385880
0,11,1,0.5,-0.3968,180,0,0,385897
0,11,1,0.5,-0.395315,180,0,0,385913
0,9,2,0.5,-0.3941,180,0,0,385932
0,10,2,0.5,-0.39275,180,0,0,385948
0,12,3,0.5,-0.39113,180,0,0,385963
0,14,4,0.5,-0.38924,180,0,0,385982
0,16,4,0.5,-0.38708,180,0,0,385997
0,17,3,0.5,-0.384785,180,0,0,386013
0,20,3,0.5,-0.382085,180,0,0,386031
0,19,3,0.5,-0.37952,180,0,0,386049
0,18,1,0.5,-0.37709,180,0,0,386064
0,18,2,0.5,-0.37466,180,0,0,386080
0,14,2,0.5,-0.37277,180,0,0,386097
0,11,1,0.5,-0.371285,180,0,0,386116
0,9,2,0.5,-0.37007,180,0,0,386132
0,8,3,0.5,-0.36899,180,0,0,386147
0,5,4,0.5,-0.368315,180,0,0,386164
0,6,4,0.5,-0.367505,180,0,0,386181
0,6,6,0.5,-0.366695,180,0,0,386198
0,7,7,0.5,-0.36575,180,0,0,386216
0,7,8,0.5,-0.364805,180,0,0,386234
0,10,9,0.5,-0.363455,180,0,0,386248
0,3,21,0.5,-0.36305,180,0,0,386269
0,3,10,0.5,-0.362645,180,0,0,386284
0,2,9,0.5,-0.362375,180,0,0,386298
0,4,8,0.5,-0.361835,180,0,0,386317
0,6,9,0.5,-0.361025,180,0,0,386334
0,9,8,0.5,-0.35981,180,0,0,386349
0,13,9,0.5,-0.358055,180,0,0,386365
0,14,8,0.5,-0.356165,180,0,0,386381
0,15,7,0.5,-0.35414,180,0,0,386399
0,12,6,0.5,-0.35252,180,0,0,386416
0,11,5,0.5,-0.351035,180,0,0,386431
0,10,4,0.5,-0.349685,180,0,0,386447
0,6,3,0.5,-0.348875,180,0,0,386465
0,2,2,0.5,-0.348605,180,0,0,386481
0,-1,1,0.5,-0.34874,180,0,0,386498
0,-10,0,0.5,-0.35009,180,0,0,386513
0,-13,-1,0.5,-0.351845,180,0,0,386535
0,-15,-2,0.5,-0.35387,180,0,0,386549
0,-18,-3,0.5,-0.3563,180,0,0,386565
0,-19,-4,0.5,-0.358865,180,0,0,386583
0,-21,-3,0.5,-0.3617,180,0,0,386599
0,-23,-4,0.5,-0.364805,180,0,0,386615
0,-22,-3,0.5,-0.367775,180,0,0,386630
0,-21,-3,0.5,-0.37061,180,0,0,386648
0,-37,-5,0.5,-0.375605,180,0,0,386665
0,-14,-1,0.5,-0.377495,180,0,0,386680
0,-12,0,0.5,-0.379115,180,0,0,386698
0,-8,0,0.5,-0.380195,180,0,0,386713
0,-4,1,0.5,-0.380735,180,0,0,386730
0,-1,3,0.5,-0.38087,180,0,0,386747
0,2,3,0.5,-0.3806,180,0,0,386766
0,4,4,0.5,-0.38006,180,0,0,386781
0,5,4,0.5,-0.379385,180,0,0,386798
0,6,4,0.5,-0.378575,180,0,0,386813
0,5,5,0.5,-0.3779,180,0,0,386833
0,4,5,0.5,-0.37736,180,0,0,386849
0,4,4,0.5,-0.37682,180,0,0,386864
0,4,4,0.5,-0.37628,180,0,0,386883
0,3,2,0.5,-0.375875,180,0,0,386897
0,2,2,0.5,-0.375605,180,0,0,386916
0,0,2,0.5,-0.375605,180,0,0,386931
0,-1,2,0.5,-0.37574,180,0,0,386947
0,-3,2,0.5,-0.376145,180,0,0,386963
0,-4,1,0.5,-0.376685,180,0,0,386980
0,-4,1,0.5,-0.377225,180,0,0,386997
0,-4,1,0.5,-0.377765,180,0,0,387015
0,-1,1,0.5,-0.3779,180,0,0,387032
0,-2,2,0.5,-0.37817,180,0,0,387046
0,-5,4,0.5,-0.378845,180,0,0,387065
0,-4,2,0.5,-0.379385,180,0,0,387080
0,-4,2,0.5,-0.379925,180,0,0,387098
0,-4,3,0.5,-0.380465,180,0,0,387116
0,-3,3,0.5,-0.38087,180,0,0,387130
0,-2,3,0.5,-0.38114,180,0,0,387147
0,-1,3,0.5,-0.381275,180,0,0,387163
0,0,4,0.5,-0.381275,180,0,0,387182
0,0,4,0.5,-0.381275,180,0,0,387199
0,0,4,0.5,-0.381275,180,0,0,387217
0,0,4,0.5,-0.381275,180,0,0,387231
0,2,4,0.5,-0.381005,180,0,0,387248
0,4,4,0.5,-0.380465,180,0,0,387265
0,5,4,0.5,-0.37979,180,0,0,387281
0,7,5,0.5,-0.378845,180,0,0,387298
0,8,5,0.5,-0.377765,180,0,0,387314
0,9,6,0.5,-0.37655,180,0,0,387332
0,8,7,0.5,-0.37547,180,0,0,387348
0,9,8,0.5,-0.374255,180,0,0,387366
0,8,8,0.5,-0.373175,180,0,0,387382
0,6,8,0.5,-0.372365,180,0,0,387401
0,6,8,0.5,-0.371555,180,0,0,387416
0,5,9,0.5,-0.37088,180,0,0,387433
0,4,8,0.5,-0.37034,180,0,0,387451
0,11,16,0.5,-0.368855,180,0,0,387477
0,8,8,0.5,-0.367775,180,0,0,387490
0,11,9,0.5,-0.36629,180,0,0,387508
0,12,9,0.5,-0.36467,180,0,0,387522
0,15,9,0.5,-0.362645,180,0,0,387533
0,15,9,0.5,-0.36062,180,0,0,387549
0,18,10,0.5,-0.35819,180,0,0,387565
0,21,10,0.5,-0.355355,180,0,0,387583
0,21,9,0.5,-0.35252,180,0,0,387599
0,21,9,0.5,-0.349685,180,0,0,387618
0,19,9,0.5,-0.34712,180,0,0,387636
0,21,9,0.5,-0.344285,180,0,0,387649
0,21,9,0.5,-0.34145,180,0,0,387665
0,20,9,0.5,-0.33875,180,0,0,387682
0,20,9,0.5,-0.33605,180,0,0,387699
0,19,9,0.5,-0.333485,180,0,0,387718
0,20,9,0.5,-0.330785,180,0,0,387734
0,18,10,0.5,-0.328355,180,0,0,387748
0,16,10,0.5,-0.326195,180,0,0,387766
0,15,10,0.5,-0.32417,180,0,0,387783
0,14,10,0.5,-0.32228,180,0,0,387800
0,18,10,0.5,-0.31985,180,0,0,387819
0,22,10,0.5,-0.31688,180,0,0,387833
0,58,20,0.5,-0.30905,180,0,0,387852
0,33,9,0.5,-0.304595,180,0,0,387866
0,32,9,0.5,-0.300275,180,0,0,387883
0,30,6,0.5,-0.296225,180,0,0,387898
0,31,5,0.5,-0.29204,180,0,0,387914
0,30,4,0.5,-0.28799,180,0,0,387930
0,28,4,0.5,-0.28421,180,0,0,387948
0,27,3,0.5,-0.280565,180,0,0,387968
0,26,4,0.5,-0.277055,180,0,0,387984
0,25,5,0.5,-0.27368,180,0,0,387997
0,25,7,0.5,-0.270305,180,0,0,388014
0,26,9,0.5,-0.266795,180,0,0,388032
0,26,10,0.5,-0.263285,180,0,0,388050
0,28,10,0.5,-0.259505,180,0,0,388069
0,27,10,0.5,-0.25586,180,0,0,388086
0,28,10,0.5,-0.25208,180,0,0,388100
0,27,10,0.5,-0.248435,180,0,0,388117
0,26,9,0.5,-0.244925,180,0,0,388132
0,28,8,0.5,-0.241145,180,0,0,388147
0,26,5,0.5,-0.237635,180,0,0,388164
0,24,4,0.5,-0.234395,180,0,0,388180
0,25,4,0.5,-0.23102,180,0,0,388197
0,23,3,0.5,-0.227915,180,0,0,388213
0,21,4,0.5,-0.22508,180,0,0,388233
0,19,4,0.5,-0.222515,180,0,0,388248
0,46,11,0.5,-0.216305,180,0,0,388267
0,27,5,0.5,-0.21266,180,0,0,388283
0,31,5,0.5,-0.208475,180,0,0,388304
0,32,5,0.5,-0.204155,180,0,0,388314
0,33,4,0.5,-0.1997,180,0,0,388332
0,30,3,0.5,-0.19565,180,0,0,388349
0,28,3,0.5,-0.19187,180,0,0,388366
0,24,1,0.5,-0.18863,180,0,0,388380
0,19,0,0.5,-0.186065,180,0,0,388396
0,15,0,0.5,-0.18404,180,0,0,388413
0,10,0,0.5,-0.18269,180,0,0,388430
0,9,2,0.5,-0.181475,180,0,0,388447
0,8,3,0.5,-0.180395,180,0,0,388464
0,6,3,0.5,-0.179585,180,0,0,388480
0,6,5,0.5,-0.178775,180,0,0,388499
0,4,4,0.5,-0.178235,180,0,0,388514
0,3,4,0.5,-0.17783,180,0,0,388530
0,1,4,0.5,-0.177695,180,0,0,388548
0,1,4,0.5,-0.17756,180,0,0,388564
0,3,3,0.5,-0.177155,180,0,0,388580
0,5,4,0.5,-0.17648,180,0,0,388598
0,7,4,0.5,-0.175535,180,0,0,388613
0,18,9,0.5,-0.173105,180,0,0,388636
0,0,0,0.5,-0.173105,180,0,0,388648
0,17,8,0.5,-0.17081,180,0,0,388673
0,6,3,0.5,-0.17,180,0,0,388683
0,5,2,0.5,-0.169325,180,0,0,388698
0,4,1,0.5,-0.168785,180,0,31,388719
0,4,1,0.5,-0.168245,180,0,31,388730
0,2,1,0.5,-0.167975,180,0,0,388746
0,0,2,0.5,-0.167975,180,0,0,388764
0,0,3,0.5,-0.167975,180,0,0,388781
0,0,4,0.5,-0.167975,180,0,0,388799
0,0,5,0.5,-0.167975,180,0,0,388817
0,0,5,0.5,-0.167975,180,0,0,388830
0,0,6,0.5,-0.167975,180,0,0,388848
0,0,6,0.5,-0.167975,180,0,0,388866
0,0,7,0.5,-0.167975,180,0,0,388883
0,1,8,0.5,-0.16784,180,0,0,388898
0,4,7,0.5,-0.1673,180,0,0,388915
0,6,10,0.5,-0.16649,180,0,0,388932
0,10,9,0.5,-0.16514,180,0,0,388949
0,11,8,0.5,-0.163655,180,0,0,388969
0,13,7,0.5,-0.1619,180,0,0,388985
0,14,5,0.5,-0.16001,180,0,0,389000
0,12,4,0.5,-0.15839,180,0,0,389014
0,22,10,0.5,-0.15542,180,0,0,389037
0,11,6,0.5,-0.153935,180,0,0,389052
0,0,0,0.5,-0.153935,180,0,0,389062
0,20,13,0.5,-0.151235,180,0,0,389083
0,5,7,0.5,-0.15056,180,0,0,389098
0,5,8,0.5,-0.149885,180,0,0,389117
0,5,8,0.5,-0.14921,180,0,0,389132
0,7,8,0.5,-0.148265,180,0,0,389148
0,9,8,0.5,-0.14705,180,0,0,389165
0,11,8,0.5,-0.145565,180,0,0,389181
0,15,8,0.5,-0.14354,180,0,0,389203
0,19,8,0.5,-0.140975,180,0,0,389217
0,22,9,0.5,-0.138005,180,0,0,389235
0,25,9,0.5,-0.13463,180,0,0,389248
0,27,8,0.5,-0.130985,180,0,0,389266
0,29,7,0.5,-0.12707,180,0,0,389284
0,28,5,0.5,-0.12329,180,0,0,389298
0,25,3,0.5,-0.119915,180,0,0,389318
0,24,2,0.5,-0.116675,180,0,0,389331
0,24,2,0.5,-0.113435,180,0,0,389348
0,21,1,0.5,-0.1106,180,0,0,389364
0,21,1,0.5,-0.107765,180,0,0,389380
0,20,1,0.5,-0.105065,180,0,0,389399
0,44,7,0.5,-0.099125,180,0,0,389422
0,24,4,0.5,-0.095885,180,0,0,389432
0,26,5,0.5,-0.092375,180,0,0,389449
0,27,5,0.5,-0.08873,180,0,0,389466
0,28,5,0.5,-0.08495,180,0,0,389482
0,27,4,0.5,-0.081305,180,0,0,389499
0,29,4,0.5,-0.07739,180,0,0,389514
0,29,3,0.5,-0.073475,180,0,0,389531
0,30,3,0.5,-0.069425,180,0,0,389549
0,29,1,0.5,-0.06551,180,0,0,389564
0,26,0,0.5,-0.062,180,0,0,389582
0,23,0,0.5,-0.058895,180,0,0,389597
0,21,0,0.5,-0.05606,180,0,0,389614
0,19,0,0.5,-0.053495,180,0,0,389630
0,20,0,0.5,-0.050795,180,0,0,389647
0,22,1,0.5,-0.047825,180,0,0,389664
0,24,1,0.5,-0.044585,180,0,0,389681
0,27,2,0.5,-0.04094,180,0,0,389700
0,29,1,0.5,-0.037025,180,0,0,389714
0,30,1,0.5,-0.032975,180,0,0,389730
0,32,0,0.5,-0.028655,180,0,0,389749
0,34,0,0.5,-0.024065,180,0,0,389764
0,36,0,0.5,-0.019205,180,0,0,389781
0,33,0,0.5,-0.01475,180,0,0,389798
0,30,0,0.5,-0.0107,180,0,0,389815
0,53,-2,0.5,-0.003545,180,0,0,389832
0,22,-4,0.5,-0.000575,180,0,0,389849
0,24,-2,0.5,0.002665,180,0,0,389864
0,24,0,0.5,0.005905,180,0,0,389882
0,27,1,0.5,0.00955,180,0,0,389898
0,34,2,0.5,0.01414,180,0,0,389917
0,37,0,0.5,0.019135,180,0,0,389930
0,42,0,0.5,0.024805,180,0,0,389948
0,44,0,0.5,0.030745,180,0,0,389967
0,40,0,0.5,0.036145,180,0,0,389983
0,35,0,0.5,0.04087,180,0,0,389997
0,30,0,0.5,0.04492,180,0,0,390013
0,25,0,0.5,0.048295,180,0,0,390031
0,21,0,0.5,0.05113,180,0,0,390047
0,20,0,0.5,0.05383,180,0,0,390064
0,19,0,0.5,0.056395,180,0,0,390084
0,18,0,0.5,0.058825,180,0,0,390097
0,16,0,0.5,0.060985,180,0,0,390114
0,18,0,0.5,0.063415,180,0,0,390131
0,18,0,0.5,0.065845,180,0,0,390148
0,18,0,0.5,0.068275,180,0,0,390164
0,18,-1,0.5,0.070705,180,0,0,390182
0,38,-3,0.5,0.075835,180,0,0,390200
0,0,0,0.5,0.075835,180,0,0,390214
0,46,-5,0.5,0.082045,180,0,0,390233
0,25,-3,0.5,0.08542,180,0,0,390249
0,29,-3,0.5,0.089335,180,0,0,390269
0,26,-2,0.5,0.092845,180,0,0,390286
0,23,-3,0.5,0.09595,180,0,0,390298
0,21,-3,0.5,0.098785,180,0,0,390316
0,18,-4,0.5,0.101215,180,0,0,390335
0,15,-4,0.5,0.10324,180,0,0,390350
0,9,-3,0.5,0.104455,180,0,0,390369
0,7,-3,0.5,0.1054,180,0,31,390384
0,4,-2,0.5,0.10594,180,0,31,390399
0,1,-3,0.5,0.106075,180,0,0,390419
0,0,-2,0.5,0.106075,180,0,0,390435
0,-1,-1,0.5,0.10594,180,0,0,390455
0,0,0,0.5,0.10594,180,0,0,390466
0,0,1,0.5,0.10594,180,0,0,390482
0,-1,3,0.5,0.105805,180,0,0,390499
0,2,4,0.5,0.106075,180,0,0,390516
0,2,6,0.5,0.106345,180,0,0,390534
0,3,7,0.5,0.10675,180,0,0,390551
0,3,8,0.5,0.107155,180,0,0,390568
0,5,9,0.5,0.10783,180,0,0,390586
0,16,20,0.5,0.10999,180,0,0,390606
0,14,10,0.5,0.11188,180,0,0,390623
0,17,8,0.5,0.114175,180,0,0,390639
0,20,7,0.5,0.116875,180,0,0,390651
0,22,6,0.5,0.119845,180,0,0,390667
0,20,5,0.5,0.122545,180,0,0,390686
0,21,4,0.5,0.12538,180,0,0,390702
0,18,4,0.5,0.12781,180,0,0,390719
0,13,3,0.5,0.129565,180,0,0,390733
0,9,4,0.5,0.13078,180,0,0,390751
0,6,4,0.5,0.13159,180,0,0,390768
0,5,4,0.5,0.132265,180,0,0,390786
0,6,3,0.5,0.133075,180,0,0,390803
0,7,2,0.5,0.13402,180,0,0,390817
0,9,2,0.5,0.135235,180,0,0,390834
0,11,1,0.5,0.13672,180,0,0,390850
0,12,2,0.5,0.13834,180,0,0,390867
0,14,3,0.5,0.14023,180,0,0,390885
0,15,4,0.5,0.142255,180,0,0,390903
0,38,8,0.5,0.147385,180,0,0,390922
0,0,1,0.5,0.147385,180,0,0,390934
0,53,11,0.5,0.15454,180,0,0,390953
0,0,0,0.5,0.15454,180,0,0,390966
0,57,8,0.5,0.162235,180,0,0,390989
0,29,3,0.5,0.16615,180,0,0,391006
0,26,1,0.5,0.16966,180,0,0,391021
0,24,1,0.5,0.1729,180,0,0,391034
0,18,1,0.5,0.17533,180,0,0,391050
0,12,3,0.5,0.17695,180,0,0,391069
0,9,3,0.5,0.178165,180,0,0,391088
0,8,3,0.5,0.179245,180,0,0,391101
0,9,4,0.5,0.18046,180,0,0,391118
0,10,4,0.5,0.18181,180,0,0,391136
0,11,3,0.5,0.183295,180,0,0,391153
0,13,4,0.5,0.18505,180,0,0,391173
0,15,4,0.5,0.187075,180,0,0,391184
0,17,4,0.5,0.18937,180,0,0,391203
0,19,4,0.5,0.191935,180,0,0,391231
0,20,5,0.5,0.194635,180,0,0,391241
0,23,5,0.5,0.19774,180,0,0,391256
0,27,6,0.5,0.201385,180,0,0,391269
0,29,5,0.5,0.2053,180,0,0,391284
0,68,10,0.5,0.21448,180,0,0,391305
0,31,3,0.5,0.218665,180,0,0,391320
0,28,3,0.5,0.222445,180,0,0,391335
0,0,0,0.5,0.222445,180,0,0,391351
0,22,3,0.5,0.225415,180,0,0,391367
0,23,7,0.5,0.22852,180,0,0,391387
0,8,4,0.5,0.2296,180,0,0,391406
0,7,4,0.5,0.230545,180,0,0,391420
0,7,3,0.5,0.23149,180,0,0,391436
0,6,3,0.5,0.2323,180,0,0,391451
0,9,4,0.5,0.233515,180,0,0,391471
0,12,4,0.5,0.235135,180,0,0,391488
0,15,5,0.5,0.23716,180,0,0,391505
0,20,5,0.5,0.23986,180,0,0,391518
0,22,5,0.5,0.24283,180,0,0,391538
0,26,5,0.5,0.24634,180,0,0,391556
0,27,5,0.5,0.249985,180,0,0,391571
0,27,5,0.5,0.25363,180,0,0,391589
0,29,4,0.5,0.257545,180,0,0,391604
0,28,4,0.5,0.261325,180,0,0,391619
0,30,3,0.5,0.265375,180,0,0,391636
0,30,3,0.5,0.269425,180,0,0,391652
0,27,2,0.5,0.27307,180,0,0,391668
0,40,2,0.5,0.27847,180,0,0,391688
0,0,0,0.5,0.27847,180,0,0,391700
0,22,5,0.5,0.28144,180,0,0,391721
0,9,2,0.5,0.282655,180,0,0,391738
0,10,2,0.5,0.284005,180,0,0,391753
0,13,2,0.5,0.28576,180,0,0,391770
0,13,1,0.5,0.287515,180,0,0,391790
0,15,1,0.5,0.28954,180,0,0,391806
0,14,0,0.5,0.29143,180,0,0,391820
0,13,1,0.5,0.293185,180,0,0,391835
0,14,1,0.5,0.295075,180,0,0,391854
0,17,1,0.5,0.29737,180,0,0,391869
0,17,2,0.5,0.299665,180,0,0,391887
0,18,3,0.5,0.302095,180,0,0,391901
0,20,3,0.5,0.304795,180,0,0,391919
0,22,3,0.5,0.307765,180,0,0,391936
0,26,4,0.5,0.311275,180,0,0,391954
0,26,3,0.5,0.314785,180,0,0,391973
0,21,3,0.5,0.31762,180,0,0,391989
0,20,3,0.5,0.32032,180,0,0,392003
0,17,2,0.5,0.322615,180,0,0,392019
0,13,2,0.5,0.32437,180,0,0,392036
0,27,6,0.5,0.328015,180,0,0,392057
0,17,2,0.5,0.33031,180,0,0,392074
0,18,2,0.5,0.33274,180,0,0,392090
0,0,0,0.5,0.33274,180,0,0,392101
0,36,2,0.5,0.3376,180,0,0,392121
0,0,0,0.5,0.3376,180,0,0,392136
0,35,0,0.5,0.342325,180,0,0,392153
0,17,0,0.5,0.34462,180,0,0,392168
0,18,0,0.5,0.34705,180,0,0,392185
0,21,0,0.5,0.349885,180,0,0,392202
0,26,0,0.5,0.353395,180,0,0,392219
0,30,0,0.5,0.357445,180,0,0,392235
0,36,0,0.5,0.362305,180,0,0,392253
0,34,0,0.5,0.366895,180,0,0,392269
0,33,0,0.5,0.37135,180,0,0,392286
0,26,0,0.5,0.37486,180,0,0,392302
0,24,0,0.5,0.3781,180,0,0,392318
0,21,0,0.5,0.380935,180,0,0,392338
0,17,0,0.5,0.38323,180,0,0,392353
0,20,0,0.5,0.38593,180,0,0,392368
0,19,0,0.5,0.388495,180,0,0,392386
0,21,0,0.5,0.39133,180,0,0,392402
0,24,0,0.5,0.39457,180,0,0,392418
0,27,1,0.5,0.398215,180,0,0,392438
0,58,1,0.5,0.406045,180,0,0,392456
0,0,0,0.5,0.406045,180,0,0,392469
0,31,0,0.5,0.41023,180,0,0,392485
0,32,0,0.5,0.41455,180,0,0,392502
0,69,0,0.5,0.423865,180,0,0,392521
0,30,0,0.5,0.427915,180,0,0,392539
0,28,0,0.5,0.431695,180,0,0,392553
0,26,-1,0.5,0.435205,180,0,0,392571
0,22,-1,0.5,0.438175,180,0,0,392588
0,20,-2,0.5,0.440875,180,0,0,392605
0,20,-1,0.5,0.443575,180,0,0,392622
0,20,0,0.5,0.446275,180,0,0,392636
0,21,0,0.5,0.44911,180,0,0,392653
0,23,0,0.5,0.452215,180,0,0,392669
0,28,0,0.5,0.455995,180,0,0,392685
0,31,0,0.5,0.46018,180,0,0,392704
0,37,0,0.5,0.465175,180,0,0,392721
0,38,0,0.5,0.470305,180,0,0,392736
0,37,0,0.5,0.4753,180,0,0,392754
0,34,0,0.5,0.47989,180,0,0,392769
0,30,0,0.5,0.48394,180,0,0,392785
0,26,0,0.5,0.48745,180,0,0,392804
0,24,-1,0.5,0.49069,180,0,0,392820
0,22,-3,0.5,0.49366,180,0,0,392836
0,41,-4,0.5,0.499195,180,0,0,392857
0,17,-2,0.5,0.50149,180,0,0,392873
0,18,-1,0.5,0.50392,180,0,0,392887
0,18,-2,0.5,0.50635,180,0,0,392909
0,23,-2,0.5,0.509455,180,0,0,392925
0,25,-1,0.5,0.51283,180,0,0,392939
0,25,-1,0.5,0.516205,180,0,0,392953
0,25,-1,0.5,0.51958,180,0,0,392972
0,24,0,0.5,0.52282,180,0,0,392989
0,26,0,0.5,0.52633,180,0,0,393005
0,25,0,0.5,0.529705,180,0,0,393020
0,25,0,0.5,0.53308,180,0,0,393039
0,21,0,0.5,0.535915,180,0,0,393056
0,20,-1,0.5,0.538615,180,0,0,393072
0,21,-3,0.5,0.54145,180,0,0,393088
0,18,-3,0.5,0.54388,180,0,0,393104
0,19,-3,0.5,0.546445,180,0,0,393126
0,42,-1,0.5,0.552115,180,0,0,393142
0,0,0,0.5,0.552115,180,0,0,393156
0,24,0,0.5,0.555355,180,0,0,393170
0,29,0,0.5,0.55927,180,0,0,393187
0,34,1,0.5,0.56386,180,0,0,393204
0,37,2,0.5,0.568855,180,0,0,393220
0,76,5,0.5,0.579115,180,0,0,393241
0,0,0,0.5,0.579115,180,0,0,393254
0,60,3,0.5,0.587215,180,0,0,393272
0,25,1,0.5,0.59059,180,0,0,393288
0,22,0,0.5,0.59356,180,0,0,393304
0,19,-2,0.5,0.596125,180,0,0,393323
0,18,-2,0.5,0.598555,180,0,0,393341
0,19,-2,0.5,0.60112,180,0,0,393355
0,18,-1,0.5,0.60355,180,0,0,393375
0,22,-2,0.5,0.60652,180,0,0,393388
0,24,0,0.5,0.60976,180,0,0,393405
0,28,0,0.5,0.61354,180,0,0,393424
0,33,0,0.5,0.617995,180,0,0,393440
0,36,0,0.5,0.622855,180,0,0,393456
0,39,0,0.5,0.62812,180,0,0,393472
0,37,0,0.5,0.633115,180,0,0,393487
0,36,0,0.5,0.637975,180,0,0,393504
0,32,1,0.5,0.642295,180,0,0,393523
0,29,0,0.5,0.64621,180,0,0,393537
0,27,0,0.5,0.649855,180,0,0,393556
0,24,0,0.5,0.653095,180,0,0,393574
0,23,-3,0.5,0.6562,180,0,0,393589
0,20,-3,0.5,0.6589,180,0,0,393605
0,32,-4,0.5,0.66322,180,0,0,393625
0,15,-1,0.5,0.665245,180,0,0,393639
0,15,-2,0.5,0.66727,180,0,0,393656
0,14,-2,0.5,0.66916,180,0,0,393678
0,14,-2,0.5,0.67105,180,0,0,393692
0,13,-2,0.5,0.672805,180,0,0,393708
0,11,-2,0.5,0.67429,180,0,0,393726
0,9,-2,0.5,0.675505,180,0,0,393739
0,4,-1,0.5,0.676045,180,0,0,393757
0,2,0,0.5,0.676315,180,0,0,393777
0,-2,-2,0.5,0.676045,180,0,0,393791
0,-8,-1,0.5,0.674965,180,0,0,393807
0,-9,-2,0.5,0.67375,180,0,0,393824
0,-10,-1,0.5,0.6724,180,0,0,393839
0,-21,0,0.5,0.669565,180,0,0,393861
0,0,0,0.5,0.669565,180,0,0,393873
0,-9,0,0.5,0.66835,180,0,0,393889
0,-9,1,0.5,0.667135,180,0,0,393906
0,-8,1,0.5,0.666055,180,0,0,393922
0,-7,1,0.5,0.66511,180,0,0,393942
0,-5,2,0.5,0.664435,180,0,0,393956
0,-2,2,0.5,0.664165,180,0,0,393973
0,-3,2,0.5,0.66376,180,0,0,393989
0,-3,4,0.5,0.663355,180,0,0,394008
0,-4,1,0.5,0.662815,180,0,0,394026
0,-5,1,0.5,0.66214,180,0,0,394042
0,-8,0,0.5,0.66106,180,0,0,394056
0,-9,0,0.5,0.659845,180,0,0,394071
0,-9,1,0.5,0.65863,180,0,0,394091
0,-8,0,0.5,0.65755,180,0,0,394108
0,-7,1,0.5,0.656605,180,0,0,394125
0,-3,1,0.5,0.6562,180,0,0,394143
0,-1,1,0.5,0.656065,180,0,0,394156
0,-1,1,0.5,0.65593,180,0,0,394176
0,-1,0,0.5,0.655795,180,0,0,394191
0,-2,0,0.5,0.655525,180,0,0,394209
0,-1,0,0.5,0.65539,180,0,0,394223
0,0,0,0.5,0.65539,180,0,0,394238
0,1,0,0.5,0.655525,180,0,0,394256
0,2,1,0.5,0.655795,180,0,0,394272
0,-1,1,0.5,0.65566,180,0,0,394293
0,-4,1,0.5,0.65512,180,0,0,394309
0,-5,2,0.5,0.654445,180,0,0,394324
0,-4,3,0.5,0.653905,180,0,0,394341
0,-5,4,0.5,0.65323,180,0,0,394361
0,-6,4,0.5,0.65242,180,0,0,394375
0,-12,11,0.5,0.6508,180,0,0,394394
0,-7,6,0.5,0.649855,180,0,0,394408
0,-9,7,0.5,0.64864,180,0,0,394427
0,-8,8,0.5,0.64756,180,0,0,394446
0,-7,7,0.5,0.646615,180,0,0,394461
0,-4,8,0.5,0.646075,180,0,0,394478
0,-1,8,0.5,0.64594,180,0,0,394493
0,2,7,0.5,0.64621,180,0,0,394511
0,4,8,0.5,0.64675,180,0,0,394526
0,6,9,0.5,0.64756,180,0,0,394546
0,5,9,0.5,0.648235,180,0,0,394558
0,4,9,0.5,0.648775,180,0,0,394575
0,2,7,0.5,0.649045,180,0,0,394597
0,0,8,0.5,0.649045,180,0,0,394609
0,-1,7,0.5,0.64891,180,0,0,394625
0,-1,8,0.5,0.648775,180,0,0,394642
0,-5,8,0.5,0.6481,180,0,0,394660
0,-6,9,0.5,0.64729,180,0,0,394676
0,-7,10,0.5,0.646345,180,0,0,394694
0,-17,23,0.5,0.64405,180,0,0,394719
0,-7,12,0.5,0.643105,180,0,0,394730
0,0,0,0.5,0.643105,180,0,0,394741
0,-14,12,0.5,0.641215,180,0,0,394760
0,-7,21,0.5,0.64027,180,0,0,394780
0,-7,18,0.5,0.639325,180,0,0,394797
0,-8,9,0.5,0.638245,180,0,0,394815
0,-7,20,0.5,0.6373,180,0,0,394837
0,-7,16,0.5,0.636355,180,0,0,394854
0,-7,17,0.5,0.63541,180,0,0,394867
0,-8,19,0.5,0.63433,180,0,0,394885
0,-6,19,0.5,0.63352,180,0,0,394904
0,0,19,0.5,0.63352,180,0,0,394916
0,0,20,0.5,0.63352,180,0,0,394932
0,1,20,0.5,0.633655,180,0,0,394948
0,4,21,0.5,0.634195,180,0,0,394962
0,9,19,0.5,0.63541,180,0,0,394981
0,9,19,0.5,0.636625,180,0,0,394998
0,8,16,0.5,0.637705,180,0,0,395017
0,6,15,0.5,0.638515,180,0,0,395032
0,2,14,0.5,0.638785,180,0,0,395044
0,-2,12,0.5,0.638515,180,0,0,395063
0,-4,11,0.5,0.637975,180,0,0,395079
0,-7,11,0.5,0.63703,180,0,0,395096
0,-11,9,0.5,0.635545,180,0,0,395111
0,-12,8,0.5,0.633925,180,0,0,395128
0,-13,7,0.5,0.63217,180,0,0,395143
0,-28,9,0.5,0.62839,180,0,0,395162
0,-16,9,0.5,0.62623,180,0,0,395181
0,-15,6,0.5,0.624205,180,0,0,395195
0,-14,6,0.5,0.622315,180,0,0,395212
0,-14,7,0.5,0.620425,180,0,0,395227
0,-9,7,0.5,0.61921,180,0,0,395243
0,-7,7,0.5,0.618265,180,0,0,395259
0,-7,7,0.5,0.61732,180,0,0,395278
0,-6,7,0.5,0.61651,180,0,0,395295
0,-6,8,0.5,0.6157,180,0,0,395311
0,-3,9,0.5,0.615295,180,0,0,395326
0,0,10,0.5,0.615295,180,0,0,395346
0,0,10,0.5,0.615295,180,0,0,395362
0,0,11,0.5,0.615295,180,0,0,395379
0,0,11,0.5,0.615295,180,0,0,395394
0,0,13,0.5,0.615295,180,0,0,395416
0,1,12,0.5,0.61543,180,0,0,395432
0,0,12,0.5,0.61543,180,0,0,395446
0,0,13,0.5,0.61543,180,0,0,395473
0,0,28,0.5,0.61543,180,0,0,395488
0,0,14,0.5,0.61543,180,0,0,395502
0,0,14,0.5,0.61543,180,0,0,395516
0,0,14,0.5,0.61543,180,0,0,395530
0,-1,14,0.5,0.615295,180,0,0,395547
0,-2,14,0.5,0.615025,180,0,0,395566
0,1,13,0.5,0.61516,180,0,0,395581
0,0,13,0.5,0.61516,180,0,0,395599
0,0,14,0.5,0.61516,180,0,0,395617
0,0,13,0.5,0.61516,180,0,0,395629
0,0,13,0.5,0.61516,180,0,0,395645
0,0,14,0.5,0.61516,180,0,0,395667
0,0,13,0.5,0.61516,180,0,0,395683
0,0,14,0.5,0.61516,180,0,0,395698
0,1,14,0.5,0.615295,180,0,0,395716
0,0,14,0.5,0.615295,180,0,0,395730
0,3,15,0.5,0.6157,180,0,0,395750
0,0,14,0.5,0.6157,180,0,0,395764
0,0,14,0.5,0.6157,180,0,0,395784
0,2,14,0.5,0.61597,180,0,0,395798
0,4,14,0.5,0.61651,180,0,0,395819
0,6,15,0.5,0.61732,180,0,0,395830
0,7,14,0.5,0.618265,180,0,0,395848
0,6,15,0.5,0.619075,180,0,0,395866
0,3,25,0.5,0.61948,180,0,0,395887
0,0,17,0.5,0.61948,180,0,0,395904
0,0,14,0.5,0.61948,180,0,0,395918
0,0,1,0.5,0.61948,180,0,0,395927
0,0,27,0.5,0.61948,180,0,0,395950
0,0,14,0.5,0.61948,180,0,0,395967
0,2,14,0.5,0.61975,180,0,0,395980
0,0,13,0.5,0.61975,180,0,0,395998
0,0,12,0.5,0.61975,180,0,0,396014
0,0,11,0.5,0.61975,180,0,0,396029
0,-3,10,0.5,0.619345,180,0,0,396050
0,-6,10,0.5,0.618535,180,0,0,396062
0,-6,11,0.5,0.617725,180,0,0,396079
0,-6,12,0.5,0.616915,180,0,0,396096
0,-7,14,0.5,0.61597,180,0,0,396118
0,-5,15,0.5,0.615295,180,0,0,396135
0,-5,14,0.5,0.61462,180,0,0,396151
0,-7,15,0.5,0.613675,180,0,0,396166
0,-7,15,0.5,0.61273,180,0,0,396181
0,-6,15,0.5,0.61192,180,0,0,396198
0,-2,14,0.5,0.61165,180,0,0,396217
0,2,30,0.5,0.61192,180,0,0,396246
0,6,15,0.5,0.61273,180,0,0,396258
0,6,15,0.5,0.61354,180,0,0,396274
0,4,15,0.5,0.61408,180,0,0,396287
0,4,15,0.5,0.61462,180,0,0,396303
0,3,15,0.5,0.615025,180,0,0,396319
0,2,15,0.5,0.615295,180,0,0,396337
0,2,14,0.5,0.615565,180,0,0,396350
0,4,15,0.5,0.616105,180,0,0,396368
0,4,14,0.5,0.616645,180,0,0,396382
0,4,15,0.5,0.617185,180,0,0,396398
0,6,14,0.5,0.617995,180,0,0,396415
0,7,14,0.5,0.61894,180,0,0,396433
0,10,14,0.5,0.62029,180,0,0,396448
0,10,13,0.5,0.62164,180,0,0,396473
0,11,13,0.5,0.623125,180,0,0,396488
0,12,12,0.5,0.624745,180,0,0,396503
0,13,11,0.5,0.6265,180,0,0,396516
0,12,10,0.5,0.62812,180,0,0,396534
0,10,8,0.5,0.62947,180,0,0,396546
0,6,9,0.5,0.63028,180,0,0,396565
0,1,8,0.5,0.630415,180,0,0,396580
0,-2,9,0.5,0.630145,180,0,0,396597
0,-7,11,0.5,0.6292,180,0,0,396618
0,-6,12,0.5,0.62839,180,0,0,396632
0,-3,15,0.5,0.627985,180,0,0,396658
0,1,34,0.5,0.62812,180,0,0,396696
0,0,36,0.5,0.62812,180,0,0,396716
0,5,18,0.5,0.628795,180,0,0,396725
0,7,18,0.5,0.62974,180,0,0,396741
0,10,19,0.5,0.63109,180,0,0,396753
0,0,0,0.5,0.63109,180,0,0,396757
0,12,19,0.5,0.63271,180,0,0,396777
0,12,18,0.5,0.63433,180,0,0,396796
0,24,31,0.5,0.63757,180,0,0,396815
0,10,25,0.5,0.63892,180,0,0,396829
0,11,19,0.5,0.640405,180,0,0,396846
0,11,19,0.5,0.64189,180,0,0,396867
0,10,18,0.5,0.64324,180,0,0,396881
0,13,17,0.5,0.644995,180,0,0,396896
0,12,17,0.5,0.646615,180,0,0,396910
0,12,16,0.5,0.648235,180,0,0,396927
0,10,16,0.5,0.649585,180,0,0,396946
0,7,16,0.5,0.65053,180,0,0,396961
0,5,15,0.5,0.651205,180,0,0,396978
0,3,15,0.5,0.65161,180,0,0,396996
0,4,15,0.5,0.65215,180,0,0,397012
0,3,16,0.5,0.652555,180,0,0,397029
0,7,15,0.5,0.6535,180,0,0,397042
0,10,16,0.5,0.65485,180,0,0,397058
0,11,16,0.5,0.656335,180,0,0,397080
0,14,17,0.5,0.658225,180,0,0,397097
0,16,18,0.5,0.660385,180,0,0,397112
0,31,32,0.5,0.66457,180,0,0,397138
0,14,21,0.5,0.66646,180,0,0,397149
0,0,0,0.5,0.66646,180,0,0,397155
0,18,18,0.5,0.66889,180,0,0,397182
0,16,18,0.5,0.67105,180,0,0,397195
0,32,19,0.5,0.67537,180,0,0,397212
0,13,27,0.5,0.677125,180,0,0,397233
0,10,12,0.5,0.678475,180,0,0,397246
0,11,11,0.5,0.67996,180,0,0,397261
0,9,10,0.5,0.681175,180,0,0,397278
0,7,9,0.5,0.68212,180,0,0,397291
0,3,8,0.5,0.682525,180,0,0,397307
0,1,7,0.5,0.68266,180,0,0,397326
0,-2,7,0.5,0.68239,180,0,0,397343
0,-4,7,0.5,0.68185,180,0,0,397359
0,-5,7,0.5,0.681175,180,0,0,397376
0,-5,7,0.5,0.6805,180,0,0,397390
0,-6,7,0.5,0.67969,180,0,0,397414
0,-7,6,0.5,0.678745,180,0,0,397434
0,-8,6,0.5,0.677665,180,0,0,397449
0,-8,7,0.5,0.676585,180,0,0,397458
0,-6,7,0.5,0.675775,180,0,0,397473
0,-2,8,0.5,0.675505,180,0,0,397494
0,-2,10,0.5,0.675235,180,0,0,397508
0,1,10,0.5,0.67537,180,0,0,397526
0,5,10,0.5,0.676045,180,0,0,397542
0,7,11,0.5,0.67699,180,0,0,397564
0,10,10,0.5,0.67834,180,0,0,397577
0,10,11,0.5,0.67969,180,0,0,397592
0,25,23,0.5,0.683065,180,0,0,397618
0,15,13,0.5,0.68509,180,0,0,397627
0,14,15,0.5,0.68698,180,0,0,397644
0,16,14,0.5,0.68914,180,0,0,397661
0,15,15,0.5,0.691165,180,0,0,397678
0,17,14,0.5,0.69346,180,0,0,397692
0,16,15,0.5,0.69562,180,0,0,397712
0,17,14,0.5,0.697915,180,0,0,397733
0,16,14,0.5,0.700075,180,0,0,397745
0,18,14,0.5,0.702505,180,0,0,397764
0,19,15,0.5,0.70507,180,0,0,397777
0,21,14,0.5,0.707905,180,0,0,397796
0,23,14,0.5,0.71,180,0,0,397811
