0,52,-13,0.5,-0.70298,180,0,2,62534
0,23,-3,0.5,-0.699875,180,0,2,62542
0,0,0,0.5,-0.699875,180,0,2,62549
0,27,-3,0.5,-0.69623,180,0,2,62562
0,31,-2,0.5,-0.692045,180,0,2,62579
0,33,-2,0.5,-0.68759,180,0,2,62595
0,37,-3,0.5,-0.682595,180,0,2,62612
0,32,-3,0.5,-0.678275,180,0,2,62634
0,29,-3,0.5,-0.67436,180,0,2,62647
0,23,-3,0.5,-0.671255,180,0,2,62663
0,32,-8,0.5,-0.666935,180,0,2,62685
0,13,-6,0.5,-0.66518,180,0,2,62701
0,9,-7,0.5,-0.663965,180,0,2,62716
0,9,-8,0.5,-0.66275,180,0,2,62733
0,9,-9,0.5,-0.661535,180,0,2,62747
0,8,-9,0.5,-0.660455,180,0,2,62764
0,9,-9,0.5,-0.65924,180,0,2,62781
0,8,-9,0.5,-0.65816,180,0,2,62799
0,10,-8,0.5,-0.65681,180,0,2,62814
0,11,-9,0.5,-0.655325,180,0,2,62831
0,9,-8,0.5,-0.65411,180,0,2,62851
0,11,-7,0.5,-0.652625,180,0,2,62863
0,12,-7,0.5,-0.651005,180,0,2,62881
0,12,-6,0.5,-0.649385,180,0,2,62898
0,15,-6,0.5,-0.64736,180,0,2,62916
0,18,-5,0.5,-0.64493,180,0,2,62929
0,21,-4,0.5,-0.642095,180,0,2,62946
0,25,-3,0.5,-0.63872,180,0,2,62962
0,26,-2,0.5,-0.63521,180,0,2,62978
0,25,-3,0.5,-0.631835,180,0,2,63000
0,25,-3,0.5,-0.62846,180,0,2,63012
0,23,-3,0.5,-0.625355,180,0,2,63029
0,22,-4,0.5,-0.622385,180,0,2,63046
0,20,-5,0.5,-0.619685,180,0,2,63062
0,33,-10,0.5,-0.61523,180,0,2,63082
0,0,-1,0.5,-0.61523,180,0,2,63096
0,21,-12,0.5,-0.612395,180,0,31,63114
0,7,-7,0.5,-0.61145,180,0,31,63129
0,5,-7,0.5,-0.610775,180,0,0,63152
0,4,-8,0.5,-0.610235,180,0,0,63167
0,5,-7,0.5,-0.60956,180,0,0,63181
0,5,-7,0.5,-0.608885,180,0,0,63198
0,6,-8,0.5,-0.608075,180,0,0,63213
0,6,-7,0.5,-0.607265,180,0,0,63230
0,7,-7,0.5,-0.60632,180,0,0,63248
0,7,-7,0.5,-0.605375,180,0,0,63269
0,12,-14,0.5,-0.603755,180,0,0,63292
0,6,0,0.5,-0.602945,180,0,0,63306
0,0,-6,0.5,-0.602945,180,0,0,63313
0,4,-5,0.5,-0.602405,180,0,0,63330
0,4,-4,0.5,-0.601865,180,0,0,63346
0,6,-4,0.5,-0.601055,180,0,0,63363
0,8,-3,0.5,-0.599975,180,0,0,63379
0,9,-3,0.5,-0.59876,180,0,0,63395
0,11,-2,0.5,-0.597275,180,0,0,63414
0,14,-2,0.5,-0.595385,180,0,0,63431
0,15,0,0.5,-0.59336,180,0,0,63445
0,15,0,0.5,-0.591335,180,0,0,63462
0,14,0,0.5,-0.589445,180,0,0,63478
0,20,3,0.5,-0.586745,180,0,0,63497
0,8,3,0.5,-0.585665,180,0,0,63513
0,7,2,0.5,-0.58472,180,0,0,63528
0,9,2,0.5,-0.583505,180,0,0,63545
0,13,1,0.5,-0.58175,180,0,0,63562
0,16,1,0.5,-0.57959,180,0,0,63580
0,21,0,0.5,-0.576755,180,0,0,63595
0,22,0,0.5,-0.573785,180,0,0,63611
0,23,0,0.5,-0.57068,180,0,0,63628
0,25,0,0.5,-0.567305,180,0,0,63646
0,25,-1,0.5,-0.56393,180,0,0,63662
0,26,-1,0.5,-0.56042,180,0,0,63678
0,27,-1,0.5,-0.556775,180,0,0,63695
0,28,0,0.5,-0.552995,180,0,0,63712
0,27,-1,0.5,-0.54935,180,0,0,63729
0,25,-1,0.5,-0.545975,180,0,0,63746
0,20,0,0.5,-0.543275,180,0,0,63762
0,19,0,0.5,-0.54071,180,0,0,63780
0,17,0,0.5,-0.538415,180,0,0,63794
0,16,0,0.5,-0.536255,180,0,0,63811
0,15,-1,0.5,-0.53423,180,0,0,63829
0,14,-1,0.5,-0.53234,180,0,0,63845
0,14,-3,0.5,-0.53045,180,0,0,63864
0,16,-4,0.5,-0.52829,180,0,0,63880
0,37,-9,0.5,-0.523295,180,0,0,63897
0,22,-4,0.5,-0.520325,180,0,0,63912
0,27,-4,0.5,-0.51668,180,0,0,63932
0,28,-3,0.5,-0.5129,180,0,0,63946
0,31,-3,0.5,-0.508715,180,0,0,63966
0,28,-3,0.5,-0.504935,180,0,0,63979
0,26,-3,0.5,-0.501425,180,0,0,63996
0,22,-3,0.5,-0.498455,180,0,0,64013
0,19,-4,0.5,-0.49589,180,0,0,64030
0,15,-4,0.5,-0.493865,180,0,0,64047
0,14,-4,0.5,-0.491975,180,0,0,64063
0,13,-3,0.5,-0.49022,180,0,0,64080
0,12,-3,0.5,-0.4886,180,0,0,64096
0,9,-4,0.5,-0.487385,180,0,0,64114
0,9,-4,0.5,-0.48617,180,0,0,64131
0,7,-5,0.5,-0.485225,180,0,0,64147
0,7,-6,0.5,-0.48428,180,0,0,64166
0,18,-14,0.5,-0.48185,180,0,0,64191
0,10,-7,0.5,-0.4805,180,0,0,64201
0,0,0,0.5,-0.4805,180,0,0,64211
0,12,-8,0.5,-0.47888,180,0,0,64231
0,11,-7,0.5,-0.477395,180,0,0,64249
0,27,-14,0.5,-0.47375,180,0,0,64269
0,0,0,0.5,-0.47375,180,0,0,64277
0,32,-7,0.5,-0.46943,180,0,0,64298
0,19,-8,0.5,-0.466865,180,0,0,64313
0,22,-3,0.5,-0.463895,180,0,0,64335
0,24,-3,0.5,-0.460655,180,0,0,64347
0,27,-4,0.5,-0.45701,180,0,0,64366
0,30,-3,0.5,-0.45296,180,0,0,64380
0,29,-3,0.5,-0.449045,180,0,0,64397
0,30,-3,0.5,-0.444995,180,0,0,64412
0,29,-3,0.5,-0.44108,180,0,0,64431
0,27,-3,0.5,-0.437435,180,0,0,64445
0,25,-6,0.5,-0.43406,180,0,0,64463
0,23,-7,0.5,-0.430955,180,0,0,64484
0,20,-7,0.5,-0.428255,180,0,0,64496
0,20,-8,0.5,-0.425555,180,0,0,64514
0,18,-8,0.5,-0.423125,180,0,0,64530
0,17,-9,0.5,-0.42083,180,0,0,64550
0,19,-9,0.5,-0.418265,180,0,0,64566
0,19,-8,0.5,-0.4157,180,0,0,64581
0,20,-8,0.5,-0.413,180,0,0,64597
0,23,-7,0.5,-0.409895,180,0,0,64613
0,21,-5,0.5,-0.40706,180,0,0,64631
0,20,-5,0.5,-0.40436,180,0,0,64647
0,38,-5,0.5,-0.39923,180,0,0,64664
0,0,-1,0.5,-0.39923,180,0,0,64679
0,36,-7,0.5,-0.39437,180,0,0,64699
0,17,-3,0.5,-0.392075,180,0,0,64713
0,15,-3,0.5,-0.39005,180,0,0,64730
0,15,-2,0.5,-0.388025,180,0,0,64746
0,16,-3,0.5,-0.385865,180,0,0,64762
0,17,-3,0.5,-0.38357,180,0,0,64782
0,21,-4,0.5,-0.380735,180,0,0,64795
0,24,-4,0.5,-0.377495,180,0,0,64812
0,25,-4,0.5,-0.37412,180,0,0,64829
0,26,-4,0.5,-0.37061,180,0,0,64848
0,26,-4,0.5,-0.3671,180,0,0,64863
0,26,-5,0.5,-0.36359,180,0,0,64881
0,27,-5,0.5,-0.359945,180,0,0,64895
0,25,-5,0.5,-0.35657,180,0,0,64912
0,23,-6,0.5,-0.353465,180,0,0,64931
0,21,-5,0.5,-0.35063,180,0,0,64946
0,17,-4,0.5,-0.348335,180,0,0,64963
0,13,-3,0.5,-0.34658,180,0,0,64980
0,11,-4,0.5,-0.345095,180,0,0,64996
0,6,-3,0.5,-0.344285,180,0,0,65012
0,4,-5,0.5,-0.343745,180,0,0,65030
0,0,-5,0.5,-0.343745,180,0,0,65047
0,-5,-6,0.5,-0.34442,180,0,0,65063
0,-7,-5,0.5,-0.345365,180,0,0,65080
0,-20,-7,0.5,-0.348065,180,0,0,65097
0,-10,-6,0.5,-0.349415,180,0,0,65113
0,-8,-4,0.5,-0.350495,180,0,0,65129
0,-3,-3,0.5,-0.3509,180,0,0,65147
0,-2,-3,0.5,-0.35117,180,0,0,65162
0,2,-2,0.5,-0.3509,180,0,0,65178
0,5,-3,0.5,-0.350225,180,0,0,65195
0,10,-3,0.5,-0.348875,180,0,0,65213
0,10,-3,0.5,-0.347525,180,0,0,65229
0,11,-4,0.5,-0.34604,180,0,0,65248
0,11,-3,0.5,-0.344555,180,0,31,65265
0,11,-4,0.5,-0.34307,180,0,31,65283
0,9,-4,0.5,-0.341855,180,0,31,65297
0,8,-4,0.5,-0.340775,180,0,0,65312
0,6,-4,0.5,-0.339965,180,0,0,65329
0,7,-4,0.5,-0.33902,180,0,0,65346
0,5,-3,0.5,-0.338345,180,0,0,65363
0,6,-4,0.5,-0.337535,180,0,0,65380
0,8,-4,0.5,-0.336455,180,0,0,65397
0,8,-3,0.5,-0.335375,180,0,0,65413
0,9,-3,0.5,-0.33416,180,0,31,65430
0,9,-4,0.5,-0.332945,180,0,31,65448
0,7,-4,0.5,-0.332,180,0,0,65463
0,7,-3,0.5,-0.331055,180,0,0,65480
0,16,-7,0.5,-0.328895,180,0,0,65497
0,11,-3,0.5,-0.32741,180,0,0,65512
0,14,-2,0.5,-0.32552,180,0,0,65528
0,19,-2,0.5,-0.322955,180,0,0,65545
0,21,-2,0.5,-0.32012,180,0,0,65562
0,25,-1,0.5,-0.316745,180,0,0,65580
0,27,0,0.5,-0.3131,180,0,0,65594
0,30,0,0.5,-0.30905,180,0,0,65612
0,28,0,0.5,-0.30527,180,0,0,65629
0,25,0,0.5,-0.301895,180,0,0,65645
0,25,0,0.5,-0.29852,180,0,0,65663
0,25,2,0.5,-0.295145,180,0,0,65679
0,23,2,0.5,-0.29204,180,0,0,65695
0,22,2,0.5,-0.28907,180,0,0,65711
0,22,1,0.5,-0.2861,180,0,0,65728
0,23,0,0.5,-0.282995,180,0,0,65745
0,24,-2,0.5,-0.279755,180,0,0,65764
0,23,-4,0.5,-0.27665,180,0,0,65780
0,21,-5,0.5,-0.273815,180,0,0,65796
0,21,-6,0.5,-0.27098,180,0,0,65814
0,20,-7,0.5,-0.26828,180,0,0,65832
0,22,-7,0.5,-0.26531,180,0,0,65854
0,24,-7,0.5,-0.26207,180,0,0,65864
0,26,-6,0.5,-0.25856,180,0,0,65881
0,56,-11,0.5,-0.251,180,0,0,65904
0,0,0,0.5,-0.251,180,0,0,65911
0,51,-5,0.5,-0.244115,180,0,0,65929
0,24,-3,0.5,-0.240875,180,0,0,65947
0,24,-2,0.5,-0.237635,180,0,0,65965
0,23,-2,0.5,-0.23453,180,0,0,65979
0,24,-1,0.5,-0.23129,180,0,0,65995
0,24,-2,0.5,-0.22805,180,0,0,66012
0,26,-1,0.5,-0.22454,180,0,0,66029
0,27,-2,0.5,-0.220895,180,0,0,66047
0,26,-3,0.5,-0.217385,180,0,0,66063
0,24,-4,0.5,-0.214145,180,0,0,66080
0,21,-4,0.5,-0.21131,180,0,0,66095
0,20,-4,0.5,-0.20861,180,0,0,66115
0,19,-6,0.5,-0.206045,180,0,0,66131
0,17,-6,0.5,-0.20375,180,0,0,66148
0,16,-6,0.5,-0.20159,180,0,0,66163
0,15,-5,0.5,-0.199565,180,0,0,66179
0,15,-5,0.5,-0.19754,180,0,0,66195
0,13,-4,0.5,-0.195785,180,0,0,66212
0,13,-5,0.5,-0.19403,180,0,0,66230
0,13,-5,0.5,-0.192275,180,0,0,66247
0,11,-4,0.5,-0.19079,180,0,0,66262
0,10,-4,0.5,-0.18944,180,0,0,66279
0,8,-3,0.5,-0.18836,180,0,0,66296
0,20,-6,0.5,-0.18566,180,0,0,66312
0,13,-4,0.5,-0.183905,180,0,0,66330
0,16,-5,0.5,-0.181745,180,0,0,66348
0,16,-5,0.5,-0.179585,180,0,0,66362
0,18,-6,0.5,-0.177155,180,0,0,66383
0,19,-5,0.5,-0.17459,180,0,0,66398
0,23,-5,0.5,-0.171485,180,0,0,66414
0,25,-4,0.5,-0.16811,180,0,0,66429
0,29,-4,0.5,-0.164195,180,0,0,66445
0,30,-4,0.5,-0.160145,180,0,0,66462
0,29,-5,0.5,-0.15623,180,0,0,66485
0,25,-6,0.5,-0.152855,180,0,0,66500
0,22,-6,0.5,-0.149885,180,0,0,66513
0,19,-7,0.5,-0.14732,180,0,0,66531
0,13,-5,0.5,-0.145565,180,0,0,66549
0,9,-6,0.5,-0.14435,180,0,0,66563
0,6,-6,0.5,-0.14354,180,0,0,66581
0,4,-6,0.5,-0.143,180,0,0,66595
0,5,-7,0.5,-0.142325,180,0,0,66614
0,5,-7,0.5,-0.14165,180,0,0,66630
0,3,-7,0.5,-0.141245,180,0,0,66647
0,2,-6,0.5,-0.140975,180,0,0,66664
0,-1,-6,0.5,-0.14111,180,1,31,66684
0,-5,-10,0.5,-0.141785,180,1,0,66698
0,-3,-3,0.5,-0.14219,180,1,0,66712
0,-3,-5,0.5,-0.142595,180,0,0,66732
0,-1,-3,0.5,-0.14273,180,0,0,66746
0,2,-4,0.5,-0.14246,180,0,0,66764
0,3,-3,0.5,-0.142055,180,0,0,66779
0,5,-3,0.5,-0.14138,180,0,0,66795
0,7,-4,0.5,-0.140435,180,0,0,66813
0,9,-3,0.5,-0.13922,180,0,0,66829
0,10,-4,0.5,-0.13787,180,0,0,66846
0,9,-4,0.5,-0.136655,180,0,0,66862
0,8,-5,0.5,-0.135575,180,0,0,66883
0,6,-6,0.5,-0.134765,180,0,0,66897
0,5,-6,0.5,-0.13409,180,0,0,66913
0,4,-6,0.5,-0.13355,180,0,0,66930
0,5,-6,0.5,-0.132875,180,0,0,66946
0,4,-6,0.5,-0.132335,180,0,31,66966
0,5,-5,0.5,-0.13166,180,0,31,66979
0,4,-5,0.5,-0.13112,180,0,31,66996
0,4,-5,0.5,-0.13058,180,0,31,67013
0,4,-5,0.5,-0.13004,180,0,0,67030
0,4,-5,0.5,-0.1295,180,0,0,67049
0,5,-9,0.5,-0.128825,180,0,0,67068
0,0,0,0.5,-0.128825,180,0,0,67077
0,3,-4,0.5,-0.12842,180,0,31,67096
0,6,-6,0.5,-0.12761,180,0,0,67113
0,1,-3,0.5,-0.127475,180,0,0,67132
0,2,-2,0.5,-0.127205,180,0,0,67147
0,0,-2,0.5,-0.127205,180,0,0,67163
0,2,-2,0.5,-0.126935,180,0,0,67179
0,0,-1,0.5,-0.126935,180,0,0,67195
0,0,-1,0.5,-0.126935,180,0,0,67211
0,0,-1,0.5,-0.126935,180,0,0,67228
0,0,0,0.5,-0.126935,180,0,0,67245
0,0,0,0.5,-0.126935,180,0,0,67261
0,0,0,0.5,-0.126935,180,0,0,67278
0,0,0,0.5,-0.126935,180,0,0,67294
0,0,0,0.5,-0.126935,180,0,31,67311
0,0,-1,0.5,-0.126935,180,0,31,67329
0,0,-1,0.5,-0.126935,180,0,0,67344
0,0,0,0.5,-0.126935,180,0,0,67360
0,0,-1,0.5,-0.126935,180,0,0,67378
0,0,0,0.5,-0.126935,180,0,0,67394
0,2,0,0.5,-0.126665,180,0,0,67411
0,3,0,0.5,-0.12626,180,0,31,67428
0,2,0,0.5,-0.12599,180,0,31,67445
0,1,0,0.5,-0.125855,180,0,0,67462
0,2,0,0.5,-0.125585,180,0,0,67478
0,1,0,0.5,-0.12545,180,0,0,67495
0,8,1,0.5,-0.12437,180,0,0,67513
0,4,1,0.5,-0.12383,180,0,31,67530
0,5,0,0.5,-0.123155,180,0,31,67545
0,4,1,0.5,-0.122615,180,0,31,67561
0,5,1,0.5,-0.12194,180,0,0,67579
0,5,1,0.5,-0.121265,180,0,0,67595
0,4,1,0.5,-0.120725,180,0,0,67613
0,4,2,0.5,-0.120185,180,0,0,67630
0,2,2,0.5,-0.119915,180,0,0,67646
0,0,2,0.5,-0.119915,180,0,31,67664
0,0,1,0.5,-0.119915,180,0,31,67678
0,0,0,0.5,-0.119915,180,0,31,67694
0,-3,0,0.5,-0.12032,180,0,0,67711
0,0,-1,0.5,-0.12032,180,0,0,67729
0,0,-1,0.5,-0.12032,180,0,0,67746
0,2,-1,0.5,-0.12005,180,0,0,67761
0,1,0,0.5,-0.119915,180,0,31,67780
0,5,0,0.5,-0.11924,180,0,31,67794
0,4,0,0.5,-0.1187,180,0,31,67811
0,5,0,0.5,-0.118025,180,0,0,67828
0,3,0,0.5,-0.11762,180,0,0,67845
0,3,0,0.5,-0.117215,180,0,0,67862
0,4,0,0.5,-0.116675,180,0,0,67878
0,5,0,0.5,-0.116,180,0,0,67894
0,14,0,0.5,-0.11411,180,0,31,67911
0,6,0,0.5,-0.1133,180,0,31,67928
0,6,-1,0.5,-0.11249,180,0,31,67944
0,5,-1,0.5,-0.111815,180,0,0,67961
0,5,-1,0.5,-0.11114,180,0,0,67978
0,6,-1,0.5,-0.11033,180,0,0,67994
0,8,0,0.5,-0.10925,180,0,0,68011
0,9,0,0.5,-0.108035,180,0,31,68029
0,11,0,0.5,-0.10655,180,0,31,68044
0,11,0,0.5,-0.105065,180,0,31,68063
0,11,0,0.5,-0.10358,180,0,0,68078
0,11,0,0.5,-0.102095,180,0,0,68095
0,10,0,0.5,-0.100745,180,0,0,68111
0,12,0,0.5,-0.099125,180,0,0,68127
0,12,0,0.5,-0.097505,180,0,0,68145
0,10,1,0.5,-0.096155,180,0,31,68162
0,10,1,0.5,-0.094805,180,0,31,68178
0,8,1,0.5,-0.093725,180,0,31,68194
0,5,1,0.5,-0.09305,180,0,0,68215
0,5,1,0.5,-0.092375,180,0,0,68229
0,4,1,0.5,-0.091835,180,0,0,68246
0,7,0,0.5,-0.09089,180,0,0,68261
0,7,0,0.5,-0.089945,180,0,0,68278
0,8,0,0.5,-0.088865,180,0,0,68294
0,6,0,0.5,-0.088055,180,0,0,68311
0,5,0,0.5,-0.08738,180,0,31,68328
0,1,0,0.5,-0.087245,180,0,31,68346
0,0,0,0.5,-0.087245,180,0,31,68361
0,0,0,0.5,-0.087245,180,0,31,68377
0,-3,0,0.5,-0.08765,180,0,0,68395
0,-2,-1,0.5,-0.08792,180,0,0,68411
0,-1,-1,0.5,-0.088055,180,0,0,68427
0,0,-1,0.5,-0.088055,180,0,0,68444
0,0,-1,0.5,-0.088055,180,0,0,68461
0,1,0,0.5,-0.08792,180,0,0,68478
0,3,0,0.5,-0.087515,180,0,0,68494
0,2,0,0.5,-0.087245,180,0,0,68513
0,1,0,0.5,-0.08711,180,0,31,68528
0,2,2,0.5,-0.08684,180,0,31,68545
0,1,1,0.5,-0.086705,180,0,0,68563
0,2,2,0.5,-0.086435,180,0,0,68578
0,3,1,0.5,-0.08603,180,0,0,68597
0,3,2,0.5,-0.085625,180,0,0,68611
0,3,1,0.5,-0.08522,180,0,31,68632
0,3,2,0.5,-0.084815,180,0,31,68645
0,3,1,0.5,-0.08441,180,0,31,68662
0,1,1,0.5,-0.084275,180,0,31,68678
0,2,1,0.5,-0.084005,180,0,0,68695
0,4,1,0.5,-0.083465,180,0,0,68716
0,3,0,0.5,-0.08306,180,0,0,68731
0,5,0,0.5,-0.082385,180,0,0,68745
0,5,0,0.5,-0.08171,180,0,0,68763
0,4,0,0.5,-0.08117,180,0,0,68780
0,1,0,0.5,-0.081035,180,0,31,68794
0,2,0,0.5,-0.080765,180,0,31,68812
0,1,0,0.5,-0.08063,180,0,0,68831
0,0,0,0.5,-0.08063,180,0,0,68844
0,-2,0,0.5,-0.0809,180,0,0,68861
0,-4,0,0.5,-0.08144,180,0,0,68878
0,-7,1,0.5,-0.082385,180,0,0,68894
0,-6,0,0.5,-0.083195,180,0,0,68911
0,-8,0,0.5,-0.084275,180,0,0,68929
0,-8,0,0.5,-0.085355,180,0,0,68944
0,-6,0,0.5,-0.086165,180,0,0,68963
0,-6,1,0.5,-0.086975,180,0,0,68978
0,-4,1,0.5,-0.087515,180,0,0,68996
0,-2,0,0.5,-0.087785,180,0,0,69011
0,-2,1,0.5,-0.088055,180,0,0,69028
0,-1,1,0.5,-0.08819,180,0,0,69046
0,0,1,0.5,-0.08819,180,0,0,69064
0,1,3,0.5,-0.088055,180,0,31,69081
0,0,0,0.5,-0.088055,180,0,31,69094
0,-4,4,0.5,-0.088595,180,0,0,69113
0,-4,2,0.5,-0.089135,180,0,0,69128
0,-6,2,0.5,-0.089945,180,0,0,69149
0,-6,2,0.5,-0.090755,180,0,0,69162
0,-6,2,0.5,-0.091565,180,0,0,69178
0,-6,1,0.5,-0.092375,180,0,0,69199
0,-7,1,0.5,-0.09332,180,0,0,69216
0,-9,1,0.5,-0.094535,180,0,0,69228
0,-9,0,0.5,-0.09575,180,0,0,69246
0,-7,0,0.5,-0.096695,180,0,0,69262
0,-6,0,0.5,-0.097505,180,0,0,69280
0,-6,0,0.5,-0.098315,180,0,0,69296
0,-6,0,0.5,-0.099125,180,0,0,69312
0,-6,0,0.5,-0.099935,180,0,0,69328
0,-7,0,0.5,-0.10088,180,0,0,69344
0,-6,0,0.5,-0.10169,180,0,0,69363
0,-7,0,0.5,-0.102635,180,0,0,69378
0,-7,0,0.5,-0.10358,180,0,0,69395
0,-6,0,0.5,-0.10439,180,0,0,69412
0,-8,1,0.5,-0.10547,180,0,0,69429
0,-7,2,0.5,-0.106415,180,0,0,69445
0,-10,3,0.5,-0.107765,180,0,0,69462
0,-19,8,0.5,-0.11033,180,0,0,69484
0,-10,3,0.5,-0.11168,180,0,0,69497
0,-12,3,0.5,-0.1133,180,0,0,69515
0,-10,3,0.5,-0.11465,180,0,0,69530
0,-7,3,0.5,-0.115595,180,0,0,69547
0,-6,3,0.5,-0.116405,180,0,0,69563
0,-4,2,0.5,-0.116945,180,0,0,69580
0,-4,2,0.5,-0.117485,180,0,0,69596
0,-3,1,0.5,-0.11789,180,0,0,69612
0,-2,2,0.5,-0.11816,180,0,0,69629
0,-3,1,0.5,-0.118565,180,0,0,69646
0,-1,2,0.5,-0.1187,180,0,0,69664
0,1,1,0.5,-0.118565,180,0,0,69681
0,3,1,0.5,-0.11816,180,0,0,69695
0,6,2,0.5,-0.11735,180,0,0,69713
0,5,1,0.5,-0.116675,180,0,0,69730
0,4,1,0.5,-0.116135,180,0,0,69746
0,4,0,0.5,-0.115595,180,0,0,69764
0,4,0,0.5,-0.115055,180,0,0,69779
0,7,0,0.5,-0.11411,180,0,0,69795
0,8,1,0.5,-0.11303,180,0,0,69812
0,9,1,0.5,-0.111815,180,0,0,69830
0,11,3,0.5,-0.11033,180,0,0,69847
0,22,7,0.5,-0.10736,180,0,0,69869
0,10,5,0.5,-0.10601,180,0,0,69884
0,9,0,0.5,-0.104795,180,0,0,69895
0,8,13,0.5,-0.103715,180,0,0,69926
0,7,6,0.5,-0.10277,180,0,0,69936
0,7,8,0.5,-0.101825,180,0,0,69950
0,8,7,0.5,-0.100745,180,0,0,69972
0,11,8,0.5,-0.09926,180,0,0,69988
0,12,8,0.5,-0.09764,180,0,0,70000
0,14,9,0.5,-0.09575,180,0,0,70016
0,16,8,0.5,-0.09359,180,0,0,70031
0,18,8,0.5,-0.09116,180,0,0,70050
0,20,8,0.5,-0.08846,180,0,0,70071
0,22,8,0.5,-0.08549,180,0,0,70083
0,23,7,0.5,-0.082385,180,0,0,70098
0,23,6,0.5,-0.07928,180,0,0,70116
0,24,6,0.5,-0.07604,180,0,0,70135
0,25,5,0.5,-0.072665,180,0,0,70152
0,23,4,0.5,-0.06956,180,0,0,70165
0,22,3,0.5,-0.06659,180,0,0,70181
0,22,3,0.5,-0.06362,180,0,0,70199
0,20,1,0.5,-0.06092,180,0,0,70214
0,37,2,0.5,-0.055925,180,0,0,70234
0,19,1,0.5,-0.05336,180,0,0,70252
0,18,2,0.5,-0.05093,180,0,0,70269
0,18,3,0.5,-0.0485,180,0,0,70282
0,15,4,0.5,-0.046475,180,0,0,70298
0,16,5,0.5,-0.044315,180,0,0,70315
0,13,5,0.5,-0.04256,180,0,0,70333
0,11,6,0.5,-0.041075,180,0,0,70350
0,11,6,0.5,-0.03959,180,0,0,70367
0,11,7,0.5,-0.038105,180,0,0,70383
0,13,8,0.5,-0.03635,180,0,0,70400
0,15,8,0.5,-0.034325,180,0,0,70417
0,17,8,0.5,-0.03203,180,0,0,70437
0,20,8,0.5,-0.02933,180,0,0,70449
0,21,7,0.5,-0.026495,180,0,0,70472
0,20,6,0.5,-0.023795,180,0,0,70486
0,20,5,0.5,-0.021095,180,0,0,70498
0,17,4,0.5,-0.0188,180,0,0,70519
0,19,3,0.5,-0.016235,180,0,0,70532
0,18,3,0.5,-0.013805,180,0,0,70548
0,18,2,0.5,-0.011375,180,0,0,70565
0,17,3,0.5,-0.00908,180,0,0,70584
0,32,7,0.5,-0.00476,180,0,0,70602
0,0,0,0.5,-0.00476,180,0,0,70616
0,32,10,0.5,-0.00044,180,0,0,70637
0,18,4,0.5,0.00199,180,0,0,70652
0,22,5,0.5,0.00496,180,0,0,70672
0,24,5,0.5,0.0082,180,0,0,70682
0,24,5,0.5,0.01144,180,0,0,70699
0,27,5,0.5,0.015085,180,0,0,70716
0,28,6,0.5,0.018865,180,0,0,70736
0,26,5,0.5,0.022375,180,0,0,70749
0,23,4,0.5,0.02548,180,0,0,70765
0,19,3,0.5,0.028045,180,0,0,70785
0,17,2,0.5,0.03034,180,0,0,70800
0,15,1,0.5,0.032365,180,0,0,70817
0,14,0,0.5,0.034255,180,0,0,70832
0,12,0,0.5,0.035875,180,0,0,70847
0,9,1,0.5,0.03709,180,0,0,70864
0,8,1,0.5,0.03817,180,0,0,70883
0,6,1,0.5,0.03898,180,0,0,70899
0,4,2,0.5,0.03952,180,0,0,70916
0,4,2,0.5,0.04006,180,0,31,70935
0,2,2,0.5,0.04033,180,0,0,70949
0,3,6,0.5,0.040735,180,0,0,70972
0,2,0,0.5,0.041005,180,0,0,70984
0,0,3,0.5,0.041005,180,0,0,70999
0,9,8,0.5,0.04222,180,0,0,71023
0,6,4,0.5,0.04303,180,0,0,71034
0,0,0,0.5,0.04303,180,0,0,71047
0,21,10,0.5,0.045865,180,0,0,71067
0,15,6,0.5,0.04789,180,0,0,71085
0,16,6,0.5,0.05005,180,0,0,71101
0,18,6,0.5,0.05248,180,0,0,71122
0,19,5,0.5,0.055045,180,0,0,71134
0,21,5,0.5,0.05788,180,0,0,71149
0,23,4,0.5,0.060985,180,0,0,71167
0,25,2,0.5,0.06436,180,0,0,71185
0,25,0,0.5,0.067735,180,0,0,71201
0,26,0,0.5,0.071245,180,0,0,71217
0,25,0,0.5,0.07462,180,0,0,71232
0,19,0,0.5,0.077185,180,0,0,71253
0,17,-2,0.5,0.07948,180,0,31,71269
0,14,-3,0.5,0.08137,180,0,31,71285
0,9,-2,0.5,0.082585,180,0,31,71299
0,6,-2,0.5,0.083395,180,0,0,71321
0,4,-2,0.5,0.083935,180,0,0,71335
0,2,0,0.5,0.084205,180,0,0,71349
0,3,0,0.5,0.08461,180,0,0,71366
0,4,0,0.5,0.08515,180,0,0,71382
0,21,3,0.5,0.087985,180,0,0,71403
0,0,0,0.5,0.087985,180,0,0,71415
0,40,4,0.5,0.093385,180,0,0,71433
0,27,2,0.5,0.09703,180,0,0,71449
0,33,2,0.5,0.101485,180,0,0,71466
0,37,2,0.5,0.10648,180,0,0,71489
0,40,0,0.5,0.11188,180,0,0,71499
0,37,0,0.5,0.116875,180,0,0,71516
0,32,0,0.5,0.121195,180,0,0,71535
0,28,0,0.5,0.124975,180,0,0,71552
0,23,0,0.5,0.12808,180,0,0,71566
0,19,0,0.5,0.130645,180,0,0,71586
0,16,-1,0.5,0.132805,180,0,0,71600
0,12,-2,0.5,0.134425,180,0,0,71616
0,10,-3,0.5,0.135775,180,0,0,71634
0,7,-3,0.5,0.13672,180,0,0,71651
0,8,-5,0.5,0.1378,180,0,0,71666
0,22,-8,0.5,0.14077,180,0,0,71693
0,17,-4,0.5,0.143065,180,0,0,71708
0,0,0,0.5,0.143065,180,0,0,71717
0,21,-3,0.5,0.1459,180,0,0,71734
0,25,-2,0.5,0.149275,180,0,0,71750
0,28,-1,0.5,0.153055,180,0,0,71766
0,31,0,0.5,0.15724,180,0,0,71783
0,33,0,0.5,0.161695,180,0,0,71799
0,77,0,0.5,0.17209,180,0,0,71816
0,38,0,0.5,0.17722,180,0,0,71833
0,35,0,0.5,0.181945,180,0,0,71849
0,33,0,0.5,0.1864,180,0,0,71869
0,32,-1,0.5,0.19072,180,0,0,71887
0,28,-2,0.5,0.1945,180,0,0,71901
0,25,-2,0.5,0.197875,180,0,0,71916
0,22,-2,0.5,0.200845,180,0,0,71936
0,21,-3,0.5,0.20368,180,0,0,71954
0,19,-3,0.5,0.206245,180,0,0,71971
0,15,-2,0.5,0.20827,180,0,0,71983
0,13,-2,0.5,0.210025,180,0,0,72000
0,13,-2,0.5,0.21178,180,0,0,72018
0,11,-2,0.5,0.213265,180,0,0,72034
0,11,-2,0.5,0.21475,180,0,0,72051
0,11,-3,0.5,0.216235,180,0,0,72068
0,13,-2,0.5,0.21799,180,0,0,72083
0,17,-2,0.5,0.220285,180,0,0,72100
0,21,-2,0.5,0.22312,180,0,0,72118
0,26,-2,0.5,0.22663,180,0,0,72134
0,29,-2,0.5,0.230545,180,0,0,72150
0,72,-5,0.5,0.240265,180,0,0,72175
0,35,-3,0.5,0.24499,180,0,0,72185
0,34,-4,0.5,0.24958,180,0,0,72201
0,0,0,0.5,0.24958,180,0,0,72216
0,60,-9,0.5,0.25768,180,0,0,72238
0,26,-5,0.5,0.26119,180,0,0,72256
0,23,-5,0.5,0.264295,180,0,0,72273
0,19,-4,0.5,0.26686,180,0,0,72285
0,17,-3,0.5,0.269155,180,0,0,72301
0,14,-2,0.5,0.271045,180,0,0,72318
0,11,-2,0.5,0.27253,180,0,0,72334
0,8,-1,0.5,0.27361,180,0,0,72356
0,6,-1,0.5,0.27442,180,0,0,72368
0,6,-2,0.5,0.27523,180,0,0,72384
0,6,-2,0.5,0.27604,180,0,0,72401
0,6,-3,0.5,0.27685,180,0,0,72418
0,7,-3,0.5,0.277795,180,0,0,72437
0,8,-4,0.5,0.278875,180,0,0,72456
0,11,-3,0.5,0.28036,180,0,0,72471
0,14,-3,0.5,0.28225,180,0,0,72484
0,17,-3,0.5,0.284545,180,0,0,72504
0,24,-2,0.5,0.287785,180,0,0,72521
0,28,-2,0.5,0.291565,180,0,0,72535
0,66,0,0.5,0.300475,180,0,0,72555
0,36,0,0.5,0.305335,180,0,0,72570
0,34,0,0.5,0.309925,180,0,0,72583
0,30,0,0.5,0.313975,180,0,0,72605
0,24,0,0.5,0.317215,180,0,0,72620
0,20,0,0.5,0.319915,180,0,0,72634
0,19,-2,0.5,0.32248,180,0,0,72652
0,16,-3,0.5,0.32464,180,0,0,72671
0,16,-5,0.5,0.3268,180,0,0,72686
0,14,-5,0.5,0.32869,180,0,0,72702
0,13,-5,0.5,0.330445,180,0,0,72723
0,11,-5,0.5,0.33193,180,0,0,72738
0,11,-5,0.5,0.333415,180,0,0,72756
0,8,-5,0.5,0.334495,180,0,0,72770
0,7,-5,0.5,0.33544,180,0,0,72786
0,4,-5,0.5,0.33598,180,0,0,72803
0,3,-4,0.5,0.336385,180,0,0,72819
0,2,-4,0.5,0.336655,180,0,0,72839
0,5,-3,0.5,0.33733,180,0,0,72857
0,0,-3,0.5,0.33733,180,0,0,72869
0,6,-2,0.5,0.33814,180,0,0,72885
0,22,-4,0.5,0.34111,180,0,0,72909
0,0,0,0.5,0.34111,180,0,0,72918
0,18,-1,0.5,0.34354,180,0,0,72936
0,51,-3,0.5,0.350425,180,0,0,72952
0,30,0,0.5,0.354475,180,0,0,72972
0,30,0,0.5,0.358525,180,0,0,72985
0,32,0,0.5,0.362845,180,0,0,73002
0,31,0,0.5,0.36703,180,0,0,73018
0,31,1,0.5,0.371215,180,0,0,73038
0,27,0,0.5,0.37486,180,0,0,73053
0,24,0,0.5,0.3781,180,0,0,73068
0,21,0,0.5,0.380935,180,0,0,73086
0,20,-2,0.5,0.383635,180,0,0,73105
0,19,-3,0.5,0.3862,180,0,0,73120
0,18,-4,0.5,0.38863,180,0,0,73139
0,17,-4,0.5,0.390925,180,0,0,73153
0,16,-5,0.5,0.393085,180,0,0,73170
0,17,-5,0.5,0.39538,180,0,0,73192
0,18,-5,0.5,0.39781,180,0,0,73206
0,21,-5,0.5,0.400645,180,0,0,73223
0,22,-4,0.5,0.403615,180,0,0,73238
0,24,-3,0.5,0.406855,180,0,0,73253
0,24,-2,0.5,0.410095,180,0,0,73270
0,21,-2,0.5,0.41293,180,0,0,73288
0,27,-2,0.5,0.416575,180,0,0,73304
0,7,-7,0.5,0.41752,180,0,0,73328
0,2,-3,0.5,0.41779,180,0,0,73343
0,-1,-3,0.5,0.417655,180,0,0,73355
0,-5,-3,0.5,0.41698,180,0,0,73370
0,-8,-2,0.5,0.4159,180,0,0,73387
0,-7,-1,0.5,0.414955,180,0,0,73404
0,-6,0,0.5,0.414145,180,0,0,73422
0,-4,0,0.5,0.413605,180,0,0,73436
0,-3,1,0.5,0.4132,180,0,0,73453
0,-1,1,0.5,0.413065,180,0,0,73470
0,-2,1,0.5,0.412795,180,0,0,73487
0,-3,1,0.5,0.41239,180,0,0,73504
0,-1,0,0.5,0.412255,180,0,0,73523
0,1,-3,0.5,0.41239,180,0,0,73539
0,5,-3,0.5,0.413065,180,0,0,73556
0,6,-3,0.5,0.413875,180,0,0,73576
0,7,-3,0.5,0.41482,180,0,0,73590
0,8,-4,0.5,0.4159,180,0,0,73608
0,9,-4,0.5,0.417115,180,0,0,73623
0,12,-5,0.5,0.418735,180,0,0,73637
0,13,-5,0.5,0.42049,180,0,0,73655
0,27,-10,0.5,0.424135,180,0,0,73675
0,15,-4,0.5,0.42616,180,0,0,73690
0,17,-4,0.5,0.428455,180,0,0,73708
0,20,-3,0.5,0.431155,180,0,0,73723
0,23,-4,0.5,0.43426,180,0,0,73739
0,23,-3,0.5,0.437365,180,0,0,73755
0,26,-3,0.5,0.440875,180,0,0,73771
0,24,-3,0.5,0.444115,180,0,0,73789
0,27,-2,0.5,0.44776,180,0,0,73806
0,28,-2,0.5,0.45154,180,0,0,73823
0,28,-2,0.5,0.45532,180,0,0,73837
0,28,-1,0.5,0.4591,180,0,0,73856
0,26,-2,0.5,0.46261,180,0,0,73870
0,24,-4,0.5,0.46585,180,0,0,73890
0,23,-5,0.5,0.468955,180,0,0,73907
0,20,-5,0.5,0.471655,180,0,0,73922
0,20,-6,0.5,0.474355,180,0,0,73938
0,19,-6,0.5,0.47692,180,0,0,73959
0,20,-7,0.5,0.47962,180,0,0,73977
0,21,-6,0.5,0.482455,180,0,0,73991
0,18,-5,0.5,0.484885,180,0,0,74006
0,17,-4,0.5,0.48718,180,0,0,74025
0,25,-8,0.5,0.490555,180,0,0,74043
0,8,-4,0.5,0.491635,180,0,0,74058
0,6,-4,0.5,0.492445,180,0,0,74076
0,5,-6,0.5,0.49312,180,0,0,74089
0,4,-6,0.5,0.49366,180,0,0,74109
0,3,-7,0.5,0.494065,180,0,0,74125
0,2,-6,0.5,0.494335,180,0,0,74141
0,1,-6,0.5,0.49447,180,0,0,74157
0,2,-6,0.5,0.49474,180,0,31,74174
0,0,-5,0.5,0.49474,180,0,0,74191
0,0,-5,0.5,0.49474,180,0,0,74206
0,0,-4,0.5,0.49474,180,0,0,74222
0,0,-2,0.5,0.49474,180,0,0,74237
0,2,-2,0.5,0.49501,180,0,0,74258
0,5,-2,0.5,0.495685,180,0,0,74276
0,6,0,0.5,0.496495,180,0,0,74287
0,12,0,0.5,0.498115,180,0,0,74308
0,38,1,0.5,0.503245,180,0,0,74327
0,0,0,0.5,0.503245,180,0,0,74339
0,25,1,0.5,0.50662,180,0,0,74354
0,30,2,0.5,0.51067,180,0,0,74374
0,31,2,0.5,0.514855,180,0,0,74392
0,30,2,0.5,0.518905,180,0,0,74406
0,30,3,0.5,0.522955,180,0,0,74422
0,26,3,0.5,0.526465,180,0,0,74439
0,44,5,0.5,0.532405,180,0,0,74458
0,17,1,0.5,0.5347,180,0,0,74472
0,16,0,0.5,0.53686,180,0,0,74489
0,16,-2,0.5,0.53902,180,0,0,74507
0,15,-4,0.5,0.541045,180,0,0,74528
0,15,-4,0.5,0.54307,180,0,0,74545
0,16,-5,0.5,0.54523,180,0,0,74556
0,15,-5,0.5,0.547255,180,0,0,74574
0,16,-6,0.5,0.549415,180,0,0,74592
0,18,-5,0.5,0.551845,180,0,0,74607
0,21,-5,0.5,0.55468,180,0,0,74623
0,25,-4,0.5,0.558055,180,0,0,74640
0,30,-3,0.5,0.562105,180,0,0,74656
0,33,-3,0.5,0.56656,180,0,0,74673
0,35,-2,0.5,0.571285,180,0,0,74690
0,35,0,0.5,0.57601,180,0,0,74705
0,33,0,0.5,0.580465,180,0,0,74721
0,32,1,0.5,0.584785,180,0,0,74740
0,31,2,0.5,0.58897,180,0,0,74756
0,50,3,0.5,0.59572,180,0,0,74775
0,0,0,0.5,0.59572,180,0,0,74789
0,23,-1,0.5,0.598825,180,0,0,74804
0,41,-7,0.5,0.60436,180,0,0,74825
0,18,-4,0.5,0.60679,180,0,0,74840
0,18,-5,0.5,0.60922,180,0,0,74858
0,15,-5,0.5,0.611245,180,0,0,74878
0,16,-5,0.5,0.613405,180,0,0,74894
0,15,-5,0.5,0.61543,180,0,0,74909
0,14,-5,0.5,0.61732,180,0,0,74925
0,15,-5,0.5,0.619345,180,0,0,74940
0,15,-4,0.5,0.62137,180,0,0,74961
0,15,-4,0.5,0.623395,180,0,0,74975
0,15,-3,0.5,0.62542,180,0,0,74990
0,15,-3,0.5,0.627445,180,0,0,75007
0,15,-2,0.5,0.62947,180,0,0,75022
0,14,-2,0.5,0.63136,180,0,0,75040
0,12,-1,0.5,0.63298,180,0,0,75056
0,10,0,0.5,0.63433,180,0,0,75076
0,10,0,0.5,0.63568,180,0,0,75089
0,9,0,0.5,0.636895,180,0,0,75106
0,11,0,0.5,0.63838,180,0,0,75123
0,14,-1,0.5,0.64027,180,0,0,75143
0,40,-2,0.5,0.64567,180,0,0,75160
0,0,0,0.5,0.64567,180,0,0,75173
0,25,-1,0.5,0.649045,180,0,0,75189
0,55,-5,0.5,0.65647,180,0,0,75207
0,0,0,0.5,0.65647,180,0,0,75226
0,58,-6,0.5,0.6643,180,0,0,75246
0,30,-4,0.5,0.66835,180,0,0,75259
0,32,-5,0.5,0.67267,180,0,0,75279
0,26,-5,0.5,0.67618,180,0,0,75291
0,23,-5,0.5,0.679285,180,0,0,75309
0,20,-5,0.5,0.681985,180,0,0,75328
0,15,-3,0.5,0.68401,180,0,0,75345
0,13,-3,0.5,0.685765,180,0,0,75357
0,10,-2,0.5,0.687115,180,0,0,75373
0,9,-1,0.5,0.68833,180,0,0,75390
0,8,-1,0.5,0.68941,180,0,0,75407
0,8,-1,0.5,0.69049,180,0,0,75426
0,7,-1,0.5,0.691435,180,0,0,75441
0,9,0,0.5,0.69265,180,0,0,75465
0,10,0,0.5,0.694,180,0,0,75473
0,14,-1,0.5,0.69589,180,0,0,75493
0,16,-2,0.5,0.69805,180,0,0,75508
0,19,-2,0.5,0.700615,180,0,0,75526
0,46,-4,0.5,0.706825,180,0,0,75544
0,28,-2,0.5,0.71,180,0,0,75562
