0,33,25,0.5,-0.705545,180,0,0,459483
0,33,29,0.5,-0.70109,180,0,0,459513
0,43,26,0.5,-0.695285,180,0,0,459532
0,26,11,0.5,-0.691775,180,0,0,459548
0,0,0,0.5,-0.691775,180,0,0,459558
0,28,10,0.5,-0.687995,180,0,0,459567
0,30,9,0.5,-0.683945,180,0,0,459583
0,31,8,0.5,-0.67976,180,0,0,459601
0,32,9,0.5,-0.67544,180,0,0,459616
0,31,8,0.5,-0.671255,180,0,0,459632
0,26,7,0.5,-0.667745,180,0,0,459648
0,24,7,0.5,-0.664505,180,0,0,459664
0,21,7,0.5,-0.66167,180,0,0,459681
0,20,8,0.5,-0.65897,180,0,0,459703
0,21,11,0.5,-0.656135,180,0,0,459714
0,20,11,0.5,-0.653435,180,0,0,459731
0,22,12,0.5,-0.650465,180,0,0,459747
0,24,13,0.5,-0.647225,180,0,0,459768
0,26,12,0.5,-0.643715,180,0,0,459782
0,57,21,0.5,-0.63602,180,0,0,459806
0,31,9,0.5,-0.631835,180,0,0,459819
0,32,8,0.5,-0.627515,180,0,0,459831
0,32,8,0.5,-0.623195,180,0,0,459849
0,35,8,0.5,-0.61847,180,0,0,459866
0,35,9,0.5,-0.613745,180,0,0,459883
0,32,9,0.5,-0.609425,180,0,0,459901
0,29,8,0.5,-0.60551,180,0,0,459913
0,28,8,0.5,-0.60173,180,0,0,459930
0,25,7,0.5,-0.598355,180,0,0,459949
0,26,9,0.5,-0.594845,180,0,0,459968
0,26,10,0.5,-0.591335,180,0,0,459984
0,26,12,0.5,-0.587825,180,0,0,460001
0,30,14,0.5,-0.583775,180,0,0,460021
0,29,13,0.5,-0.57986,180,0,0,460033
0,33,13,0.5,-0.575405,180,0,0,460050
0,33,11,0.5,-0.57095,180,0,0,460066
0,34,10,0.5,-0.56636,180,0,0,460083
0,34,8,0.5,-0.56177,180,0,0,460097
0,35,7,0.5,-0.557045,180,0,0,460113
0,36,7,0.5,-0.552185,180,0,0,460132
0,37,7,0.5,-0.54719,180,0,0,460148
0,37,7,0.5,-0.542195,180,0,0,460164
0,65,12,0.5,-0.53342,180,0,0,460184
0,28,0,0.5,-0.52964,180,0,0,460195
0,24,13,0.5,-0.5264,180,0,0,460216
0,25,9,0.5,-0.523025,180,0,0,460231
0,25,11,0.5,-0.51965,180,0,0,460250
0,27,13,0.5,-0.516005,180,0,0,460269
0,30,13,0.5,-0.511955,180,0,0,460284
0,30,12,0.5,-0.507905,180,0,0,460298
0,31,11,0.5,-0.50372,180,0,0,460315
0,34,9,0.5,-0.49913,180,0,0,460331
0,33,7,0.5,-0.494675,180,0,0,460351
0,36,7,0.5,-0.489815,180,0,0,460367
0,34,6,0.5,-0.485225,180,0,0,460380
0,39,7,0.5,-0.47996,180,0,0,460397
0,38,7,0.5,-0.47483,180,0,0,460413
0,39,7,0.5,-0.469565,180,0,0,460430
0,37,7,0.5,-0.46457,180,0,0,460448
0,33,6,0.5,-0.460115,180,0,0,460464
0,32,8,0.5,-0.455795,180,0,0,460481
0,29,8,0.5,-0.45188,180,0,0,460503
0,30,10,0.5,-0.44783,180,0,0,460516
0,29,11,0.5,-0.443915,180,0,0,460533
0,33,12,0.5,-0.43946,180,0,0,460549
0,33,11,0.5,-0.435005,180,0,0,460567
0,34,9,0.5,-0.430415,180,0,0,460582
0,72,8,0.5,-0.420695,180,0,0,460599
0,35,11,0.5,-0.41597,180,0,0,460616
0,32,4,0.5,-0.41165,180,0,0,460629
0,31,4,0.5,-0.407465,180,0,0,460648
0,29,4,0.5,-0.40355,180,0,0,460663
0,28,4,0.5,-0.39977,180,0,0,460681
0,27,4,0.5,-0.396125,180,0,0,460696
0,26,4,0.5,-0.392615,180,0,0,460718
0,25,4,0.5,-0.38924,180,0,0,460730
0,26,4,0.5,-0.38573,180,0,0,460747
0,29,6,0.5,-0.381815,180,0,0,460763
0,32,5,0.5,-0.377495,180,0,0,460782
0,35,5,0.5,-0.37277,180,0,0,460797
0,36,3,0.5,-0.36791,180,0,0,460812
0,39,3,0.5,-0.362645,180,0,0,460829
0,39,2,0.5,-0.35738,180,0,0,460846
0,35,3,0.5,-0.352655,180,0,0,460864
0,32,2,0.5,-0.348335,180,0,0,460882
0,30,2,0.5,-0.344285,180,0,0,460896
0,29,1,0.5,-0.34037,180,0,0,460913
0,30,1,0.5,-0.33632,180,0,0,460929
0,28,2,0.5,-0.33254,180,0,0,460948
0,26,2,0.5,-0.32903,180,0,31,460969
0,25,2,0.5,-0.325655,180,0,0,460982
0,27,4,0.5,-0.32201,180,0,0,460997
0,55,11,0.5,-0.314585,180,0,0,461016
0,0,0,0.5,-0.314585,180,0,0,461030
0,67,13,0.5,-0.30554,180,0,0,461050
0,37,7,0.5,-0.300545,180,0,0,461066
0,37,6,0.5,-0.29555,180,0,0,461080
0,36,6,0.5,-0.29069,180,0,0,461102
0,35,5,0.5,-0.285965,180,0,0,461113
0,33,4,0.5,-0.28151,180,0,0,461136
0,32,3,0.5,-0.27719,180,0,0,461149
0,29,2,0.5,-0.273275,180,0,0,461162
0,27,2,0.5,-0.26963,180,0,0,461180
0,25,3,0.5,-0.266255,180,0,0,461197
0,24,4,0.5,-0.263015,180,0,0,461213
0,25,5,0.5,-0.25964,180,0,0,461233
0,24,5,0.5,-0.2564,180,0,0,461248
0,27,5,0.5,-0.252755,180,0,0,461263
0,30,6,0.5,-0.248705,180,0,0,461280
0,28,6,0.5,-0.244925,180,0,0,461297
0,32,8,0.5,-0.240605,180,0,0,461317
0,30,8,0.5,-0.236555,180,0,0,461333
0,33,9,0.5,-0.2321,180,0,0,461347
0,33,9,0.5,-0.227645,180,0,0,461364
0,63,16,0.5,-0.21914,180,0,0,461384
0,30,9,0.5,-0.21509,180,0,0,461402
0,31,6,0.5,-0.210905,180,0,0,461415
0,30,4,0.5,-0.206855,180,0,0,461435
0,30,3,0.5,-0.202805,180,0,0,461447
0,27,2,0.5,-0.19916,180,0,0,461465
0,27,2,0.5,-0.195515,180,0,0,461480
0,26,2,0.5,-0.192005,180,0,0,461496
0,23,2,0.5,-0.1889,180,0,0,461515
0,23,2,0.5,-0.185795,180,0,0,461534
0,19,2,0.5,-0.18323,180,0,0,461546
0,19,0,0.5,-0.180665,180,0,0,461563
0,19,0,0.5,-0.1781,180,0,0,461583
0,19,1,0.5,-0.175535,180,0,0,461596
0,21,2,0.5,-0.1727,180,0,0,461616
0,24,4,0.5,-0.16946,180,0,0,461635
0,27,4,0.5,-0.165815,180,0,0,461647
0,31,4,0.5,-0.16163,180,0,0,461665
0,34,4,0.5,-0.15704,180,0,0,461680
0,37,4,0.5,-0.152045,180,0,0,461696
0,37,4,0.5,-0.14705,180,0,0,461713
0,36,3,0.5,-0.14219,180,0,0,461731
0,67,2,0.5,-0.133145,180,0,0,461748
0,0,0,0.5,-0.133145,180,0,0,461761
0,32,0,0.5,-0.128825,180,0,0,461778
0,31,0,0.5,-0.12464,180,0,0,461796
0,49,1,0.5,-0.118025,180,0,0,461815
0,20,2,0.5,-0.115325,180,0,0,461829
0,18,1,0.5,-0.112895,180,0,0,461845
0,19,2,0.5,-0.11033,180,0,0,461864
0,20,3,0.5,-0.10763,180,0,0,461883
0,20,3,0.5,-0.10493,180,0,0,461895
0,24,3,0.5,-0.10169,180,0,0,461913
0,24,3,0.5,-0.09845,180,0,0,461930
0,22,3,0.5,-0.09548,180,0,31,461948
0,23,2,0.5,-0.092375,180,0,31,461965
0,24,1,0.5,-0.089135,180,0,0,461980
0,27,0,0.5,-0.08549,180,0,0,461995
0,31,0,0.5,-0.081305,180,0,0,462013
0,32,-1,0.5,-0.076985,180,0,0,462029
0,33,-2,0.5,-0.07253,180,0,0,462047
0,32,-3,0.5,-0.06821,180,0,0,462062
0,28,-4,0.5,-0.06443,180,0,0,462084
0,25,-4,0.5,-0.061055,180,0,0,462096
0,21,-3,0.5,-0.05822,180,0,0,462113
0,18,-3,0.5,-0.05579,180,0,0,462132
0,15,-2,0.5,-0.053765,180,0,0,462147
0,13,-2,0.5,-0.05201,180,0,0,462163
0,14,0,0.5,-0.05012,180,0,0,462178
0,30,3,0.5,-0.04607,180,0,0,462201
0,20,3,0.5,-0.04337,180,0,0,462218
0,21,3,0.5,-0.040535,180,0,0,462229
0,23,3,0.5,-0.03743,180,0,0,462248
0,25,2,0.5,-0.034055,180,0,0,462263
0,26,0,0.5,-0.030545,180,0,0,462281
0,25,0,0.5,-0.02717,180,0,31,462298
0,27,0,0.5,-0.023525,180,0,31,462313
0,27,0,0.5,-0.01988,180,0,0,462328
0,26,-2,0.5,-0.01637,180,0,0,462346
0,28,-3,0.5,-0.01259,180,0,0,462363
0,27,-4,0.5,-0.008945,180,0,0,462380
0,23,-5,0.5,-0.00584,180,0,0,462400
0,19,-4,0.5,-0.003275,180,0,0,462413
0,15,-4,0.5,-0.00125,180,0,0,462434
0,14,-4,0.5,0.00064,180,0,0,462449
0,12,-4,0.5,0.00226,180,0,0,462464
0,13,-3,0.5,0.004015,180,0,0,462479
0,17,-2,0.5,0.00631,180,0,0,462496
0,20,-1,0.5,0.00901,180,0,0,462512
0,24,0,0.5,0.01225,180,0,0,462530
0,24,0,0.5,0.01549,180,0,0,462545
0,25,0,0.5,0.018865,180,0,0,462563
0,25,0,0.5,0.02224,180,0,0,462578
0,25,0,0.5,0.025615,180,0,0,462596
0,52,0,0.5,0.032635,180,0,31,462612
0,27,0,0.5,0.03628,180,0,0,462628
0,26,-2,0.5,0.03979,180,0,0,462647
0,25,-3,0.5,0.043165,180,0,0,462663
0,23,-5,0.5,0.04627,180,0,0,462681
0,19,-5,0.5,0.048835,180,0,0,462696
0,19,-7,0.5,0.0514,180,0,0,462713
0,16,-5,0.5,0.05356,180,0,0,462732
0,16,-4,0.5,0.05572,180,0,0,462748
0,19,-3,0.5,0.058285,180,0,0,462764
0,21,-3,0.5,0.06112,180,0,0,462779
0,26,-3,0.5,0.06463,180,0,0,462799
0,26,-2,0.5,0.06814,180,0,0,462815
0,26,-2,0.5,0.07165,180,0,0,462831
0,26,-2,0.5,0.07516,180,0,0,462847
0,24,0,0.5,0.0784,180,0,0,462864
0,23,-1,0.5,0.081505,180,0,0,462879
0,23,-1,0.5,0.08461,180,0,0,462896
0,21,0,0.5,0.087445,180,0,31,462914
0,18,-1,0.5,0.089875,180,0,31,462929
0,29,-4,0.5,0.09379,180,0,0,462956
0,11,-5,0.5,0.095275,180,0,0,462970
0,0,0,0.5,0.095275,180,0,0,462978
0,10,-5,0.5,0.096625,180,0,0,462996
0,21,-10,0.5,0.09946,180,0,0,463020
0,11,-4,0.5,0.100945,180,0,0,463030
0,12,-3,0.5,0.102565,180,0,0,463047
0,12,-2,0.5,0.104185,180,0,0,463063
0,10,-2,0.5,0.105535,180,0,0,463084
0,10,-2,0.5,0.106885,180,0,0,463100
0,11,-4,0.5,0.10837,180,0,0,463116
0,12,-4,0.5,0.10999,180,0,0,463130
0,18,-5,0.5,0.11242,180,0,0,463148
0,22,-5,0.5,0.11539,180,0,0,463164
0,25,-4,0.5,0.118765,180,0,0,463180
0,27,-3,0.5,0.12241,180,0,0,463201
0,27,-3,0.5,0.126055,180,0,0,463217
0,28,-3,0.5,0.129835,180,0,0,463230
0,26,-2,0.5,0.133345,180,0,0,463248
0,25,-2,0.5,0.13672,180,0,0,463264
0,24,-3,0.5,0.13996,180,0,0,463283
0,48,-9,0.5,0.14644,180,0,0,463302
0,0,0,0.5,0.14644,180,0,0,463316
0,23,-7,0.5,0.149545,180,0,0,463330
0,20,-7,0.5,0.152245,180,0,0,463348
0,17,-8,0.5,0.15454,180,0,0,463364
0,29,-16,0.5,0.158455,180,0,0,463383
0,11,-8,0.5,0.15994,180,0,0,463399
0,13,-7,0.5,0.161695,180,0,0,463416
0,13,-6,0.5,0.16345,180,0,0,463440
0,18,-4,0.5,0.16588,180,0,0,463447
0,18,-3,0.5,0.16831,180,0,0,463463
0,20,-2,0.5,0.17101,180,0,0,463481
0,19,-1,0.5,0.173575,180,0,0,463498
0,17,0,0.5,0.17587,180,0,0,463513
0,19,0,0.5,0.178435,180,0,0,463530
0,19,0,0.5,0.181,180,0,0,463547
0,22,-2,0.5,0.18397,180,0,0,463564
0,21,-3,0.5,0.186805,180,0,31,463584
0,22,-4,0.5,0.189775,180,0,31,463602
0,23,-5,0.5,0.19288,180,0,0,463619
0,21,-5,0.5,0.195715,180,0,0,463632
0,19,-6,0.5,0.19828,180,0,0,463648
0,19,-6,0.5,0.200845,180,0,0,463666
0,16,-6,0.5,0.203005,180,0,0,463682
0,26,-12,0.5,0.206515,180,0,31,463706
0,12,-7,0.5,0.208135,180,0,31,463721
0,0,0,0.5,0.208135,180,0,31,463731
0,12,-6,0.5,0.209755,180,0,31,463749
0,26,-9,0.5,0.213265,180,0,0,463768
0,11,-2,0.5,0.21475,180,0,0,463783
0,10,-1,0.5,0.2161,180,0,0,463799
0,9,0,0.5,0.217315,180,0,0,463814
0,7,-1,0.5,0.21826,180,0,0,463830
0,8,-1,0.5,0.21934,180,0,0,463848
0,10,-3,0.5,0.22069,180,0,0,463864
0,12,-4,0.5,0.22231,180,0,31,463882
0,13,-6,0.5,0.224065,180,0,31,463903
0,15,-6,0.5,0.22609,180,0,31,463919
0,17,-6,0.5,0.228385,180,0,0,463935
0,20,-6,0.5,0.231085,180,0,0,463953
0,21,-5,0.5,0.23392,180,0,0,463966
0,22,-5,0.5,0.23689,180,0,0,463985
0,21,-5,0.5,0.239725,180,0,0,464002
0,20,-6,0.5,0.242425,180,0,0,464017
0,19,-6,0.5,0.24499,180,0,0,464033
0,16,-6,0.5,0.24715,180,0,0,464050
0,14,-4,0.5,0.24904,180,0,0,464066
0,14,-3,0.5,0.25093,180,0,0,464081
0,24,-2,0.5,0.25417,180,0,0,464101
0,0,0,0.5,0.25417,180,0,0,464114
0,8,-1,0.5,0.25525,180,0,0,464132
0,7,-1,0.5,0.256195,180,1,31,464149
0,17,-7,0.5,0.25849,180,1,31,464167
0,10,-5,0.5,0.25984,180,1,31,464186
0,11,-6,0.5,0.261325,180,0,31,464206
0,12,-6,0.5,0.262945,180,0,0,464220
0,11,-7,0.5,0.26443,180,0,0,464235
0,9,-7,0.5,0.265645,180,0,0,464251
0,9,-6,0.5,0.26686,180,0,0,464269
0,10,-5,0.5,0.26821,180,0,0,464283
0,11,-4,0.5,0.269695,180,0,0,464299
0,15,-4,0.5,0.27172,180,0,0,464319
0,16,-4,0.5,0.27388,180,0,0,464334
0,14,-3,0.5,0.27577,180,0,0,464352
0,12,-3,0.5,0.27739,180,0,0,464365
0,10,-3,0.5,0.27874,180,0,31,464382
0,7,-2,0.5,0.279685,180,0,31,464400
0,4,-1,0.5,0.280225,180,0,31,464416
0,2,-1,0.5,0.280495,180,0,0,464434
0,0,-1,0.5,0.280495,180,0,0,464453
0,-2,-1,0.5,0.280225,180,0,0,464465
0,-2,-2,0.5,0.279955,180,0,0,464482
0,-2,-2,0.5,0.279685,180,0,0,464501
0,-1,-1,0.5,0.27955,180,0,0,464516
0,-6,-2,0.5,0.27874,180,0,0,464532
0,-4,0,0.5,0.2782,180,0,0,464549
0,-1,-1,0.5,0.278065,180,0,31,464565
0,0,-2,0.5,0.278065,180,0,31,464584
0,2,-3,0.5,0.278335,180,0,0,464600
0,2,-4,0.5,0.278605,180,0,0,464616
0,2,-3,0.5,0.278875,180,0,0,464634
0,3,-3,0.5,0.27928,180,0,0,464649
0,3,-3,0.5,0.279685,180,0,31,464667
0,3,-2,0.5,0.28009,180,0,31,464685
0,2,-1,0.5,0.28036,180,0,0,464703
0,0,-2,0.5,0.28036,180,0,0,464720
0,0,-1,0.5,0.28036,180,0,0,464732
0,0,0,0.5,0.28036,180,0,0,464749
0,-3,0,0.5,0.279955,180,0,31,464766
0,-2,0,0.5,0.279685,180,0,31,464782
0,-5,0,0.5,0.27901,180,0,0,464804
0,0,0,0.5,0.27901,180,0,0,464815
0,-2,0,0.5,0.27874,180,0,0,464835
0,0,0,0.5,0.27874,180,0,0,464851
0,0,0,0.5,0.27874,180,0,31,464867
0,1,-1,0.5,0.278875,180,0,31,464882
0,1,-2,0.5,0.27901,180,0,0,464906
0,0,-2,0.5,0.27901,180,0,0,464918
0,0,-2,0.5,0.27901,180,0,0,464937
0,0,-1,0.5,0.27901,180,0,0,464949
0,1,-1,0.5,0.279145,180,0,31,464966
0,1,-1,0.5,0.27928,180,0,31,464983
0,1,-1,0.5,0.279415,180,0,31,464999
0,0,-1,0.5,0.279415,180,0,0,465018
0,0,-1,0.5,0.279415,180,0,0,465035
0,0,-1,0.5,0.279415,180,0,0,465049
0,0,0,0.5,0.279415,180,0,0,465066
0,1,0,0.5,0.27955,180,0,31,465087
0,0,0,0.5,0.27955,180,0,31,465100
0,1,-1,0.5,0.279685,180,0,0,465118
0,0,-1,0.5,0.279685,180,0,0,465134
0,0,0,0.5,0.279685,180,0,0,465151
0,0,0,0.5,0.279685,180,0,0,465166
0,0,0,0.5,0.279685,180,0,0,465183
0,1,0,0.5,0.27982,180,0,31,465202
0,0,0,0.5,0.27982,180,0,31,465216
0,0,-1,0.5,0.27982,180,0,0,465234
0,-1,-1,0.5,0.279685,180,0,0,465251
0,-2,0,0.5,0.279415,180,0,0,465270
0,-1,0,0.5,0.27928,180,0,0,465282
0,0,0,0.5,0.27928,180,0,31,465299
0,2,0,0.5,0.27955,180,0,31,465317
0,1,0,0.5,0.279685,180,0,31,465334
0,0,0,0.5,0.279685,180,0,0,465353
0,0,0,0.5,0.279685,180,0,0,465369
0,-1,-1,0.5,0.27955,180,0,0,465385
0,0,0,0.5,0.27955,180,0,0,465400
0,0,0,0.5,0.27955,180,0,31,465417
0,1,0,0.5,0.279685,180,0,31,465434
0,1,0,0.5,0.27982,180,0,31,465450
0,0,0,0.5,0.27982,180,0,0,465467
0,-1,0,0.5,0.279685,180,0,0,465483
0,-3,0,0.5,0.27928,180,0,0,465502
0,0,0,0.5,0.27928,180,0,0,465517
0,0,0,0.5,0.27928,180,0,31,465533
0,0,1,0.5,0.27928,180,0,31,465551
0,1,1,0.5,0.279415,180,0,31,465567
0,0,0,0.5,0.279415,180,0,0,465585
0,-2,0,0.5,0.279145,180,0,0,465604
0,-2,0,0.5,0.278875,180,0,0,465617
0,-2,0,0.5,0.278605,180,0,0,465634
0,-2,0,0.5,0.278335,180,0,0,465650
0,-1,0,0.5,0.2782,180,0,31,465667
0,0,0,0.5,0.2782,180,0,31,465684
0,-1,0,0.5,0.278065,180,0,0,465702
0,-2,0,0.5,0.277795,180,0,0,465717
0,-2,0,0.5,0.277525,180,0,0,465736
0,-1,0,0.5,0.27739,180,0,0,465754
0,-2,1,0.5,0.27712,180,0,0,465767
0,-2,0,0.5,0.27685,180,0,31,465785
0,-1,0,0.5,0.276715,180,0,31,465801
0,-2,0,0.5,0.276445,180,0,0,465817
0,-3,0,0.5,0.27604,180,0,0,465836
0,-6,0,0.5,0.27523,180,0,0,465855
0,-6,0,0.5,0.27442,180,0,0,465868
0,-9,0,0.5,0.273205,180,0,0,465884
0,-9,0,0.5,0.27199,180,0,0,465901
0,-11,-1,0.5,0.270505,180,0,31,465920
0,-12,-1,0.5,0.268885,180,0,31,465939
0,-13,0,0.5,0.26713,180,0,0,465952
0,-14,0,0.5,0.26524,180,0,0,465968
0,-15,-1,0.5,0.263215,180,0,0,465987
0,-16,0,0.5,0.261055,180,0,0,466003
0,-16,0,0.5,0.258895,180,0,0,466020
0,-13,0,0.5,0.25714,180,0,0,466035
0,-11,2,0.5,0.255655,180,0,0,466051
0,-8,2,0.5,0.254575,180,0,0,466070
0,-8,4,0.5,0.253495,180,0,0,466089
0,-1,3,0.5,0.25336,180,0,0,466103
0,1,3,0.5,0.253495,180,0,0,466119
0,2,2,0.5,0.253765,180,0,0,466135
0,2,3,0.5,0.254035,180,0,0,466157
0,3,2,0.5,0.25444,180,0,0,466173
0,1,2,0.5,0.254575,180,0,0,466186
0,2,2,0.5,0.254845,180,0,0,466201
0,0,2,0.5,0.254845,180,0,0,466220
0,0,3,0.5,0.254845,180,0,0,466238
0,2,3,0.5,0.255115,180,0,0,466254
0,4,4,0.5,0.255655,180,0,0,466274
0,8,4,0.5,0.256735,180,0,0,466288
0,11,5,0.5,0.25822,180,0,0,466303
0,13,5,0.5,0.259975,180,0,0,466323
0,12,4,0.5,0.261595,180,0,0,466337
0,12,4,0.5,0.263215,180,0,0,466355
0,12,4,0.5,0.264835,180,0,0,466370
0,8,4,0.5,0.265915,180,0,0,466393
0,5,6,0.5,0.26659,180,0,0,466403
0,9,12,0.5,0.267805,180,0,0,466425
0,0,0,0.5,0.267805,180,0,0,466435
0,21,8,0.5,0.27064,180,0,0,466455
0,13,13,0.5,0.272395,180,0,0,466477
0,11,7,0.5,0.27388,180,0,0,466492
0,9,7,0.5,0.275095,180,0,0,466506
0,7,8,0.5,0.27604,180,0,0,466523
0,5,7,0.5,0.276715,180,0,0,466538
0,4,6,0.5,0.277255,180,0,0,466555
0,2,6,0.5,0.277525,180,0,0,466571
0,2,6,0.5,0.277795,180,0,0,466588
0,0,7,0.5,0.277795,180,0,0,466604
0,0,7,0.5,0.277795,180,0,0,466622
0,0,8,0.5,0.277795,180,0,0,466641
0,2,9,0.5,0.278065,180,0,0,466656
0,5,9,0.5,0.27874,180,0,0,466676
0,7,9,0.5,0.279685,180,0,0,466695
0,9,8,0.5,0.2809,180,0,0,466706
0,11,9,0.5,0.282385,180,0,0,466724
0,12,8,0.5,0.284005,180,0,0,466740
0,16,9,0.5,0.286165,180,0,0,466760
0,18,9,0.5,0.288595,180,0,0,466771
0,41,9,0.5,0.29413,180,0,0,466791
0,24,19,0.5,0.29737,180,0,0,466812
0,24,1,0.5,0.30061,180,0,0,466820
0,23,14,0.5,0.303715,180,0,0,466840
0,20,5,0.5,0.306415,180,0,0,466856
0,18,0,0.5,0.308845,180,0,0,466869
0,15,12,0.5,0.31087,180,0,0,466893
0,16,8,0.5,0.31303,180,0,0,466909
0,17,10,0.5,0.315325,180,0,0,466924
0,17,11,0.5,0.31762,180,0,0,466945
0,16,12,0.5,0.31978,180,0,0,466959
0,16,13,0.5,0.32194,180,0,0,466976
0,17,13,0.5,0.324235,180,0,0,466994
0,18,11,0.5,0.326665,180,0,0,467010
0,21,12,0.5,0.3295,180,0,0,467023
0,21,11,0.5,0.332335,180,0,0,467041
0,25,11,0.5,0.33571,180,0,0,467060
0,26,12,0.5,0.33922,180,0,0,467076
0,27,12,0.5,0.342865,180,0,0,467096
0,26,13,0.5,0.346375,180,0,0,467110
0,23,11,0.5,0.34948,180,0,0,467122
0,22,10,0.5,0.35245,180,0,0,467142
0,41,19,0.5,0.357985,180,0,0,467169
0,18,12,0.5,0.360415,180,0,0,467181
0,18,14,0.5,0.362845,180,0,0,467195
0,19,16,0.5,0.36541,180,0,0,467217
0,19,14,0.5,0.367975,180,0,0,467228
0,23,14,0.5,0.37108,180,0,0,467244
0,24,12,0.5,0.37432,180,0,0,467259
0,28,11,0.5,0.3781,180,0,0,467275
0,29,11,0.5,0.382015,180,0,0,467292
0,33,12,0.5,0.38647,180,0,0,467309
0,37,14,0.5,0.391465,180,0,0,467325
0,35,13,0.5,0.39619,180,0,0,467341
0,33,12,0.5,0.400645,180,0,0,467360
0,29,11,0.5,0.40456,180,0,0,467379
0,25,11,0.5,0.407935,180,0,0,467394
0,22,11,0.5,0.410905,180,0,0,467407
0,21,14,0.5,0.41374,180,0,0,467428
0,21,15,0.5,0.416575,180,0,0,467448
0,21,16,0.5,0.41941,180,0,0,467460
0,25,15,0.5,0.422785,180,0,0,467480
0,28,14,0.5,0.426565,180,0,0,467494
0,31,12,0.5,0.43075,180,0,0,467510
0,35,12,0.5,0.435475,180,0,0,467526
0,75,27,0.5,0.4456,180,0,0,467551
0,38,15,0.5,0.45073,180,0,0,467563
0,31,13,0.5,0.454915,180,0,0,467579
0,26,12,0.5,0.458425,180,0,0,467595
0,23,12,0.5,0.46153,180,0,0,467609
0,20,14,0.5,0.46423,180,0,0,467627
0,17,15,0.5,0.466525,180,0,0,467642
0,21,17,0.5,0.46936,180,0,0,467660
0,20,16,0.5,0.47206,180,0,0,467684
0,24,16,0.5,0.4753,180,0,0,467700
0,25,13,0.5,0.478675,180,0,0,467715
0,29,12,0.5,0.48259,180,0,0,467727
0,31,11,0.5,0.486775,180,0,0,467741
0,33,12,0.5,0.49123,180,0,0,467763
0,36,13,0.5,0.49609,180,0,0,467781
0,35,12,0.5,0.500815,180,0,0,467793
0,31,12,0.5,0.505,180,0,0,467809
0,27,10,0.5,0.508645,180,0,0,467830
0,24,11,0.5,0.511885,180,0,0,467846
0,22,11,0.5,0.514855,180,0,0,467865
0,22,14,0.5,0.517825,180,0,0,467880
0,20,16,0.5,0.520525,180,0,0,467894
0,22,17,0.5,0.523495,180,0,0,467911
0,24,17,0.5,0.526735,180,0,0,467928
0,55,29,0.5,0.53416,180,0,0,467951
0,0,0,0.5,0.53416,180,0,0,467955
0,64,13,0.5,0.5428,180,0,0,467982
0,36,24,0.5,0.54766,180,0,0,467998
0,35,13,0.5,0.552385,180,0,0,468012
0,33,11,0.5,0.55684,180,0,0,468026
0,28,9,0.5,0.56062,180,0,0,468047
0,26,9,0.5,0.56413,180,0,0,468061
0,27,10,0.5,0.567775,180,0,0,468082
0,25,11,0.5,0.57115,180,0,0,468092
0,25,12,0.5,0.574525,180,0,0,468112
0,27,14,0.5,0.57817,180,0,0,468128
0,27,13,0.5,0.581815,180,0,0,468144
0,30,13,0.5,0.585865,180,0,0,468162
0,32,12,0.5,0.590185,180,0,0,468176
0,36,11,0.5,0.595045,180,0,0,468194
0,36,10,0.5,0.599905,180,0,0,468211
0,38,11,0.5,0.605035,180,0,0,468227
0,39,11,0.5,0.6103,180,0,0,468244
0,36,10,0.5,0.61516,180,0,0,468262
0,34,10,0.5,0.61975,180,0,0,468277
0,31,10,0.5,0.623935,180,0,0,468291
0,29,11,0.5,0.62785,180,0,0,468315
0,60,30,0.5,0.63595,180,0,0,468333
0,36,16,0.5,0.64081,180,0,0,468351
0,36,14,0.5,0.64567,180,0,0,468368
0,36,12,0.5,0.65053,180,0,0,468380
0,39,11,0.5,0.655795,180,0,0,468397
0,40,11,0.5,0.661195,180,0,0,468411
0,43,11,0.5,0.667,180,0,0,468427
0,40,11,0.5,0.6724,180,0,0,468445
0,36,10,0.5,0.67726,180,0,0,468459
0,32,10,0.5,0.68158,180,0,0,468478
0,29,11,0.5,0.685495,180,0,0,468494
0,27,11,0.5,0.68914,180,0,0,468511
0,27,13,0.5,0.692785,180,0,0,468529
0,28,14,0.5,0.696565,180,0,0,468549
0,30,14,0.5,0.700615,180,0,0,468565
0,33,14,0.5,0.70507,180,0,0,468579
0,32,13,0.5,0.70939,180,0,0,468596
0,34,11,0.5,0.71,180,0,0,468611
