-7,10,86,0.5,-0.70865,180,0,0,132654
-3,38,43,0.5,-0.70352,180,0,0,132677
0,26,39,0.5,-0.70001,180,0,0,132691
0,25,19,0.5,-0.696635,180,0,0,132703
1,28,19,0.5,-0.692855,180,0,0,132716
0,0,0,0.5,-0.692855,180,0,0,132722
-1,24,15,0.5,-0.689615,180,0,0,132737
0,19,15,0.5,-0.68705,180,0,0,132754
1,10,16,0.5,-0.6857,180,0,0,132773
-6,6,14,0.5,-0.68489,180,0,0,132788
0,2,18,0.5,-0.68462,180,0,0,132809
-1,0,19,0.5,-0.68462,180,0,0,132822
-1,0,17,0.5,-0.68462,180,0,0,132840
-5,10,36,0.5,-0.68327,180,0,0,132865
0,13,18,0.5,-0.681515,180,0,0,132877
0,18,18,0.5,-0.679085,180,0,0,132890
0,22,17,0.5,-0.676115,180,0,0,132906
0,24,16,0.5,-0.672875,180,0,0,132924
-6,22,13,0.5,-0.669905,180,0,0,132939
3,19,15,0.5,-0.66734,180,0,0,132954
-3,15,13,0.5,-0.665315,180,0,0,132971
0,11,15,0.5,-0.66383,180,0,0,132989
0,8,16,0.5,-0.66275,180,0,0,133007
-4,4,16,0.5,-0.66221,180,0,0,133023
-8,1,19,0.5,-0.662075,180,0,0,133038
2,1,24,0.5,-0.66194,180,0,0,133056
0,5,21,0.5,-0.661265,180,0,0,133074
-3,11,20,0.5,-0.65978,180,0,0,133090
0,15,21,0.5,-0.657755,180,0,0,133107
3,20,23,0.5,-0.655055,180,0,0,133125
-3,22,19,0.5,-0.652085,180,0,0,133138
0,20,19,0.5,-0.649385,180,0,0,133155
-3,20,16,0.5,-0.646685,180,0,0,133172
3,14,18,0.5,-0.644795,180,0,0,133191
-4,8,14,0.5,-0.643715,180,0,0,133207
1,3,17,0.5,-0.64331,180,0,0,133225
-4,0,18,0.5,-0.64331,180,0,0,133240
0,2,20,0.5,-0.64304,180,0,0,133257
2,7,23,0.5,-0.642095,180,0,0,133274
-5,27,22,0.5,-0.63845,180,0,0,133290
7,15,35,0.5,-0.636425,180,0,0,133314
1,23,22,0.5,-0.63332,180,0,0,133329
1,23,21,0.5,-0.630215,180,0,0,133343
0,22,22,0.5,-0.627245,180,0,0,133356
0,17,19,0.5,-0.62495,180,0,0,133374
0,15,17,0.5,-0.622925,180,0,0,133389
1,11,16,0.5,-0.62144,180,0,0,133404
-3,8,16,0.5,-0.62036,180,0,0,133422
1,6,21,0.5,-0.61955,180,0,0,133438
0,2,23,0.5,-0.61928,180,0,0,133457
3,1,24,0.5,-0.619145,180,0,0,133472
2,8,24,0.5,-0.618065,180,0,0,133491
-7,13,22,0.5,-0.61631,180,0,0,133508
-5,16,21,0.5,-0.61415,180,0,0,133524
-12,15,16,0.5,-0.612125,180,0,0,133538
0,19,23,0.5,-0.60956,180,0,0,133557
0,22,22,0.5,-0.60659,180,0,0,133575
0,21,22,0.5,-0.603755,180,0,0,133591
4,20,22,0.5,-0.601055,180,0,0,133608
-8,15,14,0.5,-0.59903,180,0,0,133621
2,9,20,0.5,-0.597815,180,0,0,133639
-3,4,19,0.5,-0.597275,180,0,0,133656
-3,5,21,0.5,-0.5966,180,0,0,133675
2,15,48,0.5,-0.594575,180,0,0,133700
-2,15,24,0.5,-0.59255,180,0,0,133715
0,18,24,0.5,-0.59012,180,0,0,133732
0,22,24,0.5,-0.58715,180,0,0,133745
3,22,24,0.5,-0.58418,180,0,0,133760
4,24,24,0.5,-0.58094,180,0,0,133777
-4,23,23,0.5,-0.577835,180,0,0,133793
1,20,24,0.5,-0.575135,180,0,0,133809
4,18,23,0.5,-0.572705,180,0,0,133823
-3,11,21,0.5,-0.57122,180,0,0,133840
-1,8,21,0.5,-0.57014,180,0,0,133858
0,5,24,0.5,-0.569465,180,0,0,133873
-1,1,24,0.5,-0.56933,180,0,0,133891
0,1,24,0.5,-0.569195,180,0,0,133908
0,5,24,0.5,-0.56852,180,0,0,133926
6,11,24,0.5,-0.567035,180,0,0,133943
-2,16,24,0.5,-0.564875,180,0,0,133959
-4,20,23,0.5,-0.562175,180,0,0,133975
2,24,24,0.5,-0.558935,180,0,0,133990
0,24,24,0.5,-0.555695,180,0,0,134009
-3,23,22,0.5,-0.55259,180,0,0,134023
-1,30,39,0.5,-0.54854,180,0,0,134049
0,9,17,0.5,-0.547325,180,0,0,134062
0,6,17,0.5,-0.546515,180,0,0,134076
0,4,0,0.5,-0.545975,180,0,0,134084
0,2,42,0.5,-0.545705,180,0,0,134114
4,0,24,0.5,-0.545705,180,0,0,134130
-1,6,23,0.5,-0.544895,180,0,0,134145
-6,10,21,0.5,-0.543545,180,0,0,134159
0,15,23,0.5,-0.54152,180,0,0,134176
2,19,22,0.5,-0.538955,180,0,0,134190
0,23,21,0.5,-0.53585,180,0,0,134207
-5,27,17,0.5,-0.532205,180,0,0,134221
4,26,20,0.5,-0.528695,180,0,0,134239
1,24,21,0.5,-0.525455,180,0,0,134255
-1,19,16,0.5,-0.52289,180,0,0,134272
0,13,18,0.5,-0.521135,180,0,0,134289
0,13,19,0.5,-0.51938,180,0,0,134305
0,14,21,0.5,-0.51749,180,0,0,134323
0,19,24,0.5,-0.514925,180,0,0,134339
4,17,24,0.5,-0.51263,180,0,0,134357
-2,18,24,0.5,-0.5102,180,0,0,134375
-1,22,24,0.5,-0.50723,180,0,0,134390
0,23,24,0.5,-0.504125,180,0,0,134408
0,26,24,0.5,-0.500615,180,0,0,134423
0,26,24,0.5,-0.497105,180,0,0,134441
0,25,24,0.5,-0.49373,180,0,0,134459
0,23,24,0.5,-0.490625,180,0,0,134474
-1,32,43,0.5,-0.486305,180,0,0,134496
0,6,26,0.5,-0.485495,180,0,0,134512
1,5,24,0.5,-0.48482,180,0,0,134527
-1,8,24,0.5,-0.48374,180,0,0,134541
2,10,24,0.5,-0.48239,180,0,0,134557
0,15,24,0.5,-0.480365,180,0,0,134575
2,22,24,0.5,-0.477395,180,0,0,134591
-2,24,24,0.5,-0.474155,180,0,0,134607
0,27,23,0.5,-0.47051,180,0,0,134623
-4,27,19,0.5,-0.466865,180,0,0,134639
1,27,21,0.5,-0.46322,180,0,0,134656
-1,25,19,0.5,-0.459845,180,0,0,134673
0,18,18,0.5,-0.457415,180,0,0,134692
0,13,17,0.5,-0.45566,180,0,0,134704
2,10,17,0.5,-0.45431,180,0,0,134721
-3,8,18,0.5,-0.45323,180,0,0,134738
0,7,20,0.5,-0.452285,180,0,0,134756
3,15,23,0.5,-0.45026,180,0,0,134773
-16,18,14,0.5,-0.44783,180,0,0,134787
-1,23,20,0.5,-0.444725,180,0,1,134806
0,28,19,0.5,-0.440945,180,0,1,134822
0,33,20,0.5,-0.43649,180,0,0,134839
0,35,18,0.5,-0.431765,180,0,0,134856
0,32,15,0.5,-0.427445,180,0,0,134871
-9,61,18,0.5,-0.41921,180,0,0,134889
0,28,23,0.5,-0.41543,180,0,0,134906
0,29,16,0.5,-0.411515,180,0,0,134921
0,28,16,0.5,-0.407735,180,0,0,134938
-1,31,21,0.5,-0.40355,180,0,0,134955
-2,32,20,0.5,-0.39923,180,0,0,134979
-1,40,21,0.5,-0.39383,180,0,0,134990
3,37,22,0.5,-0.388835,180,0,0,135006
-5,38,18,0.5,-0.383705,180,0,0,135023
-4,38,19,0.5,-0.378575,180,0,0,135040
3,40,23,0.5,-0.373175,180,0,0,135055
0,39,22,0.5,-0.36791,180,0,0,135071
0,31,20,0.5,-0.363725,180,0,0,135088
-3,28,22,0.5,-0.359945,180,0,0,135105
3,26,24,0.5,-0.356435,180,0,0,135123
-2,22,24,0.5,-0.353465,180,0,0,135140
0,18,24,0.5,-0.351035,180,0,0,135155
0,22,24,0.5,-0.348065,180,0,0,135174
-1,20,24,0.5,-0.345365,180,0,0,135191
0,24,24,0.5,-0.342125,180,0,0,135210
0,44,44,0.5,-0.336185,180,0,0,135235
0,18,20,0.5,-0.333755,180,0,0,135248
-7,17,16,0.5,-0.33146,180,0,0,135260
0,0,0,0.5,-0.33146,180,0,0,135267
0,26,27,0.5,-0.32795,180,0,0,135291
-1,16,30,0.5,-0.32579,180,0,1,135309
0,19,18,0.5,-0.323225,180,0,1,135321
2,22,24,0.5,-0.320255,180,0,1,135340
-2,25,18,0.5,-0.31688,180,0,1,135355
0,30,17,0.5,-0.31283,180,0,0,135372
-2,35,16,0.5,-0.308105,180,0,0,135388
1,39,18,0.5,-0.30284,180,0,0,135406
-6,40,13,0.5,-0.29744,180,0,0,135421
4,39,17,0.5,-0.292175,180,0,0,135439
0,34,16,0.5,-0.287585,180,0,0,135456
0,27,16,0.5,-0.28394,180,0,0,135471
0,25,15,0.5,-0.280565,180,0,0,135487
0,24,19,0.5,-0.277325,180,0,1,135506
-6,22,17,0.5,-0.274355,180,0,1,135522
-5,25,22,0.5,-0.27098,180,0,0,135541
-2,27,20,0.5,-0.267335,180,0,0,135556
-1,31,21,0.5,-0.26315,180,0,0,135574
0,38,19,0.5,-0.25802,180,0,0,135589
0,41,20,0.5,-0.252485,180,0,0,135608
-5,44,16,0.5,-0.246545,180,0,0,135622
0,23,9,0.5,-0.24344,180,0,0,135636
0,44,18,0.5,-0.2375,180,1,1,135656
0,43,16,0.5,-0.231695,180,1,1,135672
0,70,19,0.5,-0.222245,180,1,1,135691
0,37,20,0.5,-0.21725,180,0,1,135707
0,42,9,0.5,-0.21158,180,0,0,135720
0,38,31,0.5,-0.20645,180,0,0,135751
0,38,23,0.5,-0.20132,180,0,0,135766
-1,38,23,0.5,-0.19619,180,0,0,135783
-2,33,20,0.5,-0.191735,180,0,0,135793
2,37,24,0.5,-0.18674,180,0,1,135807
-3,4,6,0.5,-0.1862,180,0,1,135818
1,26,21,0.5,-0.18269,180,0,1,135848
-2,22,21,0.5,-0.17972,180,0,1,135859
0,18,20,0.5,-0.17729,180,0,1,135873
0,14,19,0.5,-0.1754,180,0,1,135890
0,8,18,0.5,-0.17432,180,0,1,135906
0,6,17,0.5,-0.17351,180,0,1,135921
-2,3,15,0.5,-0.173105,180,0,1,135938
0,0,16,0.5,-0.173105,180,0,1,135955
-5,-1,10,0.5,-0.17324,180,0,1,135970
1,-2,13,0.5,-0.17351,180,0,1,135989
0,-1,13,0.5,-0.173645,180,0,1,136005
-3,0,11,0.5,-0.173645,180,0,1,136020
2,1,13,0.5,-0.17351,180,0,1,136037
0,0,15,0.5,-0.17351,180,0,1,136055
0,3,15,0.5,-0.173105,180,0,1,136071
0,19,27,0.5,-0.17054,180,0,1,136091
-3,14,18,0.5,-0.16865,180,0,1,136106
0,13,14,0.5,-0.166895,180,0,1,136121
0,17,15,0.5,-0.1646,180,0,1,136138
0,18,14,0.5,-0.16217,180,0,1,136155
-3,20,15,0.5,-0.15947,180,0,1,136171
1,26,17,0.5,-0.15596,180,0,1,136190
0,27,14,0.5,-0.152315,180,0,1,136206
-1,24,14,0.5,-0.149075,180,0,1,136222
2,22,14,0.5,-0.146105,180,0,1,136237
-1,23,11,0.5,-0.143,180,0,1,136253
0,19,11,0.5,-0.140435,180,0,1,136271
-1,16,9,0.5,-0.138275,180,0,1,136286
0,15,8,0.5,-0.13625,180,0,1,136303
0,12,9,0.5,-0.13463,180,0,1,136320
0,11,7,0.5,-0.133145,180,0,1,136335
0,9,6,0.5,-0.13193,180,0,1,136352
2,9,6,0.5,-0.130715,180,0,1,136369
-2,6,4,0.5,-0.129905,180,0,1,136385
0,8,5,0.5,-0.128825,180,0,1,136402
0,7,6,0.5,-0.12788,180,0,1,136419
0,7,5,0.5,-0.126935,180,0,1,136436
0,5,6,0.5,-0.12626,180,0,1,136453
0,3,9,0.5,-0.125855,180,0,1,136470
0,3,10,0.5,-0.12545,180,0,0,136487
2,17,26,0.5,-0.123155,180,0,0,136508
-4,13,13,0.5,-0.1214,180,0,0,136521
0,15,14,0.5,-0.119375,180,0,0,136538
0,14,13,0.5,-0.117485,180,0,1,136555
-2,15,11,0.5,-0.11546,180,0,1,136572
1,14,11,0.5,-0.11357,180,0,1,136588
0,14,9,0.5,-0.11168,180,0,1,136604
0,13,8,0.5,-0.109925,180,0,0,136620
0,11,6,0.5,-0.10844,180,0,0,136635
-9,8,2,0.5,-0.10736,180,0,0,136651
0,9,6,0.5,-0.106145,180,0,0,136669
4,7,7,0.5,-0.1052,180,0,1,136686
1,9,4,0.5,-0.103985,180,0,1,136701
0,8,5,0.5,-0.102905,180,0,1,136718
1,7,7,0.5,-0.10196,180,0,1,136736
-7,9,1,0.5,-0.100745,180,0,1,136751
-3,10,4,0.5,-0.099395,180,0,1,136768
0,9,6,0.5,-0.09818,180,0,1,136785
4,11,8,0.5,-0.096695,180,0,1,136803
0,12,5,0.5,-0.095075,180,0,1,136819
-3,12,4,0.5,-0.093455,180,0,1,136835
-1,12,4,0.5,-0.091835,180,0,1,136853
4,10,4,0.5,-0.090485,180,0,1,136868
-3,5,3,0.5,-0.08981,180,0,1,136885
3,3,6,0.5,-0.089405,180,0,1,136903
-4,0,15,0.5,-0.089405,180,0,1,136921
0,5,10,0.5,-0.08873,180,0,1,136938
-4,10,8,0.5,-0.08738,180,0,1,136954
-7,11,6,0.5,-0.085895,180,0,1,136969
-1,12,8,0.5,-0.084275,180,0,1,136985
0,12,7,0.5,-0.082655,180,0,1,137002
0,13,5,0.5,-0.0809,180,0,1,137019
0,11,3,0.5,-0.079415,180,0,1,137035
0,9,3,0.5,-0.0782,180,0,1,137053
0,6,1,0.5,-0.07739,180,0,1,137067
-2,4,1,0.5,-0.07685,180,0,1,137084
0,4,1,0.5,-0.07631,180,0,1,137101
-4,1,-1,0.5,-0.076175,180,0,1,137118
1,1,1,0.5,-0.07604,180,0,1,137134
0,1,1,0.5,-0.075905,180,0,1,137151
0,1,0,0.5,-0.07577,180,0,1,137167
0,2,1,0.5,-0.0755,180,0,1,137184
0,2,1,0.5,-0.07523,180,0,1,137201
0,3,1,0.5,-0.074825,180,0,1,137220
0,4,1,0.5,-0.074285,180,0,1,137234
0,6,1,0.5,-0.073475,180,0,1,137253
0,7,1,0.5,-0.07253,180,0,1,137268
0,7,1,0.5,-0.071585,180,0,1,137284
0,7,2,0.5,-0.07064,180,0,1,137301
0,13,4,0.5,-0.068885,180,0,0,137319
0,5,2,0.5,-0.06821,180,0,0,137334
0,4,1,0.5,-0.06767,180,0,0,137351
-2,3,1,0.5,-0.067265,180,0,0,137367
1,2,0,0.5,-0.066995,180,0,1,137384
0,2,0,0.5,-0.066725,180,0,1,137401
1,1,0,0.5,-0.06659,180,0,1,137418
-2,1,0,0.5,-0.066455,180,0,1,137435
0,1,0,0.5,-0.06632,180,0,1,137450
2,0,0,0.5,-0.06632,180,0,0,137467
0,0,1,0.5,-0.06632,180,0,0,137484
0,0,0,0.5,-0.06632,180,0,0,137500
0,0,0,0.5,-0.06632,180,0,1,137517
0,0,0,0.5,-0.06632,180,0,1,137533
1,-2,0,0.5,-0.06659,180,0,1,137550
0,-1,-1,0.5,-0.066725,180,0,1,137567
0,-1,-1,0.5,-0.06686,180,0,1,137584
0,-2,-1,0.5,-0.06713,180,0,1,137601
0,-1,-1,0.5,-0.067265,180,0,0,137619
0,-2,1,0.5,-0.067535,180,0,0,137634
0,-3,1,0.5,-0.06794,180,0,0,137653
1,-3,-1,0.5,-0.068345,180,0,0,137669
0,-2,0,0.5,-0.068615,180,0,1,137684
0,-4,-1,0.5,-0.069155,180,0,1,137702
-1,-1,-1,0.5,-0.06929,180,0,1,137717
1,0,-1,0.5,-0.06929,180,0,1,137734
-1,-1,-1,0.5,-0.069425,180,0,1,137751
7,-1,2,0.5,-0.06956,180,0,0,137768
5,-2,2,0.5,-0.06983,180,0,0,137784
1,-2,-1,0.5,-0.0701,180,0,0,137801
0,-2,-1,0.5,-0.07037,180,0,0,137818
0,-1,-2,0.5,-0.070505,180,0,1,137835
-1,0,-1,0.5,-0.070505,180,0,1,137851
0,1,-2,0.5,-0.07037,180,0,1,137868
0,1,-1,0.5,-0.070235,180,0,1,137884
0,1,-1,0.5,-0.0701,180,0,0,137901
0,0,0,0.5,-0.0701,180,0,0,137917
0,-1,-1,0.5,-0.070235,180,0,0,137934
0,-2,-1,0.5,-0.070505,180,0,0,137953
0,-3,-1,0.5,-0.07091,180,0,1,137968
0,-1,-2,0.5,-0.071045,180,0,1,137984
0,0,-2,0.5,-0.071045,180,0,1,138003
0,2,-2,0.5,-0.070775,180,0,1,138018
0,2,-1,0.5,-0.070505,180,0,1,138034
0,1,-1,0.5,-0.07037,180,0,0,138052
2,0,1,0.5,-0.07037,180,0,0,138067
1,1,-1,0.5,-0.070235,180,0,0,138084
0,-2,-2,0.5,-0.070505,180,0,1,138101
-3,0,-2,0.5,-0.070505,180,0,1,138121
2,0,-2,0.5,-0.070505,180,0,1,138136
0,0,0,0.5,-0.070505,180,0,1,138150
0,-1,-1,0.5,-0.07064,180,0,1,138167
1,-1,-2,0.5,-0.070775,180,0,0,138184
-1,-3,0,0.5,-0.07118,180,0,0,138202
0,-1,0,0.5,-0.071315,180,0,0,138217
0,-2,-1,0.5,-0.071585,180,0,0,138234
0,-4,-2,0.5,-0.072125,180,0,1,138252
0,-1,-2,0.5,-0.07226,180,0,1,138270
0,-1,-2,0.5,-0.072395,180,0,1,138284
0,0,-2,0.5,-0.072395,180,0,1,138301
0,0,-1,0.5,-0.072395,180,0,1,138317
0,0,-1,0.5,-0.072395,180,0,0,138334
0,0,-1,0.5,-0.072395,180,0,0,138350
-1,-1,-1,0.5,-0.07253,180,0,0,138367
0,-3,0,0.5,-0.072935,180,0,0,138384
0,-2,-1,0.5,-0.073205,180,0,0,138402
4,-2,-1,0.5,-0.073475,180,0,0,138418
1,-2,0,0.5,-0.073745,180,0,1,138434
-1,-1,-1,0.5,-0.07388,180,0,1,138452
0,-1,-2,0.5,-0.074015,180,0,1,138469
0,0,-2,0.5,-0.074015,180,0,1,138486
-1,-3,-3,0.5,-0.07442,180,0,0,138503
0,-2,-4,0.5,-0.07469,180,0,0,138518
0,-1,-1,0.5,-0.074825,180,0,0,138535
-2,-2,-1,0.5,-0.075095,180,0,0,138551
2,-1,-1,0.5,-0.07523,180,0,0,138567
1,-1,-1,0.5,-0.075365,180,0,0,138584
0,-1,-1,0.5,-0.0755,180,0,0,138601
-1,0,-2,0.5,-0.0755,180,0,1,138618
1,-1,-1,0.5,-0.075635,180,0,1,138636
0,0,-1,0.5,-0.075635,180,0,1,138651
0,0,-1,0.5,-0.075635,180,0,1,138667
-1,0,-2,0.5,-0.075635,180,0,0,138684
4,-1,2,0.5,-0.07577,180,0,0,138706
4,-2,1,0.5,-0.07604,180,0,0,138717
-8,-1,-6,0.5,-0.076175,180,0,0,138741
-1,0,0,0.5,-0.076175,180,0,0,138751
0,-1,-1,0.5,-0.07631,180,0,1,138767
0,0,-1,0.5,-0.07631,180,0,1,138784
-2,-1,-3,0.5,-0.076445,180,0,1,138802
3,0,0,0.5,-0.076445,180,0,1,138818
5,0,2,0.5,-0.076445,180,0,0,138835
-1,-1,-3,0.5,-0.07658,180,0,0,138851
-2,-2,-1,0.5,-0.07685,180,0,0,138868
0,-2,0,0.5,-0.07712,180,0,0,138884
4,-2,0,0.5,-0.07739,180,0,0,138901
1,-2,-1,0.5,-0.07766,180,0,0,138917
0,-1,-1,0.5,-0.077795,180,0,1,138936
0,-1,-1,0.5,-0.07793,180,0,1,138951
-2,0,-1,0.5,-0.07793,180,0,1,138971
-1,0,-1,0.5,-0.07793,180,0,1,138986
1,0,0,0.5,-0.07793,180,0,0,139001
4,-1,0,0.5,-0.078065,180,0,0,139017
0,0,-1,0.5,-0.078065,180,0,0,139034
1,-1,-1,0.5,-0.0782,180,0,0,139051
0,0,-1,0.5,-0.0782,180,0,0,139068
0,0,0,0.5,-0.0782,180,0,0,139083
0,-1,-1,0.5,-0.078335,180,0,0,139102
0,-2,-1,0.5,-0.078605,180,0,0,139118
0,-2,-1,0.5,-0.078875,180,0,1,139134
0,-1,-1,0.5,-0.07901,180,0,0,139153
0,-1,-1,0.5,-0.079145,180,0,0,139167
0,0,0,0.5,-0.079145,180,0,0,139183
0,-1,-2,0.5,-0.07928,180,0,0,139202
-4,0,-2,0.5,-0.07928,180,0,0,139218
0,-1,-1,0.5,-0.079415,180,0,0,139234
2,-1,0,0.5,-0.07955,180,0,0,139251
-1,0,0,0.5,-0.07955,180,0,0,139267
0,0,-1,0.5,-0.07955,180,0,0,139284
3,-2,0,0.5,-0.07982,180,0,0,139301
-3,0,-2,0.5,-0.07982,180,0,0,139319
-1,-1,0,0.5,-0.079955,180,0,0,139334
0,-1,-1,0.5,-0.08009,180,0,0,139351
0,0,0,0.5,-0.08009,180,0,0,139367
0,0,-1,0.5,-0.08009,180,0,0,139384
0,0,0,0.5,-0.08009,180,0,0,139400
0,0,0,0.5,-0.08009,180,0,0,139417
0,0,0,0.5,-0.08009,180,0,0,139433
0,0,0,0.5,-0.08009,180,0,0,139450
0,0,0,0.5,-0.08009,180,0,0,139467
0,0,0,0.5,-0.08009,180,0,0,139483
1,-1,0,0.5,-0.080225,180,0,0,139500
1,0,0,0.5,-0.080225,180,0,0,139517
0,0,0,0.5,-0.080225,180,0,0,139533
0,0,-1,0.5,-0.080225,180,0,0,139550
0,-1,0,0.5,-0.08036,180,0,0,139567
0,0,0,0.5,-0.08036,180,0,0,139583
1,0,1,0.5,-0.08036,180,0,0,139601
1,0,0,0.5,-0.08036,180,0,0,139617
-1,0,0,0.5,-0.08036,180,0,0,139634
0,-1,0,0.5,-0.080495,180,0,0,139651
0,0,-1,0.5,-0.080495,180,0,0,139670
0,0,0,0.5,-0.080495,180,0,0,139683
0,0,0,0.5,-0.080495,180,0,0,139700
0,0,0,0.5,-0.080495,180,0,0,139717
0,0,0,0.5,-0.080495,180,0,0,139734
0,0,0,0.5,-0.080495,180,0,0,139750
0,0,0,0.5,-0.080495,180,0,0,139768
0,0,0,0.5,-0.080495,180,0,0,139783
0,0,0,0.5,-0.080495,180,0,0,139800
0,0,0,0.5,-0.080495,180,0,0,139817
0,0,0,0.5,-0.080495,180,0,0,139833
0,0,0,0.5,-0.080495,180,0,0,139850
0,0,0,0.5,-0.080495,180,0,0,139867
0,0,0,0.5,-0.080495,180,0,0,139883
0,0,0,0.5,-0.080495,180,0,0,139900
0,0,0,0.5,-0.080495,180,0,0,139917
0,0,0,0.5,-0.080495,180,0,0,139933
0,0,0,0.5,-0.080495,180,0,0,139950
0,0,0,0.5,-0.080495,180,0,0,139967
0,0,0,0.5,-0.080495,180,0,0,139983
0,0,0,0.5,-0.080495,180,0,0,140000
0,0,0,0.5,-0.080495,180,0,0,140017
0,0,0,0.5,-0.080495,180,0,0,140033
0,0,0,0.5,-0.080495,180,0,0,140050
0,0,0,0.5,-0.080495,180,0,0,140067
0,0,1,0.5,-0.080495,180,0,0,140084
0,0,0,0.5,-0.080495,180,0,0,140100
0,0,0,0.5,-0.080495,180,0,0,140117
0,1,0,0.5,-0.08036,180,0,0,140134
0,0,0,0.5,-0.08036,180,0,0,140151
0,0,0,0.5,-0.08036,180,0,0,140167
-1,1,0,0.5,-0.080225,180,0,0,140184
-5,0,-1,0.5,-0.080225,180,0,0,140202
0,0,0,0.5,-0.080225,180,0,0,140217
0,1,0,0.5,-0.08009,180,0,0,140234
0,0,0,0.5,-0.08009,180,0,0,140250
0,0,0,0.5,-0.08009,180,0,0,140267
0,0,0,0.5,-0.08009,180,0,0,140283
0,0,0,0.5,-0.08009,180,0,0,140300
0,1,0,0.5,-0.079955,180,0,0,140317
0,0,0,0.5,-0.079955,180,0,0,140333
0,0,0,0.5,-0.079955,180,0,0,140350
0,0,0,0.5,-0.079955,180,0,0,140367
1,0,0,0.5,-0.079955,180,0,0,140383
-1,0,1,0.5,-0.079955,180,0,0,140400
-2,1,0,0.5,-0.07982,180,0,0,140417
3,0,0,0.5,-0.07982,180,0,0,140433
0,0,0,0.5,-0.07982,180,0,0,140450
1,1,0,0.5,-0.079685,180,0,0,140468
3,0,3,0.5,-0.079685,180,0,0,140484
0,0,0,0.5,-0.079685,180,0,0,140500
1,1,2,0.5,-0.07955,180,0,0,140519
0,0,0,0.5,-0.07955,180,0,0,140533
-3,0,0,0.5,-0.07955,180,0,0,140550
0,0,0,0.5,-0.07955,180,0,0,140567
1,0,0,0.5,-0.07955,180,0,0,140584
0,2,1,0.5,-0.07928,180,0,0,140601
-1,0,1,0.5,-0.07928,180,0,0,140620
0,0,0,0.5,-0.07928,180,0,0,140633
-1,1,0,0.5,-0.079145,180,0,0,140651
3,0,2,0.5,-0.079145,180,0,0,140670
0,1,0,0.5,-0.07901,180,0,0,140685
0,0,0,0.5,-0.07901,180,0,0,140700
0,0,0,0.5,-0.07901,180,0,0,140717
0,0,0,0.5,-0.07901,180,0,0,140733
0,1,0,0.5,-0.078875,180,0,0,140750
0,0,0,0.5,-0.078875,180,0,0,140767
-2,0,-1,0.5,-0.078875,180,0,0,140784
-2,1,0,0.5,-0.07874,180,0,0,140800
0,0,0,0.5,-0.07874,180,0,0,140817
0,1,1,0.5,-0.078605,180,0,0,140834
0,0,0,0.5,-0.078605,180,0,0,140851
0,0,0,0.5,-0.078605,180,0,0,140867
-2,0,0,0.5,-0.078605,180,0,0,140884
2,0,0,0.5,-0.078605,180,0,0,140901
1,1,1,0.5,-0.07847,180,0,0,140922
0,0,0,0.5,-0.07847,180,0,0,140933
0,0,0,0.5,-0.07847,180,0,0,140950
0,1,1,0.5,-0.078335,180,0,0,140968
0,0,0,0.5,-0.078335,180,0,0,140985
0,1,0,0.5,-0.0782,180,0,0,141001
0,1,1,0.5,-0.078065,180,0,0,141019
0,0,0,0.5,-0.078065,180,0,0,141033
-3,1,0,0.5,-0.07793,180,0,0,141051
0,0,0,0.5,-0.07793,180,0,0,141067
-1,0,0,0.5,-0.07793,180,0,0,141084
0,1,0,0.5,-0.077795,180,0,0,141101
5,0,3,0.5,-0.077795,180,0,0,141118
0,1,0,0.5,-0.07766,180,0,0,141134
-2,0,-1,0.5,-0.07766,180,0,0,141151
-1,0,0,0.5,-0.07766,180,0,0,141168
0,0,0,0.5,-0.07766,180,0,0,141183
0,0,0,0.5,-0.07766,180,0,0,141200
0,1,1,0.5,-0.077525,180,0,0,141217
0,0,0,0.5,-0.077525,180,0,0,141233
0,0,0,0.5,-0.077525,180,0,0,141250
0,0,0,0.5,-0.077525,180,0,0,141267
0,1,0,0.5,-0.07739,180,0,0,141284
0,0,0,0.5,-0.07739,180,0,0,141300
0,0,0,0.5,-0.07739,180,0,0,141317
0,0,0,0.5,-0.07739,180,0,0,141333
0,0,0,0.5,-0.07739,180,0,0,141350
0,0,0,0.5,-0.07739,180,0,0,141367
0,1,0,0.5,-0.077255,180,0,0,141383
0,0,0,0.5,-0.077255,180,0,0,141400
0,0,0,0.5,-0.077255,180,0,0,141417
0,0,0,0.5,-0.077255,180,0,0,141433
0,0,0,0.5,-0.077255,180,0,0,141450
0,1,0,0.5,-0.07712,180,0,0,141467
0,1,0,0.5,-0.076985,180,0,0,141483
0,0,0,0.5,-0.076985,180,0,0,141500
0,1,0,0.5,-0.07685,180,0,0,141517
0,0,0,0.5,-0.07685,180,0,0,141533
0,0,0,0.5,-0.07685,180,0,0,141550
0,0,0,0.5,-0.07685,180,0,0,141567
0,0,0,0.5,-0.07685,180,0,0,141583
0,0,0,0.5,-0.07685,180,0,0,141600
0,1,0,0.5,-0.076715,180,0,0,141617
0,0,0,0.5,-0.076715,180,0,0,141633
0,-1,0,0.5,-0.07685,180,0,0,141650
0,0,0,0.5,-0.07685,180,0,0,141667
2,0,1,0.5,-0.07685,180,0,0,141684
0,0,0,0.5,-0.07685,180,0,0,141700
0,0,0,0.5,-0.07685,180,0,0,141717
0,0,0,0.5,-0.07685,180,0,0,141733
0,0,0,0.5,-0.07685,180,0,0,141750
0,0,0,0.5,-0.07685,180,0,0,141767
0,0,0,0.5,-0.07685,180,0,0,141783
0,0,0,0.5,-0.07685,180,0,0,141800
0,-1,0,0.5,-0.076985,180,0,0,141817
0,0,0,0.5,-0.076985,180,0,0,141833
0,0,0,0.5,-0.076985,180,0,0,141850
0,0,0,0.5,-0.076985,180,0,0,141867
0,0,0,0.5,-0.076985,180,0,0,141883
0,0,0,0.5,-0.076985,180,0,0,141901
0,0,0,0.5,-0.076985,180,0,0,141917
0,0,0,0.5,-0.076985,180,0,0,141933
0,0,0,0.5,-0.076985,180,0,0,141951
0,0,0,0.5,-0.076985,180,0,0,141967
0,0,0,0.5,-0.076985,180,0,0,141983
0,0,0,0.5,-0.076985,180,0,0,142000
0,0,0,0.5,-0.076985,180,0,0,142017
0,0,0,0.5,-0.076985,180,0,0,142033
0,0,0,0.5,-0.076985,180,0,0,142050
0,0,0,0.5,-0.076985,180,0,0,142067
0,0,0,0.5,-0.076985,180,0,0,142083
0,0,0,0.5,-0.076985,180,0,0,142100
0,0,-1,0.5,-0.076985,180,0,0,142118
0,-1,0,0.5,-0.07712,180,0,0,142134
0,0,0,0.5,-0.07712,180,0,0,142150
0,0,0,0.5,-0.07712,180,0,0,142167
0,0,0,0.5,-0.07712,180,0,0,142183
0,-1,0,0.5,-0.077255,180,0,0,142201
0,-1,0,0.5,-0.07739,180,0,0,142217
0,-2,0,0.5,-0.07766,180,0,0,142234
0,-3,0,0.5,-0.078065,180,0,0,142251
0,-3,0,0.5,-0.07847,180,0,0,142267
0,-2,0,0.5,-0.07874,180,0,0,142284
0,-1,0,0.5,-0.078875,180,0,0,142301
0,-2,0,0.5,-0.079145,180,0,0,142317
0,0,-1,0.5,-0.079145,180,0,0,142334
0,-1,0,0.5,-0.07928,180,0,0,142350
0,0,-1,0.5,-0.07928,180,0,0,142367
0,0,0,0.5,-0.07928,180,0,0,142383
0,0,0,0.5,-0.07928,180,0,0,142400
0,0,0,0.5,-0.07928,180,0,0,142417
0,0,0,0.5,-0.07928,180,0,0,142433
0,0,0,0.5,-0.07928,180,0,0,142450
0,0,0,0.5,-0.07928,180,0,0,142467
0,0,0,0.5,-0.07928,180,0,0,142483
0,0,0,0.5,-0.07928,180,0,0,142500
0,0,0,0.5,-0.07928,180,0,0,142517
-1,0,-1,0.5,-0.07928,180,0,0,142534
0,0,0,0.5,-0.07928,180,0,0,142550
0,0,0,0.5,-0.07928,180,0,0,142567
0,0,0,0.5,-0.07928,180,0,0,142583
0,0,0,0.5,-0.07928,180,0,0,142600
0,0,1,0.5,-0.07928,180,0,0,142617
0,0,0,0.5,-0.07928,180,0,0,142633
1,0,0,0.5,-0.07928,180,0,0,142650
1,-1,0,0.5,-0.079415,180,0,0,142667
-2,0,0,0.5,-0.079415,180,0,0,142684
0,-1,0,0.5,-0.07955,180,0,0,142700
0,0,0,0.5,-0.07955,180,0,0,142717
3,0,1,0.5,-0.07955,180,0,0,142734
0,0,0,0.5,-0.07955,180,0,0,142750
1,0,0,0.5,-0.07955,180,0,0,142767
0,-1,0,0.5,-0.079685,180,0,0,142784
0,-1,0,0.5,-0.07982,180,0,0,142801
0,0,0,0.5,-0.07982,180,0,0,142817
0,0,-1,0.5,-0.07982,180,0,0,142834
0,0,0,0.5,-0.07982,180,0,0,142850
0,0,0,0.5,-0.07982,180,0,0,142867
0,0,0,0.5,-0.07982,180,0,0,142883
0,-1,0,0.5,-0.079955,180,0,0,142900
0,0,0,0.5,-0.079955,180,0,0,142917
0,-1,0,0.5,-0.08009,180,0,0,142933
-1,0,0,0.5,-0.08009,180,0,0,142950
0,0,0,0.5,-0.08009,180,0,0,142967
0,0,0,0.5,-0.08009,180,0,0,142983
0,0,0,0.5,-0.08009,180,0,0,143000
0,0,0,0.5,-0.08009,180,0,0,143016
1,0,0,0.5,-0.08009,180,0,0,143033
0,0,0,0.5,-0.08009,180,0,0,143050
0,0,0,0.5,-0.08009,180,0,0,143066
0,0,0,0.5,-0.08009,180,0,0,143083
-1,0,0,0.5,-0.08009,180,0,0,143100
0,0,0,0.5,-0.08009,180,0,0,143117
1,0,0,0.5,-0.08009,180,0,0,143133
0,-1,0,0.5,-0.080225,180,0,0,143150
0,0,0,0.5,-0.080225,180,0,0,143167
0,0,0,0.5,-0.080225,180,0,0,143183
0,0,0,0.5,-0.080225,180,0,0,143200
0,0,0,0.5,-0.080225,180,0,0,143216
0,0,0,0.5,-0.080225,180,0,0,143233
0,-1,0,0.5,-0.08036,180,0,0,143250
0,0,0,0.5,-0.08036,180,0,0,143267
0,0,0,0.5,-0.08036,180,0,0,143283
-5,0,-1,0.5,-0.08036,180,0,0,143301
0,-1,0,0.5,-0.080495,180,0,0,143318
0,0,0,0.5,-0.080495,180,0,0,143333
0,0,0,0.5,-0.080495,180,0,0,143350
0,0,0,0.5,-0.080495,180,0,0,143367
0,0,0,0.5,-0.080495,180,0,0,143383
0,0,0,0.5,-0.080495,180,0,0,143400
0,0,0,0.5,-0.080495,180,0,0,143417
0,0,0,0.5,-0.080495,180,0,0,143433
0,0,0,0.5,-0.080495,180,0,0,143450
0,0,0,0.5,-0.080495,180,0,0,143467
0,0,0,0.5,-0.080495,180,0,0,143483
0,0,0,0.5,-0.080495,180,0,0,143500
0,0,0,0.5,-0.080495,180,0,0,143517
0,0,0,0.5,-0.080495,180,0,0,143533
0,0,0,0.5,-0.080495,180,0,0,143550
-1,0,0,0.5,-0.080495,180,0,0,143567
0,0,0,0.5,-0.080495,180,0,0,143583
0,0,0,0.5,-0.080495,180,0,0,143600
0,-1,0,0.5,-0.08063,180,0,0,143618
0,0,0,0.5,-0.08063,180,0,0,143633
0,0,0,0.5,-0.08063,180,0,0,143650
0,0,0,0.5,-0.08063,180,0,0,143667
0,-1,0,0.5,-0.080765,180,0,0,143684
0,0,0,0.5,-0.080765,180,0,0,143700
0,0,0,0.5,-0.080765,180,0,0,143717
0,0,0,0.5,-0.080765,180,0,0,143733
0,0,0,0.5,-0.080765,180,0,0,143750
0,0,0,0.5,-0.080765,180,0,0,143767
0,0,0,0.5,-0.080765,180,0,0,143783
0,0,0,0.5,-0.080765,180,0,0,143800
0,0,0,0.5,-0.080765,180,0,0,143817
0,0,0,0.5,-0.080765,180,0,0,143833
0,0,0,0.5,-0.080765,180,0,0,143851
0,0,0,0.5,-0.080765,180,0,0,143867
0,0,0,0.5,-0.080765,180,0,0,143883
0,0,0,0.5,-0.080765,180,0,0,143900
0,0,0,0.5,-0.080765,180,0,0,143917
0,0,0,0.5,-0.080765,180,0,0,143933
0,0,0,0.5,-0.080765,180,0,0,143950
0,0,0,0.5,-0.080765,180,0,0,143967
0,0,0,0.5,-0.080765,180,0,0,143983
0,0,0,0.5,-0.080765,180,0,0,144000
0,0,0,0.5,-0.080765,180,0,0,144017
0,0,0,0.5,-0.080765,180,0,0,144033
0,0,0,0.5,-0.080765,180,0,0,144050
0,0,0,0.5,-0.080765,180,0,0,144067
0,0,0,0.5,-0.080765,180,0,0,144083
0,0,0,0.5,-0.080765,180,0,0,144100
0,0,0,0.5,-0.080765,180,0,0,144117
0,0,0,0.5,-0.080765,180,0,0,144133
0,0,0,0.5,-0.080765,180,0,0,144150
0,0,0,0.5,-0.080765,180,0,0,144167
0,0,0,0.5,-0.080765,180,0,0,144183
-1,0,0,0.5,-0.080765,180,0,0,144200
0,0,0,0.5,-0.080765,180,0,0,144217
0,0,0,0.5,-0.080765,180,0,0,144233
0,0,0,0.5,-0.080765,180,0,0,144250
0,0,0,0.5,-0.080765,180,0,0,144267
0,0,0,0.5,-0.080765,180,0,0,144283
0,0,0,0.5,-0.080765,180,0,0,144300
0,0,0,0.5,-0.080765,180,0,0,144317
0,0,0,0.5,-0.080765,180,0,0,144333
-1,0,0,0.5,-0.080765,180,0,0,144350
0,0,0,0.5,-0.080765,180,0,0,144367
0,0,0,0.5,-0.080765,180,0,0,144383
0,0,0,0.5,-0.080765,180,0,0,144400
0,0,0,0.5,-0.080765,180,0,0,144417
0,0,0,0.5,-0.080765,180,0,0,144433
0,0,0,0.5,-0.080765,180,0,0,144450
0,0,0,0.5,-0.080765,180,0,0,144467
0,0,0,0.5,-0.080765,180,0,0,144483
0,0,0,0.5,-0.080765,180,0,0,144500
0,0,0,0.5,-0.080765,180,0,0,144518
0,0,0,0.5,-0.080765,180,0,0,144533
0,0,0,0.5,-0.080765,180,0,0,144550
0,0,0,0.5,-0.080765,180,0,0,144568
0,0,0,0.5,-0.080765,180,0,0,144583
0,0,0,0.5,-0.080765,180,0,0,144600
0,0,0,0.5,-0.080765,180,0,0,144617
0,0,0,0.5,-0.080765,180,0,0,144633
0,0,0,0.5,-0.080765,180,0,0,144650
0,0,0,0.5,-0.080765,180,0,0,144667
0,0,0,0.5,-0.080765,180,0,0,144683
0,0,0,0.5,-0.080765,180,0,0,144700
0,0,0,0.5,-0.080765,180,0,0,144717
0,0,0,0.5,-0.080765,180,0,0,144733
0,0,0,0.5,-0.080765,180,0,0,144750
0,0,0,0.5,-0.080765,180,0,0,144767
0,0,0,0.5,-0.080765,180,0,0,144783
0,0,0,0.5,-0.080765,180,0,0,144800
0,0,0,0.5,-0.080765,180,0,0,144817
0,0,0,0.5,-0.080765,180,0,0,144833
0,0,0,0.5,-0.080765,180,0,0,144850
0,0,0,0.5,-0.080765,180,0,0,144867
0,0,0,0.5,-0.080765,180,0,0,144884
0,0,0,0.5,-0.080765,180,0,0,144900
0,0,0,0.5,-0.080765,180,0,0,144918
0,0,0,0.5,-0.080765,180,0,0,144933
0,0,0,0.5,-0.080765,180,0,0,144950
0,0,0,0.5,-0.080765,180,0,0,144967
0,0,0,0.5,-0.080765,180,0,0,144983
0,0,0,0.5,-0.080765,180,0,0,145000
0,-1,0,0.5,-0.0809,180,0,0,145017
2,0,0,0.5,-0.0809,180,0,0,145033
0,0,0,0.5,-0.0809,180,0,0,145050
0,0,0,0.5,-0.0809,180,0,0,145067
0,0,0,0.5,-0.0809,180,0,0,145083
1,0,0,0.5,-0.0809,180,0,0,145100
0,0,0,0.5,-0.0809,180,0,0,145117
0,0,0,0.5,-0.0809,180,0,0,145133
0,0,0,0.5,-0.0809,180,0,0,145150
0,0,0,0.5,-0.0809,180,0,0,145167
0,0,0,0.5,-0.0809,180,0,0,145183
1,0,0,0.5,-0.0809,180,0,0,145201
0,0,0,0.5,-0.0809,180,0,0,145217
0,0,0,0.5,-0.0809,180,0,0,145233
0,0,0,0.5,-0.0809,180,0,0,145250
0,-1,0,0.5,-0.081035,180,0,0,145267
0,-1,0,0.5,-0.08117,180,0,0,145283
0,0,0,0.5,-0.08117,180,0,0,145300
0,0,0,0.5,-0.08117,180,0,0,145316
0,0,0,0.5,-0.08117,180,0,0,145333
0,1,0,0.5,-0.081035,180,0,0,145350
0,0,0,0.5,-0.081035,180,0,0,145367
0,0,0,0.5,-0.081035,180,0,0,145383
0,0,-1,0.5,-0.081035,180,0,0,145400
0,0,0,0.5,-0.081035,180,0,0,145417
0,0,0,0.5,-0.081035,180,0,0,145433
0,-1,0,0.5,-0.08117,180,0,0,145450
0,0,0,0.5,-0.08117,180,0,0,145467
0,0,0,0.5,-0.08117,180,0,0,145483
0,-1,0,0.5,-0.081305,180,0,0,145501
0,0,0,0.5,-0.081305,180,0,0,145517
0,0,0,0.5,-0.081305,180,0,0,145533
0,0,0,0.5,-0.081305,180,0,0,145551
0,0,0,0.5,-0.081305,180,0,0,145567
0,0,0,0.5,-0.081305,180,0,0,145584
0,0,0,0.5,-0.081305,180,0,0,145600
0,0,0,0.5,-0.081305,180,0,0,145616
0,0,0,0.5,-0.081305,180,0,0,145633
0,-1,0,0.5,-0.08144,180,0,0,145650
0,0,0,0.5,-0.08144,180,0,0,145668
0,0,0,0.5,-0.08144,180,0,0,145683
0,0,0,0.5,-0.08144,180,0,0,145700
0,0,0,0.5,-0.08144,180,0,0,145718
0,0,0,0.5,-0.08144,180,0,0,145733
0,0,0,0.5,-0.08144,180,0,0,145750
0,0,0,0.5,-0.08144,180,0,0,145766
0,-1,0,0.5,-0.081575,180,0,0,145783
-4,0,-2,0.5,-0.081575,180,0,0,145800
0,0,0,0.5,-0.081575,180,0,0,145816
0,0,0,0.5,-0.081575,180,0,0,145833
0,0,0,0.5,-0.081575,180,0,0,145850
0,0,0,0.5,-0.081575,180,0,0,145867
0,0,0,0.5,-0.081575,180,0,0,145883
0,0,0,0.5,-0.081575,180,0,0,145900
0,0,0,0.5,-0.081575,180,0,0,145916
0,0,0,0.5,-0.081575,180,0,0,145933
3,0,1,0.5,-0.081575,180,0,0,145950
0,0,0,0.5,-0.081575,180,0,0,145966
0,0,0,0.5,-0.081575,180,0,0,145983
0,0,0,0.5,-0.081575,180,0,0,146001
1,1,0,0.5,-0.08144,180,0,0,146017
0,0,0,0.5,-0.08144,180,0,0,146033
0,-1,0,0.5,-0.081575,180,0,0,146050
0,0,0,0.5,-0.081575,180,0,0,146066
0,0,0,0.5,-0.081575,180,0,0,146083
1,0,0,0.5,-0.081575,180,0,0,146100
0,0,0,0.5,-0.081575,180,0,0,146116
1,0,0,0.5,-0.081575,180,0,0,146133
0,0,0,0.5,-0.081575,180,0,0,146150
0,0,0,0.5,-0.081575,180,0,0,146166
-2,0,0,0.5,-0.081575,180,0,0,146183
0,0,0,0.5,-0.081575,180,0,0,146200
0,0,0,0.5,-0.081575,180,0,0,146216
0,-1,0,0.5,-0.08171,180,0,0,146233
0,0,0,0.5,-0.08171,180,0,0,146250
0,0,0,0.5,-0.08171,180,0,0,146266
0,0,0,0.5,-0.08171,180,0,0,146283
0,0,0,0.5,-0.08171,180,0,0,146300
0,0,0,0.5,-0.08171,180,0,0,146316
0,0,0,0.5,-0.08171,180,0,0,146333
0,0,0,0.5,-0.08171,180,0,0,146350
0,0,0,0.5,-0.08171,180,0,0,146366
0,0,0,0.5,-0.08171,180,0,0,146383
0,0,0,0.5,-0.08171,180,0,0,146400
0,0,0,0.5,-0.08171,180,0,0,146416
0,0,0,0.5,-0.08171,180,0,0,146433
0,0,0,0.5,-0.08171,180,0,0,146450
0,0,0,0.5,-0.08171,180,0,0,146466
0,0,0,0.5,-0.08171,180,0,0,146483
0,0,0,0.5,-0.08171,180,0,0,146500
0,0,0,0.5,-0.08171,180,0,0,146516
0,0,0,0.5,-0.08171,180,0,0,146533
0,0,0,0.5,-0.08171,180,0,0,146550
0,0,0,0.5,-0.08171,180,0,0,146567
0,0,0,0.5,-0.08171,180,0,0,146583
0,0,0,0.5,-0.08171,180,0,0,146600
0,0,0,0.5,-0.08171,180,0,0,146617
0,0,0,0.5,-0.08171,180,0,0,146633
0,0,0,0.5,-0.08171,180,0,0,146650
0,0,0,0.5,-0.08171,180,0,0,146666
0,0,0,0.5,-0.08171,180,0,0,146683
0,0,0,0.5,-0.08171,180,0,0,146700
0,0,0,0.5,-0.08171,180,0,0,146717
2,0,0,0.5,-0.08171,180,0,0,146733
0,0,0,0.5,-0.08171,180,0,0,146750
0,0,0,0.5,-0.08171,180,0,0,146767
0,0,0,0.5,-0.08171,180,0,0,146783
0,0,0,0.5,-0.08171,180,0,0,146800
0,0,0,0.5,-0.08171,180,0,0,146817
0,0,0,0.5,-0.08171,180,0,0,146833
0,0,0,0.5,-0.08171,180,0,0,146850
0,0,0,0.5,-0.08171,180,0,0,146867
0,0,0,0.5,-0.08171,180,0,0,146883
0,0,0,0.5,-0.08171,180,0,0,146900
0,0,0,0.5,-0.08171,180,0,0,146918
0,0,0,0.5,-0.08171,180,0,0,146933
0,0,0,0.5,-0.08171,180,0,0,146950
0,0,0,0.5,-0.08171,180,0,0,146967
0,0,0,0.5,-0.08171,180,0,0,146983
0,0,0,0.5,-0.08171,180,0,0,147000
0,0,0,0.5,-0.08171,180,0,0,147017
0,0,0,0.5,-0.08171,180,0,0,147033
0,0,0,0.5,-0.08171,180,0,0,147050
0,0,0,0.5,-0.08171,180,0,0,147067
0,0,0,0.5,-0.08171,180,0,0,147083
0,0,0,0.5,-0.08171,180,0,0,147100
0,0,0,0.5,-0.08171,180,0,0,147117
0,0,0,0.5,-0.08171,180,0,0,147133
0,0,0,0.5,-0.08171,180,0,0,147150
0,0,0,0.5,-0.08171,180,0,0,147167
0,0,0,0.5,-0.08171,180,0,0,147183
0,0,0,0.5,-0.08171,180,0,0,147200
0,0,0,0.5,-0.08171,180,0,0,147217
0,0,0,0.5,-0.08171,180,0,0,147233
0,0,0,0.5,-0.08171,180,0,0,147250
0,0,0,0.5,-0.08171,180,0,0,147267
0,0,0,0.5,-0.08171,180,0,0,147283
0,0,0,0.5,-0.08171,180,0,0,147300
0,-1,0,0.5,-0.081845,180,0,0,147318
0,0,0,0.5,-0.081845,180,0,0,147333
0,0,0,0.5,-0.081845,180,0,0,147350
0,0,0,0.5,-0.081845,180,0,0,147367
0,0,0,0.5,-0.081845,180,0,0,147383
0,0,0,0.5,-0.081845,180,0,0,147400
0,-1,0,0.5,-0.08198,180,0,0,147417
0,0,0,0.5,-0.08198,180,0,0,147433
0,-1,0,0.5,-0.082115,180,0,0,147450
0,-1,0,0.5,-0.08225,180,0,0,147467
0,-1,0,0.5,-0.082385,180,0,0,147483
0,0,0,0.5,-0.082385,180,0,0,147500
0,0,0,0.5,-0.082385,180,0,0,147516
0,0,0,0.5,-0.082385,180,0,0,147533
0,0,0,0.5,-0.082385,180,0,0,147550
0,0,0,0.5,-0.082385,180,0,0,147567
0,0,0,0.5,-0.082385,180,0,0,147583
0,-2,0,0.5,-0.082655,180,0,0,147600
0,-3,0,0.5,-0.08306,180,0,0,147617
0,-4,0,0.5,-0.0836,180,0,0,147633
0,-7,0,0.5,-0.084545,180,0,0,147650
0,-7,-1,0.5,-0.08549,180,0,0,147667
0,-8,-1,0.5,-0.08657,180,0,0,147684
1,-18,-6,0.5,-0.089,180,0,0,147702
0,-10,-6,0.5,-0.09035,180,0,0,147719
-2,-6,-4,0.5,-0.09116,180,0,0,147734
0,-5,-4,0.5,-0.091835,180,0,0,147752
-1,-1,-3,0.5,-0.09197,180,0,0,147767
0,1,-3,0.5,-0.091835,180,0,0,147786
-1,2,-2,0.5,-0.091565,180,0,0,147802
0,2,-2,0.5,-0.091295,180,0,0,147817
0,2,-2,0.5,-0.091025,180,0,0,147834
2,2,-3,0.5,-0.090755,180,0,0,147851
-3,4,-3,0.5,-0.090215,180,0,0,147868
3,5,-1,0.5,-0.08954,180,0,0,147884
0,9,-2,0.5,-0.088325,180,0,0,147901
0,11,-1,0.5,-0.08684,180,0,0,147917
0,11,-1,0.5,-0.085355,180,0,0,147934
2,13,1,0.5,-0.0836,180,0,0,147951
0,12,-2,0.5,-0.08198,180,0,0,147967
5,14,0,0.5,-0.08009,180,0,0,147983
-6,15,-8,0.5,-0.078065,180,0,0,148003
0,19,-6,0.5,-0.0755,180,0,0,148020
0,24,-7,0.5,-0.07226,180,0,0,148036
0,67,-20,0.5,-0.063215,180,0,0,148061
0,0,0,0.5,-0.063215,180,0,0,148067
0,91,-24,0.5,-0.05093,180,0,0,148099
0,45,-10,0.5,-0.044855,180,0,0,148108
0,30,-6,0.5,-0.040805,180,0,0,148119
0,25,-5,0.5,-0.03743,180,0,0,148136
0,17,-4,0.5,-0.035135,180,0,0,148152
0,10,-3,0.5,-0.033785,180,0,0,148168
0,5,-2,0.5,-0.03311,180,0,0,148185
0,3,-2,0.5,-0.032705,180,0,0,148200
0,2,-2,0.5,-0.032435,180,0,0,148217
0,3,-2,0.5,-0.03203,180,0,0,148236
0,7,-3,0.5,-0.031085,180,0,0,148251
0,10,-5,0.5,-0.029735,180,0,0,148268
2,17,-7,0.5,-0.02744,180,0,0,148285
-2,22,-8,0.5,-0.02447,180,0,0,148302
-1,25,-10,0.5,-0.021095,180,0,0,148319
0,30,-10,0.5,-0.017045,180,0,0,148336
0,32,-10,0.5,-0.012725,180,0,0,148354
0,39,-11,0.5,-0.00746,180,0,0,148373
0,42,-12,0.5,-0.00179,180,0,0,148390
0,41,-11,0.5,0.003745,180,0,0,148406
0,38,-11,0.5,0.008875,180,0,0,148424
0,24,-7,0.5,0.012115,180,0,0,148436
0,21,-6,0.5,0.01495,180,0,0,148452
3,15,-4,0.5,0.016975,180,0,0,148469
0,7,-4,0.5,0.01792,180,0,0,148485
0,-1,-9,0.5,0.017785,180,0,0,148504
0,-4,-5,0.5,0.017245,180,0,0,148520
-2,-4,-7,0.5,0.016705,180,0,0,148535
0,-4,-6,0.5,0.016165,180,0,0,148552
0,-2,-5,0.5,0.015895,180,0,0,148570
0,3,-4,0.5,0.0163,180,0,0,148585
0,9,-3,0.5,0.017515,180,0,0,148601
3,14,-4,0.5,0.019405,180,0,0,148618
0,19,-5,0.5,0.02197,180,0,0,148635
1,25,-6,0.5,0.025345,180,0,0,148652
0,30,-8,0.5,0.029395,180,0,0,148672
0,36,-8,0.5,0.034255,180,0,0,148686
1,36,-9,0.5,0.039115,180,0,0,148702
0,38,-7,0.5,0.044245,180,0,0,148718
-2,32,-5,0.5,0.048565,180,0,0,148738
-1,29,-5,0.5,0.05248,180,0,0,148751
2,19,-4,0.5,0.055045,180,0,0,148768
2,12,-1,0.5,0.056665,180,0,0,148784
0,9,-1,0.5,0.05788,180,0,0,148800
0,7,-1,0.5,0.058825,180,0,0,148817
0,9,-3,0.5,0.06004,180,0,0,148838
0,9,-1,0.5,0.061255,180,0,0,148852
-1,6,-5,0.5,0.062065,180,0,0,148868
4,4,-7,0.5,0.062605,180,0,0,148892
0,-4,0,0.5,0.062065,180,0,0,148900
0,-6,-7,0.5,0.061255,180,0,0,148919
-1,-13,-5,0.5,0.0595,180,0,0,148935
0,-11,-3,0.5,0.058015,180,0,0,148952
0,-13,-3,0.5,0.05626,180,0,0,148968
0,-11,-2,0.5,0.054775,180,0,0,148985
-4,-10,-3,0.5,0.053425,180,0,0,149001
0,-10,0,0.5,0.052075,180,0,0,149017
0,-7,0,0.5,0.05113,180,0,0,149034
1,-8,-2,0.5,0.05005,180,0,0,149052
0,-6,0,0.5,0.04924,180,0,0,149067
0,-8,-1,0.5,0.04816,180,0,0,149084
-1,-10,0,0.5,0.04681,180,0,0,149101
0,-12,0,0.5,0.04519,180,0,0,149117
0,-14,-1,0.5,0.0433,180,0,0,149134
0,-16,-1,0.5,0.04114,180,0,0,149151
0,-16,-1,0.5,0.03898,180,0,0,149167
0,-14,-1,0.5,0.03709,180,0,0,149185
2,-14,0,0.5,0.0352,180,0,0,149200
1,-12,0,0.5,0.03358,180,0,0,149217
-4,-10,-2,0.5,0.03223,180,0,0,149234
2,-5,0,0.5,0.031555,180,0,0,149250
0,-3,0,0.5,0.03115,180,0,0,149269
-5,2,1,0.5,0.03142,180,0,0,149286
2,1,0,0.5,0.031555,180,0,0,149300
1,1,-1,0.5,0.03169,180,0,0,149317
0,-2,-4,0.5,0.03142,180,0,0,149335
0,-3,-3,0.5,0.031015,180,0,0,149351
0,-6,-3,0.5,0.030205,180,0,0,149368
0,-5,-2,0.5,0.02953,180,0,0,149384
0,-4,-2,0.5,0.02899,180,0,0,149400
0,-3,-1,0.5,0.028585,180,0,0,149417
0,-3,-1,0.5,0.02818,180,0,0,149434
0,-4,0,0.5,0.02764,180,0,0,149450
0,-5,0,0.5,0.026965,180,0,0,149467
0,-5,0,0.5,0.02629,180,0,0,149485
-5,-3,-2,0.5,0.025885,180,0,0,149501
0,-3,0,0.5,0.02548,180,0,0,149519
2,-1,0,0.5,0.025345,180,0,0,149533
1,-1,0,0.5,0.02521,180,0,0,149551
0,0,0,0.5,0.02521,180,0,1,149567
1,0,0,0.5,0.02521,180,0,1,149584
0,0,-1,0.5,0.02521,180,0,0,149600
0,1,-1,0.5,0.025345,180,0,0,149617
0,0,-1,0.5,0.025345,180,0,0,149634
0,0,-1,0.5,0.025345,180,0,0,149650
0,2,-1,0.5,0.025615,180,0,0,149667
-1,2,-1,0.5,0.025885,180,0,0,149685
0,0,0,0.5,0.025885,180,0,0,149700
0,-2,0,0.5,0.025615,180,0,0,149717
0,-5,0,0.5,0.02494,180,0,0,149733
0,-4,0,0.5,0.0244,180,0,0,149750
3,-2,2,0.5,0.02413,180,0,0,149767
0,-3,0,0.5,0.023725,180,0,0,149784
-1,-1,-1,0.5,0.02359,180,0,0,149800
0,0,0,0.5,0.02359,180,0,0,149817
-3,1,-1,0.5,0.023725,180,0,0,149833
-1,0,0,0.5,0.023725,180,0,0,149850
-1,0,0,0.5,0.023725,180,0,0,149867
0,2,-1,0.5,0.023995,180,0,0,149884
0,-1,0,0.5,0.02386,180,0,1,149900
0,0,-1,0.5,0.02386,180,0,1,149917
0,0,-1,0.5,0.02386,180,0,1,149933
2,4,-1,0.5,0.0244,180,0,0,149951
0,4,0,0.5,0.02494,180,0,0,149967
0,7,1,0.5,0.025885,180,0,0,149984
0,9,2,0.5,0.0271,180,0,0,150000
1,9,2,0.5,0.028315,180,0,0,150017
-3,12,2,0.5,0.029935,180,0,0,150035
0,14,1,0.5,0.031825,180,0,0,150050
0,17,0,0.5,0.03412,180,0,0,150067
2,19,0,0.5,0.036685,180,0,0,150084
1,44,0,0.5,0.042625,180,0,0,150100
0,21,-2,0.5,0.04546,180,0,0,150118
-1,15,-2,0.5,0.047485,180,0,0,150135
0,8,-2,0.5,0.048565,180,0,0,150152
1,1,-3,0.5,0.0487,180,0,0,150168
0,-3,-1,0.5,0.048295,180,0,0,150185
1,-10,-2,0.5,0.046945,180,0,0,150201
0,-12,-1,0.5,0.045325,180,0,0,150217
0,-14,-2,0.5,0.043435,180,0,0,150234
0,-17,-1,0.5,0.04114,180,0,0,150251
0,-19,-1,0.5,0.038575,180,0,0,150267
0,-20,0,0.5,0.035875,180,0,0,150284
0,-19,0,0.5,0.03331,180,0,0,150300
0,-21,0,0.5,0.030475,180,0,0,150317
-2,-15,0,0.5,0.02845,180,0,0,150334
0,-13,0,0.5,0.026695,180,0,0,150350
0,-7,2,0.5,0.02575,180,0,0,150367
0,-1,1,0.5,0.025615,180,0,0,150384
0,0,1,0.5,0.025615,180,0,0,150400
0,2,1,0.5,0.025885,180,0,0,150417
0,2,1,0.5,0.026155,180,0,0,150434
0,0,0,0.5,0.026155,180,0,0,150450
0,0,0,0.5,0.026155,180,0,0,150466
0,0,0,0.5,0.026155,180,0,0,150483
0,-1,1,0.5,0.02602,180,0,0,150501
0,9,3,0.5,0.027235,180,0,0,150518
0,11,2,0.5,0.02872,180,0,0,150534
0,14,2,0.5,0.03061,180,0,0,150551
0,16,0,0.5,0.03277,180,0,0,150567
0,20,0,0.5,0.03547,180,0,0,150583
-1,21,-2,0.5,0.038305,180,0,0,150600
0,21,-2,0.5,0.04114,180,0,0,150618
0,25,-4,0.5,0.044515,180,0,0,150634
0,28,-5,0.5,0.048295,180,0,0,150652
0,29,-7,0.5,0.05221,180,0,0,150670
0,31,-7,0.5,0.056395,180,0,0,150685
1,21,-3,0.5,0.05923,180,0,0,150702
0,37,-7,0.5,0.064225,180,0,0,150727
0,36,-7,0.5,0.069085,180,0,0,150747
0,74,-15,0.5,0.079075,180,0,0,150763
0,0,0,0.5,0.079075,180,0,0,150767
0,36,-7,0.5,0.083935,180,0,0,150785
-2,35,-6,0.5,0.08866,180,0,0,150801
0,35,-6,0.5,0.093385,180,0,0,150819
1,34,-5,0.5,0.097975,180,0,0,150834
-1,33,-4,0.5,0.10243,180,0,0,150851
-2,2,-3,0.5,0.1027,180,0,0,150869
-1,-4,0,0.5,0.10216,180,0,0,150884
0,12,0,0.5,0.10378,180,0,0,150900
0,8,0,0.5,0.10486,180,0,0,150917
2,1,1,0.5,0.104995,180,0,0,150934
3,-8,3,0.5,0.103915,180,0,0,150951
4,-10,4,0.5,0.102565,180,0,0,150968
4,-11,3,0.5,0.10108,180,0,0,150984
2,-12,3,0.5,0.09946,180,0,0,151001
3,-11,2,0.5,0.097975,180,0,0,151017
3,-8,1,0.5,0.096895,180,0,0,151034
-3,-7,-1,0.5,0.09595,180,0,0,151050
0,-4,0,0.5,0.09541,180,0,0,151067
0,-1,0,0.5,0.095275,180,0,0,151083
-1,3,0,0.5,0.09568,180,0,0,151100
0,4,-2,0.5,0.09622,180,0,0,151117
0,8,-2,0.5,0.0973,180,0,0,151135
-1,11,-3,0.5,0.098785,180,0,0,151151
0,14,-3,0.5,0.100675,180,0,0,151170
3,19,-2,0.5,0.10324,180,0,0,151184
0,19,-2,0.5,0.105805,180,0,0,151202
1,26,-1,0.5,0.109315,180,0,0,151217
0,27,-2,0.5,0.11296,180,0,0,151236
0,29,-1,0.5,0.116875,180,0,0,151250
0,33,-1,0.5,0.12133,180,0,0,151268
0,33,0,0.5,0.125785,180,0,0,151284
5,59,3,0.5,0.13375,180,0,0,151301
0,25,0,0.5,0.137125,180,0,0,151317
-2,21,0,0.5,0.13996,180,0,0,151334
4,18,1,0.5,0.14239,180,0,0,151351
4,14,6,0.5,0.14428,180,0,0,151368
4,7,6,0.5,0.145225,180,0,0,151385
5,1,5,0.5,0.14536,180,0,0,151401
3,-4,5,0.5,0.14482,180,0,0,151418
2,-6,2,0.5,0.14401,180,0,0,151434
1,-10,1,0.5,0.14266,180,0,0,151450
-7,-11,-2,0.5,0.141175,180,0,0,151467
-1,-12,0,0.5,0.139555,180,0,0,151483
0,-12,0,0.5,0.137935,180,0,0,151500
0,-13,-2,0.5,0.13618,180,0,0,151517
0,-12,-1,0.5,0.13456,180,0,0,151534
0,-14,0,0.5,0.13267,180,0,0,151550
0,-13,0,0.5,0.130915,180,0,0,151567
0,-13,0,0.5,0.12916,180,0,0,151583
0,-13,0,0.5,0.127405,180,0,0,151600
0,-11,0,0.5,0.12592,180,0,0,151617
0,-10,-1,0.5,0.12457,180,0,0,151634
0,-9,-1,0.5,0.123355,180,0,0,151650
0,-8,-1,0.5,0.122275,180,0,0,151667
0,-3,0,0.5,0.12187,180,0,0,151683
2,0,1,0.5,0.12187,180,0,0,151701
-4,-1,-1,0.5,0.121735,180,0,0,151717
0,0,0,0.5,0.121735,180,0,0,151733
-1,0,0,0.5,0.121735,180,0,0,151750
0,-3,1,0.5,0.12133,180,0,0,151767
-3,-4,1,0.5,0.12079,180,0,0,151784
0,-3,2,0.5,0.120385,180,0,0,151800
0,-4,4,0.5,0.119845,180,0,0,151818
0,-4,2,0.5,0.119305,180,0,0,151834
0,-5,3,0.5,0.11863,180,0,0,151850
3,-4,2,0.5,0.11809,180,0,0,151867
-3,-4,2,0.5,0.11755,180,0,0,151884
0,-4,0,0.5,0.11701,180,0,0,151900
0,-2,1,0.5,0.11674,180,0,0,151917
5,-1,2,0.5,0.116605,180,0,0,151934
-7,0,-2,0.5,0.116605,180,0,1,151951
1,0,1,0.5,0.116605,180,0,1,151967
0,1,0,0.5,0.11674,180,0,1,151983
-6,1,-2,0.5,0.116875,180,0,1,152000
0,1,-2,0.5,0.11701,180,0,1,152018
1,2,2,0.5,0.11728,180,0,1,152033
0,0,0,0.5,0.11728,180,0,1,152050
0,0,0,0.5,0.11728,180,0,1,152066
1,0,1,0.5,0.11728,180,0,0,152084
-1,-4,0,0.5,0.11674,180,0,0,152100
-2,-7,-4,0.5,0.115795,180,0,0,152118
2,-4,1,0.5,0.115255,180,0,0,152133
1,-5,-2,0.5,0.11458,180,0,0,152151
0,-4,-1,0.5,0.11404,180,0,0,152167
0,-2,-1,0.5,0.11377,180,0,1,152184
-3,-1,-2,0.5,0.113635,180,0,1,152202
-3,0,-2,0.5,0.113635,180,0,1,152218
2,0,1,0.5,0.113635,180,0,1,152234
0,2,0,0.5,0.113905,180,0,1,152250
0,0,0,0.5,0.113905,180,0,1,152266
-1,0,0,0.5,0.113905,180,0,1,152283
0,0,1,0.5,0.113905,180,0,0,152300
0,-3,0,0.5,0.1135,180,0,0,152318
1,0,0,0.5,0.1135,180,0,0,152333
-1,0,-1,0.5,0.1135,180,0,0,152350
0,1,0,0.5,0.113635,180,0,0,152367
0,3,2,0.5,0.11404,180,0,0,152384
0,1,2,0.5,0.114175,180,0,0,152401
0,1,2,0.5,0.11431,180,0,0,152417
0,-1,1,0.5,0.114175,180,0,0,152433
0,-4,0,0.5,0.113635,180,0,0,152451
0,-7,0,0.5,0.11269,180,0,0,152467
3,-9,-1,0.5,0.111475,180,0,0,152483
1,-9,-1,0.5,0.11026,180,0,0,152501
0,-21,1,0.5,0.107425,180,0,0,152517
-2,-8,0,0.5,0.106345,180,0,0,152533
-2,-9,0,0.5,0.10513,180,0,0,152550
-2,-6,-2,0.5,0.10432,180,0,0,152568
-2,-6,0,0.5,0.10351,180,0,0,152583
8,-7,2,0.5,0.102565,180,0,0,152601
-2,-6,-2,0.5,0.101755,180,0,0,152619
-2,-8,-4,0.5,0.100675,180,0,0,152635
2,-5,0,0.5,0.1,180,0,0,152650
0,-3,0,0.5,0.099595,180,0,0,152667
0,0,0,0.5,0.099595,180,0,0,152683
0,3,0,0.5,0.1,180,0,0,152700
0,2,1,0.5,0.10027,180,0,0,152717
0,0,2,0.5,0.10027,180,0,0,152734
0,-1,1,0.5,0.100135,180,0,0,152751
0,-1,0,0.5,0.1,180,0,0,152768
-3,-1,0,0.5,0.099865,180,0,0,152783
-3,0,0,0.5,0.099865,180,0,0,152800
-2,4,0,0.5,0.100405,180,0,0,152818
5,6,4,0.5,0.101215,180,0,0,152835
0,9,0,0.5,0.10243,180,0,0,152850
0,6,0,0.5,0.10324,180,0,0,152867
0,2,0,0.5,0.10351,180,0,0,152883
0,-1,-1,0.5,0.103375,180,0,0,152901
0,-13,-1,0.5,0.10162,180,0,0,152918
0,-11,0,0.5,0.100135,180,0,0,152934
2,-12,1,0.5,0.098515,180,0,0,152951
0,-11,-1,0.5,0.09703,180,0,0,152967
-5,-9,-2,0.5,0.095815,180,0,0,152984
2,-6,-2,0.5,0.095005,180,0,0,153001
0,-3,-2,0.5,0.0946,180,0,0,153019
0,0,0,0.5,0.0946,180,0,0,153033
0,1,-1,0.5,0.094735,180,0,0,153051
2,4,0,0.5,0.095275,180,0,0,153068
-3,2,-2,0.5,0.095545,180,0,0,153084
-7,2,-6,0.5,0.095815,180,0,0,153101
-1,0,-2,0.5,0.095815,180,0,0,153119
-1,0,-1,0.5,0.095815,180,0,0,153134
0,3,0,0.5,0.09622,180,0,0,153150
0,7,0,0.5,0.097165,180,0,0,153167
0,11,0,0.5,0.09865,180,0,0,153183
0,13,1,0.5,0.100405,180,0,0,153200
0,12,1,0.5,0.102025,180,0,0,153217
0,13,1,0.5,0.10378,180,0,0,153233
0,11,1,0.5,0.105265,180,0,0,153250
0,13,1,0.5,0.10702,180,0,0,153267
0,14,1,0.5,0.10891,180,0,0,153283
0,16,0,0.5,0.11107,180,0,0,153300
0,22,0,0.5,0.11404,180,0,0,153317
0,52,-8,0.5,0.12106,180,0,0,153335
0,22,-5,0.5,0.12403,180,0,0,153351
0,32,-7,0.5,0.12835,180,0,0,153368
1,32,-7,0.5,0.13267,180,0,0,153385
0,31,-6,0.5,0.136855,180,0,0,153402
0,28,-5,0.5,0.140635,180,0,0,153418
0,27,-4,0.5,0.14428,180,0,0,153434
0,25,-3,0.5,0.147655,180,0,0,153451
-1,26,-4,0.5,0.151165,180,0,0,153469
-3,22,-4,0.5,0.154135,180,0,0,153484
-4,20,-3,0.5,0.156835,180,0,0,153501
0,16,-2,0.5,0.158995,180,0,0,153518
0,13,0,0.5,0.16075,180,0,0,153533
0,10,-1,0.5,0.1621,180,0,0,153550
1,8,0,0.5,0.16318,180,0,0,153567
0,10,0,0.5,0.16453,180,0,0,153583
0,12,0,0.5,0.16615,180,0,0,153600
0,11,1,0.5,0.167635,180,0,0,153618
0,9,1,0.5,0.16885,180,0,0,153634
0,8,1,0.5,0.16993,180,0,0,153650
0,7,2,0.5,0.170875,180,0,0,153667
0,7,1,0.5,0.17182,180,0,0,153683
-1,9,1,0.5,0.173035,180,0,0,153701
0,28,1,0.5,0.176815,180,0,0,153717
0,22,0,0.5,0.179785,180,0,0,153734
0,28,0,0.5,0.183565,180,0,0,153750
0,31,-1,0.5,0.18775,180,0,0,153767
0,36,-2,0.5,0.19261,180,0,0,153784
0,35,-1,0.5,0.197335,180,0,0,153801
0,32,0,0.5,0.201655,180,0,0,153817
0,26,0,0.5,0.205165,180,0,0,153833
0,23,1,0.5,0.20827,180,0,0,153852
0,17,3,0.5,0.210565,180,0,0,153868
0,19,3,0.5,0.21313,180,0,0,153884
0,14,3,0.5,0.21502,180,0,0,153901
0,11,2,0.5,0.216505,180,0,0,153917
0,8,3,0.5,0.217585,180,0,0,153934
0,5,4,0.5,0.21826,180,0,0,153951
0,3,4,0.5,0.218665,180,0,0,153969
0,6,5,0.5,0.219475,180,0,0,153984
0,9,4,0.5,0.22069,180,0,0,154001
0,14,3,0.5,0.22258,180,0,0,154018
0,18,2,0.5,0.22501,180,0,0,154033
0,22,2,0.5,0.22798,180,0,0,154050
0,28,1,0.5,0.23176,180,0,0,154068
0,30,0,0.5,0.23581,180,0,0,154083
0,31,0,0.5,0.239995,180,0,0,154101
0,57,0,0.5,0.24769,180,0,0,154118
0,20,3,0.5,0.25039,180,0,0,154134
0,14,2,0.5,0.25228,180,0,0,154151
0,8,2,0.5,0.25336,180,0,0,154168
0,3,1,0.5,0.253765,180,0,0,154184
0,-1,1,0.5,0.25363,180,0,0,154201
0,-6,2,0.5,0.25282,180,0,0,154218
0,-7,2,0.5,0.251875,180,0,0,154235
0,-5,2,0.5,0.2512,180,0,0,154251
0,-3,3,0.5,0.250795,180,0,0,154268
0,1,2,0.5,0.25093,180,0,0,154285
0,8,3,0.5,0.25201,180,0,0,154303
0,12,3,0.5,0.25363,180,0,0,154318
2,14,3,0.5,0.25552,180,0,0,154334
0,18,2,0.5,0.25795,180,0,0,154351
0,23,2,0.5,0.261055,180,0,0,154367
0,27,0,0.5,0.2647,180,0,0,154383
0,30,0,0.5,0.26875,180,0,0,154400
0,35,-1,0.5,0.273475,180,0,0,154417
0,37,-2,0.5,0.27847,180,0,0,154434
0,35,-2,0.5,0.283195,180,0,0,154451
0,31,-1,0.5,0.28738,180,0,0,154467
0,32,0,0.5,0.2917,180,0,0,154483
0,29,0,0.5,0.295615,180,0,0,154500
0,22,0,0.5,0.298585,180,0,0,154517
0,27,0,0.5,0.30223,180,0,0,154533
0,0,0,0.5,0.30223,180,0,0,154550
0,21,3,0.5,0.305065,180,0,0,154568
1,13,2,0.5,0.30682,180,0,0,154584
0,18,3,0.5,0.30925,180,0,0,154601
0,22,2,0.5,0.31222,180,0,0,154618
-1,28,2,0.5,0.316,180,0,0,154634
-1,31,0,0.5,0.320185,180,0,0,154651
0,35,1,0.5,0.32491,180,0,0,154668
0,39,0,0.5,0.330175,180,0,0,154683
0,39,0,0.5,0.33544,180,0,0,154700
4,40,5,0.5,0.34084,180,0,0,154719
1,38,3,0.5,0.34597,180,0,0,154734
0,37,3,0.5,0.350965,180,0,0,154751
0,32,2,0.5,0.355285,180,0,0,154768
0,25,1,0.5,0.35866,180,0,0,154785
0,20,0,0.5,0.36136,180,0,0,154800
0,16,2,0.5,0.36352,180,0,0,154817
1,16,3,0.5,0.36568,180,0,0,154834
0,15,5,0.5,0.367705,180,0,0,154851
0,14,4,0.5,0.369595,180,0,0,154868
0,12,5,0.5,0.371215,180,0,0,154885
0,12,5,0.5,0.372835,180,0,0,154901
0,12,5,0.5,0.374455,180,0,0,154919
0,34,12,0.5,0.379045,180,0,0,154936
0,19,6,0.5,0.38161,180,0,0,154952
0,20,8,0.5,0.38431,180,0,0,154969
0,18,7,0.5,0.38674,180,0,0,154986
0,18,7,0.5,0.38917,180,0,0,155001
0,21,8,0.5,0.392005,180,0,0,155020
0,22,8,0.5,0.394975,180,0,0,155037
0,24,9,0.5,0.398215,180,0,0,155052
0,22,8,0.5,0.401185,180,0,0,155069
-2,15,6,0.5,0.40321,180,0,0,155085
0,6,6,0.5,0.40402,180,0,0,155101
1,0,5,0.5,0.40402,180,0,0,155117
0,-6,4,0.5,0.40321,180,0,0,155135
0,-15,5,0.5,0.401185,180,0,0,155151
0,-18,2,0.5,0.398755,180,0,0,155167
0,-21,2,0.5,0.39592,180,0,0,155184
0,-23,2,0.5,0.392815,180,0,0,155200
0,-26,0,0.5,0.389305,180,0,0,155217
0,-24,0,0.5,0.386065,180,0,0,155233
0,-20,-1,0.5,0.383365,180,0,0,155250
-1,-18,0,0.5,0.380935,180,0,0,155267
0,-14,-1,0.5,0.379045,180,0,0,155286
0,-10,-1,0.5,0.377695,180,0,0,155300
0,-7,-1,0.5,0.37675,180,0,0,155317
0,-4,-2,0.5,0.37621,180,0,0,155334
0,5,-1,0.5,0.376885,180,0,0,155350
0,10,0,0.5,0.378235,180,0,1,155367
0,13,0,0.5,0.37999,180,0,0,155383
0,14,1,0.5,0.38188,180,0,0,155402
0,16,1,0.5,0.38404,180,0,0,155417
0,17,2,0.5,0.386335,180,0,0,155434
0,17,2,0.5,0.38863,180,0,1,155453
0,17,2,0.5,0.390925,180,0,1,155467
0,15,2,0.5,0.39295,180,0,1,155484
-2,12,0,0.5,0.39457,180,0,0,155500
3,10,4,0.5,0.39592,180,0,0,155517
0,8,3,0.5,0.397,180,0,0,155534
-2,10,2,0.5,0.39835,180,0,0,155551
-1,13,2,0.5,0.400105,180,0,0,155567
-1,16,1,0.5,0.402265,180,0,0,155583
0,23,2,0.5,0.40537,180,0,0,155602
0,27,3,0.5,0.409015,180,0,0,155617
0,34,4,0.5,0.413605,180,0,0,155634
0,35,4,0.5,0.41833,180,0,0,155653
0,36,6,0.5,0.42319,180,0,0,155672
1,33,7,0.5,0.427645,180,0,0,155686
-1,26,6,0.5,0.431155,180,0,0,155702
-1,19,7,0.5,0.43372,180,0,0,155718
2,22,15,0.5,0.43669,180,0,0,155737
0,1,5,0.5,0.436825,180,0,0,155752
0,-6,4,0.5,0.436015,180,0,0,155768
0,-10,6,0.5,0.434665,180,0,0,155786
0,-12,7,0.5,0.433045,180,0,0,155804
0,-11,7,0.5,0.43156,180,0,0,155818
0,-10,7,0.5,0.43021,180,0,0,155834
-2,-6,7,0.5,0.4294,180,0,0,155851
-1,3,8,0.5,0.429805,180,0,0,155868
0,9,9,0.5,0.43102,180,0,0,155885
0,17,8,0.5,0.433315,180,0,0,155902
2,23,8,0.5,0.43642,180,0,0,155918
0,29,8,0.5,0.440335,180,0,0,155935
1,29,8,0.5,0.44425,180,0,0,155952
0,29,9,0.5,0.448165,180,0,0,155969
0,27,11,0.5,0.45181,180,0,0,155986
-1,26,12,0.5,0.45532,180,0,0,156002
-1,23,13,0.5,0.458425,180,0,0,156019
3,15,12,0.5,0.46045,180,0,0,156036
1,9,14,0.5,0.461665,180,0,0,156055
2,5,16,0.5,0.46234,180,0,0,156070
1,6,14,0.5,0.46315,180,0,0,156090
0,7,12,0.5,0.464095,180,0,0,156103
1,20,12,0.5,0.466795,180,0,0,156121
-2,11,24,0.5,0.46828,180,0,0,156139
-1,8,13,0.5,0.46936,180,0,0,156153
1,6,11,0.5,0.47017,180,0,0,156173
0,7,12,0.5,0.471115,180,0,0,156187
-1,8,10,0.5,0.472195,180,0,0,156204
-1,9,9,0.5,0.47341,180,0,0,156219
0,7,8,0.5,0.474355,180,0,0,156235
2,9,10,0.5,0.47557,180,0,0,156254
-2,7,12,0.5,0.476515,180,0,0,156272
0,4,14,0.5,0.477055,180,0,0,156287
-5,0,14,0.5,0.477055,180,0,0,156304
0,0,18,0.5,0.477055,180,0,0,156320
3,1,17,0.5,0.47719,180,0,0,156338
1,4,13,0.5,0.47773,180,0,0,156354
-3,7,11,0.5,0.478675,180,0,0,156369
2,10,12,0.5,0.480025,180,0,0,156386
-5,11,9,0.5,0.48151,180,0,0,156402
0,10,11,0.5,0.48286,180,0,0,156420
-1,10,10,0.5,0.48421,180,0,0,156436
-10,14,6,0.5,0.4861,180,0,0,156451
-1,19,13,0.5,0.488665,180,0,0,156471
-4,27,13,0.5,0.49231,180,0,0,156486
-7,37,18,0.5,0.497305,180,0,0,156504
-1,30,22,0.5,0.501355,180,0,0,156522
-1,48,47,0.5,0.507835,180,0,0,156551
-9,21,22,0.5,0.51067,180,0,0,156563
2,18,24,0.5,0.5131,180,0,0,156574
0,19,23,0.5,0.515665,180,0,0,156588
0,15,23,0.5,0.51769,180,0,0,156607
-2,12,19,0.5,0.51931,180,0,0,156623
1,8,19,0.5,0.52039,180,0,0,156636
-1,3,17,0.5,0.520795,180,0,0,156656
0,-1,16,0.5,0.52066,180,0,0,156671
-1,0,18,0.5,0.52066,180,0,0,156687
0,-2,17,0.5,0.52039,180,0,0,156705
0,-1,18,0.5,0.520255,180,0,0,156722
0,2,19,0.5,0.520525,180,0,0,156737
0,8,19,0.5,0.521605,180,0,0,156755
0,13,18,0.5,0.52336,180,0,0,156772
0,18,18,0.5,0.52579,180,0,0,156787
0,21,18,0.5,0.528625,180,0,0,156806
0,23,18,0.5,0.53173,180,0,0,156823
0,25,16,0.5,0.535105,180,0,0,156838
-2,27,15,0.5,0.53875,180,0,0,156853
5,23,17,0.5,0.541855,180,0,0,156871
-2,21,13,0.5,0.54469,180,0,0,156886
1,14,14,0.5,0.54658,180,0,0,156905
0,8,15,0.5,0.54766,180,0,0,156921
-4,2,29,0.5,0.54793,180,0,0,156943
0,0,0,0.5,0.54793,180,0,0,156950
2,-10,35,0.5,0.54658,180,0,0,156976
-2,-1,14,0.5,0.546445,180,0,0,156987
2,5,15,0.5,0.54712,180,0,0,157004
0,9,12,0.5,0.548335,180,0,0,157020
-1,12,9,0.5,0.549955,180,0,0,157035
-1,15,10,0.5,0.55198,180,0,0,157058
0,20,10,0.5,0.55468,180,0,0,157069
-1,20,10,0.5,0.55738,180,0,0,157086
1,16,9,0.5,0.55954,180,0,0,157103
-1,10,7,0.5,0.56089,180,0,0,157118
0,3,10,0.5,0.561295,180,0,0,157135
0,-1,10,0.5,0.56116,180,0,0,157154
-4,-2,7,0.5,0.56089,180,0,0,157168
0,-4,12,0.5,0.56035,180,0,0,157186
0,-6,14,0.5,0.55954,180,0,0,157205
0,-4,16,0.5,0.559,180,0,0,157220
-2,0,14,0.5,0.559,180,0,0,157236
3,8,15,0.5,0.56008,180,0,0,157254
0,18,14,0.5,0.56251,180,0,0,157272
0,30,15,0.5,0.56656,180,0,0,157289
1,34,16,0.5,0.57115,180,0,0,157303
-8,33,12,0.5,0.575605,180,0,0,157321
0,48,29,0.5,0.582085,180,0,0,157341
1,12,13,0.5,0.583705,180,0,0,157353
0,10,12,0.5,0.585055,180,0,0,157372
-6,6,9,0.5,0.585865,180,0,0,157390
6,2,17,0.5,0.586135,180,0,0,157404
-2,0,16,0.5,0.586135,180,0,0,157422
-4,0,14,0.5,0.586135,180,0,0,157436
0,1,15,0.5,0.58627,180,0,0,157453
0,8,16,0.5,0.58735,180,0,0,157471
-1,16,11,0.5,0.58951,180,0,0,157486
0,21,12,0.5,0.592345,180,0,0,157503
2,30,12,0.5,0.596395,180,0,0,157520
0,33,11,0.5,0.60085,180,0,0,157535
0,35,11,0.5,0.605575,180,0,0,157553
1,34,11,0.5,0.610165,180,0,0,157570
1,32,10,0.5,0.614485,180,0,0,157585
0,29,9,0.5,0.6184,180,0,0,157602
1,28,12,0.5,0.62218,180,0,0,157619
-5,30,11,0.5,0.62623,180,0,0,157637
-1,30,13,0.5,0.63028,180,0,0,157654
2,31,18,0.5,0.634465,180,0,0,157671
0,30,16,0.5,0.638515,180,0,0,157687
-1,29,17,0.5,0.64243,180,0,0,157704
-1,28,19,0.5,0.64621,180,0,0,157722
0,52,26,0.5,0.65323,180,0,0,157740
0,27,25,0.5,0.656875,180,0,0,157756
4,27,29,0.5,0.66052,180,0,0,157777
-3,28,17,0.5,0.6643,180,0,0,157791
2,25,16,0.5,0.667675,180,0,0,157804
0,27,18,0.5,0.67132,180,0,0,157822
0,26,19,0.5,0.67483,180,0,0,157838
0,21,20,0.5,0.677665,180,0,0,157855
0,13,20,0.5,0.67942,180,0,0,157873
0,11,22,0.5,0.680905,180,0,0,157890
5,8,24,0.5,0.681985,180,0,0,157907
-3,9,18,0.5,0.6832,180,0,1,157922
0,10,19,0.5,0.68455,180,0,1,157938
0,10,15,0.5,0.6859,180,0,1,157954
-1,12,13,0.5,0.68752,180,0,1,157970
1,13,11,0.5,0.689275,180,0,0,157986
0,17,11,0.5,0.69157,180,0,0,158002
-1,20,12,0.5,0.69427,180,0,0,158020
1,25,15,0.5,0.697645,180,0,0,158038
-1,30,15,0.5,0.701695,180,0,0,158054
0,32,17,0.5,0.706015,180,0,0,158071
0,33,19,0.5,0.71,180,0,0,158089
