0,106,-6,0.5,-0.69569,180,0,0,121135
0,55,-3,0.5,-0.688265,180,0,0,121144
0,0,0,0.5,-0.688265,180,0,0,121151
0,52,-2,0.5,-0.681245,180,0,0,121168
0,52,-1,0.5,-0.674225,180,0,0,121185
0,51,-2,0.5,-0.66734,180,0,0,121202
0,107,-7,0.5,-0.652895,180,0,0,121233
0,53,-3,0.5,-0.64574,180,0,0,121243
0,56,-3,0.5,-0.63818,180,0,0,121253
0,54,-2,0.5,-0.63089,180,0,0,121269
0,51,-2,0.5,-0.624005,180,0,0,121286
0,53,-2,0.5,-0.61685,180,0,0,121302
0,54,-1,0.5,-0.60956,180,0,0,121317
1,54,-2,0.5,-0.60227,180,0,0,121334
1,53,-1,0.5,-0.595115,180,0,0,121351
-5,54,-4,0.5,-0.587825,180,0,0,121370
0,52,-2,0.5,-0.580805,180,0,0,121385
0,55,-3,0.5,-0.57338,180,0,0,121402
0,54,-3,0.5,-0.56609,180,0,0,121419
0,51,-1,0.5,-0.559205,180,0,0,121434
2,52,-1,0.5,-0.552185,180,0,0,121451
6,53,1,0.5,-0.54503,180,0,0,121467
1,54,0,0.5,-0.53774,180,0,0,121484
0,52,-3,0.5,-0.53072,180,0,0,121502
0,52,-2,0.5,-0.5237,180,0,0,121518
-3,53,-5,0.5,-0.516545,180,0,0,121535
0,47,0,0.5,-0.5102,180,0,0,121551
0,50,0,0.5,-0.50345,180,0,0,121568
7,46,2,0.5,-0.49724,180,0,0,121585
-1,46,0,0.5,-0.49103,180,0,0,121601
2,95,-1,0.5,-0.478205,180,0,0,121620
-2,46,-1,0.5,-0.471995,180,0,0,121634
0,47,0,0.5,-0.46565,180,0,0,121652
3,43,-1,0.5,-0.459845,180,0,0,121670
0,41,0,0.5,-0.45431,180,0,0,121684
-2,44,0,0.5,-0.44837,180,0,0,121703
0,44,-3,0.5,-0.44243,180,0,0,121719
0,41,-2,0.5,-0.436895,180,0,0,121734
0,43,-2,0.5,-0.43109,180,0,0,121752
6,44,2,0.5,-0.42515,180,0,0,121768
7,42,2,0.5,-0.41948,180,0,0,121785
1,41,0,0.5,-0.413945,180,0,0,121801
2,40,0,0.5,-0.408545,180,0,0,121819
0,41,0,0.5,-0.40301,180,0,0,121834
1,42,0,0.5,-0.39734,180,0,0,121850
-5,43,-3,0.5,-0.391535,180,0,0,121868
0,42,-1,0.5,-0.385865,180,0,0,121885
0,44,-1,0.5,-0.379925,180,0,0,121900
0,39,0,0.5,-0.37466,180,0,0,121919
0,42,-1,0.5,-0.36899,180,0,0,121934
0,39,-2,0.5,-0.363725,180,0,0,121951
0,40,-1,0.5,-0.358325,180,0,0,121968
0,40,-2,0.5,-0.352925,180,0,0,121985
0,77,-2,0.5,-0.34253,180,0,0,122002
0,37,0,0.5,-0.337535,180,0,0,122019
0,35,0,0.5,-0.33281,180,0,0,122035
0,35,0,0.5,-0.328085,180,0,0,122051
-1,33,0,0.5,-0.32363,180,0,0,122068
0,32,-1,0.5,-0.31931,180,0,0,122085
0,28,-3,0.5,-0.31553,180,0,0,122101
0,23,-4,0.5,-0.312425,180,0,0,122121
0,20,-4,0.5,-0.309725,180,0,0,122135
0,18,-5,0.5,-0.307295,180,0,0,122152
0,13,-4,0.5,-0.30554,180,0,0,122170
0,12,-5,0.5,-0.30392,180,0,0,122186
0,8,-5,0.5,-0.30284,180,0,0,122203
0,5,-4,0.5,-0.302165,180,0,0,122220
0,3,-5,0.5,-0.30176,180,0,0,122236
3,0,-3,0.5,-0.30176,180,0,0,122251
-4,-1,-6,0.5,-0.301895,180,0,0,122273
0,-3,-4,0.5,-0.3023,180,0,0,122286
0,-4,-4,0.5,-0.30284,180,0,0,122302
0,-2,-2,0.5,-0.30311,180,0,0,122322
0,-4,-3,0.5,-0.30365,180,0,0,122335
0,-2,-3,0.5,-0.30392,180,0,0,122351
0,-1,-2,0.5,-0.304055,180,0,0,122368
0,-2,-2,0.5,-0.304325,180,0,0,122386
0,-1,-1,0.5,-0.30446,180,0,0,122401
0,-1,-1,0.5,-0.304595,180,0,0,122417
0,-1,-1,0.5,-0.30473,180,0,0,122434
0,-1,-2,0.5,-0.304865,180,0,0,122451
0,0,-1,0.5,-0.304865,180,0,0,122467
0,0,-2,0.5,-0.304865,180,0,0,122485
0,-1,-1,0.5,-0.305,180,0,0,122501
0,0,-1,0.5,-0.305,180,0,0,122518
0,-1,-2,0.5,-0.305135,180,0,0,122534
0,-1,-2,0.5,-0.30527,180,0,0,122551
0,0,-1,0.5,-0.30527,180,0,0,122567
0,0,-1,0.5,-0.30527,180,0,0,122584
0,0,-1,0.5,-0.30527,180,0,0,122601
0,0,-2,0.5,-0.30527,180,0,0,122617
0,0,-1,0.5,-0.30527,180,0,0,122634
0,-1,-1,0.5,-0.305405,180,0,0,122651
0,0,-1,0.5,-0.305405,180,0,0,122667
0,-1,-1,0.5,-0.30554,180,0,0,122684
0,0,-1,0.5,-0.30554,180,0,0,122701
0,0,-1,0.5,-0.30554,180,0,0,122717
0,1,-1,0.5,-0.305405,180,0,0,122734
0,0,-1,0.5,-0.305405,180,0,0,122751
0,0,-1,0.5,-0.305405,180,0,0,122767
0,0,-1,0.5,-0.305405,180,0,0,122784
0,0,-1,0.5,-0.305405,180,0,0,122801
0,1,-1,0.5,-0.30527,180,0,0,122817
0,0,-1,0.5,-0.30527,180,0,0,122834
0,0,-1,0.5,-0.30527,180,0,0,122851
0,1,0,0.5,-0.305135,180,0,0,122867
0,0,-1,0.5,-0.305135,180,0,0,122886
0,0,0,0.5,-0.305135,180,0,0,122900
0,0,0,0.5,-0.305135,180,0,0,122917
0,0,0,0.5,-0.305135,180,0,0,122933
0,1,0,0.5,-0.305,180,0,0,122951
0,0,0,0.5,-0.305,180,0,0,122967
0,0,0,0.5,-0.305,180,0,0,122984
0,0,0,0.5,-0.305,180,0,0,123000
0,0,0,0.5,-0.305,180,0,0,123017
0,1,0,0.5,-0.304865,180,0,0,123034
0,0,0,0.5,-0.304865,180,0,0,123050
0,0,0,0.5,-0.304865,180,0,0,123067
0,0,0,0.5,-0.304865,180,0,0,123083
0,0,0,0.5,-0.304865,180,0,0,123100
0,0,0,0.5,-0.304865,180,0,0,123117
0,1,0,0.5,-0.30473,180,0,0,123134
0,0,0,0.5,-0.30473,180,0,0,123150
0,0,1,0.5,-0.30473,180,0,0,123167
0,0,0,0.5,-0.30473,180,0,0,123184
0,0,0,0.5,-0.30473,180,0,0,123200
0,0,0,0.5,-0.30473,180,0,0,123216
0,0,0,0.5,-0.30473,180,0,0,123233
0,0,0,0.5,-0.30473,180,0,0,123250
0,0,0,0.5,-0.30473,180,0,0,123266
0,1,0,0.5,-0.304595,180,0,0,123284
0,0,0,0.5,-0.304595,180,0,0,123300
0,1,0,0.5,-0.30446,180,0,0,123317
0,0,0,0.5,-0.30446,180,0,0,123333
0,0,0,0.5,-0.30446,180,0,0,123350
0,1,0,0.5,-0.304325,180,0,0,123367
0,0,1,0.5,-0.304325,180,0,0,123384
0,0,0,0.5,-0.304325,180,0,0,123400
0,1,1,0.5,-0.30419,180,0,0,123417
0,0,1,0.5,-0.30419,180,0,0,123436
0,0,1,0.5,-0.30419,180,0,0,123450
0,0,1,0.5,-0.30419,180,0,0,123467
0,0,0,0.5,-0.30419,180,0,0,123483
0,0,1,0.5,-0.30419,180,0,0,123501
0,1,1,0.5,-0.304055,180,0,0,123517
0,0,1,0.5,-0.304055,180,0,0,123534
0,1,1,0.5,-0.30392,180,0,0,123551
0,0,1,0.5,-0.30392,180,0,0,123568
0,1,0,0.5,-0.303785,180,0,0,123584
-1,0,0,0.5,-0.303785,180,0,0,123600
0,1,1,0.5,-0.30365,180,0,0,123617
2,0,2,0.5,-0.30365,180,0,0,123635
0,0,1,0.5,-0.30365,180,0,0,123650
0,1,1,0.5,-0.303515,180,0,0,123667
0,1,1,0.5,-0.30338,180,0,0,123684
0,1,2,0.5,-0.303245,180,0,0,123702
0,1,0,0.5,-0.30311,180,0,0,123717
0,0,1,0.5,-0.30311,180,0,0,123734
0,1,1,0.5,-0.302975,180,0,0,123751
3,0,4,0.5,-0.302975,180,0,0,123770
-1,0,0,0.5,-0.302975,180,0,0,123787
0,1,1,0.5,-0.30284,180,0,0,123804
0,0,1,0.5,-0.30284,180,0,0,123817
0,0,1,0.5,-0.30284,180,0,0,123835
0,1,1,0.5,-0.302705,180,0,0,123852
0,0,1,0.5,-0.302705,180,0,0,123868
0,1,1,0.5,-0.30257,180,0,0,123886
0,1,1,0.5,-0.302435,180,0,0,123902
0,0,1,0.5,-0.302435,180,0,0,123917
0,1,1,0.5,-0.3023,180,0,0,123934
0,0,1,0.5,-0.3023,180,0,0,123950
0,1,1,0.5,-0.302165,180,0,0,123967
-4,0,0,0.5,-0.302165,180,0,0,123983
0,1,1,0.5,-0.30203,180,0,0,124000
0,0,1,0.5,-0.30203,180,0,0,124017
-2,2,2,0.5,-0.30176,180,0,0,124034
0,1,1,0.5,-0.301625,180,0,0,124051
0,0,1,0.5,-0.301625,180,0,0,124067
0,1,1,0.5,-0.30149,180,0,0,124084
3,0,3,0.5,-0.30149,180,0,0,124101
0,1,1,0.5,-0.301355,180,0,0,124117
0,0,1,0.5,-0.301355,180,0,0,124134
0,0,1,0.5,-0.301355,180,0,0,124150
0,1,1,0.5,-0.30122,180,0,0,124167
0,1,1,0.5,-0.301085,180,0,0,124184
0,1,1,0.5,-0.30095,180,0,0,124201
0,1,1,0.5,-0.300815,180,0,0,124221
0,0,1,0.5,-0.300815,180,0,0,124235
0,1,1,0.5,-0.30068,180,0,0,124251
0,1,1,0.5,-0.300545,180,0,0,124268
0,0,1,0.5,-0.300545,180,0,0,124283
0,1,1,0.5,-0.30041,180,0,0,124301
0,0,1,0.5,-0.30041,180,0,0,124318
0,1,1,0.5,-0.300275,180,0,0,124334
0,0,1,0.5,-0.300275,180,0,0,124351
0,1,1,0.5,-0.30014,180,0,0,124367
0,1,1,0.5,-0.300005,180,0,0,124385
0,0,1,0.5,-0.300005,180,0,0,124400
0,0,1,0.5,-0.300005,180,0,0,124417
0,2,2,0.5,-0.299735,180,0,0,124434
0,1,1,0.5,-0.2996,180,0,0,124451
0,0,1,0.5,-0.2996,180,0,0,124468
0,1,1,0.5,-0.299465,180,0,0,124485
0,1,1,0.5,-0.29933,180,0,0,124501
0,0,0,0.5,-0.29933,180,0,0,124517
0,1,1,0.5,-0.299195,180,0,0,124536
0,0,0,0.5,-0.299195,180,0,0,124550
0,0,1,0.5,-0.299195,180,0,0,124568
0,1,1,0.5,-0.29906,180,0,0,124584
0,1,1,0.5,-0.298925,180,0,0,124600
-3,0,0,0.5,-0.298925,180,0,0,124618
0,1,1,0.5,-0.29879,180,0,0,124635
0,0,0,0.5,-0.29879,180,0,0,124651
-3,1,1,0.5,-0.298655,180,0,0,124670
-1,0,0,0.5,-0.298655,180,0,0,124684
0,0,0,0.5,-0.298655,180,0,0,124700
3,1,1,0.5,-0.29852,180,0,0,124718
0,1,0,0.5,-0.298385,180,0,0,124735
-3,0,0,0.5,-0.298385,180,0,0,124750
0,0,0,0.5,-0.298385,180,0,0,124769
0,1,0,0.5,-0.29825,180,0,0,124786
0,0,0,0.5,-0.29825,180,0,0,124800
0,0,0,0.5,-0.29825,180,0,0,124817
0,0,0,0.5,-0.29825,180,0,0,124833
0,0,0,0.5,-0.29825,180,0,0,124850
0,0,0,0.5,-0.29825,180,0,0,124867
0,1,0,0.5,-0.298115,180,0,0,124883
0,0,0,0.5,-0.298115,180,0,0,124900
0,0,0,0.5,-0.298115,180,0,0,124917
0,0,0,0.5,-0.298115,180,0,0,124933
0,0,0,0.5,-0.298115,180,0,0,124950
0,0,0,0.5,-0.298115,180,0,0,124967
0,0,0,0.5,-0.298115,180,0,0,124983
0,0,0,0.5,-0.298115,180,0,0,125000
0,0,0,0.5,-0.298115,180,0,0,125017
0,0,0,0.5,-0.298115,180,0,0,125033
0,0,0,0.5,-0.298115,180,0,0,125050
0,0,0,0.5,-0.298115,180,0,0,125067
0,0,0,0.5,-0.298115,180,0,0,125083
0,0,0,0.5,-0.298115,180,0,0,125100
0,0,0,0.5,-0.298115,180,0,0,125117
0,0,0,0.5,-0.298115,180,0,0,125133
0,0,0,0.5,-0.298115,180,0,0,125150
0,0,-1,0.5,-0.298115,180,0,0,125167
0,0,0,0.5,-0.298115,180,0,0,125183
0,0,0,0.5,-0.298115,180,0,0,125200
0,0,0,0.5,-0.298115,180,0,0,125217
0,0,0,0.5,-0.298115,180,0,0,125233
3,0,0,0.5,-0.298115,180,0,0,125250
0,-1,-1,0.5,-0.29825,180,0,0,125268
0,0,0,0.5,-0.29825,180,0,0,125283
0,0,0,0.5,-0.29825,180,0,0,125300
0,-1,0,0.5,-0.298385,180,0,0,125317
0,0,0,0.5,-0.298385,180,0,0,125333
0,0,0,0.5,-0.298385,180,0,0,125350
0,0,0,0.5,-0.298385,180,0,0,125367
0,-1,-1,0.5,-0.29852,180,0,0,125384
0,0,0,0.5,-0.29852,180,0,0,125401
0,0,0,0.5,-0.29852,180,0,0,125417
0,0,0,0.5,-0.29852,180,0,0,125433
0,0,-1,0.5,-0.29852,180,0,0,125451
0,0,0,0.5,-0.29852,180,0,0,125468
0,-1,-1,0.5,-0.298655,180,0,0,125484
0,0,-2,0.5,-0.298655,180,0,0,125501
0,0,0,0.5,-0.298655,180,0,0,125517
0,0,0,0.5,-0.298655,180,0,0,125534
0,-1,0,0.5,-0.29879,180,0,0,125550
0,-1,-1,0.5,-0.298925,180,0,0,125568
0,0,0,0.5,-0.298925,180,0,0,125583
0,0,0,0.5,-0.298925,180,0,0,125600
0,0,-1,0.5,-0.298925,180,0,0,125618
0,0,0,0.5,-0.298925,180,0,0,125634
0,-1,-1,0.5,-0.29906,180,0,0,125651
3,0,1,0.5,-0.29906,180,0,0,125667
1,0,0,0.5,-0.29906,180,0,0,125684
1,0,0,0.5,-0.29906,180,0,0,125700
4,-1,1,0.5,-0.299195,180,0,0,125718
-7,0,-3,0.5,-0.299195,180,0,0,125735
3,-1,-1,0.5,-0.29933,180,0,0,125751
-2,0,0,0.5,-0.29933,180,0,0,125767
1,0,-1,0.5,-0.29933,180,0,0,125784
-1,0,0,0.5,-0.29933,180,0,0,125800
0,0,0,0.5,-0.29933,180,0,0,125817
0,-1,0,0.5,-0.299465,180,0,0,125834
0,0,0,0.5,-0.299465,180,0,0,125850
0,0,-1,0.5,-0.299465,180,0,0,125867
1,-1,0,0.5,-0.2996,180,0,0,125885
0,0,-1,0.5,-0.2996,180,0,0,125901
0,0,0,0.5,-0.2996,180,0,0,125917
0,0,0,0.5,-0.2996,180,0,0,125934
0,0,0,0.5,-0.2996,180,0,0,125950
0,-1,0,0.5,-0.299735,180,0,0,125967
1,0,0,0.5,-0.299735,180,0,0,125985
0,0,0,0.5,-0.299735,180,0,0,126000
0,0,0,0.5,-0.299735,180,0,0,126017
0,0,0,0.5,-0.299735,180,0,0,126033
0,0,-1,0.5,-0.299735,180,0,0,126050
0,0,0,0.5,-0.299735,180,0,0,126066
0,0,0,0.5,-0.299735,180,0,0,126083
0,0,0,0.5,-0.299735,180,0,0,126100
0,0,0,0.5,-0.299735,180,0,0,126116
-1,0,0,0.5,-0.299735,180,0,0,126133
0,0,0,0.5,-0.299735,180,0,0,126150
0,0,0,0.5,-0.299735,180,0,0,126166
-1,0,-1,0.5,-0.299735,180,0,0,126184
1,0,-1,0.5,-0.299735,180,0,0,126201
0,-1,0,0.5,-0.29987,180,0,0,126217
0,0,0,0.5,-0.29987,180,0,0,126233
0,0,0,0.5,-0.29987,180,0,0,126250
0,0,0,0.5,-0.29987,180,0,0,126266
0,0,0,0.5,-0.29987,180,0,0,126283
0,0,0,0.5,-0.29987,180,0,0,126300
0,0,0,0.5,-0.29987,180,0,0,126317
0,0,0,0.5,-0.29987,180,0,0,126333
0,0,-1,0.5,-0.29987,180,0,0,126351
0,0,-1,0.5,-0.29987,180,0,0,126367
0,0,0,0.5,-0.29987,180,0,0,126383
0,0,0,0.5,-0.29987,180,0,0,126401
0,0,0,0.5,-0.29987,180,0,0,126417
0,0,0,0.5,-0.29987,180,0,0,126434
0,0,0,0.5,-0.29987,180,0,0,126450
0,0,0,0.5,-0.29987,180,0,0,126467
0,0,0,0.5,-0.29987,180,0,0,126483
0,0,0,0.5,-0.29987,180,0,0,126500
0,0,0,0.5,-0.29987,180,0,0,126517
0,0,0,0.5,-0.29987,180,0,0,126533
0,0,0,0.5,-0.29987,180,0,0,126550
0,0,0,0.5,-0.29987,180,0,0,126566
0,0,0,0.5,-0.29987,180,0,0,126583
0,0,0,0.5,-0.29987,180,0,0,126600
0,0,0,0.5,-0.29987,180,0,0,126616
0,0,0,0.5,-0.29987,180,0,0,126633
0,0,0,0.5,-0.29987,180,0,0,126650
0,0,0,0.5,-0.29987,180,0,0,126666
0,0,0,0.5,-0.29987,180,0,0,126683
0,0,0,0.5,-0.29987,180,0,0,126700
-1,0,0,0.5,-0.29987,180,0,0,126718
0,0,0,0.5,-0.29987,180,0,0,126733
0,0,0,0.5,-0.29987,180,0,0,126750
0,0,1,0.5,-0.29987,180,0,0,126767
0,0,0,0.5,-0.29987,180,0,0,126783
0,0,0,0.5,-0.29987,180,0,0,126800
0,0,0,0.5,-0.29987,180,0,0,126817
0,0,0,0.5,-0.29987,180,0,0,126833
0,0,0,0.5,-0.29987,180,0,0,126850
0,1,0,0.5,-0.299735,180,0,0,126867
0,0,0,0.5,-0.299735,180,0,0,126883
0,0,0,0.5,-0.299735,180,0,0,126900
0,0,0,0.5,-0.299735,180,0,0,126916
0,0,0,0.5,-0.299735,180,0,0,126933
0,0,0,0.5,-0.299735,180,0,0,126950
0,0,0,0.5,-0.299735,180,0,0,126966
0,0,0,0.5,-0.299735,180,0,0,126983
0,1,0,0.5,-0.2996,180,0,0,127000
0,0,0,0.5,-0.2996,180,0,0,127017
0,0,0,0.5,-0.2996,180,0,0,127033
0,0,0,0.5,-0.2996,180,0,0,127050
0,0,-1,0.5,-0.2996,180,0,0,127067
0,0,0,0.5,-0.2996,180,0,0,127083
0,0,0,0.5,-0.2996,180,0,0,127100
0,0,0,0.5,-0.2996,180,0,0,127117
0,0,0,0.5,-0.2996,180,0,0,127133
0,0,0,0.5,-0.2996,180,0,0,127150
3,0,1,0.5,-0.2996,180,0,0,127167
0,0,0,0.5,-0.2996,180,0,0,127183
0,-1,0,0.5,-0.299735,180,0,0,127200
0,-4,0,0.5,-0.300275,180,0,0,127221
0,-1,1,0.5,-0.30041,180,0,0,127236
0,-2,1,0.5,-0.30068,180,0,0,127251
0,-3,1,0.5,-0.301085,180,0,0,127268
-7,-12,4,0.5,-0.302705,180,0,0,127286
-2,-4,5,0.5,-0.303245,180,0,0,127301
4,9,8,0.5,-0.30203,180,0,0,127319
1,18,5,0.5,-0.2996,180,0,0,127335
2,29,7,0.5,-0.295685,180,0,0,127353
-4,34,2,0.5,-0.291095,180,0,0,127368
0,35,3,0.5,-0.28637,180,0,0,127385
0,31,4,0.5,-0.282185,180,0,0,127402
-1,32,3,0.5,-0.277865,180,0,0,127418
-3,31,1,0.5,-0.27368,180,0,0,127434
7,30,5,0.5,-0.26963,180,0,0,127452
1,26,2,0.5,-0.26612,180,0,0,127469
-3,24,-2,0.5,-0.26288,180,0,0,127484
0,22,-2,0.5,-0.25991,180,0,0,127501
0,19,-2,0.5,-0.257345,180,0,0,127518
0,18,-4,0.5,-0.254915,180,0,0,127535
0,20,-4,0.5,-0.252215,180,0,0,127551
0,20,-3,0.5,-0.249515,180,0,0,127569
0,23,-3,0.5,-0.24641,180,0,0,127584
0,26,-2,0.5,-0.2429,180,0,0,127601
0,26,-4,0.5,-0.23939,180,0,0,127619
0,26,-6,0.5,-0.23588,180,0,0,127635
0,36,-13,0.5,-0.23102,180,0,0,127654
0,17,-6,0.5,-0.228725,180,0,0,127670
0,17,-6,0.5,-0.22643,180,0,0,127685
0,23,-5,0.5,-0.223325,180,0,0,127702
0,26,-4,0.5,-0.219815,180,0,0,127719
0,29,-2,0.5,-0.2159,180,0,0,127734
0,30,0,0.5,-0.21185,180,0,0,127751
0,34,0,0.5,-0.20726,180,0,0,127767
0,37,0,0.5,-0.202265,180,0,0,127783
0,39,0,0.5,-0.197,180,0,0,127801
0,42,0,0.5,-0.19133,180,0,0,127819
0,42,0,0.5,-0.18566,180,0,0,127834
0,45,0,0.5,-0.179585,180,0,0,127853
0,46,-1,0.5,-0.173375,180,0,0,127868
0,46,-3,0.5,-0.167165,180,0,0,127884
0,46,-4,0.5,-0.160955,180,0,0,127901
4,45,-3,0.5,-0.15488,180,0,0,127919
0,40,-1,0.5,-0.14948,180,0,0,127934
-1,45,-2,0.5,-0.143405,180,0,0,127954
1,48,-4,0.5,-0.136925,180,0,0,127969
0,47,-3,0.5,-0.13058,180,0,0,127985
0,48,-4,0.5,-0.1241,180,0,0,128002
0,50,-5,0.5,-0.11735,180,0,0,128021
0,90,-10,0.5,-0.1052,180,0,0,128039
0,0,0,0.5,-0.1052,180,0,0,128051
0,78,-15,0.5,-0.09467,180,0,0,128073
0,35,-8,0.5,-0.089945,180,0,0,128087
0,33,-9,0.5,-0.08549,180,0,0,128102
0,29,-8,0.5,-0.081575,180,0,0,128121
0,31,-8,0.5,-0.07739,180,0,0,128135
0,30,-7,0.5,-0.07334,180,0,0,128152
0,31,-7,0.5,-0.069155,180,0,0,128171
0,33,-7,0.5,-0.0647,180,0,0,128187
0,33,-6,0.5,-0.060245,180,0,0,128202
0,40,-8,0.5,-0.054845,180,0,0,128219
0,38,-9,0.5,-0.049715,180,0,0,128236
0,37,-12,0.5,-0.04472,180,0,0,128253
0,34,-12,0.5,-0.04013,180,0,0,128275
0,33,-12,0.5,-0.035675,180,0,0,128287
-2,32,-12,0.5,-0.031355,180,0,0,128303
0,33,-10,0.5,-0.0269,180,0,0,128324
0,35,-11,0.5,-0.022175,180,0,0,128337
3,37,-12,0.5,-0.01718,180,0,0,128353
0,34,-10,0.5,-0.01259,180,0,0,128372
-3,30,-10,0.5,-0.00854,180,0,0,128386
-1,28,-11,0.5,-0.00476,180,0,0,128403
0,24,-11,0.5,-0.00152,180,0,0,128422
0,21,-13,0.5,0.001315,180,0,0,128437
-4,39,-25,0.5,0.00658,180,0,0,128458
0,0,-7,0.5,0.00658,180,0,0,128470
0,25,-21,0.5,0.009955,180,0,0,128488
0,8,-8,0.5,0.011035,180,0,0,128502
0,3,-8,0.5,0.01144,180,0,0,128520
0,-1,-8,0.5,0.011305,180,0,0,128538
0,-3,-6,0.5,0.0109,180,0,0,128552
0,-4,-6,0.5,0.01036,180,0,0,128569
-1,-3,-5,0.5,0.009955,180,0,0,128585
0,-2,-4,0.5,0.009685,180,0,0,128602
3,-1,-3,0.5,0.00955,180,0,0,128617
0,1,-4,0.5,0.009685,180,0,0,128634
0,2,-3,0.5,0.009955,180,0,0,128651
0,3,-3,0.5,0.01036,180,0,0,128668
0,3,-3,0.5,0.010765,180,0,0,128685
-3,2,-5,0.5,0.011035,180,0,0,128701
0,4,-3,0.5,0.011575,180,0,0,128718
1,1,-2,0.5,0.01171,180,0,0,128736
0,1,-3,0.5,0.011845,180,0,0,128752
0,-1,-3,0.5,0.01171,180,0,0,128767
0,0,-3,0.5,0.01171,180,0,0,128784
0,-2,-3,0.5,0.01144,180,0,0,128802
0,-2,-2,0.5,0.01117,180,0,0,128817
0,-3,-3,0.5,0.010765,180,0,0,128834
0,-5,-6,0.5,0.01009,180,0,0,128856
0,-1,-3,0.5,0.009955,180,0,0,128870
0,-1,-3,0.5,0.00982,180,0,0,128884
0,-1,-3,0.5,0.009685,180,0,0,128903
0,-1,-3,0.5,0.00955,180,0,0,128918
0,0,-2,0.5,0.00955,180,0,0,128934
0,1,-2,0.5,0.009685,180,0,0,128951
0,-1,-2,0.5,0.00955,180,0,0,128968
0,1,-2,0.5,0.009685,180,0,0,128984
0,0,-2,0.5,0.009685,180,0,0,129001
0,0,-1,0.5,0.009685,180,0,0,129020
0,0,-2,0.5,0.009685,180,0,0,129034
0,-1,-2,0.5,0.00955,180,0,0,129052
0,-1,-3,0.5,0.009415,180,0,0,129070
0,0,-3,0.5,0.009415,180,0,0,129084
0,0,-3,0.5,0.009415,180,0,0,129101
0,0,-3,0.5,0.009415,180,0,0,129118
0,1,-3,0.5,0.00955,180,0,0,129134
0,1,-3,0.5,0.009685,180,0,0,129152
0,2,-3,0.5,0.009955,180,0,0,129168
0,3,-3,0.5,0.01036,180,0,0,129186
2,2,-3,0.5,0.01063,180,0,0,129202
0,3,-3,0.5,0.011035,180,0,0,129222
0,3,-3,0.5,0.01144,180,0,0,129234
0,7,-6,0.5,0.012385,180,0,0,129255
0,2,-2,0.5,0.012655,180,0,0,129268
0,4,-3,0.5,0.013195,180,0,0,129285
-1,3,-3,0.5,0.0136,180,0,0,129301
5,2,-1,0.5,0.01387,180,0,0,129318
0,2,-2,0.5,0.01414,180,0,0,129334
0,1,-3,0.5,0.014275,180,0,0,129351
0,0,-3,0.5,0.014275,180,0,0,129369
0,0,-2,0.5,0.014275,180,0,0,129385
0,1,-2,0.5,0.01441,180,0,0,129401
0,-1,-2,0.5,0.014275,180,0,0,129417
-2,0,-1,0.5,0.014275,180,0,0,129434
0,0,-1,0.5,0.014275,180,0,0,129450
0,-1,-1,0.5,0.01414,180,0,0,129467
0,0,-1,0.5,0.01414,180,0,0,129484
0,-1,-1,0.5,0.014005,180,0,0,129500
0,0,-1,0.5,0.014005,180,0,0,129517
0,-1,-1,0.5,0.01387,180,0,0,129533
0,-1,-1,0.5,0.013735,180,0,0,129550
2,-1,-1,0.5,0.0136,180,0,0,129567
1,0,0,0.5,0.0136,180,0,0,129583
0,0,-1,0.5,0.0136,180,0,0,129600
0,0,-1,0.5,0.0136,180,0,0,129617
3,0,1,0.5,0.0136,180,0,0,129634
0,0,-1,0.5,0.0136,180,0,0,129650
0,0,-1,0.5,0.0136,180,0,0,129667
0,0,-1,0.5,0.0136,180,0,0,129683
-2,0,-2,0.5,0.0136,180,0,0,129701
1,1,0,0.5,0.013735,180,0,0,129717
2,0,0,0.5,0.013735,180,0,0,129734
0,1,-1,0.5,0.01387,180,0,0,129752
0,0,-1,0.5,0.01387,180,0,0,129769
0,0,0,0.5,0.01387,180,0,0,129783
0,0,0,0.5,0.01387,180,0,0,129801
0,0,-2,0.5,0.01387,180,0,0,129817
0,0,0,0.5,0.01387,180,0,0,129833
0,0,-1,0.5,0.01387,180,0,0,129850
0,0,0,0.5,0.01387,180,0,0,129866
2,0,0,0.5,0.01387,180,0,0,129883
-3,0,-1,0.5,0.01387,180,0,0,129901
0,0,0,0.5,0.01387,180,0,0,129916
0,0,-1,0.5,0.01387,180,0,0,129934
0,0,0,0.5,0.01387,180,0,0,129950
0,0,0,0.5,0.01387,180,0,0,129966
0,0,0,0.5,0.01387,180,0,0,129983
0,0,0,0.5,0.01387,180,0,0,130000
0,0,0,0.5,0.01387,180,0,0,130017
0,0,0,0.5,0.01387,180,0,0,130033
0,1,0,0.5,0.014005,180,0,0,130051
0,1,0,0.5,0.01414,180,0,0,130067
0,0,0,0.5,0.01414,180,0,0,130083
0,0,0,0.5,0.01414,180,0,0,130100
0,0,0,0.5,0.01414,180,0,0,130116
0,0,0,0.5,0.01414,180,0,0,130133
0,0,0,0.5,0.01414,180,0,0,130150
0,0,0,0.5,0.01414,180,0,0,130166
0,0,0,0.5,0.01414,180,0,0,130183
0,0,0,0.5,0.01414,180,0,0,130200
0,0,0,0.5,0.01414,180,0,0,130217
0,0,0,0.5,0.01414,180,0,0,130233
0,0,0,0.5,0.01414,180,0,0,130251
-2,0,0,0.5,0.01414,180,0,0,130268
0,0,0,0.5,0.01414,180,0,0,130283
0,0,1,0.5,0.01414,180,0,0,130301
0,0,0,0.5,0.01414,180,0,0,130316
4,1,1,0.5,0.014275,180,0,0,130335
0,0,0,0.5,0.014275,180,0,0,130350
-2,0,0,0.5,0.014275,180,0,0,130369
0,1,1,0.5,0.01441,180,0,0,130384
2,0,0,0.5,0.01441,180,0,0,130402
1,0,0,0.5,0.01441,180,0,0,130417
-2,1,1,0.5,0.014545,180,0,0,130436
0,0,0,0.5,0.014545,180,0,0,130450
0,1,1,0.5,0.01468,180,0,0,130468
2,0,1,0.5,0.01468,180,0,0,130484
0,0,0,0.5,0.01468,180,0,0,130501
0,1,0,0.5,0.014815,180,0,0,130517
0,0,0,0.5,0.014815,180,0,0,130533
-3,1,-1,0.5,0.01495,180,0,0,130551
0,0,0,0.5,0.01495,180,0,0,130567
0,1,1,0.5,0.015085,180,0,0,130584
2,0,0,0.5,0.015085,180,0,0,130601
0,0,0,0.5,0.015085,180,0,0,130617
1,0,0,0.5,0.015085,180,0,0,130633
0,0,1,0.5,0.015085,180,0,0,130651
0,0,2,0.5,0.015085,180,0,0,130667
0,1,1,0.5,0.01522,180,0,0,130684
1,1,0,0.5,0.015355,180,0,0,130701
0,0,2,0.5,0.015355,180,0,0,130718
0,0,0,0.5,0.015355,180,0,0,130733
-1,1,-1,0.5,0.01549,180,0,0,130750
-2,0,1,0.5,0.01549,180,0,0,130767
2,1,1,0.5,0.015625,180,0,0,130784
0,1,0,0.5,0.01576,180,0,0,130800
-2,1,0,0.5,0.015895,180,0,0,130816
1,0,1,0.5,0.015895,180,0,0,130833
0,1,1,0.5,0.01603,180,0,0,130851
-2,1,1,0.5,0.016165,180,0,0,130869
0,1,1,0.5,0.0163,180,0,0,130883
1,0,1,0.5,0.0163,180,0,0,130901
0,0,0,0.5,0.0163,180,0,0,130920
-4,1,0,0.5,0.016435,180,0,0,130933
-2,0,0,0.5,0.016435,180,0,0,130950
2,0,3,0.5,0.016435,180,0,0,130968
1,0,1,0.5,0.016435,180,0,0,130984
0,1,-1,0.5,0.01657,180,0,0,131001
-3,0,1,0.5,0.01657,180,0,0,131017
0,1,1,0.5,0.016705,180,0,0,131033
0,0,1,0.5,0.016705,180,0,0,131050
0,1,1,0.5,0.01684,180,0,0,131067
2,0,1,0.5,0.01684,180,0,0,131084
0,0,1,0.5,0.01684,180,0,0,131100
0,0,0,0.5,0.01684,180,0,0,131116
0,0,1,0.5,0.01684,180,0,0,131134
0,0,0,0.5,0.01684,180,0,0,131150
0,0,0,0.5,0.01684,180,0,0,131167
0,0,0,0.5,0.01684,180,0,0,131183
0,0,0,0.5,0.01684,180,0,0,131200
-1,1,-1,0.5,0.016975,180,0,0,131217
1,2,0,0.5,0.017245,180,0,0,131234
0,1,0,0.5,0.01738,180,0,0,131251
0,0,0,0.5,0.01738,180,0,0,131267
0,0,0,0.5,0.01738,180,0,0,131283
0,0,0,0.5,0.01738,180,0,0,131300
0,0,0,0.5,0.01738,180,0,0,131317
0,0,0,0.5,0.01738,180,0,0,131333
0,0,0,0.5,0.01738,180,0,0,131350
0,0,0,0.5,0.01738,180,0,0,131367
0,0,0,0.5,0.01738,180,0,0,131383
0,0,0,0.5,0.01738,180,0,0,131400
0,0,0,0.5,0.01738,180,0,0,131416
0,0,0,0.5,0.01738,180,0,0,131433
0,0,0,0.5,0.01738,180,0,0,131450
-1,0,0,0.5,0.01738,180,0,0,131467
0,0,0,0.5,0.01738,180,0,0,131483
0,0,0,0.5,0.01738,180,0,0,131500
0,0,0,0.5,0.01738,180,0,0,131516
0,0,0,0.5,0.01738,180,0,0,131533
0,0,0,0.5,0.01738,180,0,0,131550
0,0,0,0.5,0.01738,180,0,0,131566
0,0,0,0.5,0.01738,180,0,0,131583
0,0,0,0.5,0.01738,180,0,0,131600
0,0,0,0.5,0.01738,180,0,0,131616
0,0,0,0.5,0.01738,180,0,0,131633
0,0,0,0.5,0.01738,180,0,0,131650
0,0,0,0.5,0.01738,180,0,0,131666
0,0,0,0.5,0.01738,180,0,0,131683
0,0,0,0.5,0.01738,180,0,0,131700
0,0,0,0.5,0.01738,180,0,0,131716
0,0,0,0.5,0.01738,180,0,0,131733
0,0,0,0.5,0.01738,180,0,0,131750
0,0,0,0.5,0.01738,180,0,0,131766
0,0,0,0.5,0.01738,180,0,0,131783
0,0,0,0.5,0.01738,180,0,0,131799
0,0,0,0.5,0.01738,180,0,0,131816
0,0,0,0.5,0.01738,180,0,0,131833
0,0,0,0.5,0.01738,180,0,0,131849
0,0,0,0.5,0.01738,180,0,0,131866
0,0,0,0.5,0.01738,180,0,0,131883
0,0,0,0.5,0.01738,180,0,0,131900
0,0,0,0.5,0.01738,180,0,0,131916
0,0,0,0.5,0.01738,180,0,0,131933
0,0,0,0.5,0.01738,180,0,0,131949
0,0,0,0.5,0.01738,180,0,0,131966
0,0,0,0.5,0.01738,180,0,0,131983
1,0,1,0.5,0.01738,180,0,0,132000
0,0,0,0.5,0.01738,180,0,0,132016
0,0,0,0.5,0.01738,180,0,0,132033
0,0,0,0.5,0.01738,180,0,0,132050
0,0,0,0.5,0.01738,180,0,0,132067
0,0,0,0.5,0.01738,180,0,0,132083
0,0,0,0.5,0.01738,180,0,0,132100
0,0,0,0.5,0.01738,180,0,0,132117
0,0,0,0.5,0.01738,180,0,0,132133
0,0,0,0.5,0.01738,180,0,0,132149
0,0,0,0.5,0.01738,180,0,0,132166
0,0,0,0.5,0.01738,180,0,0,132183
0,0,0,0.5,0.01738,180,0,0,132199
0,1,0,0.5,0.017515,180,0,0,132217
0,0,0,0.5,0.017515,180,0,0,132233
0,2,0,0.5,0.017785,180,0,0,132250
0,6,0,0.5,0.018595,180,0,0,132267
0,8,0,0.5,0.019675,180,0,0,132283
0,10,0,0.5,0.021025,180,0,0,132300
0,10,-1,0.5,0.022375,180,0,0,132318
0,11,-1,0.5,0.02386,180,0,0,132334
0,12,-1,0.5,0.02548,180,0,0,132350
0,19,-3,0.5,0.028045,180,0,0,132368
0,23,-2,0.5,0.03115,180,0,0,132387
0,28,-2,0.5,0.03493,180,0,0,132401
0,29,-2,0.5,0.038845,180,0,0,132421
0,30,0,0.5,0.042895,180,0,0,132434
0,33,0,0.5,0.04735,180,0,0,132451
0,35,-1,0.5,0.052075,180,0,0,132467
0,85,-1,0.5,0.06355,180,0,0,132483
-4,50,-5,0.5,0.0703,180,0,0,132501
0,54,-3,0.5,0.07759,180,0,0,132518
-1,54,-4,0.5,0.08488,180,0,0,132536
1,57,-3,0.5,0.092575,180,0,0,132551
0,50,-4,0.5,0.099325,180,0,0,132568
0,40,-5,0.5,0.104725,180,0,0,132587
0,32,-3,0.5,0.109045,180,0,0,132602
0,23,-3,0.5,0.11215,180,0,0,132618
1,17,-1,0.5,0.114445,180,0,0,132633
0,12,-2,0.5,0.116065,180,0,0,132651
0,10,-3,0.5,0.117415,180,0,0,132668
0,8,-3,0.5,0.118495,180,0,0,132684
0,11,-4,0.5,0.11998,180,0,0,132701
0,14,-4,0.5,0.12187,180,0,0,132719
0,16,-4,0.5,0.12403,180,0,0,132736
0,20,-5,0.5,0.12673,180,0,0,132751
0,25,-6,0.5,0.130105,180,0,0,132775
-3,30,-7,0.5,0.134155,180,0,0,132785
0,32,-9,0.5,0.138475,180,0,0,132803
0,64,-11,0.5,0.147115,180,0,0,132821
0,0,-8,0.5,0.147115,180,0,0,132836
3,33,-8,0.5,0.15157,180,0,0,132853
2,78,-12,0.5,0.1621,180,0,0,132876
-4,46,-12,0.5,0.16831,180,0,0,132892
1,46,-10,0.5,0.17452,180,0,0,132906
-2,48,-9,0.5,0.181,180,0,0,132920
-1,52,-12,0.5,0.18802,180,0,0,132937
0,52,-11,0.5,0.19504,180,0,0,132952
3,51,-10,0.5,0.201925,180,0,0,132969
-2,53,-14,0.5,0.20908,180,0,0,132987
2,56,-11,0.5,0.21664,180,0,0,133005
0,56,-10,0.5,0.2242,180,0,0,133019
2,57,-7,0.5,0.231895,180,0,0,133037
0,57,-12,0.5,0.23959,180,0,0,133052
-1,56,-13,0.5,0.24715,180,0,0,133073
0,50,-16,0.5,0.2539,180,0,0,133088
0,55,-16,0.5,0.261325,180,0,0,133103
0,48,-15,0.5,0.267805,180,0,0,133126
0,39,-11,0.5,0.27307,180,0,0,133137
7,39,-9,0.5,0.278335,180,0,0,133152
0,41,-10,0.5,0.28387,180,0,0,133174
1,40,-11,0.5,0.28927,180,0,0,133188
0,69,-24,0.5,0.298585,180,0,0,133209
0,0,0,0.5,0.298585,180,0,0,133218
0,32,-18,0.5,0.302905,180,0,0,133241
0,29,-19,0.5,0.30682,180,0,0,133254
0,69,-39,0.5,0.316135,180,0,0,133283
0,38,-15,0.5,0.321265,180,0,0,133296
0,40,-13,0.5,0.326665,180,0,0,133306
1,39,-12,0.5,0.33193,180,0,0,133323
0,39,-13,0.5,0.337195,180,0,0,133337
0,41,-13,0.5,0.34273,180,0,0,133355
5,38,-13,0.5,0.34786,180,0,0,133372
-3,37,-18,0.5,0.352855,180,0,0,133388
1,39,-17,0.5,0.35812,180,0,0,133404
0,38,-15,0.5,0.36325,180,0,0,133424
0,47,-13,0.5,0.369595,180,0,0,133436
-1,49,-13,0.5,0.37621,180,0,0,133454
3,52,-10,0.5,0.38323,180,0,0,133471
-1,52,-11,0.5,0.39025,180,0,0,133487
-1,46,-12,0.5,0.39646,180,0,0,133504
0,46,-14,0.5,0.40267,180,0,0,133520
0,49,-17,0.5,0.409285,180,0,0,133537
0,50,-18,0.5,0.416035,180,0,0,133554
0,51,-17,0.5,0.42292,180,0,0,133575
0,55,-15,0.5,0.430345,180,0,0,133588
0,58,-13,0.5,0.438175,180,0,0,133603
0,56,-10,0.5,0.445735,180,0,0,133621
8,109,-20,0.5,0.46045,180,0,0,133638
0,42,-13,0.5,0.46612,180,0,0,133653
0,38,-15,0.5,0.47125,180,0,0,133672
0,37,-17,0.5,0.476245,180,0,0,133695
0,31,-16,0.5,0.48043,180,0,0,133709
0,23,-14,0.5,0.483535,180,0,0,133725
0,12,-14,0.5,0.485155,180,0,0,133737
-2,5,-16,0.5,0.48583,180,0,0,133754
0,-1,-15,0.5,0.485695,180,0,0,133774
0,-5,-13,0.5,0.48502,180,0,0,133788
2,-5,-11,0.5,0.484345,180,0,0,133804
0,-8,-11,0.5,0.483265,180,0,1,133821
0,-7,-11,0.5,0.48232,180,0,1,133837
0,-10,-11,0.5,0.48097,180,0,1,133852
0,-10,-10,0.5,0.47962,180,0,1,133870
0,-13,-9,0.5,0.477865,180,0,1,133886
0,-12,-7,0.5,0.476245,180,0,1,133902
-1,-11,-6,0.5,0.47476,180,0,1,133918
-1,-14,-4,0.5,0.47287,180,0,1,133935
0,-16,-6,0.5,0.47071,180,0,1,133952
0,-15,-7,0.5,0.468685,180,0,1,133968
0,-12,-10,0.5,0.467065,180,0,1,133986
0,-5,-11,0.5,0.46639,180,0,1,134002
0,0,-11,0.5,0.46639,180,0,1,134021
0,11,-14,0.5,0.467875,180,0,1,134037
0,11,-5,0.5,0.46936,180,0,1,134052
0,14,-3,0.5,0.47125,180,0,1,134068
0,17,-3,0.5,0.473545,180,0,1,134084
0,20,-3,0.5,0.476245,180,0,1,134101
0,22,-2,0.5,0.479215,180,0,1,134117
0,22,-3,0.5,0.482185,180,0,1,134135
3,18,-4,0.5,0.484615,180,0,1,134151
0,13,-9,0.5,0.48637,180,0,1,134169
0,8,-10,0.5,0.48745,180,0,1,134185
0,2,-12,0.5,0.48772,180,0,1,134203
0,-2,-11,0.5,0.48745,180,0,1,134221
0,-5,-11,0.5,0.486775,180,0,1,134236
2,-6,-11,0.5,0.485965,180,0,1,134253
0,-6,-10,0.5,0.485155,180,0,1,134269
-1,-3,-15,0.5,0.48475,180,0,1,134292
2,0,-12,0.5,0.48475,180,0,1,134303
1,4,-15,0.5,0.48529,180,0,1,134320
0,9,-15,0.5,0.486505,180,0,1,134341
0,10,-13,0.5,0.487855,180,0,1,134356
0,12,-14,0.5,0.489475,180,0,1,134372
-3,12,-13,0.5,0.491095,180,0,1,134387
3,13,-11,0.5,0.49285,180,0,1,134408
-3,16,-16,0.5,0.49501,180,0,1,134420
-2,42,-27,0.5,0.50068,180,0,1,134441
3,25,-21,0.5,0.504055,180,0,1,134457
1,29,-15,0.5,0.50797,180,0,1,134473
-2,30,-18,0.5,0.51202,180,0,1,134488
1,33,-16,0.5,0.516475,180,0,1,134504
0,30,-14,0.5,0.520525,180,0,1,134520
0,34,-16,0.5,0.525115,180,0,1,134540
0,36,-15,0.5,0.529975,180,0,1,134555
0,37,-16,0.5,0.53497,180,0,1,134571
0,44,-18,0.5,0.54091,180,0,1,134588
0,43,-18,0.5,0.546715,180,0,1,134604
0,41,-18,0.5,0.55225,180,0,1,134621
0,43,-19,0.5,0.558055,180,0,1,134639
-1,42,-20,0.5,0.563725,180,0,1,134658
-1,40,-19,0.5,0.569125,180,0,1,134674
1,39,-18,0.5,0.57439,180,0,1,134693
-1,44,-17,0.5,0.58033,180,0,1,134706
0,48,-18,0.5,0.58681,180,0,1,134722
6,49,-16,0.5,0.593425,180,0,1,134740
1,47,-18,0.5,0.59977,180,0,1,134756
-1,46,-21,0.5,0.60598,180,0,1,134772
0,43,-21,0.5,0.611785,180,0,1,134789
1,71,-22,0.5,0.62137,180,0,1,134808
0,35,-32,0.5,0.626095,180,0,1,134825
0,0,-2,0.5,0.626095,180,0,1,134834
-5,73,-42,0.5,0.63595,180,0,1,134864
0,36,-20,0.5,0.64081,180,0,1,134877
1,36,-20,0.5,0.64567,180,0,1,134888
6,35,-16,0.5,0.650395,180,0,1,134906
-3,36,-23,0.5,0.655255,180,0,1,134924
-2,27,-19,0.5,0.6589,180,0,1,134939
0,19,-16,0.5,0.661465,180,0,1,134957
3,14,-16,0.5,0.663355,180,0,1,134970
1,10,-16,0.5,0.664705,180,0,1,134987
0,9,-17,0.5,0.66592,180,0,1,135005
0,11,-16,0.5,0.667405,180,0,1,135022
0,12,-14,0.5,0.669025,180,0,1,135042
1,13,-14,0.5,0.67078,180,0,1,135054
0,17,-13,0.5,0.673075,180,0,1,135079
3,20,-13,0.5,0.675775,180,0,1,135087
0,25,-13,0.5,0.67915,180,0,1,135105
0,33,-14,0.5,0.683605,180,0,1,135123
2,37,-11,0.5,0.6886,180,0,1,135137
0,40,-10,0.5,0.694,180,0,1,135154
-2,38,-10,0.5,0.69913,180,0,1,135170
2,32,-10,0.5,0.70345,180,0,1,135185
0,48,-18,0.5,0.70993,180,0,1,135207
0,0,-2,0.5,0.70993,180,0,1,135217
0,36,-19,0.5,0.71,180,0,1,135238
