-1,57,-12,0.5,-0.702305,180,0,0,355510
-1,28,-8,0.5,-0.698525,180,0,0,355520
-2,29,-8,0.5,-0.69461,180,0,0,355527
0,0,0,0.5,-0.69461,180,0,0,355537
0,32,-7,0.5,-0.69029,180,0,0,355559
2,71,-11,0.5,-0.680705,180,0,0,355577
5,40,-3,0.5,-0.675305,180,0,0,355589
-1,40,-7,0.5,-0.669905,180,0,0,355609
0,40,-5,0.5,-0.664505,180,0,0,355623
0,40,-5,0.5,-0.659105,180,0,0,355639
2,41,-3,0.5,-0.65357,180,0,0,355656
2,38,-4,0.5,-0.64844,180,0,0,355674
-2,36,-8,0.5,-0.64358,180,0,0,355690
-1,36,-6,0.5,-0.63872,180,0,0,355707
3,32,-7,0.5,-0.6344,180,0,0,355725
0,34,-7,0.5,-0.62981,180,0,0,355739
0,34,-7,0.5,-0.62522,180,0,0,355758
1,35,-6,0.5,-0.620495,180,0,0,355772
0,37,-7,0.5,-0.6155,180,0,0,355790
0,37,-6,0.5,-0.610505,180,0,0,355807
-1,35,-7,0.5,-0.60578,180,0,0,355825
-1,33,-5,0.5,-0.601325,180,0,0,355840
1,31,-3,0.5,-0.59714,180,0,0,355857
0,25,-3,0.5,-0.593765,180,0,0,355872
0,22,-2,0.5,-0.590795,180,0,0,355888
0,20,-2,0.5,-0.588095,180,0,0,355906
0,15,-2,0.5,-0.58607,180,0,0,355922
0,14,-1,0.5,-0.58418,180,0,0,355938
0,12,0,0.5,-0.58256,180,0,0,355955
0,12,0,0.5,-0.58094,180,0,0,355972
0,22,1,0.5,-0.57797,180,0,0,355992
0,9,1,0.5,-0.576755,180,0,0,356009
0,9,1,0.5,-0.57554,180,0,0,356021
-1,10,3,0.5,-0.57419,180,0,0,356039
2,11,3,0.5,-0.572705,180,0,0,356055
-1,11,2,0.5,-0.57122,180,0,0,356072
3,10,3,0.5,-0.56987,180,0,0,356089
1,9,4,0.5,-0.568655,180,0,0,356106
-2,8,0,0.5,-0.567575,180,0,0,356121
0,6,2,0.5,-0.566765,180,0,0,356138
0,9,2,0.5,-0.56555,180,0,0,356156
0,7,1,0.5,-0.564605,180,0,0,356171
0,10,2,0.5,-0.563255,180,0,0,356188
-1,12,3,0.5,-0.561635,180,0,0,356205
0,12,4,0.5,-0.560015,180,0,0,356222
0,13,6,0.5,-0.55826,180,0,0,356242
0,13,7,0.5,-0.556505,180,0,0,356257
0,12,8,0.5,-0.554885,180,0,0,356273
0,11,7,0.5,-0.5534,180,0,0,356290
0,11,9,0.5,-0.551915,180,0,0,356307
0,8,8,0.5,-0.550835,180,0,0,356323
0,11,9,0.5,-0.54935,180,0,0,356341
0,14,9,0.5,-0.54746,180,0,0,356358
0,19,8,0.5,-0.544895,180,0,0,356373
0,58,19,0.5,-0.537065,180,0,0,356395
0,33,9,0.5,-0.53261,180,0,0,356408
-2,37,6,0.5,-0.527615,180,0,0,356423
1,35,7,0.5,-0.52289,180,0,0,356441
0,33,6,0.5,-0.518435,180,0,0,356457
-6,30,1,0.5,-0.514385,180,0,0,356472
4,28,8,0.5,-0.510605,180,0,0,356492
1,24,5,0.5,-0.507365,180,0,0,356507
-5,20,3,0.5,-0.504665,180,0,0,356522
0,17,4,0.5,-0.50237,180,0,0,356539
0,13,3,0.5,-0.500615,180,0,0,356556
0,11,3,0.5,-0.49913,180,0,0,356572
0,10,3,0.5,-0.49778,180,0,0,356592
0,11,3,0.5,-0.496295,180,0,0,356605
0,12,5,0.5,-0.494675,180,0,0,356622
0,15,7,0.5,-0.49265,180,0,0,356640
0,14,7,0.5,-0.49076,180,0,0,356658
0,17,9,0.5,-0.488465,180,0,0,356674
1,18,10,0.5,-0.486035,180,0,0,356691
1,21,9,0.5,-0.4832,180,0,0,356708
-1,22,7,0.5,-0.48023,180,0,0,356722
0,19,7,0.5,-0.477665,180,0,0,356742
0,19,6,0.5,-0.4751,180,0,0,356757
1,18,7,0.5,-0.47267,180,0,0,356777
-2,33,12,0.5,-0.468215,180,0,0,356792
0,13,7,0.5,-0.46646,180,0,0,356806
0,11,6,0.5,-0.464975,180,0,0,356822
-3,9,3,0.5,-0.46376,180,0,0,356839
-1,8,4,0.5,-0.46268,180,0,0,356858
0,8,4,0.5,-0.4616,180,0,0,356872
0,9,6,0.5,-0.460385,180,0,0,356889
3,10,7,0.5,-0.459035,180,0,0,356906
-4,13,5,0.5,-0.45728,180,0,0,356922
0,15,7,0.5,-0.455255,180,0,0,356941
0,15,6,0.5,-0.45323,180,0,0,356956
0,17,8,0.5,-0.450935,180,0,0,356973
0,17,8,0.5,-0.44864,180,0,0,356992
0,15,10,0.5,-0.446615,180,0,0,357009
0,15,10,0.5,-0.44459,180,0,0,357024
0,15,11,0.5,-0.442565,180,0,0,357041
0,15,11,0.5,-0.44054,180,0,0,357059
0,16,11,0.5,-0.43838,180,0,0,357074
0,17,11,0.5,-0.436085,180,0,0,357091
0,19,11,0.5,-0.43352,180,0,0,357108
1,23,11,0.5,-0.430415,180,0,0,357123
0,2,0,0.5,-0.430145,180,0,0,357138
0,27,10,0.5,-0.4265,180,0,0,357158
1,32,10,0.5,-0.42218,180,0,0,357174
-4,35,7,0.5,-0.417455,180,0,0,357189
1,68,18,0.5,-0.408275,180,0,0,357211
0,35,13,0.5,-0.40355,180,0,0,357227
-2,31,10,0.5,-0.399365,180,0,0,357243
-2,27,7,0.5,-0.39572,180,0,0,357256
2,24,9,0.5,-0.39248,180,0,0,357273
0,23,7,0.5,-0.389375,180,0,0,357290
1,22,5,0.5,-0.386405,180,0,0,357306
-1,21,4,0.5,-0.38357,180,0,0,357322
0,23,5,0.5,-0.380465,180,0,0,357339
0,23,5,0.5,-0.37736,180,0,0,357355
0,26,5,0.5,-0.37385,180,0,0,357372
0,24,6,0.5,-0.37061,180,0,0,357389
0,22,6,0.5,-0.36764,180,0,0,357405
0,19,5,0.5,-0.365075,180,0,0,357423
0,13,5,0.5,-0.36332,180,0,0,357439
0,7,4,0.5,-0.362375,180,0,0,357455
0,3,4,0.5,-0.36197,180,0,0,357472
0,1,3,0.5,-0.361835,180,0,0,357488
0,-1,1,0.5,-0.36197,180,0,0,357504
0,0,1,0.5,-0.36197,180,0,0,357521
0,2,1,0.5,-0.3617,180,0,0,357539
0,4,2,0.5,-0.36116,180,0,0,357555
0,7,2,0.5,-0.360215,180,0,0,357571
0,13,2,0.5,-0.35846,180,0,0,357594
-1,32,6,0.5,-0.35414,180,0,0,357611
1,18,3,0.5,-0.35171,180,0,0,357622
-6,20,2,0.5,-0.34901,180,0,0,357638
0,19,3,0.5,-0.346445,180,0,0,357655
-1,23,2,0.5,-0.34334,180,0,0,357671
-9,23,-2,0.5,-0.340235,180,0,0,357688
-4,24,0,0.5,-0.336995,180,0,0,357706
4,25,3,0.5,-0.33362,180,0,0,357722
0,25,0,0.5,-0.330245,180,0,0,357737
0,21,-1,0.5,-0.32741,180,0,0,357755
2,18,1,0.5,-0.32498,180,0,0,357771
-11,16,-4,0.5,-0.32282,180,0,0,357789
4,11,5,0.5,-0.321335,180,0,0,357808
0,8,2,0.5,-0.320255,180,0,0,357822
0,9,3,0.5,-0.31904,180,0,0,357839
0,12,4,0.5,-0.31742,180,0,0,357855
0,15,4,0.5,-0.315395,180,0,0,357872
0,20,3,0.5,-0.312695,180,0,0,357890
0,22,2,0.5,-0.309725,180,0,0,357906
0,28,2,0.5,-0.305945,180,0,0,357921
-6,30,0,0.5,-0.301895,180,0,0,357937
0,30,0,0.5,-0.297845,180,0,0,357954
0,65,0,0.5,-0.28907,180,0,0,357976
0,29,0,0.5,-0.285155,180,0,0,357988
1,28,0,0.5,-0.281375,180,0,0,358004
-1,24,-1,0.5,-0.278135,180,0,0,358024
0,23,-1,0.5,-0.27503,180,0,0,358038
-5,22,-2,0.5,-0.27206,180,0,0,358055
-6,24,-2,0.5,-0.26882,180,0,0,358072
-6,26,-1,0.5,-0.26531,180,0,1,358091
-3,26,1,0.5,-0.2618,180,0,1,358104
-5,26,1,0.5,-0.25829,180,0,1,358122
-16,27,-4,0.5,-0.254645,180,0,1,358139
-3,27,1,0.5,-0.251,180,0,0,358155
1,27,3,0.5,-0.247355,180,0,0,358172
0,27,3,0.5,-0.24371,180,0,0,358188
0,27,3,0.5,-0.240065,180,0,0,358205
0,27,2,0.5,-0.23642,180,0,0,358222
0,25,2,0.5,-0.233045,180,0,0,358238
-1,25,1,0.5,-0.22967,180,0,0,358257
0,21,0,0.5,-0.226835,180,0,0,358271
0,20,0,0.5,-0.224135,180,0,0,358288
0,20,0,0.5,-0.221435,180,0,0,358305
0,20,0,0.5,-0.218735,180,0,0,358321
0,25,0,0.5,-0.21536,180,0,0,358338
0,27,0,0.5,-0.211715,180,0,0,358354
-1,32,0,0.5,-0.207395,180,0,0,358371
0,37,0,0.5,-0.2024,180,0,0,358387
0,86,-4,0.5,-0.19079,180,0,0,358405
0,43,-3,0.5,-0.184985,180,0,0,358421
0,41,-2,0.5,-0.17945,180,0,0,358439
0,37,-3,0.5,-0.174455,180,0,0,358455
0,35,-2,0.5,-0.16973,180,0,0,358472
0,32,-3,0.5,-0.16541,180,0,0,358488
0,34,-5,0.5,-0.16082,180,0,0,358506
0,35,-3,0.5,-0.156095,180,0,0,358522
0,36,-3,0.5,-0.151235,180,0,0,358539
-5,41,-5,0.5,-0.1457,180,0,0,358555
-5,44,-4,0.5,-0.13976,180,0,0,358572
2,45,-2,0.5,-0.133685,180,0,0,358588
0,45,-3,0.5,-0.12761,180,0,0,358605
-2,45,-2,0.5,-0.121535,180,0,0,358621
-2,44,-4,0.5,-0.115595,180,0,0,358640
2,37,-3,0.5,-0.1106,180,0,0,358655
0,35,-2,0.5,-0.105875,180,0,0,358671
0,33,-5,0.5,-0.10142,180,0,0,358689
0,33,-3,0.5,-0.096965,180,0,0,358709
0,33,-2,0.5,-0.09251,180,0,0,358722
-1,36,-2,0.5,-0.08765,180,0,0,358739
-5,37,-3,0.5,-0.082655,180,0,0,358756
0,41,-2,0.5,-0.07712,180,0,0,358772
0,38,-1,0.5,-0.07199,180,0,0,358789
1,74,-1,0.5,-0.062,180,0,0,358806
-1,31,-1,0.5,-0.057815,180,0,0,358824
3,29,1,0.5,-0.0539,180,0,0,358838
0,24,-1,0.5,-0.05066,180,0,0,358856
0,19,-1,0.5,-0.048095,180,0,0,358871
0,18,-1,0.5,-0.045665,180,0,0,358889
-6,17,-4,0.5,-0.04337,180,0,0,358906
-1,17,2,0.5,-0.041075,180,0,0,358922
0,17,0,0.5,-0.03878,180,0,0,358938
0,16,1,0.5,-0.03662,180,0,0,358955
0,20,1,0.5,-0.03392,180,0,0,358971
0,20,0,0.5,-0.03122,180,0,0,358988
0,21,0,0.5,-0.028385,180,0,0,359005
0,19,0,0.5,-0.02582,180,0,0,359021
0,20,0,0.5,-0.02312,180,0,0,359037
0,17,0,0.5,-0.020825,180,0,0,359054
0,18,0,0.5,-0.018395,180,0,0,359071
0,19,0,0.5,-0.01583,180,0,0,359088
0,20,0,0.5,-0.01313,180,0,0,359105
0,22,0,0.5,-0.01016,180,0,0,359121
0,26,0,0.5,-0.00665,180,0,0,359137
0,25,0,0.5,-0.003275,180,0,0,359154
-1,27,-3,0.5,0.00037,180,0,0,359172
0,48,-5,0.5,0.00685,180,0,0,359190
0,22,-3,0.5,0.00982,180,0,0,359205
2,22,-3,0.5,0.01279,180,0,0,359222
0,24,-2,0.5,0.01603,180,0,0,359238
0,27,-1,0.5,0.019675,180,0,0,359254
0,32,0,0.5,0.023995,180,0,0,359271
-4,36,-2,0.5,0.028855,180,0,0,359288
0,38,0,0.5,0.033985,180,0,0,359304
-3,41,-1,0.5,0.03952,180,0,0,359322
-11,40,-6,0.5,0.04492,180,0,0,359339
-1,41,-6,0.5,0.050455,180,0,0,359357
-5,39,-3,0.5,0.05572,180,0,0,359374
-1,35,-3,0.5,0.060445,180,0,0,359388
1,33,-4,0.5,0.0649,180,0,0,359406
0,29,-4,0.5,0.068815,180,0,0,359422
0,29,-5,0.5,0.07273,180,0,0,359438
0,30,-5,0.5,0.07678,180,0,0,359456
0,30,-4,0.5,0.08083,180,0,0,359473
-2,31,-3,0.5,0.085015,180,0,0,359488
1,37,-3,0.5,0.09001,180,0,0,359505
2,37,-2,0.5,0.095005,180,0,0,359522
-3,40,-4,0.5,0.100405,180,0,0,359538
0,40,-3,0.5,0.105805,180,0,0,359555
-9,41,-7,0.5,0.11134,180,0,0,359574
0,76,-9,0.5,0.1216,180,0,0,359595
1,34,-5,0.5,0.12619,180,0,0,359607
0,34,-5,0.5,0.13078,180,0,0,359623
-2,33,-6,0.5,0.135235,180,0,0,359641
5,30,-5,0.5,0.139285,180,0,0,359655
-12,32,-11,0.5,0.143605,180,0,0,359674
-12,34,-11,0.5,0.148195,180,0,0,359691
-10,36,-9,0.5,0.153055,180,0,0,359708
-9,37,-9,0.5,0.15805,180,0,0,359725
-1,40,-5,0.5,0.16345,180,0,0,359739
-4,37,-6,0.5,0.168445,180,0,0,359758
0,39,-5,0.5,0.17371,180,0,0,359773
0,36,-5,0.5,0.17857,180,0,0,359792
0,31,-5,0.5,0.182755,180,0,0,359808
0,30,-6,0.5,0.186805,180,0,0,359823
2,26,-6,0.5,0.190315,180,0,0,359841
-3,24,-6,0.5,0.193555,180,0,0,359861
-3,24,-7,0.5,0.196795,180,0,0,359874
0,25,-3,0.5,0.20017,180,0,0,359889
1,23,-3,0.5,0.203275,180,0,0,359905
0,24,-3,0.5,0.206515,180,0,1,359924
-2,45,-5,0.5,0.21259,180,0,1,359943
-1,21,-1,0.5,0.215425,180,0,1,359954
1,20,0,0.5,0.218125,180,0,0,359971
2,19,0,0.5,0.22069,180,0,0,359987
-7,19,-4,0.5,0.223255,180,0,0,360005
4,18,0,0.5,0.225685,180,0,0,360021
-8,20,-5,0.5,0.228385,180,0,0,360040
4,21,0,0.5,0.23122,180,0,0,360054
-7,26,-4,0.5,0.23473,180,0,1,360075
-2,23,-3,0.5,0.237835,180,0,1,360090
-1,21,-1,0.5,0.24067,180,0,1,360104
1,18,-1,0.5,0.2431,180,0,1,360121
-1,17,-1,0.5,0.245395,180,0,0,360139
1,14,-1,0.5,0.247285,180,0,0,360155
-1,13,0,0.5,0.24904,180,0,0,360171
0,11,0,0.5,0.250525,180,0,0,360188
1,12,0,0.5,0.252145,180,0,0,360204
0,13,2,0.5,0.2539,180,0,0,360221
0,15,2,0.5,0.255925,180,0,0,360242
0,17,4,0.5,0.25822,180,0,0,360255
0,18,3,0.5,0.26065,180,0,0,360271
0,17,4,0.5,0.262945,180,0,0,360292
2,17,6,0.5,0.26524,180,0,0,360305
0,17,6,0.5,0.267535,180,0,0,360322
-2,20,7,0.5,0.270235,180,0,0,360340
0,22,7,0.5,0.273205,180,0,0,360355
0,53,8,0.5,0.28036,180,0,0,360373
0,30,8,0.5,0.28441,180,0,0,360389
0,32,3,0.5,0.28873,180,0,0,360407
0,32,3,0.5,0.29305,180,0,0,360421
0,34,2,0.5,0.29764,180,0,0,360438
0,34,2,0.5,0.30223,180,0,0,360454
0,35,1,0.5,0.306955,180,0,0,360471
0,33,0,0.5,0.31141,180,0,0,360487
-1,35,1,0.5,0.316135,180,0,0,360505
0,31,1,0.5,0.32032,180,0,0,360526
0,31,2,0.5,0.324505,180,0,0,360542
0,32,3,0.5,0.328825,180,0,0,360556
6,27,6,0.5,0.33247,180,0,0,360575
0,28,3,0.5,0.33625,180,0,0,360589
0,29,3,0.5,0.340165,180,0,0,360605
0,28,2,0.5,0.343945,180,0,0,360621
0,30,0,0.5,0.347995,180,0,0,360637
0,29,0,0.5,0.35191,180,0,0,360654
0,31,0,0.5,0.356095,180,0,0,360671
0,30,0,0.5,0.360145,180,0,0,360688
0,30,0,0.5,0.364195,180,0,0,360704
1,31,0,0.5,0.36838,180,0,0,360721
-3,29,0,0.5,0.372295,180,0,0,360737
2,27,0,0.5,0.37594,180,0,0,360754
2,50,0,0.5,0.38269,180,0,0,360771
-3,20,-1,0.5,0.38539,180,0,0,360788
-1,17,0,0.5,0.387685,180,0,0,360804
0,13,0,0.5,0.38944,180,0,0,360821
0,9,1,0.5,0.390655,180,0,0,360839
0,7,1,0.5,0.3916,180,0,0,360854
0,5,1,0.5,0.392275,180,0,0,360871
0,5,1,0.5,0.39295,180,0,0,360888
0,7,1,0.5,0.393895,180,0,0,360904
0,8,0,0.5,0.394975,180,0,0,360921
0,11,0,0.5,0.39646,180,0,0,360938
0,12,-1,0.5,0.39808,180,0,0,360955
0,13,-1,0.5,0.399835,180,0,0,360971
-2,15,-2,0.5,0.40186,180,0,0,360988
0,17,-2,0.5,0.404155,180,0,0,361005
0,19,-3,0.5,0.40672,180,0,0,361021
-1,22,-4,0.5,0.40969,180,0,0,361040
-7,25,-3,0.5,0.413065,180,0,0,361055
0,27,-2,0.5,0.41671,180,0,0,361071
1,30,-2,0.5,0.42076,180,0,0,361088
0,30,-2,0.5,0.42481,180,0,0,361105
0,31,-2,0.5,0.428995,180,0,0,361125
-8,33,-5,0.5,0.43345,180,0,0,361139
-7,62,-10,0.5,0.44182,180,0,0,361164
0,29,-3,0.5,0.445735,180,0,0,361172
-5,26,-5,0.5,0.449245,180,0,0,361189
0,24,-3,0.5,0.452485,180,0,0,361209
0,20,-3,0.5,0.455185,180,0,0,361223
0,20,-3,0.5,0.457885,180,0,0,361241
0,20,-3,0.5,0.460585,180,0,0,361261
0,19,-3,0.5,0.46315,180,0,0,361272
0,21,-2,0.5,0.465985,180,0,0,361290
0,23,-2,0.5,0.46909,180,0,0,361305
-1,26,-1,0.5,0.4726,180,0,0,361321
0,28,0,0.5,0.47638,180,0,0,361339
0,24,0,0.5,0.47962,180,0,0,361354
1,23,0,0.5,0.482725,180,0,0,361371
-1,22,-1,0.5,0.485695,180,0,0,361388
-1,20,-2,0.5,0.488395,180,0,0,361405
-1,16,0,0.5,0.490555,180,0,0,361421
0,13,-1,0.5,0.49231,180,0,0,361439
0,9,1,0.5,0.493525,180,0,0,361454
0,5,0,0.5,0.4942,180,0,0,361473
1,1,0,0.5,0.494335,180,0,0,361488
0,-1,0,0.5,0.4942,180,0,0,361504
0,-6,2,0.5,0.49339,180,0,0,361521
0,-7,1,0.5,0.492445,180,0,0,361538
0,-7,2,0.5,0.4915,180,0,0,361555
2,-18,6,0.5,0.48907,180,0,0,361574
-3,-11,2,0.5,0.487585,180,0,0,361588
0,-11,3,0.5,0.4861,180,0,0,361608
0,-8,3,0.5,0.48502,180,0,0,361623
0,-5,2,0.5,0.484345,180,0,0,361638
-2,-4,2,0.5,0.483805,180,0,0,361655
-2,-2,0,0.5,0.483535,180,0,0,361671
5,1,3,0.5,0.48367,180,0,0,361688
1,3,0,0.5,0.484075,180,0,0,361704
0,8,-1,0.5,0.485155,180,0,0,361721
0,8,-2,0.5,0.486235,180,0,0,361738
0,10,-3,0.5,0.487585,180,0,0,361755
0,10,-3,0.5,0.488935,180,0,0,361775
-1,8,-4,0.5,0.490015,180,0,0,361788
0,9,-3,0.5,0.49123,180,0,0,361805
1,9,-3,0.5,0.492445,180,0,0,361821
0,9,-3,0.5,0.49366,180,0,0,361838
-7,9,-5,0.5,0.494875,180,0,0,361855
-7,9,-2,0.5,0.49609,180,0,0,361872
0,12,-1,0.5,0.49771,180,0,0,361887
-1,16,-1,0.5,0.49987,180,0,0,361905
0,17,0,0.5,0.502165,180,0,0,361923
0,20,1,0.5,0.504865,180,0,0,361938
0,20,2,0.5,0.507565,180,0,0,361954
0,49,6,0.5,0.51418,180,0,0,361976
0,26,4,0.5,0.51769,180,0,0,361989
-1,27,3,0.5,0.521335,180,0,0,362005
-1,28,5,0.5,0.525115,180,0,0,362022
0,30,4,0.5,0.529165,180,0,0,362039
3,33,3,0.5,0.53362,180,0,0,362058
-2,35,3,0.5,0.538345,180,0,0,362072
0,38,2,0.5,0.543475,180,0,0,362089
0,35,2,0.5,0.5482,180,0,0,362105
0,31,0,0.5,0.552385,180,0,0,362121
0,29,0,0.5,0.5563,180,0,0,362139
0,25,0,0.5,0.559675,180,0,0,362154
0,22,0,0.5,0.562645,180,0,0,362171
0,21,2,0.5,0.56548,180,0,0,362189
0,19,1,0.5,0.568045,180,0,0,362205
0,21,1,0.5,0.57088,180,0,0,362221
0,19,1,0.5,0.573445,180,0,0,362238
0,19,1,0.5,0.57601,180,0,0,362255
0,21,1,0.5,0.578845,180,0,0,362271
0,22,0,0.5,0.581815,180,0,0,362289
0,22,0,0.5,0.584785,180,0,0,362304
0,21,0,0.5,0.58762,180,0,0,362321
0,22,0,0.5,0.59059,180,0,1,362338
0,21,0,0.5,0.593425,180,0,0,362354
0,43,0,0.5,0.59923,180,0,0,362371
0,23,0,0.5,0.602335,180,0,0,362387
-1,23,0,0.5,0.60544,180,0,0,362404
0,25,0,0.5,0.608815,180,0,0,362420
0,24,0,0.5,0.612055,180,0,0,362438
0,23,0,0.5,0.61516,180,0,0,362454
3,21,0,0.5,0.617995,180,0,0,362470
0,17,0,0.5,0.62029,180,0,0,362488
0,15,0,0.5,0.622315,180,0,0,362504
0,13,0,0.5,0.62407,180,0,0,362520
0,13,2,0.5,0.625825,180,0,0,362538
0,13,3,0.5,0.62758,180,0,0,362555
-6,14,0,0.5,0.62947,180,0,0,362571
-4,15,0,0.5,0.631495,180,0,0,362587
5,17,6,0.5,0.63379,180,0,0,362607
1,15,2,0.5,0.635815,180,0,0,362622
0,18,2,0.5,0.638245,180,0,0,362639
0,20,1,0.5,0.640945,180,0,0,362654
-4,21,0,0.5,0.64378,180,0,0,362671
0,25,1,0.5,0.647155,180,0,0,362689
-2,28,0,0.5,0.650935,180,0,0,362707
-5,31,-2,0.5,0.65512,180,0,0,362721
6,33,2,0.5,0.659575,180,0,0,362739
-3,33,0,0.5,0.66403,180,0,0,362754
-2,64,-1,0.5,0.67267,180,0,0,362771
0,29,-2,0.5,0.676585,180,0,0,362788
0,26,-2,0.5,0.680095,180,0,0,362804
-1,27,0,0.5,0.68374,180,0,0,362823
0,25,1,0.5,0.687115,180,0,0,362838
-1,25,0,0.5,0.69049,180,0,0,362854
0,25,0,0.5,0.693865,180,0,0,362872
0,24,1,0.5,0.697105,180,0,0,362889
0,23,0,0.5,0.70021,180,0,0,362904
0,25,0,0.5,0.703585,180,0,0,362921
0,26,0,0.5,0.707095,180,0,0,362937
0,28,-1,0.5,0.71,180,0,0,362958
