1,25,-7,0.5,-0.706625,180,0,0,461944
0,0,0,0.5,-0.706625,180,0,0,461949
0,5,-1,0.5,-0.70595,180,0,0,461959
-2,8,-2,0.5,-0.70487,180,0,0,461977
0,13,0,0.5,-0.703115,180,0,0,461993
0,16,0,0.5,-0.700955,180,0,0,462010
1,26,1,0.5,-0.697445,180,0,0,462027
0,32,2,0.5,-0.693125,180,0,0,462044
0,37,6,0.5,-0.68813,180,0,0,462062
0,36,9,0.5,-0.68327,180,0,0,462078
0,32,8,0.5,-0.67895,180,0,0,462095
3,29,10,0.5,-0.675035,180,0,0,462112
2,25,5,0.5,-0.67166,180,0,0,462128
0,20,3,0.5,-0.66896,180,0,0,462146
0,46,4,0.5,-0.66275,180,0,0,462162
0,31,4,0.5,-0.658565,180,0,0,462178
0,37,3,0.5,-0.65357,180,0,0,462194
-1,36,5,0.5,-0.64871,180,0,0,462212
0,33,9,0.5,-0.644255,180,0,0,462228
0,32,12,0.5,-0.639935,180,0,0,462246
0,33,12,0.5,-0.63548,180,0,0,462262
-3,34,12,0.5,-0.63089,180,0,0,462279
0,31,9,0.5,-0.626705,180,0,0,462299
0,29,8,0.5,-0.62279,180,0,0,462312
-1,29,7,0.5,-0.618875,180,0,0,462327
3,29,7,0.5,-0.61496,180,0,0,462348
0,18,1,0.5,-0.61253,180,0,0,462361
0,26,0,0.5,-0.60902,180,0,0,462376
0,26,0,0.5,-0.60551,180,0,0,462393
-1,23,0,0.5,-0.602405,180,0,0,462410
0,19,-1,0.5,-0.59984,180,0,0,462426
0,12,-2,0.5,-0.59822,180,0,0,462447
0,5,-2,0.5,-0.597545,180,0,0,462461
0,2,-4,0.5,-0.597275,180,0,0,462478
0,0,-2,0.5,-0.597275,180,0,0,462493
0,-1,-1,0.5,-0.59741,180,0,0,462510
0,1,-2,0.5,-0.597275,180,0,0,462527
0,7,-1,0.5,-0.59633,180,0,0,462543
0,14,-2,0.5,-0.59444,180,0,0,462560
1,41,-10,0.5,-0.588905,180,0,0,462580
0,27,-5,0.5,-0.58526,180,0,0,462594
0,30,-6,0.5,-0.58121,180,0,0,462611
-2,36,-8,0.5,-0.57635,180,0,0,462630
0,37,-7,0.5,-0.571355,180,0,0,462645
0,39,-8,0.5,-0.56609,180,0,0,462662
0,38,-8,0.5,-0.56096,180,0,0,462679
1,31,-8,0.5,-0.556775,180,0,0,462695
0,31,-8,0.5,-0.55259,180,0,0,462712
-1,24,-6,0.5,-0.54935,180,0,0,462728
0,22,-6,0.5,-0.54638,180,0,0,462748
2,16,-4,0.5,-0.54422,180,0,0,462760
-2,12,-6,0.5,-0.5426,180,0,0,462778
-3,10,-6,0.5,-0.54125,180,0,0,462795
0,10,-5,0.5,-0.5399,180,0,0,462811
0,12,-5,0.5,-0.53828,180,0,0,462827
0,15,-4,0.5,-0.536255,180,0,0,462846
0,21,-4,0.5,-0.53342,180,0,0,462861
0,24,-2,0.5,-0.53018,180,0,0,462877
0,27,-1,0.5,-0.526535,180,0,0,462894
0,33,0,0.5,-0.52208,180,0,0,462910
0,33,0,0.5,-0.517625,180,0,0,462926
3,30,0,0.5,-0.513575,180,0,0,462943
-2,30,0,0.5,-0.509525,180,0,0,462959
2,52,0,0.5,-0.502505,180,0,0,462976
1,23,1,0.5,-0.4994,180,0,0,462993
1,22,0,0.5,-0.49643,180,0,0,463011
-4,18,-4,0.5,-0.494,180,0,0,463028
0,20,-3,0.5,-0.4913,180,0,0,463045
0,22,-4,0.5,-0.48833,180,0,0,463060
-2,25,-3,0.5,-0.484955,180,0,0,463079
3,29,-4,0.5,-0.48104,180,0,0,463094
-2,32,-2,0.5,-0.47672,180,0,0,463111
0,35,0,0.5,-0.471995,180,0,0,463126
0,35,0,0.5,-0.46727,180,0,0,463143
0,32,0,0.5,-0.46295,180,0,0,463160
0,26,2,0.5,-0.45944,180,0,0,463179
0,22,3,0.5,-0.45647,180,0,0,463194
0,21,4,0.5,-0.453635,180,0,0,463210
0,21,4,0.5,-0.4508,180,0,0,463227
-1,25,5,0.5,-0.447425,180,0,0,463245
1,30,4,0.5,-0.443375,180,0,0,463264
5,34,5,0.5,-0.438785,180,0,0,463280
4,37,5,0.5,-0.43379,180,0,0,463293
-5,39,0,0.5,-0.428525,180,0,0,463309
3,39,6,0.5,-0.42326,180,0,0,463328
-3,38,5,0.5,-0.41813,180,0,0,463343
0,36,5,0.5,-0.41327,180,0,0,463362
0,62,4,0.5,-0.4049,180,0,0,463378
0,35,0,0.5,-0.400175,180,0,0,463392
0,35,0,0.5,-0.39545,180,0,0,463409
0,41,0,0.5,-0.389915,180,0,0,463426
0,41,0,0.5,-0.38438,180,0,0,463443
3,42,0,0.5,-0.37871,180,0,0,463459
1,45,3,0.5,-0.372635,180,0,0,463478
6,45,8,0.5,-0.36656,180,0,0,463494
6,45,10,0.5,-0.360485,180,0,0,463512
0,42,5,0.5,-0.354815,180,0,0,463529
0,40,1,0.5,-0.349415,180,0,0,463543
0,37,0,0.5,-0.34442,180,0,0,463560
0,38,-1,0.5,-0.33929,180,0,0,463577
0,34,-1,0.5,-0.3347,180,0,0,463593
0,30,-1,0.5,-0.33065,180,0,0,463612
0,24,-2,0.5,-0.32741,180,0,0,463628
0,18,-2,0.5,-0.32498,180,0,0,463643
0,14,-3,0.5,-0.32309,180,0,0,463660
0,10,-4,0.5,-0.32174,180,0,0,463677
0,7,-5,0.5,-0.320795,180,0,0,463694
0,7,-6,0.5,-0.31985,180,0,0,463714
0,8,-5,0.5,-0.31877,180,0,0,463730
0,11,-6,0.5,-0.317285,180,0,0,463745
0,35,-12,0.5,-0.31256,180,0,0,463765
0,20,-7,0.5,-0.30986,180,0,0,463783
0,25,-8,0.5,-0.306485,180,0,0,463797
0,26,-8,0.5,-0.302975,180,0,1,463812
0,28,-8,0.5,-0.299195,180,0,1,463829
0,25,-7,0.5,-0.29582,180,0,1,463846
0,21,-5,0.5,-0.292985,180,0,1,463861
-4,14,-6,0.5,-0.291095,180,0,1,463878
-3,14,-4,0.5,-0.289205,180,0,1,463893
-3,10,-2,0.5,-0.287855,180,0,1,463910
-2,6,-1,0.5,-0.287045,180,0,0,463927
-3,1,-1,0.5,-0.28691,180,0,0,463944
-4,-1,-2,0.5,-0.287045,180,0,0,463960
2,-4,-1,0.5,-0.287585,180,0,0,463977
1,-4,-3,0.5,-0.288125,180,0,0,463995
0,-2,-5,0.5,-0.288395,180,0,0,464010
0,1,-4,0.5,-0.28826,180,0,1,464030
1,5,-4,0.5,-0.287585,180,0,1,464045
0,11,-5,0.5,-0.2861,180,0,1,464061
0,15,-6,0.5,-0.284075,180,0,1,464078
0,18,-6,0.5,-0.281645,180,0,1,464094
-7,21,-11,0.5,-0.27881,180,0,1,464112
3,15,-4,0.5,-0.276785,180,0,1,464129
0,14,-4,0.5,-0.274895,180,0,1,464146
0,20,-8,0.5,-0.272195,180,0,0,464163
0,39,-16,0.5,-0.26693,180,0,0,464181
0,14,-6,0.5,-0.26504,180,0,0,464195
0,13,-5,0.5,-0.263285,180,0,0,464211
0,0,0,0.5,-0.263285,180,0,0,464225
0,24,-7,0.5,-0.260045,180,0,0,464247
0,14,-3,0.5,-0.258155,180,0,0,464261
0,17,-2,0.5,-0.25586,180,0,0,464277
0,22,-2,0.5,-0.25289,180,0,0,464294
0,22,-1,0.5,-0.24992,180,0,0,464310
0,25,-1,0.5,-0.246545,180,0,0,464328
0,26,-2,0.5,-0.243035,180,0,0,464347
1,26,-2,0.5,-0.239525,180,0,0,464360
0,28,-3,0.5,-0.235745,180,0,0,464380
0,30,-2,0.5,-0.231695,180,0,0,464394
0,28,-2,0.5,-0.227915,180,0,0,464410
0,29,-1,0.5,-0.224,180,0,0,464427
0,28,0,0.5,-0.22022,180,0,0,464443
0,22,-1,0.5,-0.21725,180,0,0,464460
0,18,-2,0.5,-0.21482,180,0,0,464477
-1,15,-3,0.5,-0.212795,180,0,0,464494
0,11,-3,0.5,-0.21131,180,0,0,464511
0,8,-2,0.5,-0.21023,180,0,0,464528
0,7,-6,0.5,-0.209285,180,0,0,464545
0,0,0,0.5,-0.209285,180,0,0,464560
0,6,-8,0.5,-0.208475,180,0,0,464580
0,5,-3,0.5,-0.2078,180,0,0,464594
-1,5,-3,0.5,-0.207125,180,0,0,464610
0,6,-2,0.5,-0.206315,180,0,0,464627
0,4,1,0.5,-0.205775,180,0,0,464644
2,2,0,0.5,-0.205505,180,0,0,464659
0,1,0,0.5,-0.20537,180,0,0,464677
0,0,1,0.5,-0.20537,180,0,0,464693
2,0,0,0.5,-0.20537,180,0,0,464709
0,-3,0,0.5,-0.205775,180,0,0,464728
-2,-1,-1,0.5,-0.20591,180,0,0,464743
4,-2,1,0.5,-0.20618,180,0,0,464759
0,0,0,0.5,-0.20618,180,0,0,464776
2,-1,0,0.5,-0.206315,180,0,0,464794
2,0,0,0.5,-0.206315,180,0,0,464809
-1,0,0,0.5,-0.206315,180,0,0,464826
0,0,0,0.5,-0.206315,180,0,0,464844
0,1,-1,0.5,-0.20618,180,0,0,464860
0,0,-1,0.5,-0.20618,180,0,0,464876
0,0,-1,0.5,-0.20618,180,0,0,464893
0,0,-1,0.5,-0.20618,180,0,0,464909
3,-1,-1,0.5,-0.206315,180,0,0,464927
0,0,-1,0.5,-0.206315,180,0,0,464943
0,-1,-1,0.5,-0.20645,180,0,0,464960
-2,0,-1,0.5,-0.20645,180,0,0,464976
-1,0,-1,0.5,-0.20645,180,0,0,464993
0,0,0,0.5,-0.20645,180,0,0,465010
0,0,0,0.5,-0.20645,180,0,0,465026
0,1,0,0.5,-0.206315,180,0,0,465043
2,0,0,0.5,-0.206315,180,0,0,465059
0,0,0,0.5,-0.206315,180,0,0,465076
0,0,0,0.5,-0.206315,180,0,0,465094
0,-1,0,0.5,-0.20645,180,0,0,465109
-2,0,0,0.5,-0.20645,180,0,0,465127
0,-1,0,0.5,-0.206585,180,0,0,465142
0,0,0,0.5,-0.206585,180,0,0,465159
-1,0,-1,0.5,-0.206585,180,0,0,465177
0,0,0,0.5,-0.206585,180,0,0,465193
0,0,0,0.5,-0.206585,180,0,0,465209
0,0,0,0.5,-0.206585,180,0,0,465227
0,0,-1,0.5,-0.206585,180,0,0,465243
0,0,0,0.5,-0.206585,180,0,0,465260
0,0,0,0.5,-0.206585,180,0,0,465278
0,0,-1,0.5,-0.206585,180,0,0,465293
0,0,0,0.5,-0.206585,180,0,0,465311
0,0,0,0.5,-0.206585,180,0,0,465325
0,0,0,0.5,-0.206585,180,0,0,465344
0,0,0,0.5,-0.206585,180,0,0,465360
0,0,0,0.5,-0.206585,180,0,0,465378
0,0,0,0.5,-0.206585,180,0,0,465393
0,0,0,0.5,-0.206585,180,0,0,465409
0,-1,-1,0.5,-0.20672,180,0,0,465427
0,0,0,0.5,-0.20672,180,0,0,465442
0,0,0,0.5,-0.20672,180,0,0,465459
0,0,0,0.5,-0.20672,180,0,0,465475
2,0,0,0.5,-0.20672,180,0,0,465492
0,0,0,0.5,-0.20672,180,0,0,465509
0,0,0,0.5,-0.20672,180,0,0,465525
0,0,0,0.5,-0.20672,180,0,0,465542
0,0,0,0.5,-0.20672,180,0,0,465559
0,0,0,0.5,-0.20672,180,0,0,465575
0,0,0,0.5,-0.20672,180,0,0,465592
-3,0,0,0.5,-0.20672,180,0,0,465609
2,0,0,0.5,-0.20672,180,0,0,465626
1,0,-1,0.5,-0.20672,180,0,0,465643
0,0,0,0.5,-0.20672,180,0,0,465659
0,0,0,0.5,-0.20672,180,0,0,465676
0,0,1,0.5,-0.20672,180,0,0,465692
1,0,0,0.5,-0.20672,180,0,0,465709
0,0,0,0.5,-0.20672,180,0,0,465726
0,0,0,0.5,-0.20672,180,0,0,465743
0,0,-1,0.5,-0.20672,180,0,0,465759
0,0,0,0.5,-0.20672,180,0,0,465775
0,0,0,0.5,-0.20672,180,0,0,465792
0,0,0,0.5,-0.20672,180,0,0,465809
0,0,0,0.5,-0.20672,180,0,0,465825
0,0,0,0.5,-0.20672,180,0,0,465842
0,0,0,0.5,-0.20672,180,0,0,465859
0,0,0,0.5,-0.20672,180,0,0,465876
0,0,0,0.5,-0.20672,180,0,0,465892
0,1,0,0.5,-0.206585,180,0,0,465909
0,0,0,0.5,-0.206585,180,0,0,465925
0,0,0,0.5,-0.206585,180,0,0,465942
0,0,0,0.5,-0.206585,180,0,0,465959
0,-1,0,0.5,-0.20672,180,0,0,465976
0,0,0,0.5,-0.20672,180,0,0,465992
0,0,0,0.5,-0.20672,180,0,0,466009
0,0,0,0.5,-0.20672,180,0,0,466025
0,0,0,0.5,-0.20672,180,0,0,466043
0,0,0,0.5,-0.20672,180,0,0,466059
0,0,0,0.5,-0.20672,180,0,0,466076
0,0,0,0.5,-0.20672,180,0,0,466093
0,0,0,0.5,-0.20672,180,0,0,466109
0,0,0,0.5,-0.20672,180,0,0,466126
0,0,0,0.5,-0.20672,180,0,0,466143
0,0,0,0.5,-0.20672,180,0,0,466159
0,0,0,0.5,-0.20672,180,0,0,466175
0,0,0,0.5,-0.20672,180,0,0,466192
0,0,0,0.5,-0.20672,180,0,0,466209
-1,0,0,0.5,-0.20672,180,0,0,466226
0,0,0,0.5,-0.20672,180,0,0,466242
0,0,0,0.5,-0.20672,180,0,0,466259
0,0,0,0.5,-0.20672,180,0,0,466276
0,0,0,0.5,-0.20672,180,0,0,466292
0,0,0,0.5,-0.20672,180,0,0,466309
0,0,0,0.5,-0.20672,180,0,0,466325
0,0,0,0.5,-0.20672,180,0,0,466342
0,0,0,0.5,-0.20672,180,0,0,466359
0,0,0,0.5,-0.20672,180,0,0,466375
0,0,0,0.5,-0.20672,180,0,0,466392
0,0,0,0.5,-0.20672,180,0,0,466409
0,0,0,0.5,-0.20672,180,0,0,466425
0,0,0,0.5,-0.20672,180,0,0,466442
0,0,0,0.5,-0.20672,180,0,0,466459
0,0,0,0.5,-0.20672,180,0,0,466475
-1,0,0,0.5,-0.20672,180,0,0,466492
1,0,0,0.5,-0.20672,180,0,0,466509
0,2,1,0.5,-0.20645,180,0,0,466526
-2,0,0,0.5,-0.20645,180,0,0,466542
0,0,0,0.5,-0.20645,180,0,0,466559
0,0,0,0.5,-0.20645,180,0,0,466575
0,-5,0,0.5,-0.207125,180,0,0,466592
0,-5,-1,0.5,-0.2078,180,0,0,466609
0,-6,-1,0.5,-0.20861,180,0,0,466627
0,-7,-1,0.5,-0.209555,180,0,0,466643
0,-6,-1,0.5,-0.210365,180,0,0,466659
0,-6,0,0.5,-0.211175,180,0,0,466677
0,-4,-1,0.5,-0.211715,180,0,0,466694
0,0,-1,0.5,-0.211715,180,0,0,466710
0,7,-4,0.5,-0.21077,180,0,0,466728
0,14,-5,0.5,-0.20888,180,0,0,466744
0,15,-6,0.5,-0.206855,180,0,0,466760
0,19,-7,0.5,-0.20429,180,0,0,466778
0,19,-7,0.5,-0.201725,180,1,1,466795
0,19,-10,0.5,-0.19916,180,1,1,466812
0,17,-10,0.5,-0.196865,180,1,1,466830
0,13,-9,0.5,-0.19511,180,0,1,466847
0,9,-7,0.5,-0.193895,180,0,1,466862
0,8,-6,0.5,-0.192815,180,0,1,466880
0,6,-4,0.5,-0.192005,180,0,1,466897
0,7,-6,0.5,-0.19106,180,0,1,466914
0,6,-7,0.5,-0.19025,180,0,1,466928
0,6,-8,0.5,-0.18944,180,0,1,466946
0,4,-7,0.5,-0.1889,180,0,1,466962
0,1,-6,0.5,-0.188765,180,0,1,466977
0,-6,-5,0.5,-0.189575,180,0,1,466994
0,0,0,0.5,-0.189575,180,0,1,467009
0,-19,0,0.5,-0.19214,180,0,1,467026
0,-12,0,0.5,-0.19376,180,0,1,467042
0,-12,0,0.5,-0.19538,180,0,1,467060
0,-11,0,0.5,-0.196865,180,0,1,467076
0,-9,1,0.5,-0.19808,180,0,1,467093
0,-5,0,0.5,-0.198755,180,0,1,467109
0,-3,0,0.5,-0.19916,180,0,1,467126
0,-1,0,0.5,-0.199295,180,0,1,467143
0,0,0,0.5,-0.199295,180,0,1,467159
0,2,0,0.5,-0.199025,180,0,1,467177
0,1,0,0.5,-0.19889,180,0,1,467193
0,0,0,0.5,-0.19889,180,0,1,467209
0,0,0,0.5,-0.19889,180,0,1,467225
0,-3,-1,0.5,-0.199295,180,0,1,467243
0,-2,-1,0.5,-0.199565,180,0,1,467259
0,-1,-1,0.5,-0.1997,180,0,1,467277
0,0,-1,0.5,-0.1997,180,0,1,467293
0,0,-1,0.5,-0.1997,180,0,1,467311
0,-1,0,0.5,-0.199835,180,0,1,467326
0,-1,-1,0.5,-0.19997,180,0,1,467344
0,-1,0,0.5,-0.200105,180,0,1,467360
0,-1,0,0.5,-0.20024,180,0,1,467376
0,1,0,0.5,-0.200105,180,0,1,467393
0,1,0,0.5,-0.19997,180,0,1,467410
0,0,0,0.5,-0.19997,180,0,1,467426
0,-2,0,0.5,-0.20024,180,0,1,467443
0,-2,0,0.5,-0.20051,180,0,1,467461
2,-2,0,0.5,-0.20078,180,0,1,467476
0,-1,-1,0.5,-0.200915,180,0,1,467493
0,-1,-1,0.5,-0.20105,180,0,1,467509
0,1,-1,0.5,-0.200915,180,0,1,467526
0,0,0,0.5,-0.200915,180,0,1,467542
0,0,0,0.5,-0.200915,180,0,1,467559
0,-2,-2,0.5,-0.201185,180,0,1,467577
1,-2,1,0.5,-0.201455,180,0,1,467593
-2,-1,0,0.5,-0.20159,180,0,1,467609
0,0,0,0.5,-0.20159,180,0,1,467625
-1,0,0,0.5,-0.20159,180,0,1,467643
0,2,0,0.5,-0.20132,180,0,1,467659
3,0,0,0.5,-0.20132,180,0,1,467677
0,1,0,0.5,-0.201185,180,0,1,467694
0,0,0,0.5,-0.201185,180,0,1,467709
1,-1,0,0.5,-0.20132,180,0,1,467726
-3,-2,-1,0.5,-0.20159,180,0,1,467744
0,-1,0,0.5,-0.201725,180,0,1,467759
0,-2,-1,0.5,-0.201995,180,0,1,467776
0,0,-1,0.5,-0.201995,180,0,1,467793
0,0,0,0.5,-0.201995,180,0,1,467809
0,1,0,0.5,-0.20186,180,0,1,467826
0,0,0,0.5,-0.20186,180,0,1,467842
0,-1,0,0.5,-0.201995,180,0,1,467859
0,-1,0,0.5,-0.20213,180,0,1,467877
0,-2,-1,0.5,-0.2024,180,0,1,467893
0,-1,0,0.5,-0.202535,180,0,1,467909
0,1,0,0.5,-0.2024,180,0,1,467928
0,1,0,0.5,-0.202265,180,0,1,467943
0,1,-1,0.5,-0.20213,180,0,1,467960
0,0,0,0.5,-0.20213,180,0,1,467975
0,0,0,0.5,-0.20213,180,0,1,467992
0,0,0,0.5,-0.20213,180,0,1,468009
0,-1,0,0.5,-0.202265,180,0,1,468027
0,-2,-1,0.5,-0.202535,180,0,1,468043
0,0,0,0.5,-0.202535,180,0,1,468059
0,1,0,0.5,-0.2024,180,0,1,468078
0,0,-2,0.5,-0.2024,180,0,1,468093
0,0,0,0.5,-0.2024,180,0,1,468109
0,1,0,0.5,-0.202265,180,0,1,468126
1,0,0,0.5,-0.202265,180,0,1,468142
0,0,0,0.5,-0.202265,180,0,1,468159
0,-1,0,0.5,-0.2024,180,0,1,468176
0,-2,-1,0.5,-0.20267,180,0,1,468193
0,0,0,0.5,-0.20267,180,0,1,468209
0,1,0,0.5,-0.202535,180,0,1,468227
0,1,0,0.5,-0.2024,180,0,1,468243
0,1,0,0.5,-0.202265,180,0,1,468259
-1,0,-1,0.5,-0.202265,180,0,1,468277
0,-1,0,0.5,-0.2024,180,0,1,468293
0,0,0,0.5,-0.2024,180,0,1,468309
0,-1,0,0.5,-0.202535,180,0,1,468326
0,-1,0,0.5,-0.20267,180,0,1,468343
0,-3,0,0.5,-0.203075,180,0,1,468359
0,0,0,0.5,-0.203075,180,0,1,468376
0,0,0,0.5,-0.203075,180,0,1,468392
0,1,0,0.5,-0.20294,180,0,1,468409
1,0,0,0.5,-0.20294,180,0,1,468426
0,0,0,0.5,-0.20294,180,0,1,468442
1,1,0,0.5,-0.202805,180,0,1,468459
0,0,0,0.5,-0.202805,180,0,1,468475
4,-1,1,0.5,-0.20294,180,0,1,468494
0,0,-2,0.5,-0.20294,180,0,1,468510
1,0,0,0.5,-0.20294,180,0,1,468526
0,0,0,0.5,-0.20294,180,0,1,468542
0,0,0,0.5,-0.20294,180,0,1,468559
0,1,0,0.5,-0.202805,180,0,1,468578
0,0,0,0.5,-0.202805,180,0,1,468593
1,-1,0,0.5,-0.20294,180,0,1,468609
0,-1,0,0.5,-0.203075,180,0,1,468626
-1,-2,0,0.5,-0.203345,180,0,1,468643
0,-2,0,0.5,-0.203615,180,0,1,468659
0,-1,0,0.5,-0.20375,180,0,1,468676
0,0,0,0.5,-0.20375,180,0,1,468692
0,0,0,0.5,-0.20375,180,0,1,468709
0,0,0,0.5,-0.20375,180,0,1,468725
0,1,1,0.5,-0.203615,180,0,1,468742
0,3,0,0.5,-0.20321,180,0,1,468759
0,0,0,0.5,-0.20321,180,0,1,468776
0,0,0,0.5,-0.20321,180,0,1,468792
0,-1,0,0.5,-0.203345,180,0,1,468809
0,-2,0,0.5,-0.203615,180,0,1,468827
0,-1,0,0.5,-0.20375,180,0,1,468842
0,0,0,0.5,-0.20375,180,0,1,468858
0,0,0,0.5,-0.20375,180,0,1,468875
0,0,0,0.5,-0.20375,180,0,1,468893
0,2,0,0.5,-0.20348,180,0,1,468909
0,0,0,0.5,-0.20348,180,0,1,468925
0,0,0,0.5,-0.20348,180,0,1,468942
0,0,0,0.5,-0.20348,180,0,1,468958
0,-3,0,0.5,-0.203885,180,0,1,468976
0,-1,0,0.5,-0.20402,180,0,1,468992
0,0,0,0.5,-0.20402,180,0,1,469008
0,0,0,0.5,-0.20402,180,0,1,469025
0,0,0,0.5,-0.20402,180,0,1,469042
0,2,0,0.5,-0.20375,180,0,1,469059
0,1,0,0.5,-0.203615,180,0,1,469077
0,0,0,0.5,-0.203615,180,0,1,469092
0,0,0,0.5,-0.203615,180,0,1,469108
0,0,0,0.5,-0.203615,180,0,1,469126
0,0,0,0.5,-0.203615,180,0,1,469142
0,0,0,0.5,-0.203615,180,0,1,469159
0,0,0,0.5,-0.203615,180,0,1,469175
0,0,0,0.5,-0.203615,180,0,1,469192
0,0,0,0.5,-0.203615,180,0,1,469209
0,0,0,0.5,-0.203615,180,0,1,469226
0,0,0,0.5,-0.203615,180,0,1,469242
0,0,0,0.5,-0.203615,180,0,1,469258
0,0,0,0.5,-0.203615,180,0,1,469275
0,0,0,0.5,-0.203615,180,0,1,469292
0,0,0,0.5,-0.203615,180,0,1,469309
0,0,0,0.5,-0.203615,180,0,1,469325
0,0,0,0.5,-0.203615,180,0,1,469342
0,0,0,0.5,-0.203615,180,0,1,469359
0,0,0,0.5,-0.203615,180,0,1,469375
0,1,0,0.5,-0.20348,180,0,1,469394
0,0,0,0.5,-0.20348,180,0,1,469409
0,0,0,0.5,-0.20348,180,0,1,469425
0,0,0,0.5,-0.20348,180,0,1,469443
0,0,0,0.5,-0.20348,180,0,1,469459
0,0,0,0.5,-0.20348,180,0,1,469475
0,0,0,0.5,-0.20348,180,0,1,469492
0,0,0,0.5,-0.20348,180,0,1,469508
-2,0,-1,0.5,-0.20348,180,0,1,469527
0,0,0,0.5,-0.20348,180,0,1,469542
0,0,0,0.5,-0.20348,180,0,1,469558
0,0,0,0.5,-0.20348,180,0,0,469576
0,0,0,0.5,-0.20348,180,0,0,469592
0,0,0,0.5,-0.20348,180,0,0,469609
0,0,0,0.5,-0.20348,180,0,0,469625
0,0,0,0.5,-0.20348,180,0,0,469642
0,0,0,0.5,-0.20348,180,0,0,469658
0,0,0,0.5,-0.20348,180,0,0,469675
0,0,0,0.5,-0.20348,180,0,0,469692
0,1,0,0.5,-0.203345,180,0,0,469709
0,0,0,0.5,-0.203345,180,0,0,469725
0,0,0,0.5,-0.203345,180,0,0,469742
0,0,0,0.5,-0.203345,180,0,0,469758
0,0,0,0.5,-0.203345,180,0,1,469775
0,0,0,0.5,-0.203345,180,0,1,469792
0,0,0,0.5,-0.203345,180,0,1,469808
0,0,0,0.5,-0.203345,180,0,1,469825
0,0,0,0.5,-0.203345,180,0,1,469842
0,0,0,0.5,-0.203345,180,0,0,469859
0,0,0,0.5,-0.203345,180,0,0,469875
0,0,0,0.5,-0.203345,180,0,0,469892
0,-1,0,0.5,-0.20348,180,0,0,469909
0,0,0,0.5,-0.20348,180,0,0,469925
0,0,0,0.5,-0.20348,180,0,0,469943
0,0,0,0.5,-0.20348,180,0,0,469958
0,0,0,0.5,-0.20348,180,0,0,469975
0,0,0,0.5,-0.20348,180,0,0,469992
0,0,0,0.5,-0.20348,180,0,0,470008
0,0,0,0.5,-0.20348,180,0,0,470025
0,0,0,0.5,-0.20348,180,0,0,470042
0,0,0,0.5,-0.20348,180,0,0,470058
0,0,0,0.5,-0.20348,180,0,0,470076
0,0,0,0.5,-0.20348,180,0,0,470092
0,0,0,0.5,-0.20348,180,0,0,470108
0,0,0,0.5,-0.20348,180,0,0,470125
0,0,0,0.5,-0.20348,180,0,0,470142
0,0,0,0.5,-0.20348,180,0,0,470159
0,0,0,0.5,-0.20348,180,0,0,470175
0,0,0,0.5,-0.20348,180,0,0,470192
0,0,0,0.5,-0.20348,180,0,0,470209
0,0,0,0.5,-0.20348,180,0,0,470225
0,0,0,0.5,-0.20348,180,0,0,470242
0,0,1,0.5,-0.20348,180,0,0,470260
0,0,0,0.5,-0.20348,180,0,0,470275
0,-1,0,0.5,-0.203615,180,0,0,470293
0,0,0,0.5,-0.203615,180,0,0,470309
2,0,0,0.5,-0.203615,180,0,0,470327
0,0,0,0.5,-0.203615,180,0,0,470342
0,0,0,0.5,-0.203615,180,0,0,470359
1,0,0,0.5,-0.203615,180,0,0,470377
0,1,0,0.5,-0.20348,180,0,0,470393
-3,0,-1,0.5,-0.20348,180,0,0,470409
0,0,0,0.5,-0.20348,180,0,0,470425
2,0,0,0.5,-0.20348,180,0,0,470443
1,0,0,0.5,-0.20348,180,0,0,470459
0,0,0,0.5,-0.20348,180,0,0,470476
1,0,0,0.5,-0.20348,180,0,0,470492
-2,0,0,0.5,-0.20348,180,0,0,470509
0,0,0,0.5,-0.20348,180,0,0,470525
0,0,0,0.5,-0.20348,180,0,0,470542
0,0,0,0.5,-0.20348,180,0,0,470558
0,0,0,0.5,-0.20348,180,0,0,470576
0,-1,1,0.5,-0.203615,180,0,0,470592
0,0,0,0.5,-0.203615,180,0,0,470608
0,0,0,0.5,-0.203615,180,0,0,470625
3,0,0,0.5,-0.203615,180,0,0,470643
0,0,0,0.5,-0.203615,180,0,0,470659
0,0,0,0.5,-0.203615,180,0,0,470675
1,0,0,0.5,-0.203615,180,0,0,470692
0,0,0,0.5,-0.203615,180,0,0,470708
1,1,0,0.5,-0.20348,180,0,0,470726
-2,0,0,0.5,-0.20348,180,0,0,470742
0,1,0,0.5,-0.203345,180,0,0,470759
0,0,0,0.5,-0.203345,180,0,0,470775
0,0,0,0.5,-0.203345,180,0,0,470792
2,0,0,0.5,-0.203345,180,0,0,470809
0,0,0,0.5,-0.203345,180,0,0,470825
0,0,0,0.5,-0.203345,180,0,0,470842
0,0,0,0.5,-0.203345,180,0,0,470858
0,0,0,0.5,-0.203345,180,0,0,470875
1,0,0,0.5,-0.203345,180,0,0,470892
0,0,0,0.5,-0.203345,180,0,0,470909
0,0,0,0.5,-0.203345,180,0,0,470925
0,0,0,0.5,-0.203345,180,0,0,470942
-2,0,0,0.5,-0.203345,180,0,0,470959
0,0,0,0.5,-0.203345,180,0,0,470976
0,0,0,0.5,-0.203345,180,0,0,470992
0,0,0,0.5,-0.203345,180,0,0,471009
0,0,0,0.5,-0.203345,180,0,0,471025
0,0,0,0.5,-0.203345,180,0,0,471042
0,0,0,0.5,-0.203345,180,0,0,471058
0,0,0,0.5,-0.203345,180,0,0,471075
0,1,0,0.5,-0.20321,180,0,0,471092
0,0,0,0.5,-0.20321,180,0,0,471109
0,0,0,0.5,-0.20321,180,0,0,471127
0,0,0,0.5,-0.20321,180,0,0,471142
0,0,0,0.5,-0.20321,180,0,0,471159
0,0,0,0.5,-0.20321,180,0,0,471175
0,0,0,0.5,-0.20321,180,0,0,471192
0,0,0,0.5,-0.20321,180,0,0,471208
0,0,0,0.5,-0.20321,180,0,0,471225
0,0,0,0.5,-0.20321,180,0,0,471242
0,0,0,0.5,-0.20321,180,0,0,471258
0,0,0,0.5,-0.20321,180,0,0,471275
0,0,0,0.5,-0.20321,180,0,0,471292
0,0,0,0.5,-0.20321,180,0,0,471308
0,0,0,0.5,-0.20321,180,0,0,471325
0,0,0,0.5,-0.20321,180,0,0,471342
0,0,0,0.5,-0.20321,180,0,0,471358
0,0,0,0.5,-0.20321,180,0,0,471375
0,0,0,0.5,-0.20321,180,0,0,471392
0,0,0,0.5,-0.20321,180,0,0,471408
0,1,0,0.5,-0.203075,180,0,0,471426
0,0,0,0.5,-0.203075,180,0,0,471442
0,0,0,0.5,-0.203075,180,0,0,471458
0,1,0,0.5,-0.20294,180,0,0,471476
0,0,0,0.5,-0.20294,180,0,0,471492
0,0,0,0.5,-0.20294,180,0,0,471508
0,0,0,0.5,-0.20294,180,0,0,471525
0,0,0,0.5,-0.20294,180,0,0,471542
-1,0,0,0.5,-0.20294,180,0,0,471559
0,0,0,0.5,-0.20294,180,0,0,471575
0,0,0,0.5,-0.20294,180,0,0,471592
0,0,0,0.5,-0.20294,180,0,0,471608
0,0,0,0.5,-0.20294,180,0,0,471625
0,0,0,0.5,-0.20294,180,0,0,471642
0,0,0,0.5,-0.20294,180,0,0,471658
0,0,0,0.5,-0.20294,180,0,0,471675
0,0,0,0.5,-0.20294,180,0,0,471692
0,0,0,0.5,-0.20294,180,0,0,471708
0,0,1,0.5,-0.20294,180,0,0,471726
0,0,0,0.5,-0.20294,180,0,0,471742
0,0,0,0.5,-0.20294,180,0,0,471758
0,0,-2,0.5,-0.20294,180,0,0,471777
0,0,0,0.5,-0.20294,180,0,0,471792
0,1,1,0.5,-0.202805,180,0,0,471809
0,0,0,0.5,-0.202805,180,0,0,471825
0,0,0,0.5,-0.202805,180,0,0,471842
0,1,0,0.5,-0.20267,180,0,0,471860
0,0,0,0.5,-0.20267,180,0,0,471876
0,0,0,0.5,-0.20267,180,0,0,471892
0,0,0,0.5,-0.20267,180,0,0,471909
0,0,0,0.5,-0.20267,180,0,0,471925
0,0,0,0.5,-0.20267,180,0,0,471942
0,0,0,0.5,-0.20267,180,0,0,471958
-1,0,0,0.5,-0.20267,180,0,0,471977
0,0,0,0.5,-0.20267,180,0,0,471992
0,0,0,0.5,-0.20267,180,0,0,472008
-1,0,0,0.5,-0.20267,180,0,0,472026
0,0,0,0.5,-0.20267,180,0,0,472042
0,0,0,0.5,-0.20267,180,0,0,472059
1,0,0,0.5,-0.20267,180,0,0,472076
0,-3,0,0.5,-0.203075,180,0,0,472092
0,0,0,0.5,-0.203075,180,0,0,472109
0,-2,0,0.5,-0.203345,180,0,0,472127
0,-2,0,0.5,-0.203615,180,0,0,472147
0,-4,0,0.5,-0.204155,180,0,0,472165
0,0,0,0.5,-0.204155,180,0,0,472181
0,0,0,0.5,-0.204155,180,0,1,472196
0,6,0,0.5,-0.203345,180,0,1,472210
0,12,0,0.5,-0.201725,180,0,1,472226
0,14,0,0.5,-0.199835,180,0,1,472242
0,18,-2,0.5,-0.197405,180,0,1,472259
-2,16,-3,0.5,-0.195245,180,0,1,472276
1,18,-4,0.5,-0.192815,180,0,1,472294
0,18,-7,0.5,-0.190385,180,0,1,472312
-1,17,-8,0.5,-0.18809,180,0,1,472328
-3,15,-12,0.5,-0.186065,180,0,1,472345
0,12,-10,0.5,-0.184445,180,0,1,472362
0,5,-10,0.5,-0.18377,180,0,1,472379
0,0,-10,0.5,-0.18377,180,0,1,472396
-2,0,-12,0.5,-0.18377,180,0,1,472412
0,0,-9,0.5,-0.18377,180,0,1,472428
0,3,-8,0.5,-0.183365,180,0,0,472444
0,6,-7,0.5,-0.182555,180,0,0,472461
0,8,-8,0.5,-0.181475,180,0,0,472478
0,10,-7,0.5,-0.180125,180,0,0,472496
-3,11,-9,0.5,-0.17864,180,0,0,472512
-4,11,-9,0.5,-0.177155,180,0,0,472528
2,12,-5,0.5,-0.175535,180,0,0,472545
0,12,-5,0.5,-0.173915,180,0,0,472560
0,12,-5,0.5,-0.172295,180,0,0,472578
0,9,-4,0.5,-0.17108,180,0,1,472594
0,7,-5,0.5,-0.170135,180,0,1,472611
-3,5,-7,0.5,-0.16946,180,0,0,472628
2,1,-1,0.5,-0.169325,180,0,0,472643
0,2,-2,0.5,-0.169055,180,0,0,472662
0,4,-1,0.5,-0.168515,180,0,0,472679
0,7,-3,0.5,-0.16757,180,0,0,472695
0,6,-4,0.5,-0.16676,180,0,0,472710
0,9,-5,0.5,-0.165545,180,0,0,472727
-3,8,-7,0.5,-0.164465,180,0,0,472744
1,7,-7,0.5,-0.16352,180,0,0,472761
0,9,-8,0.5,-0.162305,180,0,0,472782
0,9,-8,0.5,-0.16109,180,0,0,472795
1,10,-9,0.5,-0.15974,180,0,0,472811
0,9,-8,0.5,-0.158525,180,0,0,472828
0,6,-10,0.5,-0.157715,180,0,0,472845
1,4,-8,0.5,-0.157175,180,0,0,472861
-3,3,-8,0.5,-0.15677,180,0,0,472879
2,1,-4,0.5,-0.156635,180,0,0,472893
4,0,-3,0.5,-0.156635,180,0,0,472909
0,2,-4,0.5,-0.156365,180,0,0,472927
-3,2,-7,0.5,-0.156095,180,0,0,472944
0,4,-4,0.5,-0.155555,180,0,0,472960
0,1,-9,0.5,-0.15542,180,0,0,472983
0,0,0,0.5,-0.15542,180,0,0,472992
0,0,-3,0.5,-0.15542,180,0,0,473010
4,-7,-6,0.5,-0.156365,180,0,0,473027
0,-3,-3,0.5,-0.15677,180,0,0,473043
3,-3,0,0.5,-0.157175,180,0,0,473059
-1,-2,-4,0.5,-0.157445,180,0,0,473077
0,-1,-3,0.5,-0.15758,180,0,0,473093
0,-1,-2,0.5,-0.157715,180,0,0,473110
-1,0,-2,0.5,-0.157715,180,0,0,473128
0,0,-2,0.5,-0.157715,180,0,0,473143
0,0,-2,0.5,-0.157715,180,0,0,473159
0,0,-2,0.5,-0.157715,180,0,0,473177
0,1,-2,0.5,-0.15758,180,0,0,473193
0,0,-1,0.5,-0.15758,180,0,0,473209
0,0,-2,0.5,-0.15758,180,0,0,473227
1,-1,-3,0.5,-0.157715,180,0,0,473243
0,1,-2,0.5,-0.15758,180,0,0,473260
0,-1,-2,0.5,-0.157715,180,0,0,473277
0,0,-2,0.5,-0.157715,180,0,0,473293
0,-1,-2,0.5,-0.15785,180,0,0,473310
0,-1,-2,0.5,-0.157985,180,0,0,473326
0,1,-2,0.5,-0.15785,180,0,0,473343
0,-2,-2,0.5,-0.15812,180,0,0,473360
2,-1,-2,0.5,-0.158255,180,0,0,473377
0,0,0,0.5,-0.158255,180,0,0,473392
-2,-1,-2,0.5,-0.15839,180,0,0,473409
-1,-2,-3,0.5,-0.15866,180,0,0,473428
0,-1,-1,0.5,-0.158795,180,0,0,473443
0,0,-2,0.5,-0.158795,180,0,0,473460
0,-2,-2,0.5,-0.159065,180,0,0,473478
0,-1,-1,0.5,-0.1592,180,0,0,473493
0,0,-2,0.5,-0.1592,180,0,0,473509
0,-1,-1,0.5,-0.159335,180,0,0,473529
2,-1,-1,0.5,-0.15947,180,0,0,473542
2,-1,0,0.5,-0.159605,180,0,0,473559
-3,0,-4,0.5,-0.159605,180,0,0,473581
-1,-1,-1,0.5,-0.15974,180,0,0,473592
0,-1,-2,0.5,-0.159875,180,0,0,473610
4,-1,0,0.5,-0.16001,180,0,0,473627
0,0,-2,0.5,-0.16001,180,0,0,473643
0,-1,-1,0.5,-0.160145,180,0,0,473660
0,0,-1,0.5,-0.160145,180,0,0,473676
0,-2,-2,0.5,-0.160415,180,0,0,473693
0,-1,-1,0.5,-0.16055,180,0,0,473709
0,0,-1,0.5,-0.16055,180,0,0,473727
0,-2,-2,0.5,-0.16082,180,0,0,473743
0,0,-1,0.5,-0.16082,180,0,0,473759
0,-1,-2,0.5,-0.160955,180,0,0,473778
0,-1,-3,0.5,-0.16109,180,0,0,473793
0,-1,-1,0.5,-0.161225,180,0,0,473810
0,-1,-5,0.5,-0.16136,180,0,0,473828
0,-1,-1,0.5,-0.161495,180,0,0,473843
0,0,-1,0.5,-0.161495,180,0,0,473860
0,0,-1,0.5,-0.161495,180,0,0,473877
0,-1,-1,0.5,-0.16163,180,0,0,473893
0,-1,-1,0.5,-0.161765,180,0,0,473911
0,-1,-1,0.5,-0.1619,180,0,0,473926
0,-1,-1,0.5,-0.162035,180,0,0,473942
0,0,-1,0.5,-0.162035,180,0,0,473959
0,0,-1,0.5,-0.162035,180,0,0,473977
0,-1,-1,0.5,-0.16217,180,0,0,473992
0,0,-1,0.5,-0.16217,180,0,0,474011
0,-1,-1,0.5,-0.162305,180,0,0,474027
0,0,-1,0.5,-0.162305,180,0,0,474042
2,1,-1,0.5,-0.16217,180,0,0,474059
-2,0,-1,0.5,-0.16217,180,0,0,474079
0,0,-1,0.5,-0.16217,180,0,0,474093
-1,0,0,0.5,-0.16217,180,0,0,474111
0,-1,-2,0.5,-0.162305,180,0,0,474127
0,0,0,0.5,-0.162305,180,0,0,474142
3,0,0,0.5,-0.162305,180,0,0,474159
-7,0,-5,0.5,-0.162305,180,0,0,474179
0,0,-1,0.5,-0.162305,180,0,0,474192
0,2,-2,0.5,-0.162035,180,0,0,474209
0,13,-6,0.5,-0.16028,180,0,0,474228
0,12,-3,0.5,-0.15866,180,0,0,474243
0,14,-5,0.5,-0.15677,180,0,0,474262
0,12,-6,0.5,-0.15515,180,0,0,474278
-1,10,-8,0.5,-0.1538,180,0,0,474294
1,6,-6,0.5,-0.15299,180,0,0,474312
0,3,-6,0.5,-0.152585,180,0,0,474330
0,1,-7,0.5,-0.15245,180,0,0,474344
-3,1,-9,0.5,-0.152315,180,0,0,474365
0,4,-6,0.5,-0.151775,180,0,0,474378
-2,7,-5,0.5,-0.15083,180,0,0,474393
2,9,-5,0.5,-0.149615,180,0,0,474411
0,13,-5,0.5,-0.14786,180,0,0,474430
0,18,-3,0.5,-0.14543,180,0,0,474443
0,22,-1,0.5,-0.14246,180,0,0,474460
2,25,-2,0.5,-0.139085,180,0,0,474478
0,29,-3,0.5,-0.13517,180,0,0,474494
0,31,-3,0.5,-0.130985,180,0,0,474511
0,29,-3,0.5,-0.12707,180,0,0,474526
1,32,-3,0.5,-0.12275,180,0,0,474543
0,31,-4,0.5,-0.118565,180,0,0,474560
1,38,-4,0.5,-0.113435,180,0,0,474578
0,87,-3,0.5,-0.10169,180,0,0,474598
0,0,0,0.5,-0.10169,180,0,0,474608
-5,96,-2,0.5,-0.08873,180,0,0,474627
0,48,-1,0.5,-0.08225,180,0,0,474643
3,47,-2,0.5,-0.075905,180,0,0,474660
0,46,-4,0.5,-0.069695,180,0,0,474678
0,49,-5,0.5,-0.06308,180,0,0,474695
0,25,1,0.5,-0.059705,180,0,0,474710
0,49,-5,0.5,-0.05309,180,0,0,474727
0,46,-4,0.5,-0.04688,180,0,0,474744
0,54,-5,0.5,-0.03959,180,0,0,474760
0,49,-5,0.5,-0.032975,180,0,0,474779
-1,43,-5,0.5,-0.02717,180,0,0,474795
0,43,-5,0.5,-0.021365,180,0,0,474811
0,46,-7,0.5,-0.015155,180,0,0,474829
0,47,-9,0.5,-0.00881,180,0,0,474845
0,47,-8,0.5,-0.002465,180,0,0,474861
1,27,-6,0.5,0.00118,180,0,0,474878
-1,40,-5,0.5,0.00658,180,0,0,474895
0,41,-3,0.5,0.012115,180,0,0,474910
0,39,-2,0.5,0.01738,180,0,0,474927
0,42,-1,0.5,0.02305,180,0,0,474943
2,41,-4,0.5,0.028585,180,0,0,474960
-3,37,-9,0.5,0.03358,180,0,0,474981
0,40,-11,0.5,0.03898,180,0,0,474996
0,45,-12,0.5,0.045055,180,0,0,475014
0,83,-14,0.5,0.05626,180,0,0,475028
0,37,-2,0.5,0.061255,180,0,0,475044
0,36,-1,0.5,0.066115,180,0,0,475062
0,39,0,0.5,0.07138,180,0,0,475075
0,47,2,0.5,0.077725,180,0,0,475093
0,51,4,0.5,0.08461,180,0,0,475113
2,49,3,0.5,0.091225,180,0,0,475129
-1,43,0,0.5,0.09703,180,0,0,475142
0,43,0,0.5,0.102835,180,0,0,475159
0,47,0,0.5,0.10918,180,0,0,475175
0,44,1,0.5,0.11512,180,0,0,475194
0,41,3,0.5,0.120655,180,0,0,475212
0,41,6,0.5,0.12619,180,0,0,475231
0,45,10,0.5,0.132265,180,0,0,475247
0,48,10,0.5,0.138745,180,0,0,475265
0,45,8,0.5,0.14482,180,0,0,475280
0,46,4,0.5,0.15103,180,0,0,475295
0,43,0,0.5,0.156835,180,0,0,475309
0,44,0,0.5,0.162775,180,0,0,475326
-1,32,4,0.5,0.167095,180,0,0,475343
0,29,5,0.5,0.17101,180,0,0,475364
0,28,6,0.5,0.17479,180,0,0,475378
0,35,10,0.5,0.179515,180,0,0,475400
1,97,26,0.5,0.19261,180,0,0,475419
0,52,8,0.5,0.19963,180,0,0,475429
0,57,4,0.5,0.207325,180,0,0,475444
0,55,2,0.5,0.21475,180,0,0,475460
0,39,4,0.5,0.220015,180,0,0,475478
0,26,5,0.5,0.223525,180,0,0,475494
0,23,8,0.5,0.22663,180,0,0,475512
-1,28,11,0.5,0.23041,180,0,0,475528
0,41,19,0.5,0.235945,180,0,0,475547
0,51,20,0.5,0.24283,180,0,0,475564
0,51,17,0.5,0.249715,180,0,0,475580
0,48,14,0.5,0.256195,180,0,0,475597
0,42,12,0.5,0.261865,180,0,0,475612
0,45,13,0.5,0.26794,180,0,0,475630
0,42,12,0.5,0.27361,180,0,0,475647
0,41,11,0.5,0.279145,180,0,0,475663
0,45,13,0.5,0.28522,180,0,0,475680
0,44,13,0.5,0.29116,180,0,0,475695
0,46,13,0.5,0.29737,180,0,0,475712
0,44,9,0.5,0.30331,180,0,0,475728
0,45,4,0.5,0.309385,180,0,0,475745
0,50,2,0.5,0.316135,180,0,0,475760
0,50,1,0.5,0.322885,180,0,0,475778
0,46,3,0.5,0.329095,180,0,0,475794
0,79,14,0.5,0.33976,180,0,0,475814
0,0,0,0.5,0.33976,180,0,0,475825
0,78,21,0.5,0.35029,180,0,0,475850
0,51,8,0.5,0.357175,180,0,0,475865
0,52,6,0.5,0.364195,180,0,0,475879
1,54,4,0.5,0.371485,180,0,0,475894
0,54,3,0.5,0.378775,180,0,0,475910
2,53,2,0.5,0.38593,180,0,0,475927
0,55,5,0.5,0.393355,180,0,0,475944
4,48,11,0.5,0.399835,180,0,0,475964
-2,30,5,0.5,0.403885,180,0,0,475981
0,48,8,0.5,0.410365,180,0,0,475995
0,39,3,0.5,0.41563,180,0,0,476010
2,39,1,0.5,0.420895,180,0,0,476026
1,44,-1,0.5,0.426835,180,0,0,476043
0,52,-4,0.5,0.433855,180,0,0,476061
0,51,-4,0.5,0.44074,180,0,0,476077
0,51,-3,0.5,0.447625,180,0,0,476093
0,49,-1,0.5,0.45424,180,0,0,476110
0,47,0,0.5,0.460585,180,0,0,476126
0,44,0,0.5,0.466525,180,0,0,476142
0,41,0,0.5,0.47206,180,0,0,476159
0,36,0,0.5,0.47692,180,0,0,476176
0,85,-12,0.5,0.488395,180,0,0,476196
0,52,-10,0.5,0.495415,180,0,0,476212
1,49,-7,0.5,0.50203,180,0,0,476229
-3,47,-6,0.5,0.508375,180,0,0,476246
-2,44,-3,0.5,0.514315,180,0,0,476260
-2,43,-4,0.5,0.52012,180,0,0,476277
2,40,-2,0.5,0.52552,180,0,0,476294
0,32,-4,0.5,0.52984,180,0,0,476310
0,25,-3,0.5,0.533215,180,0,0,476326
0,25,-5,0.5,0.53659,180,0,0,476344
0,26,-5,0.5,0.5401,180,0,0,476360
-2,6,0,0.5,0.54091,180,0,0,476375
0,14,-5,0.5,0.5428,180,0,0,476394
0,30,-5,0.5,0.54685,180,0,0,476411
0,23,-3,0.5,0.549955,180,0,0,476429
0,10,-1,0.5,0.551305,180,0,0,476444
0,1,0,0.5,0.55144,180,0,0,476459
0,-4,0,0.5,0.5509,180,0,0,476476
4,-10,2,0.5,0.54955,180,0,0,476493
1,-11,1,0.5,0.548065,180,0,0,476510
3,-10,3,0.5,0.546715,180,0,0,476527
2,-7,3,0.5,0.54577,180,0,0,476546
1,-4,2,0.5,0.54523,180,0,0,476561
2,-1,2,0.5,0.545095,180,0,0,476576
1,5,1,0.5,0.54577,180,0,0,476593
0,8,0,0.5,0.54685,180,0,0,476609
2,8,1,0.5,0.54793,180,0,0,476626
-5,15,-2,0.5,0.549955,180,0,0,476647
-1,6,0,0.5,0.550765,180,0,0,476659
0,4,0,0.5,0.551305,180,0,0,476676
0,2,-1,0.5,0.551575,180,0,0,476693
-1,1,-1,0.5,0.55171,180,0,0,476710
0,0,-1,0.5,0.55171,180,0,0,476728
0,-1,-1,0.5,0.551575,180,0,0,476747
0,-2,-1,0.5,0.551305,180,0,0,476763
0,-1,-1,0.5,0.55117,180,0,0,476777
0,-1,-1,0.5,0.551035,180,0,0,476794
0,-1,-1,0.5,0.5509,180,0,0,476811
0,-1,-1,0.5,0.550765,180,0,0,476828
2,-1,-1,0.5,0.55063,180,0,0,476842
1,0,0,0.5,0.55063,180,0,0,476861
0,1,-1,0.5,0.550765,180,0,0,476877
0,0,0,0.5,0.550765,180,0,0,476892
0,1,0,0.5,0.5509,180,0,0,476911
0,0,0,0.5,0.5509,180,0,0,476927
0,0,0,0.5,0.5509,180,0,0,476942
0,0,0,0.5,0.5509,180,0,0,476959
0,0,0,0.5,0.5509,180,0,0,476976
0,-1,0,0.5,0.550765,180,0,0,476992
0,0,0,0.5,0.550765,180,0,0,477008
0,0,0,0.5,0.550765,180,0,0,477025
0,0,-1,0.5,0.550765,180,0,0,477042
0,1,0,0.5,0.5509,180,0,0,477059
0,0,0,0.5,0.5509,180,0,0,477075
0,1,0,0.5,0.551035,180,0,0,477092
0,0,0,0.5,0.551035,180,0,0,477109
0,0,-1,0.5,0.551035,180,0,0,477126
0,0,0,0.5,0.551035,180,0,0,477142
0,0,0,0.5,0.551035,180,0,0,477158
0,0,0,0.5,0.551035,180,0,0,477175
0,-1,0,0.5,0.5509,180,0,0,477192
0,0,0,0.5,0.5509,180,0,0,477209
0,0,0,0.5,0.5509,180,0,0,477225
0,-1,0,0.5,0.550765,180,0,0,477242
0,0,0,0.5,0.550765,180,0,0,477258
0,-1,0,0.5,0.55063,180,0,0,477275
1,0,0,0.5,0.55063,180,0,0,477292
0,0,0,0.5,0.55063,180,0,0,477309
-2,0,0,0.5,0.55063,180,0,0,477325
0,1,0,0.5,0.550765,180,0,0,477342
0,1,0,0.5,0.5509,180,0,0,477359
0,0,0,0.5,0.5509,180,0,0,477375
0,1,0,0.5,0.551035,180,0,0,477392
0,0,0,0.5,0.551035,180,0,0,477408
0,0,0,0.5,0.551035,180,0,0,477425
0,0,0,0.5,0.551035,180,0,0,477442
0,0,0,0.5,0.551035,180,0,0,477458
0,0,0,0.5,0.551035,180,0,0,477475
0,0,0,0.5,0.551035,180,0,0,477492
0,0,0,0.5,0.551035,180,0,0,477508
0,0,0,0.5,0.551035,180,0,0,477525
0,0,0,0.5,0.551035,180,0,0,477542
0,-1,0,0.5,0.5509,180,0,0,477559
0,0,0,0.5,0.5509,180,0,0,477575
0,0,0,0.5,0.5509,180,0,0,477592
0,0,0,0.5,0.5509,180,0,0,477608
0,0,0,0.5,0.5509,180,0,0,477625
0,0,0,0.5,0.5509,180,0,0,477642
-1,0,-1,0.5,0.5509,180,0,0,477660
0,0,0,0.5,0.5509,180,0,0,477675
0,1,0,0.5,0.551035,180,0,0,477692
0,0,0,0.5,0.551035,180,0,0,477710
0,0,0,0.5,0.551035,180,0,0,477725
0,1,0,0.5,0.55117,180,0,0,477744
0,0,0,0.5,0.55117,180,0,0,477760
0,0,1,0.5,0.55117,180,0,0,477777
0,0,0,0.5,0.55117,180,0,0,477793
0,0,0,0.5,0.55117,180,0,0,477809
0,0,0,0.5,0.55117,180,0,0,477826
0,0,0,0.5,0.55117,180,0,0,477842
0,0,0,0.5,0.55117,180,0,0,477859
0,0,0,0.5,0.55117,180,0,0,477877
0,0,0,0.5,0.55117,180,0,0,477892
0,0,0,0.5,0.55117,180,0,0,477909
0,0,0,0.5,0.55117,180,0,0,477925
0,0,0,0.5,0.55117,180,0,0,477942
0,0,0,0.5,0.55117,180,0,0,477959
0,0,0,0.5,0.55117,180,0,0,477975
0,0,0,0.5,0.55117,180,0,0,477992
0,0,0,0.5,0.55117,180,0,0,478009
0,0,0,0.5,0.55117,180,0,0,478025
0,0,0,0.5,0.55117,180,0,0,478042
-1,1,0,0.5,0.551305,180,0,0,478059
0,0,0,0.5,0.551305,180,0,0,478075
2,1,0,0.5,0.55144,180,0,0,478092
0,0,0,0.5,0.55144,180,0,0,478108
0,0,0,0.5,0.55144,180,0,0,478125
0,0,0,0.5,0.55144,180,0,0,478142
0,0,0,0.5,0.55144,180,0,0,478158
-2,0,0,0.5,0.55144,180,0,0,478175
0,0,0,0.5,0.55144,180,0,0,478191
0,0,0,0.5,0.55144,180,0,0,478209
0,0,0,0.5,0.55144,180,0,0,478226
0,0,0,0.5,0.55144,180,0,0,478242
0,0,0,0.5,0.55144,180,0,0,478259
3,0,0,0.5,0.55144,180,0,0,478275
0,0,1,0.5,0.55144,180,0,0,478292
-3,0,0,0.5,0.55144,180,0,0,478309
0,-1,0,0.5,0.551305,180,0,0,478325
0,0,0,0.5,0.551305,180,0,0,478342
0,1,0,0.5,0.55144,180,0,0,478359
-1,0,0,0.5,0.55144,180,0,0,478377
0,1,0,0.5,0.551575,180,0,0,478392
0,0,0,0.5,0.551575,180,0,0,478408
0,1,0,0.5,0.55171,180,0,0,478425
0,0,0,0.5,0.55171,180,0,0,478442
0,0,0,0.5,0.55171,180,0,0,478458
0,0,0,0.5,0.55171,180,0,0,478475
0,0,0,0.5,0.55171,180,0,0,478492
0,0,0,0.5,0.55171,180,0,0,478508
0,0,0,0.5,0.55171,180,0,0,478525
0,0,0,0.5,0.55171,180,0,0,478542
0,1,0,0.5,0.551845,180,0,0,478559
0,0,0,0.5,0.551845,180,0,0,478575
0,0,0,0.5,0.551845,180,0,0,478592
0,0,0,0.5,0.551845,180,0,0,478608
0,0,0,0.5,0.551845,180,0,0,478625
0,0,0,0.5,0.551845,180,0,0,478642
0,0,-1,0.5,0.551845,180,0,0,478660
0,0,1,0.5,0.551845,180,0,0,478676
0,0,0,0.5,0.551845,180,0,0,478692
0,0,0,0.5,0.551845,180,0,0,478709
0,0,0,0.5,0.551845,180,0,0,478725
-1,1,0,0.5,0.55198,180,0,0,478743
0,0,0,0.5,0.55198,180,0,0,478759
0,1,0,0.5,0.552115,180,0,0,478776
0,1,0,0.5,0.55225,180,0,0,478792
2,0,0,0.5,0.55225,180,0,0,478810
0,0,0,0.5,0.55225,180,0,0,478825
0,0,0,0.5,0.55225,180,0,0,478842
0,0,0,0.5,0.55225,180,0,0,478859
0,0,0,0.5,0.55225,180,0,0,478875
0,0,0,0.5,0.55225,180,0,0,478892
0,0,-1,0.5,0.55225,180,0,0,478909
-3,0,0,0.5,0.55225,180,0,0,478927
0,0,0,0.5,0.55225,180,0,0,478942
0,0,0,0.5,0.55225,180,0,0,478959
0,0,0,0.5,0.55225,180,0,0,478975
0,0,0,0.5,0.55225,180,0,0,478992
-1,0,0,0.5,0.55225,180,0,0,479011
-1,0,0,0.5,0.55225,180,0,0,479027
0,0,0,0.5,0.55225,180,0,0,479042
0,1,0,0.5,0.552385,180,0,0,479060
2,0,0,0.5,0.552385,180,0,0,479078
0,0,0,0.5,0.552385,180,0,0,479092
0,1,0,0.5,0.55252,180,0,0,479109
0,0,0,0.5,0.55252,180,0,0,479126
0,0,0,0.5,0.55252,180,0,0,479142
-1,0,0,0.5,0.55252,180,0,0,479159
-2,0,0,0.5,0.55252,180,0,0,479176
0,0,0,0.5,0.55252,180,0,0,479192
0,0,0,0.5,0.55252,180,0,0,479209
0,0,0,0.5,0.55252,180,0,0,479226
0,0,0,0.5,0.55252,180,0,0,479242
0,0,0,0.5,0.55252,180,0,0,479258
-1,0,0,0.5,0.55252,180,0,0,479275
0,0,0,0.5,0.55252,180,0,0,479292
0,0,0,0.5,0.55252,180,0,0,479308
0,0,0,0.5,0.55252,180,0,0,479325
0,0,0,0.5,0.55252,180,0,0,479341
0,0,0,0.5,0.55252,180,0,0,479358
0,0,0,0.5,0.55252,180,0,0,479375
0,0,0,0.5,0.55252,180,0,0,479391
0,0,0,0.5,0.55252,180,0,0,479408
0,1,0,0.5,0.552655,180,0,0,479425
0,0,0,0.5,0.552655,180,0,0,479442
0,0,0,0.5,0.552655,180,0,0,479458
0,1,0,0.5,0.55279,180,0,0,479476
0,0,0,0.5,0.55279,180,0,0,479492
0,0,0,0.5,0.55279,180,0,0,479508
0,0,0,0.5,0.55279,180,0,0,479526
0,0,0,0.5,0.55279,180,0,0,479541
0,0,0,0.5,0.55279,180,0,0,479558
0,0,0,0.5,0.55279,180,0,0,479575
0,0,0,0.5,0.55279,180,0,0,479592
0,0,0,0.5,0.55279,180,0,0,479608
0,0,0,0.5,0.55279,180,0,0,479625
0,0,0,0.5,0.55279,180,0,0,479641
0,0,0,0.5,0.55279,180,0,0,479658
0,0,0,0.5,0.55279,180,0,0,479675
0,0,0,0.5,0.55279,180,0,0,479691
0,0,0,0.5,0.55279,180,0,0,479708
0,0,0,0.5,0.55279,180,0,0,479725
2,0,0,0.5,0.55279,180,0,0,479742
0,0,0,0.5,0.55279,180,0,0,479758
0,0,0,0.5,0.55279,180,0,0,479775
1,0,0,0.5,0.55279,180,0,0,479792
0,0,0,0.5,0.55279,180,0,0,479808
0,0,0,0.5,0.55279,180,0,0,479825
0,0,0,0.5,0.55279,180,0,0,479841
0,0,0,0.5,0.55279,180,0,0,479858
0,0,0,0.5,0.55279,180,0,0,479875
0,0,-1,0.5,0.55279,180,0,0,479892
0,0,0,0.5,0.55279,180,0,0,479908
0,0,0,0.5,0.55279,180,0,0,479925
0,0,1,0.5,0.55279,180,0,0,479942
0,0,0,0.5,0.55279,180,0,0,479958
1,0,0,0.5,0.55279,180,0,0,479976
0,0,0,0.5,0.55279,180,0,0,479992
0,0,0,0.5,0.55279,180,0,0,480012
0,0,0,0.5,0.55279,180,0,0,480025
1,0,0,0.5,0.55279,180,0,0,480042
0,0,0,0.5,0.55279,180,0,0,480059
0,-1,0,0.5,0.552655,180,0,0,480076
1,0,0,0.5,0.552655,180,0,0,480092
0,0,0,0.5,0.552655,180,0,0,480108
0,0,0,0.5,0.552655,180,0,0,480126
0,0,0,0.5,0.552655,180,0,0,480142
0,0,0,0.5,0.552655,180,0,0,480159
0,0,0,0.5,0.552655,180,0,0,480177
0,0,0,0.5,0.552655,180,0,0,480192
0,0,0,0.5,0.552655,180,0,0,480208
0,0,0,0.5,0.552655,180,0,0,480225
0,0,0,0.5,0.552655,180,0,0,480242
0,0,0,0.5,0.552655,180,0,0,480259
1,1,1,0.5,0.55279,180,0,0,480277
0,0,0,0.5,0.55279,180,0,0,480292
0,0,0,0.5,0.55279,180,0,0,480309
0,0,0,0.5,0.55279,180,0,0,480326
0,0,0,0.5,0.55279,180,0,0,480343
0,0,0,0.5,0.55279,180,0,0,480358
1,-1,0,0.5,0.552655,180,0,0,480375
0,0,0,0.5,0.552655,180,0,0,480392
0,0,0,0.5,0.552655,180,0,0,480409
-1,0,0,0.5,0.552655,180,0,0,480428
0,0,0,0.5,0.552655,180,0,0,480442
0,0,0,0.5,0.552655,180,0,0,480458
0,0,0,0.5,0.552655,180,0,0,480475
0,0,0,0.5,0.552655,180,0,0,480492
0,0,0,0.5,0.552655,180,0,0,480508
0,0,0,0.5,0.552655,180,0,0,480525
0,0,0,0.5,0.552655,180,0,0,480542
0,0,0,0.5,0.552655,180,0,0,480558
0,0,0,0.5,0.552655,180,0,0,480576
0,0,0,0.5,0.552655,180,0,0,480592
2,-3,0,0.5,0.55225,180,0,0,480609
0,-2,0,0.5,0.55198,180,0,0,480627
0,-4,0,0.5,0.55144,180,0,0,480642
0,-3,-1,0.5,0.551035,180,0,0,480659
0,0,-1,0.5,0.551035,180,0,0,480679
0,4,-2,0.5,0.551575,180,0,0,480693
0,11,-3,0.5,0.55306,180,0,0,480710
0,15,-4,0.5,0.555085,180,0,0,480729
-1,21,-8,0.5,0.55792,180,0,0,480750
0,26,-7,0.5,0.56143,180,0,0,480760
1,34,-10,0.5,0.56602,180,0,0,480779
0,2,0,0.5,0.56629,180,0,0,480792
-4,27,-10,0.5,0.569935,180,0,0,480812
2,47,-14,0.5,0.57628,180,0,0,480831
0,31,-9,0.5,0.580465,180,0,0,480844
0,34,-6,0.5,0.585055,180,0,0,480860
0,41,-11,0.5,0.59059,180,0,0,480878
0,31,-7,0.5,0.594775,180,0,0,480894
0,27,-9,0.5,0.59842,180,0,0,480913
0,21,-9,0.5,0.601255,180,0,0,480929
1,14,-7,0.5,0.603145,180,0,1,480945
0,8,-8,0.5,0.604225,180,0,1,480963
-1,2,-7,0.5,0.604495,180,0,1,480978
1,3,-10,0.5,0.6049,180,0,1,480998
0,1,-4,0.5,0.605035,180,0,1,481012
0,1,-5,0.5,0.60517,180,0,1,481027
0,1,-4,0.5,0.605305,180,0,1,481043
0,0,-4,0.5,0.605305,180,0,1,481060
0,-1,-3,0.5,0.60517,180,0,1,481077
0,0,-5,0.5,0.60517,180,0,1,481093
0,1,-5,0.5,0.605305,180,0,1,481110
0,5,-6,0.5,0.60598,180,0,1,481128
0,8,-8,0.5,0.60706,180,0,1,481145
0,11,-8,0.5,0.608545,180,0,1,481164
-1,13,-10,0.5,0.6103,180,0,1,481177
-5,15,-13,0.5,0.612325,180,0,0,481201
0,17,-10,0.5,0.61462,180,0,0,481213
0,18,-13,0.5,0.61705,180,0,0,481232
0,16,-11,0.5,0.61921,180,0,1,481249
0,14,-10,0.5,0.6211,180,0,1,481262
0,11,-11,0.5,0.622585,180,0,1,481278
0,8,-10,0.5,0.623665,180,0,1,481297
0,5,-10,0.5,0.62434,180,0,1,481311
0,7,-11,0.5,0.625285,180,0,1,481328
0,10,-10,0.5,0.626635,180,0,1,481348
0,15,-11,0.5,0.62866,180,0,1,481362
0,18,-13,0.5,0.63109,180,0,1,481380
0,43,-28,0.5,0.636895,180,0,0,481400
0,16,-10,0.5,0.639055,180,0,0,481412
0,10,-14,0.5,0.640405,180,0,0,481430
0,3,-9,0.5,0.64081,180,0,0,481446
1,-2,-10,0.5,0.64054,180,0,0,481463
-1,-4,-10,0.5,0.64,180,0,0,481480
0,-3,-10,0.5,0.639595,180,0,1,481502
1,3,-10,0.5,0.64,180,0,1,481513
-1,7,-11,0.5,0.640945,180,0,1,481532
0,13,-12,0.5,0.6427,180,0,1,481547
-1,14,-15,0.5,0.64459,180,0,1,481562
-1,19,-13,0.5,0.647155,180,0,1,481580
0,20,-14,0.5,0.649855,180,0,1,481596
0,18,-12,0.5,0.652285,180,0,1,481611
-4,18,-15,0.5,0.654715,180,0,1,481629
-1,19,-11,0.5,0.65728,180,0,1,481646
0,14,-10,0.5,0.65917,180,0,0,481662
4,10,-8,0.5,0.66052,180,0,0,481678
1,8,-11,0.5,0.6616,180,0,0,481694
-2,10,-14,0.5,0.66295,180,0,0,481712
0,14,-12,0.5,0.66484,180,0,0,481729
0,20,-12,0.5,0.66754,180,0,0,481745
0,28,-11,0.5,0.67132,180,0,0,481763
1,34,-12,0.5,0.67591,180,0,0,481778
0,35,-13,0.5,0.680635,180,0,0,481795
0,71,-19,0.5,0.69022,180,0,0,481813
0,33,-21,0.5,0.694675,180,0,0,481831
2,33,-9,0.5,0.69913,180,0,0,481844
-2,30,-9,0.5,0.70318,180,0,0,481863
-1,28,-8,0.5,0.70696,180,0,0,481878
0,26,-8,0.5,0.71,180,0,0,481894
