2,51,-21,0.5,-0.703115,180,0,0,242894
1,24,-11,0.5,-0.699875,180,0,0,242905
-1,21,-10,0.5,-0.69704,180,0,0,242917
-1,22,-9,0.5,-0.69407,180,0,0,242927
1,23,-11,0.5,-0.690965,180,0,0,242946
1,26,-10,0.5,-0.687455,180,0,0,242961
0,29,-10,0.5,-0.68354,180,0,0,242978
0,30,-10,0.5,-0.67949,180,0,0,242997
0,31,-10,0.5,-0.675305,180,0,0,243012
1,34,-12,0.5,-0.670715,180,0,0,243031
0,31,-10,0.5,-0.66653,180,0,0,243046
0,30,-10,0.5,-0.66248,180,0,0,243061
0,30,-10,0.5,-0.65843,180,0,0,243078
1,27,-8,0.5,-0.654785,180,0,0,243095
-5,25,-11,0.5,-0.65141,180,0,0,243114
-5,24,-11,0.5,-0.64817,180,0,0,243131
8,24,-6,0.5,-0.64493,180,0,0,243145
0,24,-8,0.5,-0.64169,180,0,0,243162
0,26,-8,0.5,-0.63818,180,0,0,243178
0,32,-10,0.5,-0.63386,180,0,0,243197
0,31,-7,0.5,-0.629675,180,0,0,243213
-2,32,-10,0.5,-0.625355,180,0,0,243231
2,34,-10,0.5,-0.620765,180,0,0,243248
0,34,-10,0.5,-0.616175,180,0,0,243261
0,33,-10,0.5,-0.61172,180,0,0,243279
0,27,-9,0.5,-0.608075,180,0,0,243296
0,26,-8,0.5,-0.604565,180,0,0,243311
-4,44,-18,0.5,-0.598625,180,0,0,243329
5,18,-5,0.5,-0.596195,180,0,0,243345
1,19,-7,0.5,-0.59363,180,0,0,243362
0,21,-7,0.5,-0.590795,180,0,0,243378
-1,25,-9,0.5,-0.58742,180,0,0,243396
3,26,-3,0.5,-0.58391,180,0,0,243409
0,29,-6,0.5,-0.579995,180,0,0,243428
3,29,-4,0.5,-0.57608,180,0,0,243445
-3,31,-8,0.5,-0.571895,180,0,0,243461
0,30,-6,0.5,-0.567845,180,0,0,243478
2,29,-4,0.5,-0.56393,180,0,0,243496
-1,28,-7,0.5,-0.56015,180,0,0,243510
2,29,-4,0.5,-0.556235,180,0,0,243527
0,28,-5,0.5,-0.552455,180,0,0,243545
-5,16,-6,0.5,-0.550295,180,0,0,243560
2,26,-7,0.5,-0.546785,180,0,0,243578
0,23,-7,0.5,-0.54368,180,0,0,243596
-5,25,-10,0.5,-0.540305,180,0,0,243611
-1,25,-8,0.5,-0.53693,180,0,0,243627
0,28,-7,0.5,-0.53315,180,0,0,243644
0,29,-7,0.5,-0.529235,180,0,0,243660
0,33,-6,0.5,-0.52478,180,0,0,243677
0,31,-6,0.5,-0.520595,180,0,0,243694
0,30,-5,0.5,-0.516545,180,0,0,243710
0,61,-12,0.5,-0.50831,180,0,0,243736
0,30,-6,0.5,-0.50426,180,0,0,243748
0,28,-7,0.5,-0.50048,180,0,0,243762
0,28,-8,0.5,-0.4967,180,0,0,243778
2,27,-8,0.5,-0.493055,180,0,0,243794
0,24,-8,0.5,-0.489815,180,0,0,243812
0,23,-8,0.5,-0.48671,180,0,0,243827
0,22,-7,0.5,-0.48374,180,0,0,243844
2,20,-7,0.5,-0.48104,180,0,0,243861
-2,18,-7,0.5,-0.47861,180,0,0,243878
1,14,-6,0.5,-0.47672,180,0,0,243896
-1,11,-6,0.5,-0.475235,180,0,0,243911
0,7,-4,0.5,-0.47429,180,0,0,243927
-3,7,-5,0.5,-0.473345,180,0,0,243944
3,3,-5,0.5,-0.47294,180,0,0,243961
-2,1,-5,0.5,-0.472805,180,0,0,243977
0,-1,-6,0.5,-0.47294,180,0,0,243994
0,-3,-6,0.5,-0.473345,180,0,0,244010
0,-3,-6,0.5,-0.47375,180,0,0,244027
0,-1,-6,0.5,-0.473885,180,0,0,244044
0,3,-6,0.5,-0.47348,180,0,0,244062
0,5,-5,0.5,-0.472805,180,0,0,244077
0,8,-5,0.5,-0.471725,180,0,0,244094
0,9,-5,0.5,-0.47051,180,0,0,244110
4,23,-6,0.5,-0.467405,180,0,0,244127
-1,12,-7,0.5,-0.465785,180,0,0,244144
0,14,-4,0.5,-0.463895,180,0,0,244160
0,17,-3,0.5,-0.4616,180,0,0,244177
0,18,-5,0.5,-0.45917,180,0,0,244194
0,19,-5,0.5,-0.456605,180,0,0,244210
0,23,-4,0.5,-0.4535,180,0,0,244227
0,25,-4,0.5,-0.450125,180,0,0,244244
0,24,-4,0.5,-0.446885,180,0,0,244261
0,28,-4,0.5,-0.443105,180,0,0,244276
0,26,-6,0.5,-0.439595,180,0,0,244296
-1,30,-5,0.5,-0.435545,180,0,0,244319
0,27,-6,0.5,-0.4319,180,0,0,244335
2,28,-7,0.5,-0.42812,180,0,0,244346
0,27,-7,0.5,-0.424475,180,0,0,244361
0,28,-8,0.5,-0.420695,180,0,0,244378
0,29,-8,0.5,-0.41678,180,0,0,244396
0,30,-7,0.5,-0.41273,180,0,0,244411
0,32,-6,0.5,-0.40841,180,0,0,244427
0,35,-7,0.5,-0.403685,180,0,0,244446
0,35,-7,0.5,-0.39896,180,0,0,244462
0,35,-7,0.5,-0.394235,180,0,0,244480
0,30,-7,0.5,-0.390185,180,0,0,244497
0,31,-7,0.5,-0.386,180,0,0,244513
0,58,-12,0.5,-0.37817,180,0,0,244530
0,27,-14,0.5,-0.374525,180,0,0,244547
0,27,-9,0.5,-0.37088,180,0,0,244561
0,29,-8,0.5,-0.366965,180,0,0,244579
0,33,-9,0.5,-0.36251,180,0,0,244597
0,34,-7,0.5,-0.35792,180,0,0,244611
0,34,-8,0.5,-0.35333,180,0,0,244628
-1,35,-8,0.5,-0.348605,180,0,0,244645
0,31,-6,0.5,-0.34442,180,0,0,244660
0,33,-8,0.5,-0.339965,180,0,0,244678
0,29,-6,0.5,-0.33605,180,0,0,244695
0,29,-7,0.5,-0.332135,180,0,0,244711
0,27,-8,0.5,-0.32849,180,0,0,244728
0,26,-8,0.5,-0.32498,180,0,0,244745
0,26,-9,0.5,-0.32147,180,0,0,244761
0,25,-10,0.5,-0.318095,180,0,0,244779
0,26,-9,0.5,-0.314585,180,0,0,244795
0,27,-9,0.5,-0.31094,180,0,0,244811
0,28,-7,0.5,-0.30716,180,0,0,244828
0,30,-8,0.5,-0.30311,180,0,0,244844
0,30,-7,0.5,-0.29906,180,0,0,244860
0,32,-7,0.5,-0.29474,180,0,0,244878
0,30,-6,0.5,-0.29069,180,0,0,244895
1,29,-5,0.5,-0.286775,180,0,0,244910
0,29,-6,0.5,-0.28286,180,0,0,244929
-1,54,-14,0.5,-0.27557,180,0,0,244946
0,26,-8,0.5,-0.27206,180,0,0,244963
0,24,-8,0.5,-0.26882,180,0,0,244978
0,24,-7,0.5,-0.26558,180,0,0,244994
0,25,-8,0.5,-0.262205,180,0,0,245011
0,28,-8,0.5,-0.258425,180,0,0,245029
0,27,-7,0.5,-0.25478,180,0,0,245045
-1,28,-7,0.5,-0.251,180,0,0,245061
3,28,-7,0.5,-0.24722,180,0,0,245078
-4,28,-6,0.5,-0.24344,180,0,0,245094
3,27,-5,0.5,-0.239795,180,0,0,245110
0,27,-6,0.5,-0.23615,180,0,0,245127
0,24,-5,0.5,-0.23291,180,0,0,245145
0,24,-5,0.5,-0.22967,180,0,0,245165
0,21,-5,0.5,-0.226835,180,0,0,245177
0,22,-6,0.5,-0.223865,180,0,0,245194
-1,22,-8,0.5,-0.220895,180,0,0,245211
-1,24,-5,0.5,-0.217655,180,0,0,245228
0,19,-6,0.5,-0.21509,180,0,0,245245
0,19,-5,0.5,-0.212525,180,0,0,245260
0,20,-6,0.5,-0.209825,180,0,0,245277
0,17,-5,0.5,-0.20753,180,0,0,245294
0,43,-6,0.5,-0.201725,180,0,0,245313
0,0,-6,0.5,-0.201725,180,0,0,245327
0,23,-5,0.5,-0.19862,180,0,0,245344
0,45,-9,0.5,-0.192545,180,0,0,245361
0,23,-4,0.5,-0.18944,180,0,0,245376
0,22,-4,0.5,-0.18647,180,0,0,245393
0,20,-4,0.5,-0.18377,180,0,0,245410
0,21,-4,0.5,-0.180935,180,0,0,245426
0,20,-5,0.5,-0.178235,180,0,0,245444
-1,18,-6,0.5,-0.175805,180,0,0,245460
0,18,-6,0.5,-0.173375,180,0,0,245477
0,18,-8,0.5,-0.170945,180,0,0,245495
0,18,-8,0.5,-0.168515,180,0,0,245511
0,20,-9,0.5,-0.165815,180,0,0,245530
0,19,-8,0.5,-0.16325,180,0,0,245544
0,21,-7,0.5,-0.160415,180,0,0,245560
1,23,-8,0.5,-0.15731,180,0,0,245577
0,25,-8,0.5,-0.153935,180,0,0,245595
0,25,-7,0.5,-0.15056,180,0,0,245611
0,26,-8,0.5,-0.14705,180,0,0,245628
0,29,-8,0.5,-0.143135,180,0,0,245646
2,27,-7,0.5,-0.13949,180,0,0,245660
-7,28,-12,0.5,-0.13571,180,0,0,245679
0,28,-8,0.5,-0.13193,180,0,0,245695
0,24,-9,0.5,-0.12869,180,0,0,245713
2,48,-18,0.5,-0.12221,180,0,0,245733
0,0,0,0.5,-0.12221,180,0,0,245742
-2,44,-19,0.5,-0.11627,180,0,0,245766
0,24,-9,0.5,-0.11303,180,0,0,245778
0,28,-8,0.5,-0.10925,180,0,0,245795
-3,31,-11,0.5,-0.105065,180,0,0,245812
0,30,-7,0.5,-0.101015,180,0,0,245831
0,33,-8,0.5,-0.09656,180,0,0,245845
0,30,-8,0.5,-0.09251,180,0,0,245861
0,30,-8,0.5,-0.08846,180,0,0,245878
0,28,-7,0.5,-0.08468,180,0,0,245896
0,27,-8,0.5,-0.081035,180,0,0,245911
0,28,-9,0.5,-0.077255,180,0,0,245928
0,25,-10,0.5,-0.07388,180,0,0,245946
0,23,-10,0.5,-0.070775,180,0,0,245962
0,23,-10,0.5,-0.06767,180,0,0,245982
0,24,-10,0.5,-0.06443,180,0,0,245995
-1,29,-10,0.5,-0.060515,180,0,0,246011
0,33,-10,0.5,-0.05606,180,0,0,246028
-1,33,-10,0.5,-0.051605,180,0,0,246046
3,34,-8,0.5,-0.047015,180,0,0,246067
-3,34,-9,0.5,-0.042425,180,0,0,246079
2,34,-9,0.5,-0.037835,180,0,0,246097
0,32,-8,0.5,-0.033515,180,0,0,246111
1,30,-8,0.5,-0.029465,180,0,0,246129
-2,51,-18,0.5,-0.02258,180,0,1,246150
0,25,-9,0.5,-0.019205,180,0,0,246162
1,22,-9,0.5,-0.016235,180,0,0,246178
0,22,-10,0.5,-0.013265,180,0,0,246197
1,21,-10,0.5,-0.01043,180,0,0,246211
-3,23,-10,0.5,-0.007325,180,0,0,246228
0,25,-10,0.5,-0.00395,180,0,0,246244
0,25,-9,0.5,-0.000575,180,0,0,246261
0,25,-9,0.5,0.0028,180,0,0,246282
0,23,-9,0.5,0.005905,180,0,0,246296
0,20,-8,0.5,0.008605,180,0,0,246317
0,19,-8,0.5,0.01117,180,0,0,246330
0,14,-6,0.5,0.01306,180,0,0,246345
0,16,-6,0.5,0.01522,180,0,0,246360
3,14,-5,0.5,0.01711,180,0,0,246377
-1,14,-6,0.5,0.019,180,0,0,246397
2,16,-6,0.5,0.02116,180,0,0,246410
-2,16,-9,0.5,0.02332,180,0,0,246429
0,19,-7,0.5,0.025885,180,0,0,246444
0,21,-8,0.5,0.02872,180,0,0,246461
0,25,-8,0.5,0.032095,180,0,0,246477
0,26,-8,0.5,0.035605,180,0,0,246496
0,30,-8,0.5,0.039655,180,0,0,246511
0,67,-9,0.5,0.0487,180,0,0,246529
0,0,-6,0.5,0.0487,180,0,0,246543
0,75,-16,0.5,0.058825,180,0,0,246563
0,36,-9,0.5,0.063685,180,0,0,246579
0,32,-9,0.5,0.068005,180,0,0,246595
0,32,-9,0.5,0.072325,180,0,0,246611
0,31,-11,0.5,0.07651,180,0,0,246628
0,32,-11,0.5,0.08083,180,0,0,246645
0,30,-12,0.5,0.08488,180,0,0,246662
0,31,-11,0.5,0.089065,180,0,0,246680
0,33,-10,0.5,0.09352,180,0,0,246695
-1,35,-10,0.5,0.098245,180,0,0,246711
0,34,-9,0.5,0.102835,180,0,0,246728
0,36,-10,0.5,0.107695,180,0,0,246753
0,34,-9,0.5,0.112285,180,0,0,246768
0,32,-10,0.5,0.116605,180,0,0,246778
0,31,-8,0.5,0.12079,180,0,0,246794
0,27,-10,0.5,0.124435,180,0,1,246816
0,23,-9,0.5,0.12754,180,0,1,246828
-3,18,-11,0.5,0.12997,180,0,0,246846
0,16,-10,0.5,0.13213,180,0,0,246862
-1,13,-7,0.5,0.133885,180,0,0,246878
0,13,-8,0.5,0.13564,180,0,0,246895
1,15,-7,0.5,0.137665,180,0,0,246911
0,16,-7,0.5,0.139825,180,0,0,246927
2,35,-12,0.5,0.14455,180,0,0,246946
0,18,-6,0.5,0.14698,180,0,0,246964
0,19,-5,0.5,0.149545,180,0,0,246978
0,20,-5,0.5,0.152245,180,0,0,246993
3,19,-6,0.5,0.15481,180,0,0,247010
0,21,-4,0.5,0.157645,180,0,0,247027
-1,22,-5,0.5,0.160615,180,0,0,247045
0,23,-5,0.5,0.16372,180,0,0,247061
0,22,-6,0.5,0.16669,180,0,0,247077
0,23,-7,0.5,0.169795,180,0,0,247094
0,25,-7,0.5,0.17317,180,0,0,247111
0,22,-7,0.5,0.17614,180,0,0,247128
0,24,-8,0.5,0.17938,180,0,0,247144
0,24,-8,0.5,0.18262,180,0,0,247161
0,24,-7,0.5,0.18586,180,0,0,247177
1,28,-6,0.5,0.18964,180,0,0,247194
0,30,-6,0.5,0.19369,180,0,0,247210
1,32,-5,0.5,0.19801,180,0,0,247227
-2,32,-8,0.5,0.20233,180,0,0,247246
0,32,-5,0.5,0.20665,180,0,0,247261
0,32,-3,0.5,0.21097,180,0,0,247277
0,35,-5,0.5,0.215695,180,0,0,247296
0,33,-6,0.5,0.22015,180,0,0,247318
0,63,-13,0.5,0.228655,180,0,0,247337
0,32,-8,0.5,0.232975,180,0,0,247352
1,32,-9,0.5,0.237295,180,0,0,247363
0,32,-8,0.5,0.241615,180,0,0,247380
0,32,-8,0.5,0.245935,180,0,0,247400
0,35,-7,0.5,0.25066,180,0,0,247414
0,35,-7,0.5,0.255385,180,0,0,247430
0,36,-7,0.5,0.260245,180,0,0,247444
0,36,-7,0.5,0.265105,180,0,0,247462
0,35,-6,0.5,0.26983,180,0,0,247477
0,34,-6,0.5,0.27442,180,0,0,247496
0,34,-7,0.5,0.27901,180,0,0,247510
0,35,-7,0.5,0.283735,180,0,0,247527
0,36,-8,0.5,0.288595,180,0,0,247548
0,35,-7,0.5,0.29332,180,0,0,247561
1,38,-9,0.5,0.29845,180,0,0,247577
-2,36,-9,0.5,0.30331,180,0,0,247594
1,35,-11,0.5,0.308035,180,0,0,247615
0,35,-11,0.5,0.31276,180,0,0,247628
-3,35,-10,0.5,0.317485,180,0,0,247647
0,34,-10,0.5,0.322075,180,0,0,247661
3,34,-8,0.5,0.326665,180,0,0,247677
-2,31,-8,0.5,0.33085,180,0,0,247695
0,28,-8,0.5,0.33463,180,0,0,247711
-1,25,-7,0.5,0.338005,180,0,0,247727
0,46,-15,0.5,0.344215,180,0,0,247746
-1,22,-10,0.5,0.347185,180,0,0,247761
0,19,-8,0.5,0.34975,180,0,0,247778
6,17,-6,0.5,0.352045,180,0,0,247794
4,15,-5,0.5,0.35407,180,0,0,247810
-4,15,-10,0.5,0.356095,180,0,0,247829
0,16,-7,0.5,0.358255,180,0,0,247845
-1,19,-7,0.5,0.36082,180,0,0,247860
0,24,-6,0.5,0.36406,180,0,0,247877
0,26,-7,0.5,0.36757,180,0,0,247894
0,27,-7,0.5,0.371215,180,0,0,247910
0,26,-7,0.5,0.374725,180,0,0,247928
3,25,-6,0.5,0.3781,180,0,0,247946
-1,26,-7,0.5,0.38161,180,0,1,247961
0,25,-7,0.5,0.384985,180,0,1,247978
0,24,-5,0.5,0.388225,180,0,0,247995
2,22,-6,0.5,0.391195,180,0,0,248010
-5,21,-8,0.5,0.39403,180,0,0,248027
0,17,-6,0.5,0.396325,180,0,0,248044
0,16,-7,0.5,0.398485,180,0,0,248060
0,14,-7,0.5,0.400375,180,0,0,248077
0,13,-7,0.5,0.40213,180,0,0,248095
0,12,-7,0.5,0.40375,180,0,0,248110
-4,28,-10,0.5,0.40753,180,0,0,248129
0,0,-6,0.5,0.40753,180,0,0,248145
2,36,-14,0.5,0.41239,180,0,0,248162
-5,21,-11,0.5,0.415225,180,0,0,248178
0,21,-7,0.5,0.41806,180,0,0,248195
1,22,-6,0.5,0.42103,180,0,0,248210
1,24,-6,0.5,0.42427,180,0,0,248227
-1,23,-5,0.5,0.427375,180,0,0,248245
-1,25,-5,0.5,0.43075,180,0,0,248260
0,24,-5,0.5,0.43399,180,0,0,248277
0,25,-5,0.5,0.437365,180,0,0,248299
0,22,-5,0.5,0.440335,180,0,0,248310
0,21,-6,0.5,0.44317,180,0,0,248328
0,20,-7,0.5,0.44587,180,0,0,248344
2,19,-6,0.5,0.448435,180,0,0,248365
2,20,-5,0.5,0.451135,180,0,0,248377
-3,21,-9,0.5,0.45397,180,0,0,248397
-1,25,-6,0.5,0.457345,180,0,0,248410
0,22,-5,0.5,0.460315,180,0,0,248428
0,28,-6,0.5,0.464095,180,0,0,248446
0,27,-6,0.5,0.46774,180,0,0,248460
0,32,-6,0.5,0.47206,180,0,0,248477
0,29,-7,0.5,0.475975,180,0,0,248495
0,31,-5,0.5,0.48016,180,0,0,248510
0,29,-5,0.5,0.484075,180,0,0,248528
-1,53,-12,0.5,0.49123,180,0,0,248546
-2,23,-8,0.5,0.494335,180,0,0,248560
3,22,-6,0.5,0.497305,180,0,0,248577
0,21,-7,0.5,0.50014,180,0,0,248595
0,20,-8,0.5,0.50284,180,0,0,248611
-1,20,-9,0.5,0.50554,180,0,0,248629
-3,22,-8,0.5,0.50851,180,0,0,248645
-1,21,-7,0.5,0.511345,180,0,0,248660
0,24,-5,0.5,0.514585,180,0,0,248677
0,23,-6,0.5,0.51769,180,0,0,248694
0,22,-6,0.5,0.52066,180,0,1,248711
0,20,-5,0.5,0.52336,180,0,1,248728
0,18,-5,0.5,0.52579,180,0,1,248744
0,18,-4,0.5,0.52822,180,0,0,248760
0,16,-4,0.5,0.53038,180,0,0,248777
0,16,-4,0.5,0.53254,180,0,0,248794
0,14,-4,0.5,0.53443,180,0,0,248810
0,11,-3,0.5,0.535915,180,0,0,248827
0,9,-3,0.5,0.53713,180,0,0,248843
0,8,-3,0.5,0.53821,180,0,0,248859
-1,11,-3,0.5,0.539695,180,0,0,248879
0,27,-6,0.5,0.54334,180,0,0,248901
0,18,-5,0.5,0.54577,180,0,0,248912
0,0,0,0.5,0.54577,180,0,0,248926
-1,20,-4,0.5,0.54847,180,0,0,248944
0,45,-8,0.5,0.554545,180,0,0,248962
0,26,-5,0.5,0.558055,180,0,0,248977
0,26,-5,0.5,0.561565,180,0,0,248994
3,29,-4,0.5,0.56548,180,0,0,249010
0,30,-6,0.5,0.56953,180,0,0,249028
0,28,-4,0.5,0.57331,180,0,0,249046
0,28,-5,0.5,0.57709,180,0,0,249060
1,27,-5,0.5,0.580735,180,0,0,249077
0,26,-5,0.5,0.584245,180,0,0,249094
0,25,-5,0.5,0.58762,180,0,0,249110
0,22,-6,0.5,0.59059,180,0,0,249128
0,24,-6,0.5,0.59383,180,0,0,249144
0,23,-7,0.5,0.596935,180,0,0,249160
0,23,-7,0.5,0.60004,180,0,0,249178
0,23,-7,0.5,0.603145,180,0,0,249193
0,24,-8,0.5,0.606385,180,0,0,249210
0,26,-9,0.5,0.609895,180,0,0,249227
0,30,-9,0.5,0.613945,180,0,0,249248
0,31,-9,0.5,0.61813,180,0,0,249262
-3,20,-5,0.5,0.62083,180,0,0,249277
2,26,-6,0.5,0.62434,180,0,0,249298
-1,36,-8,0.5,0.6292,180,0,0,249313
1,37,-8,0.5,0.634195,180,0,0,249327
0,34,-9,0.5,0.638785,180,0,0,249345
0,65,-18,0.5,0.64756,180,0,0,249367
0,23,-7,0.5,0.650665,180,0,0,249378
0,28,-10,0.5,0.654445,180,0,0,249396
0,27,-10,0.5,0.65809,180,0,0,249412
6,26,-13,0.5,0.6616,180,0,0,249430
0,29,-10,0.5,0.665515,180,0,0,249444
1,31,-9,0.5,0.6697,180,0,0,249460
-1,30,-8,0.5,0.67375,180,0,0,249477
0,30,-8,0.5,0.6778,180,0,0,249495
0,32,-8,0.5,0.68212,180,0,0,249511
0,30,-8,0.5,0.68617,180,0,0,249528
0,31,-7,0.5,0.690355,180,0,0,249545
0,32,-8,0.5,0.694675,180,0,0,249561
0,28,-8,0.5,0.698455,180,0,0,249578
0,31,-9,0.5,0.70264,180,0,0,249597
0,28,-9,0.5,0.70642,180,0,0,249611
0,28,-10,0.5,0.71,180,0,0,249628
