-1,48,-8,0.5,-0.70352,180,0,1,334587
0,0,0,0.5,-0.70352,180,0,1,334591
0,22,-3,0.5,-0.70055,180,0,1,334603
1,22,-3,0.5,-0.69758,180,0,0,334619
0,23,-4,0.5,-0.694475,180,0,0,334637
0,25,-4,0.5,-0.6911,180,0,0,334653
0,27,-5,0.5,-0.687455,180,0,0,334671
-1,28,-6,0.5,-0.683675,180,0,0,334687
0,29,-5,0.5,-0.67976,180,0,0,334703
0,28,-7,0.5,-0.67598,180,0,0,334720
0,25,-6,0.5,-0.672605,180,0,0,334736
2,24,-5,0.5,-0.669365,180,0,0,334753
-2,25,-8,0.5,-0.66599,180,0,0,334770
-6,25,-9,0.5,-0.662615,180,0,0,334786
0,25,-4,0.5,-0.65924,180,0,0,334805
0,26,-5,0.5,-0.65573,180,0,0,334820
0,53,-8,0.5,-0.648575,180,0,0,334837
0,26,-7,0.5,-0.645065,180,0,0,334854
0,27,-5,0.5,-0.64142,180,0,0,334869
0,28,-6,0.5,-0.63764,180,0,0,334886
-4,28,-11,0.5,-0.63386,180,0,0,334904
0,28,-7,0.5,-0.63008,180,0,0,334919
1,29,-8,0.5,-0.626165,180,0,0,334938
0,30,-7,0.5,-0.622115,180,0,0,334953
0,33,-7,0.5,-0.61766,180,0,0,334969
0,35,-7,0.5,-0.612935,180,0,0,334988
-1,37,-9,0.5,-0.60794,180,0,0,335004
0,35,-6,0.5,-0.603215,180,0,0,335019
1,33,-9,0.5,-0.59876,180,0,0,335036
-1,29,-7,0.5,-0.594845,180,0,0,335053
0,27,-6,0.5,-0.5912,180,0,1,335069
0,27,-6,0.5,-0.587555,180,0,1,335087
0,27,-6,0.5,-0.58391,180,0,1,335102
0,28,-6,0.5,-0.58013,180,0,0,335119
0,30,-5,0.5,-0.57608,180,0,0,335136
0,28,-6,0.5,-0.5723,180,0,0,335152
0,31,-6,0.5,-0.568115,180,0,0,335169
0,27,-5,0.5,-0.56447,180,0,0,335187
0,29,-5,0.5,-0.560555,180,0,0,335202
0,26,-4,0.5,-0.557045,180,0,0,335220
0,39,-7,0.5,-0.55178,180,0,0,335238
0,14,-2,0.5,-0.54989,180,0,0,335251
0,14,-2,0.5,-0.548,180,0,1,335268
3,9,-1,0.5,-0.546785,180,0,0,335285
0,9,0,0.5,-0.54557,180,0,0,335302
0,7,0,0.5,-0.544625,180,0,0,335318
0,5,0,0.5,-0.54395,180,0,0,335335
0,4,0,0.5,-0.54341,180,0,0,335351
-3,3,0,0.5,-0.543005,180,0,1,335368
0,3,0,0.5,-0.5426,180,0,1,335387
0,3,0,0.5,-0.542195,180,0,1,335401
0,3,0,0.5,-0.54179,180,0,1,335418
0,2,0,0.5,-0.54152,180,0,1,335435
0,2,0,0.5,-0.54125,180,0,0,335452
0,2,0,0.5,-0.54098,180,0,0,335468
2,2,0,0.5,-0.54071,180,0,0,335485
0,3,0,0.5,-0.540305,180,0,0,335501
-1,6,1,0.5,-0.539495,180,0,1,335520
1,6,0,0.5,-0.538685,180,0,1,335535
0,7,1,0.5,-0.53774,180,0,1,335551
0,6,0,0.5,-0.53693,180,0,1,335568
0,8,1,0.5,-0.53585,180,0,0,335587
1,8,1,0.5,-0.53477,180,0,0,335602
0,7,1,0.5,-0.533825,180,0,0,335618
0,12,2,0.5,-0.532205,180,0,0,335635
0,31,6,0.5,-0.52802,180,0,0,335652
0,25,3,0.5,-0.524645,180,0,0,335671
3,27,5,0.5,-0.521,180,0,0,335686
0,29,1,0.5,-0.517085,180,0,0,335701
1,28,2,0.5,-0.513305,180,0,0,335718
1,25,1,0.5,-0.50993,180,0,0,335735
0,21,1,0.5,-0.507095,180,0,0,335751
-3,19,0,0.5,-0.50453,180,0,0,335768
0,20,0,0.5,-0.50183,180,0,0,335785
0,21,0,0.5,-0.498995,180,0,0,335801
0,25,0,0.5,-0.49562,180,0,0,335818
0,28,0,0.5,-0.49184,180,0,0,335835
0,33,0,0.5,-0.487385,180,0,0,335851
0,34,0,0.5,-0.482795,180,0,0,335868
0,39,0,0.5,-0.47753,180,0,0,335884
-1,41,0,0.5,-0.471995,180,0,0,335901
4,43,2,0.5,-0.46619,180,0,0,335919
0,44,-1,0.5,-0.46025,180,0,0,335935
-3,38,-1,0.5,-0.45512,180,0,0,335952
-2,37,-1,0.5,-0.450125,180,0,0,335968
0,32,0,0.5,-0.445805,180,0,0,335984
0,31,0,0.5,-0.44162,180,0,0,336001
0,27,-2,0.5,-0.437975,180,0,0,336020
0,50,-5,0.5,-0.431225,180,0,0,336037
0,24,-7,0.5,-0.427985,180,0,0,336054
0,25,-2,0.5,-0.42461,180,0,0,336069
2,26,-4,0.5,-0.4211,180,0,0,336086
-3,27,-4,0.5,-0.417455,180,0,0,336102
-4,27,-6,0.5,-0.41381,180,0,0,336121
-3,26,-5,0.5,-0.4103,180,0,0,336137
-1,29,-4,0.5,-0.406385,180,0,0,336152
-3,29,-6,0.5,-0.40247,180,0,0,336169
0,27,-2,0.5,-0.398825,180,0,0,336186
0,30,-6,0.5,-0.394775,180,0,1,336202
-1,27,-3,0.5,-0.39113,180,0,1,336219
0,26,-4,0.5,-0.38762,180,0,1,336236
0,23,-4,0.5,-0.384515,180,0,0,336252
0,20,-5,0.5,-0.381815,180,0,0,336269
-1,15,-5,0.5,-0.37979,180,0,0,336287
0,15,-5,0.5,-0.377765,180,0,0,336302
2,14,-4,0.5,-0.375875,180,0,0,336320
0,17,-4,0.5,-0.37358,180,0,0,336336
2,18,-4,0.5,-0.37115,180,0,0,336352
-3,21,-5,0.5,-0.368315,180,0,0,336369
0,21,-5,0.5,-0.36548,180,0,1,336385
4,23,-3,0.5,-0.362375,180,0,1,336407
-1,39,-7,0.5,-0.35711,180,0,0,336426
0,0,0,0.5,-0.35711,180,0,0,336435
-1,31,-5,0.5,-0.352925,180,0,0,336453
0,13,-1,0.5,-0.35117,180,0,0,336468
0,14,-2,0.5,-0.34928,180,0,0,336486
0,13,-1,0.5,-0.347525,180,0,0,336501
0,14,-1,0.5,-0.345635,180,0,0,336518
0,18,-2,0.5,-0.343205,180,0,0,336535
0,16,-2,0.5,-0.341045,180,0,0,336551
0,17,-3,0.5,-0.33875,180,0,0,336569
0,18,-4,0.5,-0.33632,180,0,0,336588
0,16,-3,0.5,-0.33416,180,0,0,336603
0,17,-4,0.5,-0.331865,180,0,0,336619
0,20,-3,0.5,-0.329165,180,0,0,336635
0,22,-3,0.5,-0.326195,180,0,0,336652
0,27,-5,0.5,-0.32255,180,0,0,336670
0,30,-5,0.5,-0.3185,180,0,0,336687
0,30,-6,0.5,-0.31445,180,0,0,336703
1,33,-6,0.5,-0.309995,180,0,0,336719
0,33,-7,0.5,-0.30554,180,0,0,336737
0,35,-6,0.5,-0.300815,180,0,0,336752
0,37,-7,0.5,-0.29582,180,0,0,336770
0,35,-9,0.5,-0.291095,180,0,0,336787
0,34,-9,0.5,-0.286505,180,0,0,336804
-8,31,-15,0.5,-0.28232,180,0,0,336822
-3,62,-22,0.5,-0.27395,180,0,0,336843
3,29,-11,0.5,-0.270035,180,0,0,336854
0,33,-9,0.5,-0.26558,180,0,0,336870
-3,34,-10,0.5,-0.26099,180,0,0,336888
-1,40,-9,0.5,-0.25559,180,0,0,336904
2,42,-9,0.5,-0.24992,180,0,0,336920
-3,43,-12,0.5,-0.244115,180,0,0,336938
0,41,-10,0.5,-0.23858,180,0,0,336955
2,38,-10,0.5,-0.23345,180,0,0,336970
0,33,-12,0.5,-0.228995,180,0,0,336987
0,29,-11,0.5,-0.22508,180,0,0,337004
-1,27,-13,0.5,-0.221435,180,0,0,337026
1,26,-11,0.5,-0.217925,180,0,0,337037
-4,24,-12,0.5,-0.214685,180,0,0,337055
-1,28,-11,0.5,-0.210905,180,0,0,337076
-5,28,-11,0.5,-0.207125,180,0,0,337088
1,30,-9,0.5,-0.203075,180,0,0,337105
2,34,-8,0.5,-0.198485,180,0,0,337120
-1,33,-11,0.5,-0.19403,180,0,0,337138
1,32,-9,0.5,-0.18971,180,0,0,337153
0,31,-11,0.5,-0.185525,180,0,0,337171
0,28,-12,0.5,-0.181745,180,0,0,337188
3,29,-13,0.5,-0.17783,180,0,0,337205
-2,27,-13,0.5,-0.174185,180,0,0,337221
0,30,-11,0.5,-0.170135,180,0,0,337237
-1,64,-22,0.5,-0.161495,180,0,0,337256
3,35,-8,0.5,-0.15677,180,0,0,337270
1,37,0,0.5,-0.151775,180,0,0,337285
0,35,-21,0.5,-0.14705,180,0,0,337310
-1,37,-10,0.5,-0.142055,180,0,0,337322
0,32,-11,0.5,-0.137735,180,0,0,337341
0,28,-11,0.5,-0.133955,180,0,0,337353
0,25,-12,0.5,-0.13058,180,0,0,337371
0,23,-11,0.5,-0.127475,180,0,0,337388
0,24,-10,0.5,-0.124235,180,0,0,337405
0,24,-10,0.5,-0.120995,180,0,0,337421
0,22,-8,0.5,-0.118025,180,1,1,337440
1,20,-8,0.5,-0.115325,180,1,1,337454
0,19,-9,0.5,-0.11276,180,1,1,337472
2,17,-5,0.5,-0.110465,180,0,0,337489
1,16,-7,0.5,-0.108305,180,0,0,337503
0,16,-7,0.5,-0.106145,180,0,0,337521
0,15,-7,0.5,-0.10412,180,0,0,337537
0,14,-6,0.5,-0.10223,180,0,0,337553
0,13,-6,0.5,-0.100475,180,0,1,337569
0,11,-6,0.5,-0.09899,180,0,1,337588
0,9,-6,0.5,-0.097775,180,0,1,337604
0,8,-5,0.5,-0.096695,180,0,1,337620
0,16,-10,0.5,-0.094535,180,0,1,337641
0,9,-6,0.5,-0.09332,180,0,1,337653
0,9,-5,0.5,-0.092105,180,0,1,337669
0,9,-5,0.5,-0.09089,180,0,1,337686
0,7,-5,0.5,-0.089945,180,0,1,337703
0,8,-5,0.5,-0.088865,180,0,1,337719
0,6,-4,0.5,-0.088055,180,0,1,337736
-1,7,-4,0.5,-0.08711,180,0,0,337753
0,4,-3,0.5,-0.08657,180,0,0,337768
0,5,-1,0.5,-0.085895,180,0,0,337785
-1,3,-1,0.5,-0.08549,180,0,0,337802
5,3,1,0.5,-0.085085,180,0,0,337818
2,2,-1,0.5,-0.084815,180,0,0,337835
-1,4,0,0.5,-0.084275,180,0,1,337852
0,4,0,0.5,-0.083735,180,0,1,337868
0,2,0,0.5,-0.083465,180,0,0,337885
0,4,1,0.5,-0.082925,180,0,0,337902
0,4,0,0.5,-0.082385,180,0,0,337918
0,6,1,0.5,-0.081575,180,0,0,337935
-1,8,0,0.5,-0.080495,180,0,0,337951
0,10,1,0.5,-0.079145,180,0,1,337968
0,8,1,0.5,-0.078065,180,0,1,337985
0,9,0,0.5,-0.07685,180,0,0,338002
2,6,0,0.5,-0.07604,180,0,0,338018
0,4,-1,0.5,-0.0755,180,0,0,338035
-1,3,0,0.5,-0.075095,180,0,0,338052
0,1,-1,0.5,-0.07496,180,0,0,338068
1,3,-2,0.5,-0.074555,180,0,1,338085
0,3,-2,0.5,-0.07415,180,0,1,338103
0,3,-2,0.5,-0.073745,180,0,0,338119
0,2,-2,0.5,-0.073475,180,0,0,338135
0,1,-2,0.5,-0.07334,180,0,0,338152
0,2,-2,0.5,-0.07307,180,0,0,338168
0,2,-2,0.5,-0.0728,180,0,0,338185
-1,4,-1,0.5,-0.07226,180,0,0,338201
0,4,-2,0.5,-0.07172,180,0,1,338219
0,2,-1,0.5,-0.07145,180,0,1,338235
0,3,-2,0.5,-0.071045,180,0,0,338253
0,1,-1,0.5,-0.07091,180,0,0,338269
0,-2,-1,0.5,-0.07118,180,0,0,338285
0,-1,0,0.5,-0.071315,180,0,0,338301
0,-2,-1,0.5,-0.071585,180,0,0,338318
0,-2,-1,0.5,-0.071855,180,0,0,338335
0,-3,0,0.5,-0.07226,180,0,0,338351
0,-1,-1,0.5,-0.072395,180,0,0,338369
0,-1,0,0.5,-0.07253,180,0,0,338385
0,-1,0,0.5,-0.072665,180,0,0,338401
0,0,0,0.5,-0.072665,180,0,0,338418
0,-1,0,0.5,-0.0728,180,0,0,338436
0,-1,0,0.5,-0.072935,180,0,0,338451
0,0,0,0.5,-0.072935,180,0,0,338467
0,0,0,0.5,-0.072935,180,0,0,338484
0,0,0,0.5,-0.072935,180,0,0,338501
0,-1,0,0.5,-0.07307,180,0,0,338518
0,0,0,0.5,-0.07307,180,0,0,338534
0,-1,0,0.5,-0.073205,180,0,0,338551
0,-1,0,0.5,-0.07334,180,0,0,338568
0,-1,0,0.5,-0.073475,180,0,0,338584
0,-1,0,0.5,-0.07361,180,0,0,338601
0,-1,0,0.5,-0.073745,180,0,0,338617
0,0,0,0.5,-0.073745,180,0,0,338634
0,-1,0,0.5,-0.07388,180,0,0,338651
0,0,0,0.5,-0.07388,180,0,0,338667
0,-1,0,0.5,-0.074015,180,0,0,338684
0,0,0,0.5,-0.074015,180,0,0,338701
0,0,0,0.5,-0.074015,180,0,0,338717
0,0,-1,0.5,-0.074015,180,0,0,338734
0,-1,-1,0.5,-0.07415,180,0,0,338751
-3,-2,-1,0.5,-0.07442,180,0,0,338768
0,-3,-2,0.5,-0.074825,180,0,0,338785
0,-4,-3,0.5,-0.075365,180,0,0,338802
0,-4,0,0.5,-0.075905,180,0,0,338819
0,-3,-1,0.5,-0.07631,180,0,0,338835
1,-6,-4,0.5,-0.07712,180,0,0,338852
0,-4,-2,0.5,-0.07766,180,0,0,338869
0,-4,0,0.5,-0.0782,180,0,0,338884
0,-5,-2,0.5,-0.078875,180,0,0,338902
0,-5,-2,0.5,-0.07955,180,0,0,338919
1,-7,-3,0.5,-0.080495,180,0,0,338936
0,-7,-3,0.5,-0.08144,180,0,0,338952
0,-6,-3,0.5,-0.08225,180,0,0,338969
-1,-5,-3,0.5,-0.082925,180,0,0,338985
0,-6,-3,0.5,-0.083735,180,0,0,339002
0,-4,-2,0.5,-0.084275,180,0,0,339019
0,-6,-2,0.5,-0.085085,180,0,0,339036
0,-3,-1,0.5,-0.08549,180,0,0,339052
0,-4,-1,0.5,-0.08603,180,0,0,339069
0,-3,-1,0.5,-0.086435,180,0,0,339086
0,-2,-1,0.5,-0.086705,180,0,0,339102
0,-2,-1,0.5,-0.086975,180,0,0,339118
0,-1,-1,0.5,-0.08711,180,0,0,339135
0,-2,-1,0.5,-0.08738,180,0,0,339153
-1,-2,-1,0.5,-0.08765,180,0,0,339174
2,-9,0,0.5,-0.088865,180,0,0,339189
0,0,0,0.5,-0.088865,180,0,0,339201
0,-7,0,0.5,-0.08981,180,0,0,339217
0,-8,0,0.5,-0.09089,180,0,0,339234
-1,-7,0,0.5,-0.091835,180,0,0,339251
0,-17,1,0.5,-0.09413,180,0,0,339268
-1,-6,0,0.5,-0.09494,180,0,0,339284
2,-6,2,0.5,-0.09575,180,0,0,339302
0,-5,1,0.5,-0.096425,180,0,0,339318
4,-4,2,0.5,-0.096965,180,0,0,339336
3,-3,2,0.5,-0.09737,180,0,0,339352
-8,-2,-3,0.5,-0.09764,180,0,0,339368
0,-1,0,0.5,-0.097775,180,0,0,339384
0,0,0,0.5,-0.097775,180,0,0,339401
0,0,-1,0.5,-0.097775,180,0,0,339419
-1,2,-1,0.5,-0.097505,180,0,0,339435
0,6,-1,0.5,-0.096695,180,0,0,339452
2,7,-2,0.5,-0.09575,180,0,0,339469
0,8,-2,0.5,-0.09467,180,0,0,339485
0,9,-3,0.5,-0.093455,180,0,0,339502
-4,10,-3,0.5,-0.092105,180,0,0,339520
0,11,-3,0.5,-0.09062,180,0,0,339535
0,12,-3,0.5,-0.089,180,0,0,339553
0,14,-3,0.5,-0.08711,180,0,0,339569
0,17,-3,0.5,-0.084815,180,0,0,339585
-1,18,-2,0.5,-0.082385,180,0,0,339602
0,41,-7,0.5,-0.07685,180,0,0,339619
0,0,0,0.5,-0.07685,180,0,0,339634
0,38,-5,0.5,-0.07172,180,0,0,339657
0,16,-3,0.5,-0.06956,180,0,0,339670
0,18,-2,0.5,-0.06713,180,0,0,339685
0,17,-2,0.5,-0.064835,180,0,0,339702
0,19,-3,0.5,-0.06227,180,0,0,339719
0,20,-4,0.5,-0.05957,180,0,0,339736
3,21,-4,0.5,-0.056735,180,0,0,339752
-3,19,-2,0.5,-0.05417,180,0,0,339768
0,18,-3,0.5,-0.05174,180,0,0,339785
0,18,-3,0.5,-0.04931,180,0,0,339802
0,16,-1,0.5,-0.04715,180,0,0,339823
1,17,-2,0.5,-0.044855,180,0,0,339836
0,19,-3,0.5,-0.04229,180,0,0,339852
1,21,-3,0.5,-0.039455,180,0,0,339869
-1,23,-4,0.5,-0.03635,180,0,0,339886
0,27,-3,0.5,-0.032705,180,0,0,339902
0,27,-4,0.5,-0.02906,180,0,0,339919
0,30,-5,0.5,-0.02501,180,0,0,339935
0,28,-6,0.5,-0.02123,180,0,0,339952
0,25,-6,0.5,-0.017855,180,0,0,339972
0,25,-7,0.5,-0.01448,180,0,0,339986
-1,50,-10,0.5,-0.00773,180,0,0,340004
0,0,-5,0.5,-0.00773,180,0,0,340019
0,49,-14,0.5,-0.001115,180,0,0,340037
0,27,-6,0.5,0.00253,180,0,0,340052
0,28,-6,0.5,0.00631,180,0,0,340071
-2,33,-6,0.5,0.010765,180,0,0,340087
0,30,-5,0.5,0.014815,180,0,0,340103
0,32,-6,0.5,0.019135,180,0,0,340122
0,34,-8,0.5,0.023725,180,0,0,340138
0,32,-7,0.5,0.028045,180,0,0,340152
0,32,-8,0.5,0.032365,180,0,0,340175
0,30,-9,0.5,0.036415,180,0,0,340192
0,31,-10,0.5,0.0406,180,0,0,340203
0,30,-9,0.5,0.04465,180,0,0,340219
0,33,-8,0.5,0.049105,180,0,0,340236
0,36,-8,0.5,0.053965,180,0,0,340252
0,37,-7,0.5,0.05896,180,0,0,340273
0,37,-7,0.5,0.063955,180,0,0,340286
1,37,-6,0.5,0.06895,180,0,0,340302
0,37,-9,0.5,0.073945,180,0,0,340323
0,13,-3,0.5,0.0757,180,0,0,340335
-2,36,-8,0.5,0.08056,180,0,0,340352
1,34,-8,0.5,0.08515,180,0,0,340370
-4,30,-10,0.5,0.0892,180,0,0,340388
0,29,-10,0.5,0.093115,180,0,0,340403
0,55,-8,0.5,0.10054,180,0,0,340420
0,29,-17,0.5,0.104455,180,0,0,340439
0,33,-7,0.5,0.10891,180,0,0,340453
0,30,-6,0.5,0.11296,180,0,0,340477
0,31,-5,0.5,0.117145,180,0,0,340489
0,25,-4,0.5,0.12052,180,0,0,340502
0,22,-4,0.5,0.12349,180,0,0,340518
0,15,-3,0.5,0.125515,180,0,0,340535
0,17,-2,0.5,0.12781,180,0,0,340554
0,15,-3,0.5,0.129835,180,0,0,340569
0,15,-3,0.5,0.13186,180,0,0,340585
0,17,-3,0.5,0.134155,180,0,0,340604
0,16,-4,0.5,0.136315,180,0,0,340621
0,17,-5,0.5,0.13861,180,0,0,340635
0,20,-5,0.5,0.14131,180,0,0,340652
0,21,-4,0.5,0.144145,180,0,0,340671
0,5,-1,0.5,0.14482,180,0,0,340684
0,5,-1,0.5,0.145495,180,0,0,340701
0,30,-5,0.5,0.149545,180,0,0,340722
0,27,-4,0.5,0.15319,180,0,0,340736
0,28,-5,0.5,0.15697,180,0,0,340752
0,27,-6,0.5,0.160615,180,0,0,340768
0,24,-5,0.5,0.163855,180,0,0,340786
0,24,-7,0.5,0.167095,180,0,0,340803
0,42,-15,0.5,0.172765,180,0,0,340821
0,21,-9,0.5,0.1756,180,0,0,340838
0,14,-7,0.5,0.17749,180,0,0,340855
0,-2,0,0.5,0.17722,180,0,0,340869
0,-2,0,0.5,0.17695,180,0,0,340884
0,2,0,0.5,0.17722,180,0,0,340901
0,27,-7,0.5,0.180865,180,0,0,340924
0,26,-7,0.5,0.184375,180,0,0,340938
0,31,-8,0.5,0.18856,180,0,0,340954
0,30,-7,0.5,0.19261,180,0,0,340975
0,31,-7,0.5,0.196795,180,0,0,340989
-1,33,-8,0.5,0.20125,180,0,0,341005
0,32,-7,0.5,0.20557,180,0,0,341020
0,32,-7,0.5,0.20989,180,0,0,341037
0,20,-2,0.5,0.21259,180,0,0,341052
0,31,-9,0.5,0.216775,180,0,0,341071
0,28,-10,0.5,0.220555,180,0,0,341087
0,26,-10,0.5,0.224065,180,0,0,341103
0,26,-12,0.5,0.227575,180,0,0,341121
0,26,-11,0.5,0.231085,180,0,0,341137
1,28,-11,0.5,0.234865,180,0,0,341155
1,29,-9,0.5,0.23878,180,0,0,341170
1,30,-10,0.5,0.24283,180,0,0,341188
0,30,-8,0.5,0.24688,180,0,0,341205
0,58,-17,0.5,0.25471,180,0,0,341223
0,0,0,0.5,0.25471,180,0,0,341234
0,51,-16,0.5,0.261595,180,0,0,341256
2,21,-7,0.5,0.26443,180,0,0,341271
-2,18,-9,0.5,0.26686,180,0,0,341287
-2,17,-8,0.5,0.269155,180,0,0,341303
2,18,-7,0.5,0.271585,180,0,0,341320
0,18,-7,0.5,0.274015,180,0,0,341337
1,22,-6,0.5,0.276985,180,0,0,341353
1,24,-6,0.5,0.280225,180,0,0,341370
0,26,-7,0.5,0.283735,180,0,0,341386
-1,29,-7,0.5,0.28765,180,0,0,341404
0,31,-7,0.5,0.291835,180,0,0,341421
0,33,-7,0.5,0.29629,180,0,0,341437
-1,32,-7,0.5,0.30061,180,0,0,341453
0,32,-6,0.5,0.30493,180,0,0,341469
0,30,-6,0.5,0.30898,180,0,0,341486
0,28,-6,0.5,0.31276,180,0,0,341503
-1,25,-5,0.5,0.316135,180,0,0,341519
0,24,-7,0.5,0.319375,180,0,0,341537
0,22,-6,0.5,0.322345,180,0,0,341553
0,23,-7,0.5,0.32545,180,0,0,341570
0,24,-7,0.5,0.32869,180,0,0,341586
0,29,-7,0.5,0.332605,180,0,0,341603
0,61,-13,0.5,0.34084,180,0,0,341621
4,30,-6,0.5,0.34489,180,0,0,341636
-4,32,-6,0.5,0.34921,180,0,1,341652
0,32,-7,0.5,0.35353,180,0,1,341669
0,30,-6,0.5,0.35758,180,0,1,341686
-4,27,-7,0.5,0.361225,180,0,0,341703
6,24,-1,0.5,0.364465,180,0,0,341718
0,21,-3,0.5,0.3673,180,0,0,341736
0,17,-2,0.5,0.369595,180,0,0,341752
1,16,-3,0.5,0.371755,180,0,0,341769
1,13,0,0.5,0.37351,180,0,1,341788
0,13,-1,0.5,0.375265,180,0,1,341802
0,10,0,0.5,0.376615,180,0,1,341818
0,9,-2,0.5,0.37783,180,0,0,341835
-1,7,-2,0.5,0.378775,180,0,0,341852
0,8,-1,0.5,0.379855,180,0,0,341868
0,10,-1,0.5,0.381205,180,0,0,341885
-1,11,-1,0.5,0.38269,180,0,0,341902
0,13,0,0.5,0.384445,180,0,0,341920
0,14,-1,0.5,0.386335,180,0,1,341935
0,14,0,0.5,0.388225,180,0,1,341951
-3,12,-2,0.5,0.389845,180,0,1,341968
3,10,0,0.5,0.391195,180,0,0,341984
2,6,-1,0.5,0.392005,180,0,0,342002
-2,10,0,0.5,0.393355,180,0,0,342018
0,3,0,0.5,0.39376,180,0,0,342034
-1,5,0,0.5,0.394435,180,0,0,342051
0,5,1,0.5,0.39511,180,0,1,342073
0,4,0,0.5,0.39565,180,0,1,342085
0,3,-1,0.5,0.396055,180,0,1,342101
0,1,-1,0.5,0.39619,180,0,0,342120
0,0,-1,0.5,0.39619,180,0,0,342134
0,0,0,0.5,0.39619,180,0,0,342151
0,-1,-1,0.5,0.396055,180,0,0,342168
0,0,0,0.5,0.396055,180,0,0,342184
0,2,-1,0.5,0.396325,180,0,1,342202
0,4,-1,0.5,0.396865,180,0,1,342218
0,3,-1,0.5,0.39727,180,0,1,342235
0,3,0,0.5,0.397675,180,0,0,342251
0,2,-1,0.5,0.397945,180,0,0,342269
0,0,-1,0.5,0.397945,180,0,0,342285
-1,-2,-1,0.5,0.397675,180,0,0,342301
0,-2,-1,0.5,0.397405,180,0,0,342318
0,-4,-1,0.5,0.396865,180,0,0,342335
0,-3,-1,0.5,0.39646,180,0,0,342351
0,-2,-1,0.5,0.39619,180,0,0,342368
0,-2,-1,0.5,0.39592,180,0,0,342385
0,-2,-1,0.5,0.39565,180,0,0,342402
1,0,0,0.5,0.39565,180,0,0,342417
0,3,-2,0.5,0.396055,180,0,0,342435
0,6,0,0.5,0.396865,180,0,0,342451
0,8,-1,0.5,0.397945,180,0,0,342468
0,8,-1,0.5,0.399025,180,0,0,342484
0,9,-1,0.5,0.40024,180,0,0,342501
0,9,-1,0.5,0.401455,180,0,0,342519
0,8,-1,0.5,0.402535,180,0,0,342534
6,5,1,0.5,0.40321,180,0,0,342551
1,4,-1,0.5,0.40375,180,0,0,342569
-1,2,-2,0.5,0.40402,180,0,0,342585
0,4,-3,0.5,0.40456,180,0,0,342602
0,7,-5,0.5,0.405505,180,0,0,342621
0,10,-5,0.5,0.406855,180,0,0,342636
1,15,-5,0.5,0.40888,180,0,0,342652
0,20,-6,0.5,0.41158,180,0,0,342670
0,22,-6,0.5,0.41455,180,0,0,342685
0,25,-6,0.5,0.417925,180,0,0,342702
0,28,-6,0.5,0.421705,180,0,0,342720
0,29,-6,0.5,0.42562,180,0,0,342737
0,30,-6,0.5,0.42967,180,0,0,342759
-2,30,-9,0.5,0.43372,180,0,0,342773
4,29,-5,0.5,0.437635,180,0,0,342787
0,26,-8,0.5,0.441145,180,0,0,342804
1,48,-18,0.5,0.447625,180,0,0,342830
0,25,-9,0.5,0.451,180,0,0,342843
-4,27,-11,0.5,0.454645,180,0,0,342854
-1,29,-8,0.5,0.45856,180,0,0,342870
4,29,-4,0.5,0.462475,180,0,0,342885
0,30,-7,0.5,0.466525,180,0,0,342902
0,29,-6,0.5,0.47044,180,0,0,342923
-2,29,-7,0.5,0.474355,180,0,0,342936
1,28,-6,0.5,0.478135,180,0,0,342952
0,28,-7,0.5,0.481915,180,0,0,342970
0,26,-7,0.5,0.485425,180,0,0,342986
0,24,-8,0.5,0.488665,180,0,0,343004
0,22,-8,0.5,0.491635,180,0,0,343020
0,18,-8,0.5,0.494065,180,0,0,343036
0,16,-10,0.5,0.496225,180,0,0,343053
-1,18,-8,0.5,0.498655,180,0,0,343072
0,20,-7,0.5,0.501355,180,0,0,343086
0,23,-6,0.5,0.50446,180,0,0,343102
0,25,-6,0.5,0.507835,180,0,0,343120
0,29,-6,0.5,0.51175,180,0,0,343136
0,28,-5,0.5,0.51553,180,0,0,343153
0,29,-6,0.5,0.519445,180,0,0,343169
0,28,-6,0.5,0.523225,180,0,0,343185
3,28,-5,0.5,0.527005,180,0,0,343202
0,26,-5,0.5,0.530515,180,0,0,343219
0,45,-12,0.5,0.53659,180,0,0,343241
0,18,-7,0.5,0.53902,180,0,0,343254
0,17,-7,0.5,0.541315,180,0,0,343272
0,16,-7,0.5,0.543475,180,0,0,343286
0,18,-6,0.5,0.545905,180,0,0,343304
0,20,-6,0.5,0.548605,180,0,0,343321
0,19,-5,0.5,0.55117,180,0,0,343336
0,19,-5,0.5,0.553735,180,0,0,343356
0,14,-4,0.5,0.555625,180,0,0,343369
0,12,-4,0.5,0.557245,180,0,0,343385
0,10,-4,0.5,0.558595,180,0,0,343402
0,11,-4,0.5,0.56008,180,0,0,343419
0,12,-4,0.5,0.5617,180,0,0,343435
0,13,-4,0.5,0.563455,180,0,0,343453
0,15,-5,0.5,0.56548,180,0,0,343469
0,19,-6,0.5,0.568045,180,0,0,343485
0,20,-5,0.5,0.570745,180,0,0,343502
0,21,-6,0.5,0.57358,180,0,0,343519
0,25,-7,0.5,0.576955,180,0,0,343539
0,28,-6,0.5,0.580735,180,0,0,343553
0,30,-7,0.5,0.584785,180,0,0,343571
0,34,-7,0.5,0.589375,180,0,0,343588
0,31,-9,0.5,0.59356,180,0,0,343606
-1,28,-11,0.5,0.59734,180,0,0,343624
2,49,-17,0.5,0.603955,180,0,0,343639
0,22,-9,0.5,0.606925,180,0,0,343655
0,19,-7,0.5,0.60949,180,0,0,343670
0,18,-6,0.5,0.61192,180,0,0,343685
0,20,-6,0.5,0.61462,180,0,0,343703
0,23,-7,0.5,0.617725,180,0,0,343719
0,26,-7,0.5,0.621235,180,0,0,343736
0,28,-8,0.5,0.625015,180,0,0,343753
0,31,-8,0.5,0.6292,180,0,0,343772
0,32,-8,0.5,0.63352,180,0,0,343788
0,33,-9,0.5,0.637975,180,0,0,343804
0,36,-9,0.5,0.642835,180,0,0,343820
0,35,-9,0.5,0.64756,180,0,0,343837
0,38,-9,0.5,0.65269,180,0,0,343853
0,34,-9,0.5,0.65728,180,0,0,343871
0,30,-10,0.5,0.66133,180,0,0,343886
0,26,-11,0.5,0.66484,180,0,0,343906
0,24,-11,0.5,0.66808,180,0,0,343922
0,25,-12,0.5,0.671455,180,0,0,343938
0,23,-10,0.5,0.67456,180,0,0,343955
0,26,-10,0.5,0.67807,180,0,0,343971
0,27,-8,0.5,0.681715,180,0,0,343987
0,28,-9,0.5,0.685495,180,0,0,344004
1,53,-9,0.5,0.69265,180,0,0,344021
1,27,-15,0.5,0.696295,180,0,0,344038
0,27,-7,0.5,0.69994,180,0,0,344055
0,26,-8,0.5,0.70345,180,0,0,344070
0,25,-9,0.5,0.706825,180,0,0,344086
0,24,-10,0.5,0.71,180,0,0,344103
