-8,107,23,0.5,-0.695555,180,0,0,253556
-2,41,9,0.5,-0.69002,180,0,0,253564
-5,40,0,0.5,-0.68462,180,0,0,253570
0,0,7,0.5,-0.68462,180,0,0,253585
6,33,14,0.5,-0.680165,180,0,0,253604
0,26,13,0.5,-0.676655,180,0,0,253620
0,38,19,0.5,-0.671525,180,0,0,253639
0,16,22,0.5,-0.669365,180,0,0,253656
0,0,0,0.5,-0.669365,180,0,0,253667
0,27,31,0.5,-0.66572,180,0,0,253690
0,12,17,0.5,-0.6641,180,0,0,253704
0,11,16,0.5,-0.662615,180,0,0,253722
0,13,17,0.5,-0.66086,180,0,0,253738
0,14,18,0.5,-0.65897,180,0,0,253755
1,16,17,0.5,-0.65681,180,0,0,253783
-5,16,14,0.5,-0.65465,180,0,0,253798
0,17,17,0.5,-0.652355,180,0,0,253813
0,16,16,0.5,-0.650195,180,0,0,253824
0,14,15,0.5,-0.648305,180,0,0,253837
1,12,15,0.5,-0.646685,180,0,0,253854
0,11,12,0.5,-0.6452,180,0,0,253870
-1,8,13,0.5,-0.64412,180,0,0,253889
-4,7,13,0.5,-0.643175,180,0,0,253905
0,9,14,0.5,-0.64196,180,0,0,253922
-1,7,15,0.5,-0.641015,180,0,0,253940
-1,8,17,0.5,-0.639935,180,0,0,253956
-2,9,16,0.5,-0.63872,180,0,0,253973
5,18,36,0.5,-0.63629,180,0,0,253995
0,0,0,0.5,-0.63629,180,0,0,254000
0,12,14,0.5,-0.63467,180,0,0,254020
1,14,13,0.5,-0.63278,180,0,0,254039
-5,37,19,0.5,-0.627785,180,0,1,254061
-5,21,6,0.5,-0.62495,180,0,1,254071
-1,22,10,0.5,-0.62198,180,0,0,254086
0,23,10,0.5,-0.618875,180,0,0,254103
0,25,10,0.5,-0.6155,180,0,0,254119
0,30,11,0.5,-0.61145,180,0,0,254136
3,32,13,0.5,-0.60713,180,0,0,254153
-6,34,9,0.5,-0.60254,180,0,0,254170
0,32,12,0.5,-0.59822,180,0,0,254186
1,32,13,0.5,-0.5939,180,0,0,254203
0,31,14,0.5,-0.589715,180,0,0,254220
0,30,16,0.5,-0.585665,180,0,0,254241
0,31,16,0.5,-0.58148,180,0,0,254256
0,29,16,0.5,-0.577565,180,0,0,254270
0,29,16,0.5,-0.57365,180,0,0,254291
0,26,15,0.5,-0.57014,180,0,0,254304
0,25,15,0.5,-0.566765,180,0,0,254321
0,23,16,0.5,-0.56366,180,0,0,254341
0,25,17,0.5,-0.560285,180,0,0,254355
0,27,18,0.5,-0.55664,180,0,0,254372
0,31,20,0.5,-0.552455,180,0,0,254390
-2,31,15,0.5,-0.54827,180,0,0,254405
4,35,23,0.5,-0.543545,180,0,0,254423
-1,69,26,0.5,-0.53423,180,0,0,254442
0,37,18,0.5,-0.529235,180,0,0,254455
0,34,30,0.5,-0.524645,180,0,0,254474
4,31,20,0.5,-0.52046,180,0,0,254489
1,30,18,0.5,-0.51641,180,0,0,254505
-2,27,18,0.5,-0.512765,180,0,0,254521
-10,25,13,0.5,-0.50939,180,0,0,254537
-4,22,18,0.5,-0.50642,180,0,0,254555
-1,20,22,0.5,-0.50372,180,0,0,254574
0,20,23,0.5,-0.50102,180,0,0,254588
0,18,22,0.5,-0.49859,180,0,0,254607
0,16,23,0.5,-0.49643,180,0,0,254622
0,16,22,0.5,-0.49427,180,0,0,254638
0,16,21,0.5,-0.49211,180,0,0,254657
2,13,20,0.5,-0.490355,180,0,0,254676
0,15,19,0.5,-0.48833,180,0,0,254690
0,13,17,0.5,-0.486575,180,0,0,254703
0,12,18,0.5,-0.484955,180,0,0,254730
-6,28,37,0.5,-0.481175,180,0,0,254749
1,9,20,0.5,-0.47996,180,0,0,254764
0,7,1,0.5,-0.479015,180,0,0,254771
0,0,19,0.5,-0.479015,180,0,0,254790
0,5,20,0.5,-0.47834,180,0,0,254807
0,7,19,0.5,-0.477395,180,0,0,254824
0,11,18,0.5,-0.47591,180,0,0,254840
0,29,31,0.5,-0.471995,180,0,0,254863
0,16,14,0.5,-0.469835,180,0,0,254872
4,15,16,0.5,-0.46781,180,0,0,254891
-2,16,13,0.5,-0.46565,180,0,0,254903
2,18,14,0.5,-0.46322,180,0,0,254921
-1,18,15,0.5,-0.46079,180,0,0,254939
-4,20,13,0.5,-0.45809,180,0,0,254955
-5,22,12,0.5,-0.45512,180,0,1,254970
-1,21,17,0.5,-0.452285,180,0,1,254989
0,20,15,0.5,-0.449585,180,0,1,255004
2,21,17,0.5,-0.44675,180,0,1,255021
-3,18,15,0.5,-0.44432,180,0,0,255040
-6,15,12,0.5,-0.442295,180,0,0,255053
0,15,16,0.5,-0.44027,180,0,0,255071
-1,19,17,0.5,-0.437705,180,0,0,255089
0,22,17,0.5,-0.434735,180,0,0,255104
0,28,18,0.5,-0.430955,180,0,0,255122
0,31,18,0.5,-0.42677,180,0,0,255140
-4,32,16,0.5,-0.42245,180,0,0,255154
-1,32,17,0.5,-0.41813,180,0,0,255171
3,31,22,0.5,-0.413945,180,0,0,255190
-8,30,15,0.5,-0.409895,180,0,0,255204
-8,27,14,0.5,-0.40625,180,0,0,255221
0,27,18,0.5,-0.402605,180,0,0,255240
-2,43,22,0.5,-0.3968,180,0,1,255255
2,20,29,0.5,-0.3941,180,0,1,255277
0,22,21,0.5,-0.39113,180,0,1,255291
2,24,22,0.5,-0.38789,180,0,1,255309
0,24,20,0.5,-0.38465,180,0,1,255322
-4,24,18,0.5,-0.38141,180,0,0,255339
2,28,22,0.5,-0.37763,180,0,0,255355
-4,29,18,0.5,-0.373715,180,0,0,255371
2,31,19,0.5,-0.36953,180,0,0,255390
-3,30,18,0.5,-0.36548,180,0,0,255404
0,31,16,0.5,-0.361295,180,0,0,255420
1,27,18,0.5,-0.35765,180,0,0,255438
0,26,17,0.5,-0.35414,180,0,0,255453
0,23,18,0.5,-0.351035,180,0,0,255471
0,24,18,0.5,-0.347795,180,0,0,255488
0,27,19,0.5,-0.34415,180,0,0,255504
0,29,19,0.5,-0.340235,180,0,0,255526
0,28,19,0.5,-0.336455,180,0,0,255541
0,30,21,0.5,-0.332405,180,0,0,255556
0,32,23,0.5,-0.328085,180,0,1,255574
0,32,21,0.5,-0.323765,180,0,1,255589
0,33,21,0.5,-0.31931,180,0,1,255605
0,34,19,0.5,-0.31472,180,0,0,255623
0,31,18,0.5,-0.310535,180,0,0,255639
-1,58,23,0.5,-0.302705,180,0,0,255656
0,31,12,0.5,-0.29852,180,0,0,255670
0,34,33,0.5,-0.29393,180,0,0,255692
-1,37,16,0.5,-0.288935,180,0,0,255704
-5,40,18,0.5,-0.283535,180,0,0,255721
-2,34,15,0.5,-0.278945,180,0,0,255737
-4,32,20,0.5,-0.274625,180,0,0,255754
-10,32,18,0.5,-0.270305,180,0,0,255772
1,29,24,0.5,-0.26639,180,0,0,255791
1,31,23,0.5,-0.262205,180,0,0,255805
0,29,21,0.5,-0.25829,180,0,0,255822
1,26,22,0.5,-0.25478,180,0,0,255840
-3,25,20,0.5,-0.251405,180,0,0,255860
1,26,22,0.5,-0.247895,180,0,0,255874
1,27,23,0.5,-0.24425,180,0,0,255889
0,30,24,0.5,-0.2402,180,0,0,255905
0,32,23,0.5,-0.23588,180,0,0,255927
0,34,24,0.5,-0.23129,180,0,0,255943
-3,35,23,0.5,-0.226565,180,0,0,255956
-1,36,24,0.5,-0.221705,180,0,0,255975
-1,41,23,0.5,-0.21617,180,0,0,255990
6,39,24,0.5,-0.210905,180,0,0,256007
0,39,22,0.5,-0.20564,180,0,0,256025
0,37,21,0.5,-0.200645,180,0,0,256040
-2,65,21,0.5,-0.19187,180,0,0,256055
-1,30,43,0.5,-0.18782,180,0,0,256082
-1,34,24,0.5,-0.18323,180,0,0,256099
1,36,24,0.5,-0.17837,180,0,0,256113
-1,34,24,0.5,-0.17378,180,0,0,256127
0,36,24,0.5,-0.16892,180,0,0,256142
0,34,24,0.5,-0.16433,180,0,0,256155
1,32,24,0.5,-0.16001,180,0,0,256173
3,33,24,0.5,-0.155555,180,0,0,256191
-1,26,20,0.5,-0.152045,180,0,0,256204
3,12,14,0.5,-0.150425,180,0,0,256223
-1,25,23,0.5,-0.14705,180,0,0,256239
-19,14,8,0.5,-0.14516,180,0,0,256252
0,25,24,0.5,-0.141785,180,0,0,256273
1,29,24,0.5,-0.13787,180,0,0,256288
-5,31,21,0.5,-0.133685,180,0,0,256310
5,35,24,0.5,-0.12896,180,0,1,256323
-4,37,19,0.5,-0.123965,180,0,1,256337
-4,37,16,0.5,-0.11897,180,0,1,256353
3,37,20,0.5,-0.113975,180,0,0,256373
0,31,15,0.5,-0.10979,180,0,0,256389
0,3,1,0.5,-0.109385,180,0,0,256400
0,31,16,0.5,-0.1052,180,0,0,256420
-1,64,36,0.5,-0.09656,180,0,0,256448
-2,33,17,0.5,-0.092105,180,0,0,256459
0,36,18,0.5,-0.087245,180,0,0,256471
0,42,18,0.5,-0.081575,180,0,0,256491
-4,44,14,0.5,-0.075635,180,0,0,256511
1,43,19,0.5,-0.06983,180,0,0,256526
-3,45,15,0.5,-0.063755,180,0,0,256538
0,41,18,0.5,-0.05822,180,0,0,256555
0,45,17,0.5,-0.052145,180,0,0,256587
0,40,17,0.5,-0.046745,180,0,0,256599
1,41,18,0.5,-0.04121,180,0,0,256611
-1,36,16,0.5,-0.03635,180,0,0,256620
0,34,18,0.5,-0.03176,180,0,0,256640
0,37,20,0.5,-0.026765,180,0,0,256654
0,39,20,0.5,-0.0215,180,0,0,256671
-2,41,22,0.5,-0.015965,180,0,0,256691
1,41,21,0.5,-0.01043,180,0,0,256707
0,37,21,0.5,-0.005435,180,0,0,256721
0,37,21,0.5,-0.00044,180,0,0,256739
0,38,22,0.5,0.00469,180,0,0,256758
0,35,23,0.5,0.009415,180,0,0,256771
3,31,24,0.5,0.0136,180,0,0,256792
-3,29,22,0.5,0.017515,180,0,0,256820
-1,55,45,0.5,0.02494,180,0,0,256843
0,29,23,0.5,0.028855,180,0,0,256854
0,28,24,0.5,0.032635,180,0,0,256869
3,31,24,0.5,0.03682,180,0,0,256881
-3,31,24,0.5,0.041005,180,0,0,256894
-1,32,24,0.5,0.045325,180,0,0,256908
0,28,24,0.5,0.049105,180,0,0,256922
-1,30,24,0.5,0.053155,180,0,0,256939
0,27,24,0.5,0.0568,180,0,0,256955
0,24,24,0.5,0.06004,180,0,0,256975
-2,22,22,0.5,0.06301,180,0,1,256992
1,23,24,0.5,0.066115,180,0,1,257013
0,23,24,0.5,0.06922,180,0,0,257031
-2,57,44,0.5,0.076915,180,0,0,257066
-1,30,19,0.5,0.080965,180,0,0,257079
0,34,18,0.5,0.085555,180,0,0,257089
0,34,16,0.5,0.090145,180,0,0,257098
0,0,0,0.5,0.090145,180,0,1,257106
0,67,31,0.5,0.09919,180,0,1,257131
0,0,0,0.5,0.09919,180,0,1,257139
1,62,33,0.5,0.10756,180,0,1,257168
-2,24,14,0.5,0.1108,180,0,0,257180
0,22,17,0.5,0.11377,180,0,0,257194
-2,21,17,0.5,0.116605,180,0,0,257210
1,22,19,0.5,0.119575,180,0,0,257227
0,27,18,0.5,0.12322,180,0,0,257246
0,32,18,0.5,0.12754,180,0,0,257261
2,34,16,0.5,0.13213,180,0,0,257278
0,41,16,0.5,0.137665,180,0,0,257305
-2,39,15,0.5,0.14293,180,0,0,257318
0,43,15,0.5,0.148735,180,0,0,257329
0,42,15,0.5,0.154405,180,0,0,257342
3,41,15,0.5,0.15994,180,0,0,257361
0,38,13,0.5,0.16507,180,0,0,257376
0,29,12,0.5,0.168985,180,0,0,257392
0,32,14,0.5,0.173305,180,0,1,257410
0,30,16,0.5,0.177355,180,0,1,257431
0,30,17,0.5,0.181405,180,0,1,257443
0,32,18,0.5,0.185725,180,0,1,257460
-5,34,15,0.5,0.190315,180,0,0,257478
-1,38,17,0.5,0.195445,180,0,0,257493
0,82,32,0.5,0.206515,180,0,0,257519
0,43,16,0.5,0.21232,180,0,0,257530
-4,42,13,0.5,0.21799,180,0,0,257543
0,40,15,0.5,0.22339,180,0,0,257560
0,38,16,0.5,0.22852,180,0,0,257576
0,34,16,0.5,0.23311,180,0,0,257593
0,30,18,0.5,0.23716,180,0,0,257614
0,28,18,0.5,0.24094,180,0,0,257630
0,17,9,0.5,0.243235,180,0,0,257641
1,33,20,0.5,0.24769,180,0,0,257662
-1,35,20,0.5,0.252415,180,0,0,257680
-1,37,19,0.5,0.25741,180,0,0,257694
1,37,20,0.5,0.262405,180,0,0,257715
0,35,17,0.5,0.26713,180,1,1,257728
1,33,19,0.5,0.271585,180,1,1,257743
-6,31,14,0.5,0.27577,180,1,1,257761
0,26,18,0.5,0.27928,180,0,1,257778
0,25,18,0.5,0.282655,180,0,0,257793
0,24,18,0.5,0.285895,180,0,0,257812
0,24,18,0.5,0.289135,180,0,0,257828
1,25,20,0.5,0.29251,180,0,0,257844
0,63,38,0.5,0.301015,180,0,0,257872
1,30,17,0.5,0.305065,180,0,1,257881
0,0,0,0.5,0.305065,180,0,1,257889
-4,28,14,0.5,0.308845,180,0,1,257911
1,41,31,0.5,0.31438,180,0,1,257933
4,12,6,0.5,0.316,180,0,1,257942
-3,9,24,0.5,0.317215,180,0,1,257963
0,6,12,0.5,0.318025,180,0,1,257978
0,5,11,0.5,0.3187,180,0,1,257994
0,0,12,0.5,0.3187,180,0,1,258013
0,0,13,0.5,0.3187,180,0,1,258026
0,0,14,0.5,0.3187,180,0,1,258042
5,1,18,0.5,0.318835,180,0,1,258061
0,2,14,0.5,0.319105,180,0,0,258078
0,6,17,0.5,0.319915,180,0,0,258093
1,9,16,0.5,0.32113,180,0,1,258110
0,10,15,0.5,0.32248,180,0,1,258129
0,10,15,0.5,0.32383,180,0,1,258143
-2,10,10,0.5,0.32518,180,0,1,258159
0,12,12,0.5,0.3268,180,0,1,258176
0,11,12,0.5,0.328285,180,0,0,258197
0,11,13,0.5,0.32977,180,0,0,258214
0,7,14,0.5,0.330715,180,0,1,258225
1,7,14,0.5,0.33166,180,0,1,258244
0,9,13,0.5,0.332875,180,0,1,258263
-1,18,26,0.5,0.335305,180,0,1,258284
0,0,0,0.5,0.335305,180,0,1,258290
-7,10,9,0.5,0.336655,180,0,1,258309
-5,24,17,0.5,0.339895,180,0,1,258329
0,11,20,0.5,0.34138,180,0,1,258344
0,10,13,0.5,0.34273,180,0,1,258360
5,8,17,0.5,0.34381,180,0,1,258380
0,6,15,0.5,0.34462,180,0,1,258394
-4,6,13,0.5,0.34543,180,0,1,258415
0,7,15,0.5,0.346375,180,0,1,258430
4,9,18,0.5,0.34759,180,0,1,258443
0,9,16,0.5,0.348805,180,0,1,258462
0,10,14,0.5,0.350155,180,0,1,258479
0,12,14,0.5,0.351775,180,0,1,258493
-3,11,10,0.5,0.35326,180,0,1,258514
1,11,13,0.5,0.354745,180,0,1,258529
-5,13,9,0.5,0.3565,180,0,1,258541
4,12,14,0.5,0.35812,180,0,1,258564
-3,14,10,0.5,0.36001,180,0,1,258579
3,12,10,0.5,0.36163,180,0,1,258592
0,13,8,0.5,0.363385,180,0,1,258608
-15,10,0,0.5,0.364735,180,0,1,258623
-3,7,7,0.5,0.36568,180,0,1,258641
0,6,8,0.5,0.36649,180,0,0,258660
0,5,12,0.5,0.367165,180,0,0,258676
0,5,11,0.5,0.36784,180,0,0,258693
1,6,12,0.5,0.36865,180,0,1,258714
0,7,11,0.5,0.369595,180,0,1,258726
-3,18,21,0.5,0.372025,180,0,1,258745
0,12,15,0.5,0.373645,180,0,1,258761
2,12,11,0.5,0.375265,180,0,1,258777
-1,11,10,0.5,0.37675,180,0,0,258794
0,12,10,0.5,0.37837,180,0,0,258811
0,11,8,0.5,0.379855,180,0,1,258826
2,10,7,0.5,0.381205,180,0,1,258842
-2,10,5,0.5,0.382555,180,0,1,258858
-1,6,4,0.5,0.383365,180,0,1,258875
0,4,5,0.5,0.383905,180,0,1,258892
0,2,6,0.5,0.384175,180,0,1,258908
0,2,8,0.5,0.384445,180,0,1,258925
1,5,10,0.5,0.38512,180,0,1,258944
-2,6,10,0.5,0.38593,180,0,1,258959
-10,10,7,0.5,0.38728,180,0,1,258975
2,11,12,0.5,0.388765,180,0,1,258994
-1,13,8,0.5,0.39052,180,0,1,259010
-1,11,8,0.5,0.392005,180,0,1,259025
-4,11,6,0.5,0.39349,180,0,1,259041
3,13,9,0.5,0.395245,180,0,1,259060
-3,20,10,0.5,0.397945,180,0,1,259079
0,0,0,0.5,0.397945,180,0,1,259089
2,9,7,0.5,0.39916,180,0,1,259107
-4,16,6,0.5,0.40132,180,0,1,259126
0,4,2,0.5,0.40186,180,0,1,259140
0,4,2,0.5,0.4024,180,0,1,259158
-1,4,5,0.5,0.40294,180,0,1,259177
1,2,7,0.5,0.40321,180,0,0,259193
-2,5,6,0.5,0.403885,180,0,0,259209
-1,7,9,0.5,0.40483,180,0,0,259225
-1,10,7,0.5,0.40618,180,0,1,259243
0,15,7,0.5,0.408205,180,0,1,259260
4,16,8,0.5,0.410365,180,0,1,259276
-3,14,3,0.5,0.412255,180,0,1,259291
-1,12,6,0.5,0.413875,180,0,1,259311
-5,10,2,0.5,0.415225,180,0,1,259326
-3,6,4,0.5,0.416035,180,0,0,259343
0,6,5,0.5,0.416845,180,0,0,259359
-1,6,5,0.5,0.417655,180,0,0,259376
2,4,7,0.5,0.418195,180,0,0,259392
6,7,8,0.5,0.41914,180,0,1,259411
-3,5,5,0.5,0.419815,180,0,1,259424
0,4,5,0.5,0.420355,180,0,1,259442
3,5,5,0.5,0.42103,180,0,1,259460
-2,9,7,0.5,0.422245,180,0,1,259477
0,1,0,0.5,0.42238,180,0,0,259492
1,8,4,0.5,0.42346,180,0,0,259510
0,0,0,0.5,0.42346,180,0,1,259523
-4,7,1,0.5,0.424405,180,0,1,259540
-1,4,2,0.5,0.424945,180,0,1,259559
0,4,2,0.5,0.425485,180,0,1,259573
0,3,3,0.5,0.42589,180,0,1,259590
-2,4,2,0.5,0.42643,180,0,1,259608
2,3,6,0.5,0.426835,180,0,0,259626
0,3,5,0.5,0.42724,180,0,0,259647
0,4,5,0.5,0.42778,180,0,0,259659
0,3,5,0.5,0.428185,180,0,0,259674
2,3,4,0.5,0.42859,180,0,1,259691
-4,4,3,0.5,0.42913,180,0,1,259708
-4,6,1,0.5,0.42994,180,0,1,259723
0,7,1,0.5,0.430885,180,0,1,259741
0,8,0,0.5,0.431965,180,0,1,259756
1,8,0,0.5,0.433045,180,0,0,259775
-5,9,-1,0.5,0.43426,180,0,0,259790
4,5,2,0.5,0.434935,180,0,0,259807
0,3,3,0.5,0.43534,180,0,0,259824
0,1,4,0.5,0.435475,180,0,1,259842
0,2,5,0.5,0.435745,180,0,1,259858
0,3,6,0.5,0.43615,180,0,1,259874
0,5,5,0.5,0.436825,180,0,1,259890
0,10,9,0.5,0.438175,180,0,0,259913
0,0,0,0.5,0.438175,180,0,0,259923
0,6,6,0.5,0.438985,180,0,0,259941
0,1,3,0.5,0.43912,180,0,0,259958
0,3,2,0.5,0.439525,180,0,1,259975
1,3,3,0.5,0.43993,180,0,1,259990
-3,4,0,0.5,0.44047,180,0,1,260006
0,4,4,0.5,0.44101,180,0,1,260024
0,4,2,0.5,0.44155,180,0,0,260043
1,3,2,0.5,0.441955,180,0,0,260058
0,3,3,0.5,0.44236,180,0,0,260074
0,4,2,0.5,0.4429,180,0,1,260092
1,5,3,0.5,0.443575,180,0,1,260110
0,4,2,0.5,0.444115,180,0,1,260128
0,4,1,0.5,0.444655,180,0,1,260139
0,4,1,0.5,0.445195,180,0,1,260157
0,2,0,0.5,0.445465,180,0,0,260175
0,1,0,0.5,0.4456,180,0,0,260189
0,0,0,0.5,0.4456,180,0,0,260207
0,-3,0,0.5,0.445195,180,0,0,260226
0,-4,1,0.5,0.444655,180,0,1,260243
0,-4,3,0.5,0.444115,180,0,1,260257
2,-4,3,0.5,0.443575,180,0,1,260274
-3,0,5,0.5,0.443575,180,0,1,260293
0,4,11,0.5,0.444115,180,0,1,260311
0,0,0,0.5,0.444115,180,0,0,260323
0,15,5,0.5,0.44614,180,0,0,260342
0,9,1,0.5,0.447355,180,0,0,260359
0,9,0,0.5,0.44857,180,0,0,260373
5,7,1,0.5,0.449515,180,0,1,260390
1,8,1,0.5,0.450595,180,0,1,260409
-3,3,-1,0.5,0.451,180,0,1,260424
0,3,1,0.5,0.451405,180,0,1,260440
0,1,2,0.5,0.45154,180,0,1,260457
0,1,2,0.5,0.451675,180,0,0,260476
1,0,1,0.5,0.451675,180,0,0,260489
0,0,1,0.5,0.451675,180,0,0,260507
1,0,0,0.5,0.451675,180,0,0,260524
0,0,-2,0.5,0.451675,180,0,0,260540
0,1,-2,0.5,0.45181,180,0,1,260557
0,3,-3,0.5,0.452215,180,0,1,260574
0,5,1,0.5,0.45289,180,0,1,260591
0,7,-3,0.5,0.453835,180,0,1,260607
0,5,-1,0.5,0.45451,180,0,1,260624
2,5,0,0.5,0.455185,180,0,0,260640
-7,3,-3,0.5,0.45559,180,0,0,260657
2,3,3,0.5,0.455995,180,0,0,260677
-2,2,3,0.5,0.456265,180,0,0,260691
0,-1,3,0.5,0.45613,180,0,1,260710
-2,-4,6,0.5,0.45559,180,0,1,260725
3,-2,3,0.5,0.45532,180,0,1,260741
2,-1,1,0.5,0.455185,180,0,1,260756
0,0,0,0.5,0.455185,180,0,1,260772
0,0,0,0.5,0.455185,180,0,0,260789
0,2,0,0.5,0.455455,180,0,0,260807
0,0,0,0.5,0.455455,180,0,0,260822
0,0,0,0.5,0.455455,180,0,1,260839
0,-1,0,0.5,0.45532,180,0,1,260858
0,2,1,0.5,0.45559,180,0,1,260873
0,3,0,0.5,0.455995,180,0,1,260889
0,4,2,0.5,0.456535,180,0,1,260908
0,4,1,0.5,0.457075,180,0,1,260923
0,4,2,0.5,0.457615,180,0,0,260940
0,3,2,0.5,0.45802,180,0,0,260957
0,4,2,0.5,0.45856,180,0,0,260973
0,2,2,0.5,0.45883,180,0,0,260990
0,3,2,0.5,0.459235,180,0,1,261009
-3,3,2,0.5,0.45964,180,0,1,261024
2,4,1,0.5,0.46018,180,0,1,261040
-2,5,1,0.5,0.460855,180,0,1,261056
0,6,1,0.5,0.461665,180,0,1,261074
2,5,1,0.5,0.46234,180,0,1,261091
0,7,4,0.5,0.463285,180,0,0,261110
0,0,0,0.5,0.463285,180,0,0,261123
0,3,4,0.5,0.46369,180,0,0,261141
-2,1,2,0.5,0.463825,180,0,0,261159
0,2,2,0.5,0.464095,180,0,0,261176
0,1,1,0.5,0.46423,180,0,0,261189
0,2,1,0.5,0.4645,180,0,0,261207
0,1,2,0.5,0.464635,180,0,0,261224
3,0,3,0.5,0.464635,180,0,1,261240
0,1,0,0.5,0.46477,180,0,1,261256
0,1,2,0.5,0.464905,180,0,0,261275
1,1,1,0.5,0.46504,180,0,0,261290
0,0,1,0.5,0.46504,180,0,0,261306
2,0,1,0.5,0.46504,180,0,0,261323
0,1,1,0.5,0.465175,180,0,0,261339
-3,0,1,0.5,0.465175,180,0,0,261357
0,1,1,0.5,0.46531,180,0,0,261373
0,1,2,0.5,0.465445,180,0,0,261390
0,1,0,0.5,0.46558,180,0,0,261406
0,1,0,0.5,0.465715,180,0,0,261425
0,0,1,0.5,0.465715,180,0,0,261439
0,2,1,0.5,0.465985,180,0,0,261457
0,1,0,0.5,0.46612,180,0,0,261473
0,0,1,0.5,0.46612,180,0,0,261489
0,0,1,0.5,0.46612,180,0,0,261507
0,0,0,0.5,0.46612,180,0,0,261523
0,0,0,0.5,0.46612,180,0,0,261539
0,-1,0,0.5,0.465985,180,0,0,261556
0,0,0,0.5,0.465985,180,0,0,261572
0,0,0,0.5,0.465985,180,0,0,261589
0,0,0,0.5,0.465985,180,0,0,261605
0,1,0,0.5,0.46612,180,0,0,261622
0,0,-1,0.5,0.46612,180,0,0,261639
0,0,0,0.5,0.46612,180,0,0,261656
0,0,0,0.5,0.46612,180,0,0,261672
0,0,0,0.5,0.46612,180,0,0,261689
0,-1,0,0.5,0.465985,180,0,0,261706
0,0,0,0.5,0.465985,180,0,0,261722
0,-1,0,0.5,0.46585,180,0,0,261739
0,0,0,0.5,0.46585,180,0,0,261755
0,-2,0,0.5,0.46558,180,0,0,261772
0,-1,0,0.5,0.465445,180,0,0,261789
0,0,0,0.5,0.465445,180,0,0,261806
0,-1,-1,0.5,0.46531,180,0,0,261824
0,-1,-1,0.5,0.465175,180,0,0,261841
0,0,-1,0.5,0.465175,180,0,0,261858
0,0,-1,0.5,0.465175,180,0,0,261874
0,0,-1,0.5,0.465175,180,0,0,261889
0,-1,0,0.5,0.46504,180,0,0,261906
0,-1,0,0.5,0.464905,180,0,0,261923
0,-1,-1,0.5,0.46477,180,0,0,261939
0,-3,-1,0.5,0.464365,180,0,0,261957
0,-1,-1,0.5,0.46423,180,0,0,261974
0,-1,-1,0.5,0.464095,180,0,0,261989
0,-1,-1,0.5,0.46396,180,0,0,262006
3,-1,-1,0.5,0.463825,180,0,0,262023
0,-1,-1,0.5,0.46369,180,0,0,262039
-2,0,-1,0.5,0.46369,180,0,0,262058
0,-1,0,0.5,0.463555,180,0,0,262072
0,-1,-1,0.5,0.46342,180,0,0,262089
0,-1,-1,0.5,0.463285,180,0,0,262108
1,-1,-1,0.5,0.46315,180,0,0,262126
0,-2,-1,0.5,0.46288,180,0,0,262139
0,0,0,0.5,0.46288,180,0,0,262155
0,-1,-1,0.5,0.462745,180,0,0,262173
0,-1,-1,0.5,0.46261,180,0,0,262190
0,0,-1,0.5,0.46261,180,0,0,262210
0,0,-1,0.5,0.46261,180,0,0,262222
0,-1,-1,0.5,0.462475,180,0,0,262240
0,0,-1,0.5,0.462475,180,0,0,262260
0,0,0,0.5,0.462475,180,0,0,262272
0,-1,-1,0.5,0.46234,180,0,0,262291
0,0,-2,0.5,0.46234,180,0,0,262310
0,0,0,0.5,0.46234,180,0,0,262323
0,-1,0,0.5,0.462205,180,0,0,262341
0,-1,-1,0.5,0.46207,180,0,0,262357
0,-1,-1,0.5,0.461935,180,0,0,262373
2,-1,-1,0.5,0.4618,180,0,0,262389
1,-1,0,0.5,0.461665,180,0,0,262406
0,0,-1,0.5,0.461665,180,0,0,262425
0,0,-1,0.5,0.461665,180,0,0,262440
0,1,-1,0.5,0.4618,180,0,0,262459
0,-1,-1,0.5,0.461665,180,0,0,262474
0,0,-1,0.5,0.461665,180,0,0,262490
0,-1,-1,0.5,0.46153,180,0,0,262506
0,0,0,0.5,0.46153,180,0,0,262522
0,0,0,0.5,0.46153,180,0,0,262541
0,-1,-1,0.5,0.461395,180,0,0,262558
1,-2,0,0.5,0.461125,180,0,0,262574
-3,-1,-3,0.5,0.46099,180,0,0,262592
0,0,0,0.5,0.46099,180,0,0,262605
0,-1,-1,0.5,0.460855,180,0,0,262624
2,1,0,0.5,0.46099,180,0,0,262642
0,0,0,0.5,0.46099,180,0,0,262655
0,-1,0,0.5,0.460855,180,0,0,262674
0,0,-1,0.5,0.460855,180,0,0,262689
0,0,-1,0.5,0.460855,180,0,0,262706
0,-1,-1,0.5,0.46072,180,0,0,262723
0,0,-1,0.5,0.46072,180,0,0,262740
0,-1,0,0.5,0.460585,180,0,0,262755
0,-1,-1,0.5,0.46045,180,0,0,262773
0,-1,-1,0.5,0.460315,180,0,0,262789
0,-2,0,0.5,0.460045,180,0,0,262806
0,-1,-1,0.5,0.45991,180,0,0,262823
0,-1,0,0.5,0.459775,180,0,0,262839
0,0,-1,0.5,0.459775,180,0,0,262856
0,-1,0,0.5,0.45964,180,0,0,262873
0,0,0,0.5,0.45964,180,0,0,262890
0,-1,-1,0.5,0.459505,180,0,0,262907
0,0,-1,0.5,0.459505,180,0,0,262923
0,0,-1,0.5,0.459505,180,0,0,262940
0,1,0,0.5,0.45964,180,0,0,262959
0,0,-1,0.5,0.45964,180,0,0,262973
0,-1,0,0.5,0.459505,180,0,0,262989
0,0,0,0.5,0.459505,180,0,0,263005
0,0,-1,0.5,0.459505,180,0,0,263025
0,-1,0,0.5,0.45937,180,0,0,263040
0,-1,0,0.5,0.459235,180,0,0,263056
0,-1,0,0.5,0.4591,180,0,0,263073
0,-1,-1,0.5,0.458965,180,0,0,263090
0,-2,0,0.5,0.458695,180,0,0,263106
0,-4,-1,0.5,0.458155,180,0,0,263123
0,-6,-1,0.5,0.457345,180,0,0,263140
0,-7,-1,0.5,0.4564,180,0,0,263156
0,-12,-4,0.5,0.45478,180,0,1,263175
0,-1,-2,0.5,0.454645,180,0,1,263198
0,-1,-2,0.5,0.45451,180,0,1,263208
0,2,-2,0.5,0.45478,180,0,0,263229
0,3,-2,0.5,0.455185,180,0,0,263241
0,3,-1,0.5,0.45559,180,0,0,263258
0,1,-1,0.5,0.455725,180,0,0,263274
0,1,-1,0.5,0.45586,180,0,0,263290
0,2,0,0.5,0.45613,180,0,0,263308
1,3,1,0.5,0.456535,180,0,0,263323
-1,3,-1,0.5,0.45694,180,0,0,263341
0,4,0,0.5,0.45748,180,0,0,263357
0,4,0,0.5,0.45802,180,0,0,263373
0,6,1,0.5,0.45883,180,0,0,263389
0,7,1,0.5,0.459775,180,0,0,263408
0,7,0,0.5,0.46072,180,0,0,263423
0,9,0,0.5,0.461935,180,0,0,263442
-4,10,-2,0.5,0.463285,180,0,0,263460
-1,11,-1,0.5,0.46477,180,0,0,263474
0,13,-3,0.5,0.466525,180,0,0,263492
5,32,-7,0.5,0.470845,180,0,0,263512
0,0,0,0.5,0.470845,180,0,0,263524
0,37,-14,0.5,0.47584,180,0,0,263550
0,15,-7,0.5,0.477865,180,0,0,263561
0,13,-6,0.5,0.47962,180,0,0,263574
0,9,-4,0.5,0.480835,180,0,0,263590
0,4,-4,0.5,0.481375,180,0,0,263608
-2,1,-2,0.5,0.48151,180,0,0,263623
0,-3,-2,0.5,0.481105,180,0,0,263640
1,-5,-3,0.5,0.48043,180,0,0,263659
0,-4,-3,0.5,0.47989,180,0,0,263674
0,-3,-4,0.5,0.479485,180,0,0,263691
0,-1,-4,0.5,0.47935,180,0,0,263709
0,1,-4,0.5,0.479485,180,0,0,263723
0,0,-4,0.5,0.479485,180,0,0,263740
-1,0,-5,0.5,0.479485,180,0,0,263757
0,0,-4,0.5,0.479485,180,0,1,263775
0,1,-3,0.5,0.47962,180,0,1,263791
0,3,-4,0.5,0.480025,180,0,1,263808
-1,5,-6,0.5,0.4807,180,0,1,263824
0,4,-4,0.5,0.48124,180,0,0,263841
4,4,-3,0.5,0.48178,180,0,0,263857
0,4,-6,0.5,0.48232,180,0,0,263874
0,4,-5,0.5,0.48286,180,0,0,263892
5,5,-2,0.5,0.483535,180,0,0,263907
-4,7,-7,0.5,0.48448,180,0,0,263924
-1,8,-5,0.5,0.48556,180,0,0,263942
0,24,-7,0.5,0.4888,180,0,0,263962
0,13,-5,0.5,0.490555,180,0,0,263974
0,14,-5,0.5,0.492445,180,0,0,263991
0,15,-6,0.5,0.49447,180,0,0,264009
0,17,-7,0.5,0.496765,180,0,0,264028
4,13,-5,0.5,0.49852,180,0,0,264042
1,15,-7,0.5,0.500545,180,0,0,264059
0,14,-8,0.5,0.502435,180,0,0,264074
0,19,-7,0.5,0.505,180,0,0,264093
0,18,-8,0.5,0.50743,180,0,0,264109
2,15,-8,0.5,0.509455,180,0,0,264126
-1,10,-10,0.5,0.510805,180,0,0,264142
0,8,-8,0.5,0.511885,180,0,0,264161
-2,5,-9,0.5,0.51256,180,0,0,264176
0,4,-7,0.5,0.5131,180,0,0,264191
0,5,-7,0.5,0.513775,180,0,0,264209
6,5,-3,0.5,0.51445,180,0,0,264226
1,3,-5,0.5,0.514855,180,0,0,264241
-5,1,-7,0.5,0.51499,180,0,0,264259
-1,-2,-4,0.5,0.51472,180,0,0,264274
2,-6,-2,0.5,0.51391,180,0,0,264290
-2,-9,-2,0.5,0.512695,180,0,0,264307
-1,-10,-2,0.5,0.511345,180,0,0,264324
0,-13,-2,0.5,0.50959,180,0,0,264340
0,-31,-4,0.5,0.505405,180,0,0,264358
0,-16,-2,0.5,0.503245,180,0,0,264374
-2,-15,-4,0.5,0.50122,180,0,0,264390
0,-14,-2,0.5,0.49933,180,0,0,264409
0,-13,-2,0.5,0.497575,180,0,0,264424
0,-12,-2,0.5,0.495955,180,0,0,264440
0,-10,-2,0.5,0.494605,180,0,0,264457
0,-10,-2,0.5,0.493255,180,0,0,264474
0,-9,-2,0.5,0.49204,180,0,0,264490
0,-7,-2,0.5,0.491095,180,0,0,264507
0,-8,-1,0.5,0.490015,180,0,0,264523
0,-6,-2,0.5,0.489205,180,0,0,264541
0,-6,-2,0.5,0.488395,180,0,0,264557
0,-3,-2,0.5,0.48799,180,0,0,264573
0,-4,-3,0.5,0.48745,180,0,0,264593
0,-2,-3,0.5,0.48718,180,0,0,264607
0,-2,-4,0.5,0.48691,180,0,0,264624
0,-2,-4,0.5,0.48664,180,0,0,264640
5,-1,-1,0.5,0.486505,180,0,0,264657
1,1,-4,0.5,0.48664,180,0,0,264675
0,3,-3,0.5,0.487045,180,0,0,264690
-2,3,-3,0.5,0.48745,180,0,0,264708
2,1,-3,0.5,0.487585,180,0,0,264723
-5,-1,-4,0.5,0.48745,180,0,0,264740
5,-6,0,0.5,0.48664,180,0,0,264756
-1,-15,-4,0.5,0.484615,180,0,0,264777
0,-8,-2,0.5,0.483535,180,0,0,264790
0,-8,-2,0.5,0.482455,180,0,0,264806
-2,-6,-3,0.5,0.481645,180,0,0,264823
4,-3,-1,0.5,0.48124,180,0,0,264842
0,-4,-3,0.5,0.4807,180,0,0,264857
0,-4,-3,0.5,0.48016,180,0,0,264873
1,-1,-3,0.5,0.480025,180,0,0,264889
0,1,-2,0.5,0.48016,180,0,0,264910
0,1,-2,0.5,0.480295,180,0,0,264925
0,5,-2,0.5,0.48097,180,0,0,264940
0,6,-2,0.5,0.48178,180,0,0,264959
0,6,-2,0.5,0.48259,180,0,0,264975
0,1,-2,0.5,0.482725,180,0,0,264990
0,7,-3,0.5,0.48367,180,0,0,265007
0,10,-3,0.5,0.48502,180,0,0,265024
0,12,-4,0.5,0.48664,180,0,0,265040
0,13,-3,0.5,0.488395,180,0,0,265061
0,16,-4,0.5,0.490555,180,0,0,265074
0,21,-2,0.5,0.49339,180,0,0,265092
0,23,-2,0.5,0.496495,180,0,0,265112
0,27,-2,0.5,0.50014,180,0,0,265124
0,57,-6,0.5,0.507835,180,0,0,265143
0,0,0,0.5,0.507835,180,0,0,265155
0,63,-6,0.5,0.51634,180,0,0,265174
0,35,-4,0.5,0.521065,180,0,0,265193
0,30,-4,0.5,0.525115,180,0,0,265207
0,26,-4,0.5,0.528625,180,0,0,265224
0,17,-3,0.5,0.53092,180,0,0,265242
0,13,-2,0.5,0.532675,180,0,0,265256
0,9,-2,0.5,0.53389,180,0,0,265274
0,5,-1,0.5,0.534565,180,0,0,265291
0,0,-2,0.5,0.534565,180,0,0,265307
0,-1,-2,0.5,0.53443,180,0,0,265324
0,-8,-2,0.5,0.53335,180,0,0,265340
0,-11,-1,0.5,0.531865,180,0,0,265356
0,-15,-2,0.5,0.52984,180,0,0,265373
0,-16,-3,0.5,0.52768,180,0,0,265391
0,-14,-2,0.5,0.52579,180,0,0,265408
0,-11,-2,0.5,0.524305,180,0,0,265424
0,-6,-3,0.5,0.523495,180,0,0,265439
0,-2,-3,0.5,0.523225,180,0,1,265458
0,3,-4,0.5,0.52363,180,0,1,265474
0,6,-4,0.5,0.52444,180,0,1,265490
0,9,-4,0.5,0.525655,180,0,1,265507
0,12,-4,0.5,0.527275,180,0,1,265524
0,14,-4,0.5,0.529165,180,0,1,265540
0,18,-6,0.5,0.531595,180,0,0,265560
0,40,-15,0.5,0.536995,180,0,0,265578
0,21,-8,0.5,0.53983,180,0,0,265592
0,21,-7,0.5,0.542665,180,0,0,265609
0,21,-7,0.5,0.5455,180,0,0,265625
0,20,-6,0.5,0.5482,180,0,0,265641
0,21,-6,0.5,0.551035,180,0,0,265658
0,23,-6,0.5,0.55414,180,0,0,265675
0,23,-7,0.5,0.557245,180,0,0,265691
0,25,-6,0.5,0.56062,180,0,0,265709
0,21,-6,0.5,0.563455,180,0,0,265728
0,22,-6,0.5,0.566425,180,0,0,265741
0,18,-5,0.5,0.568855,180,0,0,265759
0,16,-5,0.5,0.571015,180,0,0,265776
0,15,-4,0.5,0.57304,180,0,0,265792
0,17,-4,0.5,0.575335,180,0,0,265807
0,16,-3,0.5,0.577495,180,0,0,265825
0,15,-3,0.5,0.57952,180,0,0,265849
0,25,-1,0.5,0.582895,180,0,0,265865
0,0,0,0.5,0.582895,180,0,0,265873
0,9,0,0.5,0.58411,180,0,0,265891
0,6,2,0.5,0.58492,180,0,0,265912
0,0,0,0.5,0.58492,180,0,0,265922
0,0,0,0.5,0.58492,180,0,0,265939
-2,-12,-2,0.5,0.5833,180,0,0,265960
-2,-10,-1,0.5,0.58195,180,0,0,265974
-1,-12,-1,0.5,0.58033,180,0,0,265989
1,-14,0,0.5,0.57844,180,0,0,266005
-3,-16,0,0.5,0.57628,180,0,0,266023
-2,-17,0,0.5,0.573985,180,0,0,266039
-2,-15,-2,0.5,0.57196,180,0,0,266060
-1,-14,-1,0.5,0.57007,180,0,0,266073
1,-12,0,0.5,0.56845,180,0,0,266089
0,-10,-1,0.5,0.5671,180,0,0,266106
-3,-8,-1,0.5,0.56602,180,0,0,266122
-1,-6,-1,0.5,0.56521,180,0,0,266139
0,-3,-2,0.5,0.564805,180,0,0,266160
0,-3,1,0.5,0.5644,180,0,0,266173
0,-2,2,0.5,0.56413,180,0,0,266189
0,-2,4,0.5,0.56386,180,0,0,266209
0,-1,3,0.5,0.563725,180,0,0,266223
3,-1,7,0.5,0.56359,180,0,0,266241
4,-1,6,0.5,0.563455,180,0,0,266262
0,-1,3,0.5,0.56332,180,0,0,266274
-1,0,2,0.5,0.56332,180,0,0,266290
0,-1,1,0.5,0.563185,180,0,0,266308
0,1,-1,0.5,0.56332,180,0,0,266328
0,0,0,0.5,0.56332,180,0,0,266339
0,3,-3,0.5,0.563725,180,0,0,266357
0,13,-7,0.5,0.56548,180,0,0,266376
0,7,-3,0.5,0.566425,180,0,0,266390
1,11,-3,0.5,0.56791,180,0,0,266407
0,10,-4,0.5,0.56926,180,0,0,266427
0,12,-4,0.5,0.57088,180,0,0,266441
-1,12,-5,0.5,0.5725,180,0,0,266460
0,14,-3,0.5,0.57439,180,0,0,266473
-1,16,-6,0.5,0.57655,180,0,0,266493
0,16,-4,0.5,0.57871,180,0,0,266508
0,19,-4,0.5,0.581275,180,0,0,266524
0,18,-3,0.5,0.583705,180,0,0,266544
0,21,-3,0.5,0.58654,180,0,0,266558
0,21,-4,0.5,0.589375,180,0,0,266578
0,21,-3,0.5,0.59221,180,0,0,266590
0,23,-3,0.5,0.595315,180,0,0,266610
0,21,-3,0.5,0.59815,180,0,0,266624
0,19,-2,0.5,0.600715,180,0,0,266640
0,18,-2,0.5,0.603145,180,0,0,266657
2,14,-3,0.5,0.605035,180,0,0,266674
-2,10,-3,0.5,0.606385,180,0,0,266690
0,4,-3,0.5,0.606925,180,0,0,266712
0,0,-4,0.5,0.606925,180,0,0,266730
0,-6,-1,0.5,0.606115,180,0,0,266740
0,0,0,0.5,0.606115,180,0,0,266757
0,-14,0,0.5,0.604225,180,0,0,266773
0,-9,0,0.5,0.60301,180,0,0,266789
0,-10,0,0.5,0.60166,180,0,0,266806
0,-11,1,0.5,0.600175,180,0,0,266822
-1,-12,0,0.5,0.598555,180,0,0,266840
0,-14,1,0.5,0.596665,180,0,0,266856
0,-16,1,0.5,0.594505,180,0,0,266873
0,-17,0,0.5,0.59221,180,0,0,266889
0,-12,0,0.5,0.59059,180,0,0,266908
0,-9,0,0.5,0.589375,180,0,0,266922
0,-6,0,0.5,0.588565,180,0,0,266940
0,-4,-1,0.5,0.588025,180,0,0,266960
0,0,-1,0.5,0.588025,180,0,0,266977
0,-1,-2,0.5,0.58789,180,0,0,266990
0,0,-1,0.5,0.58789,180,0,0,267006
0,0,-1,0.5,0.58789,180,0,0,267026
0,1,-1,0.5,0.588025,180,0,0,267040
0,1,-1,0.5,0.58816,180,0,0,267056
0,0,-1,0.5,0.58816,180,0,0,267072
-1,0,-2,0.5,0.58816,180,0,0,267092
0,0,0,0.5,0.58816,180,0,0,267106
0,0,0,0.5,0.58816,180,0,0,267122
3,-2,0,0.5,0.58789,180,0,0,267139
0,-1,0,0.5,0.587755,180,0,0,267155
0,-7,2,0.5,0.58681,180,0,0,267173
0,-6,1,0.5,0.586,180,0,0,267189
-4,-6,2,0.5,0.58519,180,0,0,267207
0,-7,1,0.5,0.584245,180,0,0,267222
0,-9,1,0.5,0.58303,180,0,0,267241
0,-7,0,0.5,0.582085,180,0,0,267257
1,-7,0,0.5,0.58114,180,0,0,267277
0,-7,-1,0.5,0.580195,180,0,0,267290
0,-5,-1,0.5,0.57952,180,0,0,267306
4,-5,0,0.5,0.578845,180,0,0,267323
1,-2,-2,0.5,0.578575,180,0,0,267340
0,-1,-2,0.5,0.57844,180,0,0,267357
0,-1,-2,0.5,0.578305,180,0,0,267373
0,-1,0,0.5,0.57817,180,0,0,267389
-1,-1,0,0.5,0.578035,180,0,0,267407
0,0,0,0.5,0.578035,180,0,0,267425
2,-3,1,0.5,0.57763,180,0,0,267439
0,-3,0,0.5,0.577225,180,0,0,267456
0,-4,0,0.5,0.576685,180,0,0,267472
3,-4,4,0.5,0.576145,180,0,0,267492
0,-4,3,0.5,0.575605,180,0,0,267508
0,-4,2,0.5,0.575065,180,0,0,267523
0,-9,3,0.5,0.57385,180,0,0,267544
0,0,0,0.5,0.57385,180,0,0,267555
0,-13,5,0.5,0.572095,180,0,1,267574
0,-2,2,0.5,0.571825,180,0,1,267591
0,-3,1,0.5,0.57142,180,0,1,267606
0,-2,0,0.5,0.57115,180,0,1,267622
0,0,-1,0.5,0.57115,180,0,1,267641
0,0,-1,0.5,0.57115,180,0,1,267663
0,1,-4,0.5,0.571285,180,0,1,267677
0,0,-2,0.5,0.571285,180,0,0,267689
1,1,-2,0.5,0.57142,180,0,0,267708
-1,0,-4,0.5,0.57142,180,0,0,267723
0,1,-2,0.5,0.571555,180,0,0,267740
0,4,-2,0.5,0.572095,180,0,0,267759
0,7,-2,0.5,0.57304,180,0,0,267775
0,5,-1,0.5,0.573715,180,0,0,267789
0,2,-1,0.5,0.573985,180,0,0,267809
0,-1,-1,0.5,0.57385,180,0,0,267825
0,-4,-2,0.5,0.57331,180,0,0,267841
0,-7,-1,0.5,0.572365,180,0,0,267857
0,-8,0,0.5,0.571285,180,0,0,267875
0,-8,1,0.5,0.570205,180,0,0,267889
0,-9,1,0.5,0.56899,180,0,0,267908
0,-10,1,0.5,0.56764,180,0,0,267923
0,-10,1,0.5,0.56629,180,0,0,267940
0,-10,1,0.5,0.56494,180,0,0,267957
0,-13,1,0.5,0.563185,180,0,0,267976
0,-4,-2,0.5,0.562645,180,0,0,267990
-1,-2,-4,0.5,0.562375,180,0,0,268008
1,-1,-3,0.5,0.56224,180,0,0,268024
0,0,-3,0.5,0.56224,180,0,0,268042
0,-1,-1,0.5,0.562105,180,0,0,268059
0,-1,0,0.5,0.56197,180,0,0,268073
0,0,0,0.5,0.56197,180,0,0,268089
0,0,0,0.5,0.56197,180,0,0,268105
0,0,1,0.5,0.56197,180,0,0,268123
1,-1,1,0.5,0.561835,180,0,0,268139
0,-1,0,0.5,0.5617,180,0,0,268156
0,-2,0,0.5,0.56143,180,0,0,268172
0,-1,-2,0.5,0.561295,180,0,0,268190
0,-1,-2,0.5,0.56116,180,0,0,268207
0,-3,-3,0.5,0.560755,180,0,0,268224
0,-4,-3,0.5,0.560215,180,0,0,268241
0,-7,-3,0.5,0.55927,180,0,0,268257
0,-8,-1,0.5,0.55819,180,0,0,268274
0,-9,0,0.5,0.556975,180,0,0,268289
0,-9,0,0.5,0.55576,180,0,0,268306
1,-9,1,0.5,0.554545,180,0,0,268323
0,-10,0,0.5,0.553195,180,0,0,268339
-1,-7,-1,0.5,0.55225,180,0,0,268357
0,-5,-1,0.5,0.551575,180,0,0,268372
0,-8,-4,0.5,0.550495,180,0,0,268390
0,-2,-3,0.5,0.550225,180,0,0,268408
0,-1,-3,0.5,0.55009,180,0,0,268425
1,1,-2,0.5,0.550225,180,0,0,268443
0,2,-3,0.5,0.550495,180,0,0,268457
-2,1,-2,0.5,0.55063,180,0,0,268474
0,0,0,0.5,0.55063,180,0,0,268489
0,-1,-1,0.5,0.550495,180,0,0,268508
0,-4,-1,0.5,0.549955,180,0,0,268524
0,-4,-2,0.5,0.549415,180,0,0,268541
0,-9,-2,0.5,0.5482,180,0,0,268557
0,-12,-1,0.5,0.54658,180,0,0,268574
0,-15,-1,0.5,0.544555,180,0,0,268590
0,-18,-1,0.5,0.542125,180,0,0,268607
0,-19,-2,0.5,0.53956,180,0,0,268623
0,-20,-4,0.5,0.53686,180,0,0,268641
0,-19,-4,0.5,0.534295,180,0,0,268658
0,-17,-3,0.5,0.532,180,0,0,268675
0,-18,-2,0.5,0.52957,180,0,0,268690
0,-17,-2,0.5,0.527275,180,0,0,268707
-1,-15,-3,0.5,0.52525,180,0,0,268724
0,-17,-4,0.5,0.522955,180,0,0,268740
0,-30,-5,0.5,0.518905,180,0,0,268758
0,-15,-1,0.5,0.51688,180,0,0,268773
0,-14,-1,0.5,0.51499,180,0,0,268790
0,-11,-1,0.5,0.513505,180,0,0,268807
0,-9,-1,0.5,0.51229,180,0,0,268824
0,-5,-2,0.5,0.511615,180,0,0,268840
0,-4,-3,0.5,0.511075,180,0,0,268863
0,-1,-1,0.5,0.51094,180,0,0,268874
0,-3,0,0.5,0.510535,180,0,0,268890
0,-2,1,0.5,0.510265,180,0,0,268907
0,-1,2,0.5,0.51013,180,0,0,268930
0,-4,2,0.5,0.50959,180,0,0,268939
1,-5,1,0.5,0.508915,180,0,0,268957
0,-4,1,0.5,0.508375,180,0,0,268973
0,-4,0,0.5,0.507835,180,0,0,268990
-1,-3,0,0.5,0.50743,180,0,0,269006
0,-3,0,0.5,0.507025,180,0,0,269022
0,-3,0,0.5,0.50662,180,0,0,269039
1,-4,1,0.5,0.50608,180,0,0,269059
0,-5,1,0.5,0.505405,180,0,0,269074
0,-6,0,0.5,0.504595,180,0,0,269089
-3,-5,0,0.5,0.50392,180,0,0,269107
0,-7,0,0.5,0.502975,180,0,0,269122
0,-4,-1,0.5,0.502435,180,0,0,269140
0,-10,0,0.5,0.501085,180,0,0,269158
0,0,0,0.5,0.501085,180,0,0,269172
-2,2,1,0.5,0.501355,180,0,0,269190
0,8,1,0.5,0.502435,180,0,0,269208
1,10,1,0.5,0.503785,180,0,0,269223
1,15,2,0.5,0.50581,180,0,0,269241
3,17,1,0.5,0.508105,180,0,0,269257
1,20,0,0.5,0.510805,180,0,0,269276
-2,21,0,0.5,0.51364,180,0,0,269289
0,22,0,0.5,0.51661,180,0,0,269307
0,25,-1,0.5,0.519985,180,0,0,269324
0,25,-1,0.5,0.52336,180,0,0,269339
0,26,-1,0.5,0.52687,180,0,0,269358
0,23,-2,0.5,0.529975,180,0,0,269375
0,17,-2,0.5,0.53227,180,0,0,269391
0,10,-2,0.5,0.53362,180,0,0,269409
0,5,-2,0.5,0.534295,180,0,0,269426
0,-1,-1,0.5,0.53416,180,0,0,269439
0,-6,-1,0.5,0.53335,180,0,0,269457
0,-9,-1,0.5,0.532135,180,0,0,269473
0,-10,0,0.5,0.530785,180,0,0,269490
0,-12,0,0.5,0.529165,180,0,0,269506
0,-12,-1,0.5,0.527545,180,0,0,269524
-1,-27,-1,0.5,0.5239,180,0,0,269540
0,-15,0,0.5,0.521875,180,0,0,269556
0,-16,0,0.5,0.519715,180,0,0,269573
0,-18,0,0.5,0.517285,180,0,0,269589
0,-20,0,0.5,0.514585,180,0,0,269606
0,-21,-1,0.5,0.51175,180,0,0,269623
0,-21,-1,0.5,0.508915,180,0,0,269640
0,-20,-1,0.5,0.506215,180,0,0,269657
0,-19,0,0.5,0.50365,180,0,0,269673
1,-18,1,0.5,0.50122,180,0,0,269690
0,-16,1,0.5,0.49906,180,0,0,269707
0,-16,2,0.5,0.4969,180,0,0,269724
0,-14,1,0.5,0.49501,180,0,0,269739
0,-11,0,0.5,0.493525,180,0,0,269757
0,-9,0,0.5,0.49231,180,0,0,269772
0,-7,0,0.5,0.491365,180,0,0,269789
0,-6,-2,0.5,0.490555,180,0,0,269806
0,-4,-1,0.5,0.490015,180,0,0,269823
0,-3,-3,0.5,0.48961,180,0,1,269842
2,1,-5,0.5,0.489745,180,0,1,269857
-1,2,-5,0.5,0.490015,180,0,1,269875
-2,4,-5,0.5,0.490555,180,0,1,269892
-6,5,-7,0.5,0.49123,180,0,1,269909
2,6,-2,0.5,0.49204,180,0,1,269924
1,7,-5,0.5,0.492985,180,0,1,269942
0,-1,-2,0.5,0.49285,180,0,1,269957
0,-5,-2,0.5,0.492175,180,0,1,269974
0,-8,-2,0.5,0.491095,180,0,0,269990
0,-9,-1,0.5,0.48988,180,0,0,270007
0,-9,-2,0.5,0.488665,180,0,0,270025
0,-8,-1,0.5,0.487585,180,0,0,270040
0,-10,-1,0.5,0.486235,180,0,0,270056
-2,-8,0,0.5,0.485155,180,0,0,270072
0,-8,0,0.5,0.484075,180,0,0,270089
0,-7,0,0.5,0.48313,180,0,0,270105
0,-5,0,0.5,0.482455,180,0,0,270123
0,-7,-2,0.5,0.48151,180,0,0,270140
0,-4,-2,0.5,0.48097,180,0,0,270157
0,-7,-4,0.5,0.480025,180,0,0,270173
0,-6,-3,0.5,0.479215,180,0,0,270190
0,-8,-4,0.5,0.478135,180,0,0,270207
-1,-9,-3,0.5,0.47692,180,0,0,270225
0,-9,-4,0.5,0.475705,180,0,0,270240
-1,-11,-3,0.5,0.47422,180,0,0,270256
0,-12,-2,0.5,0.4726,180,0,0,270273
0,-14,-3,0.5,0.47071,180,0,0,270290
1,-14,-4,0.5,0.46882,180,0,0,270308
0,-31,-9,0.5,0.464635,180,0,0,270328
0,-17,0,0.5,0.46234,180,0,1,270339
0,-17,-2,0.5,0.460045,180,0,1,270356
3,-16,0,0.5,0.457885,180,0,1,270372
0,-16,0,0.5,0.455725,180,0,1,270390
0,-15,0,0.5,0.4537,180,0,0,270405
0,-17,-1,0.5,0.451405,180,0,0,270425
0,-18,1,0.5,0.448975,180,0,0,270440
0,-18,0,0.5,0.446545,180,0,1,270456
-3,-19,3,0.5,0.44398,180,0,1,270479
0,-20,1,0.5,0.44128,180,0,1,270489
-1,-18,-1,0.5,0.43885,180,0,1,270507
-1,-19,0,0.5,0.436285,180,0,1,270524
-1,-21,0,0.5,0.43345,180,0,1,270539
-2,-22,-1,0.5,0.43048,180,0,0,270558
-5,-24,-6,0.5,0.42724,180,0,0,270575
3,-24,-6,0.5,0.424,180,0,0,270590
0,-27,-8,0.5,0.420355,180,0,0,270607
0,-30,-7,0.5,0.416305,180,0,0,270624
1,-33,-7,0.5,0.41185,180,0,0,270641
1,-32,-6,0.5,0.40753,180,0,0,270660
-1,-33,-8,0.5,0.403075,180,0,0,270674
0,-33,-9,0.5,0.39862,180,0,0,270694
0,-67,-14,0.5,0.389575,180,0,1,270711
0,0,0,0.5,0.389575,180,0,1,270722
0,-61,-8,0.5,0.38134,180,0,1,270749
0,0,0,0.5,0.38134,180,0,1,270755
0,-50,-7,0.5,0.37459,180,0,1,270774
0,-22,-3,0.5,0.37162,180,0,1,270791
0,-21,-3,0.5,0.368785,180,0,1,270810
0,-21,-3,0.5,0.36595,180,0,1,270823
0,-22,-3,0.5,0.36298,180,0,1,270841
0,-23,-4,0.5,0.359875,180,0,1,270859
0,-20,-5,0.5,0.357175,180,0,1,270874
0,-22,-5,0.5,0.354205,180,0,1,270891
-4,-23,-6,0.5,0.3511,180,0,1,270910
-6,-23,-6,0.5,0.347995,180,0,1,270925
-5,-24,-5,0.5,0.344755,180,0,1,270944
-7,-23,-6,0.5,0.34165,180,0,1,270958
-6,-18,-6,0.5,0.33922,180,0,1,270974
-6,-13,-6,0.5,0.337465,180,0,1,270991
-6,-8,-6,0.5,0.336385,180,0,1,271011
-4,-8,-3,0.5,0.335305,180,0,1,271023
4,-8,0,0.5,0.334225,180,0,1,271039
1,-8,-1,0.5,0.333145,180,0,1,271056
0,-12,-2,0.5,0.331525,180,0,1,271073
0,-16,-2,0.5,0.329365,180,0,1,271089
0,-20,-2,0.5,0.326665,180,0,1,271108
0,-47,-3,0.5,0.32032,180,0,1,271125
0,-23,0,0.5,0.317215,180,0,1,271140
0,-20,2,0.5,0.314515,180,0,1,271157
0,-16,4,0.5,0.312355,180,0,1,271174
0,-17,4,0.5,0.31006,180,0,1,271190
0,-17,3,0.5,0.307765,180,0,1,271208
0,-14,1,0.5,0.305875,180,0,1,271222
0,-13,0,0.5,0.30412,180,0,1,271239
0,-13,-2,0.5,0.302365,180,0,1,271258
0,-14,-3,0.5,0.300475,180,0,1,271274
0,-13,-3,0.5,0.29872,180,0,1,271290
0,-11,-4,0.5,0.297235,180,0,1,271308
0,-10,-4,0.5,0.295885,180,0,1,271324
0,-6,-3,0.5,0.295075,180,0,1,271341
0,-4,-2,0.5,0.294535,180,0,1,271356
1,-3,-1,0.5,0.29413,180,0,1,271373
0,-2,1,0.5,0.29386,180,0,1,271389
0,-2,2,0.5,0.29359,180,0,1,271407
0,-5,3,0.5,0.292915,180,0,1,271423
0,-5,3,0.5,0.29224,180,0,1,271441
0,-9,1,0.5,0.291025,180,0,0,271456
0,-8,0,0.5,0.289945,180,0,0,271472
0,-6,-1,0.5,0.289135,180,0,1,271489
1,-3,-5,0.5,0.28873,180,0,1,271509
1,1,-3,0.5,0.288865,180,0,1,271524
0,0,0,0.5,0.288865,180,0,1,271538
-4,3,-6,0.5,0.28927,180,0,1,271561
-2,0,-1,0.5,0.28927,180,0,1,271572
-1,-2,-1,0.5,0.289,180,0,1,271589
0,-5,1,0.5,0.288325,180,0,1,271607
1,-5,2,0.5,0.28765,180,0,1,271623
3,-7,3,0.5,0.286705,180,0,1,271639
0,-5,2,0.5,0.28603,180,0,1,271660
0,-8,0,0.5,0.28495,180,0,1,271673
0,-7,-1,0.5,0.284005,180,0,1,271689
0,-7,-1,0.5,0.28306,180,0,1,271707
-3,-6,-3,0.5,0.28225,180,0,1,271723
-1,-4,-2,0.5,0.28171,180,0,1,271739
0,0,-1,0.5,0.28171,180,0,1,271758
0,-1,0,0.5,0.281575,180,0,1,271773
0,-2,0,0.5,0.281305,180,0,1,271789
4,-3,5,0.5,0.2809,180,0,1,271809
3,-2,5,0.5,0.28063,180,0,1,271824
4,0,5,0.5,0.28063,180,0,1,271840
4,-1,6,0.5,0.280495,180,0,1,271858
-4,0,1,0.5,0.280495,180,0,1,271873
3,0,4,0.5,0.280495,180,0,0,271890
2,-2,1,0.5,0.280225,180,0,0,271906
0,-4,0,0.5,0.279685,180,0,0,271922
0,-4,-1,0.5,0.279145,180,0,1,271939
0,-4,-7,0.5,0.278605,180,0,1,271961
0,1,-7,0.5,0.27874,180,0,1,271977
-1,1,-6,0.5,0.278875,180,0,1,271992
0,1,-4,0.5,0.27901,180,0,1,272008
0,-1,-5,0.5,0.278875,180,0,1,272025
-2,-4,-3,0.5,0.278335,180,0,1,272041
0,-5,0,0.5,0.27766,180,0,1,272056
0,-6,1,0.5,0.27685,180,0,1,272074
4,-6,5,0.5,0.27604,180,0,1,272091
4,-4,7,0.5,0.2755,180,0,1,272108
-6,-3,1,0.5,0.275095,180,0,1,272122
3,-2,5,0.5,0.274825,180,0,1,272141
2,-1,2,0.5,0.27469,180,0,1,272157
0,0,0,0.5,0.27469,180,0,1,272172
0,3,0,0.5,0.275095,180,0,0,272190
-1,6,-2,0.5,0.275905,180,0,0,272206
-3,8,-2,0.5,0.276985,180,0,0,272223
0,10,-3,0.5,0.278335,180,0,0,272240
0,9,-6,0.5,0.27955,180,0,0,272257
-1,9,-7,0.5,0.280765,180,0,0,272275
2,11,-8,0.5,0.28225,180,0,1,272295
0,9,-7,0.5,0.283465,180,0,1,272309
0,26,-13,0.5,0.286975,180,0,0,272329
0,0,0,0.5,0.286975,180,0,0,272338
1,25,-9,0.5,0.29035,180,0,0,272360
-1,13,-5,0.5,0.292105,180,0,0,272375
0,13,-4,0.5,0.29386,180,0,0,272390
0,14,-6,0.5,0.29575,180,0,0,272407
0,16,-7,0.5,0.29791,180,0,0,272424
0,20,-9,0.5,0.30061,180,0,0,272442
-2,24,-10,0.5,0.30385,180,0,0,272460
-2,28,-11,0.5,0.30763,180,0,0,272478
0,29,-11,0.5,0.311545,180,0,0,272493
0,31,-9,0.5,0.31573,180,0,0,272509
0,28,-9,0.5,0.31951,180,0,0,272525
0,23,-7,0.5,0.322615,180,0,0,272541
0,16,-6,0.5,0.324775,180,0,0,272559
0,9,-5,0.5,0.32599,180,0,0,272574
0,2,-4,0.5,0.32626,180,0,0,272590
0,-3,-3,0.5,0.325855,180,0,0,272607
0,-8,-2,0.5,0.324775,180,0,0,272624
0,-13,-2,0.5,0.32302,180,0,0,272639
0,-17,-1,0.5,0.320725,180,0,0,272657
3,-17,1,0.5,0.31843,180,0,0,272674
0,-21,0,0.5,0.315595,180,0,0,272689
0,-21,0,0.5,0.31276,180,0,0,272707
0,-20,0,0.5,0.31006,180,0,0,272724
0,-36,0,0.5,0.3052,180,0,0,272739
0,-14,-1,0.5,0.30331,180,0,0,272756
0,-10,-1,0.5,0.30196,180,0,0,272773
0,-8,-1,0.5,0.30088,180,0,1,272790
0,-6,-2,0.5,0.30007,180,0,1,272808
0,-2,-1,0.5,0.2998,180,0,1,272824
0,-2,-2,0.5,0.29953,180,0,1,272840
0,0,-3,0.5,0.29953,180,0,1,272856
0,1,-3,0.5,0.299665,180,0,1,272874
0,-1,-3,0.5,0.29953,180,0,1,272889
0,0,-3,0.5,0.29953,180,0,1,272907
0,0,-1,0.5,0.29953,180,0,1,272923
0,0,-1,0.5,0.29953,180,0,1,272939
0,0,0,0.5,0.29953,180,0,1,272955
0,-1,0,0.5,0.299395,180,0,1,272972
0,0,0,0.5,0.299395,180,0,1,272989
0,0,-1,0.5,0.299395,180,0,1,273007
0,1,-1,0.5,0.29953,180,0,1,273025
0,1,-2,0.5,0.299665,180,0,0,273040
0,-1,-1,0.5,0.29953,180,0,0,273056
0,-2,-1,0.5,0.29926,180,0,0,273076
0,-3,-1,0.5,0.298855,180,0,0,273089
1,-8,-3,0.5,0.297775,180,0,1,273110
0,0,0,0.5,0.297775,180,0,1,273122
0,-4,-1,0.5,0.297235,180,0,1,273139
0,-6,-3,0.5,0.296425,180,0,1,273156
0,0,-1,0.5,0.296425,180,0,1,273175
0,-2,-1,0.5,0.296155,180,0,1,273190
0,-1,0,0.5,0.29602,180,0,1,273205
0,-3,0,0.5,0.295615,180,0,1,273222
0,0,0,0.5,0.295615,180,0,1,273241
0,-2,0,0.5,0.295345,180,0,0,273256
0,-1,0,0.5,0.29521,180,0,0,273272
0,0,0,0.5,0.29521,180,0,0,273288
0,1,0,0.5,0.295345,180,0,0,273306
0,0,-1,0.5,0.295345,180,0,0,273323
0,-2,-1,0.5,0.295075,180,0,0,273339
0,-4,-1,0.5,0.294535,180,0,0,273355
0,-4,0,0.5,0.293995,180,0,0,273372
0,-5,0,0.5,0.29332,180,0,0,273390
0,-4,0,0.5,0.29278,180,0,0,273405
0,-1,0,0.5,0.292645,180,0,1,273422
0,-1,0,0.5,0.29251,180,0,1,273438
0,2,-1,0.5,0.29278,180,0,1,273456
0,1,-1,0.5,0.292915,180,0,1,273472
0,2,-1,0.5,0.293185,180,0,1,273489
0,1,-2,0.5,0.29332,180,0,1,273507
0,0,0,0.5,0.29332,180,0,1,273521
0,-2,-1,0.5,0.29305,180,0,1,273539
0,-5,-1,0.5,0.292375,180,0,1,273557
0,-2,-1,0.5,0.292105,180,0,1,273573
0,0,-1,0.5,0.292105,180,0,1,273594
0,-1,-3,0.5,0.29197,180,0,0,273607
0,-2,-4,0.5,0.2917,180,0,0,273625
0,-3,-4,0.5,0.291295,180,0,0,273641
0,-4,-4,0.5,0.290755,180,0,0,273660
0,-5,-4,0.5,0.29008,180,0,0,273674
0,-6,-4,0.5,0.28927,180,0,0,273691
0,-8,-4,0.5,0.28819,180,0,0,273707
0,-8,-3,0.5,0.28711,180,0,0,273724
0,-7,-2,0.5,0.286165,180,0,0,273740
0,-5,-1,0.5,0.28549,180,0,0,273756
0,-5,0,0.5,0.284815,180,0,0,273773
0,-2,0,0.5,0.284545,180,0,0,273790
0,1,-1,0.5,0.28468,180,0,0,273806
0,5,-1,0.5,0.285355,180,0,0,273823
0,6,-1,0.5,0.286165,180,0,1,273840
0,9,-2,0.5,0.28738,180,0,1,273856
0,9,-1,0.5,0.288595,180,0,1,273872
0,9,-1,0.5,0.28981,180,0,1,273891
0,8,-2,0.5,0.29089,180,0,0,273906
0,8,-2,0.5,0.29197,180,0,0,273923
0,9,-5,0.5,0.293185,180,0,0,273942
0,1,-3,0.5,0.29332,180,0,0,273958
0,-2,-2,0.5,0.29305,180,0,0,273973
0,-4,-2,0.5,0.29251,180,0,0,273990
0,-7,-1,0.5,0.291565,180,0,0,274008
0,-8,-1,0.5,0.290485,180,0,0,274024
0,-10,-1,0.5,0.289135,180,0,0,274039
0,-9,0,0.5,0.28792,180,0,0,274058
1,-9,0,0.5,0.286705,180,0,0,274072
-1,-7,0,0.5,0.28576,180,0,0,274089
0,-6,0,0.5,0.28495,180,0,0,274106
1,-2,1,0.5,0.28468,180,0,0,274123
0,-1,0,0.5,0.284545,180,0,0,274139
0,1,1,0.5,0.28468,180,0,0,274157
1,5,-1,0.5,0.285355,180,0,0,274172
0,6,-1,0.5,0.286165,180,0,0,274189
0,7,-2,0.5,0.28711,180,0,0,274206
0,8,-2,0.5,0.28819,180,0,0,274223
0,8,-2,0.5,0.28927,180,0,0,274240
0,10,-5,0.5,0.29062,180,0,0,274256
0,8,-3,0.5,0.2917,180,0,0,274272
-2,12,-5,0.5,0.29332,180,0,0,274292
0,9,-4,0.5,0.294535,180,0,0,274310
-1,9,-4,0.5,0.29575,180,0,0,274323
1,9,-4,0.5,0.296965,180,0,0,274340
1,9,-5,0.5,0.29818,180,0,0,274357
0,21,-8,0.5,0.301015,180,0,0,274377
0,10,-3,0.5,0.302365,180,0,0,274392
0,7,-3,0.5,0.30331,180,0,0,274412
0,7,-2,0.5,0.304255,180,0,0,274423
-1,3,-1,0.5,0.30466,180,0,0,274440
1,1,-1,0.5,0.304795,180,0,0,274457
0,-1,0,0.5,0.30466,180,0,0,274473
0,-4,0,0.5,0.30412,180,0,0,274489
0,-6,-1,0.5,0.30331,180,0,0,274506
0,-6,-1,0.5,0.3025,180,0,0,274522
0,-8,-2,0.5,0.30142,180,0,0,274539
0,-7,-3,0.5,0.300475,180,0,0,274560
0,-7,-2,0.5,0.29953,180,0,0,274573
0,-8,-3,0.5,0.29845,180,0,0,274590
0,-5,-2,0.5,0.297775,180,0,0,274608
1,-7,-1,0.5,0.29683,180,0,0,274622
-1,-6,-4,0.5,0.29602,180,0,0,274640
0,-6,-2,0.5,0.29521,180,0,0,274656
1,-6,-2,0.5,0.2944,180,0,0,274672
0,-5,-2,0.5,0.293725,180,0,0,274690
0,-3,-2,0.5,0.29332,180,0,0,274707
0,-3,-2,0.5,0.292915,180,0,0,274723
0,-1,-1,0.5,0.29278,180,0,0,274739
0,0,-1,0.5,0.29278,180,0,0,274756
1,0,0,0.5,0.29278,180,0,0,274772
-2,3,0,0.5,0.293185,180,0,0,274789
-1,1,0,0.5,0.29332,180,0,0,274805
-2,1,0,0.5,0.293455,180,0,0,274822
0,1,0,0.5,0.29359,180,0,0,274839
-2,0,0,0.5,0.29359,180,0,0,274855
0,0,0,0.5,0.29359,180,0,0,274871
0,0,0,0.5,0.29359,180,0,0,274888
2,0,2,0.5,0.29359,180,0,0,274907
5,0,2,0.5,0.29359,180,0,0,274923
1,-2,0,0.5,0.29332,180,0,0,274939
3,-1,0,0.5,0.293185,180,0,0,274955
2,-1,0,0.5,0.29305,180,0,0,274973
-8,-1,-6,0.5,0.292915,180,0,0,274990
0,0,-1,0.5,0.292915,180,0,0,275006
0,-1,-2,0.5,0.29278,180,0,0,275023
0,0,-1,0.5,0.29278,180,0,0,275039
0,-1,-1,0.5,0.292645,180,0,0,275055
0,-1,-2,0.5,0.29251,180,0,0,275073
0,-2,-1,0.5,0.29224,180,0,0,275089
0,0,0,0.5,0.29224,180,0,0,275105
-1,-2,-1,0.5,0.29197,180,0,0,275122
0,0,0,0.5,0.29197,180,0,0,275139
0,-1,0,0.5,0.291835,180,0,0,275155
1,-2,0,0.5,0.291565,180,0,0,275172
-1,0,-1,0.5,0.291565,180,0,0,275189
0,0,0,0.5,0.291565,180,0,0,275205
0,-1,0,0.5,0.29143,180,0,0,275222
0,0,0,0.5,0.29143,180,0,0,275239
0,0,-1,0.5,0.29143,180,0,0,275256
0,0,-1,0.5,0.29143,180,0,0,275272
0,-1,-1,0.5,0.291295,180,0,0,275289
1,-1,0,0.5,0.29116,180,0,0,275305
0,-1,-1,0.5,0.291025,180,0,0,275322
0,0,-1,0.5,0.291025,180,0,0,275340
0,-1,-1,0.5,0.29089,180,0,0,275356
0,-1,-1,0.5,0.290755,180,0,0,275373
-2,-1,-1,0.5,0.29062,180,0,0,275389
3,-1,-1,0.5,0.290485,180,0,0,275409
0,0,0,0.5,0.290485,180,0,0,275422
0,0,0,0.5,0.290485,180,0,0,275439
0,0,0,0.5,0.290485,180,0,0,275455
0,-1,0,0.5,0.29035,180,0,0,275472
0,0,0,0.5,0.29035,180,0,0,275488
0,0,0,0.5,0.29035,180,0,0,275505
0,0,0,0.5,0.29035,180,0,0,275522
0,0,0,0.5,0.29035,180,0,0,275540
0,-1,0,0.5,0.290215,180,0,0,275555
0,0,0,0.5,0.290215,180,0,0,275572
0,-1,-1,0.5,0.29008,180,0,0,275589
0,0,0,0.5,0.29008,180,0,0,275605
0,-1,0,0.5,0.289945,180,0,0,275622
0,-1,0,0.5,0.28981,180,0,0,275639
0,0,0,0.5,0.28981,180,0,0,275655
1,0,-1,0.5,0.28981,180,0,0,275674
0,0,0,0.5,0.28981,180,0,0,275688
0,0,0,0.5,0.28981,180,0,0,275705
0,0,0,0.5,0.28981,180,0,0,275722
0,0,0,0.5,0.28981,180,0,0,275738
4,0,3,0.5,0.28981,180,0,0,275757
0,0,0,0.5,0.28981,180,0,0,275772
0,0,0,0.5,0.28981,180,0,0,275788
0,0,0,0.5,0.28981,180,0,0,275805
0,0,0,0.5,0.28981,180,0,0,275822
0,-2,0,0.5,0.28954,180,0,0,275839
0,0,0,0.5,0.28954,180,0,0,275855
0,0,0,0.5,0.28954,180,0,0,275872
0,0,0,0.5,0.28954,180,0,0,275888
0,-1,0,0.5,0.289405,180,0,0,275905
0,0,0,0.5,0.289405,180,0,0,275922
0,0,0,0.5,0.289405,180,0,0,275938
0,0,0,0.5,0.289405,180,0,0,275955
1,0,0,0.5,0.289405,180,0,0,275972
-1,0,0,0.5,0.289405,180,0,0,275989
1,-1,0,0.5,0.28927,180,0,0,276006
0,0,0,0.5,0.28927,180,0,0,276022
0,1,0,0.5,0.289405,180,0,0,276041
0,0,0,0.5,0.289405,180,0,0,276055
0,0,0,0.5,0.289405,180,0,0,276072
0,-1,0,0.5,0.28927,180,0,0,276089
0,0,0,0.5,0.28927,180,0,0,276105
0,0,0,0.5,0.28927,180,0,0,276122
0,0,0,0.5,0.28927,180,0,0,276138
0,0,0,0.5,0.28927,180,0,0,276155
0,0,0,0.5,0.28927,180,0,0,276171
-1,0,0,0.5,0.28927,180,0,0,276189
0,1,0,0.5,0.289405,180,0,0,276206
0,0,0,0.5,0.289405,180,0,0,276222
0,0,1,0.5,0.289405,180,0,0,276240
0,0,0,0.5,0.289405,180,0,0,276255
1,2,0,0.5,0.289675,180,0,0,276274
2,0,0,0.5,0.289675,180,0,0,276289
0,0,0,0.5,0.289675,180,0,0,276307
-2,0,0,0.5,0.289675,180,0,0,276322
-1,1,0,0.5,0.28981,180,0,0,276340
0,0,0,0.5,0.28981,180,0,0,276355
0,0,0,0.5,0.28981,180,0,0,276372
0,0,0,0.5,0.28981,180,0,0,276389
0,1,0,0.5,0.289945,180,0,0,276405
0,1,0,0.5,0.29008,180,0,0,276422
0,3,0,0.5,0.290485,180,0,0,276439
0,0,0,0.5,0.290485,180,0,0,276455
0,0,0,0.5,0.290485,180,0,0,276472
5,0,3,0.5,0.290485,180,0,0,276490
0,0,1,0.5,0.290485,180,0,0,276505
0,0,0,0.5,0.290485,180,0,0,276522
0,1,0,0.5,0.29062,180,0,0,276539
0,0,0,0.5,0.29062,180,0,0,276555
0,1,0,0.5,0.290755,180,0,0,276573
0,0,0,0.5,0.290755,180,0,0,276588
0,1,0,0.5,0.29089,180,0,0,276605
0,0,0,0.5,0.29089,180,0,0,276622
0,0,0,0.5,0.29089,180,0,0,276638
0,0,0,0.5,0.29089,180,0,0,276655
0,0,0,0.5,0.29089,180,0,0,276672
0,0,0,0.5,0.29089,180,0,0,276688
0,0,0,0.5,0.29089,180,0,0,276705
1,1,1,0.5,0.291025,180,0,0,276722
0,1,0,0.5,0.29116,180,0,0,276739
0,1,0,0.5,0.291295,180,0,0,276755
0,0,0,0.5,0.291295,180,0,0,276772
0,0,0,0.5,0.291295,180,0,0,276788
0,0,0,0.5,0.291295,180,0,0,276805
0,1,0,0.5,0.29143,180,0,0,276822
0,0,0,0.5,0.29143,180,0,0,276838
0,-1,0,0.5,0.291295,180,0,0,276855
0,1,0,0.5,0.29143,180,0,0,276872
0,1,0,0.5,0.291565,180,0,0,276889
0,1,0,0.5,0.2917,180,0,0,276905
-5,0,0,0.5,0.2917,180,0,0,276922
0,1,0,0.5,0.291835,180,0,0,276939
-1,0,0,0.5,0.291835,180,0,0,276955
1,0,1,0.5,0.291835,180,0,0,276973
0,-1,0,0.5,0.2917,180,0,0,276989
1,1,0,0.5,0.291835,180,0,0,277005
-2,0,0,0.5,0.291835,180,0,0,277023
-1,2,1,0.5,0.292105,180,0,0,277039
-3,0,-2,0.5,0.292105,180,0,0,277056
-1,1,0,0.5,0.29224,180,0,0,277072
-1,0,0,0.5,0.29224,180,0,0,277089
1,0,1,0.5,0.29224,180,0,0,277106
0,0,0,0.5,0.29224,180,0,0,277122
2,0,0,0.5,0.29224,180,0,0,277139
-3,1,1,0.5,0.292375,180,0,0,277156
0,1,0,0.5,0.29251,180,0,0,277174
0,1,0,0.5,0.292645,180,0,0,277190
0,1,0,0.5,0.29278,180,0,0,277205
0,0,0,0.5,0.29278,180,0,0,277222
-1,0,0,0.5,0.29278,180,0,0,277240
0,0,0,0.5,0.29278,180,0,0,277255
0,0,0,0.5,0.29278,180,0,0,277272
0,0,0,0.5,0.29278,180,0,0,277288
0,0,0,0.5,0.29278,180,0,0,277305
3,0,2,0.5,0.29278,180,0,0,277322
0,0,0,0.5,0.29278,180,0,0,277338
0,1,0,0.5,0.292915,180,0,0,277355
0,0,0,0.5,0.292915,180,0,0,277372
0,0,0,0.5,0.292915,180,0,0,277388
0,0,0,0.5,0.292915,180,0,0,277405
0,0,0,0.5,0.292915,180,0,0,277422
0,0,0,0.5,0.292915,180,0,0,277438
0,1,0,0.5,0.29305,180,0,0,277455
0,0,0,0.5,0.29305,180,0,0,277472
0,1,0,0.5,0.293185,180,0,0,277488
0,0,0,0.5,0.293185,180,0,0,277505
1,1,0,0.5,0.29332,180,0,0,277522
0,1,0,0.5,0.293455,180,0,0,277539
0,0,0,0.5,0.293455,180,0,0,277555
0,2,0,0.5,0.293725,180,0,0,277572
0,0,0,0.5,0.293725,180,0,0,277588
2,0,1,0.5,0.293725,180,0,0,277606
0,0,0,0.5,0.293725,180,0,0,277621
0,1,0,0.5,0.29386,180,0,0,277639
0,0,0,0.5,0.29386,180,0,0,277655
0,0,0,0.5,0.29386,180,0,0,277672
0,0,0,0.5,0.29386,180,0,0,277689
0,0,0,0.5,0.29386,180,0,0,277705
0,1,0,0.5,0.293995,180,0,0,277724
0,1,0,0.5,0.29413,180,0,0,277739
0,0,0,0.5,0.29413,180,0,0,277755
0,2,0,0.5,0.2944,180,0,0,277774
0,0,0,0.5,0.2944,180,0,0,277788
0,0,0,0.5,0.2944,180,0,0,277805
0,0,0,0.5,0.2944,180,0,0,277823
0,0,0,0.5,0.2944,180,0,0,277838
-1,1,0,0.5,0.294535,180,0,0,277856
0,0,0,0.5,0.294535,180,0,0,277873
0,0,0,0.5,0.294535,180,0,0,277888
0,0,0,0.5,0.294535,180,0,0,277905
0,0,0,0.5,0.294535,180,0,0,277922
0,0,0,0.5,0.294535,180,0,0,277942
0,1,0,0.5,0.29467,180,0,0,277957
0,0,0,0.5,0.29467,180,0,0,277972
0,0,0,0.5,0.29467,180,0,0,277989
0,0,0,0.5,0.29467,180,0,0,278005
-1,2,0,0.5,0.29494,180,0,0,278024
0,0,0,0.5,0.29494,180,0,0,278038
0,0,0,0.5,0.29494,180,0,0,278055
0,0,0,0.5,0.29494,180,0,0,278071
0,0,0,0.5,0.29494,180,0,0,278088
0,0,0,0.5,0.29494,180,0,0,278105
0,0,0,0.5,0.29494,180,0,0,278121
0,0,0,0.5,0.29494,180,0,0,278138
0,0,0,0.5,0.29494,180,0,0,278155
0,-1,0,0.5,0.294805,180,0,0,278172
0,0,0,0.5,0.294805,180,0,0,278188
0,0,0,0.5,0.294805,180,0,0,278205
0,0,0,0.5,0.294805,180,0,0,278221
2,0,0,0.5,0.294805,180,0,0,278238
0,0,0,0.5,0.294805,180,0,0,278255
1,-1,0,0.5,0.29467,180,0,0,278272
0,-1,0,0.5,0.294535,180,0,0,278288
0,-3,-1,0.5,0.29413,180,0,0,278305
0,-3,0,0.5,0.293725,180,0,0,278323
0,-5,-1,0.5,0.29305,180,0,0,278339
0,-6,0,0.5,0.29224,180,0,0,278355
0,-7,-2,0.5,0.291295,180,0,0,278373
-4,-12,-5,0.5,0.289675,180,0,0,278392
-1,-4,-2,0.5,0.289135,180,0,0,278406
0,-6,-2,0.5,0.288325,180,0,0,278423
0,-5,-1,0.5,0.28765,180,0,0,278441
0,-8,-2,0.5,0.28657,180,0,0,278456
0,-8,-1,0.5,0.28549,180,0,0,278472
3,-6,0,0.5,0.28468,180,0,0,278491
0,-11,-1,0.5,0.283195,180,0,0,278506
0,-11,0,0.5,0.28171,180,0,0,278523
0,-11,0,0.5,0.280225,180,0,0,278541
0,-8,0,0.5,0.279145,180,0,0,278557
-1,-8,0,0.5,0.278065,180,0,1,278573
3,-5,1,0.5,0.27739,180,0,1,278591
2,-6,2,0.5,0.27658,180,0,0,278606
2,-5,1,0.5,0.275905,180,0,0,278623
0,-6,0,0.5,0.275095,180,0,0,278639
5,-5,1,0.5,0.27442,180,0,0,278657
0,-3,0,0.5,0.274015,180,0,0,278672
-1,-3,0,0.5,0.27361,180,0,0,278691
1,-4,-1,0.5,0.27307,180,0,0,278708
0,-2,0,0.5,0.2728,180,0,0,278722
1,-1,0,0.5,0.272665,180,0,0,278747
0,0,0,0.5,0.272665,180,0,0,278755
-3,11,0,0.5,0.27415,180,0,0,278774
3,12,2,0.5,0.27577,180,0,0,278790
1,16,-1,0.5,0.27793,180,0,0,278811
0,15,-2,0.5,0.279955,180,0,0,278822
-1,18,-4,0.5,0.282385,180,0,0,278840
0,15,-5,0.5,0.28441,180,0,0,278857
0,18,-8,0.5,0.28684,180,0,0,278873
0,17,-9,0.5,0.289135,180,0,0,278890
0,19,-10,0.5,0.2917,180,0,0,278907
0,21,-10,0.5,0.294535,180,0,0,278924
0,18,-10,0.5,0.296965,180,0,0,278943
0,17,-10,0.5,0.29926,180,0,0,278961
0,15,-11,0.5,0.301285,180,0,0,278974
0,14,-11,0.5,0.303175,180,0,0,278993
2,10,-8,0.5,0.304525,180,0,0,279010
-3,12,-9,0.5,0.306145,180,0,0,279025
1,9,-10,0.5,0.30736,180,0,0,279041
0,9,-8,0.5,0.308575,180,0,0,279057
-1,11,-10,0.5,0.31006,180,0,0,279074
0,15,-8,0.5,0.312085,180,0,0,279092
0,15,-10,0.5,0.31411,180,0,0,279108
0,17,-10,0.5,0.316405,180,0,0,279125
0,19,-10,0.5,0.31897,180,0,0,279143
-4,18,-13,0.5,0.3214,180,0,0,279159
-1,30,-19,0.5,0.32545,180,0,0,279178
0,9,-9,0.5,0.326665,180,0,0,279191
-1,5,-9,0.5,0.32734,180,0,0,279210
0,0,-6,0.5,0.32734,180,0,0,279224
3,-3,-6,0.5,0.326935,180,0,0,279241
0,-6,-5,0.5,0.326125,180,0,0,279258
0,-7,-4,0.5,0.32518,180,0,0,279273
0,-9,-2,0.5,0.323965,180,0,0,279289
-4,-7,-4,0.5,0.32302,180,0,0,279310
0,-7,-1,0.5,0.322075,180,0,0,279323
0,-9,0,0.5,0.32086,180,0,0,279339
0,-9,-1,0.5,0.319645,180,0,0,279357
0,-12,-1,0.5,0.318025,180,0,0,279373
-1,-12,-2,0.5,0.316405,180,0,0,279389
2,-12,-1,0.5,0.314785,180,0,0,279407
0,-12,-3,0.5,0.313165,180,0,0,279423
0,-11,-3,0.5,0.31168,180,0,0,279440
0,-9,-3,0.5,0.310465,180,0,0,279457
0,-7,-5,0.5,0.30952,180,0,0,279474
-4,-5,-5,0.5,0.308845,180,0,0,279490
3,-4,-3,0.5,0.308305,180,0,0,279509
0,-3,-3,0.5,0.3079,180,0,0,279523
-2,-1,-4,0.5,0.307765,180,0,0,279540
5,0,-3,0.5,0.307765,180,0,1,279557
1,0,1,0.5,0.307765,180,0,1,279573
0,-1,0,0.5,0.30763,180,0,1,279590
1,-2,1,0.5,0.30736,180,0,1,279606
0,-4,0,0.5,0.30682,180,0,1,279622
0,-5,0,0.5,0.306145,180,0,1,279639
0,-6,0,0.5,0.305335,180,0,1,279657
0,-7,-1,0.5,0.30439,180,0,1,279672
0,-6,-2,0.5,0.30358,180,0,1,279689
0,-3,-3,0.5,0.303175,180,0,0,279707
0,2,-4,0.5,0.303445,180,0,0,279725
0,4,-4,0.5,0.303985,180,0,0,279740
0,9,-4,0.5,0.3052,180,0,0,279757
0,13,-6,0.5,0.306955,180,0,0,279774
0,14,-4,0.5,0.308845,180,0,0,279790
0,15,-5,0.5,0.31087,180,0,0,279810
0,15,-6,0.5,0.312895,180,0,0,279825
-1,17,-7,0.5,0.31519,180,0,0,279842
0,16,-8,0.5,0.31735,180,0,0,279858
1,19,-10,0.5,0.319915,180,0,0,279876
0,21,-10,0.5,0.32275,180,0,0,279892
-3,22,-11,0.5,0.32572,180,0,0,279910
0,23,-11,0.5,0.328825,180,0,0,279926
0,21,-11,0.5,0.33166,180,0,0,279941
0,22,-11,0.5,0.33463,180,0,0,279961
0,18,-10,0.5,0.33706,180,0,0,279978
0,32,-20,0.5,0.34138,180,0,0,279996
0,6,-10,0.5,0.34219,180,0,0,280011
0,1,-9,0.5,0.342325,180,0,0,280025
0,-3,-8,0.5,0.34192,180,0,0,280041
0,-7,-6,0.5,0.340975,180,0,0,280057
0,-8,-4,0.5,0.339895,180,0,0,280075
0,-12,-4,0.5,0.338275,180,0,0,280091
0,-12,-3,0.5,0.336655,180,0,0,280107
0,-12,-3,0.5,0.335035,180,0,0,280123
0,-10,-2,0.5,0.333685,180,0,0,280139
0,-9,-3,0.5,0.33247,180,0,0,280156
0,-6,-3,0.5,0.33166,180,0,0,280173
0,-3,-3,0.5,0.331255,180,0,0,280190
0,-1,-5,0.5,0.33112,180,0,0,280207
0,5,-4,0.5,0.331795,180,0,0,280225
0,6,-4,0.5,0.332605,180,0,0,280240
0,8,-5,0.5,0.333685,180,0,0,280260
0,10,-5,0.5,0.335035,180,0,0,280277
-1,11,-5,0.5,0.33652,180,0,0,280291
1,15,-5,0.5,0.338545,180,0,0,280308
0,16,-6,0.5,0.340705,180,0,0,280326
0,16,-6,0.5,0.342865,180,0,0,280340
0,15,-6,0.5,0.34489,180,0,0,280357
-1,22,-10,0.5,0.34786,180,0,0,280375
0,6,-3,0.5,0.34867,180,0,0,280389
2,3,-3,0.5,0.349075,180,0,0,280406
3,1,-1,0.5,0.34921,180,0,0,280423
-3,-2,-5,0.5,0.34894,180,0,0,280440
0,-4,-3,0.5,0.3484,180,0,0,280457
4,-6,-2,0.5,0.34759,180,0,0,280474
2,-8,-3,0.5,0.34651,180,0,0,280489
-1,-8,-7,0.5,0.34543,180,0,0,280510
0,-8,-5,0.5,0.34435,180,0,0,280524
0,-7,-4,0.5,0.343405,180,0,0,280539
0,-7,-4,0.5,0.34246,180,0,0,280557
-4,-9,-4,0.5,0.341245,180,0,0,280573
0,-7,-3,0.5,0.3403,180,0,0,280590
0,-8,-4,0.5,0.33922,180,0,0,280608
0,-9,-1,0.5,0.338005,180,0,0,280622
0,-10,-2,0.5,0.336655,180,0,0,280640
0,-10,-3,0.5,0.335305,180,0,0,280657
0,-12,-3,0.5,0.333685,180,0,0,280672
0,-10,-3,0.5,0.332335,180,0,0,280690
0,-8,-2,0.5,0.331255,180,0,0,280706
0,-7,-3,0.5,0.33031,180,0,0,280723
-1,-4,-3,0.5,0.32977,180,0,0,280739
0,-1,-3,0.5,0.329635,180,0,0,280757
0,-3,-6,0.5,0.32923,180,0,0,280775
0,0,0,0.5,0.32923,180,0,0,280788
0,-7,-7,0.5,0.328285,180,0,0,280808
0,-6,-5,0.5,0.327475,180,0,0,280823
0,-7,-4,0.5,0.32653,180,0,0,280843
0,-7,-5,0.5,0.325585,180,0,0,280857
-1,-7,-6,0.5,0.32464,180,0,0,280873
3,-7,-5,0.5,0.323695,180,0,0,280891
0,-6,-4,0.5,0.322885,180,0,0,280906
0,-5,-4,0.5,0.32221,180,0,0,280924
3,-5,0,0.5,0.321535,180,0,1,280940
-2,-4,-3,0.5,0.320995,180,0,1,280956
5,-4,1,0.5,0.320455,180,0,1,280972
0,-6,0,0.5,0.319645,180,0,1,280989
0,-5,0,0.5,0.31897,180,0,1,281005
0,-6,0,0.5,0.31816,180,0,0,281022
-4,-6,-2,0.5,0.31735,180,0,0,281040
0,-5,0,0.5,0.316675,180,0,0,281055
0,-2,0,0.5,0.316405,180,0,0,281072
0,0,0,0.5,0.316405,180,0,0,281088
0,3,0,0.5,0.31681,180,0,0,281105
0,6,-1,0.5,0.31762,180,0,0,281123
-1,7,-2,0.5,0.318565,180,0,0,281141
0,6,-2,0.5,0.319375,180,0,0,281156
1,5,-3,0.5,0.32005,180,0,0,281172
-1,7,-8,0.5,0.320995,180,0,0,281194
0,0,0,0.5,0.320995,180,0,0,281205
0,3,-8,0.5,0.3214,180,0,0,281226
0,2,-4,0.5,0.32167,180,0,0,281239
0,5,-5,0.5,0.322345,180,0,0,281256
0,8,-6,0.5,0.323425,180,0,0,281273
0,12,-6,0.5,0.325045,180,0,0,281291
0,18,-8,0.5,0.327475,180,0,0,281307
0,21,-7,0.5,0.33031,180,0,0,281324
0,22,-8,0.5,0.33328,180,0,0,281343
0,21,-8,0.5,0.336115,180,0,0,281357
-1,22,-9,0.5,0.339085,180,0,0,281375
0,25,-8,0.5,0.34246,180,0,0,281393
0,24,-7,0.5,0.3457,180,0,0,281406
0,22,-5,0.5,0.34867,180,0,0,281424
0,16,-5,0.5,0.35083,180,0,0,281441
0,12,-4,0.5,0.35245,180,0,0,281456
1,6,-4,0.5,0.35326,180,0,0,281473
-1,2,0,0.5,0.35353,180,0,0,281488
0,0,0,0.5,0.35353,180,0,0,281505
0,1,0,0.5,0.353665,180,0,0,281523
0,1,0,0.5,0.3538,180,0,0,281539
0,0,0,0.5,0.3538,180,0,0,281555
0,0,0,0.5,0.3538,180,0,0,281571
0,-3,-2,0.5,0.353395,180,0,0,281589
0,-7,-5,0.5,0.35245,180,0,0,281606
0,-1,-3,0.5,0.352315,180,0,0,281622
0,2,-3,0.5,0.352585,180,0,0,281640
0,7,-3,0.5,0.35353,180,0,0,281657
0,11,-2,0.5,0.355015,180,0,0,281672
0,13,-1,0.5,0.35677,180,0,0,281689
0,14,0,0.5,0.35866,180,0,0,281705
0,16,0,0.5,0.36082,180,0,0,281722
0,15,1,0.5,0.362845,180,0,0,281739
0,16,2,0.5,0.365005,180,0,0,281756
0,17,1,0.5,0.3673,180,0,0,281772
0,18,1,0.5,0.36973,180,0,0,281790
0,18,2,0.5,0.37216,180,0,0,281805
0,19,0,0.5,0.374725,180,0,0,281823
0,20,0,0.5,0.377425,180,0,0,281839
0,20,0,0.5,0.380125,180,0,0,281855
0,20,0,0.5,0.382825,180,0,0,281872
0,22,1,0.5,0.385795,180,0,0,281890
0,23,2,0.5,0.3889,180,0,0,281906
-1,23,1,0.5,0.392005,180,0,0,281922
0,23,2,0.5,0.39511,180,0,0,281940
0,24,3,0.5,0.39835,180,0,0,281957
0,22,4,0.5,0.40132,180,0,0,281974
0,36,6,0.5,0.40618,180,0,0,281990
0,15,11,0.5,0.408205,180,0,0,282010
0,14,5,0.5,0.410095,180,0,0,282024
0,13,5,0.5,0.41185,180,0,0,282040
0,15,4,0.5,0.413875,180,0,0,282058
0,16,4,0.5,0.416035,180,0,0,282075
-5,20,0,0.5,0.418735,180,0,0,282090
0,20,3,0.5,0.421435,180,0,0,282106
-2,24,1,0.5,0.424675,180,0,0,282122
2,25,5,0.5,0.42805,180,0,0,282142
0,22,3,0.5,0.43102,180,0,0,282157
1,19,4,0.5,0.433585,180,0,0,282176
0,18,4,0.5,0.436015,180,0,0,282189
-2,17,4,0.5,0.43831,180,0,0,282206
-4,18,1,0.5,0.44074,180,0,0,282222
2,17,4,0.5,0.443035,180,0,0,282240
-2,18,3,0.5,0.445465,180,0,0,282258
-3,18,1,0.5,0.447895,180,0,0,282273
1,20,1,0.5,0.450595,180,0,0,282288
0,19,2,0.5,0.45316,180,0,0,282306
0,23,3,0.5,0.456265,180,0,0,282324
-5,50,4,0.5,0.463015,180,0,0,282343
0,0,0,0.5,0.463015,180,0,0,282355
2,27,3,0.5,0.46666,180,0,0,282373
0,61,0,0.5,0.474895,180,0,0,282391
0,30,0,0.5,0.478945,180,0,0,282405
0,26,1,0.5,0.482455,180,0,0,282422
-10,25,-3,0.5,0.48583,180,0,0,282440
5,20,4,0.5,0.48853,180,0,0,282456
0,22,2,0.5,0.4915,180,0,0,282473
1,23,2,0.5,0.494605,180,0,0,282491
0,23,3,0.5,0.49771,180,0,0,282506
0,23,3,0.5,0.500815,180,0,0,282523
2,18,5,0.5,0.503245,180,0,0,282541
1,15,6,0.5,0.50527,180,0,0,282557
0,11,7,0.5,0.506755,180,0,0,282575
0,9,7,0.5,0.50797,180,0,0,282591
0,10,8,0.5,0.50932,180,0,0,282607
0,11,8,0.5,0.510805,180,0,0,282626
0,12,7,0.5,0.512425,180,0,0,282642
0,14,8,0.5,0.514315,180,0,0,282660
-1,14,6,0.5,0.516205,180,0,0,282675
2,15,7,0.5,0.51823,180,0,1,282694
-1,15,7,0.5,0.520255,180,0,1,282707
3,12,7,0.5,0.521875,180,0,1,282724
-3,9,5,0.5,0.52309,180,0,1,282741
1,10,5,0.5,0.52444,180,0,1,282757
0,10,5,0.5,0.52579,180,0,0,282774
1,28,8,0.5,0.52957,180,0,0,282792
0,20,2,0.5,0.53227,180,0,0,282806
-1,23,1,0.5,0.535375,180,0,0,282823
0,27,1,0.5,0.53902,180,0,0,282840
0,30,0,0.5,0.54307,180,0,0,282855
0,31,0,0.5,0.547255,180,0,0,282872
0,36,0,0.5,0.552115,180,0,0,282889
0,37,0,0.5,0.55711,180,0,0,282905
0,39,1,0.5,0.562375,180,0,0,282923
0,36,0,0.5,0.567235,180,0,0,282939
-6,35,-3,0.5,0.57196,180,0,0,282956
1,36,0,0.5,0.57682,180,0,0,282972
-2,34,0,0.5,0.58141,180,0,0,282989
-1,32,0,0.5,0.58573,180,0,0,283005
5,27,5,0.5,0.589375,180,0,0,283026
-9,24,-2,0.5,0.592615,180,0,0,283039
4,22,4,0.5,0.595585,180,0,0,283056
-6,22,2,0.5,0.598555,180,0,0,283073
3,23,7,0.5,0.60166,180,0,0,283091
-7,26,2,0.5,0.60517,180,0,0,283106
3,27,8,0.5,0.608815,180,0,0,283125
0,26,6,0.5,0.612325,180,0,0,283140
0,26,8,0.5,0.615835,180,0,0,283157
0,22,9,0.5,0.618805,180,0,0,283177
0,37,10,0.5,0.6238,180,0,0,283191
0,17,23,0.5,0.626095,180,0,0,283210
0,17,13,0.5,0.62839,180,0,0,283225
-1,15,12,0.5,0.630415,180,0,0,283242
0,14,12,0.5,0.632305,180,0,0,283259
3,14,14,0.5,0.634195,180,0,0,283276
1,14,12,0.5,0.636085,180,0,0,283299
0,15,11,0.5,0.63811,180,0,0,283307
0,15,12,0.5,0.640135,180,0,0,283327
-1,19,10,0.5,0.6427,180,0,0,283342
-7,21,9,0.5,0.645535,180,0,1,283359
0,22,11,0.5,0.648505,180,0,1,283374
1,22,11,0.5,0.651475,180,0,1,283391
-1,21,10,0.5,0.65431,180,0,1,283409
-14,22,0,0.5,0.65728,180,0,0,283422
-3,25,7,0.5,0.660655,180,0,0,283442
-2,30,6,0.5,0.664705,180,0,0,283458
1,31,9,0.5,0.66889,180,0,0,283475
1,30,8,0.5,0.67294,180,0,0,283491
-5,27,6,0.5,0.676585,180,0,0,283513
-2,23,9,0.5,0.67969,180,0,0,283526
5,19,13,0.5,0.682255,180,0,0,283543
0,15,10,0.5,0.68428,180,0,0,283558
0,34,25,0.5,0.68887,180,0,0,283579
0,0,0,0.5,0.68887,180,0,0,283588
0,31,24,0.5,0.693055,180,0,0,283613
0,14,20,0.5,0.694945,180,0,0,283629
0,13,17,0.5,0.6967,180,0,0,283642
0,16,16,0.5,0.69886,180,0,0,283662
-4,16,13,0.5,0.70102,180,0,0,283678
0,18,15,0.5,0.70345,180,0,0,283692
-1,20,13,0.5,0.70615,180,0,0,283710
0,21,12,0.5,0.708985,180,0,0,283726
3,23,15,0.5,0.71,180,0,0,283741
