0,17,-18,0.5,-0.707705,180,0,0,184312
-1,-1,-10,0.5,-0.70784,180,0,0,184322
0,-3,-10,0.5,-0.708245,180,0,0,184334
2,-8,-9,0.5,-0.709325,180,0,0,184343
0,0,0,0.5,-0.709325,180,0,0,184355
-3,-19,-20,0.5,-0.71,180,0,0,184378
0,-8,-9,0.5,-0.71,180,0,0,184394
0,-7,-9,0.5,-0.71,180,0,0,184408
0,-5,-9,0.5,-0.71,180,0,0,184427
0,-1,-7,0.5,-0.71,180,0,0,184441
0,2,-8,0.5,-0.70973,180,0,0,184458
4,3,-5,0.5,-0.709325,180,0,0,184474
0,6,-7,0.5,-0.708515,180,0,0,184498
0,7,-7,0.5,-0.70757,180,0,0,184507
-1,10,-7,0.5,-0.70622,180,0,0,184525
0,11,-6,0.5,-0.704735,180,0,0,184541
0,15,-5,0.5,-0.70271,180,0,0,184557
0,18,-4,0.5,-0.70028,180,0,0,184574
0,21,-2,0.5,-0.697445,180,0,0,184589
0,21,-2,0.5,-0.69461,180,0,0,184606
3,19,-1,0.5,-0.692045,180,0,0,184623
-2,17,0,0.5,-0.68975,180,0,0,184639
0,13,-1,0.5,-0.687995,180,0,0,184656
0,13,-3,0.5,-0.68624,180,0,0,184673
0,14,-4,0.5,-0.68435,180,0,0,184691
0,16,-6,0.5,-0.68219,180,0,0,184708
0,17,-7,0.5,-0.679895,180,0,0,184725
0,16,-7,0.5,-0.677735,180,0,0,184741
0,34,-12,0.5,-0.673145,180,0,0,184759
0,19,-4,0.5,-0.67058,180,0,0,184774
0,21,-5,0.5,-0.667745,180,0,0,184791
0,20,-5,0.5,-0.665045,180,0,0,184807
0,22,-4,0.5,-0.662075,180,0,0,184824
0,22,-4,0.5,-0.659105,180,0,0,184841
3,20,-4,0.5,-0.656405,180,0,0,184859
-1,22,-3,0.5,-0.653435,180,0,0,184874
0,21,-5,0.5,-0.6506,180,0,0,184890
1,23,-4,0.5,-0.647495,180,0,0,184907
0,21,-6,0.5,-0.64466,180,0,0,184925
-4,19,-8,0.5,-0.642095,180,0,0,184942
0,17,-7,0.5,-0.6398,180,0,0,184958
4,12,-4,0.5,-0.63818,180,0,0,184974
2,6,-7,0.5,-0.63737,180,0,0,184990
0,3,-7,0.5,-0.636965,180,0,0,185007
3,0,-7,0.5,-0.636965,180,0,0,185025
2,-1,-9,0.5,-0.6371,180,0,0,185041
0,1,-6,0.5,-0.636965,180,0,0,185058
-2,0,-8,0.5,-0.636965,180,0,0,185075
4,0,-6,0.5,-0.636965,180,0,0,185090
1,2,-7,0.5,-0.636695,180,0,0,185108
0,4,-8,0.5,-0.636155,180,0,0,185125
-5,5,-10,0.5,-0.63548,180,0,0,185142
0,9,-14,0.5,-0.634265,180,0,0,185159
0,4,-8,0.5,-0.633725,180,0,0,185176
-3,3,-7,0.5,-0.63332,180,0,0,185191
1,3,-4,0.5,-0.632915,180,0,0,185207
0,0,-4,0.5,-0.632915,180,0,0,185224
2,0,-4,0.5,-0.632915,180,0,0,185240
-4,-2,-4,0.5,-0.633185,180,0,0,185257
3,-2,-3,0.5,-0.633455,180,0,0,185274
0,-1,-3,0.5,-0.63359,180,0,0,185290
0,-3,-2,0.5,-0.633995,180,0,0,185306
0,-2,-2,0.5,-0.634265,180,0,0,185324
0,-4,-2,0.5,-0.634805,180,0,0,185340
0,-1,-1,0.5,-0.63494,180,0,0,185356
0,-3,-2,0.5,-0.635345,180,0,0,185373
0,-2,-2,0.5,-0.635615,180,0,0,185390
0,-2,-2,0.5,-0.635885,180,0,0,185407
1,-2,-3,0.5,-0.636155,180,0,0,185424
4,-1,0,0.5,-0.63629,180,0,0,185439
-4,-1,-6,0.5,-0.636425,180,0,0,185461
-1,-2,-4,0.5,-0.636695,180,0,0,185473
0,1,-3,0.5,-0.63656,180,0,0,185489
0,0,-3,0.5,-0.63656,180,0,0,185506
0,0,-4,0.5,-0.63656,180,0,0,185523
0,1,-4,0.5,-0.636425,180,0,0,185540
0,1,-2,0.5,-0.63629,180,0,0,185556
0,1,-8,0.5,-0.636155,180,0,0,185574
-1,0,-3,0.5,-0.636155,180,0,0,185590
0,-1,-4,0.5,-0.63629,180,0,0,185607
0,-2,-2,0.5,-0.63656,180,0,0,185623
0,-2,-4,0.5,-0.63683,180,0,0,185640
0,-1,-3,0.5,-0.636965,180,0,0,185656
0,0,-4,0.5,-0.636965,180,0,0,185674
0,2,-5,0.5,-0.636695,180,0,0,185691
0,3,-4,0.5,-0.63629,180,0,0,185706
0,3,-3,0.5,-0.635885,180,0,0,185723
0,6,-4,0.5,-0.635075,180,0,0,185740
0,5,-5,0.5,-0.6344,180,0,0,185757
5,7,0,0.5,-0.633455,180,0,0,185773
0,6,-3,0.5,-0.632645,180,0,0,185792
0,5,-3,0.5,-0.63197,180,0,0,185807
0,5,-4,0.5,-0.631295,180,0,0,185824
0,3,-4,0.5,-0.63089,180,0,0,185841
0,2,-4,0.5,-0.63062,180,0,0,185857
0,1,-4,0.5,-0.630485,180,0,0,185873
0,-1,-4,0.5,-0.63062,180,0,0,185890
0,0,-3,0.5,-0.63062,180,0,0,185907
0,-1,-3,0.5,-0.630755,180,0,0,185924
0,-1,-2,0.5,-0.63089,180,0,0,185940
0,-1,-2,0.5,-0.631025,180,0,0,185956
0,-1,-3,0.5,-0.63116,180,0,0,185974
0,2,-1,0.5,-0.63089,180,0,0,185989
0,0,-1,0.5,-0.63089,180,0,0,186006
0,2,-1,0.5,-0.63062,180,0,0,186023
0,2,-1,0.5,-0.63035,180,0,0,186039
0,2,-1,0.5,-0.63008,180,0,0,186057
1,2,0,0.5,-0.62981,180,0,0,186072
0,2,-1,0.5,-0.62954,180,0,0,186091
0,1,-2,0.5,-0.629405,180,0,0,186108
0,2,-1,0.5,-0.629135,180,0,0,186123
-2,1,-3,0.5,-0.629,180,0,0,186140
0,1,-1,0.5,-0.628865,180,0,0,186156
0,1,0,0.5,-0.62873,180,0,0,186172
0,0,-1,0.5,-0.62873,180,0,0,186189
0,1,0,0.5,-0.628595,180,0,0,186206
0,0,-1,0.5,-0.628595,180,0,0,186222
0,0,0,0.5,-0.628595,180,0,0,186239
0,0,0,0.5,-0.628595,180,0,0,186255
0,1,0,0.5,-0.62846,180,0,0,186272
0,0,-1,0.5,-0.62846,180,0,0,186289
0,0,1,0.5,-0.62846,180,0,0,186306
0,0,0,0.5,-0.62846,180,0,0,186322
0,0,0,0.5,-0.62846,180,0,0,186339
3,0,-2,0.5,-0.62846,180,0,0,186357
0,0,0,0.5,-0.62846,180,0,0,186372
0,1,0,0.5,-0.628325,180,0,0,186389
0,1,1,0.5,-0.62819,180,0,0,186406
0,0,0,0.5,-0.62819,180,0,0,186422
0,0,0,0.5,-0.62819,180,0,0,186439
0,0,0,0.5,-0.62819,180,0,0,186455
0,1,0,0.5,-0.628055,180,0,0,186472
0,0,0,0.5,-0.628055,180,0,0,186489
0,0,0,0.5,-0.628055,180,0,0,186505
0,0,0,0.5,-0.628055,180,0,0,186522
0,0,0,0.5,-0.628055,180,0,0,186539
0,0,0,0.5,-0.628055,180,0,0,186555
0,0,0,0.5,-0.628055,180,0,0,186572
0,1,-1,0.5,-0.62792,180,0,0,186589
0,0,0,0.5,-0.62792,180,0,0,186605
0,0,0,0.5,-0.62792,180,0,0,186622
-2,0,1,0.5,-0.62792,180,0,0,186640
0,1,0,0.5,-0.627785,180,0,0,186656
0,0,0,0.5,-0.627785,180,0,0,186672
0,0,0,0.5,-0.627785,180,0,0,186689
0,0,0,0.5,-0.627785,180,0,0,186705
0,1,0,0.5,-0.62765,180,0,0,186722
0,0,1,0.5,-0.62765,180,0,0,186740
-1,1,0,0.5,-0.627515,180,0,0,186756
0,0,0,0.5,-0.627515,180,0,0,186772
0,1,0,0.5,-0.62738,180,0,0,186789
0,0,1,0.5,-0.62738,180,0,0,186806
0,1,0,0.5,-0.627245,180,0,0,186822
0,0,0,0.5,-0.627245,180,0,0,186839
0,0,0,0.5,-0.627245,180,0,0,186855
0,1,0,0.5,-0.62711,180,0,0,186872
0,0,1,0.5,-0.62711,180,0,0,186889
0,1,1,0.5,-0.626975,180,0,0,186906
0,0,0,0.5,-0.626975,180,0,0,186922
0,1,1,0.5,-0.62684,180,0,0,186939
1,0,1,0.5,-0.62684,180,0,0,186957
0,0,0,0.5,-0.62684,180,0,0,186972
-2,1,0,0.5,-0.626705,180,0,0,186989
2,0,0,0.5,-0.626705,180,0,0,187006
0,1,1,0.5,-0.62657,180,0,0,187022
1,1,0,0.5,-0.626435,180,0,0,187042
0,0,1,0.5,-0.626435,180,0,0,187056
0,0,0,0.5,-0.626435,180,0,0,187072
0,0,1,0.5,-0.626435,180,0,0,187091
0,0,0,0.5,-0.626435,180,0,0,187106
0,1,1,0.5,-0.6263,180,0,0,187122
0,0,0,0.5,-0.6263,180,0,0,187139
0,0,1,0.5,-0.6263,180,0,0,187157
0,2,2,0.5,-0.62603,180,0,0,187173
-1,0,0,0.5,-0.62603,180,0,0,187189
1,1,3,0.5,-0.625895,180,0,0,187207
-3,0,-1,0.5,-0.625895,180,0,0,187222
0,1,0,0.5,-0.62576,180,0,0,187241
0,1,3,0.5,-0.625625,180,0,0,187256
-4,0,-2,0.5,-0.625625,180,0,0,187273
-1,1,1,0.5,-0.62549,180,0,0,187289
3,0,3,0.5,-0.62549,180,0,0,187306
0,1,0,0.5,-0.625355,180,0,0,187322
-5,1,-1,0.5,-0.62522,180,0,0,187340
1,0,2,0.5,-0.62522,180,0,0,187357
0,1,0,0.5,-0.625085,180,0,0,187372
0,0,1,0.5,-0.625085,180,0,0,187389
-1,1,1,0.5,-0.62495,180,0,0,187407
0,1,1,0.5,-0.624815,180,0,0,187423
0,0,1,0.5,-0.624815,180,0,0,187444
0,0,1,0.5,-0.624815,180,0,0,187456
0,1,1,0.5,-0.62468,180,0,0,187474
1,0,1,0.5,-0.62468,180,0,0,187491
0,1,1,0.5,-0.624545,180,0,0,187507
0,1,1,0.5,-0.62441,180,0,0,187522
-1,1,1,0.5,-0.624275,180,0,0,187539
0,0,1,0.5,-0.624275,180,0,0,187558
-4,1,0,0.5,-0.62414,180,0,0,187572
0,1,2,0.5,-0.624005,180,0,0,187591
0,1,1,0.5,-0.62387,180,0,0,187606
0,1,0,0.5,-0.623735,180,0,0,187622
-4,0,1,0.5,-0.623735,180,0,0,187639
-1,2,0,0.5,-0.623465,180,0,0,187656
0,0,1,0.5,-0.623465,180,0,0,187672
0,2,2,0.5,-0.623195,180,0,0,187691
2,1,2,0.5,-0.62306,180,0,0,187706
-3,1,1,0.5,-0.622925,180,0,0,187723
-1,1,0,0.5,-0.62279,180,0,0,187739
5,1,3,0.5,-0.622655,180,0,0,187757
-1,0,1,0.5,-0.622655,180,0,0,187773
-1,1,0,0.5,-0.62252,180,0,0,187789
0,1,1,0.5,-0.622385,180,0,0,187806
0,0,0,0.5,-0.622385,180,0,0,187822
0,1,1,0.5,-0.62225,180,0,0,187839
2,1,1,0.5,-0.622115,180,0,0,187856
0,1,1,0.5,-0.62198,180,0,0,187872
0,1,1,0.5,-0.621845,180,0,0,187890
0,1,1,0.5,-0.62171,180,0,0,187907
0,1,0,0.5,-0.621575,180,0,0,187922
0,0,1,0.5,-0.621575,180,0,0,187939
0,1,0,0.5,-0.62144,180,0,0,187956
0,1,2,0.5,-0.621305,180,0,0,187973
0,1,1,0.5,-0.62117,180,0,0,187989
0,0,0,0.5,-0.62117,180,0,0,188006
0,1,1,0.5,-0.621035,180,0,0,188023
0,1,0,0.5,-0.6209,180,0,0,188039
0,1,1,0.5,-0.620765,180,0,0,188056
0,1,1,0.5,-0.62063,180,0,0,188072
0,1,0,0.5,-0.620495,180,0,0,188089
-3,0,0,0.5,-0.620495,180,0,0,188106
0,1,1,0.5,-0.62036,180,0,0,188124
2,0,0,0.5,-0.62036,180,0,0,188139
0,0,0,0.5,-0.62036,180,0,0,188155
0,0,0,0.5,-0.62036,180,0,0,188172
1,1,0,0.5,-0.620225,180,0,0,188189
0,0,1,0.5,-0.620225,180,0,0,188206
0,0,0,0.5,-0.620225,180,0,0,188222
0,1,0,0.5,-0.62009,180,0,0,188239
-3,0,0,0.5,-0.62009,180,0,0,188256
0,1,0,0.5,-0.619955,180,0,0,188272
2,0,0,0.5,-0.619955,180,0,0,188289
0,0,0,0.5,-0.619955,180,0,0,188306
0,0,0,0.5,-0.619955,180,0,0,188322
0,1,0,0.5,-0.61982,180,0,0,188339
0,0,0,0.5,-0.61982,180,0,0,188355
0,0,0,0.5,-0.61982,180,0,0,188372
0,0,0,0.5,-0.61982,180,0,0,188388
0,1,0,0.5,-0.619685,180,0,0,188405
0,0,0,0.5,-0.619685,180,0,0,188422
0,1,0,0.5,-0.61955,180,0,0,188439
0,0,0,0.5,-0.61955,180,0,0,188455
0,1,0,0.5,-0.619415,180,0,0,188472
0,0,0,0.5,-0.619415,180,0,0,188488
0,0,0,0.5,-0.619415,180,0,0,188505
0,0,0,0.5,-0.619415,180,0,0,188522
0,0,0,0.5,-0.619415,180,0,0,188538
0,0,0,0.5,-0.619415,180,0,0,188555
0,0,0,0.5,-0.619415,180,0,0,188572
0,0,0,0.5,-0.619415,180,0,0,188588
0,0,0,0.5,-0.619415,180,0,0,188605
0,0,0,0.5,-0.619415,180,0,0,188622
0,0,0,0.5,-0.619415,180,0,0,188638
0,0,0,0.5,-0.619415,180,0,0,188655
0,0,0,0.5,-0.619415,180,0,0,188672
0,0,-1,0.5,-0.619415,180,0,0,188689
0,0,0,0.5,-0.619415,180,0,0,188705
0,0,0,0.5,-0.619415,180,0,0,188722
0,0,0,0.5,-0.619415,180,0,0,188739
0,-1,0,0.5,-0.61955,180,0,0,188756
0,0,0,0.5,-0.61955,180,0,0,188772
0,0,0,0.5,-0.61955,180,0,0,188789
-2,0,0,0.5,-0.61955,180,0,0,188805
3,0,0,0.5,-0.61955,180,0,0,188822
0,0,0,0.5,-0.61955,180,0,0,188838
0,0,0,0.5,-0.61955,180,0,0,188855
0,-1,0,0.5,-0.619685,180,0,0,188872
0,-1,0,0.5,-0.61982,180,0,0,188889
0,-3,-1,0.5,-0.620225,180,0,0,188905
0,-3,0,0.5,-0.62063,180,0,0,188922
0,-3,0,0.5,-0.621035,180,0,0,188939
0,-2,-1,0.5,-0.621305,180,0,0,188956
-1,-2,-2,0.5,-0.621575,180,0,0,188973
1,0,-2,0.5,-0.621575,180,0,0,188989
0,0,-1,0.5,-0.621575,180,0,0,189006
0,0,-1,0.5,-0.621575,180,0,0,189022
0,1,-1,0.5,-0.62144,180,0,0,189039
0,0,0,0.5,-0.62144,180,0,0,189055
0,1,-1,0.5,-0.621305,180,0,0,189072
0,1,0,0.5,-0.62117,180,0,0,189089
0,0,0,0.5,-0.62117,180,0,0,189105
0,3,0,0.5,-0.620765,180,0,0,189123
0,2,0,0.5,-0.620495,180,0,0,189139
0,5,1,0.5,-0.61982,180,0,0,189158
-3,16,1,0.5,-0.61766,180,0,0,189173
3,8,1,0.5,-0.61658,180,0,0,189190
1,8,2,0.5,-0.6155,180,0,0,189206
0,7,1,0.5,-0.614555,180,0,0,189222
0,1,0,0.5,-0.61442,180,0,0,189239
0,0,1,0.5,-0.61442,180,0,0,189256
2,-4,1,0.5,-0.61496,180,0,0,189272
0,0,0,0.5,-0.61496,180,0,0,189289
0,9,0,0.5,-0.613745,180,0,0,189305
0,19,-3,0.5,-0.61118,180,0,0,189323
0,23,-4,0.5,-0.608075,180,0,0,189341
-2,27,-4,0.5,-0.60443,180,0,0,189356
0,27,-4,0.5,-0.600785,180,0,0,189373
0,27,-2,0.5,-0.59714,180,0,0,189391
0,36,0,0.5,-0.59228,180,0,0,189407
0,45,0,0.5,-0.586205,180,0,0,189422
0,52,0,0.5,-0.579185,180,0,0,189439
1,56,0,0.5,-0.571625,180,0,0,189456
-2,52,-2,0.5,-0.564605,180,0,0,189473
3,48,1,0.5,-0.558125,180,0,0,189489
-1,51,0,0.5,-0.55124,180,0,0,189505
1,48,0,0.5,-0.54476,180,0,0,189522
0,51,-2,0.5,-0.537875,180,0,0,189541
0,55,-2,0.5,-0.53045,180,0,0,189556
1,56,-2,0.5,-0.52289,180,0,0,189573
0,58,-3,0.5,-0.51506,180,0,0,189590
0,110,-7,0.5,-0.50021,180,0,0,189607
0,52,-4,0.5,-0.49319,180,0,0,189624
0,51,-5,0.5,-0.486305,180,0,0,189641
0,51,-4,0.5,-0.47942,180,0,0,189656
0,55,-4,0.5,-0.471995,180,0,0,189673
0,58,-5,0.5,-0.464165,180,0,0,189691
0,59,-5,0.5,-0.4562,180,0,0,189706
0,57,-5,0.5,-0.448505,180,0,0,189724
0,61,-3,0.5,-0.44027,180,0,0,189742
0,58,-3,0.5,-0.43244,180,0,0,189756
0,52,-4,0.5,-0.42542,180,0,0,189775
4,53,-1,0.5,-0.418265,180,0,0,189789
0,56,-3,0.5,-0.410705,180,0,0,189806
0,55,-3,0.5,-0.40328,180,0,0,189823
-3,58,-5,0.5,-0.39545,180,0,0,189841
3,59,-2,0.5,-0.387485,180,0,0,189856
0,62,-1,0.5,-0.379115,180,0,0,189873
0,59,0,0.5,-0.37115,180,0,0,189889
0,64,0,0.5,-0.36251,180,0,0,189905
0,63,0,0.5,-0.354005,180,0,0,189923
0,63,-1,0.5,-0.3455,180,0,0,189941
0,63,-3,0.5,-0.336995,180,0,0,189957
0,129,-1,0.5,-0.31958,180,0,0,189974
0,65,0,0.5,-0.310805,180,0,0,189989
1,67,1,0.5,-0.30176,180,0,0,190006
0,65,-1,0.5,-0.292985,180,0,0,190023
0,68,0,0.5,-0.283805,180,0,0,190039
0,60,-1,0.5,-0.275705,180,0,0,190056
0,57,-2,0.5,-0.26801,180,0,0,190073
0,60,-1,0.5,-0.25991,180,0,0,190089
0,60,0,0.5,-0.25181,180,0,0,190106
0,64,0,0.5,-0.24317,180,0,0,190122
-3,63,0,0.5,-0.234665,180,0,0,190139
0,64,0,0.5,-0.226025,180,0,0,190155
0,63,0,0.5,-0.21752,180,0,0,190172
0,61,0,0.5,-0.209285,180,0,0,190189
0,62,1,0.5,-0.200915,180,0,0,190206
0,60,4,0.5,-0.192815,180,0,0,190223
0,64,5,0.5,-0.184175,180,0,0,190240
0,63,4,0.5,-0.17567,180,0,0,190257
0,64,4,0.5,-0.16703,180,0,0,190273
2,56,3,0.5,-0.15947,180,0,0,190290
-1,44,0,0.5,-0.15353,180,0,0,190306
0,36,3,0.5,-0.14867,180,0,0,190323
2,33,5,0.5,-0.144215,180,0,0,190341
0,36,4,0.5,-0.139355,180,0,0,190357
2,68,2,0.5,-0.130175,180,0,0,190373
-1,31,1,0.5,-0.12599,180,0,0,190392
4,20,1,0.5,-0.12329,180,0,0,190406
0,13,-2,0.5,-0.121535,180,0,0,190423
0,4,-1,0.5,-0.120995,180,0,0,190440
0,-1,-5,0.5,-0.12113,180,0,0,190457
0,-4,-3,0.5,-0.12167,180,0,0,190473
0,-7,-4,0.5,-0.122615,180,0,0,190492
0,-7,-4,0.5,-0.12356,180,0,0,190507
0,-6,-4,0.5,-0.12437,180,0,0,190523
0,-5,-4,0.5,-0.125045,180,0,0,190540
0,-3,-4,0.5,-0.12545,180,0,0,190556
2,-2,-2,0.5,-0.12572,180,0,0,190573
-2,0,-3,0.5,-0.12572,180,0,0,190591
0,1,-3,0.5,-0.125585,180,0,0,190606
-2,1,-5,0.5,-0.12545,180,0,0,190623
0,3,-1,0.5,-0.125045,180,0,0,190640
0,3,-2,0.5,-0.12464,180,0,0,190656
0,3,-1,0.5,-0.124235,180,0,0,190672
0,3,-1,0.5,-0.12383,180,0,0,190693
0,3,-1,0.5,-0.123425,180,0,0,190706
0,2,0,0.5,-0.123155,180,0,0,190723
0,1,0,0.5,-0.12302,180,0,0,190739
0,1,0,0.5,-0.122885,180,0,0,190756
0,0,0,0.5,-0.122885,180,0,0,190772
0,0,-2,0.5,-0.122885,180,0,0,190790
2,0,1,0.5,-0.122885,180,0,0,190806
0,0,0,0.5,-0.122885,180,0,0,190823
0,-1,0,0.5,-0.12302,180,0,0,190840
1,-3,-1,0.5,-0.123425,180,0,0,190856
0,-1,-1,0.5,-0.12356,180,0,0,190873
0,0,-1,0.5,-0.12356,180,0,0,190890
0,0,-1,0.5,-0.12356,180,0,0,190906
0,0,-1,0.5,-0.12356,180,0,0,190923
0,0,-1,0.5,-0.12356,180,0,0,190939
0,1,0,0.5,-0.123425,180,0,0,190955
0,0,-1,0.5,-0.123425,180,0,0,190972
0,0,0,0.5,-0.123425,180,0,0,190988
0,1,-1,0.5,-0.12329,180,0,0,191006
0,0,-1,0.5,-0.12329,180,0,0,191022
1,1,-1,0.5,-0.123155,180,0,0,191039
-2,0,0,0.5,-0.123155,180,0,0,191055
1,0,0,0.5,-0.123155,180,0,0,191072
2,0,0,0.5,-0.123155,180,0,0,191089
0,0,0,0.5,-0.123155,180,0,0,191105
1,0,1,0.5,-0.123155,180,0,0,191122
0,0,0,0.5,-0.123155,180,0,0,191138
2,0,0,0.5,-0.123155,180,0,0,191155
-6,0,-3,0.5,-0.123155,180,0,0,191173
0,-1,0,0.5,-0.12329,180,0,0,191189
0,0,0,0.5,-0.12329,180,0,0,191205
0,0,0,0.5,-0.12329,180,0,0,191222
3,0,1,0.5,-0.12329,180,0,0,191239
0,0,0,0.5,-0.12329,180,0,0,191255
0,0,0,0.5,-0.12329,180,0,0,191272
-4,0,-2,0.5,-0.12329,180,0,0,191290
2,1,0,0.5,-0.123155,180,0,0,191305
1,0,0,0.5,-0.123155,180,0,0,191322
0,0,0,0.5,-0.123155,180,0,0,191338
1,0,0,0.5,-0.123155,180,0,0,191355
0,0,0,0.5,-0.123155,180,0,0,191372
-2,0,0,0.5,-0.123155,180,0,0,191390
0,0,0,0.5,-0.123155,180,0,0,191405
0,0,0,0.5,-0.123155,180,0,0,191422
0,0,0,0.5,-0.123155,180,0,0,191438
0,0,0,0.5,-0.123155,180,0,0,191455
0,0,0,0.5,-0.123155,180,0,0,191472
0,0,0,0.5,-0.123155,180,0,0,191488
0,0,0,0.5,-0.123155,180,0,0,191505
0,0,0,0.5,-0.123155,180,0,0,191522
0,0,0,0.5,-0.123155,180,0,0,191538
0,0,0,0.5,-0.123155,180,0,0,191555
0,0,0,0.5,-0.123155,180,0,0,191572
-1,0,0,0.5,-0.123155,180,0,0,191589
3,2,1,0.5,-0.122885,180,0,0,191607
0,0,0,0.5,-0.122885,180,0,0,191622
0,1,0,0.5,-0.12275,180,0,0,191640
0,0,0,0.5,-0.12275,180,0,0,191657
1,0,0,0.5,-0.12275,180,0,0,191672
0,0,1,0.5,-0.12275,180,0,0,191689
0,0,0,0.5,-0.12275,180,0,0,191705
0,0,0,0.5,-0.12275,180,0,0,191722
0,0,0,0.5,-0.12275,180,0,0,191739
2,0,0,0.5,-0.12275,180,0,0,191755
0,1,0,0.5,-0.122615,180,0,0,191772
-3,0,0,0.5,-0.122615,180,0,0,191789
0,0,0,0.5,-0.122615,180,0,0,191805
-1,1,0,0.5,-0.12248,180,0,0,191822
0,0,0,0.5,-0.12248,180,0,0,191838
0,1,0,0.5,-0.122345,180,0,0,191855
0,0,0,0.5,-0.122345,180,0,0,191872
5,0,3,0.5,-0.122345,180,0,0,191889
0,0,0,0.5,-0.122345,180,0,0,191905
0,0,0,0.5,-0.122345,180,0,0,191922
0,1,0,0.5,-0.12221,180,0,0,191938
1,0,1,0.5,-0.12221,180,0,0,191957
0,0,0,0.5,-0.12221,180,0,0,191972
-3,1,0,0.5,-0.122075,180,0,0,191989
2,0,0,0.5,-0.122075,180,0,0,192006
0,0,0,0.5,-0.122075,180,0,0,192022
1,1,0,0.5,-0.12194,180,0,0,192039
0,0,0,0.5,-0.12194,180,0,0,192055
0,1,0,0.5,-0.121805,180,0,0,192072
0,0,1,0.5,-0.121805,180,0,0,192089
0,1,0,0.5,-0.12167,180,0,0,192105
0,0,0,0.5,-0.12167,180,0,0,192122
0,0,0,0.5,-0.12167,180,0,0,192138
0,1,0,0.5,-0.121535,180,0,0,192157
0,0,0,0.5,-0.121535,180,0,0,192173
0,0,0,0.5,-0.121535,180,0,0,192189
4,1,2,0.5,-0.1214,180,0,0,192206
-2,0,0,0.5,-0.1214,180,0,0,192222
-1,1,0,0.5,-0.121265,180,0,0,192238
0,0,0,0.5,-0.121265,180,0,0,192255
0,0,0,0.5,-0.121265,180,0,0,192272
0,1,0,0.5,-0.12113,180,0,0,192289
0,0,0,0.5,-0.12113,180,0,0,192305
0,1,1,0.5,-0.120995,180,0,0,192322
0,0,0,0.5,-0.120995,180,0,0,192338
3,1,1,0.5,-0.12086,180,0,0,192356
0,0,0,0.5,-0.12086,180,0,0,192372
0,0,0,0.5,-0.12086,180,0,0,192388
-3,1,0,0.5,-0.120725,180,0,0,192407
0,0,0,0.5,-0.120725,180,0,0,192422
3,1,0,0.5,-0.12059,180,0,0,192439
-3,0,0,0.5,-0.12059,180,0,0,192455
0,0,0,0.5,-0.12059,180,0,0,192472
-1,0,0,0.5,-0.12059,180,0,0,192490
2,1,0,0.5,-0.120455,180,0,0,192505
0,0,0,0.5,-0.120455,180,0,0,192522
0,0,0,0.5,-0.120455,180,0,0,192538
1,0,0,0.5,-0.120455,180,0,0,192555
0,0,0,0.5,-0.120455,180,0,0,192572
0,1,0,0.5,-0.12032,180,0,0,192589
0,0,0,0.5,-0.12032,180,0,0,192605
0,1,0,0.5,-0.120185,180,0,0,192622
0,0,0,0.5,-0.120185,180,0,0,192638
0,1,0,0.5,-0.12005,180,0,0,192655
1,0,1,0.5,-0.12005,180,0,0,192672
-2,0,0,0.5,-0.12005,180,0,0,192690
-1,0,0,0.5,-0.12005,180,0,0,192705
-1,1,0,0.5,-0.119915,180,0,0,192723
0,0,0,0.5,-0.119915,180,0,0,192740
0,0,0,0.5,-0.119915,180,0,0,192756
2,0,0,0.5,-0.119915,180,0,0,192772
0,0,0,0.5,-0.119915,180,0,0,192788
0,0,0,0.5,-0.119915,180,0,0,192805
0,1,0,0.5,-0.11978,180,0,0,192822
-4,0,-1,0.5,-0.11978,180,0,0,192839
0,0,0,0.5,-0.11978,180,0,0,192855
0,0,0,0.5,-0.11978,180,0,0,192872
0,0,-1,0.5,-0.11978,180,0,0,192889
2,0,0,0.5,-0.11978,180,0,0,192905
0,0,0,0.5,-0.11978,180,0,0,192922
0,0,0,0.5,-0.11978,180,0,0,192938
0,0,0,0.5,-0.11978,180,0,0,192955
-2,0,0,0.5,-0.11978,180,0,0,192972
0,1,0,0.5,-0.119645,180,0,0,192989
0,0,0,0.5,-0.119645,180,0,0,193005
0,0,0,0.5,-0.119645,180,0,0,193022
0,1,0,0.5,-0.11951,180,0,0,193040
0,0,0,0.5,-0.11951,180,0,0,193055
0,0,0,0.5,-0.11951,180,0,0,193072
0,0,0,0.5,-0.11951,180,0,0,193088
0,0,0,0.5,-0.11951,180,0,0,193105
0,0,0,0.5,-0.11951,180,0,0,193122
0,0,0,0.5,-0.11951,180,0,0,193138
0,0,0,0.5,-0.11951,180,0,0,193155
0,0,0,0.5,-0.11951,180,0,0,193172
0,0,0,0.5,-0.11951,180,0,0,193188
0,0,0,0.5,-0.11951,180,0,0,193205
-1,0,0,0.5,-0.11951,180,0,0,193223
0,0,0,0.5,-0.11951,180,0,0,193238
0,0,0,0.5,-0.11951,180,0,0,193255
0,0,0,0.5,-0.11951,180,0,0,193272
0,0,0,0.5,-0.11951,180,0,0,193288
0,0,0,0.5,-0.11951,180,0,0,193305
0,0,0,0.5,-0.11951,180,0,0,193322
0,0,0,0.5,-0.11951,180,0,0,193338
0,0,0,0.5,-0.11951,180,0,0,193355
2,0,-1,0.5,-0.11951,180,0,0,193372
1,0,0,0.5,-0.11951,180,0,0,193388
0,0,0,0.5,-0.11951,180,0,0,193405
0,0,0,0.5,-0.11951,180,0,0,193422
0,0,0,0.5,-0.11951,180,0,0,193438
1,0,0,0.5,-0.11951,180,0,0,193455
0,0,0,0.5,-0.11951,180,0,0,193472
-2,0,0,0.5,-0.11951,180,0,0,193488
0,0,0,0.5,-0.11951,180,0,0,193505
0,-1,0,0.5,-0.119645,180,0,0,193522
0,0,0,0.5,-0.119645,180,0,0,193538
0,0,0,0.5,-0.119645,180,0,0,193555
-1,0,0,0.5,-0.119645,180,0,0,193572
0,0,0,0.5,-0.119645,180,0,0,193588
0,0,0,0.5,-0.119645,180,0,0,193605
0,0,0,0.5,-0.119645,180,0,0,193622
0,0,0,0.5,-0.119645,180,0,0,193639
0,0,0,0.5,-0.119645,180,0,0,193655
0,0,0,0.5,-0.119645,180,0,0,193672
0,0,0,0.5,-0.119645,180,0,0,193689
0,0,0,0.5,-0.119645,180,0,0,193705
0,0,0,0.5,-0.119645,180,0,0,193722
0,-1,0,0.5,-0.11978,180,0,0,193740
0,0,0,0.5,-0.11978,180,0,0,193755
0,0,0,0.5,-0.11978,180,0,0,193772
0,0,0,0.5,-0.11978,180,0,0,193789
0,0,0,0.5,-0.11978,180,0,0,193805
0,0,0,0.5,-0.11978,180,0,0,193822
0,0,0,0.5,-0.11978,180,0,0,193838
0,0,0,0.5,-0.11978,180,0,0,193855
0,0,0,0.5,-0.11978,180,0,0,193872
0,0,0,0.5,-0.11978,180,0,0,193889
0,0,0,0.5,-0.11978,180,0,0,193905
0,0,0,0.5,-0.11978,180,0,0,193922
0,0,0,0.5,-0.11978,180,0,0,193938
0,0,0,0.5,-0.11978,180,0,0,193955
0,-1,0,0.5,-0.119915,180,0,0,193972
0,0,0,0.5,-0.119915,180,0,0,193989
0,0,0,0.5,-0.119915,180,0,0,194005
0,0,0,0.5,-0.119915,180,0,0,194022
0,0,0,0.5,-0.119915,180,0,0,194038
0,0,0,0.5,-0.119915,180,0,0,194055
0,0,0,0.5,-0.119915,180,0,0,194072
0,0,0,0.5,-0.119915,180,0,0,194088
0,0,0,0.5,-0.119915,180,0,0,194105
0,0,0,0.5,-0.119915,180,0,0,194122
0,0,0,0.5,-0.119915,180,0,0,194139
0,0,0,0.5,-0.119915,180,0,0,194155
0,0,0,0.5,-0.119915,180,0,0,194172
0,0,0,0.5,-0.119915,180,0,0,194189
0,0,0,0.5,-0.119915,180,0,0,194205
0,0,0,0.5,-0.119915,180,0,0,194222
0,0,0,0.5,-0.119915,180,0,0,194238
0,0,0,0.5,-0.119915,180,0,0,194255
0,0,0,0.5,-0.119915,180,0,0,194272
0,-1,0,0.5,-0.12005,180,0,0,194289
2,0,1,0.5,-0.12005,180,0,0,194305
0,0,-1,0.5,-0.12005,180,0,0,194322
0,0,-1,0.5,-0.12005,180,0,0,194340
0,0,0,0.5,-0.12005,180,0,0,194355
0,0,0,0.5,-0.12005,180,0,0,194372
0,0,1,0.5,-0.12005,180,0,0,194389
0,0,0,0.5,-0.12005,180,0,0,194405
0,0,0,0.5,-0.12005,180,0,0,194422
2,0,0,0.5,-0.12005,180,0,0,194439
0,0,0,0.5,-0.12005,180,0,0,194455
0,0,0,0.5,-0.12005,180,0,0,194472
0,-1,0,0.5,-0.120185,180,0,0,194489
0,0,0,0.5,-0.120185,180,0,0,194505
1,0,0,0.5,-0.120185,180,0,0,194522
-2,0,0,0.5,-0.120185,180,0,0,194539
0,0,0,0.5,-0.120185,180,0,0,194555
0,0,0,0.5,-0.120185,180,0,0,194572
0,0,0,0.5,-0.120185,180,0,0,194588
0,0,0,0.5,-0.120185,180,0,0,194605
0,0,0,0.5,-0.120185,180,0,0,194622
-2,0,-1,0.5,-0.120185,180,0,0,194639
0,0,0,0.5,-0.120185,180,0,0,194655
0,0,0,0.5,-0.120185,180,0,0,194672
0,0,0,0.5,-0.120185,180,0,0,194688
0,0,0,0.5,-0.120185,180,0,0,194705
0,0,0,0.5,-0.120185,180,0,0,194722
0,0,0,0.5,-0.120185,180,0,0,194738
0,0,0,0.5,-0.120185,180,0,0,194755
0,0,0,0.5,-0.120185,180,0,0,194771
0,0,0,0.5,-0.120185,180,0,0,194788
0,0,0,0.5,-0.120185,180,0,0,194805
0,0,0,0.5,-0.120185,180,0,0,194822
0,0,0,0.5,-0.120185,180,0,0,194838
0,0,0,0.5,-0.120185,180,0,0,194855
0,0,0,0.5,-0.120185,180,0,0,194871
0,0,0,0.5,-0.120185,180,0,0,194888
0,0,0,0.5,-0.120185,180,0,0,194905
0,0,0,0.5,-0.120185,180,0,0,194922
0,0,0,0.5,-0.120185,180,0,0,194938
0,0,0,0.5,-0.120185,180,0,0,194955
0,0,0,0.5,-0.120185,180,0,0,194971
0,0,0,0.5,-0.120185,180,0,0,194988
0,1,0,0.5,-0.12005,180,0,0,195005
0,0,0,0.5,-0.12005,180,0,0,195021
0,0,0,0.5,-0.12005,180,0,0,195038
0,0,0,0.5,-0.12005,180,0,0,195055
0,0,0,0.5,-0.12005,180,0,0,195072
0,0,0,0.5,-0.12005,180,0,0,195088
-1,0,0,0.5,-0.12005,180,0,0,195105
0,0,0,0.5,-0.12005,180,0,0,195122
0,0,0,0.5,-0.12005,180,0,0,195138
2,0,0,0.5,-0.12005,180,0,0,195155
0,0,0,0.5,-0.12005,180,0,0,195172
0,0,0,0.5,-0.12005,180,0,0,195188
0,0,0,0.5,-0.12005,180,0,0,195205
0,0,0,0.5,-0.12005,180,0,0,195221
0,0,1,0.5,-0.12005,180,0,0,195239
0,0,0,0.5,-0.12005,180,0,0,195255
-3,0,0,0.5,-0.12005,180,0,0,195272
0,0,0,0.5,-0.12005,180,0,0,195289
0,0,0,0.5,-0.12005,180,0,0,195305
0,0,0,0.5,-0.12005,180,0,0,195322
0,0,0,0.5,-0.12005,180,0,0,195338
0,0,0,0.5,-0.12005,180,0,0,195355
0,1,0,0.5,-0.119915,180,0,0,195372
0,0,0,0.5,-0.119915,180,0,0,195388
-1,0,0,0.5,-0.119915,180,0,0,195405
0,0,0,0.5,-0.119915,180,0,0,195422
0,0,0,0.5,-0.119915,180,0,0,195438
0,0,0,0.5,-0.119915,180,0,0,195455
2,0,0,0.5,-0.119915,180,0,0,195473
0,0,0,0.5,-0.119915,180,0,0,195488
0,0,0,0.5,-0.119915,180,0,0,195505
0,0,0,0.5,-0.119915,180,0,0,195522
0,0,0,0.5,-0.119915,180,0,0,195539
0,0,0,0.5,-0.119915,180,0,0,195555
0,0,0,0.5,-0.119915,180,0,0,195572
0,0,0,0.5,-0.119915,180,0,0,195588
0,0,0,0.5,-0.119915,180,0,0,195605
0,0,0,0.5,-0.119915,180,0,0,195621
0,0,0,0.5,-0.119915,180,0,0,195638
0,0,0,0.5,-0.119915,180,0,0,195655
0,0,0,0.5,-0.119915,180,0,0,195672
4,0,3,0.5,-0.119915,180,0,0,195690
0,0,0,0.5,-0.119915,180,0,0,195705
0,0,0,0.5,-0.119915,180,0,0,195722
0,0,0,0.5,-0.119915,180,0,0,195739
0,1,0,0.5,-0.11978,180,0,0,195756
0,0,0,0.5,-0.11978,180,0,0,195772
0,0,0,0.5,-0.11978,180,0,0,195788
0,0,0,0.5,-0.11978,180,0,0,195805
0,0,0,0.5,-0.11978,180,0,0,195822
0,0,0,0.5,-0.11978,180,0,0,195839
0,0,0,0.5,-0.11978,180,0,0,195855
0,0,0,0.5,-0.11978,180,0,0,195871
0,0,0,0.5,-0.11978,180,0,0,195888
0,0,0,0.5,-0.11978,180,0,0,195905
0,1,0,0.5,-0.119645,180,0,0,195922
0,0,0,0.5,-0.119645,180,0,0,195938
0,0,0,0.5,-0.119645,180,0,0,195955
0,0,0,0.5,-0.119645,180,0,0,195972
0,0,0,0.5,-0.119645,180,0,0,195988
0,0,0,0.5,-0.119645,180,0,0,196005
0,0,0,0.5,-0.119645,180,0,0,196022
0,0,0,0.5,-0.119645,180,0,0,196038
0,0,0,0.5,-0.119645,180,0,0,196055
0,0,0,0.5,-0.119645,180,0,0,196072
0,0,0,0.5,-0.119645,180,0,0,196088
0,0,0,0.5,-0.119645,180,0,0,196105
0,0,0,0.5,-0.119645,180,0,0,196122
0,0,0,0.5,-0.119645,180,0,0,196138
0,0,0,0.5,-0.119645,180,0,0,196155
0,0,0,0.5,-0.119645,180,0,0,196171
0,0,-1,0.5,-0.119645,180,0,0,196188
0,0,0,0.5,-0.119645,180,0,0,196205
0,0,0,0.5,-0.119645,180,0,0,196221
0,0,0,0.5,-0.119645,180,0,0,196238
0,0,0,0.5,-0.119645,180,0,0,196255
0,0,0,0.5,-0.119645,180,0,0,196271
0,0,0,0.5,-0.119645,180,0,0,196288
0,0,0,0.5,-0.119645,180,0,0,196305
0,0,0,0.5,-0.119645,180,0,0,196321
0,0,0,0.5,-0.119645,180,0,0,196338
0,0,0,0.5,-0.119645,180,0,0,196355
0,0,0,0.5,-0.119645,180,0,0,196371
0,0,0,0.5,-0.119645,180,0,0,196388
0,0,0,0.5,-0.119645,180,0,0,196405
1,0,0,0.5,-0.119645,180,0,0,196422
0,0,0,0.5,-0.119645,180,0,0,196439
0,0,0,0.5,-0.119645,180,0,0,196455
0,0,0,0.5,-0.119645,180,0,0,196471
0,0,0,0.5,-0.119645,180,0,0,196488
0,0,0,0.5,-0.119645,180,0,0,196505
0,0,0,0.5,-0.119645,180,0,0,196521
0,0,0,0.5,-0.119645,180,0,0,196538
0,0,0,0.5,-0.119645,180,0,0,196555
0,0,0,0.5,-0.119645,180,0,0,196571
0,0,0,0.5,-0.119645,180,0,0,196588
0,0,0,0.5,-0.119645,180,0,0,196605
0,0,0,0.5,-0.119645,180,0,0,196621
0,0,0,0.5,-0.119645,180,0,0,196638
0,0,0,0.5,-0.119645,180,0,0,196655
0,0,0,0.5,-0.119645,180,0,0,196671
0,0,0,0.5,-0.119645,180,0,0,196688
0,0,0,0.5,-0.119645,180,0,0,196705
0,0,0,0.5,-0.119645,180,0,0,196721
0,0,0,0.5,-0.119645,180,0,0,196738
0,0,0,0.5,-0.119645,180,0,0,196755
1,0,1,0.5,-0.119645,180,0,0,196772
0,0,0,0.5,-0.119645,180,0,0,196789
0,0,0,0.5,-0.119645,180,0,0,196805
0,0,0,0.5,-0.119645,180,0,0,196822
0,0,0,0.5,-0.119645,180,0,0,196838
0,0,-1,0.5,-0.119645,180,0,0,196856
0,0,0,0.5,-0.119645,180,0,0,196872
0,0,0,0.5,-0.119645,180,0,0,196888
0,0,0,0.5,-0.119645,180,0,0,196905
0,0,0,0.5,-0.119645,180,0,0,196922
0,0,0,0.5,-0.119645,180,0,0,196938
0,0,0,0.5,-0.119645,180,0,0,196956
0,0,0,0.5,-0.119645,180,0,0,196971
0,0,0,0.5,-0.119645,180,0,0,196988
0,0,0,0.5,-0.119645,180,0,0,197005
0,0,0,0.5,-0.119645,180,0,0,197022
0,0,0,0.5,-0.119645,180,0,0,197039
0,0,0,0.5,-0.119645,180,0,0,197055
0,0,0,0.5,-0.119645,180,0,0,197072
0,0,0,0.5,-0.119645,180,0,0,197088
0,0,0,0.5,-0.119645,180,0,0,197105
0,0,-1,0.5,-0.119645,180,0,0,197122
0,0,0,0.5,-0.119645,180,0,0,197138
0,0,0,0.5,-0.119645,180,0,0,197155
0,0,0,0.5,-0.119645,180,0,0,197172
0,0,0,0.5,-0.119645,180,0,0,197188
0,0,0,0.5,-0.119645,180,0,0,197205
0,0,0,0.5,-0.119645,180,0,0,197221
0,0,0,0.5,-0.119645,180,0,0,197238
0,0,0,0.5,-0.119645,180,0,0,197255
0,0,0,0.5,-0.119645,180,0,0,197271
0,0,0,0.5,-0.119645,180,0,0,197288
0,0,0,0.5,-0.119645,180,0,0,197305
0,0,0,0.5,-0.119645,180,0,0,197321
0,0,0,0.5,-0.119645,180,0,0,197338
0,0,0,0.5,-0.119645,180,0,0,197355
0,0,0,0.5,-0.119645,180,0,0,197371
0,0,0,0.5,-0.119645,180,0,0,197388
0,0,0,0.5,-0.119645,180,0,0,197405
0,0,0,0.5,-0.119645,180,0,0,197421
0,0,0,0.5,-0.119645,180,0,0,197438
0,0,0,0.5,-0.119645,180,0,0,197455
0,0,0,0.5,-0.119645,180,0,0,197471
0,0,0,0.5,-0.119645,180,0,0,197488
0,0,0,0.5,-0.119645,180,0,0,197505
0,0,0,0.5,-0.119645,180,0,0,197521
0,0,0,0.5,-0.119645,180,0,0,197538
0,0,0,0.5,-0.119645,180,0,0,197555
0,1,0,0.5,-0.11951,180,0,0,197572
0,0,0,0.5,-0.11951,180,0,0,197588
0,1,0,0.5,-0.119375,180,0,0,197605
0,4,1,0.5,-0.118835,180,0,0,197622
0,8,0,0.5,-0.117755,180,0,0,197638
-2,16,0,0.5,-0.115595,180,0,0,197655
0,23,-1,0.5,-0.11249,180,0,0,197672
0,29,-1,0.5,-0.108575,180,0,0,197689
0,37,-4,0.5,-0.10358,180,0,0,197707
0,36,-5,0.5,-0.09872,180,0,0,197725
0,39,-7,0.5,-0.093455,180,0,0,197743
0,38,-8,0.5,-0.088325,180,0,0,197760
0,37,-8,0.5,-0.08333,180,0,0,197777
0,37,-7,0.5,-0.078335,180,0,0,197792
0,37,-7,0.5,-0.07334,180,0,0,197811
0,79,-17,0.5,-0.062675,180,0,0,197834
0,0,0,0.5,-0.062675,180,0,0,197839
0,41,-11,0.5,-0.05714,180,0,0,197865
0,38,-10,0.5,-0.05201,180,0,0,197874
0,38,-9,0.5,-0.04688,180,0,0,197893
1,42,-11,0.5,-0.04121,180,0,0,197907
0,46,-9,0.5,-0.035,180,0,0,197929
0,44,-9,0.5,-0.02906,180,0,0,197941
0,45,-9,0.5,-0.022985,180,0,0,197957
1,92,-13,0.5,-0.010565,180,0,0,197977
-1,53,-10,0.5,-0.00341,180,0,0,197993
0,23,-4,0.5,-0.000305,180,0,0,198007
0,52,-11,0.5,0.006715,180,0,0,198025
-4,53,-14,0.5,0.01387,180,0,0,198042
-1,49,-13,0.5,0.020485,180,0,0,198058
0,46,-12,0.5,0.026695,180,0,0,198077
0,43,-11,0.5,0.0325,180,0,0,198092
0,49,-12,0.5,0.039115,180,0,0,198108
0,52,-11,0.5,0.046135,180,0,0,198125
0,53,-11,0.5,0.05329,180,0,0,198141
4,30,-1,0.5,0.05734,180,0,0,198156
0,2,1,0.5,0.05761,180,0,0,198173
0,-1,-1,0.5,0.057475,180,0,0,198189
0,50,-11,0.5,0.064225,180,0,0,198207
0,41,-8,0.5,0.06976,180,0,0,198226
0,43,-7,0.5,0.075565,180,0,0,198241
1,64,-8,0.5,0.084205,180,0,0,198257
0,65,-9,0.5,0.09298,180,0,0,198274
0,64,-11,0.5,0.10162,180,0,0,198293
2,62,-15,0.5,0.10999,180,0,0,198324
2,120,-30,0.5,0.12619,180,0,0,198336
0,58,-11,0.5,0.13402,180,0,0,198347
0,0,0,0.5,0.13402,180,0,0,198355
-2,121,-19,0.5,0.150355,180,0,0,198377
0,58,-10,0.5,0.158185,180,0,0,198391
0,41,-7,0.5,0.16372,180,0,0,198409
0,49,-18,0.5,0.170335,180,0,0,198426
0,47,-18,0.5,0.17668,180,0,0,198444
1,49,-18,0.5,0.183295,180,0,0,198460
0,48,-17,0.5,0.189775,180,0,0,198483
0,44,-13,0.5,0.195715,180,0,0,198498
-2,45,-12,0.5,0.20179,180,0,0,198509
4,45,-10,0.5,0.207865,180,0,0,198524
1,30,-6,0.5,0.211915,180,0,0,198540
0,47,-16,0.5,0.21826,180,0,0,198560
-4,48,-19,0.5,0.22474,180,0,0,198576
1,47,-16,0.5,0.231085,180,0,0,198592
0,51,-15,0.5,0.23797,180,0,0,198610
-1,54,-12,0.5,0.24526,180,0,0,198625
0,58,-8,0.5,0.25309,180,0,0,198641
2,57,-6,0.5,0.260785,180,0,0,198658
2,56,-6,0.5,0.268345,180,0,0,198673
-2,51,-10,0.5,0.27523,180,0,0,198691
0,47,-13,0.5,0.281575,180,0,0,198709
0,43,-16,0.5,0.28738,180,0,0,198728
-1,45,-17,0.5,0.293455,180,0,0,198745
0,42,-14,0.5,0.299125,180,0,0,198758
0,41,-9,0.5,0.30466,180,0,0,198774
2,83,-14,0.5,0.315865,180,0,0,198795
0,39,-9,0.5,0.32113,180,0,0,198809
0,31,-7,0.5,0.325315,180,0,0,198823
-2,21,-9,0.5,0.32815,180,0,0,198840
-4,17,-11,0.5,0.330445,180,0,0,198858
4,14,-9,0.5,0.332335,180,0,0,198874
1,11,-11,0.5,0.33382,180,0,0,198891
0,7,-13,0.5,0.334765,180,0,0,198909
0,7,-13,0.5,0.33571,180,0,0,198926
0,6,-11,0.5,0.33652,180,0,0,198941
0,2,-11,0.5,0.33679,180,0,0,198958
0,1,-11,0.5,0.336925,180,0,0,198975
0,-1,-11,0.5,0.33679,180,0,0,198992
0,-4,-10,0.5,0.33625,180,0,0,199010
0,-5,-11,0.5,0.335575,180,0,0,199027
0,-4,-11,0.5,0.335035,180,0,0,199044
0,-1,-11,0.5,0.3349,180,0,0,199058
0,0,-11,0.5,0.3349,180,0,0,199081
0,0,-10,0.5,0.3349,180,0,0,199097
-3,1,-16,0.5,0.335035,180,0,0,199114
0,0,0,0.5,0.335035,180,0,0,199122
0,-4,-7,0.5,0.334495,180,0,0,199140
0,-15,-11,0.5,0.33247,180,0,0,199159
1,-7,-20,0.5,0.331525,180,0,0,199177
0,-1,-16,0.5,0.33139,180,0,0,199194
0,4,-10,0.5,0.33193,180,0,0,199208
0,12,-7,0.5,0.33355,180,0,0,199224
0,19,-6,0.5,0.336115,180,0,0,199240
0,27,-5,0.5,0.33976,180,0,0,199258
0,29,-6,0.5,0.343675,180,0,0,199273
0,31,-4,0.5,0.34786,180,0,0,199289
1,31,-3,0.5,0.352045,180,0,0,199306
-4,29,-8,0.5,0.35596,180,0,0,199325
0,32,-9,0.5,0.36028,180,0,0,199341
7,34,-7,0.5,0.36487,180,0,0,199358
-3,36,-12,0.5,0.36973,180,0,0,199375
4,39,-8,0.5,0.374995,180,0,0,199391
-4,44,-14,0.5,0.380935,180,0,0,199409
0,43,-10,0.5,0.38674,180,0,0,199424
0,39,-9,0.5,0.392005,180,0,0,199441
0,38,-10,0.5,0.397135,180,0,0,199458
0,32,-9,0.5,0.401455,180,0,0,199475
0,31,-10,0.5,0.40564,180,0,0,199493
3,29,-7,0.5,0.409555,180,0,0,199507
0,23,-11,0.5,0.41266,180,0,0,199524
4,16,-7,0.5,0.41482,180,0,0,199540
-1,12,-8,0.5,0.41644,180,0,0,199558
1,9,-13,0.5,0.417655,180,0,0,199575
0,-2,-19,0.5,0.417385,180,0,0,199594
4,-5,-8,0.5,0.41671,180,0,0,199612
0,-8,-8,0.5,0.41563,180,0,0,199624
0,-7,-9,0.5,0.414685,180,0,0,199643
1,-8,-9,0.5,0.413605,180,0,0,199658
0,-4,-9,0.5,0.413065,180,0,0,199674
-1,-1,-10,0.5,0.41293,180,0,0,199692
3,2,-10,0.5,0.4132,180,0,0,199708
0,5,-12,0.5,0.413875,180,0,0,199725
0,7,-11,0.5,0.41482,180,0,0,199743
1,11,-17,0.5,0.416305,180,0,0,199759
0,14,-18,0.5,0.418195,180,0,0,199778
0,15,-20,0.5,0.42022,180,0,0,199794
1,17,-19,0.5,0.422515,180,0,0,199809
0,16,-19,0.5,0.424675,180,0,0,199826
0,20,-20,0.5,0.427375,180,0,0,199845
0,24,-19,0.5,0.430615,180,0,0,199859
2,25,-15,0.5,0.43399,180,0,0,199878
-3,29,-18,0.5,0.437905,180,0,0,199893
0,29,-16,0.5,0.44182,180,0,0,199908
0,15,-7,0.5,0.443845,180,0,0,199925
0,29,-13,0.5,0.44776,180,0,0,199945
0,29,-12,0.5,0.451675,180,0,0,199958
0,1,0,0.5,0.45181,180,0,0,199972
0,65,-26,0.5,0.460585,180,0,0,199999
3,38,-12,0.5,0.465715,180,0,0,200013
1,38,-14,0.5,0.470845,180,0,0,200025
-2,8,-3,0.5,0.471925,180,0,0,200043
3,22,-4,0.5,0.474895,180,0,0,200057
1,34,-10,0.5,0.479485,180,0,0,200076
0,31,-10,0.5,0.48367,180,0,0,200091
0,28,-10,0.5,0.48745,180,0,0,200108
0,26,-10,0.5,0.49096,180,0,0,200124
0,19,-10,0.5,0.493525,180,0,0,200141
0,15,-10,0.5,0.49555,180,0,0,200161
1,5,-8,0.5,0.496225,180,0,0,200174
0,2,-10,0.5,0.496495,180,0,0,200191
0,0,-8,0.5,0.496495,180,0,0,200207
0,0,-9,0.5,0.496495,180,0,0,200224
0,0,-9,0.5,0.496495,180,0,0,200242
0,4,-5,0.5,0.497035,180,0,0,200256
0,9,-6,0.5,0.49825,180,0,0,200274
0,12,-3,0.5,0.49987,180,0,0,200289
1,16,0,0.5,0.50203,180,0,0,200305
0,25,0,0.5,0.505405,180,0,0,200322
0,29,2,0.5,0.50932,180,0,0,200339
-2,28,3,0.5,0.5131,180,0,0,200356
0,43,7,0.5,0.518905,180,0,0,200380
0,14,0,0.5,0.520795,180,0,0,200391
0,13,-2,0.5,0.52255,180,0,0,200405
0,16,-6,0.5,0.52471,180,0,0,200423
0,21,-6,0.5,0.527545,180,0,0,200442
0,31,-8,0.5,0.53173,180,0,0,200458
0,38,-7,0.5,0.53686,180,0,0,200474
0,46,-7,0.5,0.54307,180,0,0,200491
0,50,-4,0.5,0.54982,180,0,0,200506
0,53,-1,0.5,0.556975,180,0,0,200522
0,51,-1,0.5,0.56386,180,0,0,200539
0,47,0,0.5,0.570205,180,0,0,200555
0,41,0,0.5,0.57574,180,0,0,200572
0,37,-1,0.5,0.580735,180,0,0,200590
4,36,-1,0.5,0.585595,180,0,0,200606
0,38,-6,0.5,0.590725,180,0,0,200624
0,38,-8,0.5,0.595855,180,0,0,200641
0,33,-8,0.5,0.60031,180,0,0,200659
0,28,-7,0.5,0.60409,180,0,0,200675
-3,21,-6,0.5,0.606925,180,0,0,200692
7,16,-4,0.5,0.609085,180,0,0,200709
-1,10,-7,0.5,0.610435,180,0,0,200726
0,7,-8,0.5,0.61138,180,0,0,200744
6,2,-5,0.5,0.61165,180,0,0,200756
1,-2,-8,0.5,0.61138,180,0,0,200775
0,-5,-14,0.5,0.610705,180,0,0,200796
5,-5,-5,0.5,0.61003,180,0,0,200806
0,-5,-7,0.5,0.609355,180,0,0,200824
0,-2,-7,0.5,0.609085,180,0,0,200842
0,0,-6,0.5,0.609085,180,0,0,200856
0,3,-7,0.5,0.60949,180,0,0,200877
0,5,-4,0.5,0.610165,180,0,0,200890
0,6,-4,0.5,0.610975,180,0,0,200906
0,7,-2,0.5,0.61192,180,0,0,200922
0,7,0,0.5,0.612865,180,0,0,200939
0,9,0,0.5,0.61408,180,0,0,200955
0,9,3,0.5,0.615295,180,0,0,200972
0,8,4,0.5,0.616375,180,0,0,200990
0,9,6,0.5,0.61759,180,0,0,201006
0,7,6,0.5,0.618535,180,0,0,201023
0,4,9,0.5,0.619075,180,0,0,201040
1,-4,9,0.5,0.618535,180,0,0,201058
0,-10,9,0.5,0.617185,180,0,0,201074
0,-13,8,0.5,0.61543,180,0,0,201091
0,-9,6,0.5,0.614215,180,0,0,201107
0,-5,5,0.5,0.61354,180,0,0,201123
0,1,4,0.5,0.613675,180,0,0,201140
0,6,5,0.5,0.614485,180,0,0,201159
0,11,4,0.5,0.61597,180,0,0,201173
0,26,8,0.5,0.61948,180,0,0,201190
-1,16,1,0.5,0.62164,180,0,0,201206
8,23,6,0.5,0.624745,180,0,0,201224
-4,29,-3,0.5,0.62866,180,0,0,201240
-1,35,0,0.5,0.633385,180,0,0,201255
0,40,0,0.5,0.638785,180,0,0,201272
0,37,0,0.5,0.64378,180,0,0,201288
0,35,1,0.5,0.648505,180,0,0,201305
-5,31,1,0.5,0.65269,180,0,0,201322
0,25,6,0.5,0.656065,180,0,0,201340
0,26,8,0.5,0.659575,180,0,0,201357
0,23,9,0.5,0.66268,180,0,0,201376
0,25,10,0.5,0.666055,180,0,0,201391
0,27,7,0.5,0.6697,180,0,0,201406
0,27,3,0.5,0.673345,180,0,0,201428
0,30,0,0.5,0.677395,180,0,0,201438
0,33,-3,0.5,0.68185,180,0,0,201455
0,33,-5,0.5,0.686305,180,0,0,201473
0,30,-6,0.5,0.690355,180,0,0,201490
0,24,-5,0.5,0.693595,180,0,0,201506
0,18,-2,0.5,0.696025,180,0,0,201524
0,15,0,0.5,0.69805,180,0,0,201538
0,17,3,0.5,0.700345,180,0,0,201556
0,24,7,0.5,0.703585,180,0,0,201573
0,83,28,0.5,0.71,180,0,0,201596
