0,0,0,0.5,-0.71,180,0,0,7311
26,-4,0,0.5,-0.71,180,0,0,8910
0,0,0,0.5,-0.71,180,0,0,8914
0,0,0,0.5,-0.71,180,0,0,8925
0,0,0,0.5,-0.71,180,0,0,8942
0,0,0,0.5,-0.71,180,0,0,8958
0,0,0,0.5,-0.71,180,0,0,8975
0,0,0,0.5,-0.71,180,0,0,8992
0,0,0,0.5,-0.71,180,0,0,9008
0,0,0,0.5,-0.71,180,0,0,9026
0,0,0,0.5,-0.71,180,0,0,9062
0,0,0,0.5,-0.71,180,0,0,9070
0,0,0,0.5,-0.71,180,0,0,9078
0,0,0,0.5,-0.71,180,0,0,9095
0,0,0,0.5,-0.71,180,0,0,9112
0,0,0,0.5,-0.71,180,0,0,9128
0,0,0,0.5,-0.71,180,0,0,9145
0,0,0,0.5,-0.71,180,0,0,9162
0,0,0,0.5,-0.71,180,0,0,9178
0,0,0,0.5,-0.71,180,0,0,9195
0,0,0,0.5,-0.71,180,0,0,9212
0,0,0,0.5,-0.71,180,0,0,9228
0,0,0,0.5,-0.71,180,0,0,9245
0,0,0,0.5,-0.71,180,0,0,9262
0,0,0,0.5,-0.71,180,0,0,9278
0,0,0,0.5,-0.71,180,0,0,9295
0,0,0,0.5,-0.71,180,0,0,9312
0,0,0,0.5,-0.71,180,0,0,9328
0,0,0,0.5,-0.71,180,0,0,9345
0,0,0,0.5,-0.71,180,0,0,9362
0,0,0,0.5,-0.71,180,0,0,9378
0,0,0,0.5,-0.71,180,0,0,9395
0,0,0,0.5,-0.71,180,0,0,9412
0,0,0,0.5,-0.71,180,0,0,9428
0,0,0,0.5,-0.71,180,0,0,9445
0,0,0,0.5,-0.71,180,0,0,9462
0,0,0,0.5,-0.71,180,0,0,9478
0,0,0,0.5,-0.71,180,0,0,9495
0,0,0,0.5,-0.71,180,0,0,9512
0,0,0,0.5,-0.71,180,0,0,9528
0,0,0,0.5,-0.71,180,0,0,9545
0,0,0,0.5,-0.71,180,0,0,9562
0,0,0,0.5,-0.71,180,0,0,9578
0,0,0,0.5,-0.71,180,0,0,9595
0,0,0,0.5,-0.71,180,0,0,9612
0,0,0,0.5,-0.71,180,0,0,9628
0,0,0,0.5,-0.71,180,0,0,9645
0,0,0,0.5,-0.71,180,0,0,9662
0,0,0,0.5,-0.71,180,0,0,9678
0,0,0,0.5,-0.71,180,0,0,9695
0,0,0,0.5,-0.71,180,0,0,9712
0,0,0,0.5,-0.71,180,0,0,9728
0,0,0,0.5,-0.71,180,0,0,9745
0,0,0,0.5,-0.71,180,0,0,9762
0,0,0,0.5,-0.71,180,0,0,9778
0,0,0,0.5,-0.71,180,0,0,9795
0,0,0,0.5,-0.71,180,0,0,9812
0,0,0,0.5,-0.71,180,0,0,9828
0,0,0,0.5,-0.71,180,0,0,9845
0,0,0,0.5,-0.71,180,0,0,9862
0,0,0,0.5,-0.71,180,0,0,9878
0,0,0,0.5,-0.71,180,0,0,9895
0,0,0,0.5,-0.71,180,0,0,9912
0,0,0,0.5,-0.71,180,0,0,9928
0,0,0,0.5,-0.71,180,0,0,9947
0,0,0,0.5,-0.71,180,0,0,9962
0,0,0,0.5,-0.71,180,0,0,9978
0,0,0,0.5,-0.71,180,0,0,9996
0,0,0,0.5,-0.71,180,0,0,10012
0,0,0,0.5,-0.71,180,0,0,10096
0,0,0,0.5,-0.71,180,0,0,10101
0,0,0,0.5,-0.71,180,0,0,10112
0,0,0,0.5,-0.71,180,0,0,10129
0,0,0,0.5,-0.71,180,0,0,10145
0,0,0,0.5,-0.71,180,0,0,10162
0,0,0,0.5,-0.71,180,0,0,10179
0,0,0,0.5,-0.71,180,0,0,10195
0,0,0,0.5,-0.71,180,0,0,10212
0,0,0,0.5,-0.71,180,0,0,10229
0,0,0,0.5,-0.71,180,0,0,10245
0,0,0,0.5,-0.71,180,0,0,10262
0,0,0,0.5,-0.71,180,0,0,10279
0,0,0,0.5,-0.71,180,0,0,10295
0,0,0,0.5,-0.71,180,0,0,10312
0,0,0,0.5,-0.71,180,0,0,10329
0,0,0,0.5,-0.71,180,0,0,10345
0,0,0,0.5,-0.71,180,0,0,10362
0,0,0,0.5,-0.71,180,0,0,10379
0,0,0,0.5,-0.71,180,0,0,10395
0,0,0,0.5,-0.71,180,0,0,10412
0,0,0,0.5,-0.71,180,0,0,10429
0,0,0,0.5,-0.71,180,0,0,10445
0,0,0,0.5,-0.71,180,0,0,10462
0,0,0,0.5,-0.71,180,0,0,10479
0,0,0,0.5,-0.71,180,0,0,10495
0,0,0,0.5,-0.71,180,0,0,10512
0,0,0,0.5,-0.71,180,0,0,10529
0,0,0,0.5,-0.71,180,0,0,10546
0,0,0,0.5,-0.71,180,0,0,10562
0,0,0,0.5,-0.71,180,0,0,10579
0,0,0,0.5,-0.71,180,0,0,10595
0,0,0,0.5,-0.71,180,0,0,10612
0,0,0,0.5,-0.71,180,0,0,10629
0,0,0,0.5,-0.71,180,0,0,10645
0,0,0,0.5,-0.71,180,0,0,10662
0,0,0,0.5,-0.71,180,0,0,10679
0,0,0,0.5,-0.71,180,0,0,10696
0,0,0,0.5,-0.71,180,0,0,10712
0,0,0,0.5,-0.71,180,0,0,10729
0,0,0,0.5,-0.71,180,0,0,10745
0,0,0,0.5,-0.71,180,0,0,10762
0,0,0,0.5,-0.71,180,0,0,10779
0,0,0,0.5,-0.71,180,0,0,10795
0,0,0,0.5,-0.71,180,0,0,10812
0,0,0,0.5,-0.71,180,0,0,10829
0,0,0,0.5,-0.71,180,0,0,10846
0,0,0,0.5,-0.71,180,0,0,10862
0,0,0,0.5,-0.71,180,0,0,10879
0,0,0,0.5,-0.71,180,0,0,10896
0,0,0,0.5,-0.71,180,0,0,10912
0,0,0,0.5,-0.71,180,0,0,10929
0,0,0,0.5,-0.71,180,0,0,10946
0,0,0,0.5,-0.71,180,0,0,10962
0,0,0,0.5,-0.71,180,0,0,10979
0,0,0,0.5,-0.71,180,0,0,10996
0,0,0,0.5,-0.71,180,0,0,11012
0,0,0,0.5,-0.71,180,0,0,11099
0,0,0,0.5,-0.71,180,0,0,11103
0,0,0,0.5,-0.71,180,0,0,11116
0,0,0,0.5,-0.71,180,0,0,11132
0,0,0,0.5,-0.71,180,0,0,11149
0,0,0,0.5,-0.71,180,0,0,11166
0,0,0,0.5,-0.71,180,0,0,11182
0,0,0,0.5,-0.71,180,0,0,11199
0,0,0,0.5,-0.71,180,0,0,11216
0,0,0,0.5,-0.71,180,0,0,11232
0,0,0,0.5,-0.71,180,0,0,11249
0,0,0,0.5,-0.71,180,0,0,11266
0,0,0,0.5,-0.71,180,0,0,11282
0,0,0,0.5,-0.71,180,0,0,11299
0,0,0,0.5,-0.71,180,0,0,11316
0,0,0,0.5,-0.71,180,0,0,11332
0,0,0,0.5,-0.71,180,0,0,11349
0,0,0,0.5,-0.71,180,0,0,11366
0,0,0,0.5,-0.71,180,0,0,11382
0,0,0,0.5,-0.71,180,0,0,11399
0,0,0,0.5,-0.71,180,0,0,11416
0,0,0,0.5,-0.71,180,0,0,11432
0,0,0,0.5,-0.71,180,0,0,11449
0,0,0,0.5,-0.71,180,0,0,11466
0,0,0,0.5,-0.71,180,0,0,11482
0,0,0,0.5,-0.71,180,0,0,11499
0,0,0,0.5,-0.71,180,0,0,11516
0,0,0,0.5,-0.71,180,0,0,11532
0,0,0,0.5,-0.71,180,0,0,11549
0,0,0,0.5,-0.71,180,0,0,11569
0,0,0,0.5,-0.71,180,0,0,11582
0,0,0,0.5,-0.71,180,0,0,11601
0,0,0,0.5,-0.71,180,0,0,11616
0,0,0,0.5,-0.71,180,0,0,11632
0,0,0,0.5,-0.71,180,0,0,11649
0,0,0,0.5,-0.71,180,0,0,11666
0,0,0,0.5,-0.71,180,0,0,11682
0,0,0,0.5,-0.71,180,0,0,11699
0,0,0,0.5,-0.71,180,0,0,11716
0,0,0,0.5,-0.71,180,0,0,11732
0,0,0,0.5,-0.71,180,0,0,11749
0,0,0,0.5,-0.71,180,0,0,11767
0,0,0,0.5,-0.71,180,0,0,11782
0,0,0,0.5,-0.71,180,0,0,11799
0,0,0,0.5,-0.71,180,0,0,11817
0,0,0,0.5,-0.71,180,0,0,11833
0,0,0,0.5,-0.71,180,0,0,11849
0,0,0,0.5,-0.71,180,0,0,11866
0,0,0,0.5,-0.71,180,0,0,11882
0,0,0,0.5,-0.71,180,0,0,11899
0,0,0,0.5,-0.71,180,0,0,11916
0,0,0,0.5,-0.71,180,0,0,11932
0,0,0,0.5,-0.71,180,0,0,11949
0,0,0,0.5,-0.71,180,0,0,11967
0,0,0,0.5,-0.71,180,0,0,11982
0,0,0,0.5,-0.71,180,0,0,11999
0,0,0,0.5,-0.71,180,0,0,12016
0,6,-7,0.5,-0.70919,180,0,0,12276
0,0,0,0.5,-0.70919,180,0,0,12282
-1,6,-7,0.5,-0.70838,180,0,0,12291
2,6,-6,0.5,-0.70757,180,0,0,12308
0,6,-7,0.5,-0.70676,180,0,0,12324
-1,5,-7,0.5,-0.706085,180,0,0,12341
0,6,-6,0.5,-0.705275,180,0,0,12358
2,3,-6,0.5,-0.70487,180,0,0,12374
1,5,-6,0.5,-0.704195,180,0,0,12391
-2,4,-8,0.5,-0.703655,180,0,0,12409
2,3,-4,0.5,-0.70325,180,0,0,12423
0,3,-6,0.5,-0.702845,180,0,0,12440
0,4,-5,0.5,-0.702305,180,0,0,12458
0,3,-5,0.5,-0.7019,180,0,0,12474
0,3,-5,0.5,-0.701495,180,0,0,12491
0,3,-5,0.5,-0.70109,180,0,0,12508
0,3,-4,0.5,-0.700685,180,0,0,12524
1,2,-4,0.5,-0.700415,180,0,0,12540
-1,2,-4,0.5,-0.700145,180,0,0,12558
0,2,-3,0.5,-0.699875,180,0,0,12574
0,2,-4,0.5,-0.699605,180,0,0,12592
0,2,-4,0.5,-0.699335,180,0,0,12610
0,5,-6,0.5,-0.69866,180,0,0,12627
0,0,0,0.5,-0.69866,180,0,0,12639
2,3,-5,0.5,-0.698255,180,0,0,12659
0,1,-2,0.5,-0.69812,180,0,0,12673
0,1,-2,0.5,-0.697985,180,0,0,12690
0,0,-2,0.5,-0.697985,180,0,0,12707
0,0,-1,0.5,-0.697985,180,0,0,12722
0,0,-1,0.5,-0.697985,180,0,0,12739
4,0,1,0.5,-0.697985,180,0,0,12759
0,1,0,0.5,-0.69785,180,0,0,12773
0,0,0,0.5,-0.69785,180,0,0,12789
0,3,-2,0.5,-0.697445,180,0,0,12807
0,2,-1,0.5,-0.697175,180,0,0,12823
0,2,-1,0.5,-0.696905,180,0,0,12840
0,2,-1,0.5,-0.696635,180,0,0,12857
0,2,-1,0.5,-0.696365,180,0,0,12873
0,2,-1,0.5,-0.696095,180,0,0,12889
0,1,-2,0.5,-0.69596,180,0,0,12910
0,0,-3,0.5,-0.69596,180,0,0,12923
0,-1,-3,0.5,-0.696095,180,0,0,12940
0,-2,-3,0.5,-0.696365,180,0,0,12958
0,-2,-4,0.5,-0.696635,180,0,0,12973
0,-2,-3,0.5,-0.696905,180,0,0,12990
0,-2,-2,0.5,-0.697175,180,0,0,13008
0,-1,-2,0.5,-0.69731,180,0,0,13023
0,0,-2,0.5,-0.69731,180,0,0,13039
0,0,-1,0.5,-0.69731,180,0,0,13058
0,0,-3,0.5,-0.69731,180,0,0,13073
0,0,-2,0.5,-0.69731,180,0,0,13091
0,1,-2,0.5,-0.697175,180,0,0,13107
0,0,-1,0.5,-0.697175,180,0,0,13124
0,-1,-1,0.5,-0.69731,180,0,0,13141
0,0,-2,0.5,-0.69731,180,0,0,13156
0,0,-2,0.5,-0.69731,180,0,0,13173
0,0,0,0.5,-0.69731,180,0,0,13189
-1,0,-2,0.5,-0.69731,180,0,0,13206
0,-1,-1,0.5,-0.697445,180,0,0,13223
0,0,-1,0.5,-0.697445,180,0,0,13239
0,-1,-1,0.5,-0.69758,180,0,0,13256
0,0,0,0.5,-0.69758,180,0,0,13272
0,-1,-2,0.5,-0.697715,180,0,0,13290
0,0,-1,0.5,-0.697715,180,0,0,13306
0,-1,-1,0.5,-0.69785,180,0,0,13323
0,-1,-1,0.5,-0.697985,180,0,0,13339
0,0,-1,0.5,-0.697985,180,0,0,13359
0,1,0,0.5,-0.69785,180,0,0,13373
0,0,-1,0.5,-0.69785,180,0,0,13389
0,0,0,0.5,-0.69785,180,0,0,13406
0,0,-2,0.5,-0.69785,180,0,0,13424
0,0,0,0.5,-0.69785,180,0,0,13439
0,-1,-1,0.5,-0.697985,180,0,0,13457
0,0,-1,0.5,-0.697985,180,0,0,13472
0,0,0,0.5,-0.697985,180,0,0,13489
0,-1,-1,0.5,-0.69812,180,0,0,13507
0,0,0,0.5,-0.69812,180,0,0,13522
0,0,0,0.5,-0.69812,180,0,0,13539
0,0,0,0.5,-0.69812,180,0,0,13556
0,0,0,0.5,-0.69812,180,0,0,13572
0,0,1,0.5,-0.69812,180,0,0,13589
0,0,0,0.5,-0.69812,180,0,0,13605
0,0,0,0.5,-0.69812,180,0,0,13622
2,0,0,0.5,-0.69812,180,0,0,13639
0,-1,0,0.5,-0.698255,180,0,0,13656
0,0,0,0.5,-0.698255,180,0,0,13673
0,0,0,0.5,-0.698255,180,0,0,13691
0,0,0,0.5,-0.698255,180,0,0,13705
0,0,0,0.5,-0.698255,180,0,0,13722
0,0,0,0.5,-0.698255,180,0,0,13738
0,0,0,0.5,-0.698255,180,0,0,13755
0,0,0,0.5,-0.698255,180,0,0,13772
0,0,0,0.5,-0.698255,180,0,0,13788
0,0,0,0.5,-0.698255,180,0,0,13805
0,0,0,0.5,-0.698255,180,0,0,13822
-3,0,0,0.5,-0.698255,180,0,0,13839
-1,0,0,0.5,-0.698255,180,0,0,13855
2,0,0,0.5,-0.698255,180,0,0,13872
0,0,0,0.5,-0.698255,180,0,0,13889
-2,0,0,0.5,-0.698255,180,0,0,13906
0,1,1,0.5,-0.69812,180,0,0,13923
0,0,0,0.5,-0.69812,180,0,0,13939
-1,0,0,0.5,-0.69812,180,0,0,13958
0,0,0,0.5,-0.69812,180,0,0,13972
0,1,0,0.5,-0.697985,180,0,0,13989
0,0,0,0.5,-0.697985,180,0,0,14006
0,0,0,0.5,-0.697985,180,0,0,14022
0,0,0,0.5,-0.697985,180,0,0,14039
0,0,0,0.5,-0.697985,180,0,0,14055
0,0,1,0.5,-0.697985,180,0,0,14072
0,0,0,0.5,-0.697985,180,0,0,14089
0,1,1,0.5,-0.69785,180,0,0,14108
-1,0,1,0.5,-0.69785,180,0,0,14122
-1,0,0,0.5,-0.69785,180,0,0,14139
0,0,0,0.5,-0.69785,180,0,0,14156
0,0,1,0.5,-0.69785,180,0,0,14175
-3,1,-1,0.5,-0.697715,180,0,0,14190
-1,0,0,0.5,-0.697715,180,0,0,14208
0,1,0,0.5,-0.69758,180,0,0,14223
7,1,4,0.5,-0.697445,180,0,0,14241
0,0,0,0.5,-0.697445,180,0,0,14256
-4,0,1,0.5,-0.697445,180,0,0,14274
-4,1,-1,0.5,-0.69731,180,0,0,14289
-1,0,0,0.5,-0.69731,180,0,0,14306
-1,0,1,0.5,-0.69731,180,0,0,14324
-1,0,-1,0.5,-0.69731,180,0,0,14339
1,0,1,0.5,-0.69731,180,0,0,14357
0,1,1,0.5,-0.697175,180,0,0,14372
1,1,0,0.5,-0.69704,180,0,0,14389
2,1,3,0.5,-0.696905,180,0,0,14409
-2,0,0,0.5,-0.696905,180,0,0,14422
3,1,0,0.5,-0.69677,180,0,0,14440
0,1,2,0.5,-0.696635,180,0,0,14456
0,0,0,0.5,-0.696635,180,0,0,14472
-3,1,1,0.5,-0.6965,180,0,0,14491
0,1,1,0.5,-0.696365,180,0,0,14506
0,0,1,0.5,-0.696365,180,0,0,14522
0,0,1,0.5,-0.696365,180,0,0,14541
1,1,0,0.5,-0.69623,180,0,0,14558
0,0,1,0.5,-0.69623,180,0,0,14573
0,1,2,0.5,-0.696095,180,0,0,14590
0,0,0,0.5,-0.696095,180,0,0,14605
0,2,1,0.5,-0.695825,180,0,0,14623
1,1,1,0.5,-0.69569,180,0,0,14639
-7,1,-2,0.5,-0.695555,180,0,0,14657
-5,1,-2,0.5,-0.69542,180,0,0,14676
6,1,4,0.5,-0.695285,180,0,0,14691
-4,2,-1,0.5,-0.695015,180,0,0,14706
6,0,4,0.5,-0.695015,180,0,0,14723
-4,1,-1,0.5,-0.69488,180,0,0,14740
0,0,1,0.5,-0.69488,180,0,0,14756
0,1,1,0.5,-0.694745,180,0,0,14773
0,1,1,0.5,-0.69461,180,0,0,14790
-1,1,0,0.5,-0.694475,180,0,0,14806
0,0,0,0.5,-0.694475,180,0,0,14822
0,1,1,0.5,-0.69434,180,0,0,14840
2,1,0,0.5,-0.694205,180,0,0,14855
0,1,1,0.5,-0.69407,180,0,0,14873
0,0,1,0.5,-0.69407,180,0,0,14889
0,1,1,0.5,-0.693935,180,0,0,14906
0,1,1,0.5,-0.6938,180,0,0,14922
1,1,1,0.5,-0.693665,180,0,0,14940
-3,0,1,0.5,-0.693665,180,0,0,14956
2,1,1,0.5,-0.69353,180,0,0,14973
-3,1,1,0.5,-0.693395,180,0,0,14990
-1,0,0,0.5,-0.693395,180,0,0,15006
2,1,2,0.5,-0.69326,180,0,0,15024
2,0,1,0.5,-0.69326,180,0,0,15040
-3,2,0,0.5,-0.69299,180,0,0,15056
-2,1,0,0.5,-0.692855,180,0,0,15072
3,1,2,0.5,-0.69272,180,0,0,15090
0,1,1,0.5,-0.692585,180,0,0,15107
0,1,0,0.5,-0.69245,180,0,0,15122
0,1,1,0.5,-0.692315,180,0,0,15140
0,1,0,0.5,-0.69218,180,0,0,15156
0,0,0,0.5,-0.69218,180,0,0,15172
0,1,0,0.5,-0.692045,180,0,0,15190
0,0,1,0.5,-0.692045,180,0,0,15207
0,1,1,0.5,-0.69191,180,0,0,15222
0,1,0,0.5,-0.691775,180,0,0,15239
0,1,1,0.5,-0.69164,180,0,0,15257
0,0,1,0.5,-0.69164,180,0,0,15272
0,0,0,0.5,-0.69164,180,0,0,15290
0,1,0,0.5,-0.691505,180,0,0,15305
0,0,0,0.5,-0.691505,180,0,0,15322
-5,1,-1,0.5,-0.69137,180,0,0,15340
-2,1,0,0.5,-0.691235,180,0,0,15356
2,0,0,0.5,-0.691235,180,0,0,15372
3,1,1,0.5,-0.6911,180,0,0,15389
-5,1,0,0.5,-0.690965,180,0,0,15406
0,0,0,0.5,-0.690965,180,0,0,15422
-2,0,0,0.5,-0.690965,180,0,0,15439
0,2,1,0.5,-0.690695,180,0,0,15458
0,1,1,0.5,-0.69056,180,0,0,15472
0,0,0,0.5,-0.69056,180,0,0,15489
0,1,0,0.5,-0.690425,180,0,0,15506
0,1,0,0.5,-0.69029,180,0,0,15523
0,0,0,0.5,-0.69029,180,0,0,15539
0,1,0,0.5,-0.690155,180,0,0,15556
0,1,0,0.5,-0.69002,180,0,0,15572
0,0,0,0.5,-0.69002,180,0,0,15588
0,0,0,0.5,-0.69002,180,0,0,15605
0,0,0,0.5,-0.69002,180,0,0,15622
0,1,0,0.5,-0.689885,180,0,0,15639
0,0,0,0.5,-0.689885,180,0,0,15655
0,1,0,0.5,-0.68975,180,0,0,15672
-1,0,0,0.5,-0.68975,180,0,0,15689
0,1,0,0.5,-0.689615,180,0,0,15706
0,0,0,0.5,-0.689615,180,0,0,15722
0,0,0,0.5,-0.689615,180,0,0,15739
0,1,1,0.5,-0.68948,180,0,0,15757
0,0,-1,0.5,-0.68948,180,0,0,15772
-1,0,0,0.5,-0.68948,180,0,0,15790
-1,0,0,0.5,-0.68948,180,0,0,15805
1,1,0,0.5,-0.689345,180,0,0,15823
0,0,1,0.5,-0.689345,180,0,0,15839
0,0,0,0.5,-0.689345,180,0,0,15856
-3,0,0,0.5,-0.689345,180,0,0,15872
0,0,0,0.5,-0.689345,180,0,0,15888
0,0,0,0.5,-0.689345,180,0,0,15906
0,1,0,0.5,-0.68921,180,0,0,15923
0,0,0,0.5,-0.68921,180,0,0,15938
0,0,0,0.5,-0.68921,180,0,0,15955
0,0,0,0.5,-0.68921,180,0,0,15972
0,0,0,0.5,-0.68921,180,0,0,15989
0,0,0,0.5,-0.68921,180,0,0,16005
2,0,0,0.5,-0.68921,180,0,0,16022
0,0,0,0.5,-0.68921,180,0,0,16039
0,0,0,0.5,-0.68921,180,0,0,16056
0,0,0,0.5,-0.68921,180,0,0,16072
0,0,0,0.5,-0.68921,180,0,0,16088
0,0,0,0.5,-0.68921,180,0,0,16105
1,0,0,0.5,-0.68921,180,0,0,16122
0,0,0,0.5,-0.68921,180,0,0,16138
2,0,0,0.5,-0.68921,180,0,0,16156
-2,0,0,0.5,-0.68921,180,0,0,16172
0,0,0,0.5,-0.68921,180,0,0,16188
0,0,0,0.5,-0.68921,180,0,0,16205
0,0,0,0.5,-0.68921,180,0,0,16222
0,0,0,0.5,-0.68921,180,0,0,16238
-1,0,0,0.5,-0.68921,180,0,0,16256
0,0,0,0.5,-0.68921,180,0,0,16272
0,0,-1,0.5,-0.68921,180,0,0,16289
0,0,0,0.5,-0.68921,180,0,0,16305
0,0,0,0.5,-0.68921,180,0,0,16322
0,0,0,0.5,-0.68921,180,0,0,16338
0,-1,0,0.5,-0.689345,180,0,0,16356
0,0,0,0.5,-0.689345,180,0,0,16372
0,0,0,0.5,-0.689345,180,0,0,16390
0,0,0,0.5,-0.689345,180,0,0,16406
0,-1,0,0.5,-0.68948,180,0,0,16422
0,0,0,0.5,-0.68948,180,0,0,16438
0,0,0,0.5,-0.68948,180,0,0,16456
0,0,-1,0.5,-0.68948,180,0,0,16472
1,0,0,0.5,-0.68948,180,0,0,16489
0,-1,-1,0.5,-0.689615,180,0,0,16506
0,0,0,0.5,-0.689615,180,0,0,16522
0,0,0,0.5,-0.689615,180,0,0,16538
0,0,1,0.5,-0.689615,180,0,0,16556
0,-1,-1,0.5,-0.68975,180,0,0,16573
0,0,0,0.5,-0.68975,180,0,0,16589
2,-1,-1,0.5,-0.689885,180,0,0,16608
0,0,0,0.5,-0.689885,180,0,0,16622
0,0,1,0.5,-0.689885,180,0,0,16640
0,0,0,0.5,-0.689885,180,0,0,16656
2,0,0,0.5,-0.689885,180,0,0,16672
-2,-1,0,0.5,-0.69002,180,0,0,16689
0,0,0,0.5,-0.69002,180,0,0,16705
0,0,0,0.5,-0.69002,180,0,0,16722
-1,0,0,0.5,-0.69002,180,0,0,16739
0,-1,0,0.5,-0.690155,180,0,0,16756
0,-1,0,0.5,-0.69029,180,0,0,16772
0,0,-1,0.5,-0.69029,180,0,0,16789
0,0,0,0.5,-0.69029,180,0,0,16805
0,0,0,0.5,-0.69029,180,0,0,16822
0,-1,-1,0.5,-0.690425,180,0,0,16840
0,0,0,0.5,-0.690425,180,0,0,16855
0,-1,0,0.5,-0.69056,180,0,0,16872
0,0,0,0.5,-0.69056,180,0,0,16889
0,0,0,0.5,-0.69056,180,0,0,16905
0,0,0,0.5,-0.69056,180,0,0,16922
0,0,0,0.5,-0.69056,180,0,0,16940
0,0,0,0.5,-0.69056,180,0,0,16955
0,0,0,0.5,-0.69056,180,0,0,16972
0,0,0,0.5,-0.69056,180,0,0,16988
0,-1,0,0.5,-0.690695,180,0,0,17006
0,0,0,0.5,-0.690695,180,0,0,17022
0,0,0,0.5,-0.690695,180,0,0,17039
3,-1,0,0.5,-0.69083,180,0,0,17056
0,0,0,0.5,-0.69083,180,0,0,17072
-2,-1,-1,0.5,-0.690965,180,0,0,17089
0,0,0,0.5,-0.690965,180,0,0,17106
0,0,0,0.5,-0.690965,180,0,0,17122
0,0,0,0.5,-0.690965,180,0,0,17138
-1,0,-1,0.5,-0.690965,180,0,0,17156
0,-1,0,0.5,-0.6911,180,0,0,17172
0,0,0,0.5,-0.6911,180,0,0,17189
0,0,0,0.5,-0.6911,180,0,0,17205
2,0,1,0.5,-0.6911,180,0,0,17223
1,0,0,0.5,-0.6911,180,0,0,17239
1,0,0,0.5,-0.6911,180,0,0,17256
1,0,0,0.5,-0.6911,180,0,0,17273
-2,-1,-1,0.5,-0.691235,180,0,0,17289
0,0,0,0.5,-0.691235,180,0,0,17305
0,0,0,0.5,-0.691235,180,0,0,17322
-1,-1,0,0.5,-0.69137,180,0,0,17339
0,0,0,0.5,-0.69137,180,0,0,17355
0,0,0,0.5,-0.69137,180,0,0,17372
2,0,0,0.5,-0.69137,180,0,0,17389
0,0,0,0.5,-0.69137,180,0,0,17406
0,0,0,0.5,-0.69137,180,0,0,17422
-2,0,0,0.5,-0.69137,180,0,0,17439
0,-1,0,0.5,-0.691505,180,0,0,17456
0,0,0,0.5,-0.691505,180,0,0,17472
0,0,0,0.5,-0.691505,180,0,0,17488
2,0,0,0.5,-0.691505,180,0,0,17505
0,0,0,0.5,-0.691505,180,0,0,17522
0,0,0,0.5,-0.691505,180,0,0,17538
0,0,0,0.5,-0.691505,180,0,0,17555
0,0,0,0.5,-0.691505,180,0,0,17572
0,0,0,0.5,-0.691505,180,0,0,17588
0,0,0,0.5,-0.691505,180,0,0,17605
0,0,0,0.5,-0.691505,180,0,0,17622
0,0,0,0.5,-0.691505,180,0,0,17638
0,0,0,0.5,-0.691505,180,0,0,17655
0,0,0,0.5,-0.691505,180,0,0,17672
0,0,0,0.5,-0.691505,180,0,0,17688
0,0,0,0.5,-0.691505,180,0,0,17705
0,0,0,0.5,-0.691505,180,0,0,17722
0,0,0,0.5,-0.691505,180,0,0,17739
0,0,0,0.5,-0.691505,180,0,0,17755
0,0,0,0.5,-0.691505,180,0,0,17772
0,0,0,0.5,-0.691505,180,0,0,17788
0,0,0,0.5,-0.691505,180,0,0,17805
0,0,0,0.5,-0.691505,180,0,0,17822
0,0,0,0.5,-0.691505,180,0,0,17838
0,0,0,0.5,-0.691505,180,0,0,17855
0,0,0,0.5,-0.691505,180,0,0,17872
0,0,0,0.5,-0.691505,180,0,0,17888
0,0,0,0.5,-0.691505,180,0,0,17905
0,0,0,0.5,-0.691505,180,0,0,17922
0,0,0,0.5,-0.691505,180,0,0,17938
0,0,0,0.5,-0.691505,180,0,0,17955
0,0,0,0.5,-0.691505,180,0,0,17973
0,0,0,0.5,-0.691505,180,0,0,17988
0,0,0,0.5,-0.691505,180,0,0,18005
0,0,0,0.5,-0.691505,180,0,0,18022
0,0,0,0.5,-0.691505,180,0,0,18038
-2,0,0,0.5,-0.691505,180,0,0,18056
-1,0,0,0.5,-0.691505,180,0,0,18073
0,0,0,0.5,-0.691505,180,0,0,18088
0,1,0,0.5,-0.69137,180,0,0,18106
-1,0,0,0.5,-0.69137,180,0,0,18122
0,0,0,0.5,-0.69137,180,0,0,18138
-1,0,0,0.5,-0.69137,180,0,0,18155
0,0,0,0.5,-0.69137,180,0,0,18172
0,0,0,0.5,-0.69137,180,0,0,18189
-2,0,0,0.5,-0.69137,180,0,0,18208
0,0,0,0.5,-0.69137,180,0,0,18224
0,0,0,0.5,-0.69137,180,0,0,18239
-1,0,0,0.5,-0.69137,180,0,0,18256
0,0,0,0.5,-0.69137,180,0,0,18272
-1,0,0,0.5,-0.69137,180,0,0,18289
0,0,0,0.5,-0.69137,180,0,0,18305
0,0,0,0.5,-0.69137,180,0,0,18322
2,0,0,0.5,-0.69137,180,0,0,18339
0,0,0,0.5,-0.69137,180,0,0,18355
0,0,0,0.5,-0.69137,180,0,0,18372
0,0,0,0.5,-0.69137,180,0,0,18388
0,0,0,0.5,-0.69137,180,0,0,18405
0,0,0,0.5,-0.69137,180,0,0,18422
-1,0,0,0.5,-0.69137,180,0,0,18439
0,0,0,0.5,-0.69137,180,0,0,18455
1,0,0,0.5,-0.69137,180,0,0,18472
0,0,0,0.5,-0.69137,180,0,0,18488
0,0,0,0.5,-0.69137,180,0,0,18505
4,0,2,0.5,-0.69137,180,0,0,18522
0,0,0,0.5,-0.69137,180,0,0,18538
0,0,0,0.5,-0.69137,180,0,0,18555
0,0,0,0.5,-0.69137,180,0,0,18572
0,1,0,0.5,-0.691235,180,0,0,18589
0,0,0,0.5,-0.691235,180,0,0,18605
-2,0,0,0.5,-0.691235,180,0,0,18622
0,0,0,0.5,-0.691235,180,0,0,18638
0,0,0,0.5,-0.691235,180,0,0,18655
0,0,0,0.5,-0.691235,180,0,0,18672
-1,0,0,0.5,-0.691235,180,0,0,18689
0,0,0,0.5,-0.691235,180,0,0,18705
0,0,0,0.5,-0.691235,180,0,0,18722
0,0,0,0.5,-0.691235,180,0,0,18738
8,0,2,0.5,-0.691235,180,0,0,18756
0,0,0,0.5,-0.691235,180,0,0,18772
0,0,0,0.5,-0.691235,180,0,0,18789
0,0,0,0.5,-0.691235,180,0,0,18805
0,0,0,0.5,-0.691235,180,0,0,18822
0,0,0,0.5,-0.691235,180,0,0,18839
0,0,0,0.5,-0.691235,180,0,0,18855
-2,0,0,0.5,-0.691235,180,0,0,18873
0,0,0,0.5,-0.691235,180,0,0,18888
0,0,0,0.5,-0.691235,180,0,0,18905
-1,0,0,0.5,-0.691235,180,0,0,18922
0,0,0,0.5,-0.691235,180,0,0,18938
0,0,0,0.5,-0.691235,180,0,0,18955
0,0,0,0.5,-0.691235,180,0,0,18972
0,0,0,0.5,-0.691235,180,0,0,18988
0,0,0,0.5,-0.691235,180,0,0,19005
0,0,0,0.5,-0.691235,180,0,0,19022
0,0,0,0.5,-0.691235,180,0,0,19039
0,0,0,0.5,-0.691235,180,0,0,19055
0,0,0,0.5,-0.691235,180,0,0,19072
0,0,0,0.5,-0.691235,180,0,0,19089
0,0,0,0.5,-0.691235,180,0,0,19105
0,0,0,0.5,-0.691235,180,0,0,19122
0,0,0,0.5,-0.691235,180,0,0,19138
0,0,0,0.5,-0.691235,180,0,0,19155
0,0,0,0.5,-0.691235,180,0,0,19172
0,0,0,0.5,-0.691235,180,0,0,19188
0,0,0,0.5,-0.691235,180,0,0,19205
0,0,0,0.5,-0.691235,180,0,0,19222
0,0,0,0.5,-0.691235,180,0,0,19239
0,0,0,0.5,-0.691235,180,0,0,19255
0,0,0,0.5,-0.691235,180,0,0,19272
0,0,0,0.5,-0.691235,180,0,0,19289
0,0,0,0.5,-0.691235,180,0,0,19305
0,0,0,0.5,-0.691235,180,0,0,19322
0,0,0,0.5,-0.691235,180,0,0,19339
0,0,0,0.5,-0.691235,180,0,0,19355
0,0,0,0.5,-0.691235,180,0,0,19372
0,0,0,0.5,-0.691235,180,0,0,19389
0,0,0,0.5,-0.691235,180,0,0,19405
0,0,0,0.5,-0.691235,180,0,0,19422
0,0,0,0.5,-0.691235,180,0,0,19439
0,0,0,0.5,-0.691235,180,0,0,19455
0,0,0,0.5,-0.691235,180,0,0,19472
0,0,0,0.5,-0.691235,180,0,0,19489
0,0,0,0.5,-0.691235,180,0,0,19505
0,0,0,0.5,-0.691235,180,0,0,19522
0,0,0,0.5,-0.691235,180,0,0,19539
0,0,0,0.5,-0.691235,180,0,0,19555
0,0,0,0.5,-0.691235,180,0,0,19572
0,0,0,0.5,-0.691235,180,0,0,19589
0,0,0,0.5,-0.691235,180,0,0,19605
0,0,0,0.5,-0.691235,180,0,0,19622
0,0,0,0.5,-0.691235,180,0,0,19639
0,0,0,0.5,-0.691235,180,0,0,19655
0,0,0,0.5,-0.691235,180,0,0,19672
0,0,0,0.5,-0.691235,180,0,0,19688
0,0,0,0.5,-0.691235,180,0,0,19705
0,0,0,0.5,-0.691235,180,0,0,19722
0,0,0,0.5,-0.691235,180,0,0,19739
0,0,0,0.5,-0.691235,180,0,0,19755
0,0,0,0.5,-0.691235,180,0,0,19772
0,0,0,0.5,-0.691235,180,0,0,19788
0,0,0,0.5,-0.691235,180,0,0,19805
0,0,0,0.5,-0.691235,180,0,0,19822
0,0,0,0.5,-0.691235,180,0,0,19838
0,0,0,0.5,-0.691235,180,0,0,19855
0,0,0,0.5,-0.691235,180,0,0,19872
0,0,0,0.5,-0.691235,180,0,0,19889
0,0,0,0.5,-0.691235,180,0,0,19905
0,0,0,0.5,-0.691235,180,0,0,19922
0,0,0,0.5,-0.691235,180,0,0,19939
0,0,0,0.5,-0.691235,180,0,0,19955
0,0,0,0.5,-0.691235,180,0,0,19972
0,0,0,0.5,-0.691235,180,0,0,19989
0,0,0,0.5,-0.691235,180,0,0,20005
0,0,0,0.5,-0.691235,180,0,0,20022
0,0,0,0.5,-0.691235,180,0,0,20040
0,0,0,0.5,-0.691235,180,0,0,20055
0,0,0,0.5,-0.691235,180,0,0,20073
0,0,0,0.5,-0.691235,180,0,0,20090
0,0,0,0.5,-0.691235,180,0,0,20105
0,0,0,0.5,-0.691235,180,0,0,20122
0,0,0,0.5,-0.691235,180,0,0,20139
0,0,0,0.5,-0.691235,180,0,0,20155
0,0,0,0.5,-0.691235,180,0,0,20172
0,0,0,0.5,-0.691235,180,0,0,20188
0,0,0,0.5,-0.691235,180,0,0,20205
0,0,0,0.5,-0.691235,180,0,0,20222
0,0,0,0.5,-0.691235,180,0,0,20238
0,0,0,0.5,-0.691235,180,0,0,20255
0,0,0,0.5,-0.691235,180,0,0,20272
0,0,0,0.5,-0.691235,180,0,0,20288
0,0,0,0.5,-0.691235,180,0,0,20305
0,0,0,0.5,-0.691235,180,0,0,20322
0,0,0,0.5,-0.691235,180,0,0,20338
0,0,0,0.5,-0.691235,180,0,0,20355
0,0,0,0.5,-0.691235,180,0,0,20372
0,0,0,0.5,-0.691235,180,0,0,20388
0,0,0,0.5,-0.691235,180,0,0,20405
0,0,0,0.5,-0.691235,180,0,0,20422
0,0,0,0.5,-0.691235,180,0,0,20438
0,0,0,0.5,-0.691235,180,0,0,20456
0,0,0,0.5,-0.691235,180,0,0,20472
0,0,0,0.5,-0.691235,180,0,0,20488
0,0,0,0.5,-0.691235,180,0,0,20505
0,0,0,0.5,-0.691235,180,0,0,20522
0,0,0,0.5,-0.691235,180,0,0,20538
0,0,0,0.5,-0.691235,180,0,0,20555
0,0,0,0.5,-0.691235,180,0,0,20572
0,0,0,0.5,-0.691235,180,0,0,20588
0,0,0,0.5,-0.691235,180,0,0,20606
0,0,0,0.5,-0.691235,180,0,0,20622
0,0,0,0.5,-0.691235,180,0,0,20638
0,0,0,0.5,-0.691235,180,0,0,20655
0,0,0,0.5,-0.691235,180,0,0,20672
0,0,0,0.5,-0.691235,180,0,0,20688
0,0,0,0.5,-0.691235,180,0,0,20705
0,0,0,0.5,-0.691235,180,0,0,20722
0,0,0,0.5,-0.691235,180,0,0,20739
0,0,0,0.5,-0.691235,180,0,0,20755
0,0,0,0.5,-0.691235,180,0,0,20772
0,0,0,0.5,-0.691235,180,0,0,20788
0,0,0,0.5,-0.691235,180,0,0,20805
0,0,0,0.5,-0.691235,180,0,0,20822
0,0,0,0.5,-0.691235,180,0,0,20839
0,0,0,0.5,-0.691235,180,0,0,20855
0,0,0,0.5,-0.691235,180,0,0,20872
0,0,0,0.5,-0.691235,180,0,0,20888
0,0,0,0.5,-0.691235,180,0,0,20905
0,0,0,0.5,-0.691235,180,0,0,20922
0,0,0,0.5,-0.691235,180,0,0,20938
0,0,0,0.5,-0.691235,180,0,0,20955
0,0,0,0.5,-0.691235,180,0,0,20972
0,0,0,0.5,-0.691235,180,0,0,20988
0,0,0,0.5,-0.691235,180,0,0,21005
0,0,0,0.5,-0.691235,180,0,0,21022
0,0,0,0.5,-0.691235,180,0,0,21038
0,0,0,0.5,-0.691235,180,0,0,21055
0,0,0,0.5,-0.691235,180,0,0,21072
0,0,0,0.5,-0.691235,180,0,0,21088
0,0,0,0.5,-0.691235,180,0,0,21105
0,0,0,0.5,-0.691235,180,0,0,21121
0,0,0,0.5,-0.691235,180,0,0,21138
0,0,0,0.5,-0.691235,180,0,0,21155
0,0,0,0.5,-0.691235,180,0,0,21172
0,0,0,0.5,-0.691235,180,0,0,21188
0,0,0,0.5,-0.691235,180,0,0,21205
0,0,-1,0.5,-0.691235,180,0,0,21222
0,0,0,0.5,-0.691235,180,0,0,21238
0,0,0,0.5,-0.691235,180,0,0,21255
0,0,0,0.5,-0.691235,180,0,0,21272
0,0,0,0.5,-0.691235,180,0,0,21288
0,0,0,0.5,-0.691235,180,0,0,21305
0,0,0,0.5,-0.691235,180,0,0,21322
0,0,0,0.5,-0.691235,180,0,0,21339
0,0,0,0.5,-0.691235,180,0,0,21355
0,0,0,0.5,-0.691235,180,0,0,21371
0,0,0,0.5,-0.691235,180,0,0,21388
0,0,0,0.5,-0.691235,180,0,0,21405
0,0,0,0.5,-0.691235,180,0,0,21421
0,0,0,0.5,-0.691235,180,0,0,21438
0,0,0,0.5,-0.691235,180,0,0,21455
0,0,0,0.5,-0.691235,180,0,0,21471
0,0,0,0.5,-0.691235,180,0,0,21488
0,0,0,0.5,-0.691235,180,0,0,21505
0,0,0,0.5,-0.691235,180,0,0,21521
0,0,0,0.5,-0.691235,180,0,0,21538
0,0,0,0.5,-0.691235,180,0,0,21555
0,0,0,0.5,-0.691235,180,0,0,21571
0,0,0,0.5,-0.691235,180,0,0,21588
0,0,0,0.5,-0.691235,180,0,0,21605
0,0,0,0.5,-0.691235,180,0,0,21622
0,0,0,0.5,-0.691235,180,0,0,21638
0,0,0,0.5,-0.691235,180,0,0,21655
0,0,0,0.5,-0.691235,180,0,0,21672
0,0,0,0.5,-0.691235,180,0,0,21688
0,0,0,0.5,-0.691235,180,0,0,21705
0,0,0,0.5,-0.691235,180,0,0,21721
0,0,0,0.5,-0.691235,180,0,0,21738
0,0,0,0.5,-0.691235,180,0,0,21755
0,0,0,0.5,-0.691235,180,0,0,21771
0,0,0,0.5,-0.691235,180,0,0,21788
0,0,0,0.5,-0.691235,180,0,0,21805
0,0,0,0.5,-0.691235,180,0,0,21821
0,0,0,0.5,-0.691235,180,0,0,21838
0,0,0,0.5,-0.691235,180,0,0,21855
0,0,0,0.5,-0.691235,180,0,0,21871
0,0,0,0.5,-0.691235,180,0,0,21888
0,0,0,0.5,-0.691235,180,0,0,21906
0,0,0,0.5,-0.691235,180,0,0,21921
0,0,0,0.5,-0.691235,180,0,0,21938
0,0,0,0.5,-0.691235,180,0,0,21955
0,0,0,0.5,-0.691235,180,0,0,21971
0,0,0,0.5,-0.691235,180,0,0,21988
0,0,0,0.5,-0.691235,180,0,0,22005
0,0,0,0.5,-0.691235,180,0,0,22021
0,0,0,0.5,-0.691235,180,0,0,22038
0,-2,-1,0.5,-0.691505,180,0,0,22056
-2,-3,-2,0.5,-0.69191,180,0,0,22074
3,-2,-2,0.5,-0.69218,180,0,0,22089
0,-2,-3,0.5,-0.69245,180,0,0,22108
0,-1,-4,0.5,-0.692585,180,0,0,22123
0,-2,-4,0.5,-0.692855,180,0,0,22139
0,-4,-4,0.5,-0.693395,180,0,0,22159
0,-3,-4,0.5,-0.6938,180,0,0,22174
0,-3,-4,0.5,-0.694205,180,0,0,22191
0,-3,-3,0.5,-0.69461,180,0,0,22207
0,-1,-3,0.5,-0.694745,180,0,0,22223
0,-3,-10,0.5,-0.69515,180,0,0,22242
0,-3,-9,0.5,-0.695555,180,0,0,22258
0,0,-13,0.5,-0.695555,180,0,0,22277
-3,5,-15,0.5,-0.69488,180,0,0,22294
0,8,-16,0.5,-0.6938,180,0,0,22313
0,9,-15,0.5,-0.692585,180,0,0,22326
0,5,-15,0.5,-0.69191,180,0,0,22343
0,5,-15,0.5,-0.691235,180,0,0,22361
0,0,-16,0.5,-0.691235,180,0,0,22379
0,-3,-15,0.5,-0.69164,180,0,0,22392
0,-7,-14,0.5,-0.692585,180,0,0,22409
0,-10,-14,0.5,-0.693935,180,0,0,22429
-1,-12,-11,0.5,-0.695555,180,0,0,22444
-4,-12,-13,0.5,-0.697175,180,0,0,22463
-1,-11,-8,0.5,-0.69866,180,0,0,22477
1,-8,-7,0.5,-0.69974,180,0,0,22492
-2,-7,-8,0.5,-0.700685,180,0,0,22509
0,-3,-6,0.5,-0.70109,180,0,0,22523
3,-2,-5,0.5,-0.70136,180,0,0,22540
1,-1,-5,0.5,-0.701495,180,0,0,22557
0,0,-4,0.5,-0.701495,180,0,0,22573
1,-2,-4,0.5,-0.701765,180,0,0,22590
-1,-5,-2,0.5,-0.70244,180,0,0,22607
0,-21,-5,0.5,-0.705275,180,0,0,22625
0,-14,-2,0.5,-0.707165,180,0,0,22639
0,-16,-3,0.5,-0.709325,180,0,0,22656
0,-16,-3,0.5,-0.71,180,0,0,22673
1,-16,-3,0.5,-0.71,180,0,0,22690
0,-13,-1,0.5,-0.71,180,0,0,22706
0,-6,0,0.5,-0.71,180,0,0,22722
0,-2,0,0.5,-0.71,180,0,0,22739
0,2,2,0.5,-0.70973,180,0,0,22756
0,8,3,0.5,-0.70865,180,0,0,22773
0,12,1,0.5,-0.70703,180,0,0,22789
0,21,-1,0.5,-0.704195,180,0,0,22806
0,30,-6,0.5,-0.700145,180,0,0,22823
0,41,-11,0.5,-0.69461,180,0,0,22842
-2,46,-21,0.5,-0.6884,180,0,0,22860
2,45,-21,0.5,-0.682325,180,0,0,22878
-1,18,-13,0.5,-0.679895,180,0,0,22892
2,35,-19,0.5,-0.67517,180,0,0,22909
-2,29,-19,0.5,-0.671255,180,0,0,22928
4,28,-15,0.5,-0.667475,180,0,0,22944
0,24,-17,0.5,-0.664235,180,0,0,22959
-1,18,-16,0.5,-0.661805,180,0,0,22975
-1,7,-16,0.5,-0.66086,180,0,0,22994
1,-1,-13,0.5,-0.660995,180,0,0,23009
4,0,-25,0.5,-0.660995,180,0,0,23028
0,0,0,0.5,-0.660995,180,0,0,23039
0,-4,-22,0.5,-0.661535,180,0,0,23062
0,-5,-11,0.5,-0.66221,180,0,0,23074
0,-6,-10,0.5,-0.66302,180,0,0,23092
0,-4,-10,0.5,-0.66356,180,0,0,23108
-1,-8,-12,0.5,-0.66464,180,0,0,23126
0,-11,-13,0.5,-0.666125,180,0,0,23143
0,-10,-16,0.5,-0.667475,180,0,0,23160
0,-6,-16,0.5,-0.668285,180,0,0,23175
0,0,-18,0.5,-0.668285,180,0,0,23192
0,1,-20,0.5,-0.66815,180,0,0,23212
3,-1,-17,0.5,-0.668285,180,0,0,23227
4,0,-15,0.5,-0.668285,180,0,0,23244
0,1,-16,0.5,-0.66815,180,0,0,23262
-3,9,-19,0.5,-0.666935,180,0,0,23278
-1,29,-17,0.5,-0.66302,180,0,0,23293
1,37,-16,0.5,-0.658025,180,0,0,23313
3,35,-16,0.5,-0.6533,180,0,0,23328
0,28,-14,0.5,-0.64952,180,0,0,23345
0,27,-14,0.5,-0.645875,180,0,0,23359
-3,23,-15,0.5,-0.64277,180,0,0,23376
2,22,-14,0.5,-0.6398,180,0,0,23394
0,21,-15,0.5,-0.636965,180,0,0,23409
-1,37,-16,0.5,-0.63197,180,0,0,23431
0,0,-15,0.5,-0.63197,180,0,0,23444
5,28,-22,0.5,-0.62819,180,0,0,23461
-1,12,-30,0.5,-0.62657,180,0,0,23480
1,15,-23,0.5,-0.624545,180,0,0,23495
1,23,-19,0.5,-0.62144,180,0,0,23511
-1,28,-19,0.5,-0.61766,180,0,0,23526
-2,31,-16,0.5,-0.613475,180,0,0,23544
0,33,-16,0.5,-0.60902,180,0,0,23559
0,31,-15,0.5,-0.604835,180,0,0,23575
0,35,-17,0.5,-0.60011,180,0,0,23596
0,37,-19,0.5,-0.595115,180,0,0,23611
-1,31,-18,0.5,-0.59093,180,0,0,23626
0,26,-18,0.5,-0.58742,180,0,0,23643
0,27,-21,0.5,-0.583775,180,0,0,23661
0,22,-19,0.5,-0.580805,180,0,0,23677
2,21,-15,0.5,-0.57797,180,0,0,23694
1,20,-14,0.5,-0.57527,180,0,0,23709
1,22,-15,0.5,-0.5723,180,0,0,23726
0,19,-13,0.5,-0.569735,180,0,0,23743
0,20,-13,0.5,-0.567035,180,0,0,23759
0,20,-14,0.5,-0.564335,180,0,0,23777
0,22,-14,0.5,-0.561365,180,0,0,23794
1,26,-12,0.5,-0.557855,180,0,0,23810
-1,69,-23,0.5,-0.54854,180,0,0,23828
0,35,-20,0.5,-0.543815,180,0,0,23843
0,0,0,0.5,-0.543815,180,0,0,23855
4,52,-20,0.5,-0.536795,180,0,0,23878
0,19,-11,0.5,-0.53423,180,0,0,23893
0,14,-8,0.5,-0.53234,180,0,0,23908
0,11,-8,0.5,-0.530855,180,0,0,23924
0,8,-7,0.5,-0.529775,180,0,0,23940
0,3,-7,0.5,-0.52937,180,0,0,23960
0,4,-7,0.5,-0.52883,180,0,0,23974
0,8,-9,0.5,-0.52775,180,0,0,23992
0,12,-8,0.5,-0.52613,180,0,0,24008
0,19,-9,0.5,-0.523565,180,0,0,24029
0,24,-10,0.5,-0.520325,180,0,0,24041
0,29,-10,0.5,-0.51641,180,0,0,24059
1,33,-10,0.5,-0.511955,180,0,0,24075
0,29,-8,0.5,-0.50804,180,0,0,24091
-1,23,-5,0.5,-0.504935,180,0,0,24108
-1,32,-8,0.5,-0.500615,180,0,0,24124
-1,34,-6,0.5,-0.496025,180,0,0,24140
3,29,-6,0.5,-0.49211,180,0,0,24159
-1,21,-6,0.5,-0.489275,180,0,0,24175
0,19,-6,0.5,-0.48671,180,0,0,24190
0,17,-6,0.5,-0.484415,180,0,0,24214
0,24,-14,0.5,-0.481175,180,0,0,24227
0,15,-6,0.5,-0.47915,180,0,0,24241
0,18,-6,0.5,-0.47672,180,0,0,24259
2,17,-3,0.5,-0.474425,180,0,0,24273
-2,22,-2,0.5,-0.471455,180,0,0,24289
4,23,-2,0.5,-0.46835,180,0,0,24306
0,25,-2,0.5,-0.464975,180,0,0,24322
0,25,-4,0.5,-0.4616,180,0,0,24341
0,26,-4,0.5,-0.45809,180,0,0,24363
0,22,-4,0.5,-0.45512,180,0,0,24374
0,10,-4,0.5,-0.45377,180,0,0,24390
1,3,-1,0.5,-0.453365,180,0,0,24408
2,0,-3,0.5,-0.453365,180,0,0,24423
0,-4,-3,0.5,-0.453905,180,0,0,24439
0,-5,-4,0.5,-0.45458,180,0,0,24457
0,-8,-5,0.5,-0.45566,180,0,0,24473
0,-9,-6,0.5,-0.456875,180,0,0,24490
0,-12,-7,0.5,-0.458495,180,0,0,24509
0,-13,-7,0.5,-0.46025,180,0,0,24523
0,-11,-8,0.5,-0.461735,180,0,0,24540
1,-7,-6,0.5,-0.46268,180,0,0,24559
0,-5,-7,0.5,-0.463355,180,0,0,24574
0,-1,-7,0.5,-0.46349,180,0,0,24590
0,3,-6,0.5,-0.463085,180,0,0,24607
1,9,-5,0.5,-0.46187,180,0,0,24623
-6,39,-17,0.5,-0.456605,180,0,0,24646
1,27,-7,0.5,-0.45296,180,0,0,24659
0,0,0,0.5,-0.45296,180,0,0,24672
0,64,-14,0.5,-0.44432,180,0,0,24695
-1,38,-11,0.5,-0.43919,180,0,0,24712
0,35,-8,0.5,-0.434465,180,0,0,24724
0,38,-8,0.5,-0.429335,180,0,0,24742
0,35,-8,0.5,-0.42461,180,0,0,24759
0,33,-7,0.5,-0.420155,180,0,0,24774
0,29,-6,0.5,-0.41624,180,0,0,24790
3,24,-4,0.5,-0.413,180,0,0,24808
-1,18,-6,0.5,-0.41057,180,0,0,24824
0,12,-7,0.5,-0.40895,180,0,0,24841
0,11,-7,0.5,-0.407465,180,0,0,24857
0,13,-6,0.5,-0.40571,180,0,0,24874
0,18,-6,0.5,-0.40328,180,0,0,24895
0,22,-5,0.5,-0.40031,180,0,0,24909
-1,25,-5,0.5,-0.396935,180,0,0,24923
0,25,-4,0.5,-0.39356,180,0,0,24940
0,29,-3,0.5,-0.389645,180,0,0,24959
0,31,-4,0.5,-0.38546,180,0,0,24973
0,28,-3,0.5,-0.38168,180,0,0,24989
0,28,-1,0.5,-0.3779,180,0,0,25008
0,25,0,0.5,-0.374525,180,0,0,25022
0,21,0,0.5,-0.37169,180,0,0,25039
1,41,4,0.5,-0.366155,180,0,0,25058
0,19,1,0.5,-0.36359,180,0,0,25073
-1,21,0,0.5,-0.360755,180,0,0,25089
0,25,0,0.5,-0.35738,180,0,0,25106
0,33,0,0.5,-0.352925,180,0,0,25122
4,35,0,0.5,-0.3482,180,0,0,25139
2,39,4,0.5,-0.342935,180,0,0,25158
0,41,6,0.5,-0.3374,180,0,0,25174
5,39,11,0.5,-0.332135,180,0,0,25190
11,37,14,0.5,-0.32714,180,0,0,25208
7,28,12,0.5,-0.32336,180,0,0,25225
-6,16,4,0.5,-0.3212,180,0,0,25240
0,10,5,0.5,-0.31985,180,0,0,25258
-1,5,6,0.5,-0.319175,180,0,0,25275
0,-1,6,0.5,-0.31931,180,0,0,25290
0,-1,7,0.5,-0.319445,180,0,0,25307
0,1,4,0.5,-0.31931,180,0,0,25323
0,5,4,0.5,-0.318635,180,0,0,25340
0,8,2,0.5,-0.317555,180,0,0,25357
0,10,2,0.5,-0.316205,180,0,0,25372
-4,13,0,0.5,-0.31445,180,0,0,25388
-1,15,0,0.5,-0.312425,180,0,0,25405
0,18,0,0.5,-0.309995,180,0,0,25422
0,22,-2,0.5,-0.307025,180,0,0,25440
0,52,-3,0.5,-0.300005,180,0,0,25458
0,23,0,0.5,-0.2969,180,0,0,25472
0,20,2,0.5,-0.2942,180,0,1,25489
0,15,3,0.5,-0.292175,180,0,0,25506
0,10,3,0.5,-0.290825,180,0,0,25522
-3,4,0,0.5,-0.290285,180,0,0,25538
1,3,2,0.5,-0.28988,180,0,0,25557
2,4,3,0.5,-0.28934,180,0,0,25576
0,6,0,0.5,-0.28853,180,0,1,25589
0,15,0,0.5,-0.286505,180,0,1,25606
-3,21,-1,0.5,-0.28367,180,0,1,25623
8,27,3,0.5,-0.280025,180,0,0,25639
2,33,0,0.5,-0.27557,180,0,0,25657
0,42,-1,0.5,-0.2699,180,0,0,25672
-3,44,-3,0.5,-0.26396,180,0,0,25689
0,45,0,0.5,-0.257885,180,0,0,25706
0,43,0,0.5,-0.25208,180,0,0,25722
-1,35,1,0.5,-0.247355,180,1,0,25739
2,29,5,0.5,-0.24344,180,1,0,25761
0,24,6,0.5,-0.2402,180,1,0,25776
2,19,7,0.5,-0.237635,180,0,0,25790
-1,19,6,0.5,-0.23507,180,0,0,25808
-2,18,6,0.5,-0.23264,180,0,0,25824
-1,39,11,0.5,-0.227375,180,0,0,25842
2,19,4,0.5,-0.22481,180,0,0,25859
-3,20,4,0.5,-0.22211,180,0,0,25873
-1,13,2,0.5,-0.220355,180,0,1,25890
-1,9,3,0.5,-0.21914,180,0,1,25906
1,3,2,0.5,-0.218735,180,0,1,25923
-1,-3,2,0.5,-0.21914,180,0,1,25939
0,-15,3,0.5,-0.221165,180,0,1,25957
0,-14,2,0.5,-0.223055,180,0,1,25973
0,-15,2,0.5,-0.22508,180,0,1,25989
0,-13,0,0.5,-0.226835,180,0,1,26006
0,-7,0,0.5,-0.22778,180,0,1,26022
0,-3,0,0.5,-0.228185,180,0,1,26039
0,-1,0,0.5,-0.22832,180,0,1,26056
0,5,-1,0.5,-0.227645,180,0,1,26072
0,6,0,0.5,-0.226835,180,0,1,26088
0,6,0,0.5,-0.226025,180,0,1,26105
0,4,0,0.5,-0.225485,180,0,1,26122
0,3,1,0.5,-0.22508,180,0,1,26139
0,-1,3,0.5,-0.225215,180,0,1,26156
0,1,1,0.5,-0.22508,180,0,1,26172
0,1,2,0.5,-0.224945,180,0,1,26189
0,0,2,0.5,-0.224945,180,0,1,26206
0,2,2,0.5,-0.224675,180,0,1,26223
0,5,2,0.5,-0.224,180,0,1,26240
0,3,1,0.5,-0.223595,180,0,1,26258
-1,4,2,0.5,-0.223055,180,0,1,26272
-1,2,0,0.5,-0.222785,180,0,1,26289
0,2,3,0.5,-0.222515,180,0,1,26309
0,1,1,0.5,-0.22238,180,0,1,26322
0,1,2,0.5,-0.222245,180,0,1,26340
0,0,1,0.5,-0.222245,180,0,1,26355
2,1,2,0.5,-0.22211,180,0,1,26372
-1,3,1,0.5,-0.221705,180,0,1,26389
0,2,1,0.5,-0.221435,180,0,1,26407
0,4,2,0.5,-0.220895,180,0,1,26423
0,2,3,0.5,-0.220625,180,0,1,26441
0,2,1,0.5,-0.220355,180,0,1,26456
2,1,2,0.5,-0.22022,180,0,1,26472
0,1,1,0.5,-0.220085,180,0,1,26490
0,2,1,0.5,-0.219815,180,0,1,26508
1,1,1,0.5,-0.21968,180,0,1,26524
0,1,1,0.5,-0.219545,180,0,0,26540
0,1,1,0.5,-0.21941,180,0,0,26556
0,1,1,0.5,-0.219275,180,0,1,26572
0,2,1,0.5,-0.219005,180,0,1,26589
0,1,1,0.5,-0.21887,180,0,1,26606
-2,2,1,0.5,-0.2186,180,0,1,26623
0,0,0,0.5,-0.2186,180,0,1,26639
-2,3,1,0.5,-0.218195,180,0,1,26656
0,2,1,0.5,-0.217925,180,0,1,26672
1,3,1,0.5,-0.21752,180,0,1,26689
0,1,1,0.5,-0.217385,180,0,1,26707
0,1,0,0.5,-0.21725,180,0,1,26725
0,1,1,0.5,-0.217115,180,0,1,26739
0,1,0,0.5,-0.21698,180,0,1,26755
0,1,0,0.5,-0.216845,180,0,1,26773
0,3,0,0.5,-0.21644,180,0,1,26788
0,1,0,0.5,-0.216305,180,0,1,26805
0,1,1,0.5,-0.21617,180,0,1,26822
2,2,1,0.5,-0.2159,180,0,1,26839
-2,1,-1,0.5,-0.215765,180,0,1,26856
-2,1,-2,0.5,-0.21563,180,0,1,26873
-4,1,-4,0.5,-0.215495,180,0,1,26890
-6,1,-6,0.5,-0.21536,180,0,1,26907
-3,0,-5,0.5,-0.21536,180,0,1,26926
6,0,0,0.5,-0.21536,180,0,1,26939
0,0,-2,0.5,-0.21536,180,0,1,26955
1,-1,0,0.5,-0.215495,180,0,1,26972
0,-4,0,0.5,-0.216035,180,0,1,26989
0,0,2,0.5,-0.216035,180,0,1,27006
0,0,2,0.5,-0.216035,180,0,1,27022
0,2,2,0.5,-0.215765,180,0,1,27042
0,1,1,0.5,-0.21563,180,0,1,27056
0,1,0,0.5,-0.215495,180,0,1,27072
0,0,0,0.5,-0.215495,180,0,0,27089
0,0,0,0.5,-0.215495,180,0,0,27106
0,-1,0,0.5,-0.21563,180,0,0,27122
0,-2,0,0.5,-0.2159,180,0,0,27138
0,-2,0,0.5,-0.21617,180,0,1,27155
0,-2,0,0.5,-0.21644,180,0,1,27172
0,-1,0,0.5,-0.216575,180,0,1,27189
0,-1,-1,0.5,-0.21671,180,0,1,27205
0,0,0,0.5,-0.21671,180,0,1,27221
0,0,0,0.5,-0.21671,180,0,0,27238
0,0,0,0.5,-0.21671,180,0,0,27255
3,0,2,0.5,-0.21671,180,0,0,27273
0,0,0,0.5,-0.21671,180,0,0,27288
0,-1,0,0.5,-0.216845,180,0,1,27305
1,0,0,0.5,-0.216845,180,0,1,27322
0,0,0,0.5,-0.216845,180,0,1,27339
0,0,0,0.5,-0.216845,180,0,1,27355
0,0,-1,0.5,-0.216845,180,0,0,27372
-2,-1,0,0.5,-0.21698,180,0,0,27388
0,0,0,0.5,-0.21698,180,0,0,27405
1,-1,0,0.5,-0.217115,180,0,0,27422
-1,-1,-1,0.5,-0.21725,180,0,0,27440
2,-2,0,0.5,-0.21752,180,0,1,27457
0,-2,-1,0.5,-0.21779,180,0,1,27473
0,0,0,0.5,-0.21779,180,0,1,27488
0,0,0,0.5,-0.21779,180,0,1,27505
0,0,0,0.5,-0.21779,180,0,1,27522
0,0,0,0.5,-0.21779,180,0,0,27539
0,-1,-2,0.5,-0.217925,180,0,0,27556
0,-1,0,0.5,-0.21806,180,0,0,27572
0,0,0,0.5,-0.21806,180,0,0,27588
-1,-2,0,0.5,-0.21833,180,0,1,27605
2,-1,-1,0.5,-0.218465,180,0,1,27622
0,0,0,0.5,-0.218465,180,0,1,27641
0,0,0,0.5,-0.218465,180,0,1,27655
0,-1,-1,0.5,-0.2186,180,0,0,27672
2,-1,0,0.5,-0.218735,180,0,0,27691
1,0,1,0.5,-0.218735,180,0,0,27705
0,-2,0,0.5,-0.219005,180,0,0,27722
0,-1,0,0.5,-0.21914,180,0,0,27738
0,-2,-1,0.5,-0.21941,180,0,1,27755
-1,-1,-2,0.5,-0.219545,180,0,1,27773
0,-1,0,0.5,-0.21968,180,0,1,27789
0,0,-1,0.5,-0.21968,180,0,1,27805
0,-1,0,0.5,-0.219815,180,0,1,27822
0,0,0,0.5,-0.219815,180,0,0,27839
0,-1,0,0.5,-0.21995,180,0,0,27855
0,-2,-1,0.5,-0.22022,180,0,0,27873
0,-2,0,0.5,-0.22049,180,0,0,27889
0,-1,-1,0.5,-0.220625,180,0,0,27906
1,-1,-1,0.5,-0.22076,180,0,1,27922
0,-1,0,0.5,-0.220895,180,0,1,27940
2,-1,0,0.5,-0.22103,180,0,1,27955
-1,0,-1,0.5,-0.22103,180,0,1,27972
0,0,0,0.5,-0.22103,180,0,1,27988
-2,0,0,0.5,-0.22103,180,0,0,28005
2,-1,0,0.5,-0.221165,180,0,0,28023
0,-1,0,0.5,-0.2213,180,0,0,28039
1,-2,0,0.5,-0.22157,180,0,0,28055
0,-1,-1,0.5,-0.221705,180,0,0,28072
0,-1,-1,0.5,-0.22184,180,0,1,28089
-2,0,-1,0.5,-0.22184,180,0,1,28105
5,1,0,0.5,-0.221705,180,0,1,28122
-1,0,0,0.5,-0.221705,180,0,1,28139
-1,-1,-1,0.5,-0.22184,180,0,0,28155
0,-1,0,0.5,-0.221975,180,0,0,28172
0,-2,-1,0.5,-0.222245,180,0,0,28191
-2,-2,-1,0.5,-0.222515,180,0,0,28206
4,-2,-1,0.5,-0.222785,180,0,1,28223
-1,-2,-1,0.5,-0.223055,180,0,1,28240
0,0,-1,0.5,-0.223055,180,0,1,28255
-1,1,-1,0.5,-0.22292,180,0,1,28273
0,0,0,0.5,-0.22292,180,0,1,28289
0,0,0,0.5,-0.22292,180,0,0,28305
0,-1,0,0.5,-0.223055,180,0,0,28322
0,-1,0,0.5,-0.22319,180,0,0,28338
0,-1,0,0.5,-0.223325,180,0,0,28355
0,-1,0,0.5,-0.22346,180,0,0,28374
0,0,-1,0.5,-0.22346,180,0,1,28389
1,0,-1,0.5,-0.22346,180,0,1,28406
0,1,0,0.5,-0.223325,180,0,1,28422
0,0,0,0.5,-0.223325,180,0,1,28438
0,0,0,0.5,-0.223325,180,0,0,28455
0,0,0,0.5,-0.223325,180,0,0,28472
0,-1,0,0.5,-0.22346,180,0,0,28489
0,-2,0,0.5,-0.22373,180,0,0,28505
0,-1,-1,0.5,-0.223865,180,0,1,28522
0,-1,-1,0.5,-0.224,180,0,1,28539
0,1,-1,0.5,-0.223865,180,0,1,28555
0,1,0,0.5,-0.22373,180,0,1,28572
0,1,0,0.5,-0.223595,180,0,1,28589
0,0,0,0.5,-0.223595,180,0,0,28605
0,0,0,0.5,-0.223595,180,0,0,28621
0,-1,0,0.5,-0.22373,180,0,0,28640
0,-2,0,0.5,-0.224,180,0,0,28655
0,0,0,0.5,-0.224,180,0,0,28672
0,0,0,0.5,-0.224,180,0,1,28688
3,1,-1,0.5,-0.223865,180,0,1,28705
-1,2,-1,0.5,-0.223595,180,0,1,28722
2,1,0,0.5,-0.22346,180,0,1,28740
2,0,0,0.5,-0.22346,180,0,0,28755
-2,-2,0,0.5,-0.22373,180,0,0,28772
0,-2,0,0.5,-0.224,180,0,0,28789
-1,-1,-1,0.5,-0.224135,180,0,0,28806
0,0,0,0.5,-0.224135,180,0,1,28821
-1,0,-1,0.5,-0.224135,180,0,1,28838
0,0,0,0.5,-0.224135,180,0,1,28855
3,1,0,0.5,-0.224,180,0,1,28873
0,1,0,0.5,-0.223865,180,0,1,28889
0,0,0,0.5,-0.223865,180,0,0,28905
0,-2,0,0.5,-0.224135,180,0,0,28922
0,-2,1,0.5,-0.224405,180,0,0,28940
0,-3,0,0.5,-0.22481,180,0,0,28955
0,-3,-1,0.5,-0.225215,180,0,0,28972
0,-2,0,0.5,-0.225485,180,0,1,28990
0,-1,-1,0.5,-0.22562,180,0,1,29005
0,0,0,0.5,-0.22562,180,0,1,29022
0,0,-2,0.5,-0.22562,180,0,1,29039
0,0,0,0.5,-0.22562,180,0,1,29055
0,1,0,0.5,-0.225485,180,0,0,29072
0,-1,0,0.5,-0.22562,180,0,0,29089
0,-1,0,0.5,-0.225755,180,0,0,29105
0,-3,0,0.5,-0.22616,180,0,0,29122
0,-2,0,0.5,-0.22643,180,0,1,29140
0,-1,0,0.5,-0.226565,180,0,1,29157
0,0,0,0.5,-0.226565,180,0,1,29171
0,0,0,0.5,-0.226565,180,0,1,29190
3,1,0,0.5,-0.22643,180,0,1,29206
0,0,0,0.5,-0.22643,180,0,0,29222
1,-1,0,0.5,-0.226565,180,0,0,29238
0,-2,0,0.5,-0.226835,180,0,0,29255
0,-2,0,0.5,-0.227105,180,0,0,29271
0,-3,0,0.5,-0.22751,180,0,0,29288
-3,-3,-2,0.5,-0.227915,180,0,1,29305
2,0,0,0.5,-0.227915,180,0,1,29322
1,0,0,0.5,-0.227915,180,0,1,29339
0,1,0,0.5,-0.22778,180,0,1,29355
0,0,0,0.5,-0.22778,180,0,1,29372
0,1,0,0.5,-0.227645,180,0,0,29388
0,0,0,0.5,-0.227645,180,0,0,29405
0,-1,0,0.5,-0.22778,180,0,0,29421
0,-1,0,0.5,-0.227915,180,0,0,29438
0,-1,0,0.5,-0.22805,180,0,1,29455
0,0,0,0.5,-0.22805,180,0,1,29471
0,3,0,0.5,-0.227645,180,0,1,29488
0,2,0,0.5,-0.227375,180,0,1,29505
0,1,0,0.5,-0.22724,180,0,1,29522
0,0,0,0.5,-0.22724,180,0,0,29538
0,0,0,0.5,-0.22724,180,0,0,29555
0,-4,0,0.5,-0.22778,180,0,0,29572
0,-2,0,0.5,-0.22805,180,0,0,29588
0,-1,0,0.5,-0.228185,180,0,1,29605
0,0,0,0.5,-0.228185,180,0,1,29621
0,1,0,0.5,-0.22805,180,0,1,29638
0,3,0,0.5,-0.227645,180,0,1,29655
0,2,0,0.5,-0.227375,180,0,1,29672
0,0,0,0.5,-0.227375,180,0,0,29688
0,0,0,0.5,-0.227375,180,0,0,29705
0,0,0,0.5,-0.227375,180,0,0,29721
0,-3,0,0.5,-0.22778,180,0,0,29738
0,-1,0,0.5,-0.227915,180,0,0,29755
0,-1,0,0.5,-0.22805,180,0,0,29771
0,0,0,0.5,-0.22805,180,0,0,29788
0,0,0,0.5,-0.22805,180,0,1,29805
0,0,0,0.5,-0.22805,180,0,1,29821
0,1,0,0.5,-0.227915,180,0,1,29838
0,3,0,0.5,-0.22751,180,0,1,29855
0,-3,0,0.5,-0.227915,180,0,0,29872
0,0,0,0.5,-0.227915,180,0,0,29888
0,-11,0,0.5,-0.2294,180,0,0,29905
0,-8,0,0.5,-0.23048,180,0,0,29922
0,-9,0,0.5,-0.231695,180,0,0,29938
0,-12,0,0.5,-0.233315,180,0,0,29956
0,-11,0,0.5,-0.2348,180,0,0,29972
0,-13,0,0.5,-0.236555,180,0,1,29988
0,-13,0,0.5,-0.23831,180,0,1,30006
0,-14,0,0.5,-0.2402,180,0,0,30023
0,-12,0,0.5,-0.24182,180,0,0,30038
0,-12,0,0.5,-0.24344,180,0,0,30055
0,-11,0,0.5,-0.244925,180,0,0,30072
0,-7,0,0.5,-0.24587,180,0,0,30088
0,-2,0,0.5,-0.24614,180,0,0,30106
0,0,0,0.5,-0.24614,180,0,0,30122
0,7,1,0.5,-0.245195,180,0,0,30138
0,10,1,0.5,-0.243845,180,0,0,30156
0,11,2,0.5,-0.24236,180,0,0,30174
0,13,2,0.5,-0.240605,180,0,0,30189
0,19,2,0.5,-0.23804,180,0,0,30208
0,23,0,0.5,-0.234935,180,0,0,30224
0,27,-1,0.5,-0.23129,180,0,1,30239
0,26,-2,0.5,-0.22778,180,0,1,30258
4,58,-4,0.5,-0.21995,180,0,1,30273
0,30,-2,0.5,-0.2159,180,0,1,30290
0,29,-4,0.5,-0.211985,180,0,0,30306
0,30,-5,0.5,-0.207935,180,0,0,30323
0,28,-5,0.5,-0.204155,180,0,0,30340
-1,26,-4,0.5,-0.200645,180,0,0,30357
0,13,-2,0.5,-0.19889,180,0,0,30372
4,-2,-1,0.5,-0.19916,180,0,0,30388
1,1,1,0.5,-0.199025,180,0,0,30406
-1,6,1,0.5,-0.198215,180,0,1,30426
2,3,2,0.5,-0.19781,180,0,1,30441
-3,2,1,0.5,-0.19754,180,0,1,30455
3,1,0,0.5,-0.197405,180,0,1,30471
0,0,0,0.5,-0.197405,180,0,1,30488
0,-7,-4,0.5,-0.19835,180,0,0,30507
0,-6,-5,0.5,-0.19916,180,0,0,30523
0,-5,-6,0.5,-0.199835,180,0,0,30539
0,-2,-7,0.5,-0.200105,180,0,0,30557
0,2,-7,0.5,-0.199835,180,0,0,30574
0,7,-7,0.5,-0.19889,180,0,0,30590
0,12,-8,0.5,-0.19727,180,0,0,30610
1,19,-8,0.5,-0.194705,180,0,0,30627
0,24,-8,0.5,-0.191465,180,0,0,30642
0,62,-16,0.5,-0.183095,180,0,0,30662
0,37,-8,0.5,-0.1781,180,0,0,30675
0,42,-10,0.5,-0.17243,180,0,0,30691
0,41,-8,0.5,-0.166895,180,0,0,30708
0,42,-7,0.5,-0.161225,180,0,0,30725
0,38,-5,0.5,-0.156095,180,0,0,30739
0,29,-4,0.5,-0.15218,180,0,0,30756
0,26,-4,0.5,-0.14867,180,0,0,30773
0,23,-4,0.5,-0.145565,180,0,0,30789
0,18,-4,0.5,-0.143135,180,0,0,30806
0,14,-4,0.5,-0.141245,180,0,0,30825
0,12,-4,0.5,-0.139625,180,0,0,30839
0,14,-5,0.5,-0.137735,180,0,0,30857
0,14,-4,0.5,-0.135845,180,0,0,30874
0,19,-4,0.5,-0.13328,180,0,0,30889
0,26,-5,0.5,-0.12977,180,0,0,30907
0,34,-5,0.5,-0.12518,180,0,0,30924
0,41,-7,0.5,-0.119645,180,0,0,30940
-3,45,-8,0.5,-0.11357,180,0,0,30958
-3,45,-7,0.5,-0.107495,180,0,0,30974
0,29,-2,0.5,-0.10358,180,0,0,30989
0,18,0,0.5,-0.10115,180,0,0,31007
0,12,2,0.5,-0.09953,180,0,0,31022
0,6,3,0.5,-0.09872,180,0,0,31039
-1,1,5,0.5,-0.098585,180,0,0,31057
-1,-3,5,0.5,-0.09899,180,0,0,31073
-1,1,0,0.5,-0.098855,180,0,0,31088
1,5,-1,0.5,-0.09818,180,0,0,31107
-7,9,-7,0.5,-0.096965,180,0,0,31123
-8,14,-7,0.5,-0.095075,180,0,0,31140
7,19,-2,0.5,-0.09251,180,0,0,31156
0,24,-6,0.5,-0.08927,180,0,0,31174
0,28,-7,0.5,-0.08549,180,0,0,31190
0,34,-8,0.5,-0.0809,180,0,0,31208
0,40,-7,0.5,-0.0755,180,0,0,31223
2,43,-7,0.5,-0.069695,180,0,0,31240
0,46,-6,0.5,-0.063485,180,0,0,31259
-2,45,-8,0.5,-0.05741,180,0,0,31274
0,39,-4,0.5,-0.052145,180,0,0,31290
0,30,-2,0.5,-0.048095,180,0,0,31308
0,24,-1,0.5,-0.044855,180,0,0,31322
0,17,-2,0.5,-0.04256,180,0,0,31339
0,17,-2,0.5,-0.040265,180,0,0,31357
0,18,-3,0.5,-0.037835,180,0,0,31372
0,19,-3,0.5,-0.03527,180,0,0,31390
0,24,-3,0.5,-0.03203,180,0,0,31409
0,31,-2,0.5,-0.027845,180,0,0,31422
1,34,-2,0.5,-0.023255,180,0,0,31439
0,82,-5,0.5,-0.012185,180,0,0,31461
0,41,0,0.5,-0.00665,180,0,0,31474
0,41,0,0.5,-0.001115,180,0,0,31490
-2,36,0,0.5,0.003745,180,0,0,31506
5,33,4,0.5,0.0082,180,0,0,31522
-3,26,1,0.5,0.01171,180,0,0,31539
0,19,4,0.5,0.014275,180,0,0,31556
0,12,4,0.5,0.015895,180,0,0,31573
0,5,4,0.5,0.01657,180,0,0,31590
0,2,4,0.5,0.01684,180,0,0,31612
1,-2,4,0.5,0.01657,180,0,0,31624
-1,-4,2,0.5,0.01603,180,0,0,31639
2,-3,3,0.5,0.015625,180,0,0,31656
0,1,2,0.5,0.01576,180,0,0,31672
0,7,2,0.5,0.016705,180,0,0,31689
-2,12,1,0.5,0.018325,180,0,0,31705
0,15,2,0.5,0.02035,180,0,0,31722
1,23,3,0.5,0.023455,180,0,0,31741
1,25,1,0.5,0.02683,180,0,0,31756
0,31,2,0.5,0.031015,180,0,0,31772
0,37,2,0.5,0.03601,180,0,0,31792
-3,39,-2,0.5,0.041275,180,0,0,31805
2,44,0,0.5,0.047215,180,0,0,31822
0,41,0,0.5,0.05275,180,0,0,31838
0,38,0,0.5,0.05788,180,0,0,31857
-1,54,3,0.5,0.06517,180,0,0,31874
0,18,3,0.5,0.0676,180,0,0,31889
0,13,3,0.5,0.069355,180,0,0,31907
0,6,3,0.5,0.070165,180,0,0,31922
0,2,3,0.5,0.070435,180,0,0,31939
4,-1,4,0.5,0.0703,180,0,0,31957
0,-5,3,0.5,0.069625,180,0,0,31974
-1,-3,2,0.5,0.06922,180,0,0,31989
0,-4,1,0.5,0.06868,180,0,0,32006
0,-4,1,0.5,0.06814,180,0,0,32022
0,-1,1,0.5,0.068005,180,0,0,32039
0,0,2,0.5,0.068005,180,0,0,32057
-1,4,0,0.5,0.068545,180,0,0,32072
0,5,0,0.5,0.06922,180,0,0,32088
0,6,1,0.5,0.07003,180,0,0,32105
0,7,0,0.5,0.070975,180,0,0,32122
0,11,0,0.5,0.07246,180,0,0,32138
0,13,0,0.5,0.074215,180,0,0,32156
0,15,0,0.5,0.07624,180,0,0,32171
0,15,0,0.5,0.078265,180,0,0,32188
0,15,0,0.5,0.08029,180,0,0,32206
0,18,0,0.5,0.08272,180,0,0,32223
0,16,0,0.5,0.08488,180,0,0,32238
-3,18,-1,0.5,0.08731,180,0,0,32256
-11,36,-11,0.5,0.09217,180,0,0,32275
-9,22,-10,0.5,0.09514,180,0,0,32291
2,25,-11,0.5,0.098515,180,0,0,32309
1,27,-11,0.5,0.10216,180,0,0,32325
-1,28,-13,0.5,0.10594,180,0,0,32344
-2,27,-14,0.5,0.109585,180,0,0,32360
0,23,-12,0.5,0.11269,180,0,0,32375
1,17,-9,0.5,0.114985,180,0,0,32398
1,13,-6,0.5,0.11674,180,0,0,32410
2,10,-2,0.5,0.11809,180,0,0,32422
-6,4,-6,0.5,0.11863,180,0,0,32440
0,0,-2,0.5,0.11863,180,0,0,32456
0,-2,-1,0.5,0.11836,180,0,0,32472
0,0,0,0.5,0.11836,180,0,0,32488
1,-3,0,0.5,0.117955,180,0,0,32505
3,-2,1,0.5,0.117685,180,0,0,32522
0,0,2,0.5,0.117685,180,0,0,32539
1,-1,0,0.5,0.11755,180,0,0,32556
0,4,1,0.5,0.11809,180,0,0,32572
-1,7,0,0.5,0.119035,180,0,0,32588
0,10,0,0.5,0.120385,180,0,0,32605
0,11,0,0.5,0.12187,180,0,0,32622
0,11,-1,0.5,0.123355,180,0,0,32639
-5,14,-4,0.5,0.125245,180,0,0,32657
0,18,-1,0.5,0.127675,180,0,0,32672
0,44,-8,0.5,0.133615,180,0,0,32691
0,19,-5,0.5,0.13618,180,0,0,32707
0,15,-6,0.5,0.138205,180,0,0,32723
-1,12,-10,0.5,0.139825,180,0,0,32742
0,10,-8,0.5,0.141175,180,0,0,32758
0,10,-8,0.5,0.142525,180,0,0,32774
0,14,-8,0.5,0.144415,180,0,0,32791
0,17,-7,0.5,0.14671,180,0,0,32808
-1,21,-8,0.5,0.149545,180,0,0,32828
-1,23,-2,0.5,0.15265,180,0,0,32839
0,24,-4,0.5,0.15589,180,0,0,32858
3,26,-4,0.5,0.1594,180,0,0,32872
0,24,-3,0.5,0.16264,180,0,0,32889
-1,23,-4,0.5,0.165745,180,0,0,32909
0,20,-1,0.5,0.168445,180,0,0,32922
0,21,-2,0.5,0.17128,180,0,0,32939
0,18,-3,0.5,0.17371,180,0,0,32960
4,20,-2,0.5,0.17641,180,0,0,32972
0,16,-3,0.5,0.17857,180,0,0,32990
0,19,-4,0.5,0.181135,180,0,0,33007
0,21,-3,0.5,0.18397,180,0,0,33022
0,21,-3,0.5,0.186805,180,0,0,33039
0,20,-3,0.5,0.189505,180,0,0,33057
0,41,-3,0.5,0.19504,180,0,0,33072
0,21,-4,0.5,0.197875,180,0,0,33089
9,21,3,0.5,0.20071,180,0,0,33110
10,20,2,0.5,0.20341,180,0,0,33123
-5,18,-2,0.5,0.20584,180,0,0,33140
4,18,5,0.5,0.20827,180,0,0,33159
2,17,2,0.5,0.210565,180,0,0,33174
1,17,2,0.5,0.21286,180,0,0,33189
-1,16,3,0.5,0.21502,180,0,0,33206
0,16,3,0.5,0.21718,180,0,0,33226
0,15,4,0.5,0.219205,180,0,0,33241
0,19,5,0.5,0.22177,180,0,0,33256
0,20,5,0.5,0.22447,180,0,0,33273
0,21,5,0.5,0.227305,180,0,0,33289
0,22,5,0.5,0.230275,180,0,0,33306
0,22,4,0.5,0.233245,180,0,0,33323
0,19,4,0.5,0.23581,180,0,0,33339
0,15,3,0.5,0.237835,180,0,0,33356
0,9,1,0.5,0.23905,180,0,0,33372
0,3,0,0.5,0.239455,180,0,0,33389
0,0,0,0.5,0.239455,180,0,0,33405
0,-9,0,0.5,0.23824,180,0,0,33421
0,-12,0,0.5,0.23662,180,0,0,33438
0,-16,-1,0.5,0.23446,180,0,0,33455
0,-18,-2,0.5,0.23203,180,0,0,33472
0,-17,-2,0.5,0.229735,180,0,0,33491
0,-34,-4,0.5,0.225145,180,0,0,33507
0,-12,-1,0.5,0.223525,180,0,0,33522
0,-10,0,0.5,0.222175,180,0,0,33538
0,-5,0,0.5,0.2215,180,0,0,33555
0,-2,-1,0.5,0.22123,180,0,0,33572
0,3,-1,0.5,0.221635,180,0,0,33589
0,7,-1,0.5,0.22258,180,0,0,33606
0,10,0,0.5,0.22393,180,0,0,33622
0,11,-1,0.5,0.225415,180,0,1,33639
0,9,-2,0.5,0.22663,180,0,1,33655
0,7,-3,0.5,0.227575,180,0,0,33673
0,7,-3,0.5,0.22852,180,0,0,33690
0,8,-2,0.5,0.2296,180,0,0,33706
-1,9,-2,0.5,0.230815,180,0,0,33722
0,13,-4,0.5,0.23257,180,0,0,33740
0,15,-3,0.5,0.234595,180,0,0,33756
2,17,-3,0.5,0.23689,180,0,0,33773
0,18,-3,0.5,0.23932,180,0,0,33789
-5,19,-6,0.5,0.241885,180,0,0,33806
0,20,-6,0.5,0.244585,180,0,0,33823
0,21,-5,0.5,0.24742,180,0,0,33841
0,25,-7,0.5,0.250795,180,0,0,33858
0,32,-9,0.5,0.255115,180,0,0,33876
3,74,-23,0.5,0.265105,180,0,0,33895
0,35,-11,0.5,0.26983,180,0,0,33909
0,11,-4,0.5,0.271315,180,0,0,33923
-4,3,-2,0.5,0.27172,180,0,0,33938
0,18,-6,0.5,0.27415,180,0,0,33957
0,12,-4,0.5,0.27577,180,0,0,33975
0,10,-4,0.5,0.27712,180,0,0,33989
2,5,-2,0.5,0.277795,180,0,0,34006
0,1,0,0.5,0.27793,180,0,0,34022
0,0,-2,0.5,0.27793,180,0,0,34039
-6,-1,-3,0.5,0.277795,180,0,0,34056
0,1,-1,0.5,0.27793,180,0,0,34075
0,8,-1,0.5,0.27901,180,0,0,34088
0,14,0,0.5,0.2809,180,0,0,34105
0,18,0,0.5,0.28333,180,0,0,34121
1,23,0,0.5,0.286435,180,0,0,34138
-1,27,0,0.5,0.29008,180,0,0,34156
-1,29,0,0.5,0.293995,180,0,0,34171
1,26,0,0.5,0.297505,180,0,0,34188
-1,22,0,0.5,0.300475,180,0,0,34205
1,21,-1,0.5,0.30331,180,0,0,34222
0,20,-1,0.5,0.30601,180,0,0,34238
2,18,0,0.5,0.30844,180,0,0,34255
-2,22,-2,0.5,0.31141,180,0,0,34275
-1,4,1,0.5,0.31195,180,0,0,34288
5,0,2,0.5,0.31195,180,0,0,34306
1,-1,0,0.5,0.311815,180,0,0,34324
1,-6,-1,0.5,0.311005,180,0,0,34338
0,-9,-2,0.5,0.30979,180,0,0,34357
0,-8,-2,0.5,0.30871,180,0,0,34373
0,-7,-1,0.5,0.307765,180,0,0,34391
0,-8,0,0.5,0.306685,180,0,0,34405
2,-7,1,0.5,0.30574,180,0,0,34424
2,-7,1,0.5,0.304795,180,0,0,34439
-3,-7,-1,0.5,0.30385,180,0,0,34455
0,-3,0,0.5,0.303445,180,0,0,34472
0,-2,0,0.5,0.303175,180,0,0,34488
0,-1,1,0.5,0.30304,180,0,0,34505
0,0,0,0.5,0.30304,180,0,0,34523
0,2,1,0.5,0.30331,180,0,0,34538
0,5,0,0.5,0.303985,180,0,0,34556
0,8,-1,0.5,0.305065,180,0,0,34574
0,9,-1,0.5,0.30628,180,0,1,34589
0,8,-3,0.5,0.30736,180,0,1,34607
0,7,-5,0.5,0.308305,180,0,0,34625
0,7,-5,0.5,0.30925,180,0,0,34641
0,7,-6,0.5,0.310195,180,0,0,34659
0,10,-6,0.5,0.311545,180,0,0,34674
0,27,-13,0.5,0.31519,180,0,0,34693
-1,18,-5,0.5,0.31762,180,0,0,34710
2,19,-5,0.5,0.320185,180,0,0,34724
0,21,-6,0.5,0.32302,180,0,0,34740
0,21,-7,0.5,0.325855,180,0,0,34761
-3,20,-7,0.5,0.328555,180,0,0,34774
-1,20,-5,0.5,0.331255,180,0,0,34789
0,20,-5,0.5,0.333955,180,0,0,34807
0,22,-5,0.5,0.336925,180,0,0,34824
0,24,-5,0.5,0.340165,180,0,0,34840
3,27,-4,0.5,0.34381,180,0,0,34856
0,31,-6,0.5,0.347995,180,0,0,34873
0,29,-5,0.5,0.35191,180,0,0,34889
0,27,-4,0.5,0.355555,180,0,0,34906
-2,24,-5,0.5,0.358795,180,0,0,34923
0,21,-3,0.5,0.36163,180,0,0,34941
0,18,-3,0.5,0.36406,180,0,0,34956
0,17,-4,0.5,0.366355,180,0,0,34973
4,16,-1,0.5,0.368515,180,0,0,34989
0,14,-3,0.5,0.370405,180,0,0,35006
0,13,-2,0.5,0.37216,180,0,0,35022
0,12,-3,0.5,0.37378,180,0,0,35040
1,9,-2,0.5,0.374995,180,0,0,35056
0,6,-2,0.5,0.375805,180,0,0,35073
0,6,-2,0.5,0.376615,180,0,0,35089
0,0,0,0.5,0.376615,180,0,0,35105
0,-8,1,0.5,0.375535,180,0,0,35122
0,-11,1,0.5,0.37405,180,0,0,35138
-3,-14,-2,0.5,0.37216,180,0,0,35156
0,-16,0,0.5,0.37,180,0,0,35172
0,-16,0,0.5,0.36784,180,0,0,35188
0,-18,0,0.5,0.36541,180,0,0,35205
0,-16,0,0.5,0.36325,180,0,0,35222
-1,-14,0,0.5,0.36136,180,0,0,35238
1,-8,0,0.5,0.36028,180,0,0,35255
5,-2,1,0.5,0.36001,180,0,0,35271
0,3,0,0.5,0.360415,180,0,0,35288
0,11,0,0.5,0.3619,180,0,0,35305
0,15,0,0.5,0.363925,180,0,0,35322
0,19,0,0.5,0.36649,180,0,0,35338
0,24,0,0.5,0.36973,180,0,0,35355
0,27,0,0.5,0.373375,180,0,0,35371
0,31,0,0.5,0.37756,180,0,0,35388
-1,35,1,0.5,0.382285,180,0,0,35405
1,36,0,0.5,0.387145,180,0,0,35421
0,36,0,0.5,0.392005,180,0,0,35438
-1,68,0,0.5,0.401185,180,0,0,35457
0,0,0,0.5,0.401185,180,0,0,35472
-2,50,-2,0.5,0.407935,180,0,0,35489
1,21,1,0.5,0.41077,180,0,0,35505
2,18,1,0.5,0.4132,180,0,0,35523
2,14,1,0.5,0.41509,180,0,0,35539
-2,14,-1,0.5,0.41698,180,0,0,35556
0,14,1,0.5,0.41887,180,0,0,35573
5,16,2,0.5,0.42103,180,0,0,35590
-3,17,0,0.5,0.423325,180,0,0,35607
0,20,0,0.5,0.426025,180,0,0,35622
0,19,0,0.5,0.42859,180,0,0,35638
0,19,0,0.5,0.431155,180,0,0,35655
0,18,1,0.5,0.433585,180,0,0,35675
0,12,0,0.5,0.435205,180,0,0,35688
0,6,-1,0.5,0.436015,180,0,0,35706
0,0,-1,0.5,0.436015,180,0,0,35722
0,-4,-1,0.5,0.435475,180,0,0,35740
0,-9,-1,0.5,0.43426,180,0,0,35756
0,-14,0,0.5,0.43237,180,0,0,35773
0,-13,0,0.5,0.430615,180,0,0,35788
0,-17,0,0.5,0.42832,180,0,0,35805
0,-17,1,0.5,0.426025,180,0,0,35822
0,-16,1,0.5,0.423865,180,0,0,35838
0,-17,0,0.5,0.42157,180,0,0,35855
0,-35,1,0.5,0.416845,180,0,0,35876
0,-14,0,0.5,0.414955,180,0,0,35888
0,-13,0,0.5,0.4132,180,0,0,35905
0,-10,0,0.5,0.41185,180,0,0,35922
0,-7,-2,0.5,0.410905,180,0,0,35938
0,-5,-2,0.5,0.41023,180,0,0,35955
0,-3,-2,0.5,0.409825,180,0,0,35973
0,-2,-3,0.5,0.409555,180,0,0,35989
2,-1,-2,0.5,0.40942,180,0,0,36006
-2,0,-3,0.5,0.40942,180,0,0,36023
0,0,-3,0.5,0.40942,180,0,0,36043
1,-2,-4,0.5,0.40915,180,0,0,36059
0,-1,-2,0.5,0.409015,180,0,0,36073
0,-3,-2,0.5,0.40861,180,0,0,36089
0,-2,-1,0.5,0.40834,180,0,0,36105
0,-2,0,0.5,0.40807,180,0,0,36122
-1,-2,0,0.5,0.4078,180,0,0,36138
1,-2,0,0.5,0.40753,180,0,0,36155
0,-1,0,0.5,0.407395,180,0,0,36171
0,-1,0,0.5,0.40726,180,0,0,36188
0,-1,0,0.5,0.407125,180,0,0,36205
0,-1,0,0.5,0.40699,180,0,0,36225
0,0,0,0.5,0.40699,180,0,0,36238
0,0,0,0.5,0.40699,180,0,0,36254
0,11,1,0.5,0.408475,180,0,0,36273
0,9,0,0.5,0.40969,180,0,0,36290
0,13,1,0.5,0.411445,180,0,0,36306
0,16,1,0.5,0.413605,180,0,0,36322
1,18,3,0.5,0.416035,180,0,0,36341
-1,20,1,0.5,0.418735,180,0,0,36356
-1,19,3,0.5,0.4213,180,0,0,36373
0,24,2,0.5,0.42454,180,0,0,36389
0,27,3,0.5,0.428185,180,0,0,36407
0,29,2,0.5,0.4321,180,0,0,36422
0,36,4,0.5,0.43696,180,0,0,36439
0,41,4,0.5,0.442495,180,0,0,36456
0,38,4,0.5,0.447625,180,0,0,36473
0,43,5,0.5,0.45343,180,0,0,36489
0,42,5,0.5,0.4591,180,0,0,36507
3,41,7,0.5,0.464635,180,0,0,36523
-1,39,6,0.5,0.4699,180,0,0,36540
0,31,4,0.5,0.474085,180,0,0,36556
4,20,7,0.5,0.476785,180,0,0,36581
4,11,8,0.5,0.47827,180,0,0,36591
-4,4,2,0.5,0.47881,180,0,0,36606
-2,-3,4,0.5,0.478405,180,0,0,36624
0,-6,3,0.5,0.477595,180,0,0,36640
0,-11,2,0.5,0.47611,180,0,0,36655
-2,-9,0,0.5,0.474895,180,0,0,36672
6,-7,3,0.5,0.47395,180,0,0,36689
0,5,-3,0.5,0.474625,180,0,0,36706
-3,10,-4,0.5,0.475975,180,0,0,36726
-2,12,-2,0.5,0.477595,180,0,0,36740
-1,20,-2,0.5,0.480295,180,0,0,36755
-5,23,-3,0.5,0.4834,180,0,0,36772
-2,27,-1,0.5,0.487045,180,0,0,36789
6,33,3,0.5,0.4915,180,0,0,36809
0,37,1,0.5,0.496495,180,0,0,36822
-2,40,0,0.5,0.501895,180,0,0,36839
0,42,2,0.5,0.507565,180,0,0,36855
-1,36,0,0.5,0.512425,180,0,0,36871
0,34,2,0.5,0.517015,180,0,0,36888
-1,31,2,0.5,0.5212,180,0,0,36905
0,27,3,0.5,0.524845,180,0,0,36923
0,23,5,0.5,0.52795,180,0,0,36940
1,14,6,0.5,0.52984,180,0,0,36956
2,8,6,0.5,0.53092,180,0,0,36972
0,2,4,0.5,0.53119,180,0,0,36989
0,-1,4,0.5,0.531055,180,0,0,37007
0,1,3,0.5,0.53119,180,0,0,37024
-1,4,2,0.5,0.53173,180,0,1,37043
0,7,1,0.5,0.532675,180,0,1,37062
0,25,2,0.5,0.53605,180,0,1,37075
0,0,0,0.5,0.53605,180,0,1,37088
-2,38,0,0.5,0.54118,180,0,0,37108
0,30,0,0.5,0.54523,180,0,0,37123
0,35,1,0.5,0.549955,180,0,0,37138
0,39,0,0.5,0.55522,180,0,0,37155
1,40,0,0.5,0.56062,180,0,0,37172
0,37,3,0.5,0.565615,180,0,0,37189
1,33,5,0.5,0.57007,180,0,0,37206
4,26,8,0.5,0.57358,180,0,0,37225
0,18,7,0.5,0.57601,180,0,0,37241
0,17,11,0.5,0.578305,180,0,0,37264
-4,9,9,0.5,0.57952,180,0,0,37274
0,10,10,0.5,0.58087,180,0,0,37291
0,12,9,0.5,0.58249,180,0,0,37308
-1,15,9,0.5,0.584515,180,0,0,37326
0,18,9,0.5,0.586945,180,0,0,37341
0,19,8,0.5,0.58951,180,0,0,37357
0,18,7,0.5,0.59194,180,0,0,37374
0,16,8,0.5,0.5941,180,0,0,37390
0,20,7,0.5,0.5968,180,0,0,37408
0,19,9,0.5,0.599365,180,0,0,37424
0,18,10,0.5,0.601795,180,0,0,37441
0,12,11,0.5,0.603415,180,0,0,37459
4,19,29,0.5,0.60598,180,0,0,37485
0,5,12,0.5,0.606655,180,0,0,37494
0,5,10,0.5,0.60733,180,0,0,37507
0,0,2,0.5,0.60733,180,0,0,37523
-4,16,15,0.5,0.60949,180,0,0,37542
0,13,9,0.5,0.611245,180,0,0,37558
-5,19,5,0.5,0.61381,180,0,0,37575
4,21,10,0.5,0.616645,180,0,0,37591
1,28,8,0.5,0.620425,180,0,0,37606
0,27,8,0.5,0.62407,180,0,0,37625
0,26,10,0.5,0.62758,180,0,0,37641
0,21,12,0.5,0.630415,180,0,0,37658
-2,19,14,0.5,0.63298,180,0,0,37678
-4,14,14,0.5,0.63487,180,0,0,37692
-1,15,17,0.5,0.636895,180,0,0,37710
2,15,19,0.5,0.63892,180,0,0,37729
2,16,18,0.5,0.64108,180,0,0,37742
0,17,16,0.5,0.643375,180,0,0,37758
-6,17,10,0.5,0.64567,180,0,0,37774
0,17,14,0.5,0.647965,180,0,0,37806
1,41,27,0.5,0.6535,180,0,0,37819
0,0,0,0.5,0.6535,180,0,0,37824
0,21,14,0.5,0.656335,180,0,0,37843
-1,23,21,0.5,0.65944,180,0,0,37866
-1,-2,8,0.5,0.65917,180,0,0,37878
-5,-9,1,0.5,0.657955,180,0,0,37890
0,-14,11,0.5,0.656065,180,0,0,37910
-2,-16,14,0.5,0.653905,180,0,0,37927
0,-11,11,0.5,0.65242,180,0,0,37941
-4,-6,6,0.5,0.65161,180,0,0,37957
-2,3,7,0.5,0.652015,180,0,0,37973
0,12,9,0.5,0.653635,180,0,0,37990
0,18,8,0.5,0.656065,180,0,0,38007
1,21,9,0.5,0.6589,180,0,0,38023
0,26,7,0.5,0.66241,180,0,0,38041
-1,28,7,0.5,0.66619,180,0,1,38056
-5,31,6,0.5,0.670375,180,0,1,38073
-9,30,6,0.5,0.674425,180,0,0,38090
1,33,11,0.5,0.67888,180,0,0,38107
0,31,12,0.5,0.683065,180,0,0,38125
0,30,11,0.5,0.687115,180,0,0,38141
-3,29,10,0.5,0.69103,180,0,0,38157
-1,27,10,0.5,0.694675,180,0,0,38174
0,21,11,0.5,0.69751,180,0,0,38191
-2,15,14,0.5,0.699535,180,0,0,38209
7,12,18,0.5,0.701155,180,0,0,38227
-4,9,16,0.5,0.70237,180,0,0,38244
-1,9,18,0.5,0.703585,180,0,0,38261
-1,11,18,0.5,0.70507,180,0,0,38277
-1,32,35,0.5,0.70939,180,0,0,38297
-3,23,15,0.5,0.71,180,0,0,38309
