0,0,0,0.5,-0.71,180,0,0,7281
6,6,0,0.5,-0.70919,180,0,0,8878
0,0,0,0.5,-0.70919,180,0,0,8885
0,0,0,0.5,-0.70919,180,0,0,8894
0,0,0,0.5,-0.70919,180,0,0,8911
0,0,0,0.5,-0.70919,180,0,0,8927
0,0,0,0.5,-0.70919,180,0,0,8944
0,0,0,0.5,-0.70919,180,0,0,8960
0,0,0,0.5,-0.70919,180,0,0,8977
0,0,0,0.5,-0.70919,180,0,0,8994
0,0,0,0.5,-0.70919,180,0,0,9029
0,0,0,0.5,-0.70919,180,0,0,9035
0,0,0,0.5,-0.70919,180,0,0,9045
0,0,0,0.5,-0.70919,180,0,0,9062
0,0,0,0.5,-0.70919,180,0,0,9079
0,0,0,0.5,-0.70919,180,0,0,9095
0,0,0,0.5,-0.70919,180,0,0,9112
0,0,0,0.5,-0.70919,180,0,0,9129
0,0,0,0.5,-0.70919,180,0,0,9145
0,0,0,0.5,-0.70919,180,0,0,9162
0,0,0,0.5,-0.70919,180,0,0,9179
0,0,0,0.5,-0.70919,180,0,0,9195
0,0,0,0.5,-0.70919,180,0,0,9212
0,0,0,0.5,-0.70919,180,0,0,9229
0,0,0,0.5,-0.70919,180,0,0,9246
0,0,0,0.5,-0.70919,180,0,0,9262
0,0,0,0.5,-0.70919,180,0,0,9279
0,0,0,0.5,-0.70919,180,0,0,9296
0,0,0,0.5,-0.70919,180,0,0,9312
0,0,0,0.5,-0.70919,180,0,0,9329
0,0,0,0.5,-0.70919,180,0,0,9345
0,0,0,0.5,-0.70919,180,0,0,9362
0,0,0,0.5,-0.70919,180,0,0,9379
0,0,0,0.5,-0.70919,180,0,0,9395
0,0,0,0.5,-0.70919,180,0,0,9412
-1,0,0,0.5,-0.70919,180,0,0,9429
0,0,0,0.5,-0.70919,180,0,0,9445
0,0,0,0.5,-0.70919,180,0,0,9462
0,0,0,0.5,-0.70919,180,0,0,9479
0,0,0,0.5,-0.70919,180,0,0,9495
0,0,0,0.5,-0.70919,180,0,0,9512
0,0,0,0.5,-0.70919,180,0,0,9529
0,0,0,0.5,-0.70919,180,0,0,9545
0,0,0,0.5,-0.70919,180,0,0,9562
0,0,0,0.5,-0.70919,180,0,0,9579
0,0,0,0.5,-0.70919,180,0,0,9595
0,0,0,0.5,-0.70919,180,0,0,9612
0,0,0,0.5,-0.70919,180,0,0,9629
0,0,0,0.5,-0.70919,180,0,0,9646
0,0,0,0.5,-0.70919,180,0,1,9662
0,0,0,0.5,-0.70919,180,0,1,9679
0,0,0,0.5,-0.70919,180,0,0,9696
0,0,0,0.5,-0.70919,180,0,0,9712
0,0,0,0.5,-0.70919,180,0,0,9729
0,0,0,0.5,-0.70919,180,0,0,9746
0,0,0,0.5,-0.70919,180,0,0,9762
0,0,0,0.5,-0.70919,180,0,0,9779
0,0,0,0.5,-0.70919,180,0,0,9796
0,0,0,0.5,-0.70919,180,0,0,9812
0,0,0,0.5,-0.70919,180,0,0,9829
0,0,0,0.5,-0.70919,180,0,0,9846
0,0,0,0.5,-0.70919,180,0,0,9862
0,0,0,0.5,-0.70919,180,0,0,9879
0,0,0,0.5,-0.70919,180,0,0,9896
0,0,0,0.5,-0.70919,180,0,0,9912
0,0,0,0.5,-0.70919,180,0,0,9929
0,0,0,0.5,-0.70919,180,0,0,9945
0,0,0,0.5,-0.70919,180,0,0,9963
0,0,0,0.5,-0.70919,180,0,0,9980
0,0,0,0.5,-0.70919,180,0,0,10065
0,0,0,0.5,-0.70919,180,0,0,10069
0,0,0,0.5,-0.70919,180,0,0,10082
0,0,0,0.5,-0.70919,180,0,0,10098
0,0,0,0.5,-0.70919,180,0,0,10115
0,0,0,0.5,-0.70919,180,0,0,10132
0,0,0,0.5,-0.70919,180,0,0,10148
0,0,0,0.5,-0.70919,180,0,0,10165
0,0,0,0.5,-0.70919,180,0,0,10182
0,0,0,0.5,-0.70919,180,0,0,10198
0,0,0,0.5,-0.70919,180,0,0,10215
0,0,0,0.5,-0.70919,180,0,0,10232
0,0,0,0.5,-0.70919,180,0,0,10248
0,0,0,0.5,-0.70919,180,0,0,10265
0,0,0,0.5,-0.70919,180,0,0,10282
0,0,0,0.5,-0.70919,180,0,0,10298
0,0,0,0.5,-0.70919,180,0,0,10315
0,0,0,0.5,-0.70919,180,0,0,10332
-1,1,0,0.5,-0.709055,180,0,0,10348
0,0,0,0.5,-0.709055,180,0,0,10365
0,0,0,0.5,-0.709055,180,0,0,10382
0,0,0,0.5,-0.709055,180,0,0,10398
0,0,0,0.5,-0.709055,180,0,0,10415
0,0,0,0.5,-0.709055,180,0,0,10432
0,0,0,0.5,-0.709055,180,0,0,10448
0,0,0,0.5,-0.709055,180,0,0,10465
0,0,0,0.5,-0.709055,180,0,0,10482
0,0,0,0.5,-0.709055,180,0,0,10498
0,0,0,0.5,-0.709055,180,0,0,10515
0,0,0,0.5,-0.709055,180,0,0,10532
0,0,0,0.5,-0.709055,180,0,0,10548
0,0,0,0.5,-0.709055,180,0,0,10565
0,0,0,0.5,-0.709055,180,0,0,10582
0,0,0,0.5,-0.709055,180,0,0,10598
0,0,0,0.5,-0.709055,180,0,0,10615
0,0,0,0.5,-0.709055,180,0,0,10632
0,0,0,0.5,-0.709055,180,0,0,10648
0,0,0,0.5,-0.709055,180,0,0,10665
0,0,0,0.5,-0.709055,180,0,0,10682
0,0,0,0.5,-0.709055,180,0,0,10698
0,0,0,0.5,-0.709055,180,0,0,10715
0,0,0,0.5,-0.709055,180,0,0,10731
0,0,0,0.5,-0.709055,180,0,0,10749
0,0,0,0.5,-0.709055,180,0,0,10765
0,0,0,0.5,-0.709055,180,0,0,10782
0,0,0,0.5,-0.709055,180,0,0,10798
0,0,0,0.5,-0.709055,180,0,0,10815
0,0,0,0.5,-0.709055,180,0,0,10832
0,0,0,0.5,-0.709055,180,0,0,10848
0,0,0,0.5,-0.709055,180,0,0,10865
0,0,0,0.5,-0.709055,180,0,0,10882
0,0,0,0.5,-0.709055,180,0,0,10898
0,0,0,0.5,-0.709055,180,0,0,10915
0,0,0,0.5,-0.709055,180,0,0,10933
0,0,0,0.5,-0.709055,180,0,0,10948
0,0,0,0.5,-0.709055,180,0,0,10965
0,0,0,0.5,-0.709055,180,0,0,10982
0,0,0,0.5,-0.709055,180,0,0,10998
0,0,0,0.5,-0.709055,180,0,0,11112
0,0,0,0.5,-0.709055,180,0,0,11117
0,0,0,0.5,-0.709055,180,0,0,11128
0,0,0,0.5,-0.709055,180,0,0,11145
0,0,0,0.5,-0.709055,180,0,0,11162
0,0,0,0.5,-0.709055,180,0,0,11178
0,0,0,0.5,-0.709055,180,0,0,11195
0,0,0,0.5,-0.709055,180,0,0,11212
0,0,0,0.5,-0.709055,180,0,0,11228
0,0,0,0.5,-0.709055,180,0,0,11245
-1,1,0,0.5,-0.70892,180,0,0,11262
0,0,0,0.5,-0.70892,180,0,0,11279
0,0,0,0.5,-0.70892,180,0,0,11295
0,0,0,0.5,-0.70892,180,0,0,11312
0,0,0,0.5,-0.70892,180,0,0,11328
0,0,0,0.5,-0.70892,180,0,0,11345
0,0,0,0.5,-0.70892,180,0,0,11362
0,0,0,0.5,-0.70892,180,0,0,11378
0,0,0,0.5,-0.70892,180,0,0,11395
0,0,0,0.5,-0.70892,180,0,0,11412
0,0,0,0.5,-0.70892,180,0,0,11429
0,0,0,0.5,-0.70892,180,0,0,11446
0,0,0,0.5,-0.70892,180,0,0,11462
0,0,0,0.5,-0.70892,180,0,0,11478
0,0,0,0.5,-0.70892,180,0,0,11495
0,0,0,0.5,-0.70892,180,0,0,11512
0,0,0,0.5,-0.70892,180,0,0,11528
0,0,0,0.5,-0.70892,180,0,0,11545
0,0,0,0.5,-0.70892,180,0,0,11562
0,0,0,0.5,-0.70892,180,0,0,11578
0,0,0,0.5,-0.70892,180,0,0,11595
0,0,0,0.5,-0.70892,180,0,0,11612
0,0,0,0.5,-0.70892,180,0,0,11628
0,0,0,0.5,-0.70892,180,0,0,11645
0,0,0,0.5,-0.70892,180,0,0,11662
0,0,0,0.5,-0.70892,180,0,0,11678
0,0,0,0.5,-0.70892,180,0,0,11695
0,0,0,0.5,-0.70892,180,0,0,11712
0,0,0,0.5,-0.70892,180,0,0,11728
0,0,0,0.5,-0.70892,180,0,0,11746
0,0,0,0.5,-0.70892,180,0,0,11762
0,0,0,0.5,-0.70892,180,0,0,11778
0,0,0,0.5,-0.70892,180,0,0,11795
0,0,0,0.5,-0.70892,180,0,0,11812
0,0,0,0.5,-0.70892,180,0,0,11828
0,0,0,0.5,-0.70892,180,0,0,11845
0,0,0,0.5,-0.70892,180,0,0,11862
0,0,0,0.5,-0.70892,180,0,0,11878
0,0,0,0.5,-0.70892,180,0,0,11895
0,0,0,0.5,-0.70892,180,0,0,11912
-1,0,-1,0.5,-0.70892,180,0,0,12185
0,0,0,0.5,-0.70892,180,0,0,12188
1,-1,0,0.5,-0.709055,180,0,0,12198
0,0,0,0.5,-0.709055,180,0,0,12214
0,-1,0,0.5,-0.70919,180,0,0,12231
0,0,0,0.5,-0.70919,180,0,0,12247
0,-2,-1,0.5,-0.70946,180,0,0,12265
0,-5,-1,0.5,-0.71,180,0,0,12282
0,-5,0,0.5,-0.71,180,0,0,12298
1,-6,0,0.5,-0.71,180,0,0,12315
0,-4,0,0.5,-0.71,180,0,0,12331
0,-1,0,0.5,-0.71,180,0,0,12348
0,-1,-1,0.5,-0.71,180,0,0,12365
0,-1,-1,0.5,-0.71,180,0,0,12382
0,-2,-1,0.5,-0.71,180,0,0,12398
0,-2,-2,0.5,-0.71,180,0,0,12416
0,-3,-1,0.5,-0.71,180,0,0,12432
1,-4,0,0.5,-0.71,180,0,0,12448
-1,-5,-1,0.5,-0.71,180,0,0,12465
0,-6,0,0.5,-0.71,180,0,0,12482
0,-7,-2,0.5,-0.71,180,0,0,12499
1,-5,-1,0.5,-0.71,180,0,0,12515
0,-5,-1,0.5,-0.71,180,0,0,12532
-5,-3,-3,0.5,-0.71,180,0,0,12549
0,-3,-3,0.5,-0.71,180,0,0,12565
0,0,0,0.5,-0.71,180,0,0,12581
0,-5,-2,0.5,-0.71,180,0,0,12599
0,-2,0,0.5,-0.71,180,0,0,12615
0,-6,-1,0.5,-0.71,180,0,0,12632
0,-7,0,0.5,-0.71,180,0,0,12648
0,-8,-1,0.5,-0.71,180,0,0,12665
0,-8,0,0.5,-0.71,180,0,0,12681
0,-7,0,0.5,-0.71,180,0,0,12699
0,-6,-1,0.5,-0.71,180,0,0,12715
0,-5,-1,0.5,-0.71,180,0,0,12732
0,-6,-1,0.5,-0.71,180,0,0,12748
0,-6,-1,0.5,-0.71,180,0,0,12765
0,-6,-2,0.5,-0.71,180,0,0,12783
0,-4,-1,0.5,-0.71,180,0,0,12800
0,-1,-1,0.5,-0.71,180,0,0,12815
0,-1,-1,0.5,-0.71,180,0,0,12833
0,6,-1,0.5,-0.70919,180,0,0,12849
0,10,0,0.5,-0.70784,180,0,0,12864
0,16,0,0.5,-0.70568,180,0,0,12881
0,19,0,0.5,-0.703115,180,0,0,12899
0,23,0,0.5,-0.70001,180,0,0,12914
0,21,0,0.5,-0.697175,180,0,0,12931
0,25,0,0.5,-0.6938,180,0,0,12948
0,21,1,0.5,-0.690965,180,0,0,12965
0,21,0,0.5,-0.68813,180,0,0,12982
0,47,5,0.5,-0.681785,180,0,0,13003
1,24,1,0.5,-0.678545,180,0,0,13015
0,23,2,0.5,-0.67544,180,0,0,13033
0,23,2,0.5,-0.672335,180,0,0,13050
0,24,2,0.5,-0.669095,180,0,0,13066
0,25,1,0.5,-0.66572,180,0,0,13083
-1,27,2,0.5,-0.662075,180,0,0,13101
-2,29,2,0.5,-0.65816,180,0,0,13117
0,31,2,0.5,-0.653975,180,0,0,13133
0,32,1,0.5,-0.649655,180,0,0,13149
0,29,2,0.5,-0.64574,180,0,0,13166
0,28,2,0.5,-0.64196,180,0,0,13183
2,22,3,0.5,-0.63899,180,0,0,13199
0,19,2,0.5,-0.636425,180,0,0,13216
0,18,2,0.5,-0.633995,180,0,0,13232
0,15,2,0.5,-0.63197,180,0,0,13249
0,13,3,0.5,-0.630215,180,0,0,13266
1,14,3,0.5,-0.628325,180,0,0,13282
-2,15,3,0.5,-0.6263,180,0,0,13299
-1,17,3,0.5,-0.624005,180,0,0,13316
-1,19,1,0.5,-0.62144,180,0,0,13333
1,50,7,0.5,-0.61469,180,0,0,13351
0,30,3,0.5,-0.61064,180,0,0,13366
0,33,3,0.5,-0.606185,180,0,0,13384
0,37,3,0.5,-0.60119,180,0,0,13399
0,37,3,0.5,-0.596195,180,0,0,13416
-1,38,3,0.5,-0.591065,180,0,0,13433
0,37,2,0.5,-0.58607,180,0,0,13449
0,38,2,0.5,-0.58094,180,0,0,13465
0,35,3,0.5,-0.576215,180,0,0,13482
0,32,4,0.5,-0.571895,180,0,0,13500
0,30,4,0.5,-0.567845,180,0,0,13516
0,28,4,0.5,-0.564065,180,0,0,13532
0,27,5,0.5,-0.56042,180,0,0,13557
0,24,3,0.5,-0.55718,180,0,0,13574
0,26,3,0.5,-0.55367,180,0,0,13584
0,26,3,0.5,-0.55016,180,0,0,13599
0,30,3,0.5,-0.54611,180,0,0,13617
-1,28,3,0.5,-0.54233,180,0,0,13633
1,29,1,0.5,-0.538415,180,0,0,13649
-1,29,2,0.5,-0.5345,180,0,0,13666
0,29,0,0.5,-0.530585,180,0,0,13682
1,30,0,0.5,-0.526535,180,0,0,13698
0,32,1,0.5,-0.522215,180,0,0,13717
0,34,1,0.5,-0.517625,180,0,0,13733
0,33,2,0.5,-0.51317,180,0,0,13749
0,31,1,0.5,-0.508985,180,0,0,13765
0,54,4,0.5,-0.501695,180,0,0,13783
1,21,2,0.5,-0.49886,180,0,0,13799
0,17,2,0.5,-0.496565,180,0,0,13818
-3,14,0,0.5,-0.494675,180,0,0,13832
0,10,0,0.5,-0.493325,180,0,0,13848
3,8,2,0.5,-0.492245,180,0,0,13866
0,3,0,0.5,-0.49184,180,0,0,13882
-5,0,-1,0.5,-0.49184,180,0,0,13899
5,-6,1,0.5,-0.49265,180,0,0,13915
-2,-9,0,0.5,-0.493865,180,0,0,13932
0,-10,0,0.5,-0.495215,180,0,0,13948
1,-13,1,0.5,-0.49697,180,0,0,13966
0,-14,0,0.5,-0.49886,180,0,0,13982
0,-17,0,0.5,-0.501155,180,0,0,13999
-1,-16,0,0.5,-0.503315,180,0,0,14017
0,-19,0,0.5,-0.50588,180,0,0,14033
0,-15,0,0.5,-0.507905,180,0,0,14049
0,-11,0,0.5,-0.50939,180,0,0,14065
0,-7,0,0.5,-0.510335,180,0,0,14082
0,-3,-1,0.5,-0.51074,180,0,0,14099
-1,2,-1,0.5,-0.51047,180,0,0,14115
1,9,-1,0.5,-0.509255,180,0,0,14133
-1,13,-1,0.5,-0.5075,180,0,0,14150
1,17,-1,0.5,-0.505205,180,0,0,14165
0,38,-3,0.5,-0.500075,180,0,0,14183
0,22,-4,0.5,-0.497105,180,0,0,14202
0,22,-5,0.5,-0.494135,180,0,0,14215
0,25,-6,0.5,-0.49076,180,0,0,14233
0,28,-6,0.5,-0.48698,180,0,0,14251
0,30,-6,0.5,-0.48293,180,0,0,14267
0,28,-6,0.5,-0.47915,180,0,0,14284
0,30,-6,0.5,-0.4751,180,0,0,14303
0,32,-6,0.5,-0.47078,180,0,0,14316
-1,33,-7,0.5,-0.466325,180,0,0,14335
-1,33,-10,0.5,-0.46187,180,0,0,14352
2,36,-8,0.5,-0.45701,180,0,0,14368
0,34,-9,0.5,-0.45242,180,0,0,14385
0,31,-9,0.5,-0.448235,180,0,0,14402
0,29,-9,0.5,-0.44432,180,0,0,14422
0,26,-8,0.5,-0.44081,180,0,0,14437
2,26,-7,0.5,-0.4373,180,0,0,14453
-3,26,-7,0.5,-0.43379,180,0,0,14466
0,30,-8,0.5,-0.42974,180,0,0,14484
0,30,-6,0.5,-0.42569,180,0,0,14500
0,33,-7,0.5,-0.421235,180,0,0,14517
-4,35,-9,0.5,-0.41651,180,0,0,14535
4,31,-4,0.5,-0.412325,180,0,0,14550
0,56,-9,0.5,-0.404765,180,0,0,14568
0,0,-5,0.5,-0.404765,180,0,0,14583
0,47,-14,0.5,-0.39842,180,0,0,14602
0,0,0,0.5,-0.39842,180,0,0,14614
0,37,-14,0.5,-0.393425,180,0,0,14647
-3,19,-10,0.5,-0.39086,180,0,0,14656
4,20,-5,0.5,-0.38816,180,0,0,14665
0,22,-5,0.5,-0.38519,180,0,0,14683
0,24,-6,0.5,-0.38195,180,0,0,14700
0,25,-6,0.5,-0.378575,180,0,0,14716
0,27,-6,0.5,-0.37493,180,0,0,14735
1,26,-5,0.5,-0.37142,180,0,0,14750
-1,24,-7,0.5,-0.36818,180,0,0,14767
-4,22,-7,0.5,-0.36521,180,0,0,14784
0,17,-5,0.5,-0.362915,180,0,0,14799
0,16,-5,0.5,-0.360755,180,0,0,14816
0,13,-5,0.5,-0.359,180,0,0,14834
0,10,-4,0.5,-0.35765,180,0,0,14849
0,9,-5,0.5,-0.356435,180,0,0,14866
0,6,-5,0.5,-0.355625,180,0,0,14883
0,3,-3,0.5,-0.35522,180,0,0,14899
0,1,-3,0.5,-0.355085,180,0,0,14916
1,0,-1,0.5,-0.355085,180,0,0,14931
-4,-7,-5,0.5,-0.35603,180,0,0,14953
0,0,0,0.5,-0.35603,180,0,0,14964
0,-20,-1,0.5,-0.35873,180,0,0,14982
0,-12,-2,0.5,-0.36035,180,0,0,14999
0,-13,-2,0.5,-0.362105,180,0,0,15016
0,-11,-4,0.5,-0.36359,180,0,0,15032
0,-12,-3,0.5,-0.36521,180,0,0,15049
0,-10,-4,0.5,-0.36656,180,0,0,15066
0,-8,-5,0.5,-0.36764,180,0,0,15083
0,-5,-5,0.5,-0.368315,180,0,0,15100
0,-5,-6,0.5,-0.36899,180,0,0,15118
0,0,-6,0.5,-0.36899,180,0,0,15133
0,5,-7,0.5,-0.368315,180,0,0,15150
0,10,-8,0.5,-0.366965,180,0,0,15167
0,15,-9,0.5,-0.36494,180,0,0,15185
2,21,-8,0.5,-0.362105,180,0,0,15202
-1,21,-8,0.5,-0.35927,180,0,0,15219
0,23,-7,0.5,-0.356165,180,0,0,15234
1,22,-6,0.5,-0.353195,180,0,0,15254
-5,27,-9,0.5,-0.34955,180,0,0,15270
0,27,-8,0.5,-0.345905,180,0,0,15284
0,30,-10,0.5,-0.341855,180,0,0,15303
0,29,-10,0.5,-0.33794,180,0,0,15319
0,31,-10,0.5,-0.333755,180,0,0,15335
0,29,-11,0.5,-0.32984,180,0,0,15354
1,56,-14,0.5,-0.32228,180,0,0,15371
0,25,-7,0.5,-0.318905,180,0,0,15384
-2,24,-20,0.5,-0.315665,180,0,0,15404
0,25,-10,0.5,-0.31229,180,0,0,15417
4,26,-7,0.5,-0.30878,180,0,0,15434
1,27,-8,0.5,-0.305135,180,0,0,15452
0,29,-9,0.5,-0.30122,180,0,0,15468
0,27,-9,0.5,-0.297575,180,0,0,15486
1,27,-10,0.5,-0.29393,180,0,0,15503
1,25,-7,0.5,-0.290555,180,0,0,15517
0,23,-9,0.5,-0.28745,180,0,0,15535
0,18,-8,0.5,-0.28502,180,0,0,15551
0,20,-11,0.5,-0.28232,180,0,0,15568
1,14,-7,0.5,-0.28043,180,0,0,15583
-1,12,-10,0.5,-0.27881,180,0,0,15601
0,10,-10,0.5,-0.27746,180,0,0,15618
0,7,-9,0.5,-0.276515,180,0,0,15634
0,6,-9,0.5,-0.275705,180,0,0,15651
0,4,-7,0.5,-0.275165,180,0,0,15669
-1,2,-7,0.5,-0.274895,180,0,0,15684
0,2,-5,0.5,-0.274625,180,0,0,15700
0,0,-5,0.5,-0.274625,180,0,0,15716
1,-2,-4,0.5,-0.274895,180,0,0,15733
0,-6,-5,0.5,-0.275705,180,0,0,15750
0,-9,-4,0.5,-0.27692,180,0,0,15767
1,-21,-5,0.5,-0.279755,180,0,0,15783
0,-11,-9,0.5,-0.28124,180,0,0,15800
0,-10,-5,0.5,-0.28259,180,0,0,15816
-1,-7,-6,0.5,-0.283535,180,0,0,15835
0,-5,-5,0.5,-0.28421,180,0,0,15850
1,-1,-5,0.5,-0.284345,180,0,0,15866
0,1,-6,0.5,-0.28421,180,0,0,15883
0,4,-7,0.5,-0.28367,180,0,0,15900
0,8,-8,0.5,-0.28259,180,0,0,15918
0,11,-10,0.5,-0.281105,180,0,0,15934
1,12,-10,0.5,-0.279485,180,0,0,15950
0,15,-11,0.5,-0.27746,180,0,0,15969
-2,15,-12,0.5,-0.275435,180,0,0,15984
1,17,-10,0.5,-0.27314,180,0,0,16000
-1,18,-11,0.5,-0.27071,180,0,0,16018
1,16,-9,0.5,-0.26855,180,0,0,16034
-1,17,-11,0.5,-0.266255,180,0,0,16051
0,17,-10,0.5,-0.26396,180,0,0,16068
0,19,-9,0.5,-0.261395,180,0,0,16086
0,18,-10,0.5,-0.258965,180,0,0,16101
0,37,-12,0.5,-0.25397,180,0,0,16120
0,0,-7,0.5,-0.25397,180,0,0,16133
-1,31,-21,0.5,-0.249785,180,1,0,16154
0,0,0,0.5,-0.249785,180,1,0,16166
5,34,-8,0.5,-0.245195,180,1,0,16184
2,19,-18,0.5,-0.24263,180,0,0,16203
-4,23,-11,0.5,-0.239525,180,0,0,16218
0,24,-10,0.5,-0.236285,180,0,0,16235
0,23,-9,0.5,-0.23318,180,0,0,16251
0,23,-10,0.5,-0.230075,180,0,0,16267
0,24,-9,0.5,-0.226835,180,0,0,16284
0,22,-9,0.5,-0.223865,180,0,0,16302
0,23,-9,0.5,-0.22076,180,0,1,16319
0,23,-9,0.5,-0.217655,180,0,1,16335
0,25,-11,0.5,-0.21428,180,0,1,16352
-1,28,-13,0.5,-0.2105,180,0,1,16368
3,28,-12,0.5,-0.20672,180,0,1,16385
3,26,-12,0.5,-0.20321,180,0,1,16403
-1,22,-12,0.5,-0.20024,180,0,1,16418
2,19,-11,0.5,-0.197675,180,0,1,16435
-3,18,-10,0.5,-0.195245,180,0,1,16450
0,15,-10,0.5,-0.19322,180,0,1,16468
0,12,-8,0.5,-0.1916,180,0,0,16484
0,11,-7,0.5,-0.190115,180,0,0,16501
0,10,-6,0.5,-0.188765,180,0,0,16516
0,10,-6,0.5,-0.187415,180,0,0,16534
0,10,-6,0.5,-0.186065,180,0,1,16550
0,23,-10,0.5,-0.18296,180,0,1,16567
3,12,-4,0.5,-0.18134,180,0,1,16583
0,13,-5,0.5,-0.179585,180,0,1,16602
0,13,-3,0.5,-0.17783,180,0,1,16616
-4,14,-4,0.5,-0.17594,180,0,0,16634
0,12,-2,0.5,-0.17432,180,0,0,16649
1,14,0,0.5,-0.17243,180,0,0,16665
5,14,2,0.5,-0.17054,180,0,1,16682
-1,15,0,0.5,-0.168515,180,0,1,16698
0,15,0,0.5,-0.16649,180,0,1,16715
0,17,0,0.5,-0.164195,180,0,1,16732
-1,18,0,0.5,-0.161765,180,0,0,16749
0,16,0,0.5,-0.159605,180,0,0,16765
0,18,0,0.5,-0.157175,180,0,0,16781
0,17,0,0.5,-0.15488,180,0,0,16798
0,18,0,0.5,-0.15245,180,0,0,16815
0,17,0,0.5,-0.150155,180,0,1,16832
0,17,0,0.5,-0.14786,180,0,1,16848
0,16,0,0.5,-0.1457,180,0,1,16865
0,15,-1,0.5,-0.143675,180,0,1,16882
0,14,-1,0.5,-0.141785,180,0,0,16901
1,13,-1,0.5,-0.14003,180,0,0,16916
0,11,-1,0.5,-0.138545,180,0,0,16932
3,21,0,0.5,-0.13571,180,0,0,16949
0,0,0,0.5,-0.13571,180,0,0,16964
0,9,-1,0.5,-0.134495,180,0,0,16981
-3,22,-5,0.5,-0.131525,180,0,1,17000
0,12,-3,0.5,-0.129905,180,0,1,17016
0,9,-2,0.5,-0.12869,180,0,0,17033
-2,8,-2,0.5,-0.12761,180,0,0,17049
0,5,-2,0.5,-0.126935,180,0,0,17066
0,5,-3,0.5,-0.12626,180,0,0,17083
0,4,-3,0.5,-0.12572,180,0,0,17099
0,4,-3,0.5,-0.12518,180,0,0,17116
0,6,-3,0.5,-0.12437,180,0,1,17133
0,5,-4,0.5,-0.123695,180,0,0,17150
0,5,-3,0.5,-0.12302,180,0,0,17165
1,4,-3,0.5,-0.12248,180,0,0,17183
0,3,-2,0.5,-0.122075,180,0,0,17198
1,2,-3,0.5,-0.121805,180,0,0,17215
-1,3,-2,0.5,-0.1214,180,0,0,17233
0,3,-2,0.5,-0.120995,180,0,1,17249
0,3,-2,0.5,-0.12059,180,0,1,17265
0,3,-2,0.5,-0.120185,180,0,1,17284
0,2,-3,0.5,-0.119915,180,0,0,17300
0,2,-2,0.5,-0.119645,180,0,0,17316
0,0,-2,0.5,-0.119645,180,0,0,17333
0,0,-2,0.5,-0.119645,180,0,0,17348
0,1,-3,0.5,-0.11951,180,0,0,17366
-2,2,-4,0.5,-0.11924,180,0,1,17383
-1,4,-2,0.5,-0.1187,180,0,1,17399
0,2,-2,0.5,-0.11843,180,0,1,17417
0,1,-1,0.5,-0.118295,180,0,0,17431
0,0,-2,0.5,-0.118295,180,0,0,17448
0,-1,-1,0.5,-0.11843,180,0,0,17467
0,0,0,0.5,-0.11843,180,0,0,17481
0,0,-1,0.5,-0.11843,180,0,0,17498
-1,1,-1,0.5,-0.118295,180,0,1,17515
0,2,0,0.5,-0.118025,180,0,1,17531
0,3,0,0.5,-0.11762,180,0,0,17548
3,2,1,0.5,-0.11735,180,0,0,17565
0,0,-1,0.5,-0.11735,180,0,0,17581
0,-1,-1,0.5,-0.117485,180,0,0,17598
0,-4,0,0.5,-0.118025,180,0,0,17614
0,-5,-1,0.5,-0.1187,180,0,0,17631
0,-4,-1,0.5,-0.11924,180,0,0,17648
0,-1,0,0.5,-0.119375,180,0,0,17665
-2,-1,-2,0.5,-0.11951,180,0,0,17684
0,0,-2,0.5,-0.11951,180,0,0,17698
-1,1,-2,0.5,-0.119375,180,0,0,17715
0,0,-2,0.5,-0.119375,180,0,0,17733
0,1,-3,0.5,-0.11924,180,0,0,17749
1,0,-2,0.5,-0.11924,180,0,0,17765
0,1,-1,0.5,-0.119105,180,0,0,17782
0,2,-1,0.5,-0.118835,180,0,0,17799
0,2,-1,0.5,-0.118565,180,0,0,17816
0,1,-1,0.5,-0.11843,180,0,0,17835
0,1,-1,0.5,-0.118295,180,0,0,17848
0,0,0,0.5,-0.118295,180,0,0,17864
0,-1,0,0.5,-0.11843,180,0,0,17882
0,0,0,0.5,-0.11843,180,0,0,17898
0,0,0,0.5,-0.11843,180,0,0,17914
0,-1,0,0.5,-0.118565,180,0,0,17932
0,0,0,0.5,-0.118565,180,0,0,17947
0,0,0,0.5,-0.118565,180,0,0,17964
0,-1,0,0.5,-0.1187,180,0,0,17982
0,0,0,0.5,-0.1187,180,0,0,17999
0,0,0,0.5,-0.1187,180,0,0,18014
0,0,-1,0.5,-0.1187,180,0,0,18032
0,0,0,0.5,-0.1187,180,0,0,18048
0,0,0,0.5,-0.1187,180,0,0,18064
0,0,0,0.5,-0.1187,180,0,0,18081
0,0,0,0.5,-0.1187,180,0,0,18099
0,0,0,0.5,-0.1187,180,0,0,18114
0,0,0,0.5,-0.1187,180,0,0,18131
0,1,0,0.5,-0.118565,180,0,0,18148
0,0,0,0.5,-0.118565,180,0,0,18164
0,0,0,0.5,-0.118565,180,0,0,18181
0,0,0,0.5,-0.118565,180,0,0,18198
0,0,0,0.5,-0.118565,180,0,0,18214
0,0,0,0.5,-0.118565,180,0,0,18231
0,0,0,0.5,-0.118565,180,0,0,18248
0,0,0,0.5,-0.118565,180,0,0,18264
0,0,0,0.5,-0.118565,180,0,0,18281
0,0,0,0.5,-0.118565,180,0,0,18297
0,0,0,0.5,-0.118565,180,0,0,18314
0,0,0,0.5,-0.118565,180,0,0,18331
0,0,0,0.5,-0.118565,180,0,0,18348
0,2,0,0.5,-0.118295,180,0,0,18364
0,0,0,0.5,-0.118295,180,0,0,18381
0,0,0,0.5,-0.118295,180,0,0,18398
0,0,1,0.5,-0.118295,180,0,0,18414
0,0,0,0.5,-0.118295,180,0,0,18431
0,0,0,0.5,-0.118295,180,0,0,18448
0,1,0,0.5,-0.11816,180,0,0,18464
0,0,0,0.5,-0.11816,180,0,0,18481
0,1,0,0.5,-0.118025,180,0,0,18498
0,1,0,0.5,-0.11789,180,0,0,18514
0,0,0,0.5,-0.11789,180,0,0,18531
0,0,0,0.5,-0.11789,180,0,0,18547
0,0,0,0.5,-0.11789,180,0,0,18564
0,-1,0,0.5,-0.118025,180,0,0,18581
-1,1,0,0.5,-0.11789,180,0,0,18598
0,0,0,0.5,-0.11789,180,0,0,18614
0,1,0,0.5,-0.117755,180,0,0,18632
0,0,1,0.5,-0.117755,180,0,0,18648
0,1,0,0.5,-0.11762,180,0,0,18664
0,0,1,0.5,-0.11762,180,0,0,18681
0,1,0,0.5,-0.117485,180,0,0,18699
0,0,0,0.5,-0.117485,180,0,0,18714
0,0,0,0.5,-0.117485,180,0,0,18731
0,1,1,0.5,-0.11735,180,0,0,18749
0,1,1,0.5,-0.117215,180,0,0,18765
0,1,1,0.5,-0.11708,180,0,0,18782
0,0,0,0.5,-0.11708,180,0,0,18798
0,1,0,0.5,-0.116945,180,0,0,18815
0,0,0,0.5,-0.116945,180,0,0,18831
0,0,0,0.5,-0.116945,180,0,0,18847
0,0,0,0.5,-0.116945,180,0,0,18864
0,1,0,0.5,-0.11681,180,0,0,18882
0,1,0,0.5,-0.116675,180,0,0,18898
0,1,0,0.5,-0.11654,180,0,0,18914
0,1,0,0.5,-0.116405,180,0,0,18931
0,0,0,0.5,-0.116405,180,0,0,18948
0,0,1,0.5,-0.116405,180,0,0,18964
0,1,0,0.5,-0.11627,180,0,0,18982
0,3,1,0.5,-0.115865,180,0,0,18998
0,3,1,0.5,-0.11546,180,0,1,19015
0,4,1,0.5,-0.11492,180,0,1,19032
0,3,1,0.5,-0.114515,180,0,0,19051
0,2,1,0.5,-0.114245,180,0,0,19065
0,0,1,0.5,-0.114245,180,0,0,19082
0,0,1,0.5,-0.114245,180,0,0,19099
0,1,1,0.5,-0.11411,180,0,0,19115
0,3,1,0.5,-0.113705,180,0,1,19132
0,4,1,0.5,-0.113165,180,0,1,19150
0,4,1,0.5,-0.112625,180,0,1,19165
0,5,1,0.5,-0.11195,180,0,0,19182
0,3,1,0.5,-0.111545,180,0,0,19199
0,2,1,0.5,-0.111275,180,0,0,19215
0,1,1,0.5,-0.11114,180,0,0,19232
0,1,0,0.5,-0.111005,180,0,0,19248
0,1,1,0.5,-0.11087,180,0,1,19265
0,3,1,0.5,-0.110465,180,0,1,19282
1,4,0,0.5,-0.109925,180,0,1,19298
-2,3,1,0.5,-0.10952,180,0,0,19316
0,3,1,0.5,-0.109115,180,0,0,19333
4,1,2,0.5,-0.10898,180,0,0,19349
0,0,0,0.5,-0.10898,180,0,0,19364
0,1,1,0.5,-0.108845,180,0,0,19382
0,2,1,0.5,-0.108575,180,0,1,19398
0,3,1,0.5,-0.10817,180,0,1,19415
0,4,1,0.5,-0.10763,180,0,1,19433
0,2,1,0.5,-0.10736,180,0,0,19450
3,1,3,0.5,-0.107225,180,0,0,19465
-1,1,1,0.5,-0.10709,180,0,0,19483
0,0,0,0.5,-0.10709,180,0,0,19497
-2,0,1,0.5,-0.10709,180,0,0,19515
2,2,2,0.5,-0.10682,180,0,1,19532
0,2,1,0.5,-0.10655,180,0,1,19548
-1,3,1,0.5,-0.106145,180,0,1,19565
0,2,1,0.5,-0.105875,180,0,0,19583
0,2,0,0.5,-0.105605,180,0,0,19600
0,0,1,0.5,-0.105605,180,0,0,19615
6,1,4,0.5,-0.10547,180,0,0,19634
0,0,1,0.5,-0.10547,180,0,0,19649
0,0,1,0.5,-0.10547,180,0,1,19666
-3,1,0,0.5,-0.105335,180,0,1,19683
-1,2,1,0.5,-0.105065,180,0,1,19698
0,2,0,0.5,-0.104795,180,0,1,19716
0,3,2,0.5,-0.10439,180,0,0,19733
0,1,1,0.5,-0.104255,180,0,0,19748
-1,0,2,0.5,-0.104255,180,0,0,19766
0,0,0,0.5,-0.104255,180,0,0,19781
0,0,1,0.5,-0.104255,180,0,0,19798
-2,1,1,0.5,-0.10412,180,0,1,19815
2,2,1,0.5,-0.10385,180,0,1,19832
1,2,0,0.5,-0.10358,180,0,1,19849
-1,0,1,0.5,-0.10358,180,0,0,19865
1,0,0,0.5,-0.10358,180,0,0,19882
0,0,0,0.5,-0.10358,180,0,0,19898
0,-2,1,0.5,-0.10385,180,0,0,19916
0,-1,1,0.5,-0.103985,180,0,0,19932
0,0,0,0.5,-0.103985,180,0,1,19947
0,2,0,0.5,-0.103715,180,0,1,19964
-3,3,0,0.5,-0.10331,180,0,1,19982
0,3,1,0.5,-0.102905,180,0,1,19999
0,2,0,0.5,-0.102635,180,0,0,20015
0,0,1,0.5,-0.102635,180,0,0,20032
-1,0,-1,0.5,-0.102635,180,0,0,20048
0,-2,1,0.5,-0.102905,180,0,0,20065
0,0,0,0.5,-0.102905,180,0,0,20081
2,0,1,0.5,-0.102905,180,0,1,20100
0,1,1,0.5,-0.10277,180,0,1,20115
0,1,1,0.5,-0.102635,180,0,1,20133
-1,0,0,0.5,-0.102635,180,0,0,20151
1,-1,1,0.5,-0.10277,180,0,0,20166
0,-5,0,0.5,-0.103445,180,0,0,20182
0,-3,0,0.5,-0.10385,180,0,0,20198
0,-2,0,0.5,-0.10412,180,0,0,20214
0,-2,0,0.5,-0.10439,180,0,0,20233
0,-2,0,0.5,-0.10466,180,0,0,20248
0,-1,0,0.5,-0.104795,180,0,0,20264
0,-1,0,0.5,-0.10493,180,0,0,20281
1,-2,0,0.5,-0.1052,180,0,0,20298
0,-1,0,0.5,-0.105335,180,0,0,20314
-1,-1,-1,0.5,-0.10547,180,0,0,20331
1,-1,0,0.5,-0.105605,180,0,0,20348
0,0,0,0.5,-0.105605,180,0,0,20364
0,0,0,0.5,-0.105605,180,0,0,20381
0,0,0,0.5,-0.105605,180,0,0,20397
-2,4,0,0.5,-0.105065,180,0,0,20416
0,0,0,0.5,-0.105065,180,0,0,20431
0,0,0,0.5,-0.105065,180,0,0,20448
0,0,0,0.5,-0.105065,180,0,0,20464
-1,0,0,0.5,-0.105065,180,0,0,20482
0,-2,1,0.5,-0.105335,180,0,0,20499
-5,0,-2,0.5,-0.105335,180,0,0,20515
0,-2,0,0.5,-0.105605,180,0,0,20531
0,-1,0,0.5,-0.10574,180,0,0,20548
0,0,-2,0.5,-0.10574,180,0,0,20565
0,2,-1,0.5,-0.10547,180,0,0,20581
0,3,-2,0.5,-0.105065,180,0,0,20598
0,4,0,0.5,-0.104525,180,0,0,20614
0,8,-3,0.5,-0.103445,180,0,0,20633
-1,10,-5,0.5,-0.102095,180,0,0,20650
3,11,-3,0.5,-0.10061,180,0,0,20666
0,12,-4,0.5,-0.09899,180,0,0,20682
0,9,-5,0.5,-0.097775,180,0,0,20700
0,8,-5,0.5,-0.096695,180,0,0,20716
0,7,-5,0.5,-0.09575,180,0,0,20734
0,9,-5,0.5,-0.094535,180,0,0,20749
0,13,-6,0.5,-0.09278,180,0,0,20767
0,16,-6,0.5,-0.09062,180,0,0,20783
0,16,-6,0.5,-0.08846,180,0,0,20799
0,19,-7,0.5,-0.085895,180,0,0,20817
0,17,-7,0.5,-0.0836,180,0,0,20834
0,18,-8,0.5,-0.08117,180,0,0,20850
0,18,-8,0.5,-0.07874,180,0,0,20866
0,15,-6,0.5,-0.076715,180,0,0,20883
0,15,-7,0.5,-0.07469,180,0,0,20900
0,12,-7,0.5,-0.07307,180,0,0,20916
-3,10,-7,0.5,-0.07172,180,0,0,20934
0,18,-6,0.5,-0.06929,180,0,0,20950
4,12,-10,0.5,-0.06767,180,0,0,20967
0,11,-5,0.5,-0.066185,180,0,0,20983
0,13,-5,0.5,-0.06443,180,0,0,20999
-1,15,-4,0.5,-0.062405,180,0,0,21016
0,16,-4,0.5,-0.060245,180,0,0,21033
0,21,-5,0.5,-0.05741,180,0,0,21049
0,13,-2,0.5,-0.055655,180,0,0,21065
0,19,-4,0.5,-0.05309,180,0,0,21083
1,19,-5,0.5,-0.050525,180,0,0,21099
1,17,-3,0.5,-0.04823,180,0,0,21116
4,18,-1,0.5,-0.0458,180,0,0,21132
0,17,-3,0.5,-0.043505,180,0,0,21149
0,16,-2,0.5,-0.041345,180,0,0,21165
0,18,-4,0.5,-0.038915,180,0,0,21184
-1,19,-4,0.5,-0.03635,180,0,0,21199
0,18,-4,0.5,-0.03392,180,0,0,21217
0,23,-4,0.5,-0.030815,180,0,0,21233
0,23,-5,0.5,-0.02771,180,0,0,21249
0,22,-5,0.5,-0.02474,180,0,0,21265
0,21,-5,0.5,-0.021905,180,0,0,21282
0,19,-6,0.5,-0.01934,180,0,0,21301
0,17,-6,0.5,-0.017045,180,0,0,21317
0,19,-6,0.5,-0.01448,180,0,0,21333
-1,49,-14,0.5,-0.007865,180,0,0,21356
0,29,-6,0.5,-0.00395,180,0,0,21366
0,30,-8,0.5,0.0001,180,0,0,21384
1,10,-1,0.5,0.00145,180,0,0,21400
0,31,-6,0.5,0.005635,180,0,0,21416
0,32,-6,0.5,0.009955,180,0,0,21432
0,31,-7,0.5,0.01414,180,0,0,21454
0,31,-9,0.5,0.018325,180,0,0,21467
0,29,-8,0.5,0.02224,180,0,0,21486
0,28,-8,0.5,0.02602,180,0,0,21501
0,24,-8,0.5,0.02926,180,0,0,21516
0,26,-7,0.5,0.03277,180,0,0,21535
0,27,-7,0.5,0.036415,180,0,0,21550
0,28,-7,0.5,0.040195,180,0,0,21566
0,31,-6,0.5,0.04438,180,0,0,21586
0,31,-7,0.5,0.048565,180,0,0,21601
-1,31,-7,0.5,0.05275,180,0,0,21616
1,32,-6,0.5,0.05707,180,0,0,21633
0,30,-6,0.5,0.06112,180,0,0,21651
-1,31,-6,0.5,0.065305,180,0,0,21668
2,30,-8,0.5,0.069355,180,0,0,21684
-5,28,-10,0.5,0.073135,180,0,0,21701
0,24,-9,0.5,0.076375,180,0,0,21716
0,22,-9,0.5,0.079345,180,0,0,21733
-1,47,-19,0.5,0.08569,180,0,0,21754
0,0,0,0.5,0.08569,180,0,0,21764
0,58,-19,0.5,0.09352,180,0,0,21787
0,32,-10,0.5,0.09784,180,0,0,21802
3,34,-9,0.5,0.10243,180,0,0,21817
0,34,-9,0.5,0.10702,180,0,0,21834
0,35,-9,0.5,0.111745,180,0,0,21850
2,35,-7,0.5,0.11647,180,0,0,21867
0,34,-10,0.5,0.12106,180,0,0,21885
0,33,-10,0.5,0.125515,180,0,0,21901
-2,31,-11,0.5,0.1297,180,0,0,21917
0,31,-13,0.5,0.133885,180,0,0,21935
0,28,-12,0.5,0.137665,180,0,0,21951
-1,30,-12,0.5,0.141715,180,0,0,21968
0,31,-11,0.5,0.1459,180,0,0,21984
0,34,-10,0.5,0.15049,180,0,0,22001
0,34,-10,0.5,0.15508,180,0,0,22017
3,36,-9,0.5,0.15994,180,0,0,22035
-1,35,-10,0.5,0.164665,180,0,0,22050
0,37,-11,0.5,0.16966,180,0,0,22067
0,38,-10,0.5,0.17479,180,0,0,22086
-1,40,-13,0.5,0.18019,180,0,0,22103
0,38,-10,0.5,0.18532,180,0,0,22118
0,36,-13,0.5,0.19018,180,0,0,22136
-4,68,-18,0.5,0.19936,180,0,0,22153
-1,33,-26,0.5,0.203815,180,0,0,22172
0,32,-12,0.5,0.208135,180,0,1,22186
0,31,-11,0.5,0.21232,180,0,1,22201
-4,32,-12,0.5,0.21664,180,0,1,22218
3,34,-9,0.5,0.22123,180,0,0,22236
1,35,-9,0.5,0.225955,180,0,0,22251
0,34,-13,0.5,0.230545,180,0,0,22268
0,34,-12,0.5,0.235135,180,0,0,22287
0,32,-13,0.5,0.239455,180,0,0,22300
0,29,-12,0.5,0.24337,180,0,0,22317
0,26,-12,0.5,0.24688,180,0,1,22334
0,23,-12,0.5,0.249985,180,0,1,22350
0,25,-12,0.5,0.25336,180,0,1,22367
0,24,-11,0.5,0.2566,180,0,1,22384
0,25,-10,0.5,0.259975,180,0,0,22400
1,27,-9,0.5,0.26362,180,0,0,22416
2,26,-9,0.5,0.26713,180,0,0,22434
1,26,-8,0.5,0.27064,180,0,0,22450
0,29,-10,0.5,0.274555,180,0,0,22467
0,29,-9,0.5,0.27847,180,0,0,22483
0,32,-9,0.5,0.28279,180,0,0,22501
-2,31,-10,0.5,0.286975,180,0,0,22517
0,30,-10,0.5,0.291025,180,0,0,22534
0,53,-20,0.5,0.29818,180,0,0,22553
0,25,-11,0.5,0.301555,180,0,0,22568
0,28,-11,0.5,0.305335,180,0,0,22585
0,28,-10,0.5,0.309115,180,0,0,22600
0,28,-10,0.5,0.312895,180,0,0,22617
0,30,-10,0.5,0.316945,180,0,0,22633
0,30,-10,0.5,0.320995,180,0,0,22654
4,32,-7,0.5,0.325315,180,0,0,22666
1,30,-9,0.5,0.329365,180,0,0,22686
0,33,-10,0.5,0.33382,180,0,0,22702
0,32,-9,0.5,0.33814,180,0,0,22716
0,31,-12,0.5,0.342325,180,0,0,22735
0,31,-10,0.5,0.34651,180,0,0,22751
0,32,-11,0.5,0.35083,180,0,0,22767
0,32,-11,0.5,0.35515,180,0,0,22785
-5,32,-13,0.5,0.35947,180,0,1,22801
-4,32,-12,0.5,0.36379,180,0,1,22817
1,32,-10,0.5,0.36811,180,0,1,22837
3,31,-7,0.5,0.372295,180,0,1,22849
0,31,-10,0.5,0.37648,180,0,0,22867
1,32,-9,0.5,0.3808,180,0,0,22884
0,28,-10,0.5,0.38458,180,0,0,22900
0,26,-9,0.5,0.38809,180,0,0,22916
0,23,-9,0.5,0.391195,180,0,0,22934
0,22,-9,0.5,0.394165,180,0,0,22950
0,20,-9,0.5,0.396865,180,0,0,22966
0,44,-19,0.5,0.402805,180,0,0,22990
-2,25,-10,0.5,0.40618,180,0,0,23000
-1,26,-9,0.5,0.40969,180,0,0,23017
4,28,-6,0.5,0.41347,180,0,0,23033
0,29,-9,0.5,0.417385,180,0,0,23050
0,31,-8,0.5,0.42157,180,0,0,23066
0,33,-9,0.5,0.426025,180,0,0,23085
0,36,-9,0.5,0.430885,180,0,0,23100
1,36,-9,0.5,0.435745,180,0,0,23117
-3,36,-9,0.5,0.440605,180,0,0,23138
2,36,-9,0.5,0.445465,180,0,0,23155
1,35,-10,0.5,0.45019,180,0,0,23167
0,30,-10,0.5,0.45424,180,0,0,23185
0,28,-10,0.5,0.45802,180,0,0,23201
0,29,-10,0.5,0.461935,180,0,1,23217
-4,32,-11,0.5,0.466255,180,0,0,23235
3,30,-7,0.5,0.470305,180,0,0,23250
1,31,-10,0.5,0.47449,180,0,0,23267
2,28,-8,0.5,0.47827,180,0,0,23286
-1,26,-10,0.5,0.48178,180,0,0,23299
-1,28,-9,0.5,0.48556,180,0,0,23316
0,27,-8,0.5,0.489205,180,0,0,23334
0,28,-9,0.5,0.492985,180,0,0,23350
0,28,-10,0.5,0.496765,180,0,1,23367
-4,52,-21,0.5,0.503785,180,0,1,23393
4,23,-8,0.5,0.50689,180,0,0,23407
0,21,-10,0.5,0.509725,180,0,0,23416
0,20,-11,0.5,0.512425,180,0,0,23435
0,20,-10,0.5,0.515125,180,0,0,23450
1,22,-9,0.5,0.518095,180,0,0,23467
0,24,-9,0.5,0.521335,180,0,0,23486
0,23,-9,0.5,0.52444,180,0,0,23500
0,26,-9,0.5,0.52795,180,0,0,23516
0,24,-8,0.5,0.53119,180,0,0,23537
0,27,-9,0.5,0.534835,180,0,0,23551
0,24,-10,0.5,0.538075,180,0,0,23568
0,27,-9,0.5,0.54172,180,0,1,23585
0,29,-10,0.5,0.545635,180,0,1,23601
0,28,-11,0.5,0.549415,180,0,0,23618
-3,27,-12,0.5,0.55306,180,0,0,23636
0,27,-12,0.5,0.556705,180,0,0,23650
3,28,-12,0.5,0.560485,180,0,0,23668
-3,27,-12,0.5,0.56413,180,0,0,23685
0,29,-12,0.5,0.568045,180,0,0,23701
-1,30,-11,0.5,0.572095,180,0,0,23717
-3,63,-23,0.5,0.5806,180,0,0,23739
4,31,-8,0.5,0.584785,180,0,0,23751
0,29,-11,0.5,0.5887,180,0,0,23768
1,30,-11,0.5,0.59275,180,0,0,23784
0,0,0,0.5,0.59275,180,0,0,23797
0,45,-25,0.5,0.598825,180,0,0,23822
0,25,-13,0.5,0.6022,180,0,0,23836
0,26,-12,0.5,0.60571,180,0,1,23853
0,29,-12,0.5,0.609625,180,0,1,23869
0,28,-11,0.5,0.613405,180,0,0,23886
0,31,-12,0.5,0.61759,180,0,0,23901
1,29,-10,0.5,0.621505,180,0,0,23917
-3,30,-13,0.5,0.625555,180,0,0,23935
0,29,-11,0.5,0.62947,180,0,0,23951
0,28,-11,0.5,0.63325,180,0,0,23967
0,25,-12,0.5,0.636625,180,0,0,23984
0,24,-13,0.5,0.639865,180,0,0,24001
0,19,-13,0.5,0.64243,180,0,0,24018
0,19,-13,0.5,0.644995,180,0,0,24037
0,20,-13,0.5,0.647695,180,0,0,24051
0,24,-12,0.5,0.650935,180,0,0,24073
-1,28,-12,0.5,0.654715,180,0,0,24086
-1,31,-12,0.5,0.6589,180,0,0,24102
0,30,-10,0.5,0.66295,180,0,0,24118
0,32,-12,0.5,0.66727,180,0,0,24135
5,70,-14,0.5,0.67672,180,0,0,24153
0,37,-17,0.5,0.681715,180,0,0,24169
0,37,-15,0.5,0.68671,180,0,0,24185
0,36,-14,0.5,0.69157,180,0,1,24204
0,36,-13,0.5,0.69643,180,0,0,24217
-1,40,-15,0.5,0.70183,180,0,0,24234
2,36,-14,0.5,0.70669,180,0,0,24252
-1,37,-13,0.5,0.71,180,0,0,24271
