0,1,0,0.5,-0.709865,180,0,0,610936
0,0,0,0.5,-0.709865,180,0,0,610939
0,0,0,0.5,-0.709865,180,0,0,610952
0,0,0,0.5,-0.709865,180,0,0,610969
0,0,0,0.5,-0.709865,180,0,0,610986
0,0,0,0.5,-0.709865,180,0,0,611002
0,0,0,0.5,-0.709865,180,0,0,611020
0,0,0,0.5,-0.709865,180,0,0,611036
0,0,0,0.5,-0.709865,180,0,0,611052
0,0,0,0.5,-0.709865,180,0,0,611070
0,0,0,0.5,-0.709865,180,0,0,611086
0,0,0,0.5,-0.709865,180,0,0,611102
0,-1,0,0.5,-0.71,180,0,0,611119
0,0,0,0.5,-0.71,180,0,0,611135
0,0,0,0.5,-0.71,180,0,0,611152
0,0,0,0.5,-0.71,180,0,0,611169
0,0,0,0.5,-0.71,180,0,0,611186
0,0,0,0.5,-0.71,180,0,0,611202
0,0,0,0.5,-0.71,180,0,0,611219
0,0,0,0.5,-0.71,180,0,0,611236
0,0,0,0.5,-0.71,180,0,0,611252
0,0,0,0.5,-0.71,180,0,0,611269
0,0,0,0.5,-0.71,180,0,0,611286
0,0,0,0.5,-0.71,180,0,0,611302
0,0,0,0.5,-0.71,180,0,0,611319
0,0,0,0.5,-0.71,180,0,0,611335
0,0,0,0.5,-0.71,180,0,0,611352
0,-1,0,0.5,-0.71,180,0,0,611369
0,0,0,0.5,-0.71,180,0,0,611386
0,-1,0,0.5,-0.71,180,0,0,611402
0,0,0,0.5,-0.71,180,0,0,611419
0,0,0,0.5,-0.71,180,0,0,611436
0,0,0,0.5,-0.71,180,0,0,611452
0,0,0,0.5,-0.71,180,0,0,611469
0,0,0,0.5,-0.71,180,0,0,611485
0,0,0,0.5,-0.71,180,0,0,611502
0,0,0,0.5,-0.71,180,0,0,611519
0,0,0,0.5,-0.71,180,0,0,611536
0,0,0,0.5,-0.71,180,0,0,611552
0,0,0,0.5,-0.71,180,0,0,611569
0,0,0,0.5,-0.71,180,0,0,611585
0,0,0,0.5,-0.71,180,0,0,611602
0,0,0,0.5,-0.71,180,0,0,611619
0,-1,0,0.5,-0.71,180,0,0,611636
0,0,0,0.5,-0.71,180,0,0,611652
0,0,0,0.5,-0.71,180,0,0,611669
0,0,0,0.5,-0.71,180,0,0,611686
0,0,0,0.5,-0.71,180,0,0,611702
0,0,0,0.5,-0.71,180,0,0,611719
0,-1,0,0.5,-0.71,180,0,0,611736
0,0,0,0.5,-0.71,180,0,0,611752
0,0,0,0.5,-0.71,180,0,0,611769
0,0,0,0.5,-0.71,180,0,0,611786
0,0,0,0.5,-0.71,180,0,0,611802
0,0,0,0.5,-0.71,180,0,0,611819
0,-2,0,0.5,-0.71,180,0,0,611836
0,-2,0,0.5,-0.71,180,0,0,611852
0,-1,0,0.5,-0.71,180,0,0,611869
0,-1,0,0.5,-0.71,180,0,0,611886
0,0,0,0.5,-0.71,180,0,0,611902
0,-2,0,0.5,-0.71,180,0,0,611919
0,0,0,0.5,-0.71,180,0,1,611936
0,2,0,0.5,-0.70973,180,0,1,611952
0,0,0,0.5,-0.70973,180,0,1,611969
-2,1,0,0.5,-0.709595,180,0,1,611986
0,0,0,0.5,-0.709595,180,0,0,612002
0,2,0,0.5,-0.709325,180,0,0,612019
0,4,-1,0.5,-0.708785,180,0,0,612036
0,1,0,0.5,-0.70865,180,0,1,612054
0,1,1,0.5,-0.708515,180,0,1,612069
0,0,0,0.5,-0.708515,180,0,1,612087
-2,0,-1,0.5,-0.708515,180,0,1,612103
2,0,0,0.5,-0.708515,180,0,1,612119
1,-4,0,0.5,-0.709055,180,0,0,612136
0,-4,0,0.5,-0.709595,180,0,0,612153
0,-8,1,0.5,-0.71,180,0,0,612170
0,-1,0,0.5,-0.71,180,0,0,612190
0,0,0,0.5,-0.71,180,0,0,612202
0,0,0,0.5,-0.71,180,0,0,612219
0,-1,1,0.5,-0.71,180,0,0,612237
0,-8,2,0.5,-0.71,180,0,0,612254
0,-7,2,0.5,-0.71,180,0,0,612270
0,-4,2,0.5,-0.71,180,0,0,612286
0,-6,3,0.5,-0.71,180,0,0,612304
0,-4,0,0.5,-0.71,180,0,0,612319
0,-7,2,0.5,-0.71,180,0,0,612337
0,-5,1,0.5,-0.71,180,0,0,612353
0,-7,2,0.5,-0.71,180,0,0,612370
0,6,-1,0.5,-0.70919,180,0,0,612388
0,0,0,0.5,-0.70919,180,0,0,612402
0,0,0,0.5,-0.70919,180,0,0,612419
0,0,0,0.5,-0.70919,180,0,0,612436
-1,-6,0,0.5,-0.71,180,0,0,612454
1,-12,0,0.5,-0.71,180,0,0,612469
0,-14,-4,0.5,-0.71,180,0,0,612487
0,-16,-3,0.5,-0.71,180,0,0,612505
0,-11,-2,0.5,-0.71,180,0,0,612520
0,-14,-3,0.5,-0.71,180,0,0,612537
0,-12,-1,0.5,-0.71,180,0,0,612553
0,-6,-1,0.5,-0.71,180,0,0,612569
0,-1,0,0.5,-0.71,180,0,0,612586
0,2,0,0.5,-0.70973,180,0,0,612603
0,-4,-2,0.5,-0.71,180,0,0,612620
0,-5,-2,0.5,-0.71,180,0,0,612636
3,-3,-1,0.5,-0.71,180,0,0,612653
0,-6,-2,0.5,-0.71,180,0,0,612671
0,-3,-3,0.5,-0.71,180,0,0,612687
0,-3,-3,0.5,-0.71,180,0,0,612705
0,-1,-3,0.5,-0.71,180,0,0,612720
0,0,-1,0.5,-0.71,180,0,0,612737
0,4,0,0.5,-0.70946,180,0,0,612753
0,8,2,0.5,-0.70838,180,0,0,612770
0,4,1,0.5,-0.70784,180,0,0,612786
0,0,0,0.5,-0.70784,180,0,0,612802
0,0,0,0.5,-0.70784,180,0,0,612819
0,0,0,0.5,-0.70784,180,0,0,612837
0,0,0,0.5,-0.70784,180,0,0,612852
1,0,0,0.5,-0.70784,180,0,0,612869
-4,0,-1,0.5,-0.70784,180,0,0,612886
1,0,0,0.5,-0.70784,180,0,0,612903
0,0,0,0.5,-0.70784,180,0,0,612919
-1,0,1,0.5,-0.70784,180,0,0,612936
0,5,3,0.5,-0.707165,180,0,0,612955
0,4,3,0.5,-0.706625,180,0,0,612970
0,4,3,0.5,-0.706085,180,0,0,612987
0,9,6,0.5,-0.70487,180,0,0,613004
0,12,4,0.5,-0.70325,180,0,0,613022
0,13,5,0.5,-0.701495,180,0,0,613038
0,11,5,0.5,-0.70001,180,0,0,613054
0,9,6,0.5,-0.698795,180,0,0,613071
0,6,6,0.5,-0.697985,180,0,0,613087
0,6,5,0.5,-0.697175,180,0,0,613104
0,7,5,0.5,-0.69623,180,0,0,613120
0,12,5,0.5,-0.69461,180,0,0,613137
0,14,4,0.5,-0.69272,180,0,0,613154
0,22,4,0.5,-0.68975,180,0,0,613171
0,25,5,0.5,-0.686375,180,0,0,613188
-1,16,0,0.5,-0.684215,180,0,0,613203
0,0,0,0.5,-0.684215,180,0,0,613219
2,0,0,0.5,-0.684215,180,0,0,613237
0,0,0,0.5,-0.684215,180,0,0,613252
0,2,0,0.5,-0.683945,180,0,0,613269
0,1,1,0.5,-0.68381,180,0,0,613287
0,6,1,0.5,-0.683,180,0,0,613303
1,21,6,0.5,-0.680165,180,0,0,613320
0,2,0,0.5,-0.679895,180,0,0,613336
0,0,0,0.5,-0.679895,180,0,0,613352
0,0,0,0.5,-0.679895,180,0,0,613369
0,0,0,0.5,-0.679895,180,0,0,613386
0,0,0,0.5,-0.679895,180,0,0,613402
0,1,-1,0.5,-0.67976,180,0,0,613420
-2,1,1,0.5,-0.679625,180,0,0,613437
0,2,2,0.5,-0.679355,180,0,0,613453
0,2,1,0.5,-0.679085,180,0,0,613469
0,3,2,0.5,-0.67868,180,0,0,613487
1,2,0,0.5,-0.67841,180,0,0,613503
0,5,1,0.5,-0.677735,180,0,0,613520
0,3,1,0.5,-0.67733,180,0,0,613536
0,2,1,0.5,-0.67706,180,0,0,613553
-1,2,2,0.5,-0.67679,180,0,0,613570
0,4,-1,0.5,-0.67625,180,0,0,613588
0,2,1,0.5,-0.67598,180,0,0,613603
0,1,0,0.5,-0.675845,180,0,0,613619
0,2,2,0.5,-0.675575,180,0,0,613638
0,1,1,0.5,-0.67544,180,0,0,613653
0,0,2,0.5,-0.67544,180,0,0,613669
0,1,1,0.5,-0.675305,180,0,0,613686
0,-1,1,0.5,-0.67544,180,0,0,613703
0,1,1,0.5,-0.675305,180,0,0,613719
0,2,1,0.5,-0.675035,180,0,0,613737
0,2,1,0.5,-0.674765,180,0,0,613753
0,2,1,0.5,-0.674495,180,0,0,613769
0,0,0,0.5,-0.674495,180,0,0,613786
0,2,1,0.5,-0.674225,180,0,0,613803
0,2,1,0.5,-0.673955,180,0,0,613820
4,2,3,0.5,-0.673685,180,0,0,613837
1,1,2,0.5,-0.67355,180,0,0,613853
1,1,0,0.5,-0.673415,180,0,0,613869
0,3,1,0.5,-0.67301,180,0,0,613888
-3,2,0,0.5,-0.67274,180,0,0,613903
-5,2,-1,0.5,-0.67247,180,0,0,613920
5,1,3,0.5,-0.672335,180,0,0,613937
0,1,1,0.5,-0.6722,180,0,0,613953
0,4,2,0.5,-0.67166,180,0,0,613970
0,1,1,0.5,-0.671525,180,0,0,613986
2,4,2,0.5,-0.670985,180,0,0,614004
-3,1,0,0.5,-0.67085,180,0,0,614020
0,0,0,0.5,-0.67085,180,0,0,614036
0,-2,0,0.5,-0.67112,180,0,0,614053
2,3,1,0.5,-0.670715,180,0,0,614070
-3,1,0,0.5,-0.67058,180,0,0,614086
0,3,0,0.5,-0.670175,180,0,0,614103
0,1,1,0.5,-0.67004,180,0,0,614121
0,3,1,0.5,-0.669635,180,0,0,614137
0,1,0,0.5,-0.6695,180,0,0,614153
0,1,1,0.5,-0.669365,180,0,0,614170
0,1,1,0.5,-0.66923,180,0,0,614186
0,1,0,0.5,-0.669095,180,0,0,614203
0,1,0,0.5,-0.66896,180,0,0,614219
0,1,1,0.5,-0.668825,180,0,0,614238
0,0,0,0.5,-0.668825,180,0,0,614252
5,1,2,0.5,-0.66869,180,0,0,614271
0,0,0,0.5,-0.66869,180,0,0,614286
0,2,1,0.5,-0.66842,180,0,0,614303
0,0,0,0.5,-0.66842,180,0,0,614319
0,1,1,0.5,-0.668285,180,0,0,614336
0,0,0,0.5,-0.668285,180,0,0,614353
0,0,0,0.5,-0.668285,180,0,0,614370
0,1,0,0.5,-0.66815,180,0,0,614386
0,0,0,0.5,-0.66815,180,0,0,614403
0,0,0,0.5,-0.66815,180,0,0,614419
0,0,0,0.5,-0.66815,180,0,0,614436
0,1,-1,0.5,-0.668015,180,0,0,614454
0,1,0,0.5,-0.66788,180,0,0,614469
0,0,0,0.5,-0.66788,180,0,0,614485
0,0,0,0.5,-0.66788,180,0,0,614503
0,0,0,0.5,-0.66788,180,0,0,614519
0,0,0,0.5,-0.66788,180,0,0,614536
0,0,0,0.5,-0.66788,180,0,0,614552
0,0,0,0.5,-0.66788,180,0,0,614569
0,0,0,0.5,-0.66788,180,0,0,614585
0,0,0,0.5,-0.66788,180,0,0,614602
0,0,-1,0.5,-0.66788,180,0,0,614619
0,0,0,0.5,-0.66788,180,0,0,614636
0,-1,0,0.5,-0.668015,180,0,0,614653
0,0,1,0.5,-0.668015,180,0,0,614669
1,0,0,0.5,-0.668015,180,0,0,614686
0,-1,0,0.5,-0.66815,180,0,0,614702
-1,-1,0,0.5,-0.668285,180,0,0,614721
0,-1,0,0.5,-0.66842,180,0,0,614739
0,-1,0,0.5,-0.668555,180,0,0,614754
0,-1,0,0.5,-0.66869,180,0,0,614769
0,-1,0,0.5,-0.668825,180,0,0,614786
0,-1,0,0.5,-0.66896,180,0,0,614802
0,-1,0,0.5,-0.669095,180,0,0,614819
0,-1,0,0.5,-0.66923,180,0,0,614836
0,-1,0,0.5,-0.669365,180,0,0,614852
0,0,0,0.5,-0.669365,180,0,0,614869
0,-1,0,0.5,-0.6695,180,0,0,614886
0,0,0,0.5,-0.6695,180,0,0,614902
0,-1,-1,0.5,-0.669635,180,0,0,614919
0,-1,0,0.5,-0.66977,180,0,0,614937
0,-1,-1,0.5,-0.669905,180,0,0,614953
0,0,0,0.5,-0.669905,180,0,0,614969
0,-1,0,0.5,-0.67004,180,0,0,614986
0,-1,-1,0.5,-0.670175,180,0,0,615003
0,-1,0,0.5,-0.67031,180,0,0,615019
0,0,0,0.5,-0.67031,180,0,0,615036
0,-1,0,0.5,-0.670445,180,0,0,615052
0,1,0,0.5,-0.67031,180,0,0,615069
0,0,0,0.5,-0.67031,180,0,0,615086
0,0,0,0.5,-0.67031,180,0,0,615102
0,-1,-1,0.5,-0.670445,180,0,0,615119
-1,0,-1,0.5,-0.670445,180,0,0,615136
0,-1,-1,0.5,-0.67058,180,0,0,615153
0,0,0,0.5,-0.67058,180,0,0,615170
0,0,1,0.5,-0.67058,180,0,0,615186
0,0,-1,0.5,-0.67058,180,0,0,615204
0,-1,0,0.5,-0.670715,180,0,0,615219
0,0,0,0.5,-0.670715,180,0,0,615237
0,-2,-1,0.5,-0.670985,180,0,0,615254
0,0,0,0.5,-0.670985,180,0,0,615269
0,-2,-1,0.5,-0.671255,180,0,0,615286
0,0,0,0.5,-0.671255,180,0,0,615302
0,-2,-1,0.5,-0.671525,180,0,0,615320
0,-1,-1,0.5,-0.67166,180,0,0,615337
0,0,0,0.5,-0.67166,180,0,0,615352
0,-1,0,0.5,-0.671795,180,0,0,615369
0,-1,0,0.5,-0.67193,180,0,0,615386
0,-1,-1,0.5,-0.672065,180,0,0,615403
0,-1,-1,0.5,-0.6722,180,0,0,615420
1,0,0,0.5,-0.6722,180,0,0,615436
0,-1,-1,0.5,-0.672335,180,0,0,615453
0,-1,-1,0.5,-0.67247,180,0,0,615469
0,-1,0,0.5,-0.672605,180,0,0,615486
0,0,0,0.5,-0.672605,180,0,0,615502
0,-1,-1,0.5,-0.67274,180,0,0,615520
0,-1,0,0.5,-0.672875,180,0,0,615536
0,-1,-1,0.5,-0.67301,180,0,0,615553
0,-1,-1,0.5,-0.673145,180,0,0,615569
0,0,0,0.5,-0.673145,180,0,0,615586
0,-1,0,0.5,-0.67328,180,0,0,615602
0,-2,-1,0.5,-0.67355,180,0,0,615620
0,0,0,0.5,-0.67355,180,0,0,615635
0,-1,-1,0.5,-0.673685,180,0,0,615654
0,-1,0,0.5,-0.67382,180,0,0,615670
0,-1,-1,0.5,-0.673955,180,0,0,615687
0,0,0,0.5,-0.673955,180,0,0,615702
0,0,0,0.5,-0.673955,180,0,0,615719
0,0,0,0.5,-0.673955,180,0,0,615736
0,-1,0,0.5,-0.67409,180,0,0,615752
0,0,0,0.5,-0.67409,180,0,0,615769
0,-1,0,0.5,-0.674225,180,0,0,615788
0,-1,-1,0.5,-0.67436,180,0,0,615803
0,-1,0,0.5,-0.674495,180,0,0,615819
0,0,0,0.5,-0.674495,180,0,0,615835
0,-1,-1,0.5,-0.67463,180,0,0,615854
0,-1,-1,0.5,-0.674765,180,0,0,615869
0,0,0,0.5,-0.674765,180,0,0,615886
0,0,0,0.5,-0.674765,180,0,0,615902
0,0,0,0.5,-0.674765,180,0,0,615919
0,-1,-1,0.5,-0.6749,180,0,0,615936
0,0,0,0.5,-0.6749,180,0,0,615952
0,-1,0,0.5,-0.675035,180,0,0,615969
0,0,0,0.5,-0.675035,180,0,0,615985
0,-1,0,0.5,-0.67517,180,0,0,616002
0,-1,0,0.5,-0.675305,180,0,0,616020
0,0,0,0.5,-0.675305,180,0,0,616035
0,0,0,0.5,-0.675305,180,0,0,616053
0,-1,-1,0.5,-0.67544,180,0,0,616070
0,0,0,0.5,-0.67544,180,0,0,616087
0,-1,0,0.5,-0.675575,180,0,0,616103
0,-1,0,0.5,-0.67571,180,0,0,616120
0,-1,0,0.5,-0.675845,180,0,0,616136
0,0,0,0.5,-0.675845,180,0,0,616152
0,0,0,0.5,-0.675845,180,0,0,616169
0,0,0,0.5,-0.675845,180,0,0,616185
0,0,0,0.5,-0.675845,180,0,0,616202
0,-1,0,0.5,-0.67598,180,0,0,616219
0,0,0,0.5,-0.67598,180,0,0,616235
0,0,0,0.5,-0.67598,180,0,0,616252
0,0,0,0.5,-0.67598,180,0,0,616269
0,0,0,0.5,-0.67598,180,0,0,616286
0,0,0,0.5,-0.67598,180,0,0,616302
0,0,0,0.5,-0.67598,180,0,0,616319
0,-1,0,0.5,-0.676115,180,0,0,616335
0,0,0,0.5,-0.676115,180,0,0,616352
0,0,0,0.5,-0.676115,180,0,0,616369
0,0,0,0.5,-0.676115,180,0,0,616385
0,0,0,0.5,-0.676115,180,0,0,616402
0,-1,0,0.5,-0.67625,180,0,0,616419
0,0,0,0.5,-0.67625,180,0,0,616435
0,0,0,0.5,-0.67625,180,0,0,616452
0,0,0,0.5,-0.67625,180,0,0,616469
0,0,0,0.5,-0.67625,180,0,0,616486
0,0,0,0.5,-0.67625,180,0,0,616502
0,0,0,0.5,-0.67625,180,0,0,616519
0,0,0,0.5,-0.67625,180,0,0,616535
0,0,0,0.5,-0.67625,180,0,0,616552
0,0,0,0.5,-0.67625,180,0,0,616569
0,0,0,0.5,-0.67625,180,0,0,616585
0,0,0,0.5,-0.67625,180,0,0,616602
0,0,0,0.5,-0.67625,180,0,0,616619
0,0,0,0.5,-0.67625,180,0,0,616635
0,0,0,0.5,-0.67625,180,0,0,616652
0,0,0,0.5,-0.67625,180,0,0,616669
0,0,0,0.5,-0.67625,180,0,0,616685
0,0,0,0.5,-0.67625,180,0,0,616702
0,0,0,0.5,-0.67625,180,0,0,616719
0,0,0,0.5,-0.67625,180,0,0,616735
0,0,0,0.5,-0.67625,180,0,0,616752
0,0,1,0.5,-0.67625,180,0,0,616769
0,0,0,0.5,-0.67625,180,0,0,616785
0,0,0,0.5,-0.67625,180,0,0,616802
0,1,0,0.5,-0.676115,180,0,0,616819
0,0,0,0.5,-0.676115,180,0,0,616835
0,0,0,0.5,-0.676115,180,0,0,616852
0,0,0,0.5,-0.676115,180,0,0,616869
0,0,0,0.5,-0.676115,180,0,0,616885
0,0,0,0.5,-0.676115,180,0,0,616902
0,0,0,0.5,-0.676115,180,0,0,616919
0,1,0,0.5,-0.67598,180,0,0,616936
0,0,0,0.5,-0.67598,180,0,0,616952
0,1,0,0.5,-0.675845,180,0,0,616969
0,0,0,0.5,-0.675845,180,0,0,616985
0,0,0,0.5,-0.675845,180,0,0,617002
0,0,0,0.5,-0.675845,180,0,0,617019
0,1,0,0.5,-0.67571,180,0,0,617036
0,0,0,0.5,-0.67571,180,0,0,617052
0,0,0,0.5,-0.67571,180,0,0,617069
0,0,0,0.5,-0.67571,180,0,0,617085
0,1,0,0.5,-0.675575,180,0,0,617103
0,0,0,0.5,-0.675575,180,0,0,617122
0,0,0,0.5,-0.675575,180,0,0,617136
0,0,0,0.5,-0.675575,180,0,0,617152
0,1,0,0.5,-0.67544,180,0,0,617169
-3,0,0,0.5,-0.67544,180,0,0,617185
0,0,0,0.5,-0.67544,180,0,0,617202
-4,1,-1,0.5,-0.675305,180,0,0,617219
5,0,2,0.5,-0.675305,180,0,0,617236
-1,0,0,0.5,-0.675305,180,0,0,617252
-3,1,-1,0.5,-0.67517,180,0,0,617270
-1,0,0,0.5,-0.67517,180,0,0,617287
-1,1,0,0.5,-0.675035,180,0,0,617304
-1,0,0,0.5,-0.675035,180,0,0,617319
0,1,0,0.5,-0.6749,180,0,0,617336
1,0,0,0.5,-0.6749,180,0,0,617353
0,0,0,0.5,-0.6749,180,0,0,617369
0,1,0,0.5,-0.674765,180,0,0,617386
0,0,0,0.5,-0.674765,180,0,0,617402
0,1,0,0.5,-0.67463,180,0,0,617419
3,0,0,0.5,-0.67463,180,0,0,617435
0,0,0,0.5,-0.67463,180,0,0,617452
-4,1,0,0.5,-0.674495,180,0,0,617469
-1,0,0,0.5,-0.674495,180,0,0,617486
-2,0,-1,0.5,-0.674495,180,0,0,617503
-1,0,0,0.5,-0.674495,180,0,0,617519
0,1,0,0.5,-0.67436,180,0,0,617536
-1,0,0,0.5,-0.67436,180,0,0,617552
-1,0,0,0.5,-0.67436,180,0,0,617569
-1,1,0,0.5,-0.674225,180,0,0,617586
-1,0,0,0.5,-0.674225,180,0,0,617602
0,1,0,0.5,-0.67409,180,0,0,617619
0,0,0,0.5,-0.67409,180,0,0,617635
-1,0,0,0.5,-0.67409,180,0,0,617652
0,0,0,0.5,-0.67409,180,0,0,617669
0,1,0,0.5,-0.673955,180,0,0,617685
0,0,0,0.5,-0.673955,180,0,0,617703
0,1,0,0.5,-0.67382,180,0,0,617719
0,0,0,0.5,-0.67382,180,0,0,617735
0,0,0,0.5,-0.67382,180,0,0,617752
0,0,0,0.5,-0.67382,180,0,0,617769
0,1,0,0.5,-0.673685,180,0,0,617786
0,0,0,0.5,-0.673685,180,0,0,617803
0,0,0,0.5,-0.673685,180,0,0,617819
0,0,0,0.5,-0.673685,180,0,0,617835
0,0,0,0.5,-0.673685,180,0,0,617852
0,0,0,0.5,-0.673685,180,0,0,617869
0,0,0,0.5,-0.673685,180,0,0,617886
0,1,0,0.5,-0.67355,180,0,0,617903
0,0,0,0.5,-0.67355,180,0,0,617919
0,0,0,0.5,-0.67355,180,0,0,617935
0,0,0,0.5,-0.67355,180,0,0,617952
0,0,0,0.5,-0.67355,180,0,0,617969
0,0,0,0.5,-0.67355,180,0,0,617985
0,1,0,0.5,-0.673415,180,0,0,618002
0,0,0,0.5,-0.673415,180,0,0,618019
0,1,0,0.5,-0.67328,180,0,0,618037
0,0,0,0.5,-0.67328,180,0,0,618052
0,0,0,0.5,-0.67328,180,0,0,618069
0,0,0,0.5,-0.67328,180,0,0,618085
0,0,0,0.5,-0.67328,180,0,0,618102
0,1,0,0.5,-0.673145,180,0,0,618119
0,0,0,0.5,-0.673145,180,0,0,618138
0,0,0,0.5,-0.673145,180,0,0,618154
3,0,1,0.5,-0.673145,180,0,0,618169
0,0,0,0.5,-0.673145,180,0,0,618186
0,0,0,0.5,-0.673145,180,0,0,618202
0,0,0,0.5,-0.673145,180,0,0,618219
0,0,0,0.5,-0.673145,180,0,0,618236
0,0,0,0.5,-0.673145,180,0,0,618252
0,0,0,0.5,-0.673145,180,0,0,618269
0,0,0,0.5,-0.673145,180,0,0,618285
-3,0,-1,0.5,-0.673145,180,0,0,618302
0,0,0,0.5,-0.673145,180,0,0,618319
0,1,0,0.5,-0.67301,180,0,0,618336
0,0,0,0.5,-0.67301,180,0,0,618352
0,0,0,0.5,-0.67301,180,0,0,618369
0,0,0,0.5,-0.67301,180,0,0,618386
0,0,0,0.5,-0.67301,180,0,0,618402
0,0,0,0.5,-0.67301,180,0,0,618419
0,0,0,0.5,-0.67301,180,0,0,618435
0,0,0,0.5,-0.67301,180,0,0,618452
0,0,0,0.5,-0.67301,180,0,0,618469
0,0,0,0.5,-0.67301,180,0,0,618485
0,0,0,0.5,-0.67301,180,0,0,618502
0,0,0,0.5,-0.67301,180,0,0,618518
0,0,0,0.5,-0.67301,180,0,0,618535
0,0,-1,0.5,-0.67301,180,0,0,618552
0,0,0,0.5,-0.67301,180,0,0,618569
0,-1,0,0.5,-0.673145,180,0,0,618587
0,0,0,0.5,-0.673145,180,0,0,618602
0,0,0,0.5,-0.673145,180,0,0,618619
0,0,0,0.5,-0.673145,180,0,0,618635
0,0,0,0.5,-0.673145,180,0,0,618652
0,0,0,0.5,-0.673145,180,0,0,618668
0,0,0,0.5,-0.673145,180,0,0,618685
0,0,0,0.5,-0.673145,180,0,0,618702
0,0,0,0.5,-0.673145,180,0,0,618718
0,0,0,0.5,-0.673145,180,0,0,618735
2,-1,0,0.5,-0.67328,180,0,0,618752
0,0,0,0.5,-0.67328,180,0,0,618768
1,0,0,0.5,-0.67328,180,0,0,618785
0,0,0,0.5,-0.67328,180,0,0,618802
-3,-1,-1,0.5,-0.673415,180,0,0,618819
0,0,0,0.5,-0.673415,180,0,0,618835
0,0,0,0.5,-0.673415,180,0,0,618853
0,0,-1,0.5,-0.673415,180,0,0,618869
0,0,0,0.5,-0.673415,180,0,0,618885
0,0,0,0.5,-0.673415,180,0,0,618902
0,-1,0,0.5,-0.67355,180,0,0,618919
0,0,0,0.5,-0.67355,180,0,0,618936
0,0,0,0.5,-0.67355,180,0,0,618952
0,0,0,0.5,-0.67355,180,0,0,618969
0,0,0,0.5,-0.67355,180,0,0,618985
0,-1,0,0.5,-0.673685,180,0,0,619003
0,0,0,0.5,-0.673685,180,0,0,619018
0,-1,0,0.5,-0.67382,180,0,0,619035
0,0,0,0.5,-0.67382,180,0,0,619052
0,0,0,0.5,-0.67382,180,0,0,619068
0,0,0,0.5,-0.67382,180,0,0,619085
0,0,0,0.5,-0.67382,180,0,0,619102
0,0,0,0.5,-0.67382,180,0,0,619119
0,0,0,0.5,-0.67382,180,0,0,619136
0,-1,0,0.5,-0.673955,180,0,0,619152
0,0,0,0.5,-0.673955,180,0,0,619169
0,0,0,0.5,-0.673955,180,0,0,619185
0,0,0,0.5,-0.673955,180,0,0,619202
0,0,0,0.5,-0.673955,180,0,0,619219
0,0,0,0.5,-0.673955,180,0,0,619235
0,0,0,0.5,-0.673955,180,0,0,619252
0,0,0,0.5,-0.673955,180,0,0,619269
0,0,0,0.5,-0.673955,180,0,0,619285
0,0,0,0.5,-0.673955,180,0,0,619302
0,-1,0,0.5,-0.67409,180,0,0,619319
0,0,0,0.5,-0.67409,180,0,0,619335
0,0,0,0.5,-0.67409,180,0,0,619352
0,0,0,0.5,-0.67409,180,0,0,619368
0,0,0,0.5,-0.67409,180,0,0,619385
0,0,0,0.5,-0.67409,180,0,0,619402
0,0,0,0.5,-0.67409,180,0,0,619418
0,0,0,0.5,-0.67409,180,0,0,619435
0,-1,0,0.5,-0.674225,180,0,0,619452
0,0,0,0.5,-0.674225,180,0,0,619468
0,0,0,0.5,-0.674225,180,0,0,619485
0,0,0,0.5,-0.674225,180,0,0,619502
0,0,0,0.5,-0.674225,180,0,0,619518
0,-1,0,0.5,-0.67436,180,0,0,619536
0,0,0,0.5,-0.67436,180,0,0,619552
0,0,0,0.5,-0.67436,180,0,0,619568
0,0,0,0.5,-0.67436,180,0,0,619585
0,0,0,0.5,-0.67436,180,0,0,619602
0,0,0,0.5,-0.67436,180,0,0,619618
0,0,1,0.5,-0.67436,180,0,0,619635
0,-1,0,0.5,-0.674495,180,0,0,619652
0,0,0,0.5,-0.674495,180,0,0,619669
0,-4,0,0.5,-0.675035,180,0,0,619686
4,-8,1,0.5,-0.676115,180,0,0,619705
0,-10,1,0.5,-0.677465,180,0,0,619720
1,-9,0,0.5,-0.67868,180,0,0,619737
0,-8,0,0.5,-0.67976,180,0,0,619754
1,-11,0,0.5,-0.681245,180,0,0,619770
0,-7,0,0.5,-0.68219,180,0,0,619785
0,-5,0,0.5,-0.682865,180,0,0,619802
0,-4,-1,0.5,-0.683405,180,0,0,619820
0,-4,-1,0.5,-0.683945,180,0,1,619838
0,0,-1,0.5,-0.683945,180,0,1,619853
0,0,0,0.5,-0.683945,180,0,1,619869
0,3,-1,0.5,-0.68354,180,0,1,619888
0,1,-1,0.5,-0.683405,180,0,1,619903
-1,0,0,0.5,-0.683405,180,0,0,619919
0,0,0,0.5,-0.683405,180,0,0,619935
0,-3,0,0.5,-0.68381,180,0,0,619952
0,-3,2,0.5,-0.684215,180,0,0,619970
0,-2,0,0.5,-0.684485,180,0,0,619986
0,-2,0,0.5,-0.684755,180,0,0,620003
-4,-7,0,0.5,-0.6857,180,0,0,620020
3,-1,2,0.5,-0.685835,180,0,0,620039
2,-1,1,0.5,-0.68597,180,0,0,620053
2,-1,2,0.5,-0.686105,180,0,0,620071
2,-1,2,0.5,-0.68624,180,0,0,620087
-6,3,-5,0.5,-0.685835,180,0,0,620104
0,1,0,0.5,-0.6857,180,0,0,620119
0,1,0,0.5,-0.685565,180,0,0,620136
0,0,0,0.5,-0.685565,180,0,0,620152
0,0,0,0.5,-0.685565,180,0,0,620169
0,0,0,0.5,-0.685565,180,0,0,620185
0,0,0,0.5,-0.685565,180,0,0,620202
0,-2,-1,0.5,-0.685835,180,0,0,620219
0,0,0,0.5,-0.685835,180,0,0,620235
3,0,0,0.5,-0.685835,180,0,0,620252
0,-1,-1,0.5,-0.68597,180,0,0,620270
0,-1,0,0.5,-0.686105,180,0,0,620286
0,-1,0,0.5,-0.68624,180,0,0,620302
-1,-1,0,0.5,-0.686375,180,0,0,620320
0,-3,1,0.5,-0.68678,180,0,0,620338
0,-3,1,0.5,-0.687185,180,0,0,620353
0,-4,2,0.5,-0.687725,180,0,0,620370
0,-4,2,0.5,-0.688265,180,0,0,620387
0,-3,2,0.5,-0.68867,180,0,0,620403
0,-1,1,0.5,-0.688805,180,0,0,620420
0,-7,2,0.5,-0.68975,180,0,0,620437
0,-3,2,0.5,-0.690155,180,0,0,620453
0,-4,0,0.5,-0.690695,180,0,0,620469
0,-5,0,0.5,-0.69137,180,0,0,620487
1,-2,0,0.5,-0.69164,180,0,0,620502
2,3,-1,0.5,-0.691235,180,0,0,620519
0,-3,0,0.5,-0.69164,180,0,0,620536
0,-3,0,0.5,-0.692045,180,0,0,620554
0,0,0,0.5,-0.692045,180,0,0,620569
0,0,0,0.5,-0.692045,180,0,0,620585
0,0,0,0.5,-0.692045,180,0,0,620602
0,2,0,0.5,-0.691775,180,0,0,620619
0,1,0,0.5,-0.69164,180,0,0,620636
0,0,0,0.5,-0.69164,180,0,0,620652
0,0,0,0.5,-0.69164,180,0,0,620668
0,0,0,0.5,-0.69164,180,0,0,620685
0,0,0,0.5,-0.69164,180,0,0,620702
0,0,0,0.5,-0.69164,180,0,0,620718
0,0,0,0.5,-0.69164,180,0,0,620735
0,0,0,0.5,-0.69164,180,0,0,620752
0,0,-1,0.5,-0.69164,180,0,0,620769
0,0,0,0.5,-0.69164,180,0,0,620785
0,0,0,0.5,-0.69164,180,0,0,620802
0,0,0,0.5,-0.69164,180,0,0,620818
0,9,5,0.5,-0.690425,180,0,0,620838
1,18,2,0.5,-0.687995,180,0,0,620853
-1,0,0,0.5,-0.687995,180,0,0,620869
0,0,0,0.5,-0.687995,180,0,0,620888
0,0,-1,0.5,-0.687995,180,0,0,620904
0,-2,0,0.5,-0.688265,180,0,0,620920
0,-1,0,0.5,-0.6884,180,0,0,620937
0,0,0,0.5,-0.6884,180,0,0,620952
3,0,1,0.5,-0.6884,180,0,0,620970
-2,0,-1,0.5,-0.6884,180,0,0,620987
0,0,0,0.5,-0.6884,180,0,0,621004
0,3,0,0.5,-0.687995,180,0,0,621019
0,4,1,0.5,-0.687455,180,0,0,621036
0,4,0,0.5,-0.686915,180,0,0,621052
-1,1,0,0.5,-0.68678,180,0,0,621069
0,-2,-1,0.5,-0.68705,180,0,0,621086
0,-5,-1,0.5,-0.687725,180,0,0,621102
0,-5,-1,0.5,-0.6884,180,0,0,621119
0,-6,-3,0.5,-0.68921,180,0,0,621136
0,-3,-1,0.5,-0.689615,180,0,0,621152
0,0,0,0.5,-0.689615,180,0,0,621169
-1,0,0,0.5,-0.689615,180,0,0,621185
0,0,0,0.5,-0.689615,180,0,0,621202
1,0,0,0.5,-0.689615,180,0,0,621221
-2,0,0,0.5,-0.689615,180,0,0,621237
4,0,2,0.5,-0.689615,180,0,0,621255
4,7,3,0.5,-0.68867,180,0,0,621269
2,9,1,0.5,-0.687455,180,0,0,621286
0,-1,0,0.5,-0.68759,180,0,0,621302
1,0,0,0.5,-0.68759,180,0,0,621320
-6,0,-4,0.5,-0.68759,180,0,0,621339
0,0,0,0.5,-0.68759,180,0,0,621352
-1,0,0,0.5,-0.68759,180,0,0,621370
0,0,0,0.5,-0.68759,180,0,0,621386
0,0,0,0.5,-0.68759,180,0,0,621402
0,0,0,0.5,-0.68759,180,0,0,621419
0,12,5,0.5,-0.68597,180,0,0,621437
0,24,4,0.5,-0.68273,180,0,0,621453
-1,5,0,0.5,-0.682055,180,0,0,621469
3,0,2,0.5,-0.682055,180,0,0,621486
0,0,0,0.5,-0.682055,180,0,0,621502
0,0,0,0.5,-0.682055,180,0,0,621519
0,0,0,0.5,-0.682055,180,0,0,621537
0,0,0,0.5,-0.682055,180,0,0,621552
0,0,0,0.5,-0.682055,180,0,0,621569
0,0,-3,0.5,-0.682055,180,0,0,621586
4,6,7,0.5,-0.681245,180,0,0,621604
-5,7,1,0.5,-0.6803,180,0,0,621619
0,31,12,0.5,-0.676115,180,0,0,621641
0,15,7,0.5,-0.67409,180,0,0,621654
0,12,6,0.5,-0.67247,180,0,0,621671
0,11,4,0.5,-0.670985,180,0,0,621688
0,0,-1,0.5,-0.670985,180,0,0,621703
0,13,4,0.5,-0.66923,180,0,0,621720
0,11,3,0.5,-0.667745,180,0,0,621737
0,12,3,0.5,-0.666125,180,0,0,621755
0,9,4,0.5,-0.66491,180,0,0,621770
0,8,3,0.5,-0.66383,180,0,0,621787
-2,9,2,0.5,-0.662615,180,0,0,621803
2,8,2,0.5,-0.661535,180,0,0,621820
0,8,1,0.5,-0.660455,180,0,0,621837
1,9,2,0.5,-0.65924,180,0,0,621853
0,9,3,0.5,-0.658025,180,0,0,621874
0,6,3,0.5,-0.657215,180,0,0,621886
-2,7,3,0.5,-0.65627,180,0,0,621904
0,4,2,0.5,-0.65573,180,0,0,621920
0,4,3,0.5,-0.65519,180,0,0,621936
0,1,0,0.5,-0.655055,180,0,0,621952
0,0,0,0.5,-0.655055,180,0,0,621968
0,0,0,0.5,-0.655055,180,0,0,621985
0,0,0,0.5,-0.655055,180,0,0,622003
0,0,-1,0.5,-0.655055,180,0,0,622020
1,2,0,0.5,-0.654785,180,0,0,622036
0,1,0,0.5,-0.65465,180,0,0,622052
0,1,0,0.5,-0.654515,180,0,0,622069
0,0,-1,0.5,-0.654515,180,0,0,622089
0,0,0,0.5,-0.654515,180,0,0,622102
0,0,0,0.5,-0.654515,180,0,0,622118
0,0,0,0.5,-0.654515,180,0,0,622136
0,0,0,0.5,-0.654515,180,0,0,622152
0,0,0,0.5,-0.654515,180,0,0,622168
0,-5,2,0.5,-0.65519,180,0,0,622187
0,0,0,0.5,-0.65519,180,0,0,622202
0,0,1,0.5,-0.65519,180,0,0,622219
0,2,1,0.5,-0.65492,180,0,0,622236
0,1,1,0.5,-0.654785,180,0,0,622253
0,0,1,0.5,-0.654785,180,0,0,622269
0,1,0,0.5,-0.65465,180,0,0,622285
0,1,0,0.5,-0.654515,180,0,0,622302
0,1,0,0.5,-0.65438,180,0,0,622319
0,1,0,0.5,-0.654245,180,0,0,622336
0,2,1,0.5,-0.653975,180,0,0,622353
0,1,0,0.5,-0.65384,180,0,0,622369
0,0,0,0.5,-0.65384,180,0,0,622385
0,0,0,0.5,-0.65384,180,0,0,622402
0,1,0,0.5,-0.653705,180,0,0,622419
0,3,0,0.5,-0.6533,180,0,0,622436
0,1,0,0.5,-0.653165,180,0,0,622452
0,0,0,0.5,-0.653165,180,0,0,622469
0,0,0,0.5,-0.653165,180,0,0,622485
0,2,0,0.5,-0.652895,180,0,0,622502
0,0,0,0.5,-0.652895,180,0,0,622518
0,1,0,0.5,-0.65276,180,0,0,622535
0,0,0,0.5,-0.65276,180,0,0,622552
0,2,0,0.5,-0.65249,180,0,0,622569
0,0,0,0.5,-0.65249,180,0,0,622585
0,1,1,0.5,-0.652355,180,0,0,622602
0,1,0,0.5,-0.65222,180,0,0,622619
-1,0,0,0.5,-0.65222,180,0,0,622635
0,0,0,0.5,-0.65222,180,0,0,622652
0,1,0,0.5,-0.652085,180,0,0,622669
0,0,0,0.5,-0.652085,180,0,0,622685
0,0,0,0.5,-0.652085,180,0,0,622702
0,1,0,0.5,-0.65195,180,0,0,622719
0,0,0,0.5,-0.65195,180,0,0,622735
0,0,0,0.5,-0.65195,180,0,0,622752
0,1,0,0.5,-0.651815,180,0,0,622769
0,0,0,0.5,-0.651815,180,0,0,622785
0,0,0,0.5,-0.651815,180,0,0,622802
0,1,0,0.5,-0.65168,180,0,0,622819
0,0,0,0.5,-0.65168,180,0,0,622835
0,0,0,0.5,-0.65168,180,0,0,622852
0,0,0,0.5,-0.65168,180,0,0,622869
0,0,0,0.5,-0.65168,180,0,0,622885
0,0,0,0.5,-0.65168,180,0,0,622902
0,0,0,0.5,-0.65168,180,0,0,622918
0,0,0,0.5,-0.65168,180,0,0,622935
0,0,0,0.5,-0.65168,180,0,0,622952
0,0,0,0.5,-0.65168,180,0,0,622968
0,0,0,0.5,-0.65168,180,0,0,622985
0,0,0,0.5,-0.65168,180,0,0,623002
0,0,0,0.5,-0.65168,180,0,0,623018
0,0,0,0.5,-0.65168,180,0,0,623035
0,0,0,0.5,-0.65168,180,0,0,623052
0,0,0,0.5,-0.65168,180,0,0,623069
0,0,0,0.5,-0.65168,180,0,0,623085
0,0,-1,0.5,-0.65168,180,0,0,623102
0,-1,0,0.5,-0.651815,180,0,0,623119
0,0,0,0.5,-0.651815,180,0,0,623135
0,-1,0,0.5,-0.65195,180,0,0,623152
0,0,0,0.5,-0.65195,180,0,0,623169
0,0,0,0.5,-0.65195,180,0,0,623185
0,0,0,0.5,-0.65195,180,0,0,623202
0,-1,0,0.5,-0.652085,180,0,0,623219
0,-1,0,0.5,-0.65222,180,0,0,623235
0,-1,0,0.5,-0.652355,180,0,0,623253
0,0,0,0.5,-0.652355,180,0,0,623269
1,0,-1,0.5,-0.652355,180,0,0,623286
0,-1,0,0.5,-0.65249,180,0,0,623302
0,0,0,0.5,-0.65249,180,0,0,623318
0,0,0,0.5,-0.65249,180,0,0,623335
0,0,0,0.5,-0.65249,180,0,0,623352
0,0,0,0.5,-0.65249,180,0,0,623369
0,-1,0,0.5,-0.652625,180,0,0,623387
0,0,0,0.5,-0.652625,180,0,0,623402
0,0,0,0.5,-0.652625,180,0,0,623418
0,0,0,0.5,-0.652625,180,0,0,623435
0,-1,0,0.5,-0.65276,180,0,0,623452
0,0,0,0.5,-0.65276,180,0,0,623468
0,0,0,0.5,-0.65276,180,0,0,623486
0,-2,-1,0.5,-0.65303,180,0,0,623502
0,0,0,0.5,-0.65303,180,0,0,623518
0,-1,0,0.5,-0.653165,180,0,0,623535
0,0,0,0.5,-0.653165,180,0,0,623552
0,-1,0,0.5,-0.6533,180,0,0,623570
0,0,0,0.5,-0.6533,180,0,0,623585
0,-1,0,0.5,-0.653435,180,0,0,623602
0,0,0,0.5,-0.653435,180,0,0,623618
0,-1,0,0.5,-0.65357,180,0,0,623635
0,1,0,0.5,-0.653435,180,0,0,623652
0,-1,0,0.5,-0.65357,180,0,0,623669
0,0,0,0.5,-0.65357,180,0,0,623685
0,-1,-1,0.5,-0.653705,180,0,0,623702
0,0,0,0.5,-0.653705,180,0,0,623718
0,0,0,0.5,-0.653705,180,0,0,623735
0,-1,0,0.5,-0.65384,180,0,0,623752
0,0,0,0.5,-0.65384,180,0,0,623769
0,0,0,0.5,-0.65384,180,0,0,623785
0,0,0,0.5,-0.65384,180,0,0,623802
0,-1,-1,0.5,-0.653975,180,0,0,623819
0,0,0,0.5,-0.653975,180,0,0,623835
0,-1,0,0.5,-0.65411,180,0,0,623852
0,-1,-1,0.5,-0.654245,180,0,0,623869
0,0,0,0.5,-0.654245,180,0,0,623885
0,0,0,0.5,-0.654245,180,0,0,623902
0,0,0,0.5,-0.654245,180,0,0,623919
0,-1,0,0.5,-0.65438,180,0,0,623936
0,-1,0,0.5,-0.654515,180,0,0,623952
0,0,0,0.5,-0.654515,180,0,0,623969
0,0,0,0.5,-0.654515,180,0,0,623985
0,-1,0,0.5,-0.65465,180,0,0,624002
0,0,0,0.5,-0.65465,180,0,0,624018
0,0,0,0.5,-0.65465,180,0,0,624035
0,-1,-1,0.5,-0.654785,180,0,0,624052
0,-1,0,0.5,-0.65492,180,0,0,624069
0,0,0,0.5,-0.65492,180,0,0,624085
0,0,0,0.5,-0.65492,180,0,0,624102
0,0,0,0.5,-0.65492,180,0,0,624119
0,-1,0,0.5,-0.655055,180,0,0,624135
0,0,0,0.5,-0.655055,180,0,0,624152
0,-1,0,0.5,-0.65519,180,0,0,624169
0,-1,0,0.5,-0.655325,180,0,0,624186
0,0,0,0.5,-0.655325,180,0,0,624202
0,-1,0,0.5,-0.65546,180,0,0,624218
0,0,0,0.5,-0.65546,180,0,0,624235
0,0,0,0.5,-0.65546,180,0,0,624252
0,-1,0,0.5,-0.655595,180,0,0,624268
0,0,0,0.5,-0.655595,180,0,0,624285
0,0,0,0.5,-0.655595,180,0,0,624302
0,0,0,0.5,-0.655595,180,0,0,624318
0,0,0,0.5,-0.655595,180,0,0,624335
0,-1,0,0.5,-0.65573,180,0,0,624352
0,0,0,0.5,-0.65573,180,0,0,624368
0,0,0,0.5,-0.65573,180,0,0,624385
0,0,0,0.5,-0.65573,180,0,0,624402
0,0,0,0.5,-0.65573,180,0,0,624418
0,-1,0,0.5,-0.655865,180,0,0,624435
0,0,0,0.5,-0.655865,180,0,0,624452
0,0,1,0.5,-0.655865,180,0,0,624470
0,0,0,0.5,-0.655865,180,0,0,624485
0,0,0,0.5,-0.655865,180,0,0,624502
0,-1,0,0.5,-0.656,180,0,0,624519
0,0,0,0.5,-0.656,180,0,0,624535
0,0,0,0.5,-0.656,180,0,0,624552
0,0,0,0.5,-0.656,180,0,0,624568
0,0,0,0.5,-0.656,180,0,0,624585
0,0,0,0.5,-0.656,180,0,0,624602
0,0,0,0.5,-0.656,180,0,0,624619
0,0,0,0.5,-0.656,180,0,0,624636
0,-1,0,0.5,-0.656135,180,0,0,624652
0,0,0,0.5,-0.656135,180,0,0,624668
0,0,0,0.5,-0.656135,180,0,0,624686
0,0,0,0.5,-0.656135,180,0,0,624702
0,0,0,0.5,-0.656135,180,0,0,624718
0,0,0,0.5,-0.656135,180,0,0,624735
0,0,0,0.5,-0.656135,180,0,0,624752
0,0,0,0.5,-0.656135,180,0,0,624769
0,0,0,0.5,-0.656135,180,0,0,624785
0,0,0,0.5,-0.656135,180,0,0,624802
0,0,0,0.5,-0.656135,180,0,0,624818
0,0,0,0.5,-0.656135,180,0,0,624835
0,0,0,0.5,-0.656135,180,0,0,624852
0,0,0,0.5,-0.656135,180,0,0,624868
0,0,0,0.5,-0.656135,180,0,0,624885
0,0,0,0.5,-0.656135,180,0,0,624902
0,0,0,0.5,-0.656135,180,0,0,624918
0,0,0,0.5,-0.656135,180,0,0,624935
0,0,0,0.5,-0.656135,180,0,0,624952
0,0,0,0.5,-0.656135,180,0,0,624968
0,0,0,0.5,-0.656135,180,0,0,624985
0,0,0,0.5,-0.656135,180,0,0,625002
0,0,1,0.5,-0.656135,180,0,0,625019
0,0,0,0.5,-0.656135,180,0,0,625035
0,0,0,0.5,-0.656135,180,0,0,625052
0,0,0,0.5,-0.656135,180,0,0,625068
0,0,0,0.5,-0.656135,180,0,0,625085
0,0,0,0.5,-0.656135,180,0,0,625102
0,0,0,0.5,-0.656135,180,0,0,625118
0,0,0,0.5,-0.656135,180,0,0,625135
0,0,0,0.5,-0.656135,180,0,0,625152
0,0,0,0.5,-0.656135,180,0,0,625168
0,0,0,0.5,-0.656135,180,0,0,625185
0,0,0,0.5,-0.656135,180,0,0,625202
0,0,0,0.5,-0.656135,180,0,0,625218
0,0,0,0.5,-0.656135,180,0,0,625235
0,0,0,0.5,-0.656135,180,0,0,625252
0,1,0,0.5,-0.656,180,0,0,625268
0,0,0,0.5,-0.656,180,0,0,625285
0,0,0,0.5,-0.656,180,0,0,625302
0,0,0,0.5,-0.656,180,0,0,625318
0,0,0,0.5,-0.656,180,0,0,625335
0,-6,0,0.5,-0.65681,180,0,0,625352
0,-11,0,0.5,-0.658295,180,0,0,625369
0,-13,0,0.5,-0.66005,180,0,0,625386
0,-16,0,0.5,-0.66221,180,0,0,625402
0,-19,0,0.5,-0.664775,180,0,0,625418
0,-14,-1,0.5,-0.666665,180,0,0,625436
0,-22,0,0.5,-0.669635,180,0,0,625452
0,-17,-2,0.5,-0.67193,180,0,0,625469
0,-15,1,0.5,-0.673955,180,0,0,625486
0,-4,-3,0.5,-0.674495,180,0,0,625503
0,0,-1,0.5,-0.674495,180,0,0,625519
0,0,0,0.5,-0.674495,180,0,0,625535
0,0,0,0.5,-0.674495,180,0,0,625553
0,0,0,0.5,-0.674495,180,0,0,625569
0,0,0,0.5,-0.674495,180,0,0,625585
0,0,0,0.5,-0.674495,180,0,0,625602
0,0,0,0.5,-0.674495,180,0,0,625618
0,0,0,0.5,-0.674495,180,0,0,625635
0,0,0,0.5,-0.674495,180,0,0,625652
0,2,3,0.5,-0.674225,180,0,0,625669
0,1,0,0.5,-0.67409,180,0,0,625685
0,1,0,0.5,-0.673955,180,0,0,625702
0,0,0,0.5,-0.673955,180,0,0,625718
0,0,0,0.5,-0.673955,180,0,0,625735
0,0,0,0.5,-0.673955,180,0,0,625752
0,-2,-1,0.5,-0.674225,180,0,0,625770
0,-3,0,0.5,-0.67463,180,0,0,625785
0,2,0,0.5,-0.67436,180,0,1,625802
0,1,0,0.5,-0.674225,180,0,1,625819
0,0,0,0.5,-0.674225,180,0,1,625835
0,0,0,0.5,-0.674225,180,0,1,625853
0,-12,2,0.5,-0.675845,180,0,1,625870
0,-8,1,0.5,-0.676925,180,0,1,625885
0,-8,0,0.5,-0.678005,180,0,0,625902
0,0,0,0.5,-0.678005,180,0,0,625919
0,0,0,0.5,-0.678005,180,0,0,625935
0,0,0,0.5,-0.678005,180,0,0,625952
0,0,0,0.5,-0.678005,180,0,1,625969
0,0,0,0.5,-0.678005,180,0,1,625985
0,0,0,0.5,-0.678005,180,0,1,626002
0,0,0,0.5,-0.678005,180,0,1,626018
0,0,1,0.5,-0.678005,180,0,1,626036
0,-1,-1,0.5,-0.67814,180,0,1,626052
0,-8,1,0.5,-0.67922,180,0,1,626071
0,-5,2,0.5,-0.679895,180,0,1,626090
0,-4,4,0.5,-0.680435,180,0,1,626104
0,2,-2,0.5,-0.680165,180,0,0,626119
0,-2,2,0.5,-0.680435,180,0,0,626136
0,-8,2,0.5,-0.681515,180,0,0,626154
2,-17,0,0.5,-0.68381,180,0,0,626169
1,-16,-1,0.5,-0.68597,180,0,0,626186
-2,-24,-2,0.5,-0.68921,180,0,0,626203
0,-23,-3,0.5,-0.692315,180,0,0,626219
-1,-12,0,0.5,-0.693935,180,0,0,626235
0,-23,-2,0.5,-0.69704,180,0,0,626254
1,-19,0,0.5,-0.699605,180,0,0,626269
-1,-17,0,0.5,-0.7019,180,0,1,626285
0,-14,1,0.5,-0.70379,180,0,1,626304
2,-2,0,0.5,-0.70406,180,0,1,626319
0,0,0,0.5,-0.70406,180,0,1,626335
0,0,0,0.5,-0.70406,180,0,0,626352
0,0,0,0.5,-0.70406,180,0,0,626368
0,-6,1,0.5,-0.70487,180,0,0,626386
0,-5,-3,0.5,-0.705545,180,0,0,626403
0,-15,0,0.5,-0.70757,180,0,0,626419
0,-3,0,0.5,-0.707975,180,0,1,626437
0,-33,0,0.5,-0.71,180,0,1,626452
0,-13,0,0.5,-0.71,180,0,1,626469
0,-8,-1,0.5,-0.71,180,0,1,626486
0,-6,-1,0.5,-0.71,180,0,1,626503
-3,-7,-2,0.5,-0.71,180,0,0,626519
-1,-12,-1,0.5,-0.71,180,0,0,626536
0,-14,-2,0.5,-0.71,180,0,1,626553
0,-16,0,0.5,-0.71,180,0,1,626569
0,-14,0,0.5,-0.71,180,0,1,626586
1,-9,-1,0.5,-0.71,180,0,1,626603
0,-2,0,0.5,-0.71,180,0,1,626620
-1,0,0,0.5,-0.71,180,0,1,626635
0,0,-1,0.5,-0.71,180,0,1,626652
0,-5,-3,0.5,-0.71,180,0,0,626669
0,-6,-2,0.5,-0.71,180,0,0,626686
-1,-9,-4,0.5,-0.71,180,0,1,626704
0,-12,-3,0.5,-0.71,180,0,1,626721
0,-17,-5,0.5,-0.71,180,0,1,626740
0,-19,-5,0.5,-0.71,180,0,0,626757
0,-27,-6,0.5,-0.71,180,0,0,626773
0,-28,-6,0.5,-0.71,180,0,0,626788
-2,-42,-5,0.5,-0.71,180,0,0,626812
0,0,-7,0.5,-0.71,180,0,0,626820
-1,-5,-1,0.5,-0.71,180,0,0,626837
0,0,0,0.5,-0.71,180,0,0,626852
1,1,0,0.5,-0.709865,180,0,1,626869
0,0,0,0.5,-0.709865,180,0,1,626885
-1,0,0,0.5,-0.709865,180,0,1,626902
0,0,0,0.5,-0.709865,180,0,1,626919
3,0,0,0.5,-0.709865,180,0,0,626935
0,0,0,0.5,-0.709865,180,0,0,626952
0,0,0,0.5,-0.709865,180,0,0,626968
-2,0,0,0.5,-0.709865,180,0,0,626985
0,0,0,0.5,-0.709865,180,0,0,627002
0,0,0,0.5,-0.709865,180,0,0,627018
0,-20,-3,0.5,-0.71,180,0,0,627036
0,-19,-5,0.5,-0.71,180,0,0,627053
0,-17,-6,0.5,-0.71,180,0,0,627070
0,-10,-6,0.5,-0.71,180,0,0,627088
0,-5,-5,0.5,-0.71,180,0,0,627104
-1,-4,-6,0.5,-0.71,180,0,0,627121
0,-3,-5,0.5,-0.71,180,0,0,627137
0,-2,-5,0.5,-0.71,180,0,0,627154
0,4,-5,0.5,-0.70946,180,0,0,627170
0,3,-4,0.5,-0.709055,180,0,0,627186
0,5,-4,0.5,-0.70838,180,0,0,627204
0,6,-4,0.5,-0.70757,180,0,0,627219
0,8,-3,0.5,-0.70649,180,0,0,627238
0,9,-2,0.5,-0.705275,180,0,0,627252
0,25,-1,0.5,-0.7019,180,0,0,627269
0,10,-2,0.5,-0.70055,180,0,0,627286
0,18,0,0.5,-0.69812,180,0,0,627302
0,0,0,0.5,-0.69812,180,0,0,627319
0,0,0,0.5,-0.69812,180,0,0,627335
0,0,0,0.5,-0.69812,180,0,0,627351
0,0,0,0.5,-0.69812,180,0,0,627369
0,0,0,0.5,-0.69812,180,0,0,627385
0,0,0,0.5,-0.69812,180,0,0,627402
0,0,0,0.5,-0.69812,180,0,0,627418
0,0,0,0.5,-0.69812,180,0,0,627435
0,0,0,0.5,-0.69812,180,0,0,627452
0,0,0,0.5,-0.69812,180,0,0,627468
0,0,0,0.5,-0.69812,180,0,0,627485
0,0,0,0.5,-0.69812,180,0,0,627502
0,0,1,0.5,-0.69812,180,0,0,627519
0,0,0,0.5,-0.69812,180,0,0,627535
0,0,0,0.5,-0.69812,180,0,0,627552
0,0,0,0.5,-0.69812,180,0,0,627568
0,0,0,0.5,-0.69812,180,0,0,627585
0,0,0,0.5,-0.69812,180,0,0,627602
2,0,0,0.5,-0.69812,180,0,0,627619
0,0,0,0.5,-0.69812,180,0,0,627635
0,0,0,0.5,-0.69812,180,0,0,627652
-3,0,-1,0.5,-0.69812,180,0,0,627669
0,0,0,0.5,-0.69812,180,0,0,627685
0,0,1,0.5,-0.69812,180,0,0,627702
0,0,1,0.5,-0.69812,180,0,0,627719
0,1,0,0.5,-0.697985,180,0,0,627736
0,0,0,0.5,-0.697985,180,0,0,627752
0,4,0,0.5,-0.697445,180,0,0,627768
0,11,2,0.5,-0.69596,180,0,0,627786
0,0,0,0.5,-0.69596,180,0,0,627802
0,0,-1,0.5,-0.69596,180,0,0,627819
0,0,0,0.5,-0.69596,180,0,0,627835
0,0,0,0.5,-0.69596,180,0,0,627852
1,0,0,0.5,-0.69596,180,0,0,627870
0,0,0,0.5,-0.69596,180,0,0,627885
-1,0,-1,0.5,-0.69596,180,0,0,627902
0,0,1,0.5,-0.69596,180,0,0,627919
0,0,0,0.5,-0.69596,180,0,0,627935
0,0,0,0.5,-0.69596,180,0,0,627952
0,0,0,0.5,-0.69596,180,0,0,627968
0,1,1,0.5,-0.695825,180,0,0,627985
0,0,0,0.5,-0.695825,180,0,0,628002
0,11,1,0.5,-0.69434,180,0,0,628019
0,-2,-2,0.5,-0.69461,180,0,0,628036
0,19,3,0.5,-0.692045,180,0,0,628053
-3,20,-1,0.5,-0.689345,180,0,0,628070
0,26,8,0.5,-0.685835,180,0,0,628088
0,0,0,0.5,-0.685835,180,0,0,628102
0,26,7,0.5,-0.682325,180,0,0,628121
0,0,0,0.5,-0.682325,180,0,0,628135
0,0,0,0.5,-0.682325,180,0,0,628152
0,0,0,0.5,-0.682325,180,0,0,628168
0,0,0,0.5,-0.682325,180,0,0,628185
0,0,0,0.5,-0.682325,180,0,0,628202
0,0,0,0.5,-0.682325,180,0,0,628218
0,12,3,0.5,-0.680705,180,0,0,628236
0,11,3,0.5,-0.67922,180,0,0,628253
-1,9,2,0.5,-0.678005,180,0,0,628269
0,5,1,0.5,-0.67733,180,0,0,628286
0,0,0,0.5,-0.67733,180,0,0,628302
0,-2,0,0.5,-0.6776,180,0,0,628318
0,6,5,0.5,-0.67679,180,0,0,628338
3,-1,2,0.5,-0.676925,180,0,0,628354
0,1,1,0.5,-0.67679,180,0,0,628370
0,8,7,0.5,-0.67571,180,0,0,628389
0,12,8,0.5,-0.67409,180,0,0,628405
0,13,7,0.5,-0.672335,180,0,0,628422
-1,8,2,0.5,-0.671255,180,0,0,628436
0,0,0,0.5,-0.671255,180,0,0,628452
0,1,0,0.5,-0.67112,180,0,0,628470
0,0,0,0.5,-0.67112,180,0,0,628485
0,2,0,0.5,-0.67085,180,0,0,628502
-1,27,6,0.5,-0.667205,180,0,0,628520
1,16,7,0.5,-0.665045,180,0,0,628537
0,0,0,0.5,-0.665045,180,0,0,628551
0,0,0,0.5,-0.665045,180,0,0,628569
0,0,1,0.5,-0.665045,180,0,0,628586
0,-1,0,0.5,-0.66518,180,0,0,628602
0,15,12,0.5,-0.663155,180,0,0,628622
0,14,10,0.5,-0.661265,180,0,0,628638
0,13,9,0.5,-0.65951,180,0,0,628655
0,10,5,0.5,-0.65816,180,0,0,628670
0,13,8,0.5,-0.656405,180,0,0,628687
0,13,6,0.5,-0.65465,180,0,0,628704
-1,12,6,0.5,-0.65303,180,0,0,628720
1,-2,-1,0.5,-0.6533,180,0,0,628738
0,9,5,0.5,-0.652085,180,0,0,628755
0,6,5,0.5,-0.651275,180,0,0,628770
-1,0,1,0.5,-0.651275,180,0,0,628786
0,4,4,0.5,-0.650735,180,0,0,628803
0,2,2,0.5,-0.650465,180,0,0,628819
0,3,3,0.5,-0.65006,180,0,0,628837
0,1,2,0.5,-0.649925,180,0,0,628853
0,1,0,0.5,-0.64979,180,0,0,628869
0,-1,0,0.5,-0.649925,180,0,0,628885
0,0,0,0.5,-0.649925,180,0,0,628902
-1,0,0,0.5,-0.649925,180,0,0,628919
0,0,0,0.5,-0.649925,180,0,0,628935
0,0,0,0.5,-0.649925,180,0,0,628952
0,0,0,0.5,-0.649925,180,0,0,628969
0,0,0,0.5,-0.649925,180,0,0,628986
1,-1,0,0.5,-0.65006,180,0,0,629002
1,4,1,0.5,-0.64952,180,0,0,629019
-1,16,3,0.5,-0.64736,180,0,0,629036
0,18,5,0.5,-0.64493,180,0,0,629053
0,18,5,0.5,-0.6425,180,0,0,629070
0,20,5,0.5,-0.6398,180,0,0,629087
1,22,8,0.5,-0.63683,180,0,0,629105
0,20,6,0.5,-0.63413,180,0,0,629122
0,6,1,0.5,-0.63332,180,0,0,629137
0,5,2,0.5,-0.632645,180,0,0,629153
0,21,7,0.5,-0.62981,180,0,0,629172
1,20,6,0.5,-0.62711,180,0,0,629190
-1,18,4,0.5,-0.62468,180,0,0,629204
0,0,0,0.5,-0.62468,180,0,0,629219
0,0,0,0.5,-0.62468,180,0,0,629235
0,0,0,0.5,-0.62468,180,0,0,629252
-4,0,-1,0.5,-0.62468,180,0,0,629272
0,0,0,0.5,-0.62468,180,0,0,629285
1,0,1,0.5,-0.62468,180,0,0,629303
0,0,0,0.5,-0.62468,180,0,0,629318
-1,0,-1,0.5,-0.62468,180,0,0,629336
-4,-1,-1,0.5,-0.624815,180,0,0,629352
-7,1,-3,0.5,-0.62468,180,0,0,629370
6,0,3,0.5,-0.62468,180,0,0,629386
0,0,6,0.5,-0.62468,180,0,0,629403
1,1,5,0.5,-0.624545,180,0,0,629420
-1,4,3,0.5,-0.624005,180,0,0,629436
-11,9,-2,0.5,-0.62279,180,0,0,629452
-11,1,-5,0.5,-0.622655,180,0,0,629472
0,1,2,0.5,-0.62252,180,0,0,629486
0,6,1,0.5,-0.62171,180,0,0,629503
0,8,4,0.5,-0.62063,180,0,0,629519
0,25,3,0.5,-0.617255,180,0,0,629536
0,25,0,0.5,-0.61388,180,0,0,629552
0,9,1,0.5,-0.612665,180,0,0,629569
0,25,3,0.5,-0.60929,180,0,0,629587
-1,0,-1,0.5,-0.60929,180,0,0,629602
0,0,0,0.5,-0.60929,180,0,0,629618
1,1,3,0.5,-0.609155,180,0,0,629637
-1,22,2,0.5,-0.606185,180,0,0,629652
0,0,0,0.5,-0.606185,180,0,0,629668
0,0,0,0.5,-0.606185,180,0,0,629685
0,6,4,0.5,-0.605375,180,0,0,629703
0,10,4,0.5,-0.604025,180,0,0,629720
0,4,2,0.5,-0.603485,180,0,0,629736
0,8,5,0.5,-0.602405,180,0,0,629753
0,4,4,0.5,-0.601865,180,0,0,629770
0,2,3,0.5,-0.601595,180,0,0,629787
0,2,4,0.5,-0.601325,180,0,0,629803
0,0,3,0.5,-0.601325,180,0,0,629819
0,2,3,0.5,-0.601055,180,0,0,629836
0,5,5,0.5,-0.60038,180,0,0,629853
-1,6,5,0.5,-0.59957,180,0,0,629870
1,9,4,0.5,-0.598355,180,0,0,629886
0,12,5,0.5,-0.596735,180,0,0,629903
0,12,4,0.5,-0.595115,180,0,0,629920
0,14,5,0.5,-0.593225,180,0,0,629938
0,15,5,0.5,-0.5912,180,0,0,629954
0,13,5,0.5,-0.589445,180,0,0,629972
0,13,5,0.5,-0.58769,180,0,0,629987
0,11,5,0.5,-0.586205,180,0,0,630004
1,12,5,0.5,-0.584585,180,0,0,630022
1,9,6,0.5,-0.58337,180,0,0,630041
-1,11,5,0.5,-0.581885,180,0,0,630055
0,23,8,0.5,-0.57878,180,0,0,630072
0,15,4,0.5,-0.576755,180,0,0,630086
0,15,4,0.5,-0.57473,180,0,0,630103
0,18,4,0.5,-0.5723,180,0,0,630121
0,19,3,0.5,-0.569735,180,0,0,630136
0,18,3,0.5,-0.567305,180,0,0,630153
0,18,3,0.5,-0.564875,180,0,0,630169
0,16,3,0.5,-0.562715,180,0,0,630187
0,18,3,0.5,-0.560285,180,0,0,630203
0,15,2,0.5,-0.55826,180,0,0,630220
0,11,2,0.5,-0.556775,180,0,0,630236
0,11,2,0.5,-0.55529,180,0,0,630253
0,8,2,0.5,-0.55421,180,0,0,630269
0,9,3,0.5,-0.552995,180,0,0,630287
0,12,4,0.5,-0.551375,180,0,0,630303
0,15,4,0.5,-0.54935,180,0,0,630321
0,17,5,0.5,-0.547055,180,0,0,630337
0,20,6,0.5,-0.544355,180,0,0,630354
0,20,7,0.5,-0.541655,180,0,0,630370
0,20,8,0.5,-0.538955,180,0,1,630387
0,19,8,0.5,-0.53639,180,0,1,630404
0,18,8,0.5,-0.53396,180,0,1,630421
0,21,8,0.5,-0.531125,180,0,1,630439
0,19,7,0.5,-0.52856,180,0,0,630454
0,38,10,0.5,-0.52343,180,0,0,630471
0,18,8,0.5,-0.521,180,0,0,630487
1,18,6,0.5,-0.51857,180,0,0,630504
-2,17,4,0.5,-0.516275,180,0,0,630520
0,17,5,0.5,-0.51398,180,0,0,630537
0,16,5,0.5,-0.51182,180,0,0,630554
0,16,4,0.5,-0.50966,180,0,0,630570
2,15,6,0.5,-0.507635,180,0,0,630587
-3,11,3,0.5,-0.50615,180,0,0,630604
-2,11,1,0.5,-0.504665,180,0,0,630619
0,10,4,0.5,-0.503315,180,0,0,630637
0,13,6,0.5,-0.50156,180,0,0,630654
0,14,7,0.5,-0.49967,180,0,0,630672
0,16,7,0.5,-0.49751,180,0,0,630687
0,16,7,0.5,-0.49535,180,0,0,630703
0,15,8,0.5,-0.493325,180,0,0,630721
0,17,7,0.5,-0.49103,180,0,0,630737
0,12,8,0.5,-0.48941,180,0,0,630753
0,12,7,0.5,-0.48779,180,0,0,630770
0,10,7,0.5,-0.48644,180,0,0,630788
0,9,6,0.5,-0.485225,180,0,0,630806
0,8,5,0.5,-0.484145,180,0,0,630823
0,8,6,0.5,-0.483065,180,0,0,630836
0,6,5,0.5,-0.482255,180,0,0,630853
0,6,4,0.5,-0.481445,180,0,0,630870
0,10,8,0.5,-0.480095,180,0,0,630890
0,3,3,0.5,-0.47969,180,0,0,630903
3,6,4,0.5,-0.47888,180,0,0,630921
0,4,3,0.5,-0.47834,180,0,0,630936
0,6,3,0.5,-0.47753,180,0,0,630954
0,6,2,0.5,-0.47672,180,0,0,630970
-5,10,0,0.5,-0.47537,180,0,0,630985
0,10,3,0.5,-0.47402,180,0,0,631003
0,11,3,0.5,-0.472535,180,0,0,631020
0,11,3,0.5,-0.47105,180,0,0,631036
0,12,3,0.5,-0.46943,180,0,0,631054
0,8,2,0.5,-0.46835,180,0,0,631069
0,0,0,0.5,-0.46835,180,0,0,631085
-1,0,0,0.5,-0.46835,180,0,0,631102
0,0,0,0.5,-0.46835,180,0,0,631119
0,-1,1,0.5,-0.468485,180,0,0,631135
0,9,6,0.5,-0.46727,180,0,0,631154
0,11,7,0.5,-0.465785,180,0,0,631170
0,16,6,0.5,-0.463625,180,0,0,631186
0,17,4,0.5,-0.46133,180,0,0,631203
0,19,5,0.5,-0.458765,180,0,0,631220
0,23,6,0.5,-0.45566,180,0,0,631238
0,24,6,0.5,-0.45242,180,0,0,631254
0,48,8,0.5,-0.44594,180,0,0,631271
0,28,12,0.5,-0.44216,180,0,0,631288
-1,29,8,0.5,-0.438245,180,0,0,631306
0,27,7,0.5,-0.4346,180,0,0,631321
0,26,8,0.5,-0.43109,180,0,0,631339
0,26,8,0.5,-0.42758,180,0,0,631355
-3,24,7,0.5,-0.42434,180,0,0,631371
3,23,8,0.5,-0.421235,180,0,0,631389
-4,21,5,0.5,-0.4184,180,0,0,631403
-1,20,7,0.5,-0.4157,180,0,0,631421
-6,20,5,0.5,-0.413,180,0,0,631436
0,22,10,0.5,-0.41003,180,0,0,631458
0,23,11,0.5,-0.406925,180,0,0,631474
0,21,11,0.5,-0.40409,180,0,0,631489
-1,21,10,0.5,-0.401255,180,0,0,631504
0,20,11,0.5,-0.398555,180,0,0,631520
3,20,12,0.5,-0.395855,180,0,0,631539
0,19,11,0.5,-0.39329,180,0,0,631556
0,19,10,0.5,-0.390725,180,0,0,631570
0,21,9,0.5,-0.38789,180,0,0,631589
-10,27,6,0.5,-0.384245,180,0,0,631604
-6,27,6,0.5,-0.3806,180,0,0,631620
0,32,9,0.5,-0.37628,180,0,0,631640
4,35,12,0.5,-0.371555,180,0,0,631655
-5,72,19,0.5,-0.361835,180,0,0,631677
0,35,17,0.5,-0.35711,180,0,0,631693
3,35,15,0.5,-0.352385,180,0,0,631708
2,32,13,0.5,-0.348065,180,0,0,631722
-3,33,8,0.5,-0.34361,180,0,0,631738
0,33,9,0.5,-0.339155,180,0,0,631756
0,30,8,0.5,-0.335105,180,0,0,631770
0,32,8,0.5,-0.330785,180,0,0,631789
0,32,8,0.5,-0.326465,180,0,0,631805
0,30,7,0.5,-0.322415,180,0,0,631820
2,31,10,0.5,-0.31823,180,0,0,631839
0,32,9,0.5,-0.31391,180,0,0,631855
0,36,11,0.5,-0.30905,180,0,0,631871
0,37,12,0.5,-0.304055,180,0,0,631890
0,37,14,0.5,-0.29906,180,0,0,631906
0,39,14,0.5,-0.293795,180,0,0,631921
0,38,12,0.5,-0.288665,180,0,0,631939
0,38,11,0.5,-0.283535,180,0,0,631955
0,34,8,0.5,-0.278945,180,0,0,631971
0,34,8,0.5,-0.274355,180,0,0,631988
0,1,1,0.5,-0.27422,180,0,0,632003
-1,14,2,0.5,-0.27233,180,0,1,632019
0,23,7,0.5,-0.269225,180,0,1,632037
0,23,9,0.5,-0.26612,180,0,1,632055
0,22,9,0.5,-0.26315,180,0,1,632072
0,51,10,0.5,-0.256265,180,0,0,632089
-1,14,15,0.5,-0.254375,180,0,0,632105
0,-2,0,0.5,-0.254645,180,0,0,632118
5,-1,2,0.5,-0.25478,180,0,0,632137
-1,17,9,0.5,-0.252485,180,0,1,632155
-1,22,13,0.5,-0.249515,180,0,1,632172
0,22,12,0.5,-0.246545,180,0,1,632189
0,26,11,0.5,-0.243035,180,0,1,632205
0,27,10,0.5,-0.23939,180,0,1,632221
0,27,9,0.5,-0.235745,180,0,0,632238
0,28,8,0.5,-0.231965,180,0,0,632254
0,24,7,0.5,-0.228725,180,0,0,632270
0,24,8,0.5,-0.225485,180,0,0,632287
0,5,2,0.5,-0.22481,180,0,0,632302
-1,7,5,0.5,-0.223865,180,0,0,632320
0,13,6,0.5,-0.22211,180,0,0,632337
1,-1,1,0.5,-0.222245,180,0,0,632352
0,20,14,0.5,-0.219545,180,0,0,632372
0,27,14,0.5,-0.2159,180,0,0,632389
0,28,15,0.5,-0.21212,180,0,0,632406
0,23,13,0.5,-0.209015,180,0,0,632423
0,23,13,0.5,-0.20591,180,0,0,632440
0,21,12,0.5,-0.203075,180,0,0,632458
0,19,12,0.5,-0.20051,180,0,0,632471
0,33,21,0.5,-0.196055,180,0,0,632491
0,15,11,0.5,-0.19403,180,0,0,632505
0,13,11,0.5,-0.192275,180,0,0,632521
0,15,10,0.5,-0.19025,180,0,0,632540
-3,14,8,0.5,-0.18836,180,0,0,632554
0,14,7,0.5,-0.18647,180,0,0,632570
0,14,6,0.5,-0.18458,180,0,0,632587
0,16,6,0.5,-0.18242,180,0,0,632603
0,17,6,0.5,-0.180125,180,0,0,632620
0,19,8,0.5,-0.17756,180,0,0,632639
3,20,7,0.5,-0.17486,180,0,0,632653
0,15,6,0.5,-0.172835,180,0,0,632670
0,0,0,0.5,-0.172835,180,0,0,632685
0,3,3,0.5,-0.17243,180,0,0,632703
0,21,8,0.5,-0.169595,180,0,0,632722
-3,21,9,0.5,-0.16676,180,0,0,632739
0,20,9,0.5,-0.16406,180,0,0,632754
0,20,8,0.5,-0.16136,180,0,0,632774
0,19,9,0.5,-0.158795,180,0,0,632790
0,18,8,0.5,-0.156365,180,0,0,632804
0,16,8,0.5,-0.154205,180,0,0,632820
0,14,7,0.5,-0.152315,180,0,0,632839
-4,23,9,0.5,-0.14921,180,0,0,632854
0,0,0,0.5,-0.14921,180,0,0,632869
-1,21,15,0.5,-0.146375,180,0,0,632893
0,14,8,0.5,-0.144485,180,0,0,632905
0,15,8,0.5,-0.14246,180,0,0,632920
0,21,9,0.5,-0.139625,180,0,0,632941
0,21,8,0.5,-0.13679,180,0,0,632954
1,23,8,0.5,-0.133685,180,0,0,632971
-5,23,6,0.5,-0.13058,180,0,0,632989
0,22,7,0.5,-0.12761,180,0,0,633004
0,24,7,0.5,-0.12437,180,0,0,633021
0,23,6,0.5,-0.121265,180,0,0,633036
-6,24,4,0.5,-0.118025,180,0,0,633053
6,24,10,0.5,-0.114785,180,0,0,633073
0,25,7,0.5,-0.11141,180,0,0,633090
0,25,7,0.5,-0.108035,180,0,0,633104
0,32,7,0.5,-0.103715,180,0,0,633120
0,35,7,0.5,-0.09899,180,0,0,633141
2,36,7,0.5,-0.09413,180,0,0,633155
-6,39,5,0.5,-0.088865,180,0,0,633171
-9,34,0,0.5,-0.084275,180,0,0,633185
2,45,10,0.5,-0.0782,180,0,0,633205
0,45,9,0.5,-0.072125,180,0,0,633220
0,82,16,0.5,-0.061055,180,0,0,633242
-1,38,6,0.5,-0.055925,180,0,0,633256
3,33,8,0.5,-0.05147,180,0,0,633271
0,34,7,0.5,-0.04688,180,0,0,633290
2,33,6,0.5,-0.042425,180,0,0,633304
-2,18,2,0.5,-0.039995,180,0,0,633319
0,33,7,0.5,-0.03554,180,0,0,633337
-3,32,6,0.5,-0.03122,180,0,0,633355
-1,32,10,0.5,-0.0269,180,0,0,633372
0,31,11,0.5,-0.022715,180,0,0,633391
0,28,11,0.5,-0.018935,180,0,0,633405
4,31,13,0.5,-0.01475,180,0,0,633422
-4,30,9,0.5,-0.0107,180,0,0,633440
0,29,10,0.5,-0.006785,180,0,0,633455
1,26,9,0.5,-0.003275,180,0,0,633472
1,26,10,0.5,0.000235,180,0,0,633488
0,23,9,0.5,0.00334,180,0,0,633504
-7,23,6,0.5,0.006445,180,0,0,633521
2,23,10,0.5,0.00955,180,0,0,633539
-2,25,8,0.5,0.012925,180,0,0,633554
0,28,10,0.5,0.016705,180,0,0,633575
0,31,11,0.5,0.02089,180,0,0,633591
0,2,0,0.5,0.02116,180,0,0,633602
0,25,9,0.5,0.024535,180,0,0,633623
-1,70,23,0.5,0.033985,180,0,0,633649
0,33,9,0.5,0.03844,180,0,0,633663
0,0,0,0.5,0.03844,180,0,0,633669
0,61,12,0.5,0.046675,180,0,0,633688
0,0,5,0.5,0.046675,180,0,0,633705
-2,28,8,0.5,0.050455,180,0,0,633721
0,2,1,0.5,0.050725,180,0,0,633736
0,21,8,0.5,0.05356,180,0,0,633756
0,19,8,0.5,0.056125,180,0,0,633772
0,17,7,0.5,0.05842,180,0,0,633790
0,16,7,0.5,0.06058,180,0,0,633808
0,13,7,0.5,0.062335,180,0,0,633821
3,12,9,0.5,0.063955,180,0,0,633837
1,14,8,0.5,0.065845,180,0,0,633854
0,13,9,0.5,0.0676,180,0,0,633871
0,16,9,0.5,0.06976,180,0,0,633888
-4,15,7,0.5,0.071785,180,0,0,633904
0,17,9,0.5,0.07408,180,0,0,633920
0,17,9,0.5,0.076375,180,0,0,633939
0,15,10,0.5,0.0784,180,0,0,633956
0,16,10,0.5,0.08056,180,0,0,633971
0,14,9,0.5,0.08245,180,0,0,633992
-1,14,9,0.5,0.08434,180,0,0,634004
0,13,9,0.5,0.086095,180,0,0,634021
1,13,10,0.5,0.08785,180,0,0,634038
-1,12,7,0.5,0.08947,180,0,0,634055
0,11,9,0.5,0.090955,180,0,0,634071
0,19,14,0.5,0.09352,180,0,0,634090
0,8,9,0.5,0.0946,180,0,0,634104
0,8,6,0.5,0.09568,180,0,0,634120
-4,8,4,0.5,0.09676,180,0,0,634136
0,8,6,0.5,0.09784,180,0,0,634154
0,7,6,0.5,0.098785,180,0,0,634170
0,8,4,0.5,0.099865,180,0,0,634186
0,10,4,0.5,0.101215,180,0,0,634203
0,9,3,0.5,0.10243,180,0,0,634220
-2,12,1,0.5,0.10405,180,0,0,634236
0,10,3,0.5,0.1054,180,0,0,634254
0,9,2,0.5,0.106615,180,0,0,634269
0,7,2,0.5,0.10756,180,0,0,634285
0,9,1,0.5,0.108775,180,0,0,634302
0,5,2,0.5,0.10945,180,0,0,634319
-2,4,3,0.5,0.10999,180,0,0,634336
0,7,5,0.5,0.110935,180,0,0,634354
0,10,4,0.5,0.112285,180,0,0,634371
0,14,4,0.5,0.114175,180,0,0,634387
0,18,5,0.5,0.116605,180,0,0,634407
-4,22,2,0.5,0.119575,180,0,0,634421
0,25,5,0.5,0.12295,180,0,0,634437
0,26,5,0.5,0.12646,180,0,0,634454
0,59,10,0.5,0.134425,180,0,0,634472
0,0,0,0.5,0.134425,180,0,0,634485
0,59,8,0.5,0.14239,180,0,0,634503
0,29,5,0.5,0.146305,180,0,0,634519
0,25,5,0.5,0.14968,180,0,0,634536
0,28,6,0.5,0.15346,180,0,0,634556
0,28,5,0.5,0.15724,180,0,0,634570
0,28,5,0.5,0.16102,180,0,0,634587
0,26,5,0.5,0.16453,180,0,0,634604
2,28,7,0.5,0.16831,180,0,0,634620
0,30,6,0.5,0.17236,180,0,0,634637
0,32,7,0.5,0.17668,180,0,0,634655
0,4,1,0.5,0.17722,180,0,0,634669
0,17,3,0.5,0.179515,180,0,0,634687
0,40,9,0.5,0.184915,180,0,0,634704
0,40,9,0.5,0.190315,180,0,0,634721
0,37,10,0.5,0.19531,180,0,0,634738
0,34,10,0.5,0.1999,180,0,0,634757
0,30,10,0.5,0.20395,180,0,0,634772
0,26,9,0.5,0.20746,180,0,0,634788
0,30,11,0.5,0.21151,180,0,0,634805
0,26,9,0.5,0.21502,180,0,0,634821
0,16,5,0.5,0.21718,180,0,0,634837
1,16,6,0.5,0.21934,180,0,0,634855
1,34,14,0.5,0.22393,180,0,0,634872
0,0,0,0.5,0.22393,180,0,0,634885
0,28,13,0.5,0.22771,180,0,0,634905
0,56,23,0.5,0.23527,180,0,0,634925
0,30,11,0.5,0.23932,180,0,0,634939
0,22,9,0.5,0.24229,180,0,0,634955
0,22,10,0.5,0.24526,180,0,0,634971
0,25,11,0.5,0.248635,180,0,0,634987
0,21,11,0.5,0.25147,180,1,0,635005
0,21,10,0.5,0.254305,180,1,0,635020
0,19,10,0.5,0.25687,180,1,0,635037
-3,16,9,0.5,0.25903,180,0,0,635056
-2,16,10,0.5,0.26119,180,0,0,635071
3,16,12,0.5,0.26335,180,0,0,635088
0,17,12,0.5,0.265645,180,0,0,635105
0,17,12,0.5,0.26794,180,0,0,635126
0,16,12,0.5,0.2701,180,0,0,635137
1,18,13,0.5,0.27253,180,0,0,635155
0,15,11,0.5,0.274555,180,0,0,635170
0,14,12,0.5,0.276445,180,0,0,635188
-4,12,9,0.5,0.278065,180,0,1,635204
4,12,12,0.5,0.279685,180,0,1,635221
0,12,9,0.5,0.281305,180,0,1,635237
-3,25,17,0.5,0.28468,180,0,1,635257
0,12,8,0.5,0.2863,180,0,0,635270
-1,14,8,0.5,0.28819,180,0,0,635287
0,13,8,0.5,0.289945,180,0,0,635305
0,14,8,0.5,0.291835,180,0,1,635320
0,19,8,0.5,0.2944,180,0,1,635339
0,18,8,0.5,0.29683,180,0,1,635355
0,18,8,0.5,0.29926,180,0,0,635373
0,17,8,0.5,0.301555,180,0,0,635386
0,17,9,0.5,0.30385,180,0,0,635406
0,16,11,0.5,0.30601,180,0,1,635422
0,16,11,0.5,0.30817,180,0,1,635438
-4,15,9,0.5,0.310195,180,0,1,635455
-1,15,11,0.5,0.31222,180,0,1,635471
3,16,13,0.5,0.31438,180,0,0,635488
0,16,10,0.5,0.31654,180,0,0,635504
-1,17,10,0.5,0.318835,180,0,0,635521
0,20,10,0.5,0.321535,180,0,1,635537
0,19,8,0.5,0.3241,180,0,1,635554
0,20,8,0.5,0.3268,180,0,1,635570
0,19,7,0.5,0.329365,180,0,1,635587
0,14,6,0.5,0.331255,180,0,0,635604
0,12,5,0.5,0.332875,180,0,0,635621
0,10,6,0.5,0.334225,180,0,0,635640
0,7,14,0.5,0.33517,180,0,1,635656
0,12,6,0.5,0.33679,180,0,1,635669
0,13,6,0.5,0.338545,180,0,1,635686
0,18,6,0.5,0.340975,180,0,1,635709
0,19,5,0.5,0.34354,180,0,1,635719
0,21,6,0.5,0.346375,180,0,0,635739
0,21,7,0.5,0.34921,180,0,0,635755
0,20,7,0.5,0.35191,180,0,1,635779
0,23,8,0.5,0.355015,180,0,1,635787
0,22,7,0.5,0.357985,180,0,1,635804
0,22,7,0.5,0.360955,180,0,1,635820
0,23,8,0.5,0.36406,180,0,1,635837
1,20,10,0.5,0.36676,180,0,0,635855
0,17,7,0.5,0.369055,180,0,0,635870
-4,17,5,0.5,0.37135,180,0,0,635886
2,18,6,0.5,0.37378,180,0,1,635905
0,17,6,0.5,0.376075,180,0,1,635920
-4,15,5,0.5,0.3781,180,0,1,635936
0,26,11,0.5,0.38161,180,0,0,635973
0,8,5,0.5,0.38269,180,0,0,635983
-1,4,5,0.5,0.38323,180,0,0,635989
0,0,0,0.5,0.38323,180,0,0,636001
2,4,6,0.5,0.38377,180,0,0,636020
1,7,8,0.5,0.384715,180,0,1,636038
0,24,15,0.5,0.387955,180,0,1,636055
0,16,7,0.5,0.390115,180,0,1,636070
0,19,7,0.5,0.39268,180,0,0,636088
0,18,6,0.5,0.39511,180,0,0,636103
0,20,6,0.5,0.39781,180,0,0,636121
0,19,7,0.5,0.400375,180,0,0,636138
0,21,7,0.5,0.40321,180,0,0,636153
-4,21,7,0.5,0.406045,180,0,1,636173
0,21,7,0.5,0.40888,180,0,1,636188
0,22,8,0.5,0.41185,180,0,1,636204
0,21,7,0.5,0.414685,180,0,0,636220
2,20,8,0.5,0.417385,180,0,0,636238
0,18,7,0.5,0.419815,180,0,0,636253
1,20,8,0.5,0.422515,180,0,0,636271
0,19,7,0.5,0.42508,180,0,1,636287
0,19,6,0.5,0.427645,180,0,1,636303
0,22,6,0.5,0.430615,180,0,1,636320
0,18,6,0.5,0.433045,180,0,1,636338
0,18,5,0.5,0.435475,180,0,0,636353
0,19,4,0.5,0.43804,180,0,0,636370
0,17,3,0.5,0.440335,180,0,0,636389
0,12,2,0.5,0.441955,180,0,0,636402
0,11,2,0.5,0.44344,180,0,1,636419
0,7,3,0.5,0.444385,180,0,1,636436
0,16,9,0.5,0.446545,180,0,1,636454
0,10,6,0.5,0.447895,180,0,1,636473
2,12,9,0.5,0.449515,180,0,0,636489
-4,16,2,0.5,0.451675,180,0,0,636502
0,17,6,0.5,0.45397,180,0,0,636520
0,18,5,0.5,0.4564,180,0,1,636538
0,20,6,0.5,0.4591,180,0,1,636554
0,20,6,0.5,0.4618,180,0,1,636569
0,19,4,0.5,0.464365,180,0,1,636587
0,19,5,0.5,0.46693,180,0,0,636614
0,18,5,0.5,0.46936,180,0,0,636623
0,16,5,0.5,0.47152,180,0,0,636639
0,14,5,0.5,0.47341,180,0,0,636654
2,15,7,0.5,0.475435,180,0,0,636671
0,14,6,0.5,0.477325,180,0,1,636688
0,16,6,0.5,0.479485,180,0,1,636703
0,14,5,0.5,0.481375,180,0,1,636720
0,15,5,0.5,0.4834,180,0,0,636737
0,16,4,0.5,0.48556,180,0,0,636753
0,14,3,0.5,0.48745,180,0,0,636769
0,14,2,0.5,0.48934,180,0,0,636786
0,10,2,0.5,0.49069,180,0,0,636803
0,7,1,0.5,0.491635,180,0,1,636819
-6,5,0,0.5,0.49231,180,0,1,636835
0,13,7,0.5,0.494065,180,0,1,636858
-1,10,4,0.5,0.495415,180,0,1,636869
-6,11,3,0.5,0.4969,180,0,0,636886
-5,13,2,0.5,0.498655,180,0,0,636902
0,16,6,0.5,0.500815,180,0,0,636920
0,17,5,0.5,0.50311,180,0,0,636937
-2,19,4,0.5,0.505675,180,0,0,636953
2,21,5,0.5,0.50851,180,0,1,636970
0,20,5,0.5,0.51121,180,0,1,636986
0,9,2,0.5,0.512425,180,0,1,637003
0,22,5,0.5,0.515395,180,0,1,637020
0,21,3,0.5,0.51823,180,0,0,637036
0,12,0,0.5,0.51985,180,0,0,637052
0,21,2,0.5,0.522685,180,0,0,637069
0,19,1,0.5,0.52525,180,0,0,637085
0,17,1,0.5,0.527545,180,0,0,637102
0,14,2,0.5,0.529435,180,0,0,637119
0,10,2,0.5,0.530785,180,0,1,637136
0,10,4,0.5,0.532135,180,0,1,637152
0,11,5,0.5,0.53362,180,0,1,637172
1,13,6,0.5,0.535375,180,0,1,637186
-3,14,5,0.5,0.537265,180,0,0,637203
0,14,5,0.5,0.539155,180,0,0,637220
4,17,7,0.5,0.54145,180,0,0,637238
1,34,6,0.5,0.54604,180,0,0,637253
-5,18,6,0.5,0.54847,180,0,1,637271
3,19,6,0.5,0.551035,180,0,1,637286
-1,20,6,0.5,0.553735,180,0,1,637304
1,18,6,0.5,0.556165,180,0,1,637320
0,17,4,0.5,0.55846,180,0,1,637336
0,16,3,0.5,0.56062,180,0,0,637353
0,13,5,0.5,0.562375,180,0,0,637369
0,14,5,0.5,0.564265,180,0,0,637388
0,13,5,0.5,0.56602,180,0,0,637403
0,13,4,0.5,0.567775,180,0,0,637419
0,16,4,0.5,0.569935,180,0,0,637436
0,14,3,0.5,0.571825,180,0,0,637452
0,16,3,0.5,0.573985,180,0,1,637469
0,13,1,0.5,0.57574,180,0,1,637485
0,11,2,0.5,0.577225,180,0,1,637502
0,9,1,0.5,0.57844,180,0,0,637519
0,5,2,0.5,0.579115,180,0,0,637535
0,1,2,0.5,0.57925,180,0,0,637552
0,6,5,0.5,0.58006,180,0,0,637569
0,7,6,0.5,0.581005,180,0,0,637589
0,9,6,0.5,0.58222,180,0,0,637604
0,10,6,0.5,0.58357,180,0,1,637620
0,24,7,0.5,0.58681,180,0,1,637639
-1,12,7,0.5,0.58843,180,0,1,637653
0,11,10,0.5,0.589915,180,0,0,637672
1,13,8,0.5,0.59167,180,0,0,637689
0,12,7,0.5,0.59329,180,0,0,637703
0,13,5,0.5,0.595045,180,0,0,637719
0,12,5,0.5,0.596665,180,0,0,637737
0,12,5,0.5,0.598285,180,0,1,637754
0,13,5,0.5,0.60004,180,0,1,637770
0,13,5,0.5,0.601795,180,0,1,637787
0,12,4,0.5,0.603415,180,0,1,637804
0,10,4,0.5,0.604765,180,0,1,637821
-1,9,4,0.5,0.60598,180,0,0,637838
3,7,6,0.5,0.606925,180,0,0,637853
-3,6,2,0.5,0.607735,180,0,0,637869
0,5,3,0.5,0.60841,180,0,0,637886
-1,3,2,0.5,0.608815,180,0,0,637903
-3,4,2,0.5,0.609355,180,0,0,637920
0,5,1,0.5,0.61003,180,0,0,637936
0,6,1,0.5,0.61084,180,0,0,637952
0,7,1,0.5,0.611785,180,0,1,637969
0,5,0,0.5,0.61246,180,0,0,637985
0,6,1,0.5,0.61327,180,0,0,638002
0,4,1,0.5,0.61381,180,0,0,638019
0,4,2,0.5,0.61435,180,0,0,638036
0,6,4,0.5,0.61516,180,0,0,638053
0,3,6,0.5,0.615565,180,0,0,638069
0,2,4,0.5,0.615835,180,0,0,638087
0,5,5,0.5,0.61651,180,0,0,638104
0,7,4,0.5,0.617455,180,0,0,638120
0,9,4,0.5,0.61867,180,0,0,638141
0,10,3,0.5,0.62002,180,0,0,638154
0,9,3,0.5,0.621235,180,0,0,638169
0,9,3,0.5,0.62245,180,0,0,638186
-1,8,3,0.5,0.62353,180,0,0,638206
2,8,2,0.5,0.62461,180,0,0,638219
1,6,4,0.5,0.62542,180,0,0,638238
0,6,2,0.5,0.62623,180,0,0,638252
0,4,3,0.5,0.62677,180,0,0,638269
-4,4,1,0.5,0.62731,180,0,0,638288
-1,1,1,0.5,0.627445,180,0,0,638303
0,2,3,0.5,0.627715,180,0,0,638319
0,2,2,0.5,0.627985,180,0,0,638335
0,2,3,0.5,0.628255,180,0,0,638353
0,3,3,0.5,0.62866,180,0,0,638369
-5,3,0,0.5,0.629065,180,0,0,638386
0,4,3,0.5,0.629605,180,0,0,638405
0,3,2,0.5,0.63001,180,0,0,638420
0,4,3,0.5,0.63055,180,0,0,638437
0,9,5,0.5,0.631765,180,0,0,638454
0,6,3,0.5,0.632575,180,0,0,638469
0,5,3,0.5,0.63325,180,0,0,638486
0,6,4,0.5,0.63406,180,0,0,638505
0,7,3,0.5,0.635005,180,0,0,638519
0,7,3,0.5,0.63595,180,0,0,638536
0,6,2,0.5,0.63676,180,0,0,638552
0,5,2,0.5,0.637435,180,0,0,638569
0,6,2,0.5,0.638245,180,0,0,638587
0,4,1,0.5,0.638785,180,0,0,638602
0,4,2,0.5,0.639325,180,0,0,638619
0,3,1,0.5,0.63973,180,0,0,638635
0,4,1,0.5,0.64027,180,0,0,638652
0,2,1,0.5,0.64054,180,0,0,638668
0,4,0,0.5,0.64108,180,0,0,638685
0,4,0,0.5,0.64162,180,0,0,638702
0,3,0,0.5,0.642025,180,0,0,638718
0,1,0,0.5,0.64216,180,0,0,638735
0,1,0,0.5,0.642295,180,0,0,638751
0,0,-1,0.5,0.642295,180,0,0,638768
0,-3,0,0.5,0.64189,180,0,0,638786
0,-4,0,0.5,0.64135,180,0,0,638802
0,-5,2,0.5,0.640675,180,0,0,638819
0,-2,4,0.5,0.640405,180,0,0,638836
0,-1,5,0.5,0.64027,180,0,0,638854
0,2,5,0.5,0.64054,180,0,0,638869
0,3,9,0.5,0.640945,180,0,0,638889
0,3,4,0.5,0.64135,180,0,0,638903
0,4,4,0.5,0.64189,180,0,0,638920
0,4,3,0.5,0.64243,180,0,0,638938
0,5,3,0.5,0.643105,180,0,0,638953
0,2,1,0.5,0.643375,180,0,0,638970
0,4,2,0.5,0.643915,180,0,0,638986
0,2,1,0.5,0.644185,180,0,0,639002
0,3,1,0.5,0.64459,180,0,0,639019
0,4,2,0.5,0.64513,180,0,0,639035
0,4,2,0.5,0.64567,180,0,0,639053
0,5,1,0.5,0.646345,180,0,0,639068
0,5,1,0.5,0.64702,180,0,0,639085
0,4,1,0.5,0.64756,180,0,0,639103
0,3,1,0.5,0.647965,180,0,0,639118
0,3,2,0.5,0.64837,180,0,0,639136
-1,2,3,0.5,0.64864,180,0,0,639152
0,1,2,0.5,0.648775,180,0,0,639169
0,1,3,0.5,0.64891,180,0,0,639185
1,2,4,0.5,0.64918,180,0,0,639205
0,2,4,0.5,0.64945,180,0,0,639219
0,3,4,0.5,0.649855,180,0,0,639236
0,2,5,0.5,0.650125,180,0,0,639253
0,8,9,0.5,0.651205,180,0,0,639271
-4,4,2,0.5,0.651745,180,0,0,639285
-1,4,3,0.5,0.652285,180,0,0,639303
0,5,4,0.5,0.65296,180,0,0,639319
0,5,3,0.5,0.653635,180,0,0,639336
3,4,4,0.5,0.654175,180,0,0,639354
0,5,2,0.5,0.65485,180,0,0,639369
0,4,1,0.5,0.65539,180,0,0,639385
0,3,1,0.5,0.655795,180,0,0,639404
0,3,1,0.5,0.6562,180,0,0,639418
1,3,0,0.5,0.656605,180,0,0,639435
0,2,0,0.5,0.656875,180,0,0,639452
0,1,0,0.5,0.65701,180,0,0,639468
0,1,0,0.5,0.657145,180,0,0,639485
0,1,0,0.5,0.65728,180,0,0,639504
-1,0,-1,0.5,0.65728,180,0,0,639519
0,1,1,0.5,0.657415,180,0,0,639535
0,1,1,0.5,0.65755,180,0,0,639553
0,1,1,0.5,0.657685,180,0,0,639568
0,2,1,0.5,0.657955,180,0,0,639585
0,1,1,0.5,0.65809,180,0,0,639604
0,2,1,0.5,0.65836,180,0,0,639619
0,3,1,0.5,0.658765,180,0,0,639635
0,5,2,0.5,0.65944,180,0,0,639654
0,2,1,0.5,0.65971,180,0,0,639668
0,2,1,0.5,0.65998,180,0,0,639685
0,2,1,0.5,0.66025,180,0,0,639702
0,2,1,0.5,0.66052,180,0,0,639719
0,2,1,0.5,0.66079,180,0,0,639736
0,0,0,0.5,0.66079,180,0,0,639751
0,1,0,0.5,0.660925,180,0,0,639768
-1,1,0,0.5,0.66106,180,0,0,639785
1,1,1,0.5,0.661195,180,0,0,639803
0,1,0,0.5,0.66133,180,0,0,639818
0,1,0,0.5,0.661465,180,0,0,639835
0,1,0,0.5,0.6616,180,0,0,639853
0,1,0,0.5,0.661735,180,0,0,639868
0,1,0,0.5,0.66187,180,0,0,639885
0,1,0,0.5,0.662005,180,0,0,639901
0,0,0,0.5,0.662005,180,0,0,639918
0,1,0,0.5,0.66214,180,0,0,639935
0,0,0,0.5,0.66214,180,0,0,639951
0,0,0,0.5,0.66214,180,0,0,639968
0,1,0,0.5,0.662275,180,0,0,639985
0,0,0,0.5,0.662275,180,0,0,640001
0,0,0,0.5,0.662275,180,0,0,640018
0,1,0,0.5,0.66241,180,0,0,640035
0,0,0,0.5,0.66241,180,0,0,640051
0,0,0,0.5,0.66241,180,0,0,640068
0,0,0,0.5,0.66241,180,0,0,640084
0,0,0,0.5,0.66241,180,0,0,640101
0,0,-1,0.5,0.66241,180,0,0,640118
0,0,0,0.5,0.66241,180,0,0,640134
0,0,0,0.5,0.66241,180,0,0,640151
0,-1,0,0.5,0.662275,180,0,0,640168
0,0,0,0.5,0.662275,180,0,0,640185
0,0,0,0.5,0.662275,180,0,0,640201
0,0,0,0.5,0.662275,180,0,0,640218
0,-1,0,0.5,0.66214,180,0,0,640235
0,-1,0,0.5,0.662005,180,0,0,640251
0,0,0,0.5,0.662005,180,0,0,640268
0,-1,0,0.5,0.66187,180,0,0,640285
0,-1,0,0.5,0.661735,180,0,0,640301
0,-1,-1,0.5,0.6616,180,0,0,640318
0,0,0,0.5,0.6616,180,0,0,640335
0,-1,-1,0.5,0.661465,180,0,0,640352
0,-1,-1,0.5,0.66133,180,0,0,640369
0,-1,0,0.5,0.661195,180,0,0,640386
0,-1,0,0.5,0.66106,180,0,0,640401
0,0,0,0.5,0.66106,180,0,0,640418
0,-1,0,0.5,0.660925,180,0,0,640436
0,-2,-1,0.5,0.660655,180,0,0,640452
0,-2,0,0.5,0.660385,180,0,0,640469
1,-1,0,0.5,0.66025,180,0,0,640486
0,-1,0,0.5,0.660115,180,0,0,640502
0,0,0,0.5,0.660115,180,0,0,640518
0,-2,-1,0.5,0.659845,180,0,0,640536
0,-1,0,0.5,0.65971,180,0,0,640552
0,-1,-1,0.5,0.659575,180,0,0,640570
0,0,0,0.5,0.659575,180,0,0,640585
0,-1,-1,0.5,0.65944,180,0,0,640603
0,0,0,0.5,0.65944,180,0,0,640618
0,-2,-1,0.5,0.65917,180,0,0,640635
0,-1,0,0.5,0.659035,180,0,0,640651
0,-1,0,0.5,0.6589,180,0,0,640668
0,-1,-1,0.5,0.658765,180,0,0,640686
0,-1,0,0.5,0.65863,180,0,0,640701
0,-1,0,0.5,0.658495,180,0,0,640718
0,-1,0,0.5,0.65836,180,0,0,640735
0,-2,-1,0.5,0.65809,180,0,0,640752
0,0,-1,0.5,0.65809,180,0,0,640769
0,-2,0,0.5,0.65782,180,0,0,640785
0,0,0,0.5,0.65782,180,0,0,640802
0,-1,0,0.5,0.657685,180,0,0,640818
0,-1,-1,0.5,0.65755,180,0,0,640836
0,0,-1,0.5,0.65755,180,0,0,640852
0,-2,-2,0.5,0.65728,180,0,0,640869
0,0,0,0.5,0.65728,180,0,0,640885
0,-1,-1,0.5,0.657145,180,0,0,640902
0,-1,-1,0.5,0.65701,180,0,0,640919
0,-1,0,0.5,0.656875,180,0,0,640935
0,-1,-1,0.5,0.65674,180,0,0,640952
0,-1,0,0.5,0.656605,180,0,0,640968
0,-1,0,0.5,0.65647,180,0,0,640986
0,-1,0,0.5,0.656335,180,0,0,641001
0,-1,0,0.5,0.6562,180,0,0,641019
0,-1,0,0.5,0.656065,180,0,0,641036
0,-1,-1,0.5,0.65593,180,0,0,641052
0,0,0,0.5,0.65593,180,0,0,641069
0,0,0,0.5,0.65593,180,0,0,641085
0,-1,-1,0.5,0.655795,180,0,0,641101
0,0,0,0.5,0.655795,180,0,0,641118
0,-1,0,0.5,0.65566,180,0,0,641137
0,-1,-1,0.5,0.655525,180,0,0,641152
0,-1,-1,0.5,0.65539,180,0,0,641169
0,-1,-1,0.5,0.655255,180,0,0,641187
0,-1,0,0.5,0.65512,180,0,0,641201
0,-1,0,0.5,0.654985,180,0,0,641218
0,-1,0,0.5,0.65485,180,0,0,641236
0,-1,0,0.5,0.654715,180,0,0,641252
0,0,0,0.5,0.654715,180,0,0,641268
0,-1,0,0.5,0.65458,180,0,0,641285
0,0,0,0.5,0.65458,180,0,0,641301
0,-1,0,0.5,0.654445,180,0,0,641318
0,0,0,0.5,0.654445,180,0,0,641334
0,0,0,0.5,0.654445,180,0,0,641351
0,-1,0,0.5,0.65431,180,0,0,641369
0,-1,-1,0.5,0.654175,180,0,0,641386
0,0,0,0.5,0.654175,180,0,0,641401
0,-1,0,0.5,0.65404,180,0,0,641420
0,-1,0,0.5,0.653905,180,0,0,641437
0,0,0,0.5,0.653905,180,0,0,641451
0,-1,0,0.5,0.65377,180,0,0,641468
0,-1,0,0.5,0.653635,180,0,0,641485
0,-1,0,0.5,0.6535,180,0,0,641501
0,0,0,0.5,0.6535,180,0,0,641519
0,0,0,0.5,0.6535,180,0,0,641534
0,0,0,0.5,0.6535,180,0,0,641551
0,0,0,0.5,0.6535,180,0,0,641569
0,0,0,0.5,0.6535,180,0,0,641584
2,-1,0,0.5,0.653365,180,0,0,641601
0,0,0,0.5,0.653365,180,0,0,641618
0,-1,0,0.5,0.65323,180,0,0,641634
0,0,0,0.5,0.65323,180,0,0,641651
0,0,0,0.5,0.65323,180,0,0,641668
0,-1,0,0.5,0.653095,180,0,0,641684
0,0,0,0.5,0.653095,180,0,0,641701
0,-1,0,0.5,0.65296,180,0,0,641718
0,0,0,0.5,0.65296,180,0,0,641734
0,0,0,0.5,0.65296,180,0,0,641751
0,0,0,0.5,0.65296,180,0,0,641768
0,0,0,0.5,0.65296,180,0,0,641784
0,0,0,0.5,0.65296,180,0,0,641801
0,0,0,0.5,0.65296,180,0,0,641818
0,0,0,0.5,0.65296,180,0,0,641834
0,0,0,0.5,0.65296,180,0,0,641851
0,0,0,0.5,0.65296,180,0,0,641868
0,0,0,0.5,0.65296,180,0,0,641884
0,-1,0,0.5,0.652825,180,0,0,641901
0,0,0,0.5,0.652825,180,0,0,641918
-1,-1,-1,0.5,0.65269,180,0,0,641935
0,0,0,0.5,0.65269,180,0,0,641951
0,0,0,0.5,0.65269,180,0,0,641968
0,0,0,0.5,0.65269,180,0,0,641984
0,0,1,0.5,0.65269,180,0,0,642001
0,0,0,0.5,0.65269,180,0,0,642018
0,0,0,0.5,0.65269,180,0,0,642034
0,0,0,0.5,0.65269,180,0,0,642051
0,0,0,0.5,0.65269,180,0,0,642068
0,0,0,0.5,0.65269,180,0,0,642084
0,0,0,0.5,0.65269,180,0,0,642101
0,0,0,0.5,0.65269,180,0,0,642118
0,0,0,0.5,0.65269,180,0,0,642134
0,0,0,0.5,0.65269,180,0,0,642151
0,0,0,0.5,0.65269,180,0,0,642168
0,0,0,0.5,0.65269,180,0,0,642184
0,0,0,0.5,0.65269,180,0,0,642201
0,0,0,0.5,0.65269,180,0,0,642218
0,0,0,0.5,0.65269,180,0,0,642235
0,0,0,0.5,0.65269,180,0,0,642251
0,0,0,0.5,0.65269,180,0,0,642268
0,0,0,0.5,0.65269,180,0,0,642285
0,0,0,0.5,0.65269,180,0,0,642301
-3,1,0,0.5,0.652825,180,0,0,642318
-1,0,0,0.5,0.652825,180,0,0,642335
0,0,0,0.5,0.652825,180,0,0,642351
-2,1,0,0.5,0.65296,180,0,0,642368
0,0,-1,0.5,0.65296,180,0,0,642385
-1,0,0,0.5,0.65296,180,0,0,642401
0,0,0,0.5,0.65296,180,0,0,642418
0,0,0,0.5,0.65296,180,0,0,642435
0,0,0,0.5,0.65296,180,0,0,642451
0,0,1,0.5,0.65296,180,0,0,642468
0,0,0,0.5,0.65296,180,0,0,642485
0,0,0,0.5,0.65296,180,0,0,642501
0,0,0,0.5,0.65296,180,0,0,642518
0,0,0,0.5,0.65296,180,0,0,642535
0,1,0,0.5,0.653095,180,0,0,642551
0,0,0,0.5,0.653095,180,0,0,642568
0,0,0,0.5,0.653095,180,0,0,642585
0,1,0,0.5,0.65323,180,0,0,642602
0,0,0,0.5,0.65323,180,0,0,642618
0,0,0,0.5,0.65323,180,0,0,642635
0,1,0,0.5,0.653365,180,0,0,642651
0,0,0,0.5,0.653365,180,0,0,642668
0,0,0,0.5,0.653365,180,0,0,642684
0,0,0,0.5,0.653365,180,0,0,642701
0,0,0,0.5,0.653365,180,0,0,642718
0,0,0,0.5,0.653365,180,0,0,642734
0,0,0,0.5,0.653365,180,0,0,642751
0,1,0,0.5,0.6535,180,0,0,642768
0,0,0,0.5,0.6535,180,0,0,642784
0,0,0,0.5,0.6535,180,0,0,642801
-1,0,0,0.5,0.6535,180,0,0,642818
-1,1,-1,0.5,0.653635,180,0,0,642835
0,1,0,0.5,0.65377,180,0,0,642851
-2,0,0,0.5,0.65377,180,0,0,642868
-1,1,0,0.5,0.653905,180,0,0,642885
-1,0,0,0.5,0.653905,180,0,0,642902
-1,1,0,0.5,0.65404,180,0,0,642919
0,0,0,0.5,0.65404,180,0,0,642934
0,0,0,0.5,0.65404,180,0,0,642951
0,0,0,0.5,0.65404,180,0,0,642968
0,0,0,0.5,0.65404,180,0,0,642984
0,0,0,0.5,0.65404,180,0,0,643001
0,0,0,0.5,0.65404,180,0,0,643018
0,0,0,0.5,0.65404,180,0,0,643034
0,1,0,0.5,0.654175,180,0,0,643051
0,0,0,0.5,0.654175,180,0,0,643068
0,0,0,0.5,0.654175,180,0,0,643084
0,1,0,0.5,0.65431,180,0,0,643101
0,0,0,0.5,0.65431,180,0,0,643118
0,0,0,0.5,0.65431,180,0,0,643134
0,1,0,0.5,0.654445,180,0,0,643151
0,0,0,0.5,0.654445,180,0,0,643168
0,1,0,0.5,0.65458,180,0,0,643184
0,0,0,0.5,0.65458,180,0,0,643201
0,1,0,0.5,0.654715,180,0,0,643218
0,0,0,0.5,0.654715,180,0,0,643234
0,1,0,0.5,0.65485,180,0,0,643251
0,0,0,0.5,0.65485,180,0,0,643268
0,0,0,0.5,0.65485,180,0,0,643284
0,0,0,0.5,0.65485,180,0,0,643301
0,-1,0,0.5,0.654715,180,0,0,643318
0,0,0,0.5,0.654715,180,0,0,643334
0,0,0,0.5,0.654715,180,0,0,643351
0,0,0,0.5,0.654715,180,0,0,643368
0,0,0,0.5,0.654715,180,0,0,643384
4,0,2,0.5,0.654715,180,0,0,643402
0,0,0,0.5,0.654715,180,0,0,643418
0,0,0,0.5,0.654715,180,0,0,643434
-3,1,0,0.5,0.65485,180,0,0,643452
0,1,0,0.5,0.654985,180,0,0,643468
0,0,0,0.5,0.654985,180,0,0,643484
0,0,0,0.5,0.654985,180,0,0,643501
0,0,0,0.5,0.654985,180,0,0,643518
0,0,0,0.5,0.654985,180,0,0,643534
0,-1,0,0.5,0.65485,180,0,0,643551
0,0,0,0.5,0.65485,180,0,0,643568
0,0,0,0.5,0.65485,180,0,0,643584
0,0,0,0.5,0.65485,180,0,0,643601
0,1,0,0.5,0.654985,180,0,0,643618
0,0,0,0.5,0.654985,180,0,0,643634
0,0,0,0.5,0.654985,180,0,0,643651
0,1,0,0.5,0.65512,180,0,0,643669
0,0,0,0.5,0.65512,180,0,0,643684
0,1,0,0.5,0.655255,180,0,0,643701
0,0,0,0.5,0.655255,180,0,0,643718
0,0,0,0.5,0.655255,180,0,0,643734
0,0,0,0.5,0.655255,180,0,0,643751
0,0,0,0.5,0.655255,180,0,0,643768
0,0,0,0.5,0.655255,180,0,0,643784
0,0,0,0.5,0.655255,180,0,0,643801
0,0,0,0.5,0.655255,180,0,0,643818
0,0,0,0.5,0.655255,180,0,0,643834
0,0,0,0.5,0.655255,180,0,0,643851
0,0,0,0.5,0.655255,180,0,0,643868
0,0,0,0.5,0.655255,180,0,0,643884
0,0,0,0.5,0.655255,180,0,0,643901
0,0,0,0.5,0.655255,180,0,0,643918
0,0,0,0.5,0.655255,180,0,0,643934
0,0,0,0.5,0.655255,180,0,0,643951
0,0,0,0.5,0.655255,180,0,0,643968
0,0,0,0.5,0.655255,180,0,0,643984
0,0,0,0.5,0.655255,180,0,0,644001
0,0,0,0.5,0.655255,180,0,0,644018
0,0,0,0.5,0.655255,180,0,0,644034
0,0,0,0.5,0.655255,180,0,0,644051
0,0,0,0.5,0.655255,180,0,0,644068
0,0,0,0.5,0.655255,180,0,0,644084
0,0,0,0.5,0.655255,180,0,0,644101
0,0,0,0.5,0.655255,180,0,0,644118
0,0,0,0.5,0.655255,180,0,0,644134
0,0,0,0.5,0.655255,180,0,0,644151
0,0,0,0.5,0.655255,180,0,0,644168
0,0,0,0.5,0.655255,180,0,0,644184
0,0,0,0.5,0.655255,180,0,0,644201
0,0,0,0.5,0.655255,180,0,0,644218
0,0,0,0.5,0.655255,180,0,0,644234
0,0,0,0.5,0.655255,180,0,0,644251
0,0,0,0.5,0.655255,180,0,0,644268
0,0,0,0.5,0.655255,180,0,0,644284
0,0,-1,0.5,0.655255,180,0,0,644302
0,-1,0,0.5,0.65512,180,0,0,644318
0,0,0,0.5,0.65512,180,0,0,644334
0,0,0,0.5,0.65512,180,0,0,644351
0,0,0,0.5,0.65512,180,0,0,644368
0,0,0,0.5,0.65512,180,0,0,644384
0,-1,0,0.5,0.654985,180,0,0,644402
0,0,0,0.5,0.654985,180,0,0,644418
0,0,0,0.5,0.654985,180,0,0,644434
0,0,0,0.5,0.654985,180,0,0,644451
0,0,0,0.5,0.654985,180,0,0,644468
0,0,0,0.5,0.654985,180,0,0,644484
0,0,0,0.5,0.654985,180,0,0,644501
0,-1,0,0.5,0.65485,180,0,0,644518
0,0,0,0.5,0.65485,180,0,0,644534
0,0,0,0.5,0.65485,180,0,0,644551
0,-1,0,0.5,0.654715,180,0,0,644568
0,0,0,0.5,0.654715,180,0,0,644584
0,0,0,0.5,0.654715,180,0,0,644601
0,-1,0,0.5,0.65458,180,0,0,644618
0,0,0,0.5,0.65458,180,0,0,644634
0,0,0,0.5,0.65458,180,0,0,644651
0,-2,0,0.5,0.65431,180,0,0,644668
0,-6,0,0.5,0.6535,180,0,0,644684
0,-8,0,0.5,0.65242,180,0,0,644701
0,-10,0,0.5,0.65107,180,0,0,644718
0,-8,0,0.5,0.64999,180,0,0,644734
0,-6,0,0.5,0.64918,180,0,0,644751
0,-9,-1,0.5,0.647965,180,0,0,644769
0,-5,-1,0.5,0.64729,180,0,0,644785
0,-7,0,0.5,0.646345,180,0,0,644801
0,-4,-1,0.5,0.645805,180,0,0,644818
0,-7,0,0.5,0.64486,180,0,0,644834
0,-6,0,0.5,0.64405,180,0,0,644851
0,-7,0,0.5,0.643105,180,0,0,644868
0,-12,1,0.5,0.641485,180,0,0,644885
0,-5,1,0.5,0.64081,180,0,0,644902
0,-5,2,0.5,0.640135,180,0,0,644920
0,-2,1,0.5,0.639865,180,0,0,644935
0,-4,2,0.5,0.639325,180,0,0,644954
0,-3,1,0.5,0.63892,180,0,0,644971
0,-3,0,0.5,0.638515,180,0,0,644984
0,-3,0,0.5,0.63811,180,0,0,645003
0,-5,0,0.5,0.637435,180,0,0,645020
0,-5,0,0.5,0.63676,180,0,0,645035
0,-5,0,0.5,0.636085,180,0,0,645052
0,-7,0,0.5,0.63514,180,0,0,645068
0,-7,1,0.5,0.634195,180,0,0,645085
0,-5,0,0.5,0.63352,180,0,0,645101
0,-8,0,0.5,0.63244,180,0,0,645118
0,-4,0,0.5,0.6319,180,0,0,645135
0,-5,-1,0.5,0.631225,180,0,0,645154
0,-2,-1,0.5,0.630955,180,0,0,645168
0,-3,-2,0.5,0.63055,180,0,0,645185
0,-2,0,0.5,0.63028,180,0,0,645203
0,-4,0,0.5,0.62974,180,0,0,645218
0,-3,0,0.5,0.629335,180,0,0,645236
0,1,2,0.5,0.62947,180,0,0,645252
0,6,3,0.5,0.63028,180,0,0,645269
0,26,8,0.5,0.63379,180,0,0,645288
0,16,4,0.5,0.63595,180,0,0,645303
0,15,3,0.5,0.637975,180,0,0,645320
0,13,3,0.5,0.63973,180,0,0,645335
0,10,2,0.5,0.64108,180,0,0,645354
0,7,1,0.5,0.642025,180,0,0,645369
0,6,1,0.5,0.642835,180,0,0,645385
0,3,1,0.5,0.64324,180,0,0,645402
0,0,0,0.5,0.64324,180,0,0,645419
0,0,0,0.5,0.64324,180,0,0,645434
0,-3,0,0.5,0.642835,180,0,0,645451
0,-4,-1,0.5,0.642295,180,0,0,645469
0,-4,-1,0.5,0.641755,180,0,0,645485
0,-4,-2,0.5,0.641215,180,0,0,645502
0,-3,-1,0.5,0.64081,180,0,0,645518
0,-2,-2,0.5,0.64054,180,0,0,645536
0,-1,-2,0.5,0.640405,180,0,0,645552
4,0,0,0.5,0.640405,180,0,0,645569
-4,1,-4,0.5,0.64054,180,0,0,645585
-1,2,-2,0.5,0.64081,180,0,0,645602
0,3,-1,0.5,0.641215,180,0,0,645619
0,3,0,0.5,0.64162,180,0,0,645634
0,1,0,0.5,0.641755,180,0,0,645651
0,3,1,0.5,0.64216,180,0,0,645671
0,0,0,0.5,0.64216,180,0,0,645685
0,1,2,0.5,0.642295,180,0,0,645702
0,0,1,0.5,0.642295,180,0,0,645720
0,1,1,0.5,0.64243,180,0,0,645735
0,1,1,0.5,0.642565,180,0,0,645752
0,0,1,0.5,0.642565,180,0,0,645769
0,1,0,0.5,0.6427,180,0,0,645785
0,1,0,0.5,0.642835,180,0,0,645801
0,0,0,0.5,0.642835,180,0,0,645818
0,1,0,0.5,0.64297,180,0,0,645835
0,0,0,0.5,0.64297,180,0,0,645851
0,1,0,0.5,0.643105,180,0,0,645869
0,0,0,0.5,0.643105,180,0,0,645884
0,1,0,0.5,0.64324,180,0,0,645902
0,0,0,0.5,0.64324,180,0,0,645917
0,0,1,0.5,0.64324,180,0,0,645934
0,1,0,0.5,0.643375,180,0,0,645951
0,0,1,0.5,0.643375,180,0,0,645969
0,1,0,0.5,0.64351,180,0,0,645984
0,0,0,0.5,0.64351,180,0,0,646001
0,1,0,0.5,0.643645,180,0,0,646018
0,1,0,0.5,0.64378,180,0,0,646036
0,0,0,0.5,0.64378,180,0,0,646051
0,1,0,0.5,0.643915,180,0,0,646068
0,1,0,0.5,0.64405,180,0,0,646086
0,2,0,0.5,0.64432,180,0,0,646102
0,0,0,0.5,0.64432,180,0,0,646118
0,1,0,0.5,0.644455,180,0,0,646135
0,0,0,0.5,0.644455,180,0,0,646151
0,1,0,0.5,0.64459,180,0,0,646168
0,0,0,0.5,0.64459,180,0,0,646185
0,1,0,0.5,0.644725,180,0,0,646201
0,0,0,0.5,0.644725,180,0,0,646218
0,1,0,0.5,0.64486,180,0,0,646234
0,1,1,0.5,0.644995,180,0,0,646251
0,0,0,0.5,0.644995,180,0,0,646268
0,1,0,0.5,0.64513,180,0,0,646284
0,1,1,0.5,0.645265,180,0,0,646303
0,1,0,0.5,0.6454,180,0,0,646318
0,0,0,0.5,0.6454,180,0,0,646334
1,0,1,0.5,0.6454,180,0,0,646352
0,1,0,0.5,0.645535,180,0,0,646368
0,0,0,0.5,0.645535,180,0,0,646384
0,1,0,0.5,0.64567,180,0,0,646401
0,0,0,0.5,0.64567,180,0,0,646418
0,1,0,0.5,0.645805,180,0,0,646434
0,0,0,0.5,0.645805,180,0,0,646451
0,1,0,0.5,0.64594,180,0,0,646469
0,0,0,0.5,0.64594,180,0,0,646484
0,1,0,0.5,0.646075,180,0,0,646501
0,1,0,0.5,0.64621,180,0,0,646518
0,0,0,0.5,0.64621,180,0,0,646534
0,1,0,0.5,0.646345,180,0,0,646551
0,0,0,0.5,0.646345,180,0,0,646567
0,0,0,0.5,0.646345,180,0,0,646584
0,0,0,0.5,0.646345,180,0,0,646601
-3,1,-1,0.5,0.64648,180,0,0,646618
0,0,0,0.5,0.64648,180,0,0,646634
-1,1,-2,0.5,0.646615,180,0,0,646651
-1,1,0,0.5,0.64675,180,0,0,646668
4,0,2,0.5,0.64675,180,0,0,646685
0,0,1,0.5,0.64675,180,0,0,646702
-2,1,0,0.5,0.646885,180,0,0,646719
-1,1,0,0.5,0.64702,180,0,0,646735
-1,0,0,0.5,0.64702,180,0,0,646751
0,0,0,0.5,0.64702,180,0,0,646768
0,0,0,0.5,0.64702,180,0,0,646784
0,0,0,0.5,0.64702,180,0,0,646801
0,0,0,0.5,0.64702,180,0,0,646818
0,0,0,0.5,0.64702,180,0,0,646834
0,0,0,0.5,0.64702,180,0,0,646851
0,1,0,0.5,0.647155,180,0,0,646868
0,0,0,0.5,0.647155,180,0,0,646884
0,0,0,0.5,0.647155,180,0,0,646901
0,0,0,0.5,0.647155,180,0,0,646918
0,1,0,0.5,0.64729,180,0,0,646935
0,0,0,0.5,0.64729,180,0,0,646951
0,0,0,0.5,0.64729,180,0,0,646968
0,0,0,0.5,0.64729,180,0,0,646984
0,0,0,0.5,0.64729,180,0,0,647001
0,0,0,0.5,0.64729,180,0,0,647017
0,0,0,0.5,0.64729,180,0,0,647034
0,1,0,0.5,0.647425,180,0,0,647051
0,0,0,0.5,0.647425,180,0,0,647068
0,0,0,0.5,0.647425,180,0,0,647084
0,0,0,0.5,0.647425,180,0,0,647101
0,0,0,0.5,0.647425,180,0,0,647117
0,0,0,0.5,0.647425,180,0,0,647134
0,0,0,0.5,0.647425,180,0,0,647151
0,0,0,0.5,0.647425,180,0,0,647167
0,0,0,0.5,0.647425,180,0,0,647184
0,0,0,0.5,0.647425,180,0,0,647201
0,0,0,0.5,0.647425,180,0,0,647217
0,0,0,0.5,0.647425,180,0,0,647234
0,0,-1,0.5,0.647425,180,0,0,647251
0,0,0,0.5,0.647425,180,0,0,647268
0,-1,0,0.5,0.64729,180,0,0,647285
0,0,0,0.5,0.64729,180,0,0,647301
0,0,0,0.5,0.64729,180,0,0,647318
0,-1,0,0.5,0.647155,180,0,0,647336
0,-1,0,0.5,0.64702,180,0,0,647351
0,0,0,0.5,0.64702,180,0,0,647367
0,0,0,0.5,0.64702,180,0,0,647384
0,0,0,0.5,0.64702,180,0,0,647401
0,-1,0,0.5,0.646885,180,0,0,647418
0,0,0,0.5,0.646885,180,0,0,647434
0,0,0,0.5,0.646885,180,0,0,647451
0,-1,0,0.5,0.64675,180,0,0,647468
0,0,0,0.5,0.64675,180,0,0,647484
0,0,0,0.5,0.64675,180,0,0,647501
0,0,0,0.5,0.64675,180,0,0,647518
0,-1,0,0.5,0.646615,180,0,0,647534
0,0,0,0.5,0.646615,180,0,0,647551
0,-1,0,0.5,0.64648,180,0,0,647568
0,0,0,0.5,0.64648,180,0,0,647584
0,0,0,0.5,0.64648,180,0,0,647601
0,0,0,0.5,0.64648,180,0,0,647618
0,0,0,0.5,0.64648,180,0,0,647634
0,-1,0,0.5,0.646345,180,0,0,647651
0,0,-1,0.5,0.646345,180,0,0,647669
0,0,0,0.5,0.646345,180,0,0,647684
3,-1,0,0.5,0.64621,180,0,0,647701
0,0,0,0.5,0.64621,180,0,0,647717
0,0,0,0.5,0.64621,180,0,0,647734
0,0,0,0.5,0.64621,180,0,0,647751
0,-1,0,0.5,0.646075,180,0,0,647768
0,0,0,0.5,0.646075,180,0,0,647784
0,0,0,0.5,0.646075,180,0,0,647801
0,-1,0,0.5,0.64594,180,0,0,647818
0,0,0,0.5,0.64594,180,0,0,647835
0,0,0,0.5,0.64594,180,0,0,647851
0,-1,0,0.5,0.645805,180,0,0,647868
0,0,-1,0.5,0.645805,180,0,0,647886
0,0,0,0.5,0.645805,180,0,0,647901
0,-1,0,0.5,0.64567,180,0,0,647918
0,0,0,0.5,0.64567,180,0,0,647934
0,0,0,0.5,0.64567,180,0,0,647951
0,0,0,0.5,0.64567,180,0,0,647967
0,-1,0,0.5,0.645535,180,0,0,647985
0,0,0,0.5,0.645535,180,0,0,648001
0,0,0,0.5,0.645535,180,0,0,648017
0,0,0,0.5,0.645535,180,0,0,648034
0,0,0,0.5,0.645535,180,0,0,648051
0,0,0,0.5,0.645535,180,0,0,648068
0,0,0,0.5,0.645535,180,0,0,648084
1,-1,1,0.5,0.6454,180,0,0,648102
-1,0,0,0.5,0.6454,180,0,0,648118
0,0,0,0.5,0.6454,180,0,0,648134
0,0,0,0.5,0.6454,180,0,0,648151
0,0,0,0.5,0.6454,180,0,0,648167
0,-1,0,0.5,0.645265,180,0,0,648185
0,0,0,0.5,0.645265,180,0,0,648201
0,-1,0,0.5,0.64513,180,0,0,648218
-5,0,-3,0.5,0.64513,180,0,0,648235
0,0,0,0.5,0.64513,180,0,0,648251
0,-1,0,0.5,0.644995,180,0,0,648268
0,0,0,0.5,0.644995,180,0,0,648284
0,0,0,0.5,0.644995,180,0,0,648301
0,0,0,0.5,0.644995,180,0,0,648318
0,0,0,0.5,0.644995,180,0,0,648334
0,0,0,0.5,0.644995,180,0,0,648351
0,0,0,0.5,0.644995,180,0,0,648368
0,0,0,0.5,0.644995,180,0,0,648384
0,0,0,0.5,0.644995,180,0,0,648401
0,0,0,0.5,0.644995,180,0,0,648417
0,0,0,0.5,0.644995,180,0,0,648434
0,0,0,0.5,0.644995,180,0,0,648451
0,0,0,0.5,0.644995,180,0,0,648468
0,0,0,0.5,0.644995,180,0,0,648485
0,0,0,0.5,0.644995,180,0,0,648501
0,0,0,0.5,0.644995,180,0,0,648518
0,0,0,0.5,0.644995,180,0,0,648534
0,0,0,0.5,0.644995,180,0,0,648552
0,0,0,0.5,0.644995,180,0,0,648568
0,0,0,0.5,0.644995,180,0,0,648584
0,0,0,0.5,0.644995,180,0,0,648601
0,0,0,0.5,0.644995,180,0,0,648618
0,-1,0,0.5,0.64486,180,0,0,648634
0,0,0,0.5,0.64486,180,0,0,648651
0,0,0,0.5,0.64486,180,0,0,648668
0,0,0,0.5,0.64486,180,0,0,648684
0,0,0,0.5,0.64486,180,0,0,648701
0,0,0,0.5,0.64486,180,0,0,648717
0,0,0,0.5,0.64486,180,0,0,648734
0,0,0,0.5,0.64486,180,0,0,648751
0,0,0,0.5,0.64486,180,0,0,648767
0,0,0,0.5,0.64486,180,0,0,648785
0,0,0,0.5,0.64486,180,0,0,648801
0,0,0,0.5,0.64486,180,0,0,648817
0,0,0,0.5,0.64486,180,0,0,648834
0,0,0,0.5,0.64486,180,0,0,648851
0,0,0,0.5,0.64486,180,0,0,648867
0,0,0,0.5,0.64486,180,0,0,648884
0,0,0,0.5,0.64486,180,0,0,648901
0,0,0,0.5,0.64486,180,0,0,648917
0,0,0,0.5,0.64486,180,0,0,648934
0,0,0,0.5,0.64486,180,0,0,648951
0,0,0,0.5,0.64486,180,0,0,648967
0,0,0,0.5,0.64486,180,0,0,648984
0,0,0,0.5,0.64486,180,0,0,649001
0,0,0,0.5,0.64486,180,0,0,649017
0,0,0,0.5,0.64486,180,0,0,649034
0,0,0,0.5,0.64486,180,0,0,649051
0,0,0,0.5,0.64486,180,0,0,649067
0,0,0,0.5,0.64486,180,0,0,649084
0,0,0,0.5,0.64486,180,0,0,649101
0,0,0,0.5,0.64486,180,0,0,649117
0,0,0,0.5,0.64486,180,0,0,649134
0,0,0,0.5,0.64486,180,0,0,649151
0,0,0,0.5,0.64486,180,0,0,649167
0,0,1,0.5,0.64486,180,0,0,649185
0,0,0,0.5,0.64486,180,0,0,649201
0,0,0,0.5,0.64486,180,0,0,649218
0,0,0,0.5,0.64486,180,0,0,649234
0,1,0,0.5,0.644995,180,0,0,649252
0,0,0,0.5,0.644995,180,0,0,649267
0,0,0,0.5,0.644995,180,0,0,649284
0,0,0,0.5,0.644995,180,0,0,649301
0,1,0,0.5,0.64513,180,0,0,649318
0,0,0,0.5,0.64513,180,0,0,649334
-1,0,-1,0.5,0.64513,180,0,0,649351
0,0,0,0.5,0.64513,180,0,0,649367
0,0,1,0.5,0.64513,180,0,0,649385
0,0,0,0.5,0.64513,180,0,0,649401
0,0,0,0.5,0.64513,180,0,0,649417
0,0,0,0.5,0.64513,180,0,0,649434
0,0,1,0.5,0.64513,180,0,0,649451
0,0,0,0.5,0.64513,180,0,0,649467
0,0,0,0.5,0.64513,180,0,0,649484
0,0,0,0.5,0.64513,180,0,0,649501
0,0,0,0.5,0.64513,180,0,0,649518
0,0,0,0.5,0.64513,180,0,0,649534
0,0,0,0.5,0.64513,180,0,0,649551
0,0,0,0.5,0.64513,180,0,0,649567
-1,1,0,0.5,0.645265,180,0,0,649584
0,0,0,0.5,0.645265,180,0,0,649601
0,0,0,0.5,0.645265,180,0,0,649618
2,0,0,0.5,0.645265,180,0,0,649634
0,0,0,0.5,0.645265,180,0,0,649651
0,1,0,0.5,0.6454,180,0,0,649667
0,0,0,0.5,0.6454,180,0,0,649684
0,0,0,0.5,0.6454,180,0,0,649701
-3,0,0,0.5,0.6454,180,0,0,649718
0,0,0,0.5,0.6454,180,0,0,649734
0,0,0,0.5,0.6454,180,0,0,649751
0,0,0,0.5,0.6454,180,0,0,649767
0,0,0,0.5,0.6454,180,0,0,649784
0,0,0,0.5,0.6454,180,0,0,649801
0,0,0,0.5,0.6454,180,0,0,649817
0,0,0,0.5,0.6454,180,0,0,649834
0,0,0,0.5,0.6454,180,0,0,649851
0,0,0,0.5,0.6454,180,0,0,649867
-1,0,0,0.5,0.6454,180,0,0,649884
0,0,0,0.5,0.6454,180,0,0,649901
0,0,0,0.5,0.6454,180,0,0,649917
0,0,0,0.5,0.6454,180,0,0,649934
0,0,0,0.5,0.6454,180,0,0,649951
0,0,0,0.5,0.6454,180,0,0,649967
0,0,0,0.5,0.6454,180,0,0,649984
0,0,0,0.5,0.6454,180,0,0,650001
0,1,0,0.5,0.645535,180,0,0,650018
0,0,0,0.5,0.645535,180,0,0,650034
0,0,0,0.5,0.645535,180,0,0,650051
0,0,0,0.5,0.645535,180,0,0,650067
0,0,0,0.5,0.645535,180,0,0,650084
0,0,0,0.5,0.645535,180,0,0,650101
0,0,0,0.5,0.645535,180,0,0,650117
1,0,0,0.5,0.645535,180,0,0,650134
0,0,0,0.5,0.645535,180,0,0,650151
0,0,0,0.5,0.645535,180,0,0,650167
0,0,0,0.5,0.645535,180,0,0,650184
0,0,0,0.5,0.645535,180,0,0,650201
0,0,0,0.5,0.645535,180,0,0,650217
0,0,0,0.5,0.645535,180,0,0,650234
0,0,0,0.5,0.645535,180,0,0,650251
0,0,0,0.5,0.645535,180,0,0,650267
0,0,0,0.5,0.645535,180,0,0,650284
0,0,0,0.5,0.645535,180,0,0,650301
0,0,0,0.5,0.645535,180,0,0,650318
1,0,0,0.5,0.645535,180,0,0,650334
0,0,0,0.5,0.645535,180,0,0,650351
1,0,0,0.5,0.645535,180,0,0,650368
0,0,0,0.5,0.645535,180,0,0,650384
0,-2,0,0.5,0.645265,180,0,0,650401
0,-3,0,0.5,0.64486,180,0,0,650418
-2,-6,1,0.5,0.64405,180,0,0,650435
0,-6,1,0.5,0.64324,180,0,0,650452
0,-8,2,0.5,0.64216,180,0,0,650468
3,-9,3,0.5,0.640945,180,0,0,650490
2,-15,7,0.5,0.63892,180,0,0,650511
0,-9,3,0.5,0.637705,180,0,0,650531
0,-5,2,0.5,0.63703,180,0,1,650542
-5,-6,1,0.5,0.63622,180,0,1,650556
3,-2,3,0.5,0.63595,180,0,1,650569
0,-1,4,0.5,0.635815,180,0,1,650585
0,3,3,0.5,0.63622,180,0,1,650602
0,8,4,0.5,0.6373,180,0,0,650619
0,8,3,0.5,0.63838,180,0,0,650637
0,7,2,0.5,0.639325,180,0,0,650654
0,7,2,0.5,0.64027,180,0,0,650668
0,4,1,0.5,0.64081,180,0,0,650686
0,2,1,0.5,0.64108,180,0,0,650703
0,2,0,0.5,0.64135,180,0,0,650717
0,0,0,0.5,0.64135,180,0,0,650734
0,-2,0,0.5,0.64108,180,0,0,650751
0,-6,-1,0.5,0.64027,180,0,0,650768
0,-8,-1,0.5,0.63919,180,0,0,650785
0,-11,0,0.5,0.637705,180,0,0,650803
0,-10,0,0.5,0.636355,180,0,0,650818
0,-8,-1,0.5,0.635275,180,0,0,650835
-2,-7,-1,0.5,0.63433,180,0,0,650852
-3,-6,-3,0.5,0.63352,180,0,0,650869
2,-4,-1,0.5,0.63298,180,0,0,650885
1,16,3,0.5,0.63514,180,0,0,650903
0,0,0,0.5,0.63514,180,0,0,650917
0,28,9,0.5,0.63892,180,0,0,650942
0,15,4,0.5,0.640945,180,0,0,650952
0,13,3,0.5,0.6427,180,0,0,650968
0,11,3,0.5,0.644185,180,0,0,650986
0,9,2,0.5,0.6454,180,0,0,651003
0,10,2,0.5,0.64675,180,0,0,651018
0,8,2,0.5,0.64783,180,0,0,651035
0,4,1,0.5,0.64837,180,0,0,651055
0,2,0,0.5,0.64864,180,0,0,651068
0,0,0,0.5,0.64864,180,0,0,651084
0,0,0,0.5,0.64864,180,0,0,651101
0,-3,0,0.5,0.648235,180,0,0,651118
0,-2,-1,0.5,0.647965,180,0,0,651136
0,-2,-2,0.5,0.647695,180,0,0,651152
0,-2,-1,0.5,0.647425,180,0,0,651168
0,0,-1,0.5,0.647425,180,0,0,651185
0,0,-1,0.5,0.647425,180,0,0,651202
0,1,-1,0.5,0.64756,180,0,0,651218
0,1,-1,0.5,0.647695,180,0,0,651235
0,3,0,0.5,0.6481,180,0,0,651251
0,2,0,0.5,0.64837,180,0,0,651268
0,2,0,0.5,0.64864,180,0,0,651285
0,1,0,0.5,0.648775,180,0,0,651301
0,0,2,0.5,0.648775,180,0,0,651319
0,-2,2,0.5,0.648505,180,0,0,651335
0,-5,2,0.5,0.64783,180,0,0,651351
0,-7,3,0.5,0.646885,180,0,0,651368
-3,-7,3,0.5,0.64594,180,0,0,651385
0,-8,3,0.5,0.64486,180,0,0,651402
2,-8,2,0.5,0.64378,180,0,0,651418
0,-6,1,0.5,0.64297,180,0,0,651435
0,-8,2,0.5,0.64189,180,0,0,651452
0,-5,0,0.5,0.641215,180,0,0,651468
0,-6,1,0.5,0.640405,180,0,0,651485
0,-3,0,0.5,0.64,180,0,0,651501
0,-1,0,0.5,0.639865,180,0,0,651518
0,0,0,0.5,0.639865,180,0,0,651534
0,0,0,0.5,0.639865,180,0,0,651551
0,5,-1,0.5,0.64054,180,0,0,651568
0,5,-1,0.5,0.641215,180,0,0,651585
0,4,-1,0.5,0.641755,180,0,0,651602
0,4,-1,0.5,0.642295,180,0,0,651618
0,5,-1,0.5,0.64297,180,0,0,651635
0,3,-1,0.5,0.643375,180,0,0,651652
1,2,0,0.5,0.643645,180,0,0,651668
0,2,0,0.5,0.643915,180,0,0,651686
0,0,0,0.5,0.643915,180,0,0,651701
0,-1,1,0.5,0.64378,180,0,0,651719
0,0,0,0.5,0.64378,180,0,0,651734
-2,0,0,0.5,0.64378,180,0,0,651752
0,0,1,0.5,0.64378,180,0,0,651771
0,0,1,0.5,0.64378,180,0,0,651784
0,1,0,0.5,0.643915,180,0,0,651801
0,1,0,0.5,0.64405,180,0,0,651818
-1,1,0,0.5,0.644185,180,0,0,651834
0,1,0,0.5,0.64432,180,0,0,651853
0,0,0,0.5,0.64432,180,0,0,651867
0,0,0,0.5,0.64432,180,0,0,651884
0,1,0,0.5,0.644455,180,0,0,651901
0,0,0,0.5,0.644455,180,0,0,651918
0,0,0,0.5,0.644455,180,0,0,651934
0,0,0,0.5,0.644455,180,0,0,651950
0,0,0,0.5,0.644455,180,0,0,651967
0,0,0,0.5,0.644455,180,0,0,651984
0,0,0,0.5,0.644455,180,0,0,652001
0,1,0,0.5,0.64459,180,0,0,652018
0,0,0,0.5,0.64459,180,0,0,652034
0,0,0,0.5,0.64459,180,0,0,652052
0,1,0,0.5,0.644725,180,0,0,652067
0,0,0,0.5,0.644725,180,0,0,652084
0,1,0,0.5,0.64486,180,0,0,652101
0,0,0,0.5,0.64486,180,0,0,652117
0,0,0,0.5,0.64486,180,0,0,652134
0,0,0,0.5,0.64486,180,0,0,652151
0,1,0,0.5,0.644995,180,0,0,652168
0,0,0,0.5,0.644995,180,0,0,652184
0,0,0,0.5,0.644995,180,0,0,652201
0,0,0,0.5,0.644995,180,0,0,652218
0,0,0,0.5,0.644995,180,0,0,652234
0,0,0,0.5,0.644995,180,0,0,652251
0,0,0,0.5,0.644995,180,0,0,652268
0,0,0,0.5,0.644995,180,0,0,652284
0,0,0,0.5,0.644995,180,0,0,652301
0,0,0,0.5,0.644995,180,0,0,652317
0,0,0,0.5,0.644995,180,0,0,652336
0,0,0,0.5,0.644995,180,0,0,652351
0,0,0,0.5,0.644995,180,0,0,652367
0,0,0,0.5,0.644995,180,0,0,652384
0,0,0,0.5,0.644995,180,0,0,652400
0,0,0,0.5,0.644995,180,0,0,652417
0,0,0,0.5,0.644995,180,0,0,652434
0,0,0,0.5,0.644995,180,0,0,652450
0,0,0,0.5,0.644995,180,0,0,652467
0,0,0,0.5,0.644995,180,0,0,652484
0,0,-1,0.5,0.644995,180,0,0,652501
0,0,0,0.5,0.644995,180,0,0,652517
0,-4,0,0.5,0.644455,180,0,0,652535
0,-8,0,0.5,0.643375,180,0,0,652555
0,-9,1,0.5,0.64216,180,0,0,652568
0,-12,2,0.5,0.64054,180,0,0,652585
0,-12,2,0.5,0.63892,180,0,0,652601
0,-13,4,0.5,0.637165,180,0,0,652619
0,-9,5,0.5,0.63595,180,0,0,652639
0,-9,8,0.5,0.634735,180,0,0,652653
0,-6,7,0.5,0.633925,180,0,0,652671
0,-4,7,0.5,0.633385,180,0,0,652686
0,-3,6,0.5,0.63298,180,0,0,652703
0,-1,6,0.5,0.632845,180,0,0,652720
0,1,6,0.5,0.63298,180,0,0,652736
0,6,6,0.5,0.63379,180,0,0,652753
0,6,5,0.5,0.6346,180,0,0,652770
0,6,4,0.5,0.63541,180,0,0,652786
0,5,3,0.5,0.636085,180,0,0,652802
0,3,2,0.5,0.63649,180,0,0,652819
0,5,1,0.5,0.637165,180,0,0,652835
0,9,2,0.5,0.63838,180,0,0,652852
0,18,3,0.5,0.64081,180,0,0,652869
0,23,4,0.5,0.643915,180,0,0,652888
3,32,8,0.5,0.648235,180,0,0,652909
0,69,15,0.5,0.65755,180,0,0,652922
0,36,12,0.5,0.66241,180,0,0,652938
0,37,10,0.5,0.667405,180,0,0,652956
0,35,8,0.5,0.67213,180,0,0,652970
0,36,9,0.5,0.67699,180,0,0,652987
0,34,9,0.5,0.68158,180,0,0,653004
0,17,6,0.5,0.683875,180,0,0,653020
0,25,9,0.5,0.68725,180,0,0,653036
0,23,8,0.5,0.690355,180,0,0,653053
0,19,5,0.5,0.69292,180,0,0,653069
0,21,5,0.5,0.695755,180,0,0,653086
0,21,4,0.5,0.69859,180,0,0,653103
0,21,4,0.5,0.701425,180,0,0,653120
0,20,3,0.5,0.704125,180,0,0,653137
0,20,5,0.5,0.706825,180,0,0,653156
0,16,6,0.5,0.708985,180,0,0,653171
0,14,8,0.5,0.71,180,0,0,653186
