0,182,12,0.5,-0.68543,180,0,1,273963
2,51,0,0.5,-0.678545,180,0,1,273967
0,0,0,0.5,-0.678545,180,0,1,273975
2,50,0,0.5,-0.671795,180,0,0,273993
-1,50,0,0.5,-0.665045,180,0,0,274010
0,48,0,0.5,-0.658565,180,0,0,274026
0,47,1,0.5,-0.65222,180,0,0,274043
0,48,3,0.5,-0.64574,180,0,0,274061
0,48,4,0.5,-0.63926,180,0,0,274077
0,89,10,0.5,-0.627245,180,0,0,274099
0,0,0,0.5,-0.627245,180,0,0,274110
0,84,5,0.5,-0.615905,180,0,0,274127
0,42,0,0.5,-0.610235,180,0,0,274143
0,41,0,0.5,-0.6047,180,0,0,274160
0,40,0,0.5,-0.5993,180,0,0,274176
0,39,0,0.5,-0.594035,180,0,0,274193
0,42,0,0.5,-0.588365,180,0,0,274210
0,39,0,0.5,-0.5831,180,0,0,274226
0,37,0,0.5,-0.578105,180,0,0,274243
-3,37,0,0.5,-0.57311,180,0,0,274259
-1,37,0,0.5,-0.568115,180,0,0,274276
0,44,0,0.5,-0.562175,180,0,0,274292
0,47,-3,0.5,-0.55583,180,0,0,274310
1,45,-3,0.5,-0.549755,180,0,0,274326
0,45,-3,0.5,-0.54368,180,0,0,274344
0,43,-2,0.5,-0.537875,180,0,0,274361
0,43,0,0.5,-0.53207,180,0,0,274376
1,46,0,0.5,-0.52586,180,0,0,274393
-1,48,0,0.5,-0.51938,180,0,0,274409
0,50,0,0.5,-0.51263,180,0,0,274426
0,51,0,0.5,-0.505745,180,0,0,274444
0,54,0,0.5,-0.498455,180,0,0,274460
0,50,1,0.5,-0.491705,180,0,0,274477
0,100,5,0.5,-0.478205,180,0,0,274494
1,49,3,0.5,-0.47159,180,0,0,274510
-2,47,3,0.5,-0.465245,180,0,0,274527
0,49,4,0.5,-0.45863,180,0,0,274544
0,47,2,0.5,-0.452285,180,0,0,274561
-1,45,0,0.5,-0.44621,180,0,0,274577
1,38,0,0.5,-0.44108,180,0,0,274593
0,32,0,0.5,-0.43676,180,0,0,274609
1,32,1,0.5,-0.43244,180,0,0,274627
0,32,3,0.5,-0.42812,180,0,0,274643
3,32,7,0.5,-0.4238,180,0,0,274661
0,31,6,0.5,-0.419615,180,0,0,274679
0,35,4,0.5,-0.41489,180,0,0,274694
0,37,4,0.5,-0.409895,180,0,0,274710
0,40,4,0.5,-0.404495,180,0,0,274728
-1,40,4,0.5,-0.399095,180,0,0,274745
0,40,5,0.5,-0.393695,180,0,0,274760
0,37,4,0.5,-0.3887,180,0,0,274777
0,31,3,0.5,-0.384515,180,0,0,274795
0,34,3,0.5,-0.379925,180,0,0,274810
0,36,2,0.5,-0.375065,180,0,0,274827
2,38,4,0.5,-0.369935,180,0,0,274845
0,41,1,0.5,-0.3644,180,0,0,274859
0,43,3,0.5,-0.358595,180,0,0,274878
0,61,2,0.5,-0.35036,180,0,0,274893
0,21,0,0.5,-0.347525,180,0,0,274909
-4,17,-2,0.5,-0.34523,180,0,0,274927
0,19,0,0.5,-0.342665,180,0,0,274943
0,21,1,0.5,-0.33983,180,0,0,274960
0,22,1,0.5,-0.33686,180,0,0,274976
0,27,0,0.5,-0.333215,180,0,0,274993
0,34,0,0.5,-0.328625,180,0,1,275010
0,39,0,0.5,-0.32336,180,0,0,275026
0,44,0,0.5,-0.31742,180,0,0,275043
0,45,0,0.5,-0.311345,180,0,0,275059
0,48,0,0.5,-0.304865,180,0,0,275076
0,47,0,0.5,-0.29852,180,0,0,275093
0,48,0,0.5,-0.29204,180,0,0,275109
0,48,0,0.5,-0.28556,180,0,0,275126
0,51,0,0.5,-0.278675,180,0,0,275143
0,49,0,0.5,-0.27206,180,0,0,275159
0,48,0,0.5,-0.26558,180,0,0,275176
-1,46,0,0.5,-0.25937,180,0,0,275192
0,46,1,0.5,-0.25316,180,0,0,275209
0,46,3,0.5,-0.24695,180,0,0,275226
0,48,4,0.5,-0.24047,180,0,0,275245
0,45,4,0.5,-0.234395,180,0,0,275261
0,46,5,0.5,-0.228185,180,0,0,275280
0,82,11,0.5,-0.217115,180,0,0,275299
0,0,0,0.5,-0.217115,180,0,0,275309
0,48,6,0.5,-0.210635,180,0,0,275330
0,13,1,0.5,-0.20888,180,0,1,275345
0,8,1,0.5,-0.2078,180,0,1,275359
0,4,1,0.5,-0.20726,180,0,1,275376
0,3,3,0.5,-0.206855,180,0,0,275394
0,2,3,0.5,-0.206585,180,0,0,275411
0,5,4,0.5,-0.20591,180,0,0,275429
3,8,4,0.5,-0.20483,180,0,0,275444
0,9,3,0.5,-0.203615,180,0,0,275460
-3,10,2,0.5,-0.202265,180,0,0,275476
-5,11,0,0.5,-0.20078,180,0,0,275493
0,12,2,0.5,-0.19916,180,0,1,275510
0,13,1,0.5,-0.197405,180,0,0,275526
0,13,1,0.5,-0.19565,180,0,0,275544
0,13,1,0.5,-0.193895,180,0,0,275560
0,12,1,0.5,-0.192275,180,0,0,275576
0,12,0,0.5,-0.190655,180,0,0,275594
0,11,1,0.5,-0.18917,180,0,0,275613
0,10,1,0.5,-0.18782,180,0,0,275626
0,9,1,0.5,-0.186605,180,0,0,275643
0,9,1,0.5,-0.18539,180,0,0,275660
0,9,2,0.5,-0.184175,180,0,0,275677
-1,28,5,0.5,-0.180395,180,0,0,275695
0,19,3,0.5,-0.17783,180,0,0,275710
0,24,4,0.5,-0.17459,180,0,0,275730
0,28,5,0.5,-0.17081,180,0,0,275744
0,31,6,0.5,-0.166625,180,0,0,275761
0,32,8,0.5,-0.162305,180,0,0,275781
0,33,9,0.5,-0.15785,180,0,0,275796
0,30,9,0.5,-0.1538,180,0,0,275813
3,27,11,0.5,-0.150155,180,0,0,275830
-1,22,10,0.5,-0.147185,180,0,0,275845
0,19,10,0.5,-0.14462,180,0,0,275862
0,18,8,0.5,-0.14219,180,0,0,275878
-1,19,6,0.5,-0.139625,180,0,0,275895
0,22,5,0.5,-0.136655,180,0,0,275911
0,21,4,0.5,-0.13382,180,0,0,275927
3,21,5,0.5,-0.130985,180,0,0,275944
1,19,3,0.5,-0.12842,180,0,0,275960
0,19,3,0.5,-0.125855,180,0,0,275978
0,17,5,0.5,-0.12356,180,0,0,275996
0,18,8,0.5,-0.12113,180,0,0,276011
1,15,10,0.5,-0.119105,180,0,0,276030
-1,14,8,0.5,-0.117215,180,0,0,276049
0,15,6,0.5,-0.11519,180,0,0,276061
-4,19,4,0.5,-0.112625,180,0,0,276078
1,43,9,0.5,-0.10682,180,0,0,276096
-1,20,4,0.5,-0.10412,180,0,0,276110
0,14,3,0.5,-0.10223,180,0,0,276128
0,9,3,0.5,-0.101015,180,0,0,276144
0,15,4,0.5,-0.09899,180,0,0,276161
0,33,0,0.5,-0.094535,180,0,0,276176
0,46,0,0.5,-0.088325,180,0,0,276193
-1,56,0,0.5,-0.080765,180,0,0,276211
0,55,0,0.5,-0.07334,180,0,0,276226
0,52,3,0.5,-0.06632,180,0,0,276243
0,46,4,0.5,-0.06011,180,0,0,276261
0,46,5,0.5,-0.0539,180,0,0,276280
0,49,5,0.5,-0.047285,180,0,0,276295
0,51,4,0.5,-0.0404,180,0,0,276310
0,54,3,0.5,-0.03311,180,0,0,276327
0,51,1,0.5,-0.026225,180,0,0,276343
0,49,0,0.5,-0.01961,180,0,0,276360
0,48,0,0.5,-0.01313,180,0,0,276376
-5,50,-1,0.5,-0.00638,180,0,0,276393
4,47,4,0.5,-0.000035,180,0,0,276410
1,39,3,0.5,0.00523,180,0,0,276426
0,30,1,0.5,0.00928,180,0,0,276443
0,27,2,0.5,0.012925,180,0,0,276460
0,24,2,0.5,0.016165,180,0,0,276477
0,26,3,0.5,0.019675,180,0,0,276495
0,61,4,0.5,0.02791,180,0,0,276511
0,35,2,0.5,0.032635,180,0,0,276526
0,33,2,0.5,0.03709,180,0,0,276543
2,30,2,0.5,0.04114,180,0,0,276560
-3,27,2,0.5,0.044785,180,0,0,276577
0,27,3,0.5,0.04843,180,0,0,276594
0,28,4,0.5,0.05221,180,0,0,276610
0,30,4,0.5,0.05626,180,0,0,276627
2,31,6,0.5,0.060445,180,0,0,276644
-1,30,3,0.5,0.064495,180,0,0,276660
0,28,4,0.5,0.068275,180,0,0,276677
0,23,4,0.5,0.07138,180,0,0,276694
0,21,4,0.5,0.074215,180,0,0,276711
-4,20,2,0.5,0.076915,180,0,0,276729
0,18,4,0.5,0.079345,180,0,0,276744
0,15,4,0.5,0.08137,180,0,0,276760
0,12,4,0.5,0.08299,180,0,0,276777
0,8,4,0.5,0.08407,180,0,0,276794
-1,9,4,0.5,0.085285,180,0,0,276811
-1,5,2,0.5,0.08596,180,0,0,276827
1,4,1,0.5,0.0865,180,0,0,276843
0,5,0,0.5,0.087175,180,0,0,276859
-1,4,-1,0.5,0.087715,180,0,0,276877
0,4,0,0.5,0.088255,180,0,0,276893
1,5,3,0.5,0.08893,180,0,0,276915
0,2,0,0.5,0.0892,180,0,0,276926
0,3,4,0.5,0.089605,180,0,0,276944
1,3,4,0.5,0.09001,180,0,0,276965
0,3,2,0.5,0.090415,180,0,0,276978
0,4,2,0.5,0.090955,180,0,0,276993
0,5,2,0.5,0.09163,180,0,0,277011
0,4,2,0.5,0.09217,180,0,0,277026
0,4,2,0.5,0.09271,180,0,0,277044
0,3,2,0.5,0.093115,180,0,0,277060
-4,3,1,0.5,0.09352,180,0,0,277077
0,3,1,0.5,0.093925,180,0,0,277093
2,2,3,0.5,0.094195,180,0,0,277110
0,2,2,0.5,0.094465,180,0,0,277127
-2,1,0,0.5,0.0946,180,0,0,277143
-4,1,0,0.5,0.094735,180,0,0,277163
0,1,1,0.5,0.09487,180,0,0,277176
-1,1,1,0.5,0.095005,180,0,0,277193
2,1,3,0.5,0.09514,180,0,0,277210
1,1,2,0.5,0.095275,180,0,0,277227
0,2,1,0.5,0.095545,180,0,0,277243
0,2,1,0.5,0.095815,180,0,0,277260
0,4,2,0.5,0.096355,180,0,0,277278
0,0,0,0.5,0.096355,180,0,0,277292
0,5,3,0.5,0.09703,180,0,0,277311
0,2,1,0.5,0.0973,180,0,0,277326
0,2,2,0.5,0.09757,180,0,0,277343
0,2,2,0.5,0.09784,180,0,0,277360
0,3,1,0.5,0.098245,180,0,0,277377
0,2,2,0.5,0.098515,180,0,0,277393
-2,3,1,0.5,0.09892,180,0,0,277410
0,2,2,0.5,0.09919,180,0,0,277429
0,2,2,0.5,0.09946,180,0,0,277443
0,2,1,0.5,0.09973,180,0,0,277460
0,3,1,0.5,0.100135,180,0,0,277476
0,2,1,0.5,0.100405,180,0,0,277495
0,3,1,0.5,0.10081,180,0,0,277510
0,3,0,0.5,0.101215,180,0,0,277526
0,3,0,0.5,0.10162,180,0,0,277543
0,5,1,0.5,0.102295,180,0,0,277559
0,4,1,0.5,0.102835,180,0,0,277576
0,5,0,0.5,0.10351,180,0,0,277593
0,5,1,0.5,0.104185,180,0,0,277611
0,3,0,0.5,0.10459,180,0,0,277626
0,3,0,0.5,0.104995,180,0,0,277643
0,1,1,0.5,0.10513,180,0,0,277659
0,2,0,0.5,0.1054,180,0,0,277676
0,1,0,0.5,0.105535,180,0,0,277693
-1,1,1,0.5,0.10567,180,0,0,277711
0,0,1,0.5,0.10567,180,0,0,277726
0,1,1,0.5,0.105805,180,0,0,277743
0,4,1,0.5,0.106345,180,0,0,277760
0,5,1,0.5,0.10702,180,0,0,277776
0,6,1,0.5,0.10783,180,0,0,277795
1,6,2,0.5,0.10864,180,0,0,277810
0,8,0,0.5,0.10972,180,0,0,277826
0,13,0,0.5,0.111475,180,0,0,277843
0,16,-1,0.5,0.113635,180,0,0,277859
0,20,-1,0.5,0.116335,180,0,0,277880
0,21,-1,0.5,0.11917,180,0,0,277893
0,23,-2,0.5,0.122275,180,0,0,277911
0,23,-3,0.5,0.12538,180,0,0,277927
0,27,-3,0.5,0.129025,180,0,0,277943
0,33,-3,0.5,0.13348,180,0,0,277960
-3,37,0,0.5,0.138475,180,0,0,277977
2,36,0,0.5,0.143335,180,0,0,277993
0,37,0,0.5,0.14833,180,0,0,278009
1,37,2,0.5,0.153325,180,0,0,278027
0,35,3,0.5,0.15805,180,0,0,278043
0,34,2,0.5,0.16264,180,0,0,278060
0,34,3,0.5,0.16723,180,0,0,278077
-1,30,2,0.5,0.17128,180,0,0,278093
2,41,3,0.5,0.176815,180,0,0,278110
-1,16,2,0.5,0.178975,180,0,0,278131
-3,17,2,0.5,0.18127,180,0,0,278143
-1,18,4,0.5,0.1837,180,0,1,278160
0,22,3,0.5,0.18667,180,0,1,278177
1,21,4,0.5,0.189505,180,0,1,278193
0,22,3,0.5,0.192475,180,0,1,278210
0,21,4,0.5,0.19531,180,0,1,278227
0,16,3,0.5,0.19747,180,0,0,278243
0,14,4,0.5,0.19936,180,0,0,278260
0,10,4,0.5,0.20071,180,0,0,278278
0,9,3,0.5,0.201925,180,0,0,278294
-1,10,2,0.5,0.203275,180,0,0,278310
0,11,2,0.5,0.20476,180,0,1,278327
0,12,0,0.5,0.20638,180,0,1,278344
0,14,-1,0.5,0.20827,180,0,1,278360
0,13,-2,0.5,0.210025,180,0,1,278376
0,13,-2,0.5,0.21178,180,0,0,278394
0,11,-1,0.5,0.213265,180,0,0,278409
0,9,0,0.5,0.21448,180,0,0,278426
0,7,0,0.5,0.215425,180,0,0,278444
0,6,0,0.5,0.216235,180,0,0,278460
0,4,1,0.5,0.216775,180,0,0,278476
0,4,1,0.5,0.217315,180,0,0,278493
0,7,4,0.5,0.21826,180,0,0,278511
-1,3,2,0.5,0.218665,180,0,0,278526
0,3,2,0.5,0.21907,180,0,0,278544
0,2,2,0.5,0.21934,180,0,0,278561
0,2,2,0.5,0.21961,180,0,0,278576
0,2,2,0.5,0.21988,180,0,0,278593
0,1,2,0.5,0.220015,180,0,0,278610
0,2,2,0.5,0.220285,180,0,0,278626
0,1,1,0.5,0.22042,180,0,0,278643
0,1,1,0.5,0.220555,180,0,0,278661
0,0,1,0.5,0.220555,180,0,0,278676
0,0,1,0.5,0.220555,180,0,0,278693
0,1,0,0.5,0.22069,180,0,0,278709
0,2,1,0.5,0.22096,180,0,0,278726
0,1,1,0.5,0.221095,180,0,0,278743
0,1,0,0.5,0.22123,180,0,0,278759
0,1,0,0.5,0.221365,180,0,0,278777
0,1,0,0.5,0.2215,180,0,0,278793
0,1,1,0.5,0.221635,180,0,0,278810
0,1,0,0.5,0.22177,180,0,0,278826
0,1,1,0.5,0.221905,180,0,0,278843
0,0,1,0.5,0.221905,180,0,0,278859
0,1,0,0.5,0.22204,180,0,0,278876
0,2,1,0.5,0.22231,180,0,0,278894
0,0,1,0.5,0.22231,180,0,0,278909
0,1,0,0.5,0.222445,180,0,0,278926
0,1,1,0.5,0.22258,180,0,0,278944
-1,0,0,0.5,0.22258,180,0,0,278960
0,1,0,0.5,0.222715,180,0,0,278976
1,1,1,0.5,0.22285,180,0,0,278993
0,0,0,0.5,0.22285,180,0,0,279009
0,1,0,0.5,0.222985,180,0,0,279027
0,1,0,0.5,0.22312,180,0,0,279044
0,0,0,0.5,0.22312,180,0,0,279059
0,2,0,0.5,0.22339,180,0,0,279076
0,0,0,0.5,0.22339,180,0,0,279092
0,1,0,0.5,0.223525,180,0,0,279109
0,1,0,0.5,0.22366,180,0,0,279126
0,0,0,0.5,0.22366,180,0,0,279142
0,0,0,0.5,0.22366,180,0,0,279159
0,1,0,0.5,0.223795,180,0,0,279176
0,0,0,0.5,0.223795,180,0,0,279192
0,1,0,0.5,0.22393,180,0,0,279209
0,0,0,0.5,0.22393,180,0,0,279225
0,0,0,0.5,0.22393,180,0,0,279242
0,0,0,0.5,0.22393,180,0,0,279259
0,1,0,0.5,0.224065,180,0,0,279276
0,0,0,0.5,0.224065,180,0,0,279292
0,0,0,0.5,0.224065,180,0,0,279309
0,0,0,0.5,0.224065,180,0,0,279325
0,0,0,0.5,0.224065,180,0,0,279342
0,0,-1,0.5,0.224065,180,0,0,279359
-1,0,0,0.5,0.224065,180,0,0,279376
0,0,0,0.5,0.224065,180,0,0,279392
3,0,0,0.5,0.224065,180,0,0,279409
0,-1,0,0.5,0.22393,180,0,0,279426
0,0,0,0.5,0.22393,180,0,0,279442
0,-1,0,0.5,0.223795,180,0,0,279459
0,0,0,0.5,0.223795,180,0,0,279475
0,0,0,0.5,0.223795,180,0,0,279492
0,-1,-1,0.5,0.22366,180,0,0,279509
0,0,0,0.5,0.22366,180,0,0,279525
0,-1,-1,0.5,0.223525,180,0,0,279543
0,0,1,0.5,0.223525,180,0,0,279560
0,0,-1,0.5,0.223525,180,0,0,279576
0,0,0,0.5,0.223525,180,0,0,279593
0,-1,0,0.5,0.22339,180,0,0,279609
0,0,0,0.5,0.22339,180,0,0,279626
0,-1,-2,0.5,0.223255,180,0,0,279643
1,0,1,0.5,0.223255,180,0,0,279660
1,-1,0,0.5,0.22312,180,0,0,279676
0,0,0,0.5,0.22312,180,0,0,279693
0,-1,-1,0.5,0.222985,180,0,0,279710
0,-1,0,0.5,0.22285,180,0,0,279726
0,0,-1,0.5,0.22285,180,0,0,279743
0,-1,0,0.5,0.222715,180,0,0,279759
0,0,-1,0.5,0.222715,180,0,0,279777
0,0,0,0.5,0.222715,180,0,0,279793
0,-1,-1,0.5,0.22258,180,0,0,279810
0,0,0,0.5,0.22258,180,0,0,279826
0,-1,-1,0.5,0.222445,180,0,0,279843
0,0,0,0.5,0.222445,180,0,0,279859
0,-1,-1,0.5,0.22231,180,0,0,279876
0,0,0,0.5,0.22231,180,0,0,279892
0,0,0,0.5,0.22231,180,0,0,279909
0,-1,-2,0.5,0.222175,180,0,0,279926
0,0,0,0.5,0.222175,180,0,0,279942
0,0,0,0.5,0.222175,180,0,0,279960
0,-1,-1,0.5,0.22204,180,0,0,279976
0,-1,-1,0.5,0.221905,180,0,0,279993
0,0,0,0.5,0.221905,180,0,0,280009
0,0,-1,0.5,0.221905,180,0,0,280026
0,0,0,0.5,0.221905,180,0,0,280042
0,-1,0,0.5,0.22177,180,0,0,280059
0,0,-1,0.5,0.22177,180,0,0,280076
0,-1,0,0.5,0.221635,180,0,0,280093
0,-1,-1,0.5,0.2215,180,0,0,280111
0,0,-1,0.5,0.2215,180,0,0,280126
0,0,0,0.5,0.2215,180,0,0,280142
0,-1,-1,0.5,0.221365,180,0,0,280159
0,-1,0,0.5,0.22123,180,0,0,280176
0,0,0,0.5,0.22123,180,0,0,280192
0,-1,-1,0.5,0.221095,180,0,0,280209
0,0,0,0.5,0.221095,180,0,0,280226
0,-1,-1,0.5,0.22096,180,0,0,280243
0,0,0,0.5,0.22096,180,0,0,280259
0,0,-1,0.5,0.22096,180,0,0,280276
0,0,0,0.5,0.22096,180,0,0,280292
0,0,0,0.5,0.22096,180,0,0,280309
0,-1,-1,0.5,0.220825,180,0,0,280326
0,0,0,0.5,0.220825,180,0,0,280342
0,0,0,0.5,0.220825,180,0,0,280359
0,0,-1,0.5,0.220825,180,0,0,280376
0,-1,0,0.5,0.22069,180,0,0,280392
0,0,0,0.5,0.22069,180,0,0,280409
0,-1,-1,0.5,0.220555,180,0,0,280426
0,-1,0,0.5,0.22042,180,0,0,280442
0,0,0,0.5,0.22042,180,0,0,280460
0,0,0,0.5,0.22042,180,0,0,280476
0,-1,-1,0.5,0.220285,180,0,0,280493
0,0,0,0.5,0.220285,180,0,0,280509
0,0,0,0.5,0.220285,180,0,0,280525
0,0,0,0.5,0.220285,180,0,0,280542
0,0,0,0.5,0.220285,180,0,0,280559
0,0,-1,0.5,0.220285,180,0,0,280576
0,0,0,0.5,0.220285,180,0,0,280592
0,1,-1,0.5,0.22042,180,0,0,280610
0,0,0,0.5,0.22042,180,0,0,280627
0,0,0,0.5,0.22042,180,0,0,280642
0,-1,0,0.5,0.220285,180,0,0,280659
0,0,0,0.5,0.220285,180,0,0,280675
0,0,0,0.5,0.220285,180,0,0,280692
0,0,0,0.5,0.220285,180,0,0,280709
0,-1,0,0.5,0.22015,180,0,0,280726
0,-2,0,0.5,0.21988,180,0,0,280742
0,-1,0,0.5,0.219745,180,0,0,280759
0,-1,0,0.5,0.21961,180,0,0,280776
0,0,0,0.5,0.21961,180,0,0,280792
0,0,0,0.5,0.21961,180,0,0,280809
0,3,0,0.5,0.220015,180,0,0,280826
0,2,0,0.5,0.220285,180,0,0,280842
0,4,0,0.5,0.220825,180,0,1,280859
0,4,0,0.5,0.221365,180,0,1,280876
0,4,0,0.5,0.221905,180,0,1,280892
0,4,0,0.5,0.222445,180,0,1,280909
0,8,0,0.5,0.223525,180,0,0,280926
0,4,0,0.5,0.224065,180,0,0,280942
0,4,0,0.5,0.224605,180,0,0,280959
0,3,0,0.5,0.22501,180,0,0,280976
0,3,0,0.5,0.225415,180,0,0,280992
0,1,0,0.5,0.22555,180,0,0,281009
0,0,0,0.5,0.22555,180,0,0,281025
0,0,0,0.5,0.22555,180,0,0,281042
0,0,0,0.5,0.22555,180,0,0,281059
0,0,0,0.5,0.22555,180,0,0,281075
0,-1,0,0.5,0.225415,180,0,0,281092
0,0,0,0.5,0.225415,180,0,0,281109
0,0,0,0.5,0.225415,180,0,0,281125
0,0,0,0.5,0.225415,180,0,0,281142
0,0,0,0.5,0.225415,180,0,0,281159
0,1,0,0.5,0.22555,180,0,0,281176
0,0,0,0.5,0.22555,180,0,0,281192
0,1,0,0.5,0.225685,180,0,0,281209
0,0,0,0.5,0.225685,180,0,0,281227
0,1,0,0.5,0.22582,180,0,0,281242
0,0,0,0.5,0.22582,180,0,0,281259
0,1,0,0.5,0.225955,180,0,0,281275
0,0,0,0.5,0.225955,180,0,0,281292
0,0,0,0.5,0.225955,180,0,0,281309
0,0,0,0.5,0.225955,180,0,0,281325
0,1,0,0.5,0.22609,180,0,0,281342
0,0,0,0.5,0.22609,180,0,0,281359
0,0,0,0.5,0.22609,180,0,0,281375
0,0,0,0.5,0.22609,180,0,0,281392
0,0,0,0.5,0.22609,180,0,0,281409
0,0,0,0.5,0.22609,180,0,0,281426
0,1,0,0.5,0.226225,180,0,0,281442
0,0,0,0.5,0.226225,180,0,0,281459
0,0,0,0.5,0.226225,180,0,0,281476
0,0,0,0.5,0.226225,180,0,0,281492
0,1,0,0.5,0.22636,180,0,0,281509
0,0,0,0.5,0.22636,180,0,0,281526
0,0,0,0.5,0.22636,180,0,0,281542
0,0,0,0.5,0.22636,180,0,0,281559
0,1,0,0.5,0.226495,180,0,0,281576
0,0,0,0.5,0.226495,180,0,0,281593
0,0,0,0.5,0.226495,180,0,0,281609
0,0,0,0.5,0.226495,180,0,0,281626
0,0,0,0.5,0.226495,180,0,0,281642
0,0,0,0.5,0.226495,180,0,0,281659
0,0,0,0.5,0.226495,180,0,0,281676
0,0,0,0.5,0.226495,180,0,0,281692
0,1,1,0.5,0.22663,180,0,0,281710
0,0,0,0.5,0.22663,180,0,0,281726
0,0,0,0.5,0.22663,180,0,0,281742
0,1,0,0.5,0.226765,180,0,0,281761
0,0,0,0.5,0.226765,180,0,0,281775
0,0,0,0.5,0.226765,180,0,0,281792
0,0,0,0.5,0.226765,180,0,0,281809
0,1,0,0.5,0.2269,180,0,0,281828
0,0,0,0.5,0.2269,180,0,0,281842
0,0,0,0.5,0.2269,180,0,0,281859
0,-2,0,0.5,0.22663,180,0,0,281877
0,0,0,0.5,0.22663,180,0,0,281892
0,1,0,0.5,0.226765,180,0,0,281910
0,0,0,0.5,0.226765,180,0,0,281925
0,0,0,0.5,0.226765,180,0,0,281942
0,0,0,0.5,0.226765,180,0,0,281959
0,0,0,0.5,0.226765,180,0,0,281975
0,1,0,0.5,0.2269,180,0,0,281992
0,0,0,0.5,0.2269,180,0,0,282009
0,0,0,0.5,0.2269,180,0,0,282025
0,1,0,0.5,0.227035,180,0,0,282042
0,0,0,0.5,0.227035,180,0,0,282059
0,0,0,0.5,0.227035,180,0,0,282075
0,1,0,0.5,0.22717,180,0,0,282092
0,0,0,0.5,0.22717,180,0,0,282109
0,0,0,0.5,0.22717,180,0,0,282125
0,0,0,0.5,0.22717,180,0,0,282142
0,0,0,0.5,0.22717,180,0,0,282159
0,0,0,0.5,0.22717,180,0,0,282175
0,0,0,0.5,0.22717,180,0,0,282192
0,0,0,0.5,0.22717,180,0,0,282209
0,0,0,0.5,0.22717,180,0,0,282225
0,0,0,0.5,0.22717,180,0,0,282242
0,1,0,0.5,0.227305,180,0,0,282259
0,0,0,0.5,0.227305,180,0,0,282275
0,0,0,0.5,0.227305,180,0,0,282292
0,0,0,0.5,0.227305,180,0,0,282309
0,1,0,0.5,0.22744,180,0,0,282325
0,0,0,0.5,0.22744,180,0,0,282342
0,0,0,0.5,0.22744,180,0,0,282359
0,0,0,0.5,0.22744,180,0,0,282375
0,0,0,0.5,0.22744,180,0,0,282392
0,1,0,0.5,0.227575,180,0,0,282409
0,0,0,0.5,0.227575,180,0,0,282425
0,0,0,0.5,0.227575,180,0,0,282442
0,0,0,0.5,0.227575,180,0,0,282459
0,0,0,0.5,0.227575,180,0,0,282475
0,0,0,0.5,0.227575,180,0,0,282492
1,0,2,0.5,0.227575,180,0,0,282509
0,0,0,0.5,0.227575,180,0,0,282525
0,1,0,0.5,0.22771,180,0,0,282542
0,0,0,0.5,0.22771,180,0,0,282559
0,0,-1,0.5,0.22771,180,0,0,282576
0,0,0,0.5,0.22771,180,0,0,282592
0,0,0,0.5,0.22771,180,0,0,282609
0,0,0,0.5,0.22771,180,0,0,282625
0,1,0,0.5,0.227845,180,0,0,282643
-2,0,0,0.5,0.227845,180,0,0,282660
0,0,0,0.5,0.227845,180,0,0,282675
-1,0,0,0.5,0.227845,180,0,0,282692
0,0,0,0.5,0.227845,180,0,0,282709
0,0,0,0.5,0.227845,180,0,0,282725
0,0,0,0.5,0.227845,180,0,0,282742
0,0,0,0.5,0.227845,180,0,0,282759
0,0,0,0.5,0.227845,180,0,0,282775
0,0,0,0.5,0.227845,180,0,0,282792
0,0,0,0.5,0.227845,180,0,0,282809
0,0,0,0.5,0.227845,180,0,0,282825
0,0,0,0.5,0.227845,180,0,0,282842
0,-1,0,0.5,0.22771,180,0,0,282860
0,0,0,0.5,0.22771,180,0,0,282875
0,0,0,0.5,0.22771,180,0,0,282892
0,0,0,0.5,0.22771,180,0,0,282909
0,0,0,0.5,0.22771,180,0,0,282925
0,0,0,0.5,0.22771,180,0,0,282942
0,1,0,0.5,0.227845,180,0,0,282959
0,0,0,0.5,0.227845,180,0,0,282975
0,0,0,0.5,0.227845,180,0,0,282992
0,0,0,0.5,0.227845,180,0,0,283009
0,0,0,0.5,0.227845,180,0,0,283025
0,0,0,0.5,0.227845,180,0,0,283042
0,0,0,0.5,0.227845,180,0,0,283059
0,0,0,0.5,0.227845,180,0,0,283075
0,0,0,0.5,0.227845,180,0,0,283092
0,0,0,0.5,0.227845,180,0,0,283109
0,0,0,0.5,0.227845,180,0,0,283125
0,0,0,0.5,0.227845,180,0,0,283142
0,0,0,0.5,0.227845,180,0,0,283159
0,0,0,0.5,0.227845,180,0,0,283175
0,0,0,0.5,0.227845,180,0,0,283192
0,0,0,0.5,0.227845,180,0,0,283209
0,0,0,0.5,0.227845,180,0,0,283225
0,0,0,0.5,0.227845,180,0,0,283242
0,0,0,0.5,0.227845,180,0,0,283259
0,0,0,0.5,0.227845,180,0,0,283275
0,0,0,0.5,0.227845,180,0,0,283292
0,0,0,0.5,0.227845,180,0,0,283309
0,-2,0,0.5,0.227575,180,0,0,283325
0,0,0,0.5,0.227575,180,0,0,283342
0,0,0,0.5,0.227575,180,0,0,283359
0,0,0,0.5,0.227575,180,0,0,283375
0,0,0,0.5,0.227575,180,0,0,283392
0,0,0,0.5,0.227575,180,0,0,283409
0,0,0,0.5,0.227575,180,0,0,283426
0,-1,0,0.5,0.22744,180,0,0,283442
0,0,0,0.5,0.22744,180,0,0,283459
1,0,0,0.5,0.22744,180,0,0,283476
0,0,0,0.5,0.22744,180,0,0,283492
0,0,0,0.5,0.22744,180,0,0,283509
0,0,0,0.5,0.22744,180,0,0,283525
0,0,0,0.5,0.22744,180,0,0,283542
0,0,0,0.5,0.22744,180,0,0,283559
0,0,0,0.5,0.22744,180,0,0,283575
0,0,0,0.5,0.22744,180,0,0,283592
0,0,0,0.5,0.22744,180,0,0,283609
0,0,0,0.5,0.22744,180,0,0,283625
0,0,0,0.5,0.22744,180,0,0,283642
0,0,0,0.5,0.22744,180,0,0,283659
0,0,0,0.5,0.22744,180,0,0,283675
0,2,0,0.5,0.22771,180,0,0,283692
0,0,0,0.5,0.22771,180,0,0,283711
-1,0,0,0.5,0.22771,180,0,0,283728
0,0,0,0.5,0.22771,180,0,0,283742
0,0,0,0.5,0.22771,180,0,0,283759
0,0,0,0.5,0.22771,180,0,0,283776
0,0,0,0.5,0.22771,180,0,0,283792
0,0,0,0.5,0.22771,180,0,0,283809
0,0,0,0.5,0.22771,180,0,0,283825
0,0,0,0.5,0.22771,180,0,0,283842
0,1,0,0.5,0.227845,180,0,0,283859
0,0,0,0.5,0.227845,180,0,0,283875
0,0,0,0.5,0.227845,180,0,0,283892
0,0,0,0.5,0.227845,180,0,0,283909
0,0,0,0.5,0.227845,180,0,0,283925
0,0,0,0.5,0.227845,180,0,0,283942
0,0,0,0.5,0.227845,180,0,0,283959
0,0,0,0.5,0.227845,180,0,0,283975
0,0,0,0.5,0.227845,180,0,0,283992
0,0,0,0.5,0.227845,180,0,0,284008
0,0,0,0.5,0.227845,180,0,0,284025
0,0,0,0.5,0.227845,180,0,0,284042
0,0,0,0.5,0.227845,180,0,0,284059
0,0,0,0.5,0.227845,180,0,0,284075
0,0,0,0.5,0.227845,180,0,0,284092
0,0,0,0.5,0.227845,180,0,0,284109
0,0,0,0.5,0.227845,180,0,0,284125
0,0,0,0.5,0.227845,180,0,0,284142
0,0,0,0.5,0.227845,180,0,0,284159
0,0,0,0.5,0.227845,180,0,0,284175
0,0,0,0.5,0.227845,180,0,0,284192
0,0,0,0.5,0.227845,180,0,0,284209
0,0,0,0.5,0.227845,180,0,0,284225
0,0,0,0.5,0.227845,180,0,0,284242
0,0,0,0.5,0.227845,180,0,0,284258
0,1,0,0.5,0.22798,180,0,0,284275
0,0,0,0.5,0.22798,180,0,0,284292
0,0,0,0.5,0.22798,180,0,0,284308
0,0,0,0.5,0.22798,180,0,0,284325
0,0,0,0.5,0.22798,180,0,0,284342
0,0,0,0.5,0.22798,180,0,0,284358
0,0,0,0.5,0.22798,180,0,0,284375
0,1,0,0.5,0.228115,180,0,0,284392
0,0,0,0.5,0.228115,180,0,0,284408
0,0,0,0.5,0.228115,180,0,0,284425
0,0,0,0.5,0.228115,180,0,0,284442
0,0,0,0.5,0.228115,180,0,0,284458
0,-1,0,0.5,0.22798,180,0,0,284475
0,1,0,0.5,0.228115,180,0,0,284492
0,0,0,0.5,0.228115,180,0,0,284509
0,1,0,0.5,0.22825,180,0,0,284526
0,0,0,0.5,0.22825,180,0,0,284542
0,0,0,0.5,0.22825,180,0,0,284559
0,0,0,0.5,0.22825,180,0,0,284576
0,0,0,0.5,0.22825,180,0,0,284592
0,0,0,0.5,0.22825,180,0,0,284609
0,0,0,0.5,0.22825,180,0,0,284625
0,0,0,0.5,0.22825,180,0,0,284642
0,0,0,0.5,0.22825,180,0,0,284659
0,0,0,0.5,0.22825,180,0,0,284675
0,0,0,0.5,0.22825,180,0,0,284692
0,0,0,0.5,0.22825,180,0,0,284710
0,0,0,0.5,0.22825,180,0,0,284725
0,0,0,0.5,0.22825,180,0,0,284742
0,0,0,0.5,0.22825,180,0,0,284760
0,0,0,0.5,0.22825,180,0,0,284775
0,0,0,0.5,0.22825,180,0,0,284792
0,0,0,0.5,0.22825,180,0,0,284809
0,0,0,0.5,0.22825,180,0,0,284825
0,-1,0,0.5,0.228115,180,0,0,284842
0,1,1,0.5,0.22825,180,0,0,284862
0,0,0,0.5,0.22825,180,0,0,284875
0,1,2,0.5,0.228385,180,0,0,284893
0,-2,2,0.5,0.228115,180,0,0,284910
0,-2,3,0.5,0.227845,180,0,0,284927
1,-1,2,0.5,0.22771,180,0,0,284943
-2,-2,3,0.5,0.22744,180,0,0,284961
0,0,4,0.5,0.22744,180,0,0,284977
0,0,3,0.5,0.22744,180,0,0,284994
0,1,2,0.5,0.227575,180,0,0,285011
0,2,0,0.5,0.227845,180,0,0,285026
0,4,0,0.5,0.228385,180,0,0,285043
0,6,-1,0.5,0.229195,180,0,0,285061
0,9,-1,0.5,0.23041,180,0,0,285076
0,12,0,0.5,0.23203,180,0,0,285092
0,15,1,0.5,0.234055,180,0,0,285111
0,18,0,0.5,0.236485,180,0,0,285126
0,20,0,0.5,0.239185,180,0,0,285143
0,21,0,0.5,0.24202,180,0,0,285160
0,21,0,0.5,0.244855,180,0,0,285175
0,18,0,0.5,0.247285,180,0,0,285193
0,15,0,0.5,0.24931,180,0,0,285209
0,11,-1,0.5,0.250795,180,1,0,285226
0,6,-1,0.5,0.251605,180,1,0,285242
0,2,0,0.5,0.251875,180,1,0,285259
0,1,-2,0.5,0.25201,180,0,0,285276
0,0,-4,0.5,0.25201,180,0,0,285294
0,3,-2,0.5,0.252415,180,0,0,285311
0,5,-1,0.5,0.25309,180,0,0,285326
0,7,-2,0.5,0.254035,180,0,0,285345
0,7,-1,0.5,0.25498,180,0,0,285360
0,8,-1,0.5,0.25606,180,0,0,285376
0,7,0,0.5,0.257005,180,0,0,285393
0,7,-1,0.5,0.25795,180,0,0,285410
0,6,0,0.5,0.25876,180,0,0,285426
0,3,0,0.5,0.259165,180,0,0,285442
0,2,0,0.5,0.259435,180,0,0,285459
0,1,0,0.5,0.25957,180,0,1,285475
0,0,1,0.5,0.25957,180,0,1,285494
1,3,2,0.5,0.259975,180,0,1,285509
-1,4,0,0.5,0.260515,180,0,1,285526
0,6,0,0.5,0.261325,180,0,1,285542
0,6,0,0.5,0.262135,180,0,0,285560
0,6,0,0.5,0.262945,180,0,0,285575
0,6,0,0.5,0.263755,180,0,0,285593
0,6,0,0.5,0.264565,180,0,1,285610
0,5,0,0.5,0.26524,180,0,1,285625
0,5,0,0.5,0.265915,180,0,1,285642
0,6,0,0.5,0.266725,180,0,1,285659
0,5,0,0.5,0.2674,180,0,0,285676
0,12,0,0.5,0.26902,180,0,0,285695
0,6,0,0.5,0.26983,180,0,0,285711
4,7,0,0.5,0.270775,180,0,0,285726
0,6,0,0.5,0.271585,180,0,1,285743
0,6,-1,0.5,0.272395,180,0,1,285760
-2,5,0,0.5,0.27307,180,0,0,285776
-1,5,0,0.5,0.273745,180,0,0,285792
0,5,0,0.5,0.27442,180,0,0,285809
0,4,0,0.5,0.27496,180,0,0,285825
0,4,0,0.5,0.2755,180,0,0,285842
0,3,0,0.5,0.275905,180,0,1,285859
0,3,1,0.5,0.27631,180,0,1,285876
0,2,1,0.5,0.27658,180,0,1,285892
0,2,1,0.5,0.27685,180,0,0,285909
0,0,1,0.5,0.27685,180,0,0,285926
0,0,0,0.5,0.27685,180,0,0,285942
0,1,1,0.5,0.276985,180,0,0,285959
0,0,0,0.5,0.276985,180,0,1,285976
0,1,0,0.5,0.27712,180,0,1,285993
0,1,0,0.5,0.277255,180,0,1,286010
0,0,0,0.5,0.277255,180,0,0,286026
0,1,0,0.5,0.27739,180,0,0,286043
0,1,0,0.5,0.277525,180,0,0,286060
0,1,0,0.5,0.27766,180,0,0,286076
0,1,0,0.5,0.277795,180,0,0,286093
0,1,0,0.5,0.27793,180,0,0,286109
0,0,0,0.5,0.27793,180,0,1,286125
0,1,0,0.5,0.278065,180,0,1,286142
0,0,0,0.5,0.278065,180,0,1,286159
0,0,0,0.5,0.278065,180,0,0,286175
0,0,0,0.5,0.278065,180,0,0,286192
0,0,0,0.5,0.278065,180,0,0,286208
0,0,0,0.5,0.278065,180,0,0,286225
0,-2,0,0.5,0.277795,180,0,0,286242
0,-1,0,0.5,0.27766,180,0,0,286259
0,0,0,0.5,0.27766,180,0,0,286275
0,0,0,0.5,0.27766,180,0,0,286292
0,0,0,0.5,0.27766,180,0,0,286308
0,0,0,0.5,0.27766,180,0,0,286325
0,0,0,0.5,0.27766,180,0,0,286342
0,2,0,0.5,0.27793,180,0,0,286359
0,0,0,0.5,0.27793,180,0,0,286375
0,0,0,0.5,0.27793,180,0,0,286392
0,1,0,0.5,0.278065,180,0,0,286409
0,0,0,0.5,0.278065,180,0,0,286425
0,0,0,0.5,0.278065,180,0,0,286442
0,0,0,0.5,0.278065,180,0,0,286458
0,0,0,0.5,0.278065,180,0,0,286475
0,0,0,0.5,0.278065,180,0,0,286492
0,0,0,0.5,0.278065,180,0,0,286509
0,0,0,0.5,0.278065,180,0,0,286525
0,0,0,0.5,0.278065,180,0,0,286542
0,0,0,0.5,0.278065,180,0,0,286559
0,0,0,0.5,0.278065,180,0,0,286575
0,1,0,0.5,0.2782,180,0,0,286592
0,0,0,0.5,0.2782,180,0,0,286609
0,0,0,0.5,0.2782,180,0,0,286625
0,0,0,0.5,0.2782,180,0,0,286642
0,0,0,0.5,0.2782,180,0,0,286659
0,0,0,0.5,0.2782,180,0,0,286675
0,0,0,0.5,0.2782,180,0,0,286693
0,0,0,0.5,0.2782,180,0,0,286709
0,0,0,0.5,0.2782,180,0,0,286725
0,0,0,0.5,0.2782,180,0,0,286742
0,0,0,0.5,0.2782,180,0,0,286760
0,0,0,0.5,0.2782,180,0,0,286775
0,0,0,0.5,0.2782,180,0,0,286792
0,0,0,0.5,0.2782,180,0,0,286808
0,0,0,0.5,0.2782,180,0,0,286825
0,0,0,0.5,0.2782,180,0,0,286842
0,1,0,0.5,0.278335,180,0,0,286859
0,0,0,0.5,0.278335,180,0,0,286875
0,0,0,0.5,0.278335,180,0,0,286892
0,0,0,0.5,0.278335,180,0,0,286909
0,0,0,0.5,0.278335,180,0,0,286926
0,0,0,0.5,0.278335,180,0,0,286942
0,0,0,0.5,0.278335,180,0,0,286959
0,0,0,0.5,0.278335,180,0,0,286975
0,0,0,0.5,0.278335,180,0,0,286992
0,0,0,0.5,0.278335,180,0,0,287009
0,0,0,0.5,0.278335,180,0,0,287025
0,0,0,0.5,0.278335,180,0,0,287042
0,0,0,0.5,0.278335,180,0,0,287059
0,0,0,0.5,0.278335,180,0,0,287075
0,0,0,0.5,0.278335,180,0,0,287092
0,-1,0,0.5,0.2782,180,0,0,287109
0,0,0,0.5,0.2782,180,0,0,287125
0,0,0,0.5,0.2782,180,0,0,287142
0,0,0,0.5,0.2782,180,0,0,287160
0,0,0,0.5,0.2782,180,0,0,287175
0,0,0,0.5,0.2782,180,0,0,287192
0,0,0,0.5,0.2782,180,0,0,287208
0,0,-1,0.5,0.2782,180,0,0,287226
0,0,0,0.5,0.2782,180,0,0,287242
0,0,0,0.5,0.2782,180,0,0,287258
0,0,0,0.5,0.2782,180,0,0,287275
0,0,0,0.5,0.2782,180,0,0,287292
0,0,0,0.5,0.2782,180,0,0,287309
0,0,0,0.5,0.2782,180,0,0,287325
0,0,0,0.5,0.2782,180,0,0,287342
0,-1,0,0.5,0.278065,180,0,0,287359
0,0,0,0.5,0.278065,180,0,0,287375
0,0,0,0.5,0.278065,180,0,0,287392
0,0,0,0.5,0.278065,180,0,0,287409
0,0,0,0.5,0.278065,180,0,0,287425
0,0,0,0.5,0.278065,180,0,0,287442
0,-1,0,0.5,0.27793,180,0,0,287459
0,0,0,0.5,0.27793,180,0,0,287475
0,-3,0,0.5,0.277525,180,0,0,287492
0,-4,0,0.5,0.276985,180,0,0,287509
0,-6,0,0.5,0.276175,180,0,0,287525
0,-6,0,0.5,0.275365,180,0,0,287542
0,-8,0,0.5,0.274285,180,0,0,287559
0,-5,0,0.5,0.27361,180,0,0,287575
0,-5,0,0.5,0.272935,180,0,0,287592
0,-2,0,0.5,0.272665,180,0,0,287609
0,-1,-1,0.5,0.27253,180,0,0,287625
0,0,-1,0.5,0.27253,180,0,0,287642
0,1,-1,0.5,0.272665,180,0,0,287659
0,3,-2,0.5,0.27307,180,0,0,287676
0,3,-1,0.5,0.273475,180,0,0,287692
0,7,-3,0.5,0.27442,180,0,0,287711
0,3,-1,0.5,0.274825,180,0,0,287727
0,3,-1,0.5,0.27523,180,0,0,287744
0,1,-1,0.5,0.275365,180,0,0,287761
0,0,-1,0.5,0.275365,180,0,0,287776
0,-1,0,0.5,0.27523,180,0,0,287793
0,-1,0,0.5,0.275095,180,0,0,287809
0,-2,0,0.5,0.274825,180,0,0,287826
0,-1,0,0.5,0.27469,180,0,0,287842
0,-1,0,0.5,0.274555,180,0,0,287859
0,0,0,0.5,0.274555,180,0,0,287875
0,0,0,0.5,0.274555,180,0,0,287892
0,0,0,0.5,0.274555,180,0,0,287909
0,0,0,0.5,0.274555,180,0,0,287926
0,2,-1,0.5,0.274825,180,0,0,287942
0,0,0,0.5,0.274825,180,0,0,287959
0,1,-1,0.5,0.27496,180,0,0,287975
-1,0,-1,0.5,0.27496,180,0,0,287994
0,0,0,0.5,0.27496,180,0,0,288009
0,0,0,0.5,0.27496,180,0,0,288026
0,0,0,0.5,0.27496,180,0,0,288042
0,0,0,0.5,0.27496,180,0,0,288061
1,0,0,0.5,0.27496,180,0,0,288075
1,0,0,0.5,0.27496,180,0,0,288092
0,0,0,0.5,0.27496,180,0,0,288108
0,0,0,0.5,0.27496,180,0,0,288125
0,0,0,0.5,0.27496,180,0,0,288142
0,0,0,0.5,0.27496,180,0,0,288158
0,-1,0,0.5,0.274825,180,0,0,288175
0,0,0,0.5,0.274825,180,0,0,288192
0,0,0,0.5,0.274825,180,0,0,288208
0,-1,0,0.5,0.27469,180,0,0,288225
0,0,0,0.5,0.27469,180,0,0,288242
0,0,0,0.5,0.27469,180,0,0,288258
0,0,0,0.5,0.27469,180,0,0,288275
-1,0,-1,0.5,0.27469,180,0,0,288292
0,0,0,0.5,0.27469,180,0,0,288308
-1,-1,0,0.5,0.274555,180,0,0,288326
0,0,0,0.5,0.274555,180,0,0,288344
0,0,0,0.5,0.274555,180,0,0,288359
0,0,0,0.5,0.274555,180,0,0,288375
0,0,0,0.5,0.274555,180,0,0,288392
0,-1,0,0.5,0.27442,180,0,0,288409
0,0,0,0.5,0.27442,180,0,0,288425
0,0,0,0.5,0.27442,180,0,0,288442
0,0,0,0.5,0.27442,180,0,0,288458
0,0,0,0.5,0.27442,180,0,0,288475
0,0,0,0.5,0.27442,180,0,0,288492
0,0,0,0.5,0.27442,180,0,0,288508
0,0,0,0.5,0.27442,180,0,0,288525
0,0,0,0.5,0.27442,180,0,0,288542
0,0,0,0.5,0.27442,180,0,0,288558
0,0,0,0.5,0.27442,180,0,0,288575
0,0,0,0.5,0.27442,180,0,0,288592
0,1,0,0.5,0.274555,180,0,0,288609
0,0,0,0.5,0.274555,180,0,0,288625
0,0,0,0.5,0.274555,180,0,0,288642
0,0,0,0.5,0.274555,180,0,0,288659
0,0,0,0.5,0.274555,180,0,0,288675
0,0,0,0.5,0.274555,180,0,0,288692
0,0,0,0.5,0.274555,180,0,0,288709
0,0,0,0.5,0.274555,180,0,0,288726
0,0,0,0.5,0.274555,180,0,0,288742
0,0,0,0.5,0.274555,180,0,0,288759
0,0,0,0.5,0.274555,180,0,0,288775
0,0,0,0.5,0.274555,180,0,0,288792
0,0,0,0.5,0.274555,180,0,0,288809
0,0,0,0.5,0.274555,180,0,0,288825
0,0,0,0.5,0.274555,180,0,0,288842
0,0,0,0.5,0.274555,180,0,0,288858
0,0,0,0.5,0.274555,180,0,0,288875
0,0,0,0.5,0.274555,180,0,0,288892
0,0,0,0.5,0.274555,180,0,0,288908
0,0,0,0.5,0.274555,180,0,0,288925
0,0,0,0.5,0.274555,180,0,0,288942
0,0,0,0.5,0.274555,180,0,0,288959
0,0,0,0.5,0.274555,180,0,0,288975
0,0,0,0.5,0.274555,180,0,0,288992
0,0,0,0.5,0.274555,180,0,0,289008
0,0,0,0.5,0.274555,180,0,0,289025
0,2,0,0.5,0.274825,180,0,0,289042
0,1,1,0.5,0.27496,180,0,0,289059
0,0,0,0.5,0.27496,180,0,0,289075
0,0,0,0.5,0.27496,180,0,0,289092
0,0,0,0.5,0.27496,180,0,0,289109
0,0,0,0.5,0.27496,180,0,0,289125
0,0,0,0.5,0.27496,180,0,0,289142
0,0,0,0.5,0.27496,180,0,0,289159
0,0,0,0.5,0.27496,180,0,0,289175
0,0,0,0.5,0.27496,180,0,0,289192
0,0,0,0.5,0.27496,180,0,0,289209
0,1,0,0.5,0.275095,180,0,0,289225
0,0,0,0.5,0.275095,180,0,0,289242
0,0,0,0.5,0.275095,180,0,0,289258
0,1,0,0.5,0.27523,180,0,0,289275
0,0,0,0.5,0.27523,180,0,0,289292
0,0,0,0.5,0.27523,180,0,0,289308
0,0,0,0.5,0.27523,180,0,0,289325
0,1,0,0.5,0.275365,180,0,0,289342
0,0,-1,0.5,0.275365,180,0,0,289359
0,0,0,0.5,0.275365,180,0,0,289375
0,0,0,0.5,0.275365,180,0,0,289392
0,1,0,0.5,0.2755,180,0,0,289409
0,0,0,0.5,0.2755,180,0,0,289425
0,0,0,0.5,0.2755,180,0,0,289442
0,0,0,0.5,0.2755,180,0,0,289458
0,0,0,0.5,0.2755,180,0,0,289475
0,0,0,0.5,0.2755,180,0,0,289492
0,0,0,0.5,0.2755,180,0,0,289509
0,0,0,0.5,0.2755,180,0,0,289525
0,1,0,0.5,0.275635,180,0,0,289542
0,0,0,0.5,0.275635,180,0,0,289559
0,0,0,0.5,0.275635,180,0,0,289575
0,1,0,0.5,0.27577,180,0,0,289592
0,0,0,0.5,0.27577,180,0,0,289609
0,0,0,0.5,0.27577,180,0,0,289625
0,0,0,0.5,0.27577,180,0,0,289642
0,1,0,0.5,0.275905,180,0,0,289659
0,0,0,0.5,0.275905,180,0,0,289675
0,0,0,0.5,0.275905,180,0,0,289692
0,0,0,0.5,0.275905,180,0,0,289709
0,0,0,0.5,0.275905,180,0,0,289725
0,0,0,0.5,0.275905,180,0,0,289742
0,0,0,0.5,0.275905,180,0,0,289758
0,0,0,0.5,0.275905,180,0,0,289775
0,1,0,0.5,0.27604,180,0,0,289793
0,0,0,0.5,0.27604,180,0,0,289810
0,0,0,0.5,0.27604,180,0,0,289825
0,0,0,0.5,0.27604,180,0,0,289842
0,0,0,0.5,0.27604,180,0,0,289859
0,0,0,0.5,0.27604,180,0,0,289875
0,0,0,0.5,0.27604,180,0,0,289892
0,1,0,0.5,0.276175,180,0,0,289909
0,0,0,0.5,0.276175,180,0,0,289925
0,0,0,0.5,0.276175,180,0,0,289942
0,0,0,0.5,0.276175,180,0,0,289959
-2,0,0,0.5,0.276175,180,0,0,289975
0,0,0,0.5,0.276175,180,0,0,289992
0,0,0,0.5,0.276175,180,0,0,290008
0,0,0,0.5,0.276175,180,0,0,290025
0,0,0,0.5,0.276175,180,0,0,290042
0,0,0,0.5,0.276175,180,0,0,290058
0,0,0,0.5,0.276175,180,0,0,290075
0,0,0,0.5,0.276175,180,0,0,290092
0,0,0,0.5,0.276175,180,0,0,290108
0,1,0,0.5,0.27631,180,0,0,290125
0,0,0,0.5,0.27631,180,0,0,290142
0,0,0,0.5,0.27631,180,0,0,290158
0,0,0,0.5,0.27631,180,0,0,290175
0,0,0,0.5,0.27631,180,0,0,290192
0,0,0,0.5,0.27631,180,0,0,290208
0,0,0,0.5,0.27631,180,0,0,290225
0,1,0,0.5,0.276445,180,0,0,290242
0,0,0,0.5,0.276445,180,0,0,290258
0,0,0,0.5,0.276445,180,0,0,290275
0,0,0,0.5,0.276445,180,0,0,290292
0,0,0,0.5,0.276445,180,0,0,290309
0,0,0,0.5,0.276445,180,0,0,290325
0,0,0,0.5,0.276445,180,0,0,290342
0,0,0,0.5,0.276445,180,0,0,290358
0,0,0,0.5,0.276445,180,0,0,290375
0,0,0,0.5,0.276445,180,0,0,290392
0,0,0,0.5,0.276445,180,0,0,290409
0,0,0,0.5,0.276445,180,0,0,290425
0,0,0,0.5,0.276445,180,0,0,290442
0,-1,0,0.5,0.27631,180,0,0,290459
0,0,0,0.5,0.27631,180,0,0,290475
0,0,0,0.5,0.27631,180,0,0,290492
0,0,0,0.5,0.27631,180,0,0,290508
0,0,0,0.5,0.27631,180,0,0,290525
0,0,0,0.5,0.27631,180,0,0,290542
0,0,0,0.5,0.27631,180,0,0,290558
0,0,0,0.5,0.27631,180,0,0,290575
0,0,0,0.5,0.27631,180,0,0,290592
0,0,0,0.5,0.27631,180,0,0,290609
0,0,0,0.5,0.27631,180,0,0,290625
0,0,0,0.5,0.27631,180,0,0,290642
0,0,0,0.5,0.27631,180,0,0,290659
0,0,0,0.5,0.27631,180,0,0,290675
0,0,0,0.5,0.27631,180,0,0,290692
0,0,-1,0.5,0.27631,180,0,0,290711
0,0,0,0.5,0.27631,180,0,0,290725
0,0,0,0.5,0.27631,180,0,0,290742
0,0,0,0.5,0.27631,180,0,0,290758
0,0,0,0.5,0.27631,180,0,0,290775
0,0,0,0.5,0.27631,180,0,0,290792
0,0,0,0.5,0.27631,180,0,0,290809
0,0,0,0.5,0.27631,180,0,0,290825
0,0,0,0.5,0.27631,180,0,0,290842
0,0,0,0.5,0.27631,180,0,0,290859
0,0,0,0.5,0.27631,180,0,0,290875
0,0,0,0.5,0.27631,180,0,0,290893
0,0,0,0.5,0.27631,180,0,0,290908
0,0,0,0.5,0.27631,180,0,0,290925
0,0,0,0.5,0.27631,180,0,0,290942
0,0,0,0.5,0.27631,180,0,0,290959
0,0,0,0.5,0.27631,180,0,0,290975
0,0,0,0.5,0.27631,180,0,0,290992
0,0,0,0.5,0.27631,180,0,0,291008
0,0,0,0.5,0.27631,180,0,0,291025
0,0,0,0.5,0.27631,180,0,0,291042
0,0,0,0.5,0.27631,180,0,0,291058
0,0,0,0.5,0.27631,180,0,0,291075
0,0,0,0.5,0.27631,180,0,0,291092
0,0,0,0.5,0.27631,180,0,0,291108
0,0,0,0.5,0.27631,180,0,0,291125
0,0,0,0.5,0.27631,180,0,0,291142
0,0,0,0.5,0.27631,180,0,0,291158
0,0,0,0.5,0.27631,180,0,0,291175
0,0,0,0.5,0.27631,180,0,0,291192
0,0,0,0.5,0.27631,180,0,0,291208
0,0,0,0.5,0.27631,180,0,0,291225
0,0,0,0.5,0.27631,180,0,0,291242
0,0,0,0.5,0.27631,180,0,0,291258
0,0,0,0.5,0.27631,180,0,0,291275
0,0,0,0.5,0.27631,180,0,0,291292
0,0,0,0.5,0.27631,180,0,0,291309
0,0,0,0.5,0.27631,180,0,0,291325
0,0,0,0.5,0.27631,180,0,0,291342
0,0,0,0.5,0.27631,180,0,0,291358
0,0,0,0.5,0.27631,180,0,0,291375
0,0,0,0.5,0.27631,180,0,0,291392
0,0,0,0.5,0.27631,180,0,0,291408
0,0,0,0.5,0.27631,180,0,0,291425
0,0,0,0.5,0.27631,180,0,0,291442
0,0,0,0.5,0.27631,180,0,0,291458
0,0,0,0.5,0.27631,180,0,0,291475
0,0,0,0.5,0.27631,180,0,0,291492
0,0,0,0.5,0.27631,180,0,0,291508
0,0,0,0.5,0.27631,180,0,0,291525
0,0,0,0.5,0.27631,180,0,0,291542
0,0,0,0.5,0.27631,180,0,0,291558
0,0,0,0.5,0.27631,180,0,0,291575
0,0,0,0.5,0.27631,180,0,0,291592
0,0,0,0.5,0.27631,180,0,0,291608
0,0,0,0.5,0.27631,180,0,0,291625
0,0,0,0.5,0.27631,180,0,0,291642
0,0,0,0.5,0.27631,180,0,0,291659
0,0,0,0.5,0.27631,180,0,0,291675
0,0,0,0.5,0.27631,180,0,0,291692
0,0,0,0.5,0.27631,180,0,0,291708
0,0,0,0.5,0.27631,180,0,0,291725
0,0,0,0.5,0.27631,180,0,0,291742
0,0,0,0.5,0.27631,180,0,0,291758
0,0,0,0.5,0.27631,180,0,0,291775
0,0,0,0.5,0.27631,180,0,0,291792
0,0,0,0.5,0.27631,180,0,0,291809
0,0,0,0.5,0.27631,180,0,0,291825
0,0,0,0.5,0.27631,180,0,0,291842
0,0,0,0.5,0.27631,180,0,0,291858
0,0,0,0.5,0.27631,180,0,0,291875
0,0,0,0.5,0.27631,180,0,0,291892
0,0,0,0.5,0.27631,180,0,0,291908
0,0,0,0.5,0.27631,180,0,0,291925
0,0,0,0.5,0.27631,180,0,0,291942
0,0,0,0.5,0.27631,180,0,0,291958
0,0,0,0.5,0.27631,180,0,0,291975
0,0,0,0.5,0.27631,180,0,0,291992
0,0,0,0.5,0.27631,180,0,0,292009
0,0,0,0.5,0.27631,180,0,0,292025
0,0,0,0.5,0.27631,180,0,0,292042
0,0,0,0.5,0.27631,180,0,0,292058
0,0,0,0.5,0.27631,180,0,0,292075
0,0,0,0.5,0.27631,180,0,0,292092
0,0,0,0.5,0.27631,180,0,0,292108
0,0,0,0.5,0.27631,180,0,0,292125
0,0,0,0.5,0.27631,180,0,0,292142
0,0,0,0.5,0.27631,180,0,0,292158
0,0,0,0.5,0.27631,180,0,0,292175
0,0,0,0.5,0.27631,180,0,0,292192
0,0,0,0.5,0.27631,180,0,0,292208
0,0,0,0.5,0.27631,180,0,0,292225
0,0,0,0.5,0.27631,180,0,0,292242
0,0,0,0.5,0.27631,180,0,0,292258
0,0,0,0.5,0.27631,180,0,0,292275
0,1,0,0.5,0.276445,180,0,0,292292
0,0,0,0.5,0.276445,180,0,0,292308
0,0,0,0.5,0.276445,180,0,0,292325
0,0,0,0.5,0.276445,180,0,0,292342
0,0,0,0.5,0.276445,180,0,0,292358
0,0,0,0.5,0.276445,180,0,0,292375
0,0,0,0.5,0.276445,180,0,0,292392
0,0,0,0.5,0.276445,180,0,0,292409
0,0,0,0.5,0.276445,180,0,0,292425
0,0,0,0.5,0.276445,180,0,0,292442
0,0,0,0.5,0.276445,180,0,0,292459
0,-1,0,0.5,0.27631,180,0,0,292476
0,0,0,0.5,0.27631,180,0,0,292492
0,0,0,0.5,0.27631,180,0,0,292509
0,0,0,0.5,0.27631,180,0,0,292525
0,0,0,0.5,0.27631,180,0,0,292542
0,0,0,0.5,0.27631,180,0,0,292559
0,0,0,0.5,0.27631,180,0,0,292575
0,0,0,0.5,0.27631,180,0,0,292592
0,0,0,0.5,0.27631,180,0,0,292610
0,0,0,0.5,0.27631,180,0,0,292625
0,0,0,0.5,0.27631,180,0,0,292642
0,0,0,0.5,0.27631,180,0,0,292658
0,0,0,0.5,0.27631,180,0,0,292675
0,0,0,0.5,0.27631,180,0,0,292692
0,0,0,0.5,0.27631,180,0,0,292709
0,0,0,0.5,0.27631,180,0,0,292725
0,0,0,0.5,0.27631,180,0,0,292742
0,0,0,0.5,0.27631,180,0,0,292760
0,0,0,0.5,0.27631,180,0,0,292775
0,0,0,0.5,0.27631,180,0,0,292792
0,0,0,0.5,0.27631,180,0,0,292810
0,0,0,0.5,0.27631,180,0,0,292825
0,0,0,0.5,0.27631,180,0,0,292842
0,0,0,0.5,0.27631,180,0,0,292858
0,0,0,0.5,0.27631,180,0,0,292875
0,0,0,0.5,0.27631,180,0,0,292892
0,0,0,0.5,0.27631,180,0,0,292908
0,0,0,0.5,0.27631,180,0,0,292925
0,0,0,0.5,0.27631,180,0,0,292942
0,0,0,0.5,0.27631,180,0,0,292958
0,0,0,0.5,0.27631,180,0,0,292975
0,0,0,0.5,0.27631,180,0,0,292992
0,0,0,0.5,0.27631,180,0,0,293008
0,0,0,0.5,0.27631,180,0,0,293025
0,0,0,0.5,0.27631,180,0,0,293042
0,0,0,0.5,0.27631,180,0,0,293058
0,0,0,0.5,0.27631,180,0,0,293075
0,0,0,0.5,0.27631,180,0,0,293092
0,0,0,0.5,0.27631,180,0,0,293108
0,0,0,0.5,0.27631,180,0,0,293125
0,0,0,0.5,0.27631,180,0,0,293142
0,0,0,0.5,0.27631,180,0,0,293158
0,0,0,0.5,0.27631,180,0,0,293175
0,0,0,0.5,0.27631,180,0,0,293192
0,1,0,0.5,0.276445,180,0,0,293209
0,0,0,0.5,0.276445,180,0,0,293225
0,0,0,0.5,0.276445,180,0,0,293242
0,0,0,0.5,0.276445,180,0,0,293259
0,0,0,0.5,0.276445,180,0,0,293275
0,0,0,0.5,0.276445,180,0,0,293291
0,0,0,0.5,0.276445,180,0,0,293308
0,0,0,0.5,0.276445,180,0,0,293325
0,0,0,0.5,0.276445,180,0,0,293341
0,0,0,0.5,0.276445,180,0,0,293358
0,0,0,0.5,0.276445,180,0,0,293375
0,0,0,0.5,0.276445,180,0,0,293392
0,0,0,0.5,0.276445,180,0,0,293408
0,0,0,0.5,0.276445,180,0,0,293425
0,0,0,0.5,0.276445,180,0,0,293441
0,0,0,0.5,0.276445,180,0,0,293458
0,0,0,0.5,0.276445,180,0,0,293475
0,0,0,0.5,0.276445,180,0,0,293491
0,0,0,0.5,0.276445,180,0,0,293508
0,0,0,0.5,0.276445,180,0,0,293525
0,0,0,0.5,0.276445,180,0,0,293542
0,0,0,0.5,0.276445,180,0,0,293558
0,0,0,0.5,0.276445,180,0,0,293575
0,0,0,0.5,0.276445,180,0,0,293592
0,0,0,0.5,0.276445,180,0,0,293608
0,0,0,0.5,0.276445,180,0,0,293625
0,0,0,0.5,0.276445,180,0,0,293642
0,0,0,0.5,0.276445,180,0,0,293659
0,-2,0,0.5,0.276175,180,0,0,293676
0,0,0,0.5,0.276175,180,0,0,293692
0,0,0,0.5,0.276175,180,0,0,293708
0,0,0,0.5,0.276175,180,0,0,293725
0,0,0,0.5,0.276175,180,0,0,293742
0,0,0,0.5,0.276175,180,0,0,293759
0,0,0,0.5,0.276175,180,0,0,293775
0,0,0,0.5,0.276175,180,0,0,293792
0,0,0,0.5,0.276175,180,0,0,293808
0,1,0,0.5,0.27631,180,0,0,293826
0,0,0,0.5,0.27631,180,0,0,293842
0,0,0,0.5,0.27631,180,0,0,293858
0,0,0,0.5,0.27631,180,0,0,293875
0,0,0,0.5,0.27631,180,0,0,293892
0,0,0,0.5,0.27631,180,0,0,293908
0,0,0,0.5,0.27631,180,0,0,293925
0,0,0,0.5,0.27631,180,0,0,293942
0,0,0,0.5,0.27631,180,0,0,293958
0,0,0,0.5,0.27631,180,0,0,293975
0,0,0,0.5,0.27631,180,0,0,293991
0,0,0,0.5,0.27631,180,0,0,294008
0,0,0,0.5,0.27631,180,0,0,294025
0,0,0,0.5,0.27631,180,0,0,294042
0,0,0,0.5,0.27631,180,0,0,294058
0,0,0,0.5,0.27631,180,0,0,294075
0,0,0,0.5,0.27631,180,0,0,294092
0,0,0,0.5,0.27631,180,0,0,294108
0,0,0,0.5,0.27631,180,0,0,294125
0,0,0,0.5,0.27631,180,0,0,294142
0,0,0,0.5,0.27631,180,0,0,294159
0,0,0,0.5,0.27631,180,0,0,294175
0,0,0,0.5,0.27631,180,0,0,294192
0,0,0,0.5,0.27631,180,0,0,294208
0,0,0,0.5,0.27631,180,0,0,294225
0,0,0,0.5,0.27631,180,0,0,294241
0,0,0,0.5,0.27631,180,0,0,294258
0,0,0,0.5,0.27631,180,0,0,294275
0,0,0,0.5,0.27631,180,0,0,294291
0,0,0,0.5,0.27631,180,0,0,294308
0,0,0,0.5,0.27631,180,0,0,294325
0,0,0,0.5,0.27631,180,0,0,294342
0,0,0,0.5,0.27631,180,0,0,294358
0,0,0,0.5,0.27631,180,0,0,294375
0,0,0,0.5,0.27631,180,0,0,294392
0,0,0,0.5,0.27631,180,0,0,294408
0,0,0,0.5,0.27631,180,0,0,294425
0,0,0,0.5,0.27631,180,0,0,294442
0,0,0,0.5,0.27631,180,0,0,294458
0,0,0,0.5,0.27631,180,0,0,294475
0,0,0,0.5,0.27631,180,0,0,294492
0,0,0,0.5,0.27631,180,0,0,294508
0,0,0,0.5,0.27631,180,0,0,294525
0,0,0,0.5,0.27631,180,0,0,294541
0,0,0,0.5,0.27631,180,0,0,294558
0,0,0,0.5,0.27631,180,0,0,294575
1,0,0,0.5,0.27631,180,0,0,294592
0,0,0,0.5,0.27631,180,0,0,294608
0,0,0,0.5,0.27631,180,0,0,294625
0,0,0,0.5,0.27631,180,0,0,294641
0,0,0,0.5,0.27631,180,0,0,294658
0,0,0,0.5,0.27631,180,0,0,294675
0,0,0,0.5,0.27631,180,0,0,294691
0,0,0,0.5,0.27631,180,0,0,294708
0,0,0,0.5,0.27631,180,0,0,294725
0,0,0,0.5,0.27631,180,0,0,294741
0,0,0,0.5,0.27631,180,0,0,294758
0,0,0,0.5,0.27631,180,0,0,294775
0,0,0,0.5,0.27631,180,0,0,294792
0,0,0,0.5,0.27631,180,0,0,294809
0,0,0,0.5,0.27631,180,0,0,294825
0,0,0,0.5,0.27631,180,0,0,294842
0,0,0,0.5,0.27631,180,0,0,294858
0,0,0,0.5,0.27631,180,0,0,294875
0,0,0,0.5,0.27631,180,0,0,294891
0,0,0,0.5,0.27631,180,0,0,294908
0,0,0,0.5,0.27631,180,0,0,294925
0,0,0,0.5,0.27631,180,0,0,294941
0,0,0,0.5,0.27631,180,0,0,294958
0,0,0,0.5,0.27631,180,0,0,294975
0,0,0,0.5,0.27631,180,0,0,294991
0,0,0,0.5,0.27631,180,0,0,295008
0,0,0,0.5,0.27631,180,0,0,295025
0,0,0,0.5,0.27631,180,0,0,295041
0,0,0,0.5,0.27631,180,0,0,295058
0,0,0,0.5,0.27631,180,0,0,295075
0,0,0,0.5,0.27631,180,0,0,295091
0,0,0,0.5,0.27631,180,0,0,295108
0,0,0,0.5,0.27631,180,0,0,295125
0,0,0,0.5,0.27631,180,0,0,295141
0,0,0,0.5,0.27631,180,0,0,295158
0,0,0,0.5,0.27631,180,0,0,295175
0,0,0,0.5,0.27631,180,0,0,295191
0,0,0,0.5,0.27631,180,0,0,295208
0,0,0,0.5,0.27631,180,0,0,295225
0,0,0,0.5,0.27631,180,0,0,295241
0,0,0,0.5,0.27631,180,0,0,295258
0,0,0,0.5,0.27631,180,0,0,295275
0,0,0,0.5,0.27631,180,0,0,295291
0,0,0,0.5,0.27631,180,0,0,295308
0,0,0,0.5,0.27631,180,0,0,295325
0,0,0,0.5,0.27631,180,0,0,295341
0,0,0,0.5,0.27631,180,0,0,295358
0,0,0,0.5,0.27631,180,0,0,295375
0,0,0,0.5,0.27631,180,0,0,295391
0,0,0,0.5,0.27631,180,0,0,295408
0,0,0,0.5,0.27631,180,0,0,295425
0,0,0,0.5,0.27631,180,0,0,295441
0,0,0,0.5,0.27631,180,0,0,295458
0,0,0,0.5,0.27631,180,0,0,295475
0,0,0,0.5,0.27631,180,0,0,295491
0,0,0,0.5,0.27631,180,0,0,295508
0,0,0,0.5,0.27631,180,0,0,295525
0,0,0,0.5,0.27631,180,0,0,295542
0,0,0,0.5,0.27631,180,0,0,295558
0,0,0,0.5,0.27631,180,0,0,295575
0,0,0,0.5,0.27631,180,0,0,295591
0,0,0,0.5,0.27631,180,0,0,295608
0,0,0,0.5,0.27631,180,0,0,295625
1,0,0,0.5,0.27631,180,0,0,295642
0,0,0,0.5,0.27631,180,0,0,295658
0,0,0,0.5,0.27631,180,0,0,295675
0,0,0,0.5,0.27631,180,0,0,295691
0,0,0,0.5,0.27631,180,0,0,295708
0,0,0,0.5,0.27631,180,0,0,295725
0,0,0,0.5,0.27631,180,0,0,295742
0,0,0,0.5,0.27631,180,0,0,295758
0,0,0,0.5,0.27631,180,0,0,295775
0,0,0,0.5,0.27631,180,0,0,295792
0,0,0,0.5,0.27631,180,0,0,295808
0,0,0,0.5,0.27631,180,0,0,295825
0,1,0,0.5,0.276445,180,0,0,295843
0,0,0,0.5,0.276445,180,0,0,295858
0,0,0,0.5,0.276445,180,0,0,295875
0,0,0,0.5,0.276445,180,0,0,295891
0,0,0,0.5,0.276445,180,0,0,295908
0,0,0,0.5,0.276445,180,0,0,295925
0,0,0,0.5,0.276445,180,0,0,295941
0,0,0,0.5,0.276445,180,0,0,295958
0,0,0,0.5,0.276445,180,0,0,295975
0,0,0,0.5,0.276445,180,0,0,295991
0,0,0,0.5,0.276445,180,0,0,296008
0,0,0,0.5,0.276445,180,0,0,296025
0,0,0,0.5,0.276445,180,0,0,296041
0,0,0,0.5,0.276445,180,0,0,296058
0,0,0,0.5,0.276445,180,0,0,296075
0,0,0,0.5,0.276445,180,0,0,296092
0,0,0,0.5,0.276445,180,0,0,296108
0,0,0,0.5,0.276445,180,0,0,296125
0,0,0,0.5,0.276445,180,0,0,296141
0,0,0,0.5,0.276445,180,0,0,296158
0,0,0,0.5,0.276445,180,0,0,296175
0,0,0,0.5,0.276445,180,0,0,296192
0,0,0,0.5,0.276445,180,0,0,296208
0,0,0,0.5,0.276445,180,0,0,296225
0,0,0,0.5,0.276445,180,0,0,296242
0,0,0,0.5,0.276445,180,0,0,296258
0,0,0,0.5,0.276445,180,0,0,296275
0,0,0,0.5,0.276445,180,0,0,296292
0,0,0,0.5,0.276445,180,0,0,296308
0,0,0,0.5,0.276445,180,0,0,296325
0,0,0,0.5,0.276445,180,0,0,296342
0,0,0,0.5,0.276445,180,0,0,296358
0,0,0,0.5,0.276445,180,0,0,296375
0,-2,0,0.5,0.276175,180,0,0,296392
0,0,0,0.5,0.276175,180,0,0,296408
0,0,0,0.5,0.276175,180,0,0,296425
0,0,0,0.5,0.276175,180,0,0,296441
0,0,0,0.5,0.276175,180,0,0,296458
0,0,0,0.5,0.276175,180,0,0,296475
0,0,0,0.5,0.276175,180,0,0,296491
0,0,0,0.5,0.276175,180,0,0,296508
0,0,0,0.5,0.276175,180,0,0,296525
0,0,0,0.5,0.276175,180,0,0,296541
0,0,0,0.5,0.276175,180,0,0,296558
0,0,0,0.5,0.276175,180,0,0,296575
0,0,0,0.5,0.276175,180,0,0,296591
0,0,0,0.5,0.276175,180,0,0,296608
0,0,0,0.5,0.276175,180,0,0,296625
0,0,0,0.5,0.276175,180,0,0,296642
0,0,0,0.5,0.276175,180,0,0,296658
0,0,0,0.5,0.276175,180,0,0,296675
0,0,0,0.5,0.276175,180,0,0,296691
0,0,0,0.5,0.276175,180,0,0,296708
0,0,0,0.5,0.276175,180,0,0,296725
0,0,0,0.5,0.276175,180,0,0,296741
0,0,0,0.5,0.276175,180,0,0,296758
0,0,0,0.5,0.276175,180,0,0,296775
0,0,0,0.5,0.276175,180,0,0,296795
0,0,0,0.5,0.276175,180,0,0,296811
0,0,0,0.5,0.276175,180,0,0,296825
0,0,0,0.5,0.276175,180,0,0,296842
0,1,0,0.5,0.27631,180,0,0,296859
0,0,0,0.5,0.27631,180,0,0,296875
0,0,0,0.5,0.27631,180,0,0,296891
0,0,0,0.5,0.27631,180,0,0,296908
0,0,0,0.5,0.27631,180,0,0,296925
0,0,0,0.5,0.27631,180,0,0,296941
0,0,0,0.5,0.27631,180,0,0,296958
0,0,0,0.5,0.27631,180,0,0,296975
0,0,0,0.5,0.27631,180,0,0,296991
0,0,0,0.5,0.27631,180,0,0,297008
0,0,0,0.5,0.27631,180,0,0,297025
0,0,0,0.5,0.27631,180,0,0,297041
0,0,0,0.5,0.27631,180,0,0,297058
0,0,0,0.5,0.27631,180,0,0,297075
0,0,0,0.5,0.27631,180,0,0,297091
0,0,0,0.5,0.27631,180,0,0,297108
0,0,0,0.5,0.27631,180,0,0,297125
0,0,0,0.5,0.27631,180,0,0,297141
0,0,0,0.5,0.27631,180,0,0,297158
0,0,0,0.5,0.27631,180,0,0,297175
0,0,0,0.5,0.27631,180,0,0,297191
0,0,0,0.5,0.27631,180,0,0,297208
0,0,0,0.5,0.27631,180,0,0,297225
0,0,0,0.5,0.27631,180,0,0,297241
0,0,0,0.5,0.27631,180,0,0,297259
0,0,0,0.5,0.27631,180,0,0,297275
0,0,0,0.5,0.27631,180,0,0,297291
0,0,0,0.5,0.27631,180,0,0,297308
0,0,0,0.5,0.27631,180,0,0,297325
0,0,0,0.5,0.27631,180,0,0,297341
0,0,0,0.5,0.27631,180,0,0,297358
0,0,0,0.5,0.27631,180,0,0,297375
0,0,0,0.5,0.27631,180,0,0,297391
0,0,0,0.5,0.27631,180,0,0,297408
0,0,0,0.5,0.27631,180,0,0,297425
0,0,0,0.5,0.27631,180,0,0,297441
0,0,0,0.5,0.27631,180,0,0,297458
0,0,0,0.5,0.27631,180,0,0,297475
0,0,0,0.5,0.27631,180,0,0,297491
0,0,0,0.5,0.27631,180,0,0,297508
0,0,0,0.5,0.27631,180,0,0,297525
0,0,0,0.5,0.27631,180,0,0,297541
0,0,0,0.5,0.27631,180,0,0,297558
0,0,0,0.5,0.27631,180,0,0,297575
0,0,0,0.5,0.27631,180,0,0,297591
0,0,0,0.5,0.27631,180,0,0,297608
0,0,0,0.5,0.27631,180,0,0,297625
0,0,0,0.5,0.27631,180,0,0,297641
0,0,0,0.5,0.27631,180,0,0,297658
0,0,0,0.5,0.27631,180,0,0,297675
0,0,0,0.5,0.27631,180,0,0,297691
0,0,0,0.5,0.27631,180,0,0,297708
0,0,0,0.5,0.27631,180,0,0,297725
0,0,0,0.5,0.27631,180,0,0,297741
0,0,0,0.5,0.27631,180,0,0,297758
0,0,0,0.5,0.27631,180,0,0,297775
0,0,0,0.5,0.27631,180,0,0,297791
0,0,0,0.5,0.27631,180,0,0,297808
0,0,0,0.5,0.27631,180,0,0,297825
0,0,0,0.5,0.27631,180,0,0,297842
0,0,0,0.5,0.27631,180,0,0,297858
0,0,0,0.5,0.27631,180,0,0,297875
0,0,0,0.5,0.27631,180,0,0,297891
0,0,0,0.5,0.27631,180,0,0,297908
0,0,0,0.5,0.27631,180,0,0,297925
0,0,0,0.5,0.27631,180,0,0,297942
0,1,0,0.5,0.276445,180,0,0,297959
0,0,0,0.5,0.276445,180,0,0,297975
0,0,0,0.5,0.276445,180,0,0,297991
0,0,0,0.5,0.276445,180,0,0,298008
0,0,0,0.5,0.276445,180,0,0,298025
0,0,0,0.5,0.276445,180,0,0,298041
0,0,0,0.5,0.276445,180,0,0,298058
0,0,0,0.5,0.276445,180,0,0,298075
0,0,0,0.5,0.276445,180,0,0,298091
0,0,0,0.5,0.276445,180,0,0,298108
0,0,0,0.5,0.276445,180,0,0,298125
0,0,0,0.5,0.276445,180,0,0,298141
0,0,0,0.5,0.276445,180,0,0,298158
0,0,0,0.5,0.276445,180,0,0,298175
0,0,0,0.5,0.276445,180,0,0,298191
0,0,0,0.5,0.276445,180,0,0,298208
0,0,0,0.5,0.276445,180,0,0,298225
0,0,0,0.5,0.276445,180,0,0,298241
0,0,0,0.5,0.276445,180,0,0,298258
0,0,0,0.5,0.276445,180,0,0,298275
0,0,0,0.5,0.276445,180,0,0,298291
0,0,0,0.5,0.276445,180,0,0,298308
0,0,0,0.5,0.276445,180,0,0,298325
0,0,0,0.5,0.276445,180,0,0,298341
0,0,0,0.5,0.276445,180,0,0,298358
0,0,0,0.5,0.276445,180,0,0,298375
0,0,0,0.5,0.276445,180,0,0,298391
0,0,0,0.5,0.276445,180,0,0,298409
0,0,0,0.5,0.276445,180,0,0,298425
0,0,0,0.5,0.276445,180,0,0,298441
0,0,0,0.5,0.276445,180,0,0,298458
0,0,0,0.5,0.276445,180,0,0,298475
0,0,0,0.5,0.276445,180,0,0,298491
0,0,0,0.5,0.276445,180,0,0,298509
0,0,0,0.5,0.276445,180,0,0,298525
0,0,0,0.5,0.276445,180,0,0,298542
0,0,0,0.5,0.276445,180,0,0,298558
0,0,0,0.5,0.276445,180,0,0,298575
0,0,0,0.5,0.276445,180,0,0,298591
0,0,0,0.5,0.276445,180,0,0,298608
0,0,0,0.5,0.276445,180,0,0,298625
0,0,0,0.5,0.276445,180,0,0,298641
0,0,0,0.5,0.276445,180,0,0,298658
0,0,0,0.5,0.276445,180,0,0,298675
0,0,0,0.5,0.276445,180,0,0,298691
0,0,0,0.5,0.276445,180,0,0,298708
0,0,0,0.5,0.276445,180,0,0,298725
0,0,0,0.5,0.276445,180,0,0,298741
0,0,0,0.5,0.276445,180,0,0,298758
0,0,0,0.5,0.276445,180,0,0,298775
0,0,0,0.5,0.276445,180,0,0,298791
0,0,0,0.5,0.276445,180,0,0,298808
0,0,0,0.5,0.276445,180,0,0,298825
0,0,0,0.5,0.276445,180,0,0,298841
0,0,0,0.5,0.276445,180,0,0,298858
0,0,0,0.5,0.276445,180,0,0,298875
0,0,0,0.5,0.276445,180,0,0,298891
0,0,0,0.5,0.276445,180,0,0,298908
0,0,0,0.5,0.276445,180,0,0,298925
0,0,0,0.5,0.276445,180,0,0,298941
0,0,0,0.5,0.276445,180,0,0,298958
0,0,0,0.5,0.276445,180,0,0,298975
0,0,0,0.5,0.276445,180,0,0,298991
0,0,0,0.5,0.276445,180,0,0,299008
0,0,0,0.5,0.276445,180,0,0,299025
0,0,0,0.5,0.276445,180,0,0,299042
0,0,0,0.5,0.276445,180,0,0,299058
0,0,0,0.5,0.276445,180,0,0,299075
0,0,0,0.5,0.276445,180,0,0,299091
0,0,0,0.5,0.276445,180,0,0,299108
0,0,0,0.5,0.276445,180,0,0,299125
0,1,0,0.5,0.27658,180,0,0,299143
0,0,0,0.5,0.27658,180,0,0,299158
0,0,0,0.5,0.27658,180,0,0,299175
0,0,0,0.5,0.27658,180,0,0,299191
0,0,0,0.5,0.27658,180,0,0,299208
0,0,0,0.5,0.27658,180,0,0,299225
0,0,0,0.5,0.27658,180,0,0,299241
0,0,0,0.5,0.27658,180,0,0,299259
0,0,0,0.5,0.27658,180,0,0,299275
0,0,0,0.5,0.27658,180,0,0,299291
0,0,0,0.5,0.27658,180,0,0,299308
0,0,0,0.5,0.27658,180,0,0,299325
0,0,0,0.5,0.27658,180,0,0,299341
0,0,0,0.5,0.27658,180,0,0,299358
0,0,0,0.5,0.27658,180,0,0,299375
0,0,0,0.5,0.27658,180,0,0,299391
0,0,0,0.5,0.27658,180,0,0,299408
0,0,0,0.5,0.27658,180,0,0,299425
0,0,0,0.5,0.27658,180,0,0,299441
0,0,0,0.5,0.27658,180,0,0,299458
0,0,0,0.5,0.27658,180,0,0,299475
0,0,0,0.5,0.27658,180,0,0,299491
0,0,0,0.5,0.27658,180,0,0,299508
0,0,0,0.5,0.27658,180,0,0,299525
0,0,0,0.5,0.27658,180,0,0,299541
0,-1,0,0.5,0.276445,180,0,0,299560
0,0,0,0.5,0.276445,180,0,0,299575
0,0,0,0.5,0.276445,180,0,0,299591
0,0,0,0.5,0.276445,180,0,0,299608
0,0,0,0.5,0.276445,180,0,0,299625
0,0,0,0.5,0.276445,180,0,0,299641
0,0,0,0.5,0.276445,180,0,0,299658
0,0,0,0.5,0.276445,180,0,0,299675
0,0,0,0.5,0.276445,180,0,0,299691
0,0,0,0.5,0.276445,180,0,0,299709
0,0,0,0.5,0.276445,180,0,0,299725
0,0,0,0.5,0.276445,180,0,0,299741
0,0,0,0.5,0.276445,180,0,0,299758
0,0,0,0.5,0.276445,180,0,0,299775
0,0,0,0.5,0.276445,180,0,0,299791
0,0,0,0.5,0.276445,180,0,0,299809
0,0,0,0.5,0.276445,180,0,0,299825
0,0,0,0.5,0.276445,180,0,0,299842
0,0,0,0.5,0.276445,180,0,0,299859
0,0,0,0.5,0.276445,180,0,0,299875
0,0,0,0.5,0.276445,180,0,0,299891
0,0,0,0.5,0.276445,180,0,0,299908
0,0,0,0.5,0.276445,180,0,0,299925
0,0,0,0.5,0.276445,180,0,0,299941
0,0,0,0.5,0.276445,180,0,0,299958
0,0,0,0.5,0.276445,180,0,0,299975
0,0,0,0.5,0.276445,180,0,0,299991
0,0,0,0.5,0.276445,180,0,0,300008
0,0,0,0.5,0.276445,180,0,0,300025
0,0,0,0.5,0.276445,180,0,0,300042
0,0,0,0.5,0.276445,180,0,0,300058
0,0,0,0.5,0.276445,180,0,0,300075
0,0,0,0.5,0.276445,180,0,0,300091
0,0,0,0.5,0.276445,180,0,0,300110
0,0,0,0.5,0.276445,180,0,0,300125
0,0,0,0.5,0.276445,180,0,0,300141
0,0,0,0.5,0.276445,180,0,0,300158
0,0,0,0.5,0.276445,180,0,0,300175
0,0,0,0.5,0.276445,180,0,0,300191
0,0,0,0.5,0.276445,180,0,0,300208
0,0,0,0.5,0.276445,180,0,0,300225
0,0,0,0.5,0.276445,180,0,0,300241
0,0,0,0.5,0.276445,180,0,0,300258
0,0,0,0.5,0.276445,180,0,0,300275
0,0,0,0.5,0.276445,180,0,0,300291
0,0,0,0.5,0.276445,180,0,0,300308
0,0,0,0.5,0.276445,180,0,0,300325
0,0,0,0.5,0.276445,180,0,0,300341
0,0,0,0.5,0.276445,180,0,0,300358
0,0,0,0.5,0.276445,180,0,0,300375
0,0,0,0.5,0.276445,180,0,0,300391
0,0,0,0.5,0.276445,180,0,0,300410
0,0,0,0.5,0.276445,180,0,0,300425
0,0,0,0.5,0.276445,180,0,0,300441
0,0,0,0.5,0.276445,180,0,0,300458
0,0,0,0.5,0.276445,180,0,0,300475
0,-1,0,0.5,0.27631,180,0,0,300492
0,0,0,0.5,0.27631,180,0,0,300509
0,0,0,0.5,0.27631,180,0,0,300525
0,0,0,0.5,0.27631,180,0,1,300543
0,1,0,0.5,0.276445,180,0,1,300559
0,0,0,0.5,0.276445,180,0,1,300575
0,1,0,0.5,0.27658,180,0,0,300592
0,0,0,0.5,0.27658,180,0,0,300608
0,0,0,0.5,0.27658,180,0,0,300625
0,0,0,0.5,0.27658,180,0,0,300641
0,0,0,0.5,0.27658,180,0,0,300658
0,1,0,0.5,0.276715,180,0,1,300675
0,1,0,0.5,0.27685,180,0,1,300692
0,1,0,0.5,0.276985,180,0,1,300709
0,1,0,0.5,0.27712,180,0,1,300725
0,1,0,0.5,0.277255,180,0,0,300742
0,0,1,0.5,0.277255,180,0,0,300759
0,0,0,0.5,0.277255,180,0,0,300775
0,0,0,0.5,0.277255,180,0,0,300792
0,0,0,0.5,0.277255,180,0,0,300808
0,0,0,0.5,0.277255,180,0,0,300825
0,0,0,0.5,0.277255,180,0,0,300841
0,0,0,0.5,0.277255,180,0,0,300858
0,0,-1,0.5,0.277255,180,0,0,300875
0,0,0,0.5,0.277255,180,0,0,300891
0,0,0,0.5,0.277255,180,0,0,300908
0,0,0,0.5,0.277255,180,0,0,300925
0,0,0,0.5,0.277255,180,0,0,300942
0,0,0,0.5,0.277255,180,0,0,300958
0,0,0,0.5,0.277255,180,0,0,300975
0,-1,0,0.5,0.27712,180,0,0,300992
0,0,0,0.5,0.27712,180,0,0,301008
0,0,0,0.5,0.27712,180,0,0,301025
0,0,0,0.5,0.27712,180,0,0,301041
0,0,0,0.5,0.27712,180,0,0,301058
0,0,0,0.5,0.27712,180,0,0,301075
0,0,0,0.5,0.27712,180,0,0,301091
0,0,0,0.5,0.27712,180,0,0,301108
0,0,0,0.5,0.27712,180,0,0,301125
0,0,0,0.5,0.27712,180,0,0,301141
0,0,0,0.5,0.27712,180,0,0,301158
0,0,0,0.5,0.27712,180,0,1,301175
0,0,0,0.5,0.27712,180,0,1,301191
0,0,0,0.5,0.27712,180,0,1,301208
0,-1,1,0.5,0.276985,180,0,1,301226
0,0,0,0.5,0.276985,180,0,1,301241
0,-1,0,0.5,0.27685,180,0,0,301259
0,0,0,0.5,0.27685,180,0,0,301275
0,0,0,0.5,0.27685,180,0,0,301291
0,0,0,0.5,0.27685,180,0,0,301308
0,0,0,0.5,0.27685,180,0,0,301325
0,-1,-1,0.5,0.276715,180,0,0,301343
0,-1,0,0.5,0.27658,180,0,0,301358
0,0,0,0.5,0.27658,180,0,0,301375
0,-1,-1,0.5,0.276445,180,0,0,301392
0,0,0,0.5,0.276445,180,0,0,301408
0,-1,0,0.5,0.27631,180,0,0,301425
0,-4,0,0.5,0.27577,180,0,0,301442
0,-3,0,0.5,0.275365,180,0,0,301459
0,-3,0,0.5,0.27496,180,0,1,301475
0,-5,0,0.5,0.274285,180,0,1,301492
0,-4,0,0.5,0.273745,180,0,1,301509
0,-5,0,0.5,0.27307,180,0,1,301525
0,-5,0,0.5,0.272395,180,0,0,301542
0,-6,0,0.5,0.271585,180,0,0,301560
0,-8,0,0.5,0.270505,180,0,0,301576
0,-10,0,0.5,0.269155,180,0,0,301592
0,-13,0,0.5,0.2674,180,0,0,301608
0,-17,0,0.5,0.265105,180,0,0,301625
0,-19,0,0.5,0.26254,180,0,0,301641
0,-22,0,0.5,0.25957,180,0,0,301658
0,-25,0,0.5,0.256195,180,0,0,301675
0,-25,0,0.5,0.25282,180,0,0,301691
0,-27,0,0.5,0.249175,180,0,0,301708
0,-27,0,0.5,0.24553,180,0,0,301725
0,-24,0,0.5,0.24229,180,0,0,301742
0,-20,0,0.5,0.23959,180,0,0,301758
0,-32,0,0.5,0.23527,180,0,0,301776
0,-10,-1,0.5,0.23392,180,0,0,301792
0,-7,0,0.5,0.232975,180,0,0,301808
0,-6,1,0.5,0.232165,180,0,0,301826
0,-4,2,0.5,0.231625,180,0,0,301842
0,-1,3,0.5,0.23149,180,0,0,301862
0,1,3,0.5,0.231625,180,0,0,301877
0,4,3,0.5,0.232165,180,0,0,301897
0,6,3,0.5,0.232975,180,0,0,301911
0,8,1,0.5,0.234055,180,0,0,301925
0,9,0,0.5,0.23527,180,0,0,301942
0,9,0,0.5,0.236485,180,0,0,301958
0,14,-2,0.5,0.238375,180,0,0,301976
0,19,-3,0.5,0.24094,180,0,0,301992
0,24,-2,0.5,0.24418,180,0,0,302010
0,26,-3,0.5,0.24769,180,0,0,302027
0,26,-2,0.5,0.2512,180,0,0,302043
0,26,-2,0.5,0.25471,180,0,0,302065
0,25,-3,0.5,0.258085,180,0,0,302076
0,17,-3,0.5,0.26038,180,0,0,302093
0,33,-3,0.5,0.264835,180,0,0,302110
0,18,-6,0.5,0.267265,180,0,0,302127
0,0,0,0.5,0.267265,180,0,0,302141
0,19,-3,0.5,0.26983,180,0,0,302160
0,37,-8,0.5,0.274825,180,0,0,302178
0,28,-7,0.5,0.278605,180,0,0,302193
0,48,-6,0.5,0.285085,180,0,0,302210
0,61,-4,0.5,0.29332,180,0,0,302231
0,57,-1,0.5,0.301015,180,0,0,302242
0,48,0,0.5,0.307495,180,0,0,302259
0,44,0,0.5,0.313435,180,0,0,302275
0,44,0,0.5,0.319375,180,0,0,302291
0,44,0,0.5,0.325315,180,0,0,302310
2,44,0,0.5,0.331255,180,0,0,302325
0,39,0,0.5,0.33652,180,0,0,302342
0,30,-2,0.5,0.34057,180,0,0,302360
0,22,-1,0.5,0.34354,180,0,0,302375
0,14,0,0.5,0.34543,180,0,0,302391
0,12,0,0.5,0.34705,180,0,0,302409
0,10,-5,0.5,0.3484,180,0,0,302427
0,9,-3,0.5,0.349615,180,0,0,302442
0,4,-3,0.5,0.350155,180,0,0,302459
0,-1,-3,0.5,0.35002,180,0,0,302476
0,-2,-1,0.5,0.34975,180,0,0,302496
0,3,1,0.5,0.350155,180,0,1,302510
0,19,3,0.5,0.35272,180,0,0,302526
0,27,3,0.5,0.356365,180,0,0,302543
0,35,2,0.5,0.36109,180,0,0,302559
0,37,2,0.5,0.366085,180,0,0,302575
0,40,0,0.5,0.371485,180,0,0,302593
0,38,1,0.5,0.376615,180,0,0,302613
0,36,0,0.5,0.381475,180,0,0,302625
0,32,0,0.5,0.385795,180,0,0,302642
0,25,2,0.5,0.38917,180,0,0,302659
0,13,2,0.5,0.390925,180,0,0,302675
0,6,1,0.5,0.391735,180,0,0,302692
0,4,-1,0.5,0.392275,180,0,0,302709
0,5,-5,0.5,0.39295,180,0,0,302726
0,6,-6,0.5,0.39376,180,0,0,302746
0,5,-6,0.5,0.394435,180,0,0,302761
0,2,-4,0.5,0.394705,180,0,0,302776
0,-2,-2,0.5,0.394435,180,0,0,302792
0,-6,0,0.5,0.393625,180,0,0,302808
0,-7,2,0.5,0.39268,180,0,0,302826
-2,-5,2,0.5,0.392005,180,0,0,302843
0,-6,3,0.5,0.391195,180,0,0,302860
0,-4,3,0.5,0.390655,180,0,0,302876
0,-3,3,0.5,0.39025,180,0,0,302893
0,-2,0,0.5,0.38998,180,0,0,302908
0,3,-10,0.5,0.390385,180,0,0,302930
0,1,-8,0.5,0.39052,180,0,0,302944
0,3,-8,0.5,0.390925,180,0,0,302960
0,11,-9,0.5,0.39241,180,0,0,302979
0,18,-10,0.5,0.39484,180,0,0,302994
0,25,-12,0.5,0.398215,180,0,0,303012
0,26,-10,0.5,0.401725,180,0,1,303029
0,25,-10,0.5,0.4051,180,0,1,303044
0,26,-8,0.5,0.40861,180,0,1,303061
0,25,-9,0.5,0.411985,180,0,0,303078
0,25,-9,0.5,0.41536,180,0,0,303094
0,28,-9,0.5,0.41914,180,0,0,303111
0,31,-7,0.5,0.423325,180,0,0,303130
0,35,-6,0.5,0.42805,180,0,0,303143
0,37,-5,0.5,0.433045,180,0,0,303165
0,39,-5,0.5,0.43831,180,0,0,303177
0,37,-4,0.5,0.443305,180,0,0,303192
0,33,-4,0.5,0.44776,180,0,0,303210
0,24,-4,0.5,0.451,180,0,0,303226
0,16,-6,0.5,0.45316,180,0,0,303244
0,11,-6,0.5,0.454645,180,0,0,303262
0,32,-14,0.5,0.458965,180,0,0,303284
0,0,0,0.5,0.458965,180,0,0,303291
0,27,-7,0.5,0.46261,180,0,0,303311
1,44,-8,0.5,0.46855,180,0,0,303328
0,54,-8,0.5,0.47584,180,0,0,303345
0,124,-16,0.5,0.49258,180,0,0,303367
0,61,-7,0.5,0.500815,180,0,0,303378
0,51,-6,0.5,0.5077,180,0,0,303393
0,42,-6,0.5,0.51337,180,0,1,303410
0,42,-6,0.5,0.51904,180,0,0,303427
0,41,-6,0.5,0.524575,180,0,0,303443
0,43,-8,0.5,0.53038,180,0,0,303464
0,39,-8,0.5,0.535645,180,0,0,303477
0,27,-9,0.5,0.53929,180,0,0,303494
0,17,-9,0.5,0.541585,180,0,1,303515
0,19,-10,0.5,0.54415,180,0,1,303527
0,29,-11,0.5,0.548065,180,0,0,303544
0,38,-10,0.5,0.553195,180,0,0,303561
0,50,-10,0.5,0.559945,180,0,0,303579
0,59,-8,0.5,0.56791,180,0,0,303594
0,59,-9,0.5,0.575875,180,0,0,303611
0,53,-10,0.5,0.58303,180,0,0,303629
0,34,-12,0.5,0.58762,180,0,0,303645
0,28,-12,0.5,0.5914,180,0,0,303662
0,25,-13,0.5,0.594775,180,0,0,303681
0,25,-11,0.5,0.59815,180,0,0,303694
0,80,-10,0.5,0.60895,180,0,0,303711
0,53,-12,0.5,0.616105,180,0,0,303729
0,58,-4,0.5,0.623935,180,0,0,303743
-1,64,-4,0.5,0.632575,180,0,0,303762
0,56,-4,0.5,0.640135,180,0,0,303776
0,43,-6,0.5,0.64594,180,0,0,303797
0,38,-6,0.5,0.65107,180,0,0,303811
0,33,-6,0.5,0.655525,180,0,0,303827
0,32,-5,0.5,0.659845,180,0,0,303843
-1,36,-3,0.5,0.664705,180,0,0,303859
0,36,-3,0.5,0.669565,180,0,0,303876
0,36,-2,0.5,0.674425,180,0,0,303892
0,37,-3,0.5,0.67942,180,0,0,303910
0,33,-4,0.5,0.683875,180,0,0,303928
0,27,-8,0.5,0.68752,180,0,0,303943
1,26,-11,0.5,0.69103,180,0,0,303962
0,29,-13,0.5,0.694945,180,0,0,303986
0,29,-13,0.5,0.69886,180,0,0,303994
0,29,-12,0.5,0.702775,180,0,0,304011
-1,29,-11,0.5,0.70669,180,0,0,304030
0,30,-8,0.5,0.71,180,0,0,304043
