-1,72,44,0.5,-0.70028,180,0,0,385429
-4,27,18,0.5,-0.696635,180,0,0,385440
0,0,0,0.5,-0.696635,180,0,0,385445
-9,14,7,0.5,-0.694745,180,0,0,385454
-6,13,11,0.5,-0.69299,180,0,0,385472
2,15,16,0.5,-0.690965,180,0,0,385490
0,14,15,0.5,-0.689075,180,0,1,385506
-7,16,10,0.5,-0.686915,180,0,1,385523
-3,20,11,0.5,-0.684215,180,0,1,385538
0,22,13,0.5,-0.681245,180,0,0,385556
-1,25,13,0.5,-0.67787,180,0,0,385573
-1,24,12,0.5,-0.67463,180,0,0,385589
-2,22,12,0.5,-0.67166,180,0,0,385606
0,24,13,0.5,-0.66842,180,0,0,385622
3,25,14,0.5,-0.665045,180,0,1,385640
0,24,13,0.5,-0.661805,180,0,1,385655
0,25,15,0.5,-0.65843,180,0,1,385674
0,25,16,0.5,-0.655055,180,0,0,385694
0,24,18,0.5,-0.651815,180,0,0,385708
1,25,21,0.5,-0.64844,180,0,0,385726
-3,25,18,0.5,-0.645065,180,0,0,385744
1,31,21,0.5,-0.64088,180,0,0,385760
0,31,19,0.5,-0.636695,180,0,0,385776
4,36,22,0.5,-0.631835,180,0,0,385793
-5,38,18,0.5,-0.626705,180,0,0,385807
-2,72,38,0.5,-0.616985,180,0,0,385830
0,0,0,0.5,-0.616985,180,0,0,385836
2,69,38,0.5,-0.60767,180,0,0,385862
-1,35,18,0.5,-0.602945,180,0,0,385874
0,36,20,0.5,-0.598085,180,0,0,385891
-3,37,20,0.5,-0.59309,180,0,0,385907
0,36,20,0.5,-0.58823,180,0,0,385924
4,40,23,0.5,-0.58283,180,0,0,385943
0,37,20,0.5,-0.577835,180,0,0,385959
0,38,21,0.5,-0.572705,180,0,0,385980
0,39,21,0.5,-0.56744,180,0,0,385995
0,34,19,0.5,-0.56285,180,0,0,386010
0,28,19,0.5,-0.55907,180,0,0,386025
-3,23,18,0.5,-0.555965,180,0,0,386040
-5,21,16,0.5,-0.55313,180,0,0,386057
0,26,21,0.5,-0.54962,180,0,0,386077
0,33,23,0.5,-0.545165,180,0,0,386092
-5,33,18,0.5,-0.54071,180,0,0,386108
6,40,24,0.5,-0.53531,180,0,0,386126
0,26,17,0.5,-0.5318,180,0,0,386141
0,0,-1,0.5,-0.5318,180,0,0,386153
2,4,10,0.5,-0.53126,180,0,0,386173
-3,24,17,0.5,-0.52802,180,0,0,386191
0,19,15,0.5,-0.525455,180,0,0,386208
0,32,25,0.5,-0.521135,180,0,0,386226
0,16,28,0.5,-0.518975,180,0,0,386242
0,18,16,0.5,-0.516545,180,0,0,386256
0,21,15,0.5,-0.51371,180,0,0,386274
0,27,14,0.5,-0.510065,180,0,0,386292
0,28,13,0.5,-0.506285,180,0,0,386307
0,30,13,0.5,-0.502235,180,0,0,386324
2,30,14,0.5,-0.498185,180,0,0,386341
-3,30,14,0.5,-0.494135,180,0,0,386357
2,32,15,0.5,-0.489815,180,0,0,386373
0,34,13,0.5,-0.485225,180,0,0,386391
0,35,12,0.5,-0.4805,180,0,0,386407
-5,37,10,0.5,-0.475505,180,0,0,386423
-1,43,12,0.5,-0.4697,180,0,0,386441
0,43,14,0.5,-0.463895,180,0,0,386457
1,45,14,0.5,-0.45782,180,0,0,386473
0,42,13,0.5,-0.45215,180,0,0,386492
0,46,16,0.5,-0.44594,180,0,0,386508
-4,41,14,0.5,-0.440405,180,0,0,386524
2,42,17,0.5,-0.434735,180,0,0,386544
0,38,18,0.5,-0.429605,180,0,0,386557
-1,33,17,0.5,-0.42515,180,0,0,386574
1,27,15,0.5,-0.421505,180,0,0,386590
-7,52,17,0.5,-0.414485,180,0,0,386608
3,24,9,0.5,-0.411245,180,0,0,386622
1,26,33,0.5,-0.407735,180,0,0,386644
0,28,11,0.5,-0.403955,180,0,0,386657
0,28,10,0.5,-0.400175,180,0,0,386672
1,28,11,0.5,-0.396395,180,0,0,386689
0,29,10,0.5,-0.39248,180,0,0,386705
0,29,12,0.5,-0.388565,180,0,0,386722
-5,30,11,0.5,-0.384515,180,0,0,386738
0,29,15,0.5,-0.3806,180,0,0,386756
-1,26,14,0.5,-0.37709,180,0,0,386774
0,27,12,0.5,-0.373445,180,0,0,386792
0,31,11,0.5,-0.36926,180,0,0,386807
0,36,11,0.5,-0.3644,180,0,0,386824
0,38,11,0.5,-0.35927,180,0,0,386842
0,43,12,0.5,-0.353465,180,0,0,386856
0,40,10,0.5,-0.348065,180,0,0,386872
0,44,11,0.5,-0.342125,180,0,0,386889
1,42,12,0.5,-0.336455,180,0,0,386905
-3,31,6,0.5,-0.33227,180,0,0,386921
0,35,17,0.5,-0.327545,180,0,0,386941
-2,40,15,0.5,-0.322145,180,0,0,386956
-1,35,17,0.5,-0.31742,180,0,0,386974
0,30,14,0.5,-0.31337,180,0,0,386990
-1,31,15,0.5,-0.309185,180,0,0,387006
1,65,17,0.5,-0.30041,180,0,0,387024
0,36,34,0.5,-0.29555,180,0,0,387045
0,37,14,0.5,-0.290555,180,0,0,387056
0,36,14,0.5,-0.285695,180,0,0,387073
0,37,14,0.5,-0.2807,180,0,0,387091
-3,36,15,0.5,-0.27584,180,0,0,387106
0,35,18,0.5,-0.271115,180,0,0,387124
0,34,18,0.5,-0.266525,180,0,0,387141
-1,35,17,0.5,-0.2618,180,0,0,387157
0,32,13,0.5,-0.25748,180,0,0,387172
-6,41,14,0.5,-0.251945,180,0,0,387190
0,40,14,0.5,-0.246545,180,0,0,387206
-1,36,12,0.5,-0.241685,180,0,0,387223
0,45,16,0.5,-0.23561,180,0,0,387243
0,45,16,0.5,-0.229535,180,0,0,387256
-1,9,0,0.5,-0.22832,180,0,0,387269
-2,21,8,0.5,-0.225485,180,0,0,387288
3,12,9,0.5,-0.223865,180,0,0,387306
0,27,15,0.5,-0.22022,180,0,0,387324
-4,20,12,0.5,-0.21752,180,0,0,387341
0,21,16,0.5,-0.214685,180,0,0,387357
0,19,16,0.5,-0.21212,180,0,0,387372
0,22,19,0.5,-0.20915,180,0,0,387395
0,27,17,0.5,-0.205505,180,0,0,387407
0,65,30,0.5,-0.19673,180,0,0,387429
0,32,14,0.5,-0.19241,180,0,0,387443
0,32,15,0.5,-0.18809,180,0,0,387457
0,31,15,0.5,-0.183905,180,0,0,387474
0,27,13,0.5,-0.18026,180,0,0,387490
0,18,12,0.5,-0.17783,180,0,0,387508
0,15,11,0.5,-0.175805,180,0,0,387522
-1,11,10,0.5,-0.17432,180,0,0,387539
3,10,11,0.5,-0.17297,180,0,0,387556
0,10,11,0.5,-0.17162,180,0,0,387573
0,10,11,0.5,-0.17027,180,0,0,387590
0,11,11,0.5,-0.168785,180,0,0,387606
0,12,10,0.5,-0.167165,180,0,0,387622
0,12,9,0.5,-0.165545,180,0,0,387641
0,14,9,0.5,-0.163655,180,0,0,387655
0,12,8,0.5,-0.162035,180,0,0,387672
-2,9,8,0.5,-0.16082,180,1,1,387688
0,7,6,0.5,-0.159875,180,1,1,387705
0,2,5,0.5,-0.159605,180,1,0,387721
0,1,4,0.5,-0.15947,180,0,0,387737
0,-3,3,0.5,-0.159875,180,0,0,387754
2,-3,5,0.5,-0.16028,180,0,0,387770
1,-2,3,0.5,-0.16055,180,0,0,387787
0,0,3,0.5,-0.16055,180,0,1,387804
0,0,3,0.5,-0.16055,180,0,1,387820
-3,3,7,0.5,-0.160145,180,0,1,387838
0,2,4,0.5,-0.159875,180,0,1,387854
0,1,4,0.5,-0.15974,180,0,1,387870
0,-2,4,0.5,-0.16001,180,0,1,387888
-2,1,2,0.5,-0.159875,180,0,1,387903
2,0,7,0.5,-0.159875,180,0,1,387922
0,0,7,0.5,-0.159875,180,0,1,387941
0,3,6,0.5,-0.15947,180,0,0,387955
0,4,6,0.5,-0.15893,180,0,0,387971
0,3,6,0.5,-0.158525,180,0,1,387990
0,6,5,0.5,-0.157715,180,0,1,388004
0,5,5,0.5,-0.15704,180,0,1,388021
0,5,4,0.5,-0.156365,180,0,1,388041
0,5,4,0.5,-0.15569,180,0,1,388053
0,3,3,0.5,-0.155285,180,0,0,388071
-6,3,0,0.5,-0.15488,180,0,0,388086
2,-1,3,0.5,-0.155015,180,0,0,388103
0,-5,2,0.5,-0.15569,180,0,0,388120
1,-11,5,0.5,-0.157175,180,0,1,388142
-1,-10,4,0.5,-0.158525,180,0,1,388153
3,-9,7,0.5,-0.15974,180,0,1,388173
0,-5,5,0.5,-0.160415,180,0,0,388190
2,-2,6,0.5,-0.160685,180,0,0,388205
-5,4,7,0.5,-0.160145,180,0,0,388222
0,5,3,0.5,-0.15947,180,0,0,388238
0,5,2,0.5,-0.158795,180,0,1,388254
0,5,1,0.5,-0.15812,180,0,1,388270
-4,1,0,0.5,-0.157985,180,0,1,388286
0,-2,1,0.5,-0.158255,180,0,0,388303
0,-2,0,0.5,-0.158525,180,0,0,388320
-1,-4,3,0.5,-0.159065,180,0,0,388339
0,-3,5,0.5,-0.15947,180,0,0,388354
0,-1,4,0.5,-0.159605,180,0,1,388371
0,-1,5,0.5,-0.15974,180,0,1,388388
0,0,5,0.5,-0.15974,180,0,1,388404
0,2,5,0.5,-0.15947,180,0,0,388421
-1,2,5,0.5,-0.1592,180,0,0,388438
0,3,5,0.5,-0.158795,180,0,0,388454
0,4,4,0.5,-0.158255,180,0,0,388471
0,4,4,0.5,-0.157715,180,0,0,388489
0,5,5,0.5,-0.15704,180,0,1,388504
0,2,3,0.5,-0.15677,180,0,1,388522
0,4,3,0.5,-0.15623,180,0,1,388540
0,3,4,0.5,-0.155825,180,0,0,388554
0,2,2,0.5,-0.155555,180,0,0,388570
0,2,3,0.5,-0.155285,180,0,0,388588
0,4,4,0.5,-0.154745,180,0,0,388606
0,0,0,0.5,-0.154745,180,0,0,388620
0,3,2,0.5,-0.15434,180,0,1,388637
0,3,0,0.5,-0.153935,180,0,1,388653
0,2,0,0.5,-0.153665,180,0,1,388672
0,1,-1,0.5,-0.15353,180,0,0,388688
1,1,0,0.5,-0.153395,180,0,0,388703
0,0,2,0.5,-0.153395,180,0,0,388721
0,0,0,0.5,-0.153395,180,0,0,388736
-1,-1,0,0.5,-0.15353,180,0,0,388753
0,-1,1,0.5,-0.153665,180,0,1,388770
0,0,0,0.5,-0.153665,180,0,1,388786
0,1,1,0.5,-0.15353,180,0,1,388803
0,0,1,0.5,-0.15353,180,0,0,388820
0,2,1,0.5,-0.15326,180,0,0,388837
0,1,1,0.5,-0.153125,180,0,0,388853
0,1,1,0.5,-0.15299,180,0,0,388870
0,1,1,0.5,-0.152855,180,0,0,388888
0,1,0,0.5,-0.15272,180,0,1,388903
0,2,0,0.5,-0.15245,180,0,1,388919
0,2,1,0.5,-0.15218,180,0,1,388938
0,2,0,0.5,-0.15191,180,0,1,388952
0,1,0,0.5,-0.151775,180,0,0,388970
0,0,-1,0.5,-0.151775,180,0,0,388989
0,-2,-1,0.5,-0.152045,180,0,0,389003
0,-3,-3,0.5,-0.15245,180,0,0,389021
0,-9,-7,0.5,-0.153665,180,0,1,389039
0,-6,-3,0.5,-0.154475,180,0,1,389054
0,-7,-2,0.5,-0.15542,180,0,1,389070
0,-8,-1,0.5,-0.1565,180,0,1,389087
5,-5,3,0.5,-0.157175,180,0,0,389103
0,-4,3,0.5,-0.157715,180,0,0,389121
0,-2,3,0.5,-0.157985,180,0,0,389140
0,-2,2,0.5,-0.158255,180,0,0,389158
0,-1,2,0.5,-0.15839,180,0,1,389173
0,0,1,0.5,-0.15839,180,0,1,389187
1,0,1,0.5,-0.15839,180,0,1,389203
0,0,0,0.5,-0.15839,180,0,1,389220
0,2,0,0.5,-0.15812,180,0,0,389237
0,1,0,0.5,-0.157985,180,0,0,389252
0,1,0,0.5,-0.15785,180,0,0,389270
0,0,-1,0.5,-0.15785,180,0,0,389288
-1,-1,-2,0.5,-0.157985,180,0,1,389305
0,0,0,0.5,-0.157985,180,0,1,389319
0,0,0,0.5,-0.157985,180,0,1,389336
0,-3,0,0.5,-0.15839,180,0,1,389353
0,-1,0,0.5,-0.158525,180,0,0,389371
0,0,0,0.5,-0.158525,180,0,0,389386
0,0,0,0.5,-0.158525,180,0,0,389402
-1,-1,0,0.5,-0.15866,180,0,0,389419
1,0,0,0.5,-0.15866,180,0,1,389436
0,0,0,0.5,-0.15866,180,0,1,389452
0,0,1,0.5,-0.15866,180,0,1,389470
0,1,0,0.5,-0.158525,180,0,1,389486
0,0,0,0.5,-0.158525,180,0,0,389503
0,0,0,0.5,-0.158525,180,0,0,389519
0,0,0,0.5,-0.158525,180,0,0,389537
0,0,0,0.5,-0.158525,180,0,0,389552
0,0,0,0.5,-0.158525,180,0,0,389569
0,0,0,0.5,-0.158525,180,0,1,389586
0,-1,0,0.5,-0.15866,180,0,1,389602
0,0,0,0.5,-0.15866,180,0,1,389619
0,0,0,0.5,-0.15866,180,0,1,389636
0,0,0,0.5,-0.15866,180,0,0,389652
0,0,0,0.5,-0.15866,180,0,0,389669
0,0,0,0.5,-0.15866,180,0,0,389686
0,0,0,0.5,-0.15866,180,0,0,389702
0,0,0,0.5,-0.15866,180,0,0,389719
0,0,0,0.5,-0.15866,180,0,1,389736
0,0,0,0.5,-0.15866,180,0,1,389752
0,0,0,0.5,-0.15866,180,0,1,389769
0,0,0,0.5,-0.15866,180,0,1,389786
0,0,0,0.5,-0.15866,180,0,0,389802
0,0,0,0.5,-0.15866,180,0,0,389819
0,-1,-1,0.5,-0.158795,180,0,0,389836
0,0,0,0.5,-0.158795,180,0,0,389852
0,0,0,0.5,-0.158795,180,0,0,389870
0,0,0,0.5,-0.158795,180,0,0,389886
0,0,0,0.5,-0.158795,180,0,1,389903
0,0,0,0.5,-0.158795,180,0,1,389919
0,0,0,0.5,-0.158795,180,0,1,389936
0,0,0,0.5,-0.158795,180,0,0,389953
0,0,0,0.5,-0.158795,180,0,0,389969
0,0,0,0.5,-0.158795,180,0,0,389986
0,0,0,0.5,-0.158795,180,0,0,390002
0,0,0,0.5,-0.158795,180,0,0,390019
0,-1,0,0.5,-0.15893,180,0,1,390036
0,0,0,0.5,-0.15893,180,0,1,390052
0,0,0,0.5,-0.15893,180,0,1,390069
0,0,0,0.5,-0.15893,180,0,1,390086
0,0,0,0.5,-0.15893,180,0,0,390102
0,0,0,0.5,-0.15893,180,0,0,390120
0,0,0,0.5,-0.15893,180,0,0,390136
0,-1,0,0.5,-0.159065,180,0,0,390152
0,0,0,0.5,-0.159065,180,0,0,390169
0,-1,0,0.5,-0.1592,180,0,0,390186
0,0,0,0.5,-0.1592,180,0,1,390202
0,0,0,0.5,-0.1592,180,0,1,390219
0,0,0,0.5,-0.1592,180,0,1,390236
0,0,0,0.5,-0.1592,180,0,0,390253
0,0,0,0.5,-0.1592,180,0,0,390269
0,0,0,0.5,-0.1592,180,0,0,390286
0,0,0,0.5,-0.1592,180,0,0,390302
0,-1,0,0.5,-0.159335,180,0,0,390320
0,0,0,0.5,-0.159335,180,0,0,390336
0,-1,0,0.5,-0.15947,180,0,0,390352
1,-1,0,0.5,-0.159605,180,0,1,390370
0,0,0,0.5,-0.159605,180,0,1,390386
0,0,0,0.5,-0.159605,180,0,1,390402
0,0,0,0.5,-0.159605,180,0,1,390419
0,0,0,0.5,-0.159605,180,0,0,390436
0,0,0,0.5,-0.159605,180,0,0,390452
0,0,0,0.5,-0.159605,180,0,0,390469
0,0,0,0.5,-0.159605,180,0,0,390486
0,0,0,0.5,-0.159605,180,0,0,390502
0,0,0,0.5,-0.159605,180,0,0,390519
0,0,0,0.5,-0.159605,180,0,0,390536
0,-1,0,0.5,-0.15974,180,0,0,390553
0,0,0,0.5,-0.15974,180,0,0,390569
0,0,0,0.5,-0.15974,180,0,1,390586
0,-1,0,0.5,-0.159875,180,0,1,390603
0,0,0,0.5,-0.159875,180,0,1,390619
0,0,0,0.5,-0.159875,180,0,0,390636
0,0,0,0.5,-0.159875,180,0,0,390652
0,0,0,0.5,-0.159875,180,0,0,390669
0,-1,0,0.5,-0.16001,180,0,0,390686
0,0,0,0.5,-0.16001,180,0,0,390703
0,0,0,0.5,-0.16001,180,0,0,390719
0,-1,0,0.5,-0.160145,180,0,0,390736
0,0,0,0.5,-0.160145,180,0,0,390752
0,0,0,0.5,-0.160145,180,0,0,390769
0,0,0,0.5,-0.160145,180,0,1,390786
0,0,0,0.5,-0.160145,180,0,1,390802
0,0,0,0.5,-0.160145,180,0,0,390820
0,0,0,0.5,-0.160145,180,0,0,390835
0,0,0,0.5,-0.160145,180,0,0,390852
0,0,0,0.5,-0.160145,180,0,0,390870
0,-1,0,0.5,-0.16028,180,0,0,390886
0,0,0,0.5,-0.16028,180,0,0,390902
0,0,0,0.5,-0.16028,180,0,0,390919
0,-1,0,0.5,-0.160415,180,0,0,390936
0,0,0,0.5,-0.160415,180,0,0,390952
0,0,-1,0.5,-0.160415,180,0,0,390970
0,0,0,0.5,-0.160415,180,0,0,390985
0,0,0,0.5,-0.160415,180,0,0,391002
0,0,0,0.5,-0.160415,180,0,0,391020
0,0,0,0.5,-0.160415,180,0,0,391036
0,1,0,0.5,-0.16028,180,0,0,391053
0,0,0,0.5,-0.16028,180,0,0,391069
0,0,0,0.5,-0.16028,180,0,0,391085
0,0,0,0.5,-0.16028,180,0,0,391102
0,0,0,0.5,-0.16028,180,0,0,391119
0,-1,0,0.5,-0.160415,180,0,0,391136
0,0,0,0.5,-0.160415,180,0,0,391152
0,0,0,0.5,-0.160415,180,0,0,391169
0,0,0,0.5,-0.160415,180,0,0,391186
0,0,0,0.5,-0.160415,180,0,0,391202
0,0,0,0.5,-0.160415,180,0,0,391222
0,0,0,0.5,-0.160415,180,0,0,391237
0,0,0,0.5,-0.160415,180,0,0,391253
0,-1,0,0.5,-0.16055,180,0,0,391269
0,0,0,0.5,-0.16055,180,0,0,391285
0,0,0,0.5,-0.16055,180,0,0,391302
0,0,0,0.5,-0.16055,180,0,0,391319
0,0,0,0.5,-0.16055,180,0,0,391335
0,0,0,0.5,-0.16055,180,0,0,391352
0,0,0,0.5,-0.16055,180,0,0,391369
0,0,0,0.5,-0.16055,180,0,0,391385
0,0,0,0.5,-0.16055,180,0,0,391402
0,0,0,0.5,-0.16055,180,0,0,391419
0,0,0,0.5,-0.16055,180,0,0,391435
0,0,0,0.5,-0.16055,180,0,0,391452
0,0,0,0.5,-0.16055,180,0,0,391469
0,0,0,0.5,-0.16055,180,0,0,391486
0,0,0,0.5,-0.16055,180,0,0,391502
0,0,0,0.5,-0.16055,180,0,0,391519
0,0,0,0.5,-0.16055,180,0,0,391536
0,0,0,0.5,-0.16055,180,0,0,391552
0,0,0,0.5,-0.16055,180,0,0,391570
0,0,0,0.5,-0.16055,180,0,0,391586
0,0,0,0.5,-0.16055,180,0,0,391602
0,0,0,0.5,-0.16055,180,0,0,391619
0,0,0,0.5,-0.16055,180,0,0,391636
0,0,0,0.5,-0.16055,180,0,0,391652
0,0,0,0.5,-0.16055,180,0,0,391671
0,0,0,0.5,-0.16055,180,0,0,391686
0,0,0,0.5,-0.16055,180,0,0,391702
0,0,0,0.5,-0.16055,180,0,0,391721
0,0,0,0.5,-0.16055,180,0,0,391736
0,0,0,0.5,-0.16055,180,0,0,391752
0,0,0,0.5,-0.16055,180,0,0,391770
0,0,0,0.5,-0.16055,180,0,0,391786
0,0,0,0.5,-0.16055,180,0,0,391802
0,0,0,0.5,-0.16055,180,0,0,391819
0,0,0,0.5,-0.16055,180,0,0,391836
0,0,0,0.5,-0.16055,180,0,0,391852
0,0,0,0.5,-0.16055,180,0,0,391869
0,0,0,0.5,-0.16055,180,0,0,391886
0,0,0,0.5,-0.16055,180,0,0,391902
0,0,0,0.5,-0.16055,180,0,0,391919
0,0,0,0.5,-0.16055,180,0,0,391936
0,0,0,0.5,-0.16055,180,0,0,391952
0,0,0,0.5,-0.16055,180,0,0,391969
0,0,0,0.5,-0.16055,180,0,0,391986
0,0,0,0.5,-0.16055,180,0,0,392002
0,0,0,0.5,-0.16055,180,0,0,392019
0,0,0,0.5,-0.16055,180,0,0,392036
0,0,0,0.5,-0.16055,180,0,0,392052
0,0,0,0.5,-0.16055,180,0,0,392069
0,0,0,0.5,-0.16055,180,0,0,392086
0,0,0,0.5,-0.16055,180,0,0,392102
0,0,0,0.5,-0.16055,180,0,0,392119
0,0,0,0.5,-0.16055,180,0,0,392136
0,0,0,0.5,-0.16055,180,0,0,392152
0,0,0,0.5,-0.16055,180,0,0,392169
0,0,0,0.5,-0.16055,180,0,0,392186
0,0,0,0.5,-0.16055,180,0,0,392205
0,0,0,0.5,-0.16055,180,0,0,392219
0,2,1,0.5,-0.16028,180,0,0,392237
0,1,0,0.5,-0.160145,180,0,0,392253
0,0,0,0.5,-0.160145,180,0,0,392269
0,0,0,0.5,-0.160145,180,0,0,392286
0,0,0,0.5,-0.160145,180,0,0,392303
0,0,0,0.5,-0.160145,180,0,0,392319
0,0,0,0.5,-0.160145,180,0,0,392336
0,0,0,0.5,-0.160145,180,0,0,392352
0,0,0,0.5,-0.160145,180,0,0,392370
0,0,0,0.5,-0.160145,180,0,0,392386
0,0,0,0.5,-0.160145,180,0,0,392402
0,0,0,0.5,-0.160145,180,0,0,392420
0,0,0,0.5,-0.160145,180,0,0,392435
0,0,0,0.5,-0.160145,180,0,0,392452
0,0,0,0.5,-0.160145,180,0,0,392469
0,0,0,0.5,-0.160145,180,0,0,392485
0,0,0,0.5,-0.160145,180,0,0,392502
0,0,0,0.5,-0.160145,180,0,0,392519
0,0,0,0.5,-0.160145,180,0,0,392535
0,0,0,0.5,-0.160145,180,0,0,392552
0,0,0,0.5,-0.160145,180,0,0,392569
0,0,0,0.5,-0.160145,180,0,0,392585
0,0,0,0.5,-0.160145,180,0,0,392602
0,0,0,0.5,-0.160145,180,0,0,392619
0,0,0,0.5,-0.160145,180,0,0,392636
0,0,0,0.5,-0.160145,180,0,0,392652
0,0,0,0.5,-0.160145,180,0,0,392669
0,0,0,0.5,-0.160145,180,0,0,392685
0,0,0,0.5,-0.160145,180,0,0,392702
0,0,0,0.5,-0.160145,180,0,0,392719
0,0,0,0.5,-0.160145,180,0,0,392735
0,0,0,0.5,-0.160145,180,0,0,392752
0,0,0,0.5,-0.160145,180,0,0,392769
0,0,0,0.5,-0.160145,180,0,0,392785
0,0,0,0.5,-0.160145,180,0,0,392802
0,0,0,0.5,-0.160145,180,0,0,392819
0,0,0,0.5,-0.160145,180,0,0,392835
0,0,0,0.5,-0.160145,180,0,0,392852
0,0,0,0.5,-0.160145,180,0,0,392869
0,0,0,0.5,-0.160145,180,0,0,392885
0,0,0,0.5,-0.160145,180,0,0,392902
0,0,0,0.5,-0.160145,180,0,0,392919
0,1,0,0.5,-0.16001,180,0,0,392936
0,0,0,0.5,-0.16001,180,0,0,392952
0,0,0,0.5,-0.16001,180,0,0,392969
0,0,0,0.5,-0.16001,180,0,0,392985
0,0,0,0.5,-0.16001,180,0,0,393002
0,0,0,0.5,-0.16001,180,0,0,393019
0,0,0,0.5,-0.16001,180,0,0,393035
0,0,0,0.5,-0.16001,180,0,0,393052
0,0,0,0.5,-0.16001,180,0,0,393069
0,0,0,0.5,-0.16001,180,0,0,393086
0,0,0,0.5,-0.16001,180,0,0,393102
0,0,0,0.5,-0.16001,180,0,0,393119
0,0,0,0.5,-0.16001,180,0,0,393136
0,0,0,0.5,-0.16001,180,0,0,393152
0,0,0,0.5,-0.16001,180,0,0,393169
0,0,0,0.5,-0.16001,180,0,0,393186
0,0,0,0.5,-0.16001,180,0,0,393202
0,0,0,0.5,-0.16001,180,0,0,393219
0,0,0,0.5,-0.16001,180,0,0,393236
0,0,0,0.5,-0.16001,180,0,0,393253
0,0,0,0.5,-0.16001,180,0,0,393269
0,0,0,0.5,-0.16001,180,0,0,393286
0,0,0,0.5,-0.16001,180,0,0,393302
0,0,0,0.5,-0.16001,180,0,0,393321
0,0,0,0.5,-0.16001,180,0,0,393335
0,0,0,0.5,-0.16001,180,0,0,393352
0,0,0,0.5,-0.16001,180,0,0,393369
0,0,0,0.5,-0.16001,180,0,0,393385
0,0,0,0.5,-0.16001,180,0,0,393402
0,0,0,0.5,-0.16001,180,0,0,393420
0,0,0,0.5,-0.16001,180,0,0,393435
0,0,0,0.5,-0.16001,180,0,0,393452
0,0,0,0.5,-0.16001,180,0,0,393469
0,0,0,0.5,-0.16001,180,0,0,393486
0,0,0,0.5,-0.16001,180,0,0,393502
0,0,0,0.5,-0.16001,180,0,0,393519
0,0,0,0.5,-0.16001,180,0,0,393535
0,0,0,0.5,-0.16001,180,0,0,393552
0,0,0,0.5,-0.16001,180,0,0,393569
0,0,0,0.5,-0.16001,180,0,0,393585
0,0,0,0.5,-0.16001,180,0,0,393602
0,0,0,0.5,-0.16001,180,0,0,393619
0,0,0,0.5,-0.16001,180,0,0,393635
0,0,0,0.5,-0.16001,180,0,0,393652
0,0,0,0.5,-0.16001,180,0,0,393669
0,0,0,0.5,-0.16001,180,0,0,393685
0,1,0,0.5,-0.159875,180,0,0,393702
0,0,0,0.5,-0.159875,180,0,0,393719
0,0,0,0.5,-0.159875,180,0,0,393735
0,0,0,0.5,-0.159875,180,0,0,393752
0,0,0,0.5,-0.159875,180,0,0,393769
0,0,0,0.5,-0.159875,180,0,0,393786
0,0,0,0.5,-0.159875,180,0,0,393802
0,0,0,0.5,-0.159875,180,0,0,393819
0,0,0,0.5,-0.159875,180,0,0,393835
0,0,0,0.5,-0.159875,180,0,0,393852
0,0,0,0.5,-0.159875,180,0,0,393869
0,0,0,0.5,-0.159875,180,0,0,393885
0,0,0,0.5,-0.159875,180,0,0,393902
0,0,0,0.5,-0.159875,180,0,0,393919
0,0,0,0.5,-0.159875,180,0,0,393935
0,0,0,0.5,-0.159875,180,0,0,393952
0,0,0,0.5,-0.159875,180,0,0,393969
0,0,0,0.5,-0.159875,180,0,0,393985
0,0,0,0.5,-0.159875,180,0,0,394002
0,0,0,0.5,-0.159875,180,0,0,394019
0,0,0,0.5,-0.159875,180,0,0,394035
0,0,0,0.5,-0.159875,180,0,0,394052
0,0,0,0.5,-0.159875,180,0,0,394069
0,0,0,0.5,-0.159875,180,0,0,394085
0,0,0,0.5,-0.159875,180,0,0,394102
0,0,0,0.5,-0.159875,180,0,0,394119
0,0,0,0.5,-0.159875,180,0,0,394135
0,0,0,0.5,-0.159875,180,0,0,394152
0,0,0,0.5,-0.159875,180,0,0,394169
0,0,0,0.5,-0.159875,180,0,0,394185
0,0,0,0.5,-0.159875,180,0,0,394202
0,0,0,0.5,-0.159875,180,0,0,394220
0,0,0,0.5,-0.159875,180,0,0,394235
0,0,0,0.5,-0.159875,180,0,0,394252
0,0,0,0.5,-0.159875,180,0,0,394269
0,0,0,0.5,-0.159875,180,0,0,394286
0,0,0,0.5,-0.159875,180,0,0,394302
0,0,0,0.5,-0.159875,180,0,0,394319
0,0,0,0.5,-0.159875,180,0,0,394336
0,0,0,0.5,-0.159875,180,0,0,394352
0,0,0,0.5,-0.159875,180,0,0,394370
0,0,0,0.5,-0.159875,180,0,0,394385
0,0,0,0.5,-0.159875,180,0,0,394402
0,0,0,0.5,-0.159875,180,0,0,394419
0,0,0,0.5,-0.159875,180,0,0,394435
0,0,0,0.5,-0.159875,180,0,0,394452
0,0,0,0.5,-0.159875,180,0,0,394469
0,0,0,0.5,-0.159875,180,0,0,394485
0,0,0,0.5,-0.159875,180,0,0,394502
0,0,0,0.5,-0.159875,180,0,0,394519
0,0,0,0.5,-0.159875,180,0,0,394535
0,0,0,0.5,-0.159875,180,0,0,394552
0,0,0,0.5,-0.159875,180,0,0,394569
0,0,0,0.5,-0.159875,180,0,0,394585
0,0,0,0.5,-0.159875,180,0,0,394602
0,0,0,0.5,-0.159875,180,0,0,394620
0,0,0,0.5,-0.159875,180,0,0,394635
0,0,0,0.5,-0.159875,180,0,0,394652
0,0,0,0.5,-0.159875,180,0,0,394669
0,0,0,0.5,-0.159875,180,0,0,394685
0,0,0,0.5,-0.159875,180,0,0,394702
0,0,0,0.5,-0.159875,180,0,0,394719
0,0,0,0.5,-0.159875,180,0,0,394735
0,0,0,0.5,-0.159875,180,0,0,394752
0,0,0,0.5,-0.159875,180,0,0,394769
0,0,0,0.5,-0.159875,180,0,0,394785
0,0,0,0.5,-0.159875,180,0,0,394802
0,0,0,0.5,-0.159875,180,0,0,394820
0,0,0,0.5,-0.159875,180,0,0,394835
0,0,0,0.5,-0.159875,180,0,0,394852
0,0,0,0.5,-0.159875,180,0,0,394869
0,0,0,0.5,-0.159875,180,0,0,394885
0,0,0,0.5,-0.159875,180,0,0,394902
0,0,0,0.5,-0.159875,180,0,0,394919
0,0,0,0.5,-0.159875,180,0,0,394935
0,0,0,0.5,-0.159875,180,0,0,394952
0,0,0,0.5,-0.159875,180,0,0,394969
0,0,0,0.5,-0.159875,180,0,0,394985
0,0,0,0.5,-0.159875,180,0,0,395002
0,0,0,0.5,-0.159875,180,0,0,395019
0,0,0,0.5,-0.159875,180,0,0,395035
0,0,0,0.5,-0.159875,180,0,0,395052
0,0,0,0.5,-0.159875,180,0,0,395069
0,0,0,0.5,-0.159875,180,0,0,395085
0,0,0,0.5,-0.159875,180,0,0,395102
0,0,0,0.5,-0.159875,180,0,0,395119
0,0,0,0.5,-0.159875,180,0,0,395136
0,0,0,0.5,-0.159875,180,0,0,395152
0,0,0,0.5,-0.159875,180,0,0,395169
0,0,0,0.5,-0.159875,180,0,0,395185
0,0,0,0.5,-0.159875,180,0,0,395202
0,0,0,0.5,-0.159875,180,0,0,395219
0,0,0,0.5,-0.159875,180,0,0,395236
0,0,0,0.5,-0.159875,180,0,0,395252
0,0,0,0.5,-0.159875,180,0,0,395269
0,0,0,0.5,-0.159875,180,0,0,395285
0,0,0,0.5,-0.159875,180,0,0,395302
0,0,0,0.5,-0.159875,180,0,0,395319
0,0,0,0.5,-0.159875,180,0,0,395336
0,0,0,0.5,-0.159875,180,0,0,395352
0,0,0,0.5,-0.159875,180,0,0,395371
0,0,0,0.5,-0.159875,180,0,0,395385
0,0,0,0.5,-0.159875,180,0,0,395402
0,0,0,0.5,-0.159875,180,0,0,395419
0,0,0,0.5,-0.159875,180,0,0,395435
0,0,0,0.5,-0.159875,180,0,0,395452
0,0,0,0.5,-0.159875,180,0,0,395469
0,0,0,0.5,-0.159875,180,0,0,395485
0,0,0,0.5,-0.159875,180,0,0,395502
0,0,0,0.5,-0.159875,180,0,0,395519
0,0,0,0.5,-0.159875,180,0,0,395535
0,0,0,0.5,-0.159875,180,0,0,395552
0,0,0,0.5,-0.159875,180,0,0,395569
0,0,0,0.5,-0.159875,180,0,0,395585
0,0,0,0.5,-0.159875,180,0,0,395602
0,0,0,0.5,-0.159875,180,0,0,395619
0,0,0,0.5,-0.159875,180,0,0,395635
0,0,0,0.5,-0.159875,180,0,0,395652
0,0,0,0.5,-0.159875,180,0,0,395669
0,0,0,0.5,-0.159875,180,0,0,395685
0,0,0,0.5,-0.159875,180,0,0,395702
0,0,0,0.5,-0.159875,180,0,0,395719
0,0,0,0.5,-0.159875,180,0,0,395735
0,0,0,0.5,-0.159875,180,0,0,395752
0,0,0,0.5,-0.159875,180,0,0,395769
0,0,0,0.5,-0.159875,180,0,0,395785
1,0,0,0.5,-0.159875,180,0,0,395802
-1,0,0,0.5,-0.159875,180,0,0,395819
0,0,0,0.5,-0.159875,180,0,0,395835
0,0,0,0.5,-0.159875,180,0,0,395852
0,0,0,0.5,-0.159875,180,0,0,395869
0,0,0,0.5,-0.159875,180,0,0,395885
0,0,0,0.5,-0.159875,180,0,0,395902
0,0,0,0.5,-0.159875,180,0,0,395919
0,0,0,0.5,-0.159875,180,0,0,395935
0,0,0,0.5,-0.159875,180,0,0,395952
0,0,0,0.5,-0.159875,180,0,0,395969
0,0,0,0.5,-0.159875,180,0,0,395985
0,0,0,0.5,-0.159875,180,0,0,396002
0,1,0,0.5,-0.15974,180,0,0,396019
0,0,0,0.5,-0.15974,180,0,0,396035
0,0,0,0.5,-0.15974,180,0,0,396052
0,0,0,0.5,-0.15974,180,0,0,396069
0,0,0,0.5,-0.15974,180,0,0,396085
0,0,0,0.5,-0.15974,180,0,0,396102
0,0,0,0.5,-0.15974,180,0,0,396119
0,0,0,0.5,-0.15974,180,0,0,396135
0,0,0,0.5,-0.15974,180,0,0,396152
0,0,0,0.5,-0.15974,180,0,0,396170
0,0,0,0.5,-0.15974,180,0,0,396185
0,0,0,0.5,-0.15974,180,0,0,396202
0,0,0,0.5,-0.15974,180,0,0,396219
0,0,0,0.5,-0.15974,180,0,0,396235
0,0,0,0.5,-0.15974,180,0,0,396252
0,0,0,0.5,-0.15974,180,0,0,396269
0,0,0,0.5,-0.15974,180,0,0,396286
0,0,0,0.5,-0.15974,180,0,0,396302
0,0,0,0.5,-0.15974,180,0,0,396319
0,0,0,0.5,-0.15974,180,0,0,396337
0,0,0,0.5,-0.15974,180,0,0,396352
0,0,0,0.5,-0.15974,180,0,0,396369
0,0,0,0.5,-0.15974,180,0,0,396386
0,0,0,0.5,-0.15974,180,0,0,396402
0,0,0,0.5,-0.15974,180,0,0,396419
0,0,0,0.5,-0.15974,180,0,0,396435
0,0,0,0.5,-0.15974,180,0,0,396452
0,0,0,0.5,-0.15974,180,0,0,396469
0,0,0,0.5,-0.15974,180,0,0,396485
0,0,0,0.5,-0.15974,180,0,0,396502
0,0,0,0.5,-0.15974,180,0,0,396519
0,0,0,0.5,-0.15974,180,0,0,396535
0,0,0,0.5,-0.15974,180,0,0,396552
0,0,0,0.5,-0.15974,180,0,0,396569
0,0,0,0.5,-0.15974,180,0,0,396585
0,0,0,0.5,-0.15974,180,0,0,396602
0,0,0,0.5,-0.15974,180,0,0,396619
0,0,0,0.5,-0.15974,180,0,0,396635
0,0,0,0.5,-0.15974,180,0,0,396652
0,0,0,0.5,-0.15974,180,0,0,396669
0,0,0,0.5,-0.15974,180,0,0,396686
0,0,0,0.5,-0.15974,180,0,0,396702
0,0,0,0.5,-0.15974,180,0,0,396719
0,0,0,0.5,-0.15974,180,0,0,396735
0,0,0,0.5,-0.15974,180,0,0,396752
0,0,0,0.5,-0.15974,180,0,0,396769
0,0,0,0.5,-0.15974,180,0,0,396785
0,0,0,0.5,-0.15974,180,0,0,396802
0,0,0,0.5,-0.15974,180,0,0,396819
0,0,0,0.5,-0.15974,180,0,0,396835
0,0,0,0.5,-0.15974,180,0,0,396852
0,0,0,0.5,-0.15974,180,0,0,396869
0,0,0,0.5,-0.15974,180,0,0,396885
0,0,0,0.5,-0.15974,180,0,0,396902
0,0,0,0.5,-0.15974,180,0,0,396919
0,0,0,0.5,-0.15974,180,0,0,396935
0,0,0,0.5,-0.15974,180,0,0,396952
0,0,0,0.5,-0.15974,180,0,0,396969
0,0,0,0.5,-0.15974,180,0,0,396985
0,0,0,0.5,-0.15974,180,0,0,397002
0,0,0,0.5,-0.15974,180,0,0,397019
0,0,0,0.5,-0.15974,180,0,0,397035
0,0,0,0.5,-0.15974,180,0,0,397052
0,0,0,0.5,-0.15974,180,0,0,397069
0,0,0,0.5,-0.15974,180,0,0,397085
0,0,0,0.5,-0.15974,180,0,0,397102
0,0,0,0.5,-0.15974,180,0,0,397119
0,0,0,0.5,-0.15974,180,0,0,397135
0,0,0,0.5,-0.15974,180,0,0,397152
0,0,0,0.5,-0.15974,180,0,0,397169
0,0,0,0.5,-0.15974,180,0,0,397185
0,0,0,0.5,-0.15974,180,0,0,397202
0,0,0,0.5,-0.15974,180,0,0,397219
0,0,0,0.5,-0.15974,180,0,0,397235
0,0,0,0.5,-0.15974,180,0,0,397252
0,0,0,0.5,-0.15974,180,0,0,397269
0,0,0,0.5,-0.15974,180,0,0,397285
0,0,0,0.5,-0.15974,180,0,0,397302
0,0,0,0.5,-0.15974,180,0,0,397319
0,0,0,0.5,-0.15974,180,0,0,397335
0,0,0,0.5,-0.15974,180,0,0,397353
0,0,0,0.5,-0.15974,180,0,0,397369
0,0,0,0.5,-0.15974,180,0,0,397386
0,0,0,0.5,-0.15974,180,0,0,397402
0,0,0,0.5,-0.15974,180,0,0,397420
0,0,0,0.5,-0.15974,180,0,0,397435
0,0,0,0.5,-0.15974,180,0,0,397452
0,0,0,0.5,-0.15974,180,0,0,397469
0,0,0,0.5,-0.15974,180,0,0,397485
0,0,0,0.5,-0.15974,180,0,0,397502
0,0,0,0.5,-0.15974,180,0,0,397519
0,0,0,0.5,-0.15974,180,0,0,397535
0,0,0,0.5,-0.15974,180,0,0,397552
0,0,0,0.5,-0.15974,180,0,0,397569
0,0,0,0.5,-0.15974,180,0,0,397585
0,0,0,0.5,-0.15974,180,0,0,397602
0,0,0,0.5,-0.15974,180,0,0,397619
0,0,0,0.5,-0.15974,180,0,0,397635
0,0,0,0.5,-0.15974,180,0,0,397652
0,0,0,0.5,-0.15974,180,0,0,397670
0,0,0,0.5,-0.15974,180,0,0,397685
0,0,0,0.5,-0.15974,180,0,0,397702
0,0,0,0.5,-0.15974,180,0,0,397719
0,0,0,0.5,-0.15974,180,0,0,397735
0,0,0,0.5,-0.15974,180,0,0,397752
0,0,0,0.5,-0.15974,180,0,0,397769
0,0,0,0.5,-0.15974,180,0,0,397785
0,0,0,0.5,-0.15974,180,0,0,397802
0,0,0,0.5,-0.15974,180,0,0,397820
0,0,0,0.5,-0.15974,180,0,0,397835
0,0,0,0.5,-0.15974,180,0,0,397852
0,0,0,0.5,-0.15974,180,0,0,397870
0,0,0,0.5,-0.15974,180,0,0,397885
0,0,0,0.5,-0.15974,180,0,0,397902
0,0,0,0.5,-0.15974,180,0,0,397920
0,0,0,0.5,-0.15974,180,0,0,397935
0,0,0,0.5,-0.15974,180,0,0,397952
0,0,0,0.5,-0.15974,180,0,0,397969
0,0,0,0.5,-0.15974,180,0,0,397985
0,0,0,0.5,-0.15974,180,0,0,398002
0,0,0,0.5,-0.15974,180,0,0,398019
0,0,0,0.5,-0.15974,180,0,0,398035
0,0,0,0.5,-0.15974,180,0,0,398052
0,0,0,0.5,-0.15974,180,0,0,398069
0,0,0,0.5,-0.15974,180,0,0,398085
0,0,0,0.5,-0.15974,180,0,0,398102
0,0,0,0.5,-0.15974,180,0,0,398119
0,0,0,0.5,-0.15974,180,0,0,398135
0,0,0,0.5,-0.15974,180,0,0,398152
0,0,0,0.5,-0.15974,180,0,0,398169
0,0,0,0.5,-0.15974,180,0,0,398185
0,0,0,0.5,-0.15974,180,0,0,398202
0,0,0,0.5,-0.15974,180,0,0,398219
0,0,0,0.5,-0.15974,180,0,0,398235
0,0,0,0.5,-0.15974,180,0,0,398252
0,0,0,0.5,-0.15974,180,0,0,398269
0,0,0,0.5,-0.15974,180,0,0,398285
0,0,0,0.5,-0.15974,180,0,0,398302
0,0,0,0.5,-0.15974,180,0,0,398322
0,0,0,0.5,-0.15974,180,0,0,398336
0,0,0,0.5,-0.15974,180,0,0,398352
0,0,0,0.5,-0.15974,180,0,0,398370
0,0,0,0.5,-0.15974,180,0,0,398385
0,0,0,0.5,-0.15974,180,0,0,398402
0,0,0,0.5,-0.15974,180,0,0,398419
0,0,0,0.5,-0.15974,180,0,0,398435
0,0,0,0.5,-0.15974,180,0,0,398452
0,0,0,0.5,-0.15974,180,0,0,398469
0,0,0,0.5,-0.15974,180,0,0,398485
0,0,0,0.5,-0.15974,180,0,0,398502
0,0,0,0.5,-0.15974,180,0,0,398519
0,0,0,0.5,-0.15974,180,0,0,398535
0,0,0,0.5,-0.15974,180,0,0,398552
0,0,0,0.5,-0.15974,180,0,0,398569
0,0,0,0.5,-0.15974,180,0,0,398585
0,1,0,0.5,-0.159605,180,0,0,398602
0,0,0,0.5,-0.159605,180,0,0,398619
0,0,0,0.5,-0.159605,180,0,0,398635
0,0,0,0.5,-0.159605,180,0,0,398652
0,0,0,0.5,-0.159605,180,0,0,398669
0,0,0,0.5,-0.159605,180,0,0,398686
0,0,0,0.5,-0.159605,180,0,0,398702
0,0,0,0.5,-0.159605,180,0,0,398718
0,0,0,0.5,-0.159605,180,0,0,398736
0,0,0,0.5,-0.159605,180,0,0,398752
0,0,0,0.5,-0.159605,180,0,0,398768
0,0,0,0.5,-0.159605,180,0,0,398785
0,0,0,0.5,-0.159605,180,0,0,398802
0,0,0,0.5,-0.159605,180,0,0,398818
0,0,0,0.5,-0.159605,180,0,0,398836
0,0,0,0.5,-0.159605,180,0,0,398852
0,0,0,0.5,-0.159605,180,0,0,398868
0,0,0,0.5,-0.159605,180,0,0,398885
0,0,0,0.5,-0.159605,180,0,0,398902
0,0,0,0.5,-0.159605,180,0,0,398919
0,0,0,0.5,-0.159605,180,0,0,398935
0,0,0,0.5,-0.159605,180,0,0,398952
0,0,0,0.5,-0.159605,180,0,0,398968
0,0,0,0.5,-0.159605,180,0,0,398985
0,0,0,0.5,-0.159605,180,0,0,399002
0,0,0,0.5,-0.159605,180,0,0,399019
0,0,0,0.5,-0.159605,180,0,0,399035
0,0,0,0.5,-0.159605,180,0,0,399052
0,0,0,0.5,-0.159605,180,0,0,399069
0,0,0,0.5,-0.159605,180,0,0,399085
0,0,0,0.5,-0.159605,180,0,0,399102
0,0,0,0.5,-0.159605,180,0,0,399119
0,0,0,0.5,-0.159605,180,0,0,399135
0,0,0,0.5,-0.159605,180,0,0,399152
0,0,0,0.5,-0.159605,180,0,0,399169
0,0,0,0.5,-0.159605,180,0,0,399185
0,0,0,0.5,-0.159605,180,0,0,399202
0,0,0,0.5,-0.159605,180,0,0,399219
0,0,0,0.5,-0.159605,180,0,0,399235
0,0,0,0.5,-0.159605,180,0,0,399252
0,0,0,0.5,-0.159605,180,0,0,399269
0,0,0,0.5,-0.159605,180,0,0,399285
0,0,0,0.5,-0.159605,180,0,0,399302
0,0,0,0.5,-0.159605,180,0,0,399319
0,0,0,0.5,-0.159605,180,0,0,399336
0,0,0,0.5,-0.159605,180,0,0,399354
0,0,0,0.5,-0.159605,180,0,0,399369
0,0,0,0.5,-0.159605,180,0,0,399385
0,0,0,0.5,-0.159605,180,0,0,399402
0,0,0,0.5,-0.159605,180,0,0,399419
0,0,0,0.5,-0.159605,180,0,0,399436
0,0,0,0.5,-0.159605,180,0,0,399452
0,0,0,0.5,-0.159605,180,0,0,399469
0,0,0,0.5,-0.159605,180,0,0,399485
-2,0,0,0.5,-0.159605,180,0,0,399502
0,0,0,0.5,-0.159605,180,0,0,399519
0,0,0,0.5,-0.159605,180,0,0,399535
0,0,0,0.5,-0.159605,180,0,0,399552
0,0,0,0.5,-0.159605,180,0,0,399569
0,0,0,0.5,-0.159605,180,0,0,399585
0,0,0,0.5,-0.159605,180,0,0,399602
0,0,0,0.5,-0.159605,180,0,0,399619
0,0,0,0.5,-0.159605,180,0,0,399635
0,0,0,0.5,-0.159605,180,0,0,399652
0,0,0,0.5,-0.159605,180,0,0,399669
0,0,0,0.5,-0.159605,180,0,0,399685
0,0,0,0.5,-0.159605,180,0,0,399702
0,0,0,0.5,-0.159605,180,0,0,399719
0,0,0,0.5,-0.159605,180,0,0,399735
0,0,0,0.5,-0.159605,180,0,0,399752
0,0,0,0.5,-0.159605,180,0,0,399769
0,0,0,0.5,-0.159605,180,0,0,399785
0,0,0,0.5,-0.159605,180,0,0,399802
0,0,0,0.5,-0.159605,180,0,0,399819
0,0,0,0.5,-0.159605,180,0,0,399835
0,0,0,0.5,-0.159605,180,0,0,399852
0,0,0,0.5,-0.159605,180,0,0,399869
0,0,0,0.5,-0.159605,180,0,0,399885
0,0,0,0.5,-0.159605,180,0,0,399902
0,0,0,0.5,-0.159605,180,0,0,399919
0,0,0,0.5,-0.159605,180,0,0,399935
0,0,0,0.5,-0.159605,180,0,0,399952
0,0,0,0.5,-0.159605,180,0,0,399969
0,0,0,0.5,-0.159605,180,0,0,399985
0,0,0,0.5,-0.159605,180,0,0,400002
0,0,0,0.5,-0.159605,180,0,0,400019
0,0,0,0.5,-0.159605,180,0,0,400035
0,0,0,0.5,-0.159605,180,0,0,400052
0,0,0,0.5,-0.159605,180,0,0,400069
0,0,0,0.5,-0.159605,180,0,0,400085
0,0,0,0.5,-0.159605,180,0,0,400102
0,0,0,0.5,-0.159605,180,0,0,400119
0,0,0,0.5,-0.159605,180,0,0,400135
0,0,0,0.5,-0.159605,180,0,0,400153
0,0,0,0.5,-0.159605,180,0,0,400169
0,0,0,0.5,-0.159605,180,0,0,400185
0,0,0,0.5,-0.159605,180,0,0,400202
0,0,0,0.5,-0.159605,180,0,0,400219
0,0,0,0.5,-0.159605,180,0,0,400235
0,0,0,0.5,-0.159605,180,0,0,400252
0,0,0,0.5,-0.159605,180,0,0,400269
0,0,0,0.5,-0.159605,180,0,0,400285
0,0,0,0.5,-0.159605,180,0,0,400302
0,0,0,0.5,-0.159605,180,0,0,400319
0,0,0,0.5,-0.159605,180,0,0,400335
0,0,0,0.5,-0.159605,180,0,0,400353
0,0,0,0.5,-0.159605,180,0,0,400369
0,0,0,0.5,-0.159605,180,0,0,400385
0,0,0,0.5,-0.159605,180,0,0,400402
0,0,0,0.5,-0.159605,180,0,0,400419
0,0,0,0.5,-0.159605,180,0,0,400435
0,0,0,0.5,-0.159605,180,0,0,400452
0,0,0,0.5,-0.159605,180,0,0,400468
0,0,0,0.5,-0.159605,180,0,0,400485
0,0,0,0.5,-0.159605,180,0,0,400502
0,0,0,0.5,-0.159605,180,0,0,400518
0,0,0,0.5,-0.159605,180,0,0,400535
0,0,0,0.5,-0.159605,180,0,0,400552
0,0,0,0.5,-0.159605,180,0,0,400568
0,0,0,0.5,-0.159605,180,0,0,400585
0,0,0,0.5,-0.159605,180,0,0,400602
0,0,0,0.5,-0.159605,180,0,0,400618
0,0,0,0.5,-0.159605,180,0,0,400635
0,0,0,0.5,-0.159605,180,0,0,400652
0,0,0,0.5,-0.159605,180,0,0,400668
0,0,0,0.5,-0.159605,180,0,0,400685
0,0,0,0.5,-0.159605,180,0,0,400702
0,0,0,0.5,-0.159605,180,0,0,400718
0,0,0,0.5,-0.159605,180,0,0,400735
0,0,0,0.5,-0.159605,180,0,0,400752
0,0,0,0.5,-0.159605,180,0,0,400768
0,0,0,0.5,-0.159605,180,0,0,400785
0,0,0,0.5,-0.159605,180,0,0,400802
0,0,0,0.5,-0.159605,180,0,0,400818
0,0,0,0.5,-0.159605,180,0,0,400835
0,0,0,0.5,-0.159605,180,0,0,400852
0,0,0,0.5,-0.159605,180,0,0,400868
0,0,0,0.5,-0.159605,180,0,0,400885
0,0,0,0.5,-0.159605,180,0,0,400902
0,0,0,0.5,-0.159605,180,0,0,400918
0,0,0,0.5,-0.159605,180,0,0,400935
0,0,0,0.5,-0.159605,180,0,0,400952
0,0,0,0.5,-0.159605,180,0,0,400968
0,0,0,0.5,-0.159605,180,0,0,400985
0,0,0,0.5,-0.159605,180,0,0,401002
0,0,0,0.5,-0.159605,180,0,0,401018
0,0,0,0.5,-0.159605,180,0,0,401035
0,0,0,0.5,-0.159605,180,0,0,401052
0,0,0,0.5,-0.159605,180,0,0,401068
0,0,0,0.5,-0.159605,180,0,0,401085
0,0,0,0.5,-0.159605,180,0,0,401102
0,0,0,0.5,-0.159605,180,0,0,401119
0,0,0,0.5,-0.159605,180,0,0,401135
0,0,0,0.5,-0.159605,180,0,0,401152
0,0,0,0.5,-0.159605,180,0,0,401169
0,0,0,0.5,-0.159605,180,0,0,401185
0,0,0,0.5,-0.159605,180,0,0,401202
0,0,0,0.5,-0.159605,180,0,0,401219
0,0,0,0.5,-0.159605,180,0,0,401235
0,0,0,0.5,-0.159605,180,0,0,401252
0,0,0,0.5,-0.159605,180,0,0,401269
0,0,0,0.5,-0.159605,180,0,0,401285
0,0,0,0.5,-0.159605,180,0,0,401302
0,0,0,0.5,-0.159605,180,0,0,401319
0,0,0,0.5,-0.159605,180,0,0,401335
0,0,0,0.5,-0.159605,180,0,0,401352
0,0,0,0.5,-0.159605,180,0,0,401369
0,0,0,0.5,-0.159605,180,0,0,401385
0,0,0,0.5,-0.159605,180,0,0,401402
0,0,0,0.5,-0.159605,180,0,0,401419
0,0,0,0.5,-0.159605,180,0,0,401435
0,0,0,0.5,-0.159605,180,0,0,401452
0,0,0,0.5,-0.159605,180,0,0,401469
0,0,0,0.5,-0.159605,180,0,0,401485
0,0,0,0.5,-0.159605,180,0,0,401502
0,0,0,0.5,-0.159605,180,0,0,401518
0,0,0,0.5,-0.159605,180,0,0,401535
0,0,0,0.5,-0.159605,180,0,0,401552
0,0,0,0.5,-0.159605,180,0,0,401568
0,0,0,0.5,-0.159605,180,0,0,401585
0,0,0,0.5,-0.159605,180,0,0,401602
0,0,0,0.5,-0.159605,180,0,0,401618
0,0,0,0.5,-0.159605,180,0,0,401635
0,0,0,0.5,-0.159605,180,0,0,401652
0,0,0,0.5,-0.159605,180,0,0,401668
0,0,0,0.5,-0.159605,180,0,0,401685
0,0,0,0.5,-0.159605,180,0,0,401702
0,0,0,0.5,-0.159605,180,0,0,401718
0,0,0,0.5,-0.159605,180,0,0,401735
0,0,0,0.5,-0.159605,180,0,0,401752
0,0,0,0.5,-0.159605,180,0,0,401768
0,0,0,0.5,-0.159605,180,0,0,401785
0,0,0,0.5,-0.159605,180,0,0,401802
0,0,0,0.5,-0.159605,180,0,0,401818
0,0,0,0.5,-0.159605,180,0,0,401835
0,0,0,0.5,-0.159605,180,0,0,401852
0,0,0,0.5,-0.159605,180,0,0,401868
0,0,0,0.5,-0.159605,180,0,0,401885
0,0,0,0.5,-0.159605,180,0,0,401902
0,0,0,0.5,-0.159605,180,0,0,401918
0,0,0,0.5,-0.159605,180,0,0,401935
0,0,0,0.5,-0.159605,180,0,0,401952
0,0,0,0.5,-0.159605,180,0,0,401968
0,0,0,0.5,-0.159605,180,0,0,401985
0,0,0,0.5,-0.159605,180,0,0,402002
0,0,0,0.5,-0.159605,180,0,0,402018
0,0,0,0.5,-0.159605,180,0,0,402035
0,0,0,0.5,-0.159605,180,0,0,402052
0,0,0,0.5,-0.159605,180,0,0,402068
0,0,0,0.5,-0.159605,180,0,0,402085
0,0,0,0.5,-0.159605,180,0,0,402102
0,0,0,0.5,-0.159605,180,0,0,402118
0,0,0,0.5,-0.159605,180,0,0,402135
0,0,0,0.5,-0.159605,180,0,0,402152
0,0,0,0.5,-0.159605,180,0,0,402169
0,0,0,0.5,-0.159605,180,0,1,402186
0,0,0,0.5,-0.159605,180,0,1,402202
0,0,0,0.5,-0.159605,180,0,0,402219
0,0,0,0.5,-0.159605,180,0,0,402235
0,0,0,0.5,-0.159605,180,0,0,402252
0,0,0,0.5,-0.159605,180,0,0,402268
0,0,0,0.5,-0.159605,180,0,0,402285
0,0,0,0.5,-0.159605,180,0,0,402302
0,0,0,0.5,-0.159605,180,0,0,402318
0,0,0,0.5,-0.159605,180,0,0,402335
0,0,0,0.5,-0.159605,180,0,0,402352
0,0,0,0.5,-0.159605,180,0,0,402369
0,0,0,0.5,-0.159605,180,0,0,402385
0,0,0,0.5,-0.159605,180,0,0,402402
0,0,0,0.5,-0.159605,180,0,0,402419
0,0,0,0.5,-0.159605,180,0,0,402435
0,0,0,0.5,-0.159605,180,0,0,402452
0,0,0,0.5,-0.159605,180,0,0,402469
0,0,0,0.5,-0.159605,180,0,0,402485
0,0,0,0.5,-0.159605,180,0,0,402502
0,0,0,0.5,-0.159605,180,0,0,402518
0,0,0,0.5,-0.159605,180,0,0,402535
0,0,0,0.5,-0.159605,180,0,0,402552
0,0,0,0.5,-0.159605,180,0,0,402568
0,0,0,0.5,-0.159605,180,0,0,402585
0,0,0,0.5,-0.159605,180,0,0,402602
0,0,0,0.5,-0.159605,180,0,0,402618
0,0,0,0.5,-0.159605,180,0,0,402635
0,0,0,0.5,-0.159605,180,0,0,402652
0,-2,0,0.5,-0.159875,180,0,0,402669
0,0,0,0.5,-0.159875,180,0,0,402685
0,0,0,0.5,-0.159875,180,0,0,402702
0,0,0,0.5,-0.159875,180,0,0,402718
0,-1,0,0.5,-0.16001,180,0,0,402735
0,-2,0,0.5,-0.16028,180,0,0,402752
0,-6,0,0.5,-0.16109,180,0,0,402769
0,-6,0,0.5,-0.1619,180,0,1,402785
0,-9,0,0.5,-0.163115,180,0,1,402802
0,-9,-1,0.5,-0.16433,180,0,0,402819
0,-9,-2,0.5,-0.165545,180,0,0,402836
0,-11,-2,0.5,-0.16703,180,0,0,402852
0,-13,-4,0.5,-0.168785,180,0,0,402870
0,-11,-3,0.5,-0.17027,180,0,0,402886
0,-8,-4,0.5,-0.17135,180,0,0,402903
0,-4,-6,0.5,-0.17189,180,0,0,402920
0,-1,-5,0.5,-0.172025,180,0,0,402938
0,0,-5,0.5,-0.172025,180,0,0,402953
0,2,-4,0.5,-0.171755,180,0,0,402971
0,2,-5,0.5,-0.171485,180,0,0,402987
0,2,-5,0.5,-0.171215,180,0,0,403003
0,4,-5,0.5,-0.170675,180,0,0,403021
0,5,-5,0.5,-0.17,180,0,0,403039
0,11,-7,0.5,-0.168515,180,0,0,403054
0,5,-1,0.5,-0.16784,180,0,0,403069
0,1,0,0.5,-0.167705,180,0,0,403086
0,0,0,0.5,-0.167705,180,0,0,403102
0,-7,1,0.5,-0.16865,180,0,0,403119
0,-9,0,0.5,-0.169865,180,0,0,403135
0,-9,-3,0.5,-0.17108,180,0,0,403153
0,-4,-6,0.5,-0.17162,180,0,0,403172
0,0,-7,0.5,-0.17162,180,0,0,403188
0,5,-7,0.5,-0.170945,180,0,0,403205
0,11,-6,0.5,-0.16946,180,0,0,403221
0,18,-4,0.5,-0.16703,180,0,0,403239
0,20,-1,0.5,-0.16433,180,0,0,403253
0,23,0,0.5,-0.161225,180,0,0,403269
0,27,1,0.5,-0.15758,180,0,0,403286
0,31,4,0.5,-0.153395,180,0,0,403303
0,42,5,0.5,-0.147725,180,0,0,403322
0,45,7,0.5,-0.14165,180,0,0,403337
0,50,8,0.5,-0.1349,180,0,0,403357
0,50,8,0.5,-0.12815,180,0,0,403372
0,52,10,0.5,-0.12113,180,0,0,403388
0,47,10,0.5,-0.114785,180,0,0,403406
0,49,11,0.5,-0.10817,180,0,0,403424
0,92,22,0.5,-0.09575,180,0,0,403442
0,42,1,0.5,-0.09008,180,0,0,403453
0,34,20,0.5,-0.08549,180,0,0,403474
0,27,8,0.5,-0.081845,180,0,0,403487
0,23,8,0.5,-0.07874,180,0,0,403504
0,19,8,0.5,-0.076175,180,0,0,403523
0,15,7,0.5,-0.07415,180,0,0,403538
0,11,8,0.5,-0.072665,180,0,0,403555
0,11,8,0.5,-0.07118,180,0,0,403573
0,14,7,0.5,-0.06929,180,0,0,403587
0,19,9,0.5,-0.066725,180,0,0,403605
-1,23,10,0.5,-0.06362,180,0,0,403623
0,26,11,0.5,-0.06011,180,0,0,403637
0,16,6,0.5,-0.05795,180,0,0,403654
0,26,10,0.5,-0.05444,180,0,0,403671
-1,21,10,0.5,-0.051605,180,0,0,403688
1,17,8,0.5,-0.04931,180,0,0,403705
1,15,9,0.5,-0.047285,180,0,0,403721
0,15,9,0.5,-0.04526,180,0,0,403737
0,19,9,0.5,-0.042695,180,0,0,403754
0,22,8,0.5,-0.039725,180,0,0,403774
0,23,9,0.5,-0.03662,180,0,0,403788
0,22,11,0.5,-0.03365,180,0,0,403806
0,23,14,0.5,-0.030545,180,0,0,403823
0,22,15,0.5,-0.027575,180,0,0,403839
-3,33,20,0.5,-0.02312,180,0,0,403856
1,12,5,0.5,-0.0215,180,0,0,403871
2,28,14,0.5,-0.01772,180,0,0,403888
-1,26,9,0.5,-0.01421,180,0,0,403904
0,28,11,0.5,-0.01043,180,0,0,403923
0,26,11,0.5,-0.00692,180,0,0,403939
0,26,12,0.5,-0.00341,180,0,0,403955
0,26,15,0.5,0.0001,180,0,0,403974
0,25,15,0.5,0.003475,180,0,0,403991
0,25,15,0.5,0.00685,180,0,0,404006
0,23,15,0.5,0.009955,180,0,0,404025
0,6,4,0.5,0.010765,180,0,0,404037
0,22,14,0.5,0.013735,180,0,0,404056
0,17,13,0.5,0.01603,180,0,0,404074
0,17,13,0.5,0.018325,180,0,0,404089
0,15,13,0.5,0.02035,180,0,0,404108
0,19,14,0.5,0.022915,180,0,0,404122
0,23,13,0.5,0.02602,180,0,0,404142
0,27,11,0.5,0.029665,180,0,0,404154
0,30,11,0.5,0.033715,180,0,0,404173
3,29,12,0.5,0.03763,180,0,0,404191
-3,25,14,0.5,0.041005,180,0,0,404207
0,25,17,0.5,0.04438,180,0,0,404228
0,46,36,0.5,0.05059,180,0,0,404249
1,19,18,0.5,0.053155,180,0,0,404263
-1,22,17,0.5,0.056125,180,0,0,404275
0,23,9,0.5,0.05923,180,0,0,404288
0,27,22,0.5,0.062875,180,0,0,404307
0,33,15,0.5,0.06733,180,0,0,404323
-1,28,9,0.5,0.07111,180,0,0,404337
3,40,12,0.5,0.07651,180,0,0,404355
0,39,13,0.5,0.081775,180,0,0,404373
0,31,15,0.5,0.08596,180,0,0,404390
0,28,17,0.5,0.08974,180,0,0,404408
-2,27,16,0.5,0.093385,180,0,0,404422
1,9,6,0.5,0.0946,180,0,0,404439
5,14,13,0.5,0.09649,180,0,0,404455
-2,12,11,0.5,0.09811,180,0,0,404473
0,12,10,0.5,0.09973,180,0,0,404491
0,14,13,0.5,0.10162,180,0,0,404505
4,23,17,0.5,0.104725,180,0,0,404526
-5,33,12,0.5,0.10918,180,0,0,404538
0,41,13,0.5,0.114715,180,0,0,404555
0,44,13,0.5,0.120655,180,0,0,404572
-1,40,15,0.5,0.126055,180,0,0,404595
0,36,16,0.5,0.130915,180,0,0,404606
0,33,17,0.5,0.13537,180,0,0,404624
0,29,17,0.5,0.139285,180,0,0,404641
0,26,14,0.5,0.142795,180,0,0,404656
0,45,23,0.5,0.14887,180,0,0,404676
0,28,12,0.5,0.15265,180,0,0,404688
0,37,12,0.5,0.157645,180,0,0,404706
2,44,14,0.5,0.163585,180,0,0,404722
-4,45,11,0.5,0.16966,180,0,0,404742
0,40,13,0.5,0.17506,180,0,0,404755
0,35,16,0.5,0.179785,180,0,0,404772
0,28,18,0.5,0.183565,180,0,0,404790
0,29,18,0.5,0.18748,180,0,0,404806
4,20,19,0.5,0.19018,180,0,0,404824
3,10,16,0.5,0.19153,180,0,0,404839
-4,3,10,0.5,0.191935,180,0,0,404854
-1,-6,11,0.5,0.191125,180,0,0,404874
0,-7,11,0.5,0.19018,180,0,0,404888
0,-5,10,0.5,0.189505,180,0,0,404905
-1,-5,10,0.5,0.18883,180,0,0,404922
1,1,10,0.5,0.188965,180,0,0,404937
-4,5,9,0.5,0.18964,180,0,0,404955
0,12,11,0.5,0.19126,180,0,0,404972
0,16,12,0.5,0.19342,180,0,0,404988
-1,17,13,0.5,0.195715,180,0,0,405006
0,17,13,0.5,0.19801,180,0,0,405023
0,13,14,0.5,0.199765,180,0,0,405039
0,32,13,0.5,0.204085,180,0,0,405056
0,19,28,0.5,0.20665,180,0,0,405077
0,19,13,0.5,0.209215,180,0,0,405088
0,20,13,0.5,0.211915,180,0,0,405106
0,21,13,0.5,0.21475,180,0,0,405122
0,25,14,0.5,0.218125,180,0,0,405139
0,27,15,0.5,0.22177,180,0,0,405158
-1,23,12,0.5,0.224875,180,0,0,405172
0,21,16,0.5,0.22771,180,0,0,405188
0,19,14,0.5,0.230275,180,0,0,405205
3,16,13,0.5,0.232435,180,0,0,405224
0,18,15,0.5,0.234865,180,0,0,405238
-3,14,12,0.5,0.236755,180,0,0,405257
0,10,11,0.5,0.238105,180,0,0,405272
0,6,10,0.5,0.238915,180,0,0,405287
0,2,10,0.5,0.239185,180,0,0,405305
0,-1,12,0.5,0.23905,180,0,0,405324
0,-1,12,0.5,0.238915,180,0,0,405338
0,-1,13,0.5,0.23878,180,0,0,405356
0,5,13,0.5,0.239455,180,0,0,405372
0,8,13,0.5,0.240535,180,0,0,405388
0,10,13,0.5,0.241885,180,0,0,405407
0,13,11,0.5,0.24364,180,0,0,405422
0,14,10,0.5,0.24553,180,0,0,405438
-4,15,7,0.5,0.247555,180,0,0,405455
-4,32,13,0.5,0.251875,180,0,0,405472
0,17,21,0.5,0.25417,180,0,0,405490
0,19,15,0.5,0.256735,180,0,0,405506
0,19,16,0.5,0.2593,180,0,0,405524
-1,18,18,0.5,0.26173,180,0,0,405540
-1,14,18,0.5,0.26362,180,0,0,405558
0,13,20,0.5,0.265375,180,0,0,405574
0,15,20,0.5,0.2674,180,0,0,405589
0,19,20,0.5,0.269965,180,0,0,405607
-1,22,18,0.5,0.272935,180,0,0,405625
3,23,20,0.5,0.27604,180,0,0,405641
-5,24,15,0.5,0.27928,180,0,0,405656
0,28,19,0.5,0.28306,180,0,0,405674
0,27,16,0.5,0.286705,180,0,0,405689
-1,27,16,0.5,0.29035,180,0,0,405706
0,21,13,0.5,0.293185,180,0,0,405722
0,20,12,0.5,0.295885,180,0,0,405738
3,20,15,0.5,0.298585,180,0,0,405755
-4,21,15,0.5,0.30142,180,0,0,405773
0,23,17,0.5,0.304525,180,0,0,405790
0,23,19,0.5,0.30763,180,0,0,405806
0,27,19,0.5,0.311275,180,0,0,405824
0,26,17,0.5,0.314785,180,0,0,405840
-6,51,16,0.5,0.32167,180,0,0,405856
1,26,25,0.5,0.32518,180,0,0,405875
0,24,7,0.5,0.32842,180,0,0,405887
0,18,24,0.5,0.33085,180,0,0,405908
-5,15,11,0.5,0.332875,180,0,0,405922
-3,11,11,0.5,0.33436,180,0,0,405938
0,9,15,0.5,0.335575,180,0,0,405956
2,8,17,0.5,0.336655,180,0,0,405973
-4,5,17,0.5,0.33733,180,0,0,405989
0,8,21,0.5,0.33841,180,0,0,406007
-1,12,21,0.5,0.34003,180,0,0,406024
0,17,20,0.5,0.342325,180,0,0,406043
-1,19,19,0.5,0.34489,180,0,0,406057
0,19,17,0.5,0.347455,180,0,0,406072
0,19,15,0.5,0.35002,180,0,0,406091
0,19,15,0.5,0.352585,180,0,0,406105
-5,20,14,0.5,0.355285,180,0,0,406124
0,20,16,0.5,0.357985,180,0,0,406142
0,19,18,0.5,0.36055,180,0,0,406158
0,15,20,0.5,0.362575,180,0,0,406173
0,12,20,0.5,0.364195,180,0,0,406192
-6,7,19,0.5,0.36514,180,0,0,406207
0,5,22,0.5,0.365815,180,0,0,406226
0,-4,15,0.5,0.365275,180,0,0,406242
0,3,18,0.5,0.36568,180,0,0,406257
4,27,33,0.5,0.369325,180,0,0,406279
0,22,19,0.5,0.372295,180,0,0,406292
-3,23,18,0.5,0.3754,180,0,0,406308
1,24,18,0.5,0.37864,180,0,0,406325
0,19,17,0.5,0.381205,180,0,0,406341
-1,22,20,0.5,0.384175,180,0,0,406358
2,17,22,0.5,0.38647,180,0,0,406374
1,14,24,0.5,0.38836,180,0,0,406393
0,3,9,0.5,0.388765,180,0,0,406405
0,7,4,0.5,0.38971,180,0,0,406420
0,20,18,0.5,0.39241,180,0,0,406439
-3,23,17,0.5,0.395515,180,0,0,406464
-4,25,15,0.5,0.39889,180,0,0,406482
0,27,18,0.5,0.402535,180,0,0,406495
0,27,18,0.5,0.40618,180,0,0,406507
-4,25,16,0.5,0.409555,180,0,0,406523
0,23,18,0.5,0.41266,180,0,0,406541
0,18,17,0.5,0.41509,180,0,0,406562
0,16,15,0.5,0.41725,180,0,0,406573
-5,2,0,0.5,0.41752,180,0,0,406585
-1,14,3,0.5,0.41941,180,0,0,406606
0,0,14,0.5,0.41941,180,0,0,406624
-1,23,20,0.5,0.422515,180,0,0,406639
0,24,19,0.5,0.425755,180,0,0,406658
-3,57,32,0.5,0.43345,180,0,0,406679
0,29,14,0.5,0.437365,180,0,0,406692
0,27,15,0.5,0.44101,180,0,0,406709
0,23,15,0.5,0.444115,180,0,0,406724
-4,22,12,0.5,0.447085,180,0,0,406738
0,18,15,0.5,0.449515,180,0,0,406757
0,10,12,0.5,0.450865,180,0,0,406773
0,6,12,0.5,0.451675,180,0,0,406793
2,0,16,0.5,0.451675,180,0,0,406809
-2,0,12,0.5,0.451675,180,0,0,406823
-1,0,15,0.5,0.451675,180,0,0,406838
0,0,15,0.5,0.451675,180,0,0,406855
0,2,17,0.5,0.451945,180,0,0,406874
1,11,18,0.5,0.45343,180,0,0,406889
-1,19,15,0.5,0.455995,180,0,0,406908
0,26,17,0.5,0.459505,180,0,0,406923
0,29,16,0.5,0.46342,180,0,0,406943
-1,27,17,0.5,0.467065,180,0,0,406956
2,22,16,0.5,0.470035,180,0,0,406973
-3,20,19,0.5,0.472735,180,0,0,406991
-1,19,20,0.5,0.4753,180,0,0,407007
-1,17,18,0.5,0.477595,180,0,0,407025
0,14,18,0.5,0.479485,180,0,0,407040
0,15,22,0.5,0.48151,180,0,0,407061
-1,0,29,0.5,0.48151,180,0,0,407079
2,3,23,0.5,0.481915,180,0,0,407092
0,7,20,0.5,0.48286,180,0,0,407107
-1,12,18,0.5,0.48448,180,0,0,407126
0,18,18,0.5,0.48691,180,0,0,407141
0,21,20,0.5,0.489745,180,0,0,407157
0,21,20,0.5,0.49258,180,0,0,407174
2,22,22,0.5,0.49555,180,0,0,407192
0,22,20,0.5,0.49852,180,0,0,407208
0,19,21,0.5,0.501085,180,0,0,407226
0,15,18,0.5,0.50311,180,0,0,407241
-2,10,17,0.5,0.50446,180,0,0,407260
0,10,17,0.5,0.50581,180,0,0,407274
0,8,18,0.5,0.50689,180,0,0,407289
0,7,21,0.5,0.507835,180,0,0,407307
0,8,21,0.5,0.508915,180,0,0,407324
0,13,19,0.5,0.51067,180,0,0,407342
0,17,16,0.5,0.512965,180,0,0,407357
0,21,14,0.5,0.5158,180,0,0,407374
-1,24,14,0.5,0.51904,180,0,0,407389
0,24,15,0.5,0.52228,180,0,0,407406
0,26,16,0.5,0.52579,180,0,0,407426
-2,24,16,0.5,0.52903,180,0,0,407441
2,22,18,0.5,0.532,180,0,0,407457
0,37,33,0.5,0.536995,180,0,0,407477
0,15,16,0.5,0.53902,180,0,0,407492
-2,15,14,0.5,0.541045,180,0,0,407507
0,14,17,0.5,0.542935,180,0,0,407524
-1,14,20,0.5,0.544825,180,0,0,407543
0,12,21,0.5,0.546445,180,0,0,407560
2,14,22,0.5,0.548335,180,0,0,407575
0,17,19,0.5,0.55063,180,0,0,407592
1,22,19,0.5,0.5536,180,0,0,407607
-6,23,13,0.5,0.556705,180,0,0,407625
-1,24,15,0.5,0.559945,180,0,0,407640
0,21,15,0.5,0.56278,180,0,0,407658
0,19,16,0.5,0.565345,180,0,0,407676
-1,18,16,0.5,0.567775,180,0,0,407693
0,34,34,0.5,0.572365,180,0,0,407720
0,17,19,0.5,0.57466,180,0,0,407733
0,0,0,0.5,0.57466,180,0,0,407739
-2,15,21,0.5,0.576685,180,0,0,407757
3,12,24,0.5,0.578305,180,0,0,407776
-4,13,23,0.5,0.58006,180,0,0,407792
5,12,24,0.5,0.58168,180,0,0,407809
1,15,22,0.5,0.583705,180,0,0,407826
0,17,21,0.5,0.586,180,0,0,407840
-1,20,21,0.5,0.5887,180,0,0,407856
-5,47,32,0.5,0.595045,180,0,0,407878
0,21,28,0.5,0.59788,180,0,0,407893
0,20,20,0.5,0.60058,180,0,0,407906
-8,19,15,0.5,0.603145,180,0,0,407925
0,16,20,0.5,0.605305,180,0,0,407941
0,10,19,0.5,0.606655,180,0,0,407956
0,8,22,0.5,0.607735,180,0,0,407976
0,9,22,0.5,0.60895,180,0,0,407990
0,11,21,0.5,0.610435,180,0,0,408007
0,15,18,0.5,0.61246,180,0,0,408026
-1,14,15,0.5,0.61435,180,0,0,408041
0,18,14,0.5,0.61678,180,0,0,408055
0,17,14,0.5,0.619075,180,0,0,408072
0,17,15,0.5,0.62137,180,0,0,408088
-1,17,16,0.5,0.623665,180,0,0,408105
-2,14,16,0.5,0.625555,180,0,0,408126
0,12,15,0.5,0.627175,180,0,0,408141
0,13,16,0.5,0.62893,180,0,0,408155
2,16,18,0.5,0.63109,180,0,0,408175
0,18,17,0.5,0.63352,180,0,0,408190
-7,18,14,0.5,0.63595,180,0,0,408206
0,19,20,0.5,0.638515,180,0,0,408225
0,17,20,0.5,0.64081,180,0,0,408240
0,15,21,0.5,0.642835,180,0,0,408256
1,39,35,0.5,0.6481,180,0,0,408277
-5,26,27,0.5,0.65161,180,0,0,408293
0,28,20,0.5,0.65539,180,0,0,408310
0,30,22,0.5,0.65944,180,0,0,408327
0,29,20,0.5,0.663355,180,0,0,408341
-2,32,21,0.5,0.667675,180,0,0,408357
-1,28,20,0.5,0.671455,180,0,0,408374
0,28,23,0.5,0.675235,180,0,0,408399
-1,28,23,0.5,0.679015,180,0,0,408412
0,27,23,0.5,0.68266,180,0,0,408424
3,29,24,0.5,0.686575,180,0,0,408441
-1,30,23,0.5,0.690625,180,0,0,408457
1,34,24,0.5,0.695215,180,0,0,408477
2,5,10,0.5,0.69589,180,0,0,408488
-1,36,24,0.5,0.70075,180,0,0,408507
-1,32,22,0.5,0.70507,180,0,0,408524
-1,31,23,0.5,0.709255,180,0,0,408540
0,24,23,0.5,0.71,180,0,0,408563
